nNodes=100;
 nPairs=2426;
Cost=

101  0  0  0  101  101  101  101  0  0  0  0  0  101  101  101  101  101  0  101  101  0  101  0  0  0  101  0  0  101  0  0  0  0  0  101  0  0  101  0  0  0  0  0  101  101  0  101  101  0  101  0  0  0  0  101  0  0  0  0  0  101  0  0  0  101  0  101  101  101  101  101  0  101  101  101  101  0  0  0  101  101  101  101  0  101  101  0  0  101  101  0  101  0  101  0  0  0  101  101  

0  101  0  101  0  0  0  0  0  0  0  101  101  101  101  0  0  101  0  0  0  101  0  0  101  0  101  101  0  0  101  0  0  0  0  101  0  0  101  101  101  101  101  101  101  101  0  101  0  101  101  101  0  0  0  0  101  0  0  0  0  0  101  0  101  101  0  101  0  0  0  101  101  0  0  0  101  0  0  101  0  101  101  0  101  101  101  101  101  101  0  0  0  101  101  0  101  101  0  0  

0  0  101  101  101  101  101  0  0  0  0  101  101  101  101  101  0  0  0  101  101  101  0  0  101  0  0  101  0  101  0  0  0  0  0  101  101  0  101  0  0  0  101  0  101  101  101  101  0  0  0  0  101  0  101  101  101  101  101  0  0  0  0  101  101  101  101  0  101  0  0  0  0  0  101  0  101  0  0  0  101  0  0  101  101  101  101  101  101  0  101  0  101  101  101  101  0  0  0  101  

0  101  101  101  0  0  0  101  0  101  101  101  101  101  0  101  0  101  101  0  0  101  0  101  0  0  0  0  0  0  0  0  101  0  0  0  101  101  0  101  0  101  0  0  101  101  0  0  101  0  101  0  0  101  101  101  101  0  0  101  0  101  0  101  101  101  101  0  0  0  101  0  0  101  0  0  0  101  101  0  0  101  101  101  0  0  101  0  101  0  101  0  101  101  101  101  101  101  0  101  

101  0  101  0  101  101  101  0  101  0  0  0  101  101  0  101  0  0  0  0  0  0  0  0  101  101  0  0  101  101  101  0  101  101  0  0  101  101  101  0  101  101  0  0  101  0  101  101  101  0  0  101  101  0  101  101  0  101  0  0  101  101  0  0  0  101  101  0  0  101  0  0  0  101  0  101  101  101  101  0  0  0  0  101  0  0  101  101  0  101  101  0  101  101  101  0  101  101  101  101  

101  0  101  0  101  101  0  0  0  0  101  0  101  0  101  101  0  0  0  0  101  101  101  0  0  0  101  0  0  101  0  101  101  101  101  0  0  0  101  0  0  101  101  101  0  101  101  0  101  0  101  0  0  101  0  101  101  101  0  101  0  101  0  0  101  101  101  0  101  101  0  101  101  101  0  0  0  101  0  0  0  0  0  0  101  0  0  101  101  0  0  0  0  101  101  0  101  101  0  101  

101  0  101  0  101  0  101  101  101  0  0  101  101  0  101  101  0  0  101  101  101  101  101  101  0  0  0  101  101  0  0  0  101  101  0  0  101  0  101  101  101  101  0  101  101  0  101  0  0  101  101  101  101  0  0  0  0  0  0  0  101  0  101  0  0  101  101  101  0  101  0  101  101  101  0  0  0  101  101  101  0  0  101  101  0  101  101  0  0  101  0  101  101  0  0  101  101  0  0  101  

101  0  0  101  0  0  101  101  0  0  101  101  0  0  0  0  0  0  0  101  0  0  0  0  0  101  0  0  101  0  101  101  101  101  101  101  101  101  101  0  0  0  101  0  101  101  101  0  0  0  101  0  101  0  101  101  101  101  101  101  0  101  101  101  101  101  0  0  101  101  0  0  101  101  101  101  0  101  101  101  0  101  0  101  0  0  0  0  0  101  101  0  0  101  101  101  0  0  101  0  

0  0  0  0  101  0  101  0  101  0  101  101  0  101  101  101  0  101  101  0  101  0  101  0  0  101  0  101  0  0  0  0  101  0  101  101  101  0  0  101  0  101  101  101  0  101  0  101  0  0  101  101  101  101  0  0  0  0  0  0  101  0  101  0  101  0  0  0  0  101  101  101  0  0  0  101  0  0  0  101  101  0  101  101  0  0  0  101  101  101  101  0  0  0  101  0  101  0  0  0  

0  0  0  101  0  0  0  0  0  101  101  101  0  0  0  0  0  101  0  0  101  0  0  0  0  0  0  0  101  0  101  101  101  101  0  101  0  0  0  101  101  0  101  0  101  101  101  0  0  0  101  101  0  0  101  0  101  0  101  0  0  101  0  0  101  101  0  0  0  101  101  101  101  0  101  0  0  0  101  101  0  0  101  0  0  101  0  0  101  0  0  0  101  0  101  0  0  0  101  101  

0  0  0  101  0  101  0  101  101  101  101  0  0  101  0  101  0  0  101  0  0  0  0  101  0  0  101  0  0  101  101  0  0  0  0  101  0  101  0  0  101  0  101  101  101  101  101  101  0  0  101  0  101  0  0  101  0  101  101  101  0  0  101  101  0  0  101  0  0  101  101  0  0  0  0  101  0  101  0  101  101  0  101  0  101  101  0  0  101  101  0  101  101  101  101  101  101  0  0  0  

0  101  101  101  0  0  101  101  101  101  0  101  101  0  101  101  0  0  0  101  0  0  0  101  101  0  0  101  101  0  101  101  0  101  101  101  0  0  101  101  0  0  0  101  101  101  0  0  0  0  0  0  101  101  101  0  101  101  101  0  101  0  101  0  0  0  101  101  101  0  0  0  0  101  101  0  101  0  0  101  0  0  0  0  0  101  101  0  101  101  0  0  0  101  0  101  0  101  0  101  

0  101  101  101  101  101  101  0  0  0  0  101  101  0  0  0  0  101  0  101  101  0  101  101  0  0  0  101  0  0  0  0  0  101  0  101  0  101  0  0  101  101  0  101  101  0  0  0  0  101  101  101  0  0  101  0  101  101  101  0  101  101  101  0  101  0  0  0  101  0  101  0  101  101  0  101  0  101  101  0  101  0  101  101  0  101  101  0  101  101  0  0  0  0  0  0  101  101  0  0  

101  101  101  101  101  0  0  0  101  0  101  0  0  101  101  101  101  0  101  101  101  101  0  0  101  0  101  101  0  0  0  101  101  0  0  0  0  101  101  0  101  101  101  0  101  101  101  0  0  101  0  0  0  101  0  101  0  101  101  0  101  0  101  0  101  0  0  0  0  0  0  0  0  101  0  101  101  0  0  0  101  0  101  101  101  0  101  0  101  0  101  101  101  0  101  0  0  101  0  0  

101  101  101  0  0  101  101  0  101  0  0  101  0  101  101  0  101  0  0  0  101  101  0  0  0  0  101  0  101  0  0  0  101  101  0  101  0  0  0  0  0  101  0  101  0  101  101  101  0  0  101  0  101  0  101  101  0  101  0  101  0  0  0  101  0  0  0  0  0  101  0  0  0  0  0  101  0  101  101  0  101  101  101  0  101  101  0  0  101  0  101  0  101  0  0  0  0  0  101  101  

101  0  101  101  101  101  101  0  101  0  101  101  0  101  0  101  101  0  0  101  0  0  101  101  101  0  101  101  0  0  0  101  101  101  101  101  101  0  101  101  101  0  0  0  0  101  0  101  101  0  0  101  0  0  101  0  0  0  0  101  101  101  101  101  101  0  101  101  101  0  101  0  0  101  0  101  0  101  0  101  101  0  0  0  101  0  101  101  101  101  0  0  101  0  101  0  101  0  0  0  

101  0  0  0  0  0  0  0  0  0  0  0  0  101  101  101  101  0  101  101  101  101  0  0  0  101  0  101  0  0  101  101  101  0  101  0  101  0  0  101  0  0  101  0  101  0  101  101  101  101  101  0  101  0  101  0  0  101  101  101  0  101  0  101  0  0  101  101  0  0  101  101  101  101  101  101  0  101  0  101  101  101  0  0  0  0  101  101  0  0  101  0  101  0  0  101  0  101  0  0  

101  101  0  101  0  0  0  0  101  101  0  0  101  0  0  0  0  101  0  101  0  101  101  0  0  0  0  0  0  0  0  101  0  0  0  101  101  101  0  0  0  0  0  0  0  101  0  0  0  0  101  0  0  0  101  0  101  0  101  0  0  0  101  101  101  101  101  101  101  101  101  101  101  0  0  101  0  0  101  101  101  0  0  101  101  0  0  0  101  101  101  101  0  101  101  101  0  0  0  101  

0  0  0  101  0  0  101  0  101  0  101  0  0  101  0  0  101  0  101  101  101  0  0  101  101  0  101  0  0  0  101  101  0  0  0  0  101  101  0  0  0  0  0  101  0  101  0  101  101  0  101  101  101  101  101  101  0  0  101  101  0  0  101  101  101  101  101  0  101  0  101  0  0  0  0  0  101  101  101  101  0  101  101  101  101  0  101  0  101  101  0  0  0  0  101  101  0  0  101  0  

101  0  101  0  0  0  101  101  0  0  0  101  101  101  0  101  101  101  101  101  101  0  101  0  0  0  0  0  101  0  0  0  101  0  101  0  101  101  101  0  101  0  0  0  0  0  0  101  0  101  101  101  101  101  0  101  0  101  101  0  0  0  0  0  101  0  0  101  0  0  0  0  101  0  101  0  0  0  0  101  0  0  0  101  101  101  0  0  0  0  101  0  0  101  0  0  101  101  101  0  

101  0  101  0  0  101  101  0  101  101  0  0  101  101  101  0  101  0  101  101  101  0  101  101  101  0  101  0  0  0  0  0  101  101  101  0  101  0  0  0  101  101  0  0  0  101  101  0  0  0  101  0  0  101  0  0  0  0  0  101  101  0  0  0  0  0  101  0  0  101  101  101  0  101  0  101  0  101  101  101  101  101  101  101  0  101  0  0  101  0  0  0  101  101  101  101  101  0  101  0  

0  101  101  101  0  101  101  0  0  0  0  0  0  101  101  0  101  101  0  0  0  101  101  0  0  101  101  0  0  101  101  101  0  101  0  0  101  0  101  0  101  101  101  101  101  0  101  101  101  101  0  0  101  0  101  101  0  0  0  101  101  0  101  101  0  101  0  0  0  101  101  0  0  101  101  101  101  101  0  101  101  101  101  0  0  0  0  0  101  101  101  0  101  0  101  101  101  101  101  101  

101  0  0  0  0  101  101  0  101  0  0  0  101  0  0  101  0  101  0  101  101  101  101  101  0  0  101  0  101  0  0  0  0  101  0  101  0  101  101  0  101  101  0  101  101  101  101  0  101  101  0  0  101  0  101  101  0  0  101  101  101  0  0  0  101  0  0  101  101  0  101  0  101  0  0  101  0  0  101  0  0  0  0  101  101  101  0  0  101  101  0  0  0  0  0  101  101  101  101  101  

0  0  0  101  0  0  101  0  0  0  101  101  101  0  0  101  0  0  101  0  101  0  101  101  101  101  101  0  101  0  101  101  101  101  101  0  0  0  101  0  101  0  0  101  0  0  101  101  0  0  101  0  101  101  101  101  101  0  101  101  0  101  0  0  101  0  0  0  0  101  101  101  101  0  101  0  0  101  0  101  101  101  101  101  101  0  0  0  101  101  0  101  0  0  101  0  101  101  0  101  

0  101  101  0  101  0  0  0  0  0  0  101  0  101  0  101  0  0  101  0  101  0  0  101  101  0  101  0  101  101  0  101  0  0  101  101  101  101  101  0  101  0  101  101  101  0  101  101  101  101  101  0  0  101  101  0  0  0  0  0  0  0  0  0  0  101  0  101  101  101  0  101  0  101  101  0  101  101  0  101  0  101  101  0  101  101  101  101  0  0  101  0  0  0  0  0  0  0  101  0  

0  0  0  0  101  0  0  101  101  0  0  0  0  0  0  0  101  0  0  0  0  101  0  101  0  101  0  0  101  101  0  101  0  101  0  101  101  0  101  0  101  101  101  0  0  101  101  0  101  0  0  0  101  101  101  101  101  0  0  0  101  101  0  0  0  0  101  101  0  101  101  0  0  101  0  101  101  0  0  101  101  0  101  101  101  0  0  101  0  101  0  101  0  101  101  0  101  101  0  0  

101  101  0  0  0  101  0  0  0  0  101  0  0  101  101  101  0  0  101  0  101  101  101  101  101  0  101  101  101  0  0  101  101  0  0  101  0  0  101  101  101  0  0  101  0  101  0  101  0  0  101  101  101  0  0  101  0  101  101  101  0  0  0  0  101  101  101  101  0  101  101  0  0  101  0  0  101  0  101  0  101  0  101  101  101  0  0  0  101  101  0  0  101  0  0  0  101  101  101  101  

0  101  101  0  0  0  101  0  101  0  0  101  101  101  0  101  101  0  0  0  0  0  0  0  0  0  101  101  101  101  101  101  101  0  0  0  101  0  0  101  0  101  101  101  101  101  0  0  101  0  101  0  101  101  0  101  0  101  0  101  101  101  101  101  101  101  101  0  101  101  0  0  101  0  101  0  101  0  101  0  0  101  0  101  101  0  0  0  101  101  101  101  101  101  0  101  0  0  0  101  

0  0  0  0  101  0  101  101  0  101  0  101  0  0  101  0  0  0  0  101  0  0  101  101  101  101  101  101  101  101  0  0  0  101  0  0  0  0  0  0  101  101  101  0  0  0  0  101  0  0  101  101  0  101  0  101  0  0  0  0  101  101  0  101  0  0  0  0  101  101  101  101  101  101  101  101  0  0  101  0  101  101  101  0  101  0  101  101  0  0  101  101  101  0  101  0  101  101  0  0  

101  0  101  0  101  101  0  0  0  0  101  0  0  0  0  0  0  0  0  0  0  101  0  0  101  101  0  101  101  101  101  0  101  0  101  101  101  0  0  0  0  0  0  0  0  101  101  0  101  0  101  0  0  101  101  0  101  0  0  101  0  0  101  0  0  0  0  101  101  101  101  0  101  0  0  0  0  101  101  0  101  101  0  0  0  0  0  0  101  101  101  101  0  101  101  101  101  0  101  0  

0  101  0  0  101  0  0  101  0  101  101  101  0  0  0  0  101  0  101  0  0  101  0  101  0  0  0  101  0  101  101  101  101  101  0  101  101  101  101  0  0  0  0  101  0  0  101  0  0  101  101  0  101  0  101  0  101  101  101  0  0  0  101  0  0  0  0  0  101  101  101  101  0  101  0  101  0  101  101  101  0  101  0  101  101  0  101  0  0  101  101  101  101  101  0  101  0  101  0  101  

0  0  0  0  0  101  0  101  0  101  0  101  0  101  0  101  101  101  101  0  0  101  0  101  101  101  101  101  0  0  101  101  101  0  101  101  101  101  101  0  0  101  101  0  0  101  101  0  101  101  101  0  101  101  0  0  0  101  0  0  0  101  0  0  0  0  101  101  0  0  0  0  101  101  101  101  0  0  101  101  101  0  0  0  101  101  0  0  101  0  0  0  101  101  0  101  0  101  101  0  

0  0  0  101  101  101  101  101  101  101  0  0  0  101  101  101  101  0  0  101  101  0  0  101  0  0  101  101  0  101  101  101  101  101  0  0  0  101  0  0  101  101  0  101  0  0  0  101  0  0  0  0  0  101  0  0  0  101  0  0  0  101  101  101  101  0  0  0  0  0  0  101  0  0  101  101  0  101  0  101  0  0  101  0  101  0  101  101  101  0  0  0  101  101  101  101  101  0  101  101  

0  0  0  0  101  101  101  101  0  101  0  101  101  0  101  101  0  0  0  0  101  101  101  101  0  101  0  0  101  0  101  0  101  101  101  101  0  101  101  101  0  0  101  101  0  0  101  101  0  0  0  0  101  101  0  101  0  101  0  101  0  0  101  0  0  0  0  0  0  101  0  0  0  0  0  0  0  101  101  0  101  0  101  0  101  101  101  0  0  101  101  101  0  0  0  101  0  0  0  101  

0  0  0  0  0  101  0  101  101  0  0  101  0  0  0  101  101  0  0  101  101  0  0  101  101  0  0  0  0  101  0  101  0  101  101  0  0  0  0  0  0  0  0  0  101  101  101  101  0  0  0  101  101  0  101  0  101  101  101  0  0  0  101  0  101  101  0  0  101  101  101  0  101  0  101  101  101  0  101  101  101  0  101  0  101  101  0  0  0  0  0  101  101  101  0  101  101  0  0  101  

101  101  101  0  0  0  0  101  101  101  101  101  101  0  101  101  0  101  0  0  0  0  101  0  101  101  101  0  0  101  101  101  0  101  0  101  101  0  0  0  0  0  101  101  101  0  0  0  101  0  0  101  101  101  101  101  101  0  101  0  0  0  0  101  101  0  0  101  0  101  101  101  101  101  101  0  0  0  0  0  0  101  0  0  101  101  101  101  0  101  101  0  101  101  101  0  101  0  0  0  

0  0  101  101  101  0  101  101  101  0  0  0  0  0  0  101  101  101  101  101  101  101  0  0  101  101  0  101  0  101  101  101  0  0  0  101  101  101  0  0  0  101  101  101  0  0  0  0  0  0  101  101  0  0  0  0  101  101  101  101  0  101  101  0  101  0  0  0  101  0  101  101  101  0  101  101  0  0  101  0  101  0  0  0  101  0  101  101  0  0  0  0  0  0  0  101  0  101  101  0  

0  0  0  101  101  0  0  101  0  0  101  0  101  101  0  0  0  101  101  101  0  0  101  0  101  0  0  0  0  0  101  101  101  101  0  0  101  101  101  101  0  101  0  0  101  101  0  0  0  0  101  101  101  101  0  101  0  101  0  0  0  0  0  0  101  0  101  101  101  101  101  0  101  101  101  101  101  0  0  101  101  0  0  0  0  0  0  0  101  0  101  0  0  101  101  0  0  101  101  101  

101  101  101  0  101  101  101  101  0  0  0  101  0  101  0  101  0  0  0  101  0  101  101  101  101  101  101  0  0  0  101  101  0  101  0  0  0  101  101  0  101  0  101  101  0  101  0  0  0  101  101  101  101  101  0  0  101  101  0  0  0  0  101  0  101  101  0  0  0  101  101  0  0  0  101  0  101  101  0  0  0  101  101  0  0  101  0  0  0  0  0  0  101  101  101  0  0  0  101  0  

0  101  0  101  0  0  101  0  101  101  0  101  0  0  0  101  101  0  0  0  0  0  0  0  0  0  101  101  0  0  0  0  0  101  0  0  0  101  0  101  101  0  101  0  101  0  101  101  0  101  0  101  101  0  0  101  0  0  0  101  101  101  101  101  0  101  101  101  0  101  0  101  0  0  0  0  101  0  0  101  0  0  101  101  0  0  101  101  0  101  0  0  0  0  101  0  101  101  0  101  

0  101  0  0  101  0  101  0  0  101  101  0  101  101  0  101  0  0  0  101  101  101  101  101  101  101  101  0  101  0  0  0  101  0  0  0  0  0  101  101  101  0  101  101  101  101  101  101  101  101  101  101  0  0  101  0  0  101  101  0  101  101  101  0  0  101  101  0  0  101  0  101  0  101  101  101  0  0  0  0  0  101  101  101  0  101  101  101  101  0  101  0  101  101  0  101  101  101  0  101  

0  101  0  101  101  101  101  0  101  0  0  0  101  101  101  0  0  0  0  0  101  101  101  0  0  101  0  101  101  0  0  101  101  0  0  0  101  101  0  0  0  101  0  101  0  101  101  101  101  101  101  0  0  0  0  101  101  0  101  101  0  0  101  0  101  101  101  0  0  0  101  0  0  0  101  101  0  101  0  0  0  0  101  0  0  101  0  0  101  101  0  0  0  0  101  0  0  0  0  101  

0  101  101  0  0  101  0  101  101  101  101  0  0  101  0  0  101  0  0  0  0  101  0  0  101  101  0  101  101  0  0  101  0  101  0  101  101  0  101  101  101  0  101  0  0  101  101  101  0  101  0  101  101  0  0  101  0  0  101  101  0  0  101  101  101  0  0  101  101  0  0  101  101  101  101  0  0  101  101  101  101  101  101  0  101  0  0  101  101  101  101  101  0  0  0  0  101  101  101  101  

0  101  0  0  0  101  101  0  101  0  101  101  101  0  101  0  0  0  101  0  0  101  101  101  101  0  101  101  0  0  101  0  101  101  0  101  101  0  101  0  101  101  0  101  0  0  101  0  0  101  0  0  101  101  101  0  0  0  0  0  0  0  101  101  0  0  101  0  0  0  101  0  101  101  0  0  101  101  0  101  0  101  0  0  0  101  101  101  101  0  0  0  0  0  0  0  0  101  0  101  

101  101  101  101  101  0  101  101  0  101  101  101  101  101  0  0  101  0  0  0  0  101  101  0  101  0  0  101  0  0  0  0  0  0  101  101  0  101  0  101  101  0  0  0  101  0  101  0  101  101  101  101  101  101  0  101  101  0  101  0  0  0  0  101  101  0  0  0  101  0  101  101  101  101  0  101  0  101  101  101  101  0  101  101  0  101  101  101  101  101  0  0  0  0  0  101  101  101  101  0  

101  101  101  101  0  101  0  101  101  101  101  101  0  101  101  101  0  101  101  0  101  0  101  0  0  101  101  101  0  101  0  101  0  0  101  0  0  101  101  0  101  101  101  0  0  101  0  101  101  0  101  101  101  101  0  0  101  0  0  0  101  0  101  101  101  0  0  0  0  0  0  101  101  0  101  101  101  0  101  0  101  101  101  101  0  0  101  101  0  101  0  101  0  101  0  0  101  101  0  101  

0  0  101  0  101  101  101  101  0  101  101  0  0  101  101  0  101  0  0  0  101  101  101  101  101  101  0  0  0  101  101  101  0  101  101  0  0  0  0  101  101  101  101  101  101  0  101  101  101  101  0  0  0  0  101  101  101  101  101  0  0  101  101  0  101  0  101  101  0  0  0  0  0  101  0  101  101  0  0  101  0  101  101  101  0  0  0  0  0  101  101  0  101  0  0  0  0  101  101  101  

101  101  101  0  101  0  0  0  101  0  101  0  0  0  101  101  101  0  101  101  0  101  0  101  101  0  101  0  101  0  0  0  101  101  101  0  0  0  0  101  101  101  101  0  0  101  101  101  0  0  0  0  0  101  0  101  101  101  101  0  101  101  0  0  101  101  0  101  0  0  0  101  0  0  101  0  101  101  0  101  0  101  101  0  101  101  0  101  101  0  0  0  0  101  0  101  101  101  0  0  

101  0  0  101  101  101  0  0  0  0  0  0  0  0  0  101  101  0  101  0  0  101  101  0  101  101  0  101  0  101  0  101  0  0  0  101  0  0  0  0  101  101  0  0  101  101  101  0  101  101  101  0  101  101  101  101  0  0  101  101  0  101  101  101  101  101  0  0  0  0  101  0  101  0  101  101  101  0  0  0  0  101  0  101  0  101  101  0  0  0  0  0  0  101  101  101  0  101  0  0  

0  101  0  0  0  0  101  0  0  0  0  0  101  101  0  0  101  0  0  101  0  101  101  0  101  0  0  0  0  0  101  101  0  0  0  0  0  0  101  101  101  101  101  101  101  0  101  0  101  101  101  101  0  101  101  0  0  0  101  101  0  101  101  101  0  101  101  101  101  101  101  0  0  101  0  0  0  0  0  0  0  101  0  101  0  101  0  101  101  0  101  0  101  0  101  0  101  0  101  0  

101  101  0  101  0  101  101  101  101  101  101  0  101  0  101  0  101  101  101  101  101  0  0  101  101  0  101  101  101  101  101  101  0  0  0  0  101  101  101  0  101  101  0  0  101  101  0  0  101  101  101  0  0  0  101  101  101  101  0  0  101  0  0  101  0  0  101  101  0  0  101  0  0  0  0  101  101  101  0  101  0  101  0  0  101  101  101  101  0  101  0  0  101  0  0  101  101  0  101  0  

0  101  0  0  101  0  101  0  101  101  0  0  101  0  0  101  0  0  101  101  0  0  0  0  0  0  101  0  101  0  0  0  0  0  101  101  101  101  101  101  101  0  101  0  101  101  0  0  0  101  0  101  0  101  0  0  101  101  0  0  101  0  101  0  0  0  101  101  101  101  0  101  0  0  0  101  0  0  101  0  0  101  101  0  101  0  101  101  101  0  0  101  101  0  0  101  101  0  0  101  

0  0  101  0  101  0  101  101  101  0  101  101  0  0  101  0  101  0  101  101  0  101  101  101  0  101  101  101  0  0  101  101  0  101  101  101  0  101  101  101  0  0  101  101  101  101  0  0  101  0  0  0  101  101  101  101  0  0  101  101  0  0  0  0  101  0  101  0  101  101  0  101  101  0  0  101  0  0  101  0  101  0  101  0  0  0  0  0  0  101  0  0  0  101  0  0  101  101  0  0  

0  0  0  101  0  101  0  0  101  0  0  101  0  101  0  0  0  0  101  101  101  0  0  101  101  101  0  101  101  101  0  101  101  101  0  101  0  101  101  0  0  0  0  101  101  101  0  101  101  101  0  101  101  101  0  0  0  0  0  0  0  0  0  101  0  0  0  101  0  0  0  0  0  0  0  101  0  101  0  101  0  101  0  101  0  0  101  0  101  0  0  101  101  101  0  0  0  0  0  101  

0  0  101  101  101  0  0  101  0  101  0  101  101  0  101  101  101  101  101  0  0  101  101  101  101  101  0  0  0  101  101  0  0  0  101  101  0  0  0  0  101  0  0  101  0  0  101  0  101  101  101  0  101  0  101  101  101  101  101  101  101  0  101  0  0  101  0  101  0  101  101  0  0  101  101  0  101  101  0  101  0  101  101  0  101  101  101  0  101  0  0  0  0  0  101  0  101  101  101  0  

101  0  101  101  101  101  0  101  0  0  101  0  0  101  101  0  0  0  101  101  0  101  101  101  0  101  101  101  101  0  0  0  0  101  0  101  0  101  0  101  0  101  101  0  101  0  101  101  101  0  101  0  101  0  101  101  0  0  101  101  0  101  0  101  101  0  0  101  101  0  0  0  101  101  0  101  101  0  0  101  0  101  0  101  101  0  0  0  101  0  0  101  101  101  101  101  0  0  101  0  

0  101  101  101  0  101  0  101  0  101  0  101  101  0  0  0  0  101  0  0  0  0  0  101  0  101  0  0  0  101  101  0  0  0  101  101  101  0  101  0  0  101  0  0  101  101  101  101  0  0  101  101  0  0  101  0  101  101  101  0  101  101  0  0  0  101  101  0  101  0  101  0  0  0  0  101  101  0  0  101  101  0  0  0  0  101  101  101  101  0  0  101  0  0  101  0  101  101  0  101  

0  0  101  0  101  101  0  101  0  0  101  101  101  101  101  0  101  0  0  101  0  0  0  0  0  0  101  101  0  0  101  101  101  101  101  0  101  101  101  0  101  0  0  0  0  0  101  101  0  0  101  101  0  0  101  0  101  101  0  101  0  0  0  0  101  0  0  0  0  0  101  101  101  101  0  101  101  101  0  101  101  0  101  0  101  101  101  101  101  101  0  0  101  0  0  101  0  101  101  0  

0  0  101  0  0  0  0  101  0  101  101  101  101  101  0  0  101  101  101  101  0  0  101  101  0  0  101  0  0  0  101  0  0  0  101  101  101  0  0  0  101  101  101  0  101  0  101  101  101  101  0  0  101  0  101  101  101  0  101  101  101  0  0  101  0  101  101  101  0  101  101  101  101  0  101  0  0  0  0  0  0  0  0  101  101  101  0  0  101  101  101  101  0  0  0  101  0  0  0  0  

0  0  0  101  0  101  0  101  0  0  101  0  0  0  101  101  101  0  101  0  101  101  101  101  0  0  101  101  0  101  0  0  0  101  0  0  101  0  0  101  0  101  101  0  0  0  0  0  101  101  0  0  101  0  101  101  0  101  101  101  0  0  101  0  101  101  0  0  101  101  101  101  0  101  101  0  101  101  101  0  101  101  0  0  0  101  101  0  101  0  101  101  0  0  101  101  101  0  101  0  

0  0  0  0  101  0  101  0  101  0  0  101  101  101  0  101  0  0  0  0  101  101  101  0  0  101  0  101  101  0  0  0  0  0  0  0  0  0  0  101  101  0  0  0  0  101  0  101  0  0  101  101  0  0  101  0  101  0  101  0  101  101  0  101  0  0  101  0  101  0  0  0  0  0  101  0  0  101  0  0  0  0  0  0  0  0  0  101  101  101  101  0  0  101  101  0  101  101  0  101  

101  0  0  101  101  101  0  101  0  101  0  0  101  0  0  101  101  0  0  0  0  0  0  101  0  101  0  101  101  0  0  101  101  0  0  0  101  0  0  101  101  0  0  0  0  0  101  101  101  101  0  0  0  0  0  101  101  0  0  0  101  101  101  0  0  0  0  101  0  0  101  101  101  101  101  0  101  101  101  0  0  0  0  101  101  101  0  0  0  101  0  0  0  101  101  101  101  0  0  0  

0  101  0  0  0  0  101  101  101  0  101  101  101  101  0  101  0  101  101  0  0  101  0  0  0  0  0  101  0  101  101  0  101  101  101  0  101  0  101  101  101  101  101  101  0  101  101  0  101  101  0  101  0  0  101  0  0  0  0  101  0  101  101  0  101  101  101  0  0  101  0  101  0  101  101  0  101  101  101  0  101  101  101  101  101  0  0  0  0  101  101  101  0  0  0  101  0  101  101  0  

0  0  101  101  0  0  0  101  0  0  101  0  0  0  101  101  101  101  101  0  0  101  0  0  0  0  0  101  101  0  0  0  101  0  0  101  0  0  0  101  0  0  101  101  101  101  0  0  101  101  101  0  0  101  0  101  0  0  101  0  101  0  0  101  0  0  0  0  101  0  101  101  101  0  101  0  0  0  0  101  0  101  0  101  0  0  0  101  101  101  101  0  101  0  0  101  101  101  0  0  

0  101  101  101  0  101  0  101  101  101  0  0  101  101  0  101  0  101  101  101  0  0  101  101  0  0  101  101  0  0  0  0  101  0  101  101  101  101  101  0  0  101  101  0  101  101  101  101  101  0  0  0  101  0  0  101  0  101  0  101  0  0  101  0  101  101  101  101  101  101  101  0  0  0  101  101  101  101  101  101  0  101  0  101  101  0  101  0  101  0  101  101  0  101  101  101  101  0  101  101  

101  101  101  101  101  101  101  101  0  101  0  0  0  0  0  0  0  101  101  0  0  101  0  0  101  0  101  101  0  0  0  0  0  0  101  0  0  0  101  101  101  101  0  0  0  0  0  101  101  101  0  0  0  0  101  0  101  0  101  101  0  0  101  0  101  101  101  101  101  0  101  101  0  0  0  0  101  0  101  101  101  101  101  101  101  0  101  0  101  0  101  0  101  101  0  101  0  101  101  0  

0  0  101  101  101  101  101  0  0  0  101  101  0  0  0  101  101  101  101  0  101  0  0  0  0  101  101  101  0  0  0  101  0  0  0  0  0  101  0  101  101  101  0  101  0  0  101  0  0  101  101  101  101  0  0  0  101  0  101  0  101  0  101  0  101  101  101  101  101  101  101  101  101  0  0  0  101  0  101  101  101  0  0  101  101  0  0  101  101  101  101  101  0  0  0  101  0  0  101  0  

101  101  0  0  0  0  101  0  0  0  0  101  0  0  0  101  101  101  0  101  0  0  101  0  101  101  101  0  0  101  0  101  0  0  0  101  0  101  0  101  0  0  101  0  0  0  101  101  0  101  101  101  0  101  101  101  0  0  101  0  0  101  0  0  101  101  101  101  101  101  101  0  0  101  101  0  101  0  0  0  0  101  0  101  101  101  0  101  101  101  101  101  101  101  101  0  101  0  0  101  

101  0  101  0  0  101  0  101  0  0  0  101  101  0  0  101  0  101  101  0  0  0  101  0  101  0  0  101  101  101  101  0  0  0  101  0  101  101  0  0  0  0  101  0  101  0  0  0  0  101  0  101  101  0  0  101  101  0  0  101  101  0  0  101  101  101  101  101  101  0  101  101  0  101  101  0  101  101  0  0  0  101  101  101  101  0  0  101  101  0  0  0  101  0  101  0  0  101  0  101  

101  0  0  0  101  101  101  101  101  101  101  0  0  0  101  0  0  101  0  0  101  101  0  101  101  101  101  101  101  101  101  0  0  101  101  101  0  101  101  101  101  0  0  0  0  0  0  0  0  101  0  101  101  0  101  0  0  0  101  101  0  0  101  0  101  0  101  101  0  101  101  101  101  0  0  101  101  0  101  101  101  0  0  0  0  101  101  0  0  101  101  101  0  101  101  0  101  101  0  0  

101  0  0  101  0  0  0  0  101  101  101  0  101  0  0  101  101  101  101  0  101  101  101  101  0  101  101  0  101  101  101  0  0  0  101  101  101  101  101  0  0  101  0  101  101  0  0  0  101  101  101  0  0  0  101  0  101  101  101  101  0  101  0  101  101  101  101  101  101  101  101  101  0  0  101  0  0  101  101  0  101  101  101  0  0  0  0  0  101  0  0  101  0  101  101  101  0  101  101  101  

101  101  0  0  0  101  101  0  101  101  0  0  0  0  0  0  101  101  0  0  101  0  0  101  101  0  0  0  101  0  101  0  101  0  0  101  101  0  0  101  101  0  101  0  101  101  0  101  0  0  0  101  101  0  0  0  0  101  101  101  0  101  101  101  0  101  101  0  101  101  101  101  101  101  101  0  101  0  0  101  101  0  101  0  101  101  101  0  0  0  0  101  0  0  101  101  101  101  101  0  

0  101  0  0  0  101  101  101  0  101  0  0  101  0  0  0  101  101  0  101  0  0  101  101  0  0  0  101  101  101  0  101  0  0  101  101  101  101  0  0  0  0  101  101  101  101  0  0  101  0  0  0  101  0  0  101  0  101  101  0  0  101  0  101  0  0  101  0  0  101  0  101  101  0  101  101  0  0  0  0  0  0  101  101  0  0  0  0  101  101  0  101  0  0  0  101  0  101  0  0  

101  0  0  101  101  101  101  101  0  0  0  101  101  101  0  101  101  0  0  0  101  101  0  0  101  101  101  0  101  0  101  101  0  0  0  101  0  101  0  0  101  0  101  101  101  0  101  0  0  101  0  0  0  0  101  101  0  101  0  101  0  101  101  0  0  0  0  101  101  0  0  101  0  101  0  0  101  101  101  101  0  101  101  0  101  101  101  0  0  0  0  0  101  101  101  0  0  0  0  0  

101  0  101  0  0  0  0  101  0  101  0  101  0  0  0  0  101  0  0  101  0  101  0  101  101  0  0  101  101  0  0  101  101  0  101  101  101  101  101  0  101  101  101  0  0  101  0  101  101  0  0  0  0  0  101  0  0  0  101  101  101  101  101  101  101  0  0  101  101  0  101  101  101  0  101  0  0  0  0  101  101  101  0  0  101  101  0  101  0  101  101  0  0  101  0  0  0  101  0  0  

101  0  0  0  101  0  0  101  101  0  101  0  101  101  101  101  101  101  0  0  101  101  101  0  0  101  0  0  101  0  101  101  101  0  101  0  101  101  0  0  101  101  0  0  101  101  101  0  101  0  101  101  101  101  0  101  101  101  0  0  0  0  0  0  101  0  0  0  0  101  0  0  101  0  0  101  101  0  0  101  101  101  0  101  101  101  101  101  0  0  101  0  101  101  101  0  0  0  101  101  

101  101  101  0  101  0  0  0  0  0  0  101  0  101  0  0  0  0  101  0  0  101  0  0  101  101  101  101  0  0  0  0  0  0  101  0  0  101  101  101  0  0  0  101  0  101  101  101  101  0  101  0  0  0  101  101  101  101  0  101  0  101  101  0  101  101  101  101  101  101  0  101  0  101  0  101  101  101  101  101  0  101  101  101  0  0  101  101  0  101  101  101  101  0  0  0  0  0  101  0  

0  0  0  101  101  101  101  101  0  0  101  0  101  0  101  101  101  0  101  0  101  101  0  101  101  0  0  0  0  101  101  0  101  101  0  0  0  0  101  0  0  101  101  101  101  0  0  101  0  0  101  0  0  101  101  0  0  101  0  101  101  101  101  0  101  0  0  0  101  0  101  0  0  101  0  0  101  101  0  101  101  101  101  0  101  0  101  0  0  0  0  101  0  0  101  0  0  101  0  101  

0  0  0  101  101  0  101  101  0  101  0  0  101  0  101  0  0  101  101  0  101  0  101  0  0  0  101  101  101  101  101  101  0  101  101  0  101  0  0  0  0  0  101  0  101  101  0  0  0  0  0  101  101  0  0  0  0  0  0  101  0  101  101  0  101  101  101  0  0  101  101  0  0  101  0  0  101  0  101  101  0  0  0  0  0  0  101  0  0  101  0  0  101  0  101  101  0  101  101  0  

0  101  0  0  0  0  101  101  101  101  101  101  0  0  0  101  101  101  101  101  101  101  0  101  101  101  0  0  0  0  101  101  101  0  101  0  0  101  0  101  0  0  101  101  101  0  101  101  0  0  101  0  0  101  101  101  101  101  0  0  0  0  0  101  101  101  101  0  0  101  0  101  0  101  101  101  101  101  101  101  0  0  0  0  0  0  0  101  101  0  0  101  101  0  0  101  101  0  101  101  

101  0  101  0  0  0  0  0  101  0  101  0  101  101  101  101  101  101  0  0  101  101  0  101  0  101  101  0  101  101  0  101  0  101  101  0  101  101  0  0  0  0  101  0  101  101  0  0  0  0  0  0  101  0  0  0  101  101  0  101  0  0  101  0  0  101  101  0  0  101  101  101  0  0  101  101  0  101  0  0  101  101  101  101  101  0  101  0  0  0  0  101  0  101  0  0  0  0  0  0  

101  101  0  101  0  0  0  101  0  0  0  0  0  0  101  0  101  0  101  0  101  101  0  101  101  0  0  101  101  101  101  0  0  0  0  101  0  0  101  0  101  0  101  101  0  101  101  101  101  101  101  101  0  101  101  101  0  0  0  101  0  0  101  101  101  101  0  101  101  0  101  0  0  101  101  101  101  101  0  0  101  101  101  101  0  0  0  101  0  101  0  0  0  0  0  0  101  0  0  101  

101  101  0  101  0  0  101  0  101  101  101  0  101  101  101  0  0  0  101  0  101  101  0  101  101  101  101  0  101  0  0  0  101  101  101  0  0  0  101  101  101  101  101  0  101  101  101  101  0  0  0  101  101  0  101  0  0  101  0  0  0  0  101  0  0  101  0  0  101  0  101  101  101  101  0  0  101  101  0  0  101  101  101  0  0  101  0  101  0  0  0  101  0  101  0  101  101  101  0  0  

101  0  101  101  101  0  101  101  101  0  0  0  101  101  0  0  0  101  101  101  101  0  101  101  0  101  101  101  0  0  101  0  0  0  0  0  0  0  0  101  101  0  0  0  101  101  101  0  101  101  0  0  0  101  0  101  0  0  101  0  0  101  101  101  101  101  101  101  101  0  0  0  101  0  0  101  101  0  0  0  101  101  0  101  101  0  0  101  0  0  101  0  0  101  101  0  101  0  101  0  

0  101  101  0  0  101  0  0  0  0  101  0  0  101  101  101  0  101  101  101  0  0  101  101  101  101  101  101  101  0  101  101  101  101  101  101  101  0  0  0  0  0  101  0  0  0  0  101  0  0  101  101  0  0  101  101  0  101  101  0  0  101  101  0  101  101  101  101  101  0  0  101  0  101  101  101  0  101  0  0  101  0  0  101  101  0  0  0  0  101  101  101  0  101  101  0  101  0  101  0  

101  101  101  0  0  0  101  0  0  101  101  101  101  0  101  0  0  0  0  101  101  0  101  0  101  0  0  0  0  0  0  101  0  101  101  101  0  0  101  0  101  101  0  101  101  0  0  101  101  101  101  0  0  0  101  0  101  101  101  101  0  101  0  0  0  0  0  101  0  101  0  101  0  101  101  101  0  0  0  0  0  0  101  0  0  101  0  0  101  101  0  0  101  0  101  101  101  0  0  0  

101  101  101  101  101  0  101  0  0  0  0  101  101  101  0  101  101  0  101  0  0  0  0  0  101  0  0  0  101  0  101  0  101  101  0  101  101  0  0  101  101  0  0  101  101  101  0  0  101  0  101  101  0  101  101  0  101  101  0  101  0  0  0  0  101  101  0  0  0  101  0  101  0  101  0  101  101  101  101  0  101  0  0  0  0  0  101  0  0  101  0  101  0  0  101  0  0  0  101  0  

0  101  101  0  101  101  0  0  101  0  0  0  0  0  0  101  101  0  0  0  0  0  0  0  101  101  0  0  101  0  0  0  101  0  0  101  101  0  0  101  101  0  101  101  101  101  0  101  0  101  101  101  0  0  0  0  101  101  0  0  101  0  0  101  0  0  101  101  101  0  0  0  0  0  101  101  101  0  0  101  0  101  101  101  0  0  0  101  0  0  0  101  101  101  0  0  101  101  101  101  

0  101  101  101  0  101  0  0  101  101  101  101  101  101  101  101  0  101  101  0  101  101  101  101  0  0  101  101  0  101  0  101  101  0  0  0  0  101  0  0  101  101  101  101  101  0  0  101  0  101  0  101  0  101  101  101  101  101  101  101  101  0  0  101  101  101  101  101  101  0  101  0  101  0  0  0  0  0  0  101  0  0  0  0  0  101  0  0  101  0  0  101  101  0  0  0  0  0  101  0  

101  101  0  0  101  0  101  101  101  0  101  101  101  0  0  101  0  101  101  0  0  101  101  101  0  101  101  101  0  101  101  0  0  101  0  101  0  0  0  101  0  101  101  0  101  101  101  0  0  0  101  0  101  0  0  0  0  101  101  0  101  101  101  101  0  0  101  101  0  101  0  0  101  0  101  0  101  0  101  0  0  101  0  0  101  101  101  0  0  101  0  0  101  0  101  101  0  101  101  101  

101  0  101  101  101  0  0  101  101  0  0  0  0  101  101  0  101  101  0  101  0  101  0  0  101  0  0  101  101  101  101  0  0  101  0  101  0  101  0  0  101  0  101  0  0  0  101  0  0  101  0  0  0  0  0  0  0  0  101  101  101  0  101  101  101  101  101  101  0  101  0  0  0  0  101  101  101  0  0  0  0  0  0  101  101  0  0  0  0  0  101  101  0  101  0  0  0  0  101  101  

0  0  0  0  0  0  101  0  0  0  101  0  0  101  0  0  0  101  0  0  0  0  0  101  0  101  0  101  101  101  101  0  0  101  101  0  0  0  0  0  0  0  101  0  0  101  0  0  0  0  0  101  0  101  0  101  101  0  101  101  0  0  101  0  101  0  101  101  0  101  101  101  101  0  0  0  101  101  0  101  101  0  101  0  101  0  101  101  101  0  101  101  0  101  0  0  0  101  0  0  

101  0  101  101  101  0  101  0  0  101  101  0  0  101  101  101  101  0  0  0  101  101  0  0  0  0  101  101  101  0  101  101  101  0  101  101  0  0  101  0  101  0  0  0  0  0  101  0  0  101  101  101  0  101  0  101  0  101  0  0  0  0  0  101  0  101  0  101  101  0  0  0  0  101  0  101  101  0  101  101  0  0  0  0  0  101  0  101  101  101  0  0  101  0  0  0  0  0  101  101  

0  101  101  101  101  101  0  101  0  0  101  101  0  0  0  0  0  101  0  101  101  0  0  0  0  101  0  101  0  101  101  101  101  0  101  101  0  101  101  0  101  0  0  0  0  101  0  101  101  0  0  0  101  101  0  101  0  0  0  0  101  101  0  0  101  101  0  101  0  101  101  0  0  101  101  101  0  0  0  0  101  0  101  101  101  0  0  101  0  0  101  101  0  101  101  101  0  101  0  0  

101  101  101  101  101  101  0  101  101  101  101  0  0  101  0  101  0  101  101  0  101  101  0  101  0  101  0  0  101  101  0  0  101  0  0  101  0  101  101  101  0  101  0  0  0  0  0  0  101  101  0  0  0  0  101  101  101  0  0  101  101  101  0  0  101  0  0  101  101  101  101  101  0  101  0  101  0  101  101  0  0  0  0  101  101  101  101  0  0  101  0  0  0  101  101  0  101  0  101  101  

0  0  101  101  0  0  101  101  0  0  101  101  0  0  0  0  101  101  101  0  101  101  101  0  0  0  0  101  0  101  101  101  101  101  101  0  101  0  0  0  101  0  0  0  101  0  0  101  101  0  101  101  0  0  0  101  0  101  101  101  0  101  101  101  101  101  101  0  0  0  101  101  101  0  0  0  0  0  101  101  0  0  101  0  0  101  0  0  0  101  0  0  0  101  0  101  101  101  0  0  

0  101  0  101  101  101  101  0  101  0  101  0  101  0  0  101  0  0  0  101  101  101  101  101  0  101  101  0  101  101  0  0  101  0  101  101  0  0  0  101  101  0  101  0  101  101  0  101  0  101  101  101  101  0  101  0  101  0  0  101  101  101  0  101  101  0  0  101  0  101  0  101  0  0  0  0  0  0  0  101  0  101  101  101  101  101  0  101  0  0  0  0  0  0  101  101  101  0  0  101  

0  101  0  101  101  101  0  0  0  0  0  101  101  101  0  0  101  0  0  101  0  101  101  101  0  101  101  0  101  0  101  101  0  0  0  0  101  101  0  101  101  0  101  101  101  101  101  101  101  0  0  0  101  0  101  0  101  101  0  0  101  0  101  101  0  101  0  0  101  101  101  101  101  0  101  0  0  101  101  0  0  0  101  0  0  0  0  101  0  101  0  101  0  101  0  101  0  101  101  0  

101  0  0  0  101  0  0  101  0  101  0  0  0  0  101  0  0  0  101  101  101  101  101  0  101  0  101  0  0  101  0  101  101  0  0  0  101  101  101  0  0  0  101  0  101  0  101  0  0  101  101  0  0  0  101  101  0  101  0  101  0  0  101  0  101  101  101  0  0  0  101  101  0  0  0  101  101  0  101  101  0  0  0  101  101  0  101  101  101  101  101  0  101  0  101  0  0  101  101  101  

101  0  101  101  101  101  101  0  0  101  0  101  0  0  101  0  0  101  0  0  0  101  101  101  0  0  101  101  0  0  101  0  101  101  101  0  0  101  0  101  101  101  101  101  0  101  101  0  0  0  0  101  0  101  0  0  101  0  0  0  101  0  0  0  101  0  0  101  101  0  101  0  0  0  0  101  0  101  0  101  0  101  0  0  0  0  0  101  0  101  101  0  101  0  101  0  101  0  101  101  

UnPairedArc=
1 5 
1 6 
1 7 
1 8 
1 14 
1 15 
1 16 
1 17 
1 18 
1 20 
1 21 
1 23 
1 27 
1 30 
1 36 
1 39 
1 45 
1 46 
1 48 
1 49 
1 51 
1 56 
1 62 
1 66 
1 68 
1 69 
1 70 
1 71 
1 72 
1 74 
1 75 
1 76 
1 77 
1 81 
1 82 
1 83 
1 84 
1 86 
1 87 
1 90 
1 91 
1 93 
1 95 
1 99 
1 100 
2 4 
2 12 
2 13 
2 14 
2 15 
2 18 
2 22 
2 25 
2 27 
2 28 
2 31 
2 36 
2 39 
2 40 
2 41 
2 42 
2 43 
2 44 
2 45 
2 46 
2 48 
2 50 
2 51 
2 52 
2 57 
2 63 
2 65 
2 66 
2 68 
2 72 
2 73 
2 77 
2 80 
2 82 
2 83 
2 85 
2 86 
2 87 
2 88 
2 89 
2 90 
2 94 
2 95 
2 97 
2 98 
3 4 
3 5 
3 6 
3 7 
3 12 
3 13 
3 14 
3 15 
3 16 
3 20 
3 21 
3 22 
3 25 
3 28 
3 30 
3 36 
3 37 
3 39 
3 43 
3 45 
3 46 
3 47 
3 48 
3 53 
3 55 
3 56 
3 57 
3 58 
3 59 
3 64 
3 65 
3 66 
3 67 
3 69 
3 75 
3 77 
3 81 
3 84 
3 85 
3 86 
3 87 
3 88 
3 89 
3 91 
3 93 
3 94 
3 95 
3 96 
3 100 
4 8 
4 10 
4 11 
4 12 
4 13 
4 14 
4 16 
4 18 
4 19 
4 22 
4 24 
4 33 
4 37 
4 38 
4 40 
4 42 
4 45 
4 46 
4 49 
4 51 
4 54 
4 55 
4 56 
4 57 
4 60 
4 62 
4 64 
4 65 
4 66 
4 67 
4 71 
4 74 
4 78 
4 79 
4 82 
4 83 
4 84 
4 87 
4 89 
4 91 
4 93 
4 94 
4 95 
4 96 
4 97 
4 98 
4 100 
5 6 
5 7 
5 9 
5 13 
5 14 
5 16 
5 25 
5 26 
5 29 
5 30 
5 31 
5 33 
5 34 
5 37 
5 38 
5 39 
5 41 
5 42 
5 45 
5 47 
5 48 
5 49 
5 52 
5 53 
5 55 
5 56 
5 58 
5 61 
5 62 
5 66 
5 67 
5 70 
5 74 
5 76 
5 77 
5 78 
5 79 
5 84 
5 87 
5 88 
5 90 
5 91 
5 93 
5 94 
5 95 
5 97 
5 98 
5 99 
5 100 
6 11 
6 13 
6 15 
6 16 
6 21 
6 22 
6 23 
6 27 
6 30 
6 32 
6 33 
6 34 
6 35 
6 39 
6 42 
6 43 
6 44 
6 46 
6 47 
6 49 
6 51 
6 54 
6 56 
6 57 
6 58 
6 60 
6 62 
6 65 
6 66 
6 67 
6 69 
6 70 
6 72 
6 73 
6 74 
6 78 
6 85 
6 88 
6 89 
6 94 
6 95 
6 97 
6 98 
6 100 
7 8 
7 9 
7 12 
7 13 
7 15 
7 16 
7 19 
7 20 
7 21 
7 22 
7 23 
7 24 
7 28 
7 29 
7 33 
7 34 
7 37 
7 39 
7 40 
7 41 
7 42 
7 44 
7 45 
7 47 
7 50 
7 51 
7 52 
7 53 
7 61 
7 63 
7 66 
7 67 
7 68 
7 70 
7 72 
7 73 
7 74 
7 78 
7 79 
7 80 
7 83 
7 84 
7 86 
7 87 
7 90 
7 92 
7 93 
7 96 
7 97 
7 100 
8 11 
8 12 
8 20 
8 26 
8 29 
8 31 
8 32 
8 33 
8 34 
8 35 
8 36 
8 37 
8 38 
8 39 
8 43 
8 45 
8 46 
8 47 
8 51 
8 53 
8 55 
8 56 
8 57 
8 58 
8 59 
8 60 
8 62 
8 63 
8 64 
8 65 
8 66 
8 69 
8 70 
8 73 
8 74 
8 75 
8 76 
8 78 
8 79 
8 80 
8 82 
8 84 
8 90 
8 91 
8 94 
8 95 
8 96 
8 99 
9 11 
9 12 
9 14 
9 15 
9 16 
9 18 
9 19 
9 21 
9 23 
9 26 
9 28 
9 33 
9 35 
9 36 
9 37 
9 40 
9 42 
9 43 
9 44 
9 46 
9 48 
9 51 
9 52 
9 53 
9 54 
9 61 
9 63 
9 65 
9 70 
9 71 
9 72 
9 76 
9 80 
9 81 
9 83 
9 84 
9 88 
9 89 
9 90 
9 91 
9 95 
9 97 
10 11 
10 12 
10 18 
10 21 
10 29 
10 31 
10 32 
10 33 
10 34 
10 36 
10 40 
10 41 
10 43 
10 45 
10 46 
10 47 
10 51 
10 52 
10 55 
10 57 
10 59 
10 62 
10 65 
10 66 
10 70 
10 71 
10 72 
10 73 
10 75 
10 79 
10 80 
10 83 
10 86 
10 89 
10 93 
10 95 
10 99 
10 100 
11 14 
11 16 
11 19 
11 24 
11 27 
11 30 
11 31 
11 36 
11 38 
11 41 
11 43 
11 44 
11 45 
11 46 
11 47 
11 48 
11 51 
11 53 
11 56 
11 58 
11 59 
11 60 
11 63 
11 64 
11 67 
11 70 
11 71 
11 76 
11 78 
11 80 
11 81 
11 83 
11 85 
11 86 
11 89 
11 90 
11 92 
11 93 
11 94 
11 95 
11 96 
11 97 
12 13 
12 15 
12 16 
12 20 
12 24 
12 25 
12 28 
12 29 
12 31 
12 32 
12 34 
12 35 
12 36 
12 39 
12 40 
12 44 
12 45 
12 46 
12 53 
12 54 
12 55 
12 57 
12 58 
12 59 
12 61 
12 63 
12 67 
12 68 
12 69 
12 74 
12 75 
12 77 
12 80 
12 86 
12 87 
12 89 
12 90 
12 94 
12 96 
12 98 
12 100 
13 18 
13 20 
13 21 
13 23 
13 24 
13 28 
13 34 
13 36 
13 38 
13 41 
13 42 
13 44 
13 45 
13 50 
13 51 
13 52 
13 55 
13 57 
13 58 
13 59 
13 61 
13 62 
13 63 
13 65 
13 69 
13 71 
13 73 
13 74 
13 76 
13 78 
13 79 
13 81 
13 83 
13 84 
13 86 
13 87 
13 89 
13 90 
13 97 
13 98 
14 15 
14 16 
14 17 
14 19 
14 20 
14 21 
14 22 
14 25 
14 27 
14 28 
14 32 
14 33 
14 38 
14 39 
14 41 
14 42 
14 43 
14 45 
14 46 
14 47 
14 50 
14 54 
14 56 
14 58 
14 59 
14 61 
14 63 
14 65 
14 74 
14 76 
14 77 
14 81 
14 83 
14 84 
14 85 
14 87 
14 89 
14 91 
14 92 
14 93 
14 95 
14 98 
15 17 
15 21 
15 22 
15 27 
15 29 
15 33 
15 34 
15 36 
15 42 
15 44 
15 46 
15 47 
15 48 
15 51 
15 53 
15 55 
15 56 
15 58 
15 60 
15 64 
15 70 
15 76 
15 78 
15 79 
15 81 
15 82 
15 83 
15 85 
15 86 
15 89 
15 91 
15 93 
15 99 
15 100 
16 17 
16 20 
16 23 
16 24 
16 25 
16 27 
16 28 
16 32 
16 33 
16 34 
16 35 
16 36 
16 37 
16 39 
16 40 
16 41 
16 46 
16 48 
16 49 
16 52 
16 55 
16 60 
16 61 
16 62 
16 63 
16 64 
16 65 
16 67 
16 68 
16 69 
16 71 
16 74 
16 76 
16 78 
16 80 
16 81 
16 85 
16 87 
16 88 
16 89 
16 90 
16 93 
16 95 
16 97 
17 19 
17 20 
17 21 
17 22 
17 26 
17 28 
17 31 
17 32 
17 33 
17 35 
17 37 
17 40 
17 43 
17 45 
17 47 
17 48 
17 49 
17 50 
17 51 
17 53 
17 55 
17 58 
17 59 
17 60 
17 62 
17 64 
17 67 
17 68 
17 71 
17 72 
17 73 
17 74 
17 75 
17 76 
17 78 
17 80 
17 81 
17 82 
17 87 
17 88 
17 91 
17 93 
17 96 
17 98 
18 20 
18 22 
18 23 
18 32 
18 36 
18 37 
18 38 
18 46 
18 51 
18 55 
18 57 
18 59 
18 63 
18 64 
18 65 
18 66 
18 67 
18 68 
18 69 
18 70 
18 71 
18 72 
18 73 
18 76 
18 79 
18 80 
18 81 
18 84 
18 85 
18 89 
18 90 
18 91 
18 92 
18 94 
18 95 
18 96 
18 100 
19 20 
19 21 
19 24 
19 25 
19 27 
19 31 
19 32 
19 37 
19 38 
19 44 
19 46 
19 48 
19 49 
19 51 
19 52 
19 53 
19 54 
19 55 
19 56 
19 59 
19 60 
19 63 
19 64 
19 65 
19 66 
19 67 
19 69 
19 71 
19 77 
19 78 
19 79 
19 80 
19 82 
19 83 
19 84 
19 85 
19 87 
19 89 
19 90 
19 95 
19 96 
19 99 
20 21 
20 23 
20 29 
20 33 
20 35 
20 37 
20 38 
20 39 
20 41 
20 48 
20 50 
20 51 
20 52 
20 53 
20 54 
20 56 
20 58 
20 59 
20 65 
20 68 
20 73 
20 75 
20 80 
20 84 
20 85 
20 86 
20 91 
20 94 
20 97 
20 98 
20 99 
21 23 
21 24 
21 25 
21 27 
21 33 
21 34 
21 35 
21 37 
21 41 
21 42 
21 46 
21 47 
21 51 
21 54 
21 60 
21 61 
21 67 
21 70 
21 71 
21 72 
21 74 
21 76 
21 78 
21 79 
21 80 
21 81 
21 82 
21 83 
21 84 
21 86 
21 89 
21 93 
21 94 
21 95 
21 96 
21 97 
21 99 
22 23 
22 26 
22 27 
22 30 
22 31 
22 32 
22 34 
22 37 
22 39 
22 41 
22 42 
22 43 
22 44 
22 45 
22 47 
22 48 
22 49 
22 50 
22 53 
22 55 
22 56 
22 60 
22 61 
22 63 
22 64 
22 66 
22 70 
22 71 
22 74 
22 75 
22 76 
22 77 
22 78 
22 80 
22 81 
22 82 
22 83 
22 89 
22 90 
22 91 
22 93 
22 95 
22 96 
22 97 
22 98 
22 99 
22 100 
23 24 
23 27 
23 29 
23 34 
23 36 
23 38 
23 39 
23 41 
23 42 
23 44 
23 45 
23 46 
23 47 
23 49 
23 50 
23 53 
23 55 
23 56 
23 59 
23 60 
23 61 
23 65 
23 68 
23 69 
23 71 
23 73 
23 76 
23 79 
23 84 
23 85 
23 86 
23 89 
23 90 
23 96 
23 97 
23 98 
23 99 
23 100 
24 25 
24 26 
24 27 
24 29 
24 31 
24 32 
24 33 
24 34 
24 35 
24 39 
24 41 
24 44 
24 47 
24 48 
24 51 
24 53 
24 54 
24 55 
24 56 
24 57 
24 59 
24 60 
24 62 
24 65 
24 70 
24 71 
24 72 
24 73 
24 75 
24 78 
24 80 
24 81 
24 82 
24 83 
24 84 
24 85 
24 89 
24 90 
24 92 
24 95 
24 97 
24 98 
24 100 
25 27 
25 29 
25 30 
25 32 
25 35 
25 36 
25 37 
25 38 
25 39 
25 41 
25 43 
25 44 
25 45 
25 47 
25 48 
25 49 
25 50 
25 51 
25 54 
25 55 
25 66 
25 68 
25 69 
25 70 
25 72 
25 74 
25 75 
25 77 
25 78 
25 80 
25 82 
25 83 
25 85 
25 86 
25 87 
25 88 
25 91 
25 99 
26 29 
26 30 
26 32 
26 34 
26 36 
26 37 
26 39 
26 41 
26 42 
26 43 
26 46 
26 47 
26 49 
26 53 
26 54 
26 55 
26 56 
26 57 
26 61 
26 62 
26 67 
26 68 
26 70 
26 71 
26 74 
26 76 
26 77 
26 80 
26 81 
26 83 
26 84 
26 85 
26 88 
26 90 
26 92 
26 94 
26 95 
26 97 
26 98 
27 28 
27 29 
27 32 
27 33 
27 36 
27 39 
27 40 
27 41 
27 44 
27 46 
27 48 
27 51 
27 52 
27 53 
27 56 
27 58 
27 59 
27 60 
27 65 
27 66 
27 67 
27 68 
27 70 
27 71 
27 74 
27 77 
27 79 
27 81 
27 83 
27 84 
27 85 
27 89 
27 90 
27 93 
27 97 
27 98 
27 99 
27 100 
28 29 
28 30 
28 31 
28 32 
28 33 
28 37 
28 40 
28 42 
28 43 
28 44 
28 45 
28 46 
28 49 
28 51 
28 53 
28 54 
28 56 
28 58 
28 60 
28 61 
28 62 
28 63 
28 64 
28 65 
28 66 
28 67 
28 69 
28 70 
28 73 
28 75 
28 77 
28 79 
28 82 
28 84 
28 85 
28 89 
28 90 
28 91 
28 92 
28 93 
28 94 
28 96 
28 100 
29 30 
29 34 
29 41 
29 42 
29 43 
29 48 
29 51 
29 52 
29 54 
29 56 
29 61 
29 62 
29 64 
29 69 
29 70 
29 71 
29 72 
29 73 
29 74 
29 75 
29 76 
29 79 
29 81 
29 82 
29 83 
29 85 
29 87 
29 88 
29 91 
29 92 
29 93 
29 95 
29 97 
29 98 
30 31 
30 33 
30 35 
30 36 
30 37 
30 46 
30 47 
30 49 
30 51 
30 54 
30 55 
30 57 
30 60 
30 63 
30 68 
30 69 
30 70 
30 71 
30 73 
30 78 
30 79 
30 81 
30 82 
30 89 
30 90 
30 91 
30 92 
30 94 
30 95 
30 96 
30 97 
30 99 
31 32 
31 33 
31 34 
31 36 
31 37 
31 38 
31 39 
31 44 
31 47 
31 50 
31 51 
31 53 
31 55 
31 57 
31 58 
31 59 
31 63 
31 69 
31 70 
31 71 
31 72 
31 74 
31 76 
31 78 
31 79 
31 80 
31 82 
31 84 
31 85 
31 87 
31 90 
31 91 
31 92 
31 93 
31 94 
31 96 
31 98 
31 100 
32 33 
32 35 
32 36 
32 37 
32 38 
32 39 
32 42 
32 43 
32 46 
32 47 
32 49 
32 50 
32 51 
32 53 
32 54 
32 58 
32 62 
32 67 
32 68 
32 73 
32 74 
32 75 
32 76 
32 79 
32 80 
32 81 
32 85 
32 86 
32 89 
32 93 
32 94 
32 96 
32 98 
32 99 
33 34 
33 38 
33 41 
33 42 
33 44 
33 48 
33 54 
33 58 
33 62 
33 63 
33 64 
33 65 
33 72 
33 75 
33 76 
33 78 
33 80 
33 83 
33 85 
33 87 
33 88 
33 89 
33 93 
33 94 
33 95 
33 96 
33 97 
33 99 
33 100 
34 35 
34 36 
34 38 
34 39 
34 40 
34 43 
34 44 
34 47 
34 48 
34 53 
34 54 
34 56 
34 58 
34 60 
34 63 
34 70 
34 78 
34 79 
34 81 
34 83 
34 85 
34 86 
34 87 
34 90 
34 91 
34 92 
34 96 
34 100 
35 45 
35 46 
35 47 
35 48 
35 52 
35 53 
35 55 
35 57 
35 58 
35 59 
35 63 
35 65 
35 66 
35 69 
35 70 
35 71 
35 73 
35 75 
35 76 
35 77 
35 79 
35 80 
35 81 
35 83 
35 85 
35 86 
35 92 
35 93 
35 94 
35 96 
35 97 
35 100 
36 37 
36 43 
36 44 
36 45 
36 49 
36 52 
36 53 
36 54 
36 55 
36 56 
36 57 
36 59 
36 64 
36 65 
36 68 
36 70 
36 71 
36 72 
36 73 
36 74 
36 75 
36 82 
36 85 
36 86 
36 87 
36 88 
36 90 
36 91 
36 93 
36 94 
36 95 
36 97 
37 38 
37 42 
37 43 
37 44 
37 51 
37 52 
37 57 
37 58 
37 59 
37 60 
37 62 
37 63 
37 65 
37 69 
37 71 
37 72 
37 73 
37 75 
37 76 
37 79 
37 81 
37 85 
37 87 
37 88 
37 96 
37 98 
37 99 
38 39 
38 40 
38 42 
38 45 
38 46 
38 51 
38 52 
38 53 
38 54 
38 56 
38 58 
38 65 
38 67 
38 68 
38 69 
38 70 
38 71 
38 73 
38 74 
38 75 
38 76 
38 77 
38 80 
38 81 
38 89 
38 91 
38 94 
38 95 
38 98 
38 99 
38 100 
39 41 
39 43 
39 44 
39 46 
39 50 
39 51 
39 52 
39 53 
39 54 
39 57 
39 58 
39 63 
39 65 
39 66 
39 70 
39 71 
39 75 
39 77 
39 78 
39 82 
39 83 
39 86 
39 93 
39 94 
39 95 
39 99 
40 41 
40 43 
40 45 
40 47 
40 48 
40 50 
40 52 
40 53 
40 56 
40 60 
40 61 
40 62 
40 63 
40 64 
40 66 
40 67 
40 68 
40 70 
40 72 
40 77 
40 80 
40 83 
40 84 
40 87 
40 88 
40 90 
40 95 
40 97 
40 98 
40 100 
41 43 
41 44 
41 45 
41 46 
41 47 
41 48 
41 49 
41 50 
41 51 
41 52 
41 55 
41 58 
41 59 
41 61 
41 62 
41 63 
41 66 
41 67 
41 70 
41 72 
41 74 
41 75 
41 76 
41 82 
41 83 
41 84 
41 86 
41 87 
41 88 
41 89 
41 91 
41 93 
41 94 
41 96 
41 97 
41 98 
41 100 
42 44 
42 46 
42 47 
42 48 
42 49 
42 50 
42 51 
42 56 
42 57 
42 59 
42 60 
42 63 
42 65 
42 66 
42 67 
42 71 
42 75 
42 76 
42 78 
42 83 
42 86 
42 89 
42 90 
42 95 
42 100 
43 46 
43 47 
43 48 
43 50 
43 52 
43 53 
43 56 
43 59 
43 60 
43 63 
43 64 
43 65 
43 68 
43 69 
43 72 
43 73 
43 74 
43 75 
43 78 
43 79 
43 80 
43 81 
43 82 
43 83 
43 85 
43 88 
43 89 
43 90 
43 91 
43 92 
43 97 
43 98 
43 99 
43 100 
44 47 
44 50 
44 53 
44 54 
44 55 
44 63 
44 64 
44 67 
44 71 
44 73 
44 74 
44 77 
44 78 
44 80 
44 82 
44 86 
44 87 
44 88 
44 89 
44 98 
44 100 
45 47 
45 49 
45 50 
45 51 
45 52 
45 53 
45 54 
45 56 
45 57 
45 59 
45 64 
45 65 
45 69 
45 71 
45 72 
45 73 
45 74 
45 76 
45 78 
45 79 
45 80 
45 81 
45 83 
45 84 
45 86 
45 87 
45 88 
45 89 
45 90 
45 96 
45 97 
45 98 
45 99 
46 48 
46 49 
46 51 
46 52 
46 53 
46 54 
46 57 
46 61 
46 63 
46 64 
46 65 
46 72 
46 73 
46 75 
46 76 
46 77 
46 79 
46 81 
46 82 
46 83 
46 84 
46 87 
46 88 
46 90 
46 92 
46 94 
46 97 
46 98 
46 100 
47 48 
47 49 
47 50 
47 55 
47 56 
47 57 
47 58 
47 59 
47 62 
47 63 
47 65 
47 67 
47 68 
47 74 
47 76 
47 77 
47 80 
47 82 
47 83 
47 84 
47 90 
47 91 
47 93 
47 98 
47 99 
47 100 
48 54 
48 56 
48 57 
48 58 
48 59 
48 61 
48 62 
48 65 
48 66 
48 68 
48 72 
48 75 
48 77 
48 78 
48 80 
48 82 
48 83 
48 85 
48 86 
48 88 
48 89 
48 94 
48 96 
48 97 
48 98 
49 50 
49 51 
49 53 
49 54 
49 55 
49 56 
49 59 
49 60 
49 62 
49 63 
49 64 
49 65 
49 66 
49 71 
49 73 
49 75 
49 76 
49 77 
49 82 
49 84 
49 86 
49 87 
49 94 
49 95 
49 96 
49 98 
50 51 
50 52 
50 54 
50 55 
50 59 
50 60 
50 62 
50 63 
50 64 
50 66 
50 67 
50 68 
50 69 
50 70 
50 71 
50 74 
50 82 
50 84 
50 86 
50 88 
50 89 
50 91 
50 93 
50 95 
50 97 
50 99 
51 55 
51 56 
51 57 
51 58 
51 61 
51 64 
51 67 
51 68 
51 71 
51 76 
51 77 
51 78 
51 80 
51 82 
51 85 
51 86 
51 87 
51 88 
51 90 
51 93 
51 96 
51 97 
51 99 
52 54 
52 57 
52 58 
52 61 
52 63 
52 67 
52 68 
52 69 
52 70 
52 72 
52 76 
52 79 
52 82 
52 83 
52 85 
52 87 
52 88 
52 89 
52 92 
52 93 
52 96 
52 97 
52 100 
53 54 
53 55 
53 56 
53 59 
53 60 
53 65 
53 67 
53 69 
53 70 
53 72 
53 73 
53 76 
53 79 
53 81 
53 83 
53 90 
53 94 
53 97 
53 98 
54 64 
54 68 
54 76 
54 78 
54 80 
54 82 
54 84 
54 87 
54 89 
54 92 
54 93 
54 94 
54 100 
55 56 
55 57 
55 58 
55 59 
55 60 
55 61 
55 63 
55 66 
55 68 
55 70 
55 71 
55 74 
55 75 
55 77 
55 78 
55 80 
55 82 
55 83 
55 85 
55 86 
55 87 
55 89 
55 95 
55 97 
55 98 
55 99 
56 59 
56 60 
56 62 
56 64 
56 65 
56 68 
56 69 
56 73 
56 74 
56 76 
56 77 
56 80 
56 82 
56 84 
56 85 
56 89 
56 92 
56 93 
56 94 
56 95 
56 96 
56 99 
57 58 
57 59 
57 61 
57 62 
57 66 
57 67 
57 69 
57 71 
57 76 
57 77 
57 80 
57 81 
57 86 
57 87 
57 88 
57 89 
57 92 
57 95 
57 97 
57 98 
57 100 
58 60 
58 65 
58 71 
58 72 
58 73 
58 74 
58 76 
58 77 
58 78 
58 80 
58 81 
58 83 
58 85 
58 86 
58 87 
58 88 
58 89 
58 90 
58 93 
58 96 
58 98 
58 99 
59 60 
59 61 
59 64 
59 66 
59 67 
59 68 
59 70 
59 71 
59 72 
59 73 
59 75 
59 84 
59 85 
59 86 
59 89 
59 90 
59 91 
59 92 
59 96 
60 63 
60 65 
60 66 
60 69 
60 70 
60 71 
60 72 
60 74 
60 75 
60 77 
60 78 
60 79 
60 81 
60 82 
60 86 
60 87 
60 89 
60 91 
60 92 
60 95 
60 96 
60 97 
60 99 
61 62 
61 64 
61 67 
61 69 
61 75 
61 78 
61 88 
61 89 
61 90 
61 91 
61 94 
61 95 
61 97 
61 98 
61 100 
62 63 
62 68 
62 71 
62 72 
62 73 
62 74 
62 75 
62 77 
62 78 
62 79 
62 84 
62 85 
62 86 
62 90 
62 94 
62 95 
62 96 
62 97 
63 65 
63 66 
63 67 
63 70 
63 72 
63 74 
63 75 
63 77 
63 78 
63 79 
63 81 
63 82 
63 83 
63 84 
63 85 
63 90 
63 91 
63 92 
63 96 
63 98 
63 99 
64 69 
64 71 
64 72 
64 73 
64 75 
64 80 
64 82 
64 84 
64 88 
64 89 
64 90 
64 91 
64 93 
64 96 
64 97 
64 98 
65 66 
65 67 
65 68 
65 69 
65 70 
65 71 
65 75 
65 76 
65 77 
65 78 
65 79 
65 80 
65 82 
65 84 
65 85 
65 87 
65 89 
65 91 
65 92 
65 94 
65 95 
65 96 
65 97 
65 99 
65 100 
66 67 
66 68 
66 69 
66 71 
66 72 
66 77 
66 79 
66 80 
66 81 
66 82 
66 83 
66 84 
66 85 
66 87 
66 89 
66 91 
66 93 
66 94 
66 96 
66 98 
66 99 
67 68 
67 69 
67 70 
67 71 
67 72 
67 73 
67 77 
67 79 
67 80 
67 81 
67 84 
67 85 
67 88 
67 89 
67 90 
67 91 
67 92 
67 96 
67 99 
68 69 
68 70 
68 71 
68 74 
68 75 
68 77 
68 82 
68 84 
68 85 
68 86 
68 88 
68 89 
68 90 
68 91 
68 92 
68 93 
68 94 
68 95 
68 97 
68 100 
69 71 
69 72 
69 74 
69 75 
69 77 
69 78 
69 82 
69 83 
69 84 
69 85 
69 88 
69 89 
69 93 
69 95 
69 98 
69 100 
70 71 
70 72 
70 73 
70 76 
70 77 
70 79 
70 80 
70 81 
70 86 
70 87 
70 90 
70 91 
70 92 
70 94 
70 95 
70 97 
70 98 
71 72 
71 75 
71 78 
71 79 
71 81 
71 82 
71 83 
71 89 
71 92 
71 94 
71 95 
71 96 
71 98 
71 99 
71 100 
72 73 
72 74 
72 75 
72 77 
72 80 
72 81 
72 83 
72 85 
72 86 
72 87 
72 92 
72 95 
72 96 
72 97 
72 98 
72 99 
73 75 
73 76 
73 83 
73 84 
73 89 
73 90 
73 92 
73 96 
73 98 
74 77 
74 78 
74 79 
74 80 
74 82 
74 83 
74 85 
74 86 
74 87 
74 93 
74 94 
74 95 
75 80 
75 81 
75 82 
75 85 
75 86 
75 88 
75 90 
75 91 
75 94 
75 98 
76 77 
76 80 
76 81 
76 82 
76 84 
76 85 
76 86 
76 87 
76 88 
76 91 
76 93 
76 94 
76 95 
76 99 
76 100 
77 78 
77 79 
77 80 
77 82 
77 83 
77 84 
77 87 
77 88 
77 90 
77 91 
77 92 
77 93 
77 99 
78 80 
78 81 
78 82 
78 83 
78 85 
78 87 
78 92 
78 95 
78 98 
78 100 
79 80 
79 87 
79 90 
79 93 
79 95 
79 96 
79 98 
79 99 
80 88 
80 89 
80 92 
80 93 
80 96 
80 97 
80 99 
80 100 
81 82 
81 83 
81 84 
81 85 
81 87 
81 92 
81 94 
82 83 
82 84 
82 88 
82 90 
82 97 
82 100 
83 86 
83 88 
83 92 
83 94 
83 96 
83 97 
83 98 
84 85 
84 88 
84 91 
84 94 
84 95 
84 97 
84 99 
85 90 
85 91 
85 92 
85 94 
85 95 
85 97 
85 99 
86 89 
86 90 
86 93 
86 95 
86 96 
86 97 
87 90 
87 92 
87 95 
87 99 
88 92 
88 93 
88 94 
88 97 
88 98 
88 99 
88 100 
89 92 
89 93 
89 99 
90 93 
90 95 
90 96 
90 98 
90 99 
90 100 
91 92 
91 94 
91 99 
91 100 
92 94 
92 98 
93 99 
93 100 
94 95 
94 96 
94 98 
95 97 
95 99 
95 100 
96 97 
96 98 
97 100 
98 99 
99 100 
