nNodes=40;
 nPairs=75;
Cost=

41  0  0  0  0  0  0  0  0  0  0  0  0  0  0  41  0  41  0  0  41  0  0  41  0  41  0  0  0  0  0  0  0  0  0  0  0  0  0  0  

0  41  0  0  0  0  0  41  0  0  0  0  41  0  0  0  0  0  0  0  0  0  0  0  0  0  0  0  0  0  0  0  41  41  0  0  0  0  0  0  

0  0  41  0  0  0  0  0  0  0  0  41  0  0  0  0  0  0  0  0  0  41  0  0  0  0  0  0  0  0  0  0  0  0  0  0  41  0  0  41  

0  0  0  41  0  0  0  0  0  0  0  0  0  0  0  0  41  0  0  41  0  0  0  0  41  0  0  0  0  0  0  0  0  0  0  0  0  0  0  0  

0  0  0  0  41  0  0  0  0  0  0  0  0  0  0  0  0  0  41  0  0  0  41  0  0  0  0  0  0  0  0  0  41  41  0  0  0  0  0  0  

0  0  0  0  0  41  0  0  41  0  41  0  0  0  0  0  0  0  0  0  0  0  0  0  0  0  0  0  0  0  0  0  0  41  41  0  0  41  0  0  

0  0  0  0  0  0  41  0  0  0  0  0  0  0  0  41  0  0  0  0  0  0  0  0  0  0  0  0  41  0  0  0  0  0  0  0  0  41  0  0  

0  41  0  0  0  0  0  41  0  0  0  0  0  0  0  0  0  0  0  0  41  0  0  41  0  0  0  0  0  0  0  0  0  0  0  0  0  0  0  0  

0  0  0  0  0  41  0  0  41  41  0  0  0  0  0  0  0  0  0  0  41  0  0  0  0  0  0  0  0  0  0  0  0  41  0  41  0  41  0  0  

0  0  0  0  0  0  0  0  41  41  0  41  0  0  0  0  0  0  0  0  0  0  0  0  0  0  0  0  0  0  0  0  0  0  0  0  0  0  0  0  

0  0  0  0  0  41  0  0  0  0  41  41  0  0  0  0  41  0  0  0  0  0  0  0  0  0  0  0  0  0  0  0  0  0  0  0  0  0  0  0  

0  0  41  0  0  0  0  0  0  41  41  41  0  0  0  0  0  0  0  0  0  0  0  0  0  0  0  0  0  0  0  0  41  0  0  0  0  0  41  41  

0  41  0  0  0  0  0  0  0  0  0  0  41  0  0  41  0  0  0  0  0  0  0  0  0  41  0  0  0  0  0  0  41  0  0  0  0  0  0  0  

0  0  0  0  0  0  0  0  0  0  0  0  0  41  0  0  0  0  0  0  0  41  0  0  41  0  0  0  0  0  0  0  0  0  0  0  0  0  0  0  

0  0  0  0  0  0  0  0  0  0  0  0  0  0  41  0  0  41  0  0  0  0  0  0  0  0  0  0  0  0  0  0  0  0  41  0  0  0  0  0  

41  0  0  0  0  0  41  0  0  0  0  0  41  0  0  41  0  0  0  0  0  0  0  0  0  0  0  0  0  0  0  0  0  41  41  0  0  0  0  0  

0  0  0  41  0  0  0  0  0  0  41  0  0  0  0  0  41  0  0  0  0  0  41  41  0  0  0  0  0  0  0  0  0  0  0  0  41  0  0  0  

41  0  0  0  0  0  0  0  0  0  0  0  0  0  41  0  0  41  0  0  0  0  41  0  0  0  0  0  0  0  0  0  0  41  0  0  0  0  0  0  

0  0  0  0  41  0  0  0  0  0  0  0  0  0  0  0  0  0  41  0  0  0  0  0  0  0  0  0  0  0  0  0  0  0  0  0  41  0  0  41  

0  0  0  41  0  0  0  0  0  0  0  0  0  0  0  0  0  0  0  41  0  0  0  0  0  0  0  0  0  0  0  0  0  0  0  0  0  0  0  0  

41  0  0  0  0  0  0  41  41  0  0  0  0  0  0  0  0  0  0  0  41  0  0  0  0  0  0  0  41  0  0  0  0  41  0  0  0  0  41  0  

0  0  41  0  0  0  0  0  0  0  0  0  0  41  0  0  0  0  0  0  0  41  0  0  0  0  0  41  0  0  0  0  0  41  0  0  0  0  0  0  

0  0  0  0  41  0  0  0  0  0  0  0  0  0  0  0  41  41  0  0  0  0  41  0  0  0  0  0  0  0  0  0  0  0  0  0  0  0  0  0  

41  0  0  0  0  0  0  41  0  0  0  0  0  0  0  0  41  0  0  0  0  0  0  41  0  0  0  41  0  0  0  0  0  0  0  0  0  0  0  0  

0  0  0  41  0  0  0  0  0  0  0  0  0  41  0  0  0  0  0  0  0  0  0  0  41  0  0  0  0  41  0  0  0  0  0  0  0  0  0  0  

41  0  0  0  0  0  0  0  0  0  0  0  41  0  0  0  0  0  0  0  0  0  0  0  0  41  0  0  0  0  0  0  0  41  0  0  0  0  0  0  

0  0  0  0  0  0  0  0  0  0  0  0  0  0  0  0  0  0  0  0  0  0  0  0  0  0  41  0  0  0  0  0  0  0  0  0  0  0  0  0  

0  0  0  0  0  0  0  0  0  0  0  0  0  0  0  0  0  0  0  0  0  41  0  41  0  0  0  41  0  0  41  0  0  0  0  0  0  0  0  0  

0  0  0  0  0  0  41  0  0  0  0  0  0  0  0  0  0  0  0  0  41  0  0  0  0  0  0  0  41  0  41  0  0  0  0  0  0  0  0  0  

0  0  0  0  0  0  0  0  0  0  0  0  0  0  0  0  0  0  0  0  0  0  0  0  41  0  0  0  0  41  41  0  0  0  0  0  0  0  0  0  

0  0  0  0  0  0  0  0  0  0  0  0  0  0  0  0  0  0  0  0  0  0  0  0  0  0  0  41  41  41  41  0  0  0  0  0  41  0  0  0  

0  0  0  0  0  0  0  0  0  0  0  0  0  0  0  0  0  0  0  0  0  0  0  0  0  0  0  0  0  0  0  41  0  0  0  0  0  0  0  0  

0  41  0  0  41  0  0  0  0  0  0  41  41  0  0  0  0  0  0  0  0  0  0  0  0  0  0  0  0  0  0  0  41  0  41  0  41  0  0  0  

0  41  0  0  41  41  0  0  41  0  0  0  0  0  0  41  0  41  0  0  41  41  0  0  0  41  0  0  0  0  0  0  0  41  0  0  0  0  0  41  

0  0  0  0  0  41  0  0  0  0  0  0  0  0  41  41  0  0  0  0  0  0  0  0  0  0  0  0  0  0  0  0  41  0  41  41  41  0  0  0  

0  0  0  0  0  0  0  0  41  0  0  0  0  0  0  0  0  0  0  0  0  0  0  0  0  0  0  0  0  0  0  0  0  0  41  41  0  0  0  0  

0  0  41  0  0  0  0  0  0  0  0  0  0  0  0  0  41  0  41  0  0  0  0  0  0  0  0  0  0  0  41  0  41  0  41  0  41  0  0  0  

0  0  0  0  0  41  41  0  41  0  0  0  0  0  0  0  0  0  0  0  0  0  0  0  0  0  0  0  0  0  0  0  0  0  0  0  0  41  0  41  

0  0  0  0  0  0  0  0  0  0  0  41  0  0  0  0  0  0  0  0  41  0  0  0  0  0  0  0  0  0  0  0  0  0  0  0  0  0  41  0  

0  0  41  0  0  0  0  0  0  0  0  41  0  0  0  0  0  0  41  0  0  0  0  0  0  0  0  0  0  0  0  0  0  41  0  0  0  41  0  41  

UnPairedArc=
1 16 
1 18 
1 21 
1 24 
1 26 
2 8 
2 13 
2 33 
2 34 
3 12 
3 22 
3 37 
3 40 
4 17 
4 20 
4 25 
5 19 
5 23 
5 33 
5 34 
6 9 
6 11 
6 34 
6 35 
6 38 
7 16 
7 29 
7 38 
8 21 
8 24 
9 10 
9 21 
9 34 
9 36 
9 38 
10 12 
11 12 
11 17 
12 33 
12 39 
12 40 
13 16 
13 26 
13 33 
14 22 
14 25 
15 18 
15 35 
16 34 
16 35 
17 23 
17 24 
17 37 
18 23 
18 34 
19 37 
19 40 
21 29 
21 34 
21 39 
22 28 
22 34 
24 28 
25 30 
26 34 
28 31 
29 31 
30 31 
31 37 
33 35 
33 37 
34 40 
35 36 
35 37 
38 40 
