nNodes=80;
 nPairs=1233;
Cost=

81  0  81  0  0  0  0  0  0  0  0  0  81  0  0  81  0  0  0  81  0  81  0  81  81  81  81  81  0  0  0  0  0  0  0  0  81  0  0  81  81  0  0  0  81  0  0  0  0  0  81  0  81  0  0  81  0  0  0  81  81  0  0  0  0  0  0  0  81  81  0  0  81  0  0  0  0  0  0  0  

0  81  81  0  0  0  0  81  0  0  81  0  0  0  0  81  0  81  0  0  0  81  0  81  0  0  0  81  0  81  0  81  0  0  81  81  0  0  0  0  81  0  0  81  0  81  0  0  81  0  81  81  0  0  81  81  81  81  81  81  0  0  81  0  0  0  0  81  0  0  81  81  81  0  81  0  81  81  81  0  

81  81  81  0  81  0  0  81  0  81  0  0  0  81  81  0  0  81  81  0  0  81  0  0  0  0  81  81  0  81  81  0  81  81  81  81  0  0  0  81  0  0  81  0  81  81  0  0  0  0  0  0  0  0  0  81  81  0  0  0  81  0  0  0  0  0  0  0  81  81  0  81  0  0  0  81  0  0  0  0  

0  0  0  81  81  81  81  0  81  0  0  81  0  0  0  0  0  0  81  0  0  81  81  0  0  0  0  0  81  81  81  0  81  0  81  0  0  0  0  0  81  0  0  0  0  81  0  0  0  81  81  81  0  0  0  81  0  0  81  81  0  0  0  0  0  0  81  0  0  0  0  0  0  81  0  0  81  81  0  81  

0  0  81  81  81  81  81  81  0  0  0  0  81  0  0  81  0  81  81  0  81  81  0  81  0  0  81  0  0  81  0  0  0  0  81  0  81  0  81  0  81  81  0  0  0  0  81  0  0  0  0  81  81  0  0  81  81  81  81  81  0  81  0  81  0  81  81  0  0  0  0  81  0  0  81  81  0  0  81  81  

0  0  0  81  81  81  81  0  0  0  81  0  0  81  0  81  81  81  81  0  0  81  81  81  81  0  81  81  0  81  81  81  81  0  0  81  0  81  81  0  0  81  0  81  0  0  0  81  0  0  0  0  81  0  81  0  81  0  0  0  0  81  0  0  0  0  81  0  0  81  0  0  0  0  0  81  0  0  81  81  

0  0  0  81  81  81  81  0  81  0  0  0  81  0  0  81  0  81  0  0  0  0  81  81  0  0  81  0  0  81  81  0  0  0  0  0  81  0  81  81  0  0  0  0  0  0  0  81  81  81  0  0  0  81  81  0  81  0  0  0  81  0  81  0  0  81  81  0  0  0  0  81  0  0  0  81  0  0  81  81  

0  81  81  0  81  0  0  81  0  0  0  0  0  0  0  0  0  0  81  0  0  81  81  81  81  81  0  0  81  81  0  0  0  81  0  81  0  0  0  0  0  81  0  0  81  0  0  0  0  0  81  0  0  0  0  81  0  0  81  0  81  81  81  81  0  0  81  0  0  0  0  0  0  0  0  0  81  0  81  81  

0  0  0  81  0  0  81  0  81  81  0  81  0  0  0  81  0  0  81  81  0  0  0  0  81  0  0  0  0  81  81  0  0  0  0  0  0  0  0  81  0  81  0  0  0  0  81  0  81  81  0  81  0  0  0  81  0  81  0  0  81  0  81  81  0  0  81  81  0  81  81  81  81  0  0  81  81  0  81  0  

0  0  81  0  0  0  0  0  81  81  81  81  0  0  0  0  0  81  81  81  0  0  81  0  0  0  0  81  0  0  0  0  81  81  81  81  0  0  81  0  0  0  81  0  0  81  0  0  81  0  0  81  81  0  0  0  0  81  81  0  81  81  81  0  0  81  0  0  0  0  81  81  0  0  0  0  0  0  81  0  

0  81  0  0  0  81  0  0  0  81  81  81  0  0  0  0  0  0  81  0  0  81  81  0  0  0  0  0  0  0  0  0  81  81  81  81  0  0  0  81  0  81  0  0  81  0  0  0  0  0  0  81  81  0  0  0  0  81  81  0  0  81  0  0  81  0  0  0  81  0  0  0  81  81  81  0  0  81  0  0  

0  0  0  81  0  0  0  0  81  81  81  81  0  0  0  81  0  0  0  81  0  0  0  81  0  0  0  81  81  0  81  81  81  81  0  81  0  0  0  0  81  0  81  0  81  0  0  0  0  0  0  81  81  81  0  0  81  81  81  0  0  0  0  0  0  81  0  81  0  0  81  81  0  81  0  0  81  0  0  0  

81  0  0  0  81  0  81  0  0  0  0  0  81  81  81  0  81  81  0  0  81  81  81  0  0  81  81  0  81  81  0  0  0  0  0  0  0  81  0  81  81  0  0  0  0  81  81  81  81  81  0  0  0  81  0  0  81  0  0  81  81  0  0  0  0  81  81  0  0  0  0  0  81  0  0  0  81  81  0  81  

0  0  81  0  0  81  0  0  0  0  0  0  81  81  81  0  81  0  0  81  0  0  0  0  81  81  81  81  81  0  0  0  81  0  81  81  0  0  0  0  0  0  81  81  81  81  81  81  0  0  0  0  81  81  0  0  0  0  0  0  0  81  0  0  81  0  81  81  0  0  0  0  0  81  81  0  0  81  81  81  

0  0  81  0  0  0  0  0  0  0  0  0  81  81  81  81  81  0  0  81  81  0  0  0  0  81  0  0  81  0  81  0  0  81  81  0  0  81  81  0  0  0  0  0  0  81  0  81  0  0  0  0  0  81  0  0  0  0  81  81  0  0  0  0  81  0  81  0  81  81  81  0  0  0  0  81  0  0  0  0  

81  81  0  0  81  81  81  0  81  0  0  81  0  0  81  81  0  81  0  81  81  0  0  0  81  0  81  81  0  0  0  0  0  81  0  0  0  0  0  81  0  81  0  0  81  81  0  0  0  81  0  0  0  0  81  81  0  0  0  0  81  81  81  81  81  81  81  81  0  0  0  0  0  81  0  81  81  0  0  0  

0  0  0  0  0  81  0  0  0  0  0  0  81  81  81  0  81  81  81  81  0  0  0  0  81  81  81  0  0  0  81  81  0  0  0  0  0  0  0  81  0  0  0  0  0  81  0  0  0  0  0  81  0  0  81  81  0  81  0  81  0  81  81  0  81  81  0  0  0  81  81  0  81  0  0  81  81  81  0  0  

0  81  81  0  81  81  81  0  0  81  0  0  81  0  0  81  81  81  81  0  0  0  0  0  81  0  81  0  0  0  0  0  81  81  0  0  81  0  0  81  81  0  81  0  0  0  81  81  0  0  0  81  0  0  81  0  0  0  81  0  0  0  0  81  0  0  81  0  81  81  81  0  0  81  0  0  0  0  81  0  

0  0  81  81  81  81  0  81  81  81  81  0  0  0  0  0  81  81  81  0  81  0  81  0  0  0  0  0  0  0  0  0  0  81  0  81  81  81  81  81  0  81  81  0  0  0  81  81  81  0  81  0  0  0  81  0  81  0  0  81  81  0  0  81  0  0  81  0  0  0  0  81  81  0  0  0  0  0  0  0  

81  0  0  0  0  0  0  0  81  81  0  81  0  81  81  81  81  0  0  81  0  81  0  81  0  81  0  0  81  81  0  81  0  0  0  81  81  0  0  0  81  81  0  81  0  81  0  0  0  81  81  0  81  0  0  0  0  81  0  0  0  0  0  0  81  0  0  81  81  0  81  0  81  0  0  0  0  0  81  81  

0  0  0  0  81  0  0  0  0  0  0  0  81  0  81  81  0  0  81  0  81  81  81  81  0  81  81  81  81  0  81  0  81  81  0  0  81  0  81  81  0  81  81  0  81  81  81  81  0  0  0  81  0  81  0  81  81  0  81  0  81  0  81  0  81  0  81  81  0  81  0  0  0  81  0  81  0  0  0  0  

81  81  81  81  81  81  0  81  0  0  81  0  81  0  0  0  0  0  0  81  81  81  81  0  0  0  81  0  0  81  0  81  0  81  0  81  0  0  81  0  0  81  0  0  0  0  0  0  81  81  0  0  81  0  81  81  81  0  0  81  0  81  0  81  0  0  0  81  0  0  0  81  0  0  81  0  0  81  81  0  

0  0  0  81  0  81  81  81  0  81  81  0  81  0  0  0  0  0  81  0  81  81  81  0  0  81  0  81  81  81  0  0  0  81  0  0  0  81  0  0  0  0  0  81  0  81  0  0  0  81  0  81  0  0  0  0  0  81  0  81  0  81  0  81  81  0  0  0  81  0  0  81  81  81  81  0  0  81  81  0  

81  81  0  0  81  81  81  81  0  0  0  81  0  0  0  0  0  0  0  81  81  0  0  81  81  81  0  81  0  0  0  0  0  0  81  0  81  81  81  0  0  81  0  0  81  0  0  0  0  0  81  81  0  0  81  81  81  81  81  81  81  0  0  81  81  0  0  81  0  81  0  0  0  0  0  81  0  0  0  0  

81  0  0  0  0  81  0  81  81  0  0  0  0  81  0  81  81  81  0  0  0  0  0  81  81  81  0  81  0  81  0  0  0  0  0  0  81  81  0  0  0  81  0  0  0  0  81  81  81  0  0  0  0  0  81  81  81  0  0  0  81  81  0  81  81  81  0  81  0  0  81  81  81  0  0  0  0  0  81  81  

81  0  0  0  0  0  0  81  0  0  0  0  81  81  81  0  81  0  0  81  81  0  81  81  81  81  0  0  0  0  0  81  81  0  0  0  81  0  0  0  81  81  81  81  81  81  81  81  0  0  0  81  81  81  0  0  81  81  0  0  0  0  0  0  81  0  81  81  0  81  0  0  81  0  0  81  0  0  0  0  

81  0  81  0  81  81  81  0  0  0  0  0  81  81  0  81  81  81  0  0  81  81  0  0  0  0  81  0  81  0  81  81  81  0  0  0  0  81  0  81  0  81  81  0  81  0  0  81  81  0  81  0  0  81  0  0  0  81  0  0  0  81  81  0  0  81  0  0  81  0  0  0  0  81  81  0  0  0  81  81  

81  81  81  0  0  81  0  0  0  81  0  81  0  81  0  81  0  0  0  0  81  0  81  81  81  0  0  81  0  81  81  0  0  81  81  0  81  0  0  0  81  81  0  0  0  0  0  0  81  81  0  81  0  81  81  81  0  0  0  81  81  81  81  81  0  0  0  81  81  0  0  81  0  0  81  0  0  0  0  81  

0  0  0  81  0  0  0  81  0  0  0  81  81  81  81  0  0  0  0  81  81  0  81  0  0  0  81  0  81  0  81  0  0  0  81  81  0  81  81  81  0  0  0  0  0  0  0  0  81  0  0  0  0  0  0  0  0  0  81  81  81  81  0  0  0  0  0  0  81  81  0  0  0  0  0  0  0  0  0  0  

0  81  81  81  81  81  81  81  81  0  0  0  81  0  0  0  0  0  0  81  0  81  81  0  81  0  0  81  0  81  0  0  0  0  81  0  81  0  81  0  81  0  0  0  0  0  0  0  0  0  81  0  0  0  0  81  0  81  0  81  0  0  0  81  0  0  81  81  81  0  0  0  81  0  0  81  81  81  81  0  

0  0  81  81  0  81  81  0  81  0  0  81  0  0  81  0  81  0  0  0  81  0  0  0  0  0  81  81  81  0  81  0  0  0  0  81  0  0  0  81  0  81  0  0  81  0  0  81  81  0  0  81  0  81  81  0  81  81  81  81  81  81  0  0  0  81  81  0  0  0  81  0  81  0  81  0  81  0  0  81  

0  81  0  0  0  81  0  0  0  0  0  81  0  0  0  0  81  0  0  81  0  81  0  0  0  81  81  0  0  0  0  81  0  0  0  0  0  0  81  0  0  81  0  0  81  81  0  0  81  81  0  81  0  81  81  81  81  0  81  81  0  0  0  81  81  0  81  0  0  81  81  0  0  0  81  81  81  0  0  81  

0  0  81  81  0  81  0  0  0  81  81  81  0  81  0  0  0  81  0  0  81  0  0  0  0  81  81  0  0  0  0  0  81  0  0  0  0  0  0  81  0  81  81  0  81  81  81  0  81  81  81  0  0  81  81  81  0  0  0  0  81  0  0  0  81  0  0  0  81  0  81  81  81  81  81  81  0  81  0  0  

0  0  81  0  0  0  0  81  0  81  81  81  0  0  81  81  0  81  81  0  81  81  81  0  0  0  0  81  0  0  0  0  0  81  81  81  0  81  0  0  81  0  0  81  0  0  0  0  0  0  81  0  0  0  0  0  81  81  81  81  0  0  81  0  0  0  0  0  81  81  0  81  0  0  0  81  0  0  81  81  

0  81  81  81  81  0  0  0  0  81  81  0  0  81  81  0  0  0  0  0  0  0  0  81  0  0  0  81  81  81  0  0  0  81  81  0  81  0  0  0  81  0  0  0  0  0  81  0  0  0  81  81  0  0  81  81  0  81  81  81  81  0  0  0  0  0  0  0  0  0  81  0  81  0  0  81  0  0  0  81  

0  81  81  0  0  81  0  81  0  81  81  81  0  81  0  0  0  0  81  81  0  81  0  0  0  0  0  0  81  0  81  0  0  81  0  81  81  0  81  81  0  0  0  0  81  0  0  81  81  81  0  0  81  0  81  0  81  0  81  0  81  0  0  81  0  0  0  81  0  0  81  0  0  81  81  0  81  0  0  0  

81  0  0  0  81  0  81  0  0  0  0  0  0  0  0  0  0  81  81  81  81  0  0  81  81  81  0  81  0  81  0  0  0  0  81  81  81  0  81  81  81  81  81  81  0  0  0  0  0  0  0  0  0  0  81  81  81  0  81  81  0  0  0  0  81  0  0  81  0  81  0  81  0  81  0  0  0  0  0  0  

0  0  0  0  0  81  0  0  0  0  0  0  81  0  81  0  0  0  81  0  0  0  81  81  81  0  81  0  81  0  0  0  0  81  0  0  0  81  81  0  0  81  0  0  81  0  81  0  0  0  0  0  81  0  0  0  0  81  0  0  0  81  81  81  81  0  0  0  81  81  0  81  81  81  0  0  81  0  0  0  

0  0  0  0  81  81  81  0  0  81  0  0  0  0  81  0  0  0  81  0  81  81  0  81  0  0  0  0  81  81  0  81  0  0  0  81  81  81  81  0  81  0  0  81  0  0  81  81  0  0  0  0  0  81  0  81  81  0  81  0  81  81  0  81  0  0  0  0  0  81  81  81  0  0  81  0  81  0  81  0  

81  0  81  0  0  0  81  0  81  0  81  0  81  0  0  81  81  81  81  0  81  0  0  0  0  0  81  0  81  0  81  0  81  0  0  81  81  0  0  81  81  0  81  81  81  0  0  81  0  0  81  81  0  0  81  0  81  81  0  0  81  81  0  81  0  0  0  81  0  0  0  81  0  81  81  0  81  0  0  81  

81  81  0  81  81  0  0  0  0  0  0  81  81  0  0  0  0  81  0  81  0  0  0  0  0  81  0  81  0  81  0  0  0  81  81  0  81  0  81  81  81  81  0  0  81  81  0  81  81  0  0  81  0  0  0  0  81  0  0  81  0  0  0  81  81  0  0  81  0  0  0  0  0  0  0  0  0  0  81  0  

0  0  0  0  81  81  0  81  81  0  81  0  0  0  0  81  0  0  81  81  81  81  0  81  81  81  81  81  0  0  81  81  81  0  0  0  81  81  0  0  81  81  0  0  81  0  81  0  0  81  0  0  0  0  0  0  0  81  0  0  81  81  81  81  0  0  0  81  81  0  81  81  0  81  0  81  81  0  81  81  

0  0  81  0  0  0  0  0  0  81  0  81  0  81  0  0  0  81  81  0  81  0  0  0  0  81  81  0  0  0  0  0  81  0  0  0  81  0  0  81  0  0  81  81  81  0  0  0  0  0  81  81  0  0  0  81  81  81  0  0  0  81  81  0  0  0  81  0  0  81  0  0  0  81  0  0  0  0  0  0  

0  81  0  0  0  81  0  0  0  0  0  0  0  81  0  0  0  0  0  81  0  0  81  0  0  81  0  0  0  0  0  0  0  81  0  0  81  0  81  81  0  0  81  81  81  0  0  0  81  81  81  0  0  0  0  0  81  0  0  0  81  0  0  0  0  0  81  81  0  81  81  0  0  0  0  0  0  81  0  81  

81  0  81  0  0  0  0  81  0  0  81  81  0  81  0  81  0  0  0  0  81  0  0  81  0  81  81  0  0  0  81  81  81  0  0  81  0  81  0  81  81  81  81  81  81  81  0  81  0  0  81  81  81  81  0  81  0  81  0  0  81  81  0  0  0  0  81  0  0  0  81  0  81  0  81  0  81  0  0  0  

0  81  81  81  0  0  0  0  0  81  0  0  81  81  81  81  81  0  0  81  81  0  81  0  0  81  0  0  0  0  0  81  81  0  0  0  0  0  0  0  81  0  0  0  81  81  0  81  0  81  0  0  81  0  0  0  0  81  0  0  0  0  0  81  0  0  0  81  0  81  81  0  0  81  0  81  0  81  81  0  

0  0  0  0  81  0  0  0  81  0  0  0  81  81  0  0  0  81  81  0  81  0  0  0  81  81  0  0  0  0  0  0  81  0  81  0  0  81  81  0  0  81  0  0  0  0  81  0  0  0  81  81  0  81  0  0  0  81  0  81  81  81  0  0  0  0  81  81  81  0  0  81  81  81  0  0  0  0  0  0  

0  0  0  0  0  81  81  0  0  0  0  0  81  81  81  0  0  81  81  0  81  0  0  0  81  81  81  0  0  0  81  0  0  0  0  81  0  0  81  81  81  0  0  0  81  81  0  81  81  81  0  0  81  0  81  0  0  0  0  0  81  81  81  0  0  81  81  0  0  0  81  81  81  0  0  0  0  81  0  0  

0  81  0  0  0  0  81  0  81  81  0  0  81  0  0  0  0  0  81  0  0  81  0  0  81  0  81  81  81  0  81  81  81  0  0  81  0  0  0  0  81  0  0  81  0  0  0  81  81  0  81  0  0  0  81  81  0  81  81  0  0  0  0  0  0  0  0  81  81  81  0  0  0  0  0  81  81  0  0  81  

0  0  0  81  0  0  81  0  81  0  0  0  81  0  0  81  0  0  0  81  0  81  81  0  0  0  0  81  0  0  0  81  81  0  0  81  0  0  0  0  0  81  0  81  0  81  0  81  0  81  0  0  0  0  81  81  0  0  0  0  0  0  0  0  81  0  81  81  81  81  0  0  81  0  0  0  81  81  0  0  

81  81  0  81  0  0  0  81  0  0  0  0  0  0  0  0  0  0  81  81  0  0  0  81  0  0  81  0  0  81  0  0  81  81  81  0  0  0  0  81  0  0  81  81  81  0  81  0  81  0  81  0  0  81  81  81  0  0  81  81  0  81  0  0  0  0  0  0  81  0  0  81  0  81  81  0  81  0  81  0  

0  81  0  81  81  0  0  0  81  81  81  81  0  0  0  0  81  81  0  0  81  0  81  81  0  81  0  81  0  0  81  81  0  0  81  0  0  0  0  81  81  0  81  0  81  0  81  0  0  0  0  81  81  0  0  0  0  81  81  0  81  81  81  0  0  81  0  0  0  81  81  81  0  81  0  81  0  0  81  0  

81  0  0  0  81  81  0  0  0  81  81  81  0  81  0  0  0  0  0  81  0  81  0  0  0  81  0  0  0  0  0  0  0  0  0  81  0  81  0  0  0  0  0  0  81  81  0  81  0  0  0  81  81  81  0  0  81  0  81  81  81  81  81  0  0  0  0  81  81  81  0  81  81  0  0  81  81  0  0  0  

0  0  0  0  0  0  81  0  0  0  0  81  81  81  81  0  0  0  0  0  81  0  0  0  0  81  81  81  0  0  81  81  81  0  0  0  0  0  81  0  0  0  0  0  81  0  81  0  0  0  81  0  81  81  0  81  0  0  81  81  81  0  0  81  81  81  0  0  81  0  81  81  81  81  81  0  81  81  81  81  

0  81  0  0  0  81  81  0  0  0  0  0  0  0  0  81  81  81  81  0  0  81  0  81  81  0  0  81  0  0  81  81  81  0  81  81  81  0  0  81  0  0  0  0  0  0  0  81  81  81  81  0  0  0  81  81  81  81  0  0  81  81  0  0  0  0  0  0  81  81  0  0  81  0  81  0  0  0  81  81  

81  81  81  81  81  0  0  81  81  0  0  0  0  0  0  81  81  0  0  0  81  81  0  81  81  0  0  81  0  81  0  81  81  0  81  0  81  0  81  0  0  0  81  0  81  0  0  0  81  81  81  0  0  81  81  81  0  81  0  0  0  0  81  81  0  0  0  81  0  0  0  81  81  81  81  81  0  0  0  0  

0  81  81  0  81  81  81  0  0  0  0  81  81  0  0  0  0  0  81  0  81  81  0  81  81  81  0  0  0  0  81  81  0  81  0  81  81  0  81  81  81  0  81  81  0  0  0  0  0  0  0  0  81  0  81  0  81  0  81  81  0  0  0  0  81  0  81  0  81  0  81  0  81  0  0  81  0  0  81  0  

0  81  0  0  81  0  0  0  81  81  81  81  0  0  0  0  81  0  0  81  0  0  81  81  0  81  81  0  0  81  81  0  0  81  81  0  0  81  0  81  0  81  81  0  81  81  81  0  81  0  0  81  0  0  81  81  0  81  0  81  81  0  0  81  0  0  81  0  81  0  81  81  0  81  81  0  0  0  81  81  

0  81  0  81  81  0  0  81  0  81  81  81  0  0  81  0  0  81  0  0  81  0  0  81  0  0  0  0  81  0  81  81  0  81  81  81  81  0  81  0  0  0  0  0  0  0  0  0  81  0  81  81  81  81  0  0  81  0  81  0  0  81  0  0  0  0  0  81  81  0  81  0  0  0  0  81  81  81  81  81  

81  81  0  81  81  0  0  0  0  0  0  0  81  0  81  0  81  0  81  0  0  81  81  81  0  0  0  81  81  81  81  81  0  81  81  0  81  0  0  0  81  0  0  0  0  0  81  0  0  0  81  0  81  81  0  0  81  81  0  81  81  81  0  81  81  81  0  0  81  0  0  0  0  81  0  0  0  0  0  81  

81  0  81  0  0  0  81  81  81  81  0  0  81  0  0  81  0  0  81  0  81  0  0  81  81  0  0  81  81  0  81  0  81  0  81  81  0  0  81  81  0  81  0  81  81  0  81  81  0  0  0  81  81  81  81  0  0  81  0  81  81  81  81  0  81  81  0  0  0  0  81  0  0  0  0  81  0  0  0  0  

0  0  0  0  81  81  0  81  0  81  81  0  0  81  0  81  81  0  0  0  0  81  81  0  81  0  81  81  81  0  81  0  0  0  0  0  0  81  81  81  0  81  81  0  81  0  81  81  0  0  81  81  81  0  81  0  0  0  81  81  81  81  81  0  0  0  0  0  81  81  81  81  0  0  0  0  0  0  0  0  

0  81  0  0  0  0  81  81  81  81  0  0  0  0  0  81  81  0  0  0  81  0  0  0  0  0  81  81  0  0  0  0  0  81  0  0  0  81  0  0  0  81  81  0  0  0  0  81  0  0  0  81  81  0  0  81  0  0  0  0  81  81  81  0  0  81  0  0  0  0  0  0  0  0  0  0  81  0  0  81  

0  0  0  0  81  0  0  81  81  0  0  0  0  0  0  81  0  81  81  0  0  81  81  81  81  0  0  81  0  81  0  81  0  0  0  81  0  81  81  81  81  81  0  0  0  81  0  0  0  0  0  0  0  81  0  81  0  81  0  81  0  0  0  81  0  81  81  0  81  0  0  81  0  0  0  0  0  81  0  81  

0  0  0  0  0  0  0  0  0  0  81  0  0  81  81  81  81  0  0  81  81  0  81  81  81  81  0  0  0  0  0  81  81  0  0  0  81  81  0  0  81  0  0  0  0  0  0  0  0  81  0  0  0  81  0  0  81  0  0  81  81  0  0  0  81  81  0  81  0  81  81  0  81  81  0  0  0  81  0  0  

0  0  0  0  81  0  81  0  0  81  0  81  81  0  0  81  81  0  0  0  0  0  0  0  81  0  81  0  0  0  81  0  0  0  0  0  0  0  0  0  0  0  0  0  0  0  0  81  0  0  0  81  0  81  0  0  0  0  0  81  81  0  81  81  81  81  81  0  0  0  0  0  0  0  81  81  81  0  81  0  

0  0  0  81  81  81  81  81  81  0  0  0  81  81  81  81  0  81  81  0  81  0  0  0  0  81  0  0  0  81  81  81  0  0  0  0  0  0  0  0  0  0  81  81  81  0  81  81  0  81  0  0  0  0  0  0  81  81  0  0  0  0  0  81  0  81  81  0  0  0  0  0  81  0  0  0  0  0  0  0  

0  81  0  0  0  0  0  0  81  0  0  81  0  81  0  81  0  0  0  81  81  81  0  81  81  81  0  81  0  81  0  0  0  0  0  81  81  0  0  81  81  81  0  81  0  81  81  0  81  81  0  0  81  0  0  81  0  0  81  0  0  0  0  0  81  0  0  81  81  0  0  81  81  0  81  81  81  0  81  81  

81  0  81  0  0  0  0  0  0  0  81  0  0  0  81  0  0  81  0  81  0  0  81  0  0  0  81  81  81  81  0  0  81  81  0  0  0  81  0  0  0  81  0  0  0  0  81  0  81  81  81  0  81  81  81  0  81  81  81  81  0  81  0  81  0  0  0  81  81  0  81  0  0  0  0  0  0  81  0  81  

81  0  81  0  0  81  0  0  81  0  0  0  0  0  81  0  81  81  0  0  81  0  0  81  0  81  0  0  81  0  0  81  0  81  0  0  81  81  81  0  0  0  81  81  0  81  0  0  81  81  0  81  81  0  81  0  0  0  0  0  0  81  0  0  81  0  0  0  0  81  81  81  81  81  81  0  0  0  81  81  

0  81  0  0  0  0  0  0  81  81  0  81  0  0  81  0  81  81  0  81  0  0  0  0  81  0  0  0  0  0  81  81  81  0  81  81  0  0  81  0  0  81  0  81  81  81  0  81  0  0  0  81  0  81  0  0  81  81  81  0  81  81  0  0  81  0  0  0  81  81  81  0  0  0  81  81  0  0  0  0  

0  81  81  0  81  0  81  0  81  81  0  81  0  0  0  0  0  0  81  0  0  81  81  0  81  0  0  81  0  0  0  0  81  81  0  0  81  81  81  81  0  81  0  0  0  0  81  81  0  0  81  81  81  81  0  81  0  81  0  0  0  81  0  81  0  0  0  81  0  81  0  81  0  81  81  81  81  0  0  81  

81  81  0  0  0  0  0  0  81  0  81  0  81  0  0  0  81  0  81  81  0  0  81  0  81  81  0  0  0  81  81  0  81  0  81  0  0  81  0  0  0  0  0  0  81  0  81  81  0  81  0  0  81  81  81  81  81  0  0  0  0  0  0  0  81  0  81  81  0  81  0  0  81  81  0  0  81  0  0  0  

0  0  0  81  0  0  0  0  0  0  81  81  0  81  0  81  0  81  0  0  81  0  81  0  0  0  81  0  0  0  0  0  81  0  0  81  81  81  0  81  0  81  81  0  0  81  81  0  0  0  81  81  0  81  0  81  0  81  0  81  0  0  0  0  81  0  0  0  0  81  0  81  81  81  81  0  81  0  0  81  

0  81  0  0  81  0  0  0  0  0  81  0  0  81  0  0  0  0  0  0  0  81  81  0  0  0  81  81  0  0  81  81  81  0  0  81  0  0  81  81  0  0  0  0  81  0  0  0  0  0  81  0  0  81  81  81  0  81  0  0  0  0  0  0  0  81  0  81  0  81  81  81  0  81  81  81  0  0  81  81  

0  0  81  0  81  81  81  0  81  0  0  0  0  0  81  81  81  0  0  0  81  0  0  81  0  81  0  0  0  81  0  81  81  81  81  0  0  0  0  0  0  81  0  0  0  81  0  0  81  0  0  81  81  0  0  81  81  0  81  0  81  0  0  0  0  81  0  81  0  0  81  81  0  0  81  81  0  81  81  0  

0  81  0  81  0  0  0  81  81  0  0  81  81  0  0  81  81  0  0  0  0  0  0  0  0  0  0  0  0  81  81  81  0  0  0  81  0  81  81  81  0  81  0  0  81  0  0  0  81  81  81  0  81  81  0  0  0  0  81  0  0  0  81  0  0  81  0  81  0  0  0  81  81  81  0  0  81  81  81  81  

0  81  0  81  0  0  0  0  0  0  81  0  81  81  0  0  81  0  0  0  0  81  81  0  0  0  0  0  0  81  0  0  81  0  0  0  0  0  0  0  0  0  0  81  0  81  0  81  0  81  0  0  0  81  0  0  0  0  81  0  0  0  0  81  81  0  0  0  81  0  0  0  0  0  0  81  81  81  0  0  

0  81  0  0  81  81  81  81  81  81  0  0  0  81  0  0  0  81  0  81  0  81  81  0  81  0  81  0  0  81  0  0  0  81  0  0  0  0  81  0  81  81  0  0  0  81  0  0  0  0  81  81  0  81  81  0  81  81  81  0  0  0  0  0  0  81  0  81  0  81  0  0  0  0  81  81  81  0  81  0  

0  0  0  81  81  81  81  81  0  0  0  0  81  81  0  0  0  0  0  81  0  0  0  0  81  0  81  81  0  0  81  81  0  81  81  0  0  0  0  81  0  81  0  81  0  0  0  0  81  0  0  0  0  81  81  0  0  81  81  81  0  0  81  81  0  0  0  81  81  81  0  81  0  81  81  0  81  0  0  81  

UnPairedArc=
1 3 
1 13 
1 16 
1 20 
1 22 
1 24 
1 25 
1 26 
1 27 
1 28 
1 37 
1 40 
1 41 
1 45 
1 51 
1 53 
1 56 
1 60 
1 61 
1 69 
1 70 
1 73 
2 3 
2 8 
2 11 
2 16 
2 18 
2 22 
2 24 
2 28 
2 30 
2 32 
2 35 
2 36 
2 41 
2 44 
2 46 
2 49 
2 51 
2 52 
2 55 
2 56 
2 57 
2 58 
2 59 
2 60 
2 63 
2 68 
2 71 
2 72 
2 73 
2 75 
2 77 
2 78 
2 79 
3 5 
3 8 
3 10 
3 14 
3 15 
3 18 
3 19 
3 22 
3 27 
3 28 
3 30 
3 31 
3 33 
3 34 
3 35 
3 36 
3 40 
3 43 
3 45 
3 46 
3 56 
3 57 
3 61 
3 69 
3 70 
3 72 
3 76 
4 5 
4 6 
4 7 
4 9 
4 12 
4 19 
4 22 
4 23 
4 29 
4 30 
4 31 
4 33 
4 35 
4 41 
4 46 
4 50 
4 51 
4 52 
4 56 
4 59 
4 60 
4 67 
4 74 
4 77 
4 78 
4 80 
5 6 
5 7 
5 8 
5 13 
5 16 
5 18 
5 19 
5 21 
5 22 
5 24 
5 27 
5 30 
5 35 
5 37 
5 39 
5 41 
5 42 
5 47 
5 52 
5 53 
5 56 
5 57 
5 58 
5 59 
5 60 
5 62 
5 64 
5 66 
5 67 
5 72 
5 75 
5 76 
5 79 
5 80 
6 7 
6 11 
6 14 
6 16 
6 17 
6 18 
6 19 
6 22 
6 23 
6 24 
6 25 
6 27 
6 28 
6 30 
6 31 
6 32 
6 33 
6 36 
6 38 
6 39 
6 42 
6 44 
6 48 
6 53 
6 55 
6 57 
6 62 
6 67 
6 70 
6 76 
6 79 
6 80 
7 9 
7 13 
7 16 
7 18 
7 23 
7 24 
7 27 
7 30 
7 31 
7 37 
7 39 
7 40 
7 48 
7 49 
7 50 
7 54 
7 55 
7 57 
7 61 
7 63 
7 66 
7 67 
7 72 
7 76 
7 79 
7 80 
8 19 
8 22 
8 23 
8 24 
8 25 
8 26 
8 29 
8 30 
8 34 
8 36 
8 42 
8 45 
8 51 
8 56 
8 59 
8 61 
8 62 
8 63 
8 64 
8 67 
8 77 
8 79 
8 80 
9 10 
9 12 
9 16 
9 19 
9 20 
9 25 
9 30 
9 31 
9 40 
9 42 
9 47 
9 49 
9 50 
9 52 
9 56 
9 58 
9 61 
9 63 
9 64 
9 67 
9 68 
9 70 
9 71 
9 72 
9 73 
9 76 
9 77 
9 79 
10 11 
10 12 
10 18 
10 19 
10 20 
10 23 
10 28 
10 33 
10 34 
10 35 
10 36 
10 39 
10 43 
10 46 
10 49 
10 52 
10 53 
10 58 
10 59 
10 61 
10 62 
10 63 
10 66 
10 71 
10 72 
10 79 
11 12 
11 19 
11 22 
11 23 
11 33 
11 34 
11 35 
11 36 
11 40 
11 42 
11 45 
11 52 
11 53 
11 58 
11 59 
11 62 
11 65 
11 69 
11 73 
11 74 
11 75 
11 78 
12 16 
12 20 
12 24 
12 28 
12 29 
12 31 
12 32 
12 33 
12 34 
12 36 
12 41 
12 43 
12 45 
12 52 
12 53 
12 54 
12 57 
12 58 
12 59 
12 66 
12 68 
12 71 
12 72 
12 74 
12 77 
13 14 
13 15 
13 17 
13 18 
13 21 
13 22 
13 23 
13 26 
13 27 
13 29 
13 30 
13 38 
13 40 
13 41 
13 46 
13 47 
13 48 
13 49 
13 50 
13 54 
13 57 
13 60 
13 61 
13 66 
13 67 
13 73 
13 77 
13 78 
13 80 
14 15 
14 17 
14 20 
14 25 
14 26 
14 27 
14 28 
14 29 
14 33 
14 35 
14 36 
14 43 
14 44 
14 45 
14 46 
14 47 
14 48 
14 53 
14 54 
14 62 
14 65 
14 67 
14 68 
14 74 
14 75 
14 78 
14 79 
14 80 
15 16 
15 17 
15 20 
15 21 
15 26 
15 29 
15 31 
15 34 
15 35 
15 38 
15 39 
15 46 
15 48 
15 54 
15 59 
15 60 
15 65 
15 67 
15 69 
15 70 
15 71 
15 76 
16 18 
16 20 
16 21 
16 25 
16 27 
16 28 
16 34 
16 40 
16 42 
16 45 
16 46 
16 50 
16 55 
16 56 
16 61 
16 62 
16 63 
16 64 
16 65 
16 66 
16 67 
16 68 
16 74 
16 76 
16 77 
17 18 
17 19 
17 20 
17 25 
17 26 
17 27 
17 31 
17 32 
17 40 
17 46 
17 52 
17 55 
17 56 
17 58 
17 60 
17 62 
17 63 
17 65 
17 66 
17 70 
17 71 
17 73 
17 76 
17 77 
17 78 
18 19 
18 25 
18 27 
18 33 
18 34 
18 37 
18 40 
18 41 
18 43 
18 47 
18 48 
18 52 
18 55 
18 59 
18 64 
18 67 
18 69 
18 70 
18 71 
18 74 
18 79 
19 21 
19 23 
19 34 
19 36 
19 37 
19 38 
19 39 
19 40 
19 42 
19 43 
19 47 
19 48 
19 49 
19 51 
19 55 
19 57 
19 60 
19 61 
19 64 
19 67 
19 72 
19 73 
20 22 
20 24 
20 26 
20 29 
20 30 
20 32 
20 36 
20 37 
20 41 
20 42 
20 44 
20 46 
20 50 
20 51 
20 53 
20 58 
20 65 
20 68 
20 69 
20 71 
20 73 
20 79 
20 80 
21 22 
21 23 
21 24 
21 26 
21 27 
21 28 
21 29 
21 31 
21 33 
21 34 
21 37 
21 39 
21 40 
21 42 
21 43 
21 45 
21 46 
21 47 
21 48 
21 52 
21 54 
21 56 
21 57 
21 59 
21 61 
21 63 
21 65 
21 67 
21 68 
21 70 
21 74 
21 76 
22 23 
22 27 
22 30 
22 32 
22 34 
22 36 
22 39 
22 42 
22 49 
22 50 
22 53 
22 55 
22 56 
22 57 
22 60 
22 62 
22 64 
22 68 
22 72 
22 75 
22 78 
22 79 
23 26 
23 28 
23 29 
23 30 
23 34 
23 38 
23 44 
23 46 
23 50 
23 52 
23 58 
23 60 
23 62 
23 64 
23 65 
23 69 
23 72 
23 73 
23 74 
23 75 
23 78 
23 79 
24 25 
24 26 
24 28 
24 35 
24 37 
24 38 
24 39 
24 42 
24 45 
24 51 
24 52 
24 55 
24 56 
24 57 
24 58 
24 59 
24 60 
24 61 
24 64 
24 65 
24 68 
24 70 
24 76 
25 26 
25 28 
25 30 
25 37 
25 38 
25 42 
25 47 
25 48 
25 49 
25 55 
25 56 
25 57 
25 61 
25 62 
25 64 
25 65 
25 66 
25 68 
25 71 
25 72 
25 73 
25 79 
25 80 
26 32 
26 33 
26 37 
26 41 
26 42 
26 43 
26 44 
26 45 
26 46 
26 47 
26 48 
26 52 
26 53 
26 54 
26 57 
26 58 
26 65 
26 67 
26 68 
26 70 
26 73 
26 76 
27 29 
27 31 
27 32 
27 33 
27 38 
27 40 
27 42 
27 43 
27 45 
27 48 
27 49 
27 51 
27 54 
27 58 
27 62 
27 63 
27 66 
27 69 
27 74 
27 75 
27 79 
27 80 
28 30 
28 31 
28 34 
28 35 
28 37 
28 41 
28 42 
28 49 
28 50 
28 52 
28 54 
28 55 
28 56 
28 60 
28 61 
28 62 
28 63 
28 64 
28 68 
28 69 
28 72 
28 75 
28 80 
29 31 
29 35 
29 36 
29 38 
29 39 
29 40 
29 49 
29 59 
29 60 
29 61 
29 62 
29 69 
29 70 
30 35 
30 37 
30 39 
30 41 
30 51 
30 56 
30 58 
30 60 
30 64 
30 67 
30 68 
30 69 
30 73 
30 76 
30 77 
30 78 
30 79 
31 36 
31 40 
31 42 
31 45 
31 48 
31 49 
31 52 
31 54 
31 55 
31 57 
31 58 
31 59 
31 60 
31 61 
31 62 
31 66 
31 67 
31 71 
31 73 
31 75 
31 77 
31 80 
32 39 
32 42 
32 45 
32 46 
32 49 
32 50 
32 52 
32 54 
32 55 
32 56 
32 57 
32 59 
32 60 
32 64 
32 65 
32 67 
32 70 
32 71 
32 75 
32 76 
32 77 
32 80 
33 40 
33 42 
33 43 
33 45 
33 46 
33 47 
33 49 
33 50 
33 51 
33 54 
33 55 
33 56 
33 61 
33 65 
33 69 
33 71 
33 72 
33 73 
33 74 
33 75 
33 76 
33 78 
34 35 
34 36 
34 38 
34 41 
34 44 
34 51 
34 57 
34 58 
34 59 
34 60 
34 63 
34 69 
34 70 
34 72 
34 76 
34 79 
34 80 
35 37 
35 41 
35 47 
35 51 
35 52 
35 55 
35 56 
35 58 
35 59 
35 60 
35 61 
35 71 
35 73 
35 76 
35 80 
36 37 
36 39 
36 40 
36 45 
36 48 
36 49 
36 50 
36 53 
36 55 
36 57 
36 59 
36 61 
36 64 
36 68 
36 71 
36 74 
36 75 
36 77 
37 39 
37 40 
37 41 
37 42 
37 43 
37 44 
37 55 
37 56 
37 57 
37 59 
37 60 
37 65 
37 68 
37 70 
37 72 
37 74 
38 39 
38 42 
38 45 
38 47 
38 53 
38 58 
38 62 
38 63 
38 64 
38 65 
38 69 
38 70 
38 72 
38 73 
38 74 
38 77 
39 41 
39 44 
39 47 
39 48 
39 54 
39 56 
39 57 
39 59 
39 61 
39 62 
39 64 
39 70 
39 71 
39 72 
39 75 
39 77 
39 79 
40 41 
40 43 
40 44 
40 45 
40 48 
40 51 
40 52 
40 55 
40 57 
40 58 
40 61 
40 62 
40 64 
40 68 
40 72 
40 74 
40 75 
40 77 
40 80 
41 42 
41 45 
41 46 
41 48 
41 49 
41 52 
41 57 
41 60 
41 64 
41 65 
41 68 
41 79 
42 45 
42 47 
42 50 
42 58 
42 61 
42 62 
42 63 
42 64 
42 68 
42 69 
42 71 
42 72 
42 74 
42 76 
42 77 
42 79 
42 80 
43 44 
43 45 
43 51 
43 52 
43 56 
43 57 
43 58 
43 62 
43 63 
43 67 
43 70 
43 74 
44 45 
44 49 
44 50 
44 51 
44 57 
44 61 
44 67 
44 68 
44 70 
44 71 
44 78 
44 80 
45 46 
45 48 
45 51 
45 52 
45 53 
45 54 
45 56 
45 58 
45 61 
45 62 
45 67 
45 71 
45 73 
45 75 
45 77 
46 48 
46 50 
46 53 
46 58 
46 64 
46 68 
46 70 
46 71 
46 74 
46 76 
46 78 
46 79 
47 51 
47 52 
47 54 
47 58 
47 60 
47 61 
47 62 
47 67 
47 68 
47 69 
47 72 
47 73 
47 74 
48 49 
48 50 
48 53 
48 55 
48 61 
48 62 
48 63 
48 66 
48 67 
48 71 
48 72 
48 73 
48 78 
49 51 
49 55 
49 56 
49 58 
49 59 
49 68 
49 69 
49 70 
49 76 
49 77 
49 80 
50 55 
50 56 
50 65 
50 67 
50 68 
50 69 
50 70 
50 73 
50 77 
50 78 
51 54 
51 55 
51 56 
51 59 
51 60 
51 62 
51 69 
51 72 
51 74 
51 75 
51 77 
51 79 
52 53 
52 58 
52 59 
52 61 
52 62 
52 63 
52 66 
52 70 
52 71 
52 72 
52 74 
52 76 
52 79 
53 54 
53 57 
53 59 
53 60 
53 61 
53 62 
53 63 
53 68 
53 69 
53 70 
53 72 
53 73 
53 76 
53 77 
54 56 
54 59 
54 60 
54 61 
54 64 
54 65 
54 66 
54 69 
54 71 
54 72 
54 73 
54 74 
54 75 
54 77 
54 78 
54 79 
54 80 
55 56 
55 57 
55 58 
55 61 
55 62 
55 69 
55 70 
55 73 
55 75 
55 79 
55 80 
56 58 
56 63 
56 64 
56 68 
56 72 
56 73 
56 74 
56 75 
56 76 
57 59 
57 60 
57 65 
57 67 
57 69 
57 71 
57 73 
57 76 
57 79 
58 60 
58 61 
58 64 
58 67 
58 69 
58 71 
58 72 
58 74 
58 75 
58 79 
58 80 
59 62 
59 68 
59 69 
59 71 
59 76 
59 77 
59 78 
59 79 
59 80 
60 61 
60 62 
60 64 
60 65 
60 66 
60 69 
60 74 
60 80 
61 62 
61 63 
61 65 
61 66 
61 71 
61 76 
62 63 
62 69 
62 70 
62 71 
62 72 
63 66 
63 77 
63 80 
64 66 
64 67 
64 69 
64 72 
64 78 
64 80 
65 66 
65 68 
65 70 
65 71 
65 73 
65 74 
65 78 
66 67 
66 75 
66 76 
66 77 
66 79 
67 73 
68 69 
68 72 
68 73 
68 75 
68 76 
68 77 
68 79 
68 80 
69 71 
69 78 
69 80 
70 71 
70 72 
70 73 
70 74 
70 75 
70 79 
70 80 
71 75 
71 76 
72 74 
72 75 
72 76 
72 77 
72 80 
73 74 
73 77 
74 75 
74 77 
74 80 
75 76 
75 79 
75 80 
76 78 
76 79 
77 78 
77 79 
77 80 
