nNodes=40;
 nPairs=297;
Cost=

41  41  41  0  0  41  0  0  41  0  41  0  0  0  0  41  0  41  0  41  41  0  0  0  41  41  41  0  0  0  41  0  41  0  0  0  0  41  41  0  

41  41  0  41  0  41  0  0  41  0  0  0  0  41  41  41  0  0  0  41  41  0  41  41  0  0  41  0  0  41  41  0  0  0  0  0  0  0  0  0  

41  0  41  41  41  41  0  0  41  41  0  0  41  41  41  0  0  0  41  41  0  0  0  41  41  41  0  0  0  0  0  0  0  0  0  0  0  0  0  0  

0  41  41  41  0  41  0  0  0  41  0  0  0  41  0  41  0  0  0  0  0  41  41  0  41  41  41  0  41  0  41  0  41  41  0  41  41  0  41  0  

0  0  41  0  41  41  0  0  0  0  0  41  0  0  0  0  0  0  0  0  0  0  41  0  41  0  0  41  0  41  0  41  0  41  41  41  0  41  0  0  

41  41  41  41  41  41  0  0  0  41  0  0  41  0  0  0  0  41  0  41  0  0  0  41  41  41  0  41  0  41  41  41  0  41  0  0  0  41  41  0  

0  0  0  0  0  0  41  0  0  41  0  41  41  0  0  41  0  0  0  0  41  0  0  41  41  0  0  0  0  0  41  0  0  41  0  0  41  41  0  0  

0  0  0  0  0  0  0  41  0  0  41  41  0  0  0  0  41  41  41  41  0  0  41  41  0  0  0  0  41  0  0  0  41  0  0  0  0  0  41  41  

41  41  41  0  0  0  0  0  41  0  0  0  0  0  0  0  0  0  0  41  0  0  41  0  0  41  41  0  41  0  41  0  0  0  41  41  0  0  0  0  

0  0  41  41  0  41  41  0  0  41  0  41  0  0  0  41  0  0  0  41  41  41  0  0  41  41  41  41  41  0  41  0  41  41  41  0  41  41  41  0  

41  0  0  0  0  0  0  41  0  0  41  0  0  41  41  41  0  41  0  41  41  0  0  0  0  41  0  41  41  0  41  0  0  41  0  41  0  0  0  0  

0  0  0  0  41  0  41  41  0  41  0  41  0  0  0  41  41  0  41  0  41  41  41  0  0  0  41  0  41  41  0  0  41  0  0  0  0  41  41  0  

0  0  41  0  0  41  41  0  0  0  0  0  41  0  0  0  0  0  0  0  0  41  41  0  41  41  0  41  41  41  0  41  0  41  41  0  0  0  41  41  

0  41  41  41  0  0  0  0  0  0  41  0  0  41  0  0  0  0  41  41  41  41  0  0  0  41  41  0  0  0  41  41  41  0  0  0  0  0  41  0  

0  41  41  0  0  0  0  0  0  0  41  0  0  0  41  0  0  0  0  0  41  41  0  0  0  0  0  0  0  41  0  0  0  0  41  41  41  0  41  0  

41  41  0  41  0  0  41  0  0  41  41  41  0  0  0  41  41  0  0  41  0  0  0  0  0  0  41  0  0  0  0  0  0  41  0  0  0  41  41  0  

0  0  0  0  0  0  0  41  0  0  0  41  0  0  0  41  41  41  0  0  0  41  41  41  0  0  0  41  0  0  0  0  41  0  0  0  0  41  0  41  

41  0  0  0  0  41  0  41  0  0  41  0  0  0  0  0  41  41  41  0  0  41  0  41  0  0  41  0  0  0  0  0  41  41  41  41  41  0  41  0  

0  0  41  0  0  0  0  41  0  0  0  41  0  41  0  0  0  41  41  0  41  0  0  0  41  0  0  0  0  0  0  41  0  41  0  0  41  41  0  0  

41  41  41  0  0  41  0  41  41  41  41  0  0  41  0  41  0  0  0  41  0  0  0  41  0  0  0  0  41  41  0  0  0  0  0  41  41  0  41  0  

41  41  0  0  0  0  41  0  0  41  41  41  0  41  41  0  0  0  41  0  41  0  41  41  41  0  41  41  41  41  0  0  0  41  0  41  0  0  41  41  

0  0  0  41  0  0  0  0  0  41  0  41  41  41  41  0  41  41  0  0  0  41  0  41  0  41  41  0  41  41  0  0  0  0  0  41  41  0  0  0  

0  41  0  41  41  0  0  41  41  0  0  41  41  0  0  0  41  0  0  0  41  0  41  0  41  0  0  0  0  41  0  41  0  41  0  0  0  41  0  0  

0  41  41  0  0  41  41  41  0  0  0  0  0  0  0  0  41  41  0  41  41  41  0  41  0  41  0  0  0  41  41  0  0  0  41  0  0  0  41  0  

41  0  41  41  41  41  41  0  0  41  0  0  41  0  0  0  0  0  41  0  41  0  41  0  41  41  0  0  0  0  41  41  0  0  0  41  0  41  41  0  

41  0  41  41  0  41  0  0  41  41  41  0  41  41  0  0  0  0  0  0  0  41  0  41  41  41  0  0  0  0  41  0  0  41  0  0  0  0  41  0  

41  41  0  41  0  0  0  0  41  41  0  41  0  41  0  41  0  41  0  0  41  41  0  0  0  0  41  41  0  41  0  0  41  0  0  41  0  0  41  41  

0  0  0  0  41  41  0  0  0  41  41  0  41  0  0  0  41  0  0  0  41  0  0  0  0  0  41  41  0  0  41  41  41  41  0  0  0  0  41  41  

0  0  0  41  0  0  0  41  41  41  41  41  41  0  0  0  0  0  0  41  41  41  0  0  0  0  0  0  41  0  0  41  0  0  0  0  41  0  0  0  

0  41  0  0  41  41  0  0  0  0  0  41  41  0  41  0  0  0  0  41  41  41  41  41  0  0  41  0  0  41  0  0  0  41  41  41  0  0  0  41  

41  41  0  41  0  41  41  0  41  41  41  0  0  41  0  0  0  0  0  0  0  0  0  41  41  41  0  41  0  0  41  0  41  0  41  0  41  41  41  41  

0  0  0  0  41  41  0  0  0  0  0  0  41  41  0  0  0  0  41  0  0  0  41  0  41  0  0  41  41  0  0  41  41  0  41  0  0  0  41  41  

41  0  0  41  0  0  0  41  0  41  0  41  0  41  0  0  41  41  0  0  0  0  0  0  0  0  41  41  0  0  41  41  41  0  0  41  0  41  41  0  

0  0  0  41  41  41  41  0  0  41  41  0  41  0  0  41  0  41  41  0  41  0  41  0  0  41  0  41  0  41  0  0  0  41  0  41  0  0  41  0  

0  0  0  0  41  0  0  0  41  41  0  0  41  0  41  0  0  41  0  0  0  0  0  41  0  0  0  0  0  41  41  41  0  0  41  0  41  0  41  0  

0  0  0  41  41  0  0  0  41  0  41  0  0  0  41  0  0  41  0  41  41  41  0  0  41  0  41  0  0  41  0  0  41  41  0  41  0  0  41  41  

0  0  0  41  0  0  41  0  0  41  0  0  0  0  41  0  0  41  41  41  0  41  0  0  0  0  0  0  41  0  41  0  0  0  41  0  41  0  0  41  

41  0  0  0  41  41  41  0  0  41  0  41  0  0  0  41  41  0  41  0  0  0  41  0  41  0  0  0  0  0  41  0  41  0  0  0  0  41  41  41  

41  0  0  41  0  41  0  41  0  41  0  41  41  41  41  41  0  41  0  41  41  0  0  41  41  41  41  41  0  0  41  41  41  41  41  41  0  41  41  0  

0  0  0  0  0  0  0  41  0  0  0  0  41  0  0  0  41  0  0  0  41  0  0  0  0  0  41  41  0  41  41  41  0  0  0  41  41  41  0  41  

UnPairedArc=
1 2 
1 3 
1 6 
1 9 
1 11 
1 16 
1 18 
1 20 
1 21 
1 25 
1 26 
1 27 
1 31 
1 33 
1 38 
1 39 
2 4 
2 6 
2 9 
2 14 
2 15 
2 16 
2 20 
2 21 
2 23 
2 24 
2 27 
2 30 
2 31 
3 4 
3 5 
3 6 
3 9 
3 10 
3 13 
3 14 
3 15 
3 19 
3 20 
3 24 
3 25 
3 26 
4 6 
4 10 
4 14 
4 16 
4 22 
4 23 
4 25 
4 26 
4 27 
4 29 
4 31 
4 33 
4 34 
4 36 
4 37 
4 39 
5 6 
5 12 
5 23 
5 25 
5 28 
5 30 
5 32 
5 34 
5 35 
5 36 
5 38 
6 10 
6 13 
6 18 
6 20 
6 24 
6 25 
6 26 
6 28 
6 30 
6 31 
6 32 
6 34 
6 38 
6 39 
7 10 
7 12 
7 13 
7 16 
7 21 
7 24 
7 25 
7 31 
7 34 
7 37 
7 38 
8 11 
8 12 
8 17 
8 18 
8 19 
8 20 
8 23 
8 24 
8 29 
8 33 
8 39 
8 40 
9 20 
9 23 
9 26 
9 27 
9 29 
9 31 
9 35 
9 36 
10 12 
10 16 
10 20 
10 21 
10 22 
10 25 
10 26 
10 27 
10 28 
10 29 
10 31 
10 33 
10 34 
10 35 
10 37 
10 38 
10 39 
11 14 
11 15 
11 16 
11 18 
11 20 
11 21 
11 26 
11 28 
11 29 
11 31 
11 34 
11 36 
12 16 
12 17 
12 19 
12 21 
12 22 
12 23 
12 27 
12 29 
12 30 
12 33 
12 38 
12 39 
13 22 
13 23 
13 25 
13 26 
13 28 
13 29 
13 30 
13 32 
13 34 
13 35 
13 39 
13 40 
14 19 
14 20 
14 21 
14 22 
14 26 
14 27 
14 31 
14 32 
14 33 
14 39 
15 21 
15 22 
15 30 
15 35 
15 36 
15 37 
15 39 
16 17 
16 20 
16 27 
16 34 
16 38 
16 39 
17 18 
17 22 
17 23 
17 24 
17 28 
17 33 
17 38 
17 40 
18 19 
18 22 
18 24 
18 27 
18 33 
18 34 
18 35 
18 36 
18 37 
18 39 
19 21 
19 25 
19 32 
19 34 
19 37 
19 38 
20 24 
20 29 
20 30 
20 36 
20 37 
20 39 
21 23 
21 24 
21 25 
21 27 
21 28 
21 29 
21 30 
21 34 
21 36 
21 39 
21 40 
22 24 
22 26 
22 27 
22 29 
22 30 
22 36 
22 37 
23 25 
23 30 
23 32 
23 34 
23 38 
24 26 
24 30 
24 31 
24 35 
24 39 
25 26 
25 31 
25 32 
25 36 
25 38 
25 39 
26 31 
26 34 
26 39 
27 28 
27 30 
27 33 
27 36 
27 39 
27 40 
28 31 
28 32 
28 33 
28 34 
28 39 
28 40 
29 32 
29 37 
30 34 
30 35 
30 36 
30 40 
31 33 
31 35 
31 37 
31 38 
31 39 
31 40 
32 33 
32 35 
32 39 
32 40 
33 36 
33 38 
33 39 
34 36 
34 39 
35 37 
35 39 
36 39 
36 40 
37 40 
38 39 
38 40 
