nNodes=60;
 nPairs=856;
Cost=

61  61  61  0  61  0  0  0  61  0  0  61  61  0  61  61  61  0  61  61  0  0  0  61  0  0  0  61  61  61  0  61  61  61  0  61  0  0  0  0  61  0  61  0  61  0  0  61  61  0  0  0  0  0  0  61  0  61  61  61  

61  61  0  0  0  0  61  0  61  61  0  0  61  0  0  0  0  61  61  61  0  0  61  61  61  0  0  0  0  61  0  0  0  61  0  61  61  0  0  0  0  61  61  0  61  0  61  0  61  0  61  61  0  61  0  61  0  0  61  61  

61  0  61  61  0  0  0  61  0  0  0  0  61  0  0  0  0  61  0  0  61  0  0  0  61  0  61  61  0  0  61  0  0  0  0  61  61  61  61  0  0  61  61  61  61  0  0  61  61  61  61  0  0  0  61  0  61  61  61  61  

0  0  61  61  0  0  61  61  61  0  0  0  61  61  61  0  0  61  0  61  0  0  0  0  0  61  0  0  0  61  61  61  61  0  0  61  61  61  0  61  61  0  61  0  0  0  61  61  61  61  0  0  0  0  61  61  0  0  0  61  

61  0  0  0  61  0  0  0  0  61  61  61  0  0  0  61  61  61  61  61  61  0  61  0  61  0  0  0  0  0  0  61  61  0  0  61  61  0  61  61  61  0  61  61  61  61  61  0  61  61  61  61  61  0  0  0  61  61  61  0  

0  0  0  0  0  61  61  61  0  61  61  0  61  0  0  0  0  61  0  61  61  61  61  61  61  61  61  61  0  0  0  0  0  61  61  61  0  0  61  0  0  61  0  61  0  61  0  0  61  0  61  61  0  61  0  61  61  61  61  61  

0  61  0  61  0  61  61  0  0  61  61  0  0  61  0  0  61  61  0  61  61  61  61  61  61  61  61  0  61  0  61  0  0  61  0  0  61  0  0  61  0  61  61  61  61  61  0  0  61  61  61  0  0  0  61  61  61  0  0  0  

0  0  61  61  0  61  0  61  0  0  0  61  0  0  61  61  0  61  61  61  61  61  0  0  0  61  61  0  0  61  61  61  61  0  61  61  61  0  61  61  0  0  0  61  0  61  0  61  0  61  0  61  61  61  0  61  61  61  61  61  

61  61  0  61  0  0  0  0  61  61  61  0  0  0  0  61  0  61  61  0  0  61  0  61  61  0  0  61  0  61  0  61  61  0  61  0  0  0  61  0  61  0  0  0  0  61  0  0  0  0  0  0  0  61  61  61  0  0  0  61  

0  61  0  0  61  61  61  0  61  61  61  0  0  61  61  0  61  0  61  61  61  61  61  61  0  0  61  0  0  0  61  61  0  61  0  0  61  0  0  61  0  0  0  61  0  61  0  0  61  0  61  61  61  0  0  61  61  0  0  0  

0  0  0  0  61  61  61  0  61  61  61  0  0  0  0  61  0  0  0  0  61  0  0  0  0  0  0  61  61  0  0  0  0  0  61  61  61  61  61  0  61  0  61  0  61  0  0  61  61  61  0  61  0  0  61  61  61  0  61  61  

61  0  0  0  61  0  0  61  0  0  0  61  0  61  61  61  61  61  61  0  61  0  0  61  61  0  0  61  0  61  61  61  0  61  0  61  0  61  0  61  61  61  61  0  0  0  61  0  61  0  61  61  0  0  61  0  0  61  61  61  

61  61  61  61  0  61  0  0  0  0  0  0  61  61  0  0  0  0  61  61  61  0  61  61  61  61  61  0  61  61  61  61  0  0  0  0  61  61  61  0  0  61  61  61  0  0  0  61  0  0  0  0  61  0  61  0  0  0  61  0  

0  0  0  61  0  0  61  0  0  61  0  61  61  61  0  0  61  0  61  61  61  0  0  0  0  0  0  0  0  61  61  61  0  61  0  0  0  0  61  0  61  61  0  61  61  0  0  61  0  0  0  0  61  61  0  61  61  61  61  0  

61  0  0  61  0  0  0  61  0  61  0  61  0  0  61  0  61  0  61  61  61  61  0  0  61  0  61  0  61  61  0  0  0  0  0  0  61  0  0  61  0  61  0  0  61  61  61  0  0  0  61  61  61  61  61  0  0  0  61  61  

61  0  0  0  61  0  0  61  61  0  61  61  0  0  0  61  61  0  61  0  0  0  0  61  0  61  61  61  61  0  0  0  61  61  0  61  0  0  0  61  0  0  0  61  61  61  0  0  0  61  0  0  0  0  61  0  61  0  0  0  

61  0  0  0  61  0  61  0  0  61  0  61  0  61  61  61  61  0  0  61  61  0  61  61  0  61  0  61  0  0  0  0  61  0  0  61  0  61  0  61  61  0  61  0  0  61  61  61  0  0  0  0  0  0  61  0  0  61  0  61  

0  61  61  61  61  61  61  61  61  0  0  61  0  0  0  0  0  61  61  0  0  61  0  0  61  0  61  0  61  0  61  0  0  0  61  61  61  61  0  0  0  61  61  61  61  0  61  61  0  61  0  61  61  0  61  61  61  0  0  61  

61  61  0  0  61  0  0  61  61  61  0  61  61  61  61  61  0  61  61  0  61  0  0  0  61  0  0  0  61  61  0  0  61  0  61  0  61  0  0  61  61  0  61  0  0  61  0  61  61  61  0  61  61  0  61  61  61  0  0  0  

61  61  0  61  61  61  61  61  0  61  0  0  61  61  61  0  61  0  0  61  61  0  0  61  0  61  0  0  61  61  0  61  61  0  61  0  0  0  61  0  0  61  61  61  0  61  61  61  0  61  61  0  61  61  0  0  61  0  0  0  

0  0  61  0  61  61  61  61  0  61  61  61  61  61  61  0  61  0  61  61  61  61  0  61  61  61  61  61  61  0  61  0  0  61  61  0  0  61  61  61  61  0  61  0  0  0  0  0  0  0  61  0  61  0  0  0  61  0  61  0  

0  0  0  0  0  61  61  61  61  61  0  0  0  0  61  0  0  61  0  0  61  61  61  61  0  61  61  61  61  0  61  61  0  61  61  0  0  61  0  0  61  61  61  0  61  61  61  61  61  61  61  0  61  0  0  0  0  0  0  0  

0  61  0  0  61  61  61  0  0  61  0  0  61  0  0  0  61  0  0  0  0  61  61  0  0  0  61  61  0  61  61  61  61  0  61  61  61  61  0  0  0  0  0  0  61  61  0  0  0  0  61  0  0  61  0  0  61  0  0  61  

61  61  0  0  0  61  61  0  61  61  0  61  61  0  0  61  61  0  0  61  61  61  0  61  0  0  0  61  0  0  0  61  61  0  61  61  0  61  0  0  0  61  0  0  61  61  61  0  0  61  0  0  61  61  61  0  61  0  61  61  

0  61  61  0  61  61  61  0  61  0  0  61  61  0  61  0  0  61  61  0  61  0  0  0  61  0  0  0  61  61  61  61  61  61  61  0  61  61  0  0  0  0  61  0  0  61  0  61  61  0  0  0  0  61  0  0  0  0  0  61  

0  0  0  61  0  61  61  61  0  0  0  0  61  0  0  61  61  0  0  61  61  61  0  0  0  61  61  61  0  0  0  0  61  0  61  0  0  61  0  0  61  0  0  0  61  0  0  61  0  61  0  61  0  61  61  0  0  0  61  0  

0  0  61  0  0  61  61  61  0  61  0  0  61  0  61  61  0  61  0  0  61  61  61  0  0  61  61  0  0  0  61  0  61  61  61  0  61  0  61  0  61  0  0  61  0  0  61  61  61  61  61  61  61  61  61  61  61  61  0  0  

61  0  61  0  0  61  0  0  61  0  61  61  0  0  0  61  61  0  0  0  61  61  61  61  0  61  0  61  61  61  61  0  0  0  61  61  61  0  0  0  0  0  0  0  61  61  0  61  0  61  0  61  0  61  0  61  0  0  61  61  

61  0  0  0  0  0  61  0  0  0  61  0  61  0  61  61  0  61  61  61  61  61  0  0  61  0  0  61  61  0  0  0  61  61  0  61  61  61  0  61  0  61  0  61  61  0  0  61  61  61  0  0  61  61  0  0  0  61  0  0  

61  61  0  61  0  0  0  61  61  0  0  61  61  61  61  0  0  0  61  61  0  0  61  0  61  0  0  61  0  61  0  0  61  0  61  0  0  0  0  0  61  61  0  0  61  61  0  61  61  61  61  0  0  0  0  61  0  61  0  0  

0  0  61  61  0  0  61  61  0  61  0  61  61  61  0  0  0  61  0  0  61  61  61  0  61  0  61  61  0  0  61  61  0  0  61  61  0  61  61  61  61  0  0  61  61  61  61  61  0  0  61  61  0  0  61  0  0  61  0  0  

61  0  0  61  61  0  0  61  61  61  0  61  61  61  0  0  0  0  0  61  0  61  61  61  61  0  0  0  0  0  61  61  0  61  61  61  61  0  0  61  61  61  0  61  61  61  0  61  61  61  61  61  0  61  0  0  0  0  61  61  

61  0  0  61  61  0  0  61  61  0  0  0  0  0  0  61  61  0  61  61  0  0  61  61  61  61  61  0  61  61  0  0  61  0  61  61  61  0  0  0  61  0  61  61  0  61  0  0  61  61  0  61  0  61  0  61  61  0  61  61  

61  61  0  0  0  61  61  0  0  61  0  61  0  61  0  61  0  0  0  0  61  61  0  0  61  0  61  0  61  0  0  61  0  61  0  0  61  61  61  61  61  0  61  0  61  0  0  61  61  0  0  0  0  0  0  0  0  61  0  61  

0  0  0  0  0  61  0  61  61  0  61  0  0  0  0  0  0  61  61  61  61  61  61  61  61  61  61  61  0  61  61  61  61  0  61  0  61  61  61  61  61  0  0  61  0  0  0  0  0  0  61  0  0  61  0  0  0  61  0  0  

61  61  61  61  61  61  0  61  0  0  61  61  0  0  0  61  61  61  0  0  0  0  61  61  0  0  0  61  61  0  61  61  61  0  0  61  0  0  61  61  61  0  0  0  0  61  61  0  61  0  0  61  61  61  0  61  0  61  61  61  

0  61  61  61  61  0  61  61  0  61  61  0  61  0  61  0  0  61  61  0  0  0  61  0  61  0  61  61  61  0  0  61  61  61  61  0  61  0  0  0  0  0  0  0  61  61  61  0  0  0  0  0  0  0  61  0  0  0  61  61  

0  0  61  61  0  0  0  0  0  0  61  61  61  0  0  0  61  61  0  0  61  61  61  61  61  61  0  0  61  0  61  0  0  61  61  0  0  61  0  0  61  0  0  61  0  0  61  0  61  61  0  0  0  61  0  61  0  0  0  0  

0  0  61  0  61  61  0  61  61  0  61  0  61  61  0  0  0  0  0  61  61  0  0  0  0  0  61  0  0  0  61  0  0  61  61  61  0  0  61  0  0  0  61  61  61  0  0  61  0  61  0  61  61  0  61  61  0  0  61  0  

0  0  0  61  61  0  61  61  0  61  0  61  0  0  61  61  61  0  61  0  61  0  0  0  0  0  0  0  61  0  61  61  0  61  61  61  0  0  0  61  61  0  61  0  0  61  61  61  61  0  0  0  61  61  0  61  0  0  0  61  

61  0  0  61  61  0  0  0  61  0  61  61  0  61  0  0  61  0  61  0  61  61  0  0  0  61  61  0  0  61  61  61  61  61  61  61  0  61  0  61  61  61  0  0  61  0  0  0  61  61  61  61  61  0  61  0  61  61  61  61  

0  61  61  0  0  61  61  0  0  0  0  61  61  61  61  0  0  61  0  61  0  61  0  61  0  0  0  0  61  61  0  61  0  0  0  0  0  0  0  0  61  61  61  0  61  61  0  0  61  61  0  61  0  61  0  0  61  0  0  0  

61  61  61  61  61  0  61  0  0  0  61  61  61  0  0  0  61  61  61  61  61  61  0  0  61  0  0  0  0  0  0  0  61  61  0  0  0  0  61  61  0  61  61  0  0  61  61  61  61  0  0  61  61  0  0  61  61  0  0  0  

0  0  61  0  61  61  61  61  0  61  0  0  61  61  0  61  0  61  0  61  0  0  0  0  0  0  61  0  61  0  61  61  61  0  61  0  0  61  61  0  0  0  0  61  61  61  0  0  0  0  61  0  0  0  61  0  0  0  61  61  

61  61  61  0  61  0  61  0  0  0  61  0  0  61  61  61  0  61  0  0  0  61  61  61  0  61  0  61  61  61  61  61  0  61  0  0  61  0  61  0  61  61  0  61  61  61  0  61  0  61  0  61  61  61  61  0  0  0  61  0  

0  0  0  0  61  61  61  61  61  61  0  0  0  0  61  61  61  0  61  61  0  61  61  61  61  0  0  61  0  61  61  61  61  0  0  61  61  0  0  61  0  61  61  61  61  61  61  0  61  0  0  0  61  61  61  0  0  61  61  0  

0  61  0  61  61  0  0  0  0  0  0  61  0  0  61  0  61  61  0  61  0  61  0  61  0  0  61  0  0  0  61  0  0  0  0  61  61  61  0  61  0  0  61  0  0  61  61  0  0  0  61  61  61  61  0  61  0  0  0  61  

61  0  61  61  0  0  0  61  0  0  61  0  61  61  0  0  61  61  61  61  0  61  0  0  61  61  61  61  61  61  61  61  0  61  0  0  0  0  61  61  0  0  61  0  61  0  0  61  61  0  0  61  0  61  0  61  0  0  61  0  

61  61  61  61  61  61  61  0  0  61  61  61  0  0  0  0  0  0  61  0  0  61  0  0  61  0  61  0  61  61  0  61  61  61  0  61  0  61  0  61  61  61  61  0  0  61  0  61  61  0  61  0  61  0  61  0  0  0  0  61  

0  0  61  61  61  0  61  61  0  0  61  0  0  0  0  61  0  61  61  61  0  61  0  61  0  61  61  61  61  61  0  61  61  0  0  0  0  61  61  0  61  61  0  0  61  0  0  0  0  61  61  0  0  0  0  61  61  0  61  0  

0  61  61  0  61  61  61  0  0  61  0  61  0  0  61  0  0  0  0  61  61  61  61  0  0  0  61  0  0  61  61  61  0  0  61  0  0  0  0  0  61  0  0  61  0  0  61  0  61  61  61  0  61  61  61  61  0  0  0  61  

0  61  0  0  61  61  0  61  0  61  61  61  0  0  61  0  0  61  61  0  0  0  0  0  0  61  61  61  0  0  61  61  61  0  0  61  0  0  61  0  61  61  61  0  61  0  61  61  0  0  0  61  61  0  61  0  61  0  61  61  

0  0  0  0  61  0  0  61  0  61  0  0  61  61  61  0  0  61  61  61  61  61  0  61  0  0  61  0  61  0  0  0  0  0  0  61  0  0  61  61  61  0  61  0  61  61  61  0  61  0  61  61  61  61  61  0  61  0  61  0  

0  61  0  0  0  61  0  61  61  0  0  0  0  61  61  0  0  0  0  61  0  0  61  61  61  61  61  61  61  0  0  61  61  0  61  61  0  61  0  61  0  61  0  0  61  61  61  61  0  0  61  0  61  61  61  0  61  0  61  61  

0  0  61  61  0  0  61  0  61  0  61  61  61  0  61  61  61  61  61  0  0  0  0  61  0  61  61  0  0  0  61  0  0  0  0  0  61  0  61  0  61  0  0  61  61  61  0  0  61  0  61  61  61  61  61  61  61  61  61  61  

61  61  0  61  0  61  61  61  61  61  61  0  0  61  0  0  0  61  61  0  0  0  0  0  0  0  61  61  0  61  0  0  61  0  0  61  0  61  61  61  0  0  61  0  0  0  61  61  0  61  61  0  0  0  61  61  61  0  61  0  

0  0  61  0  61  61  61  61  0  61  61  0  0  61  0  61  0  61  61  61  61  0  61  61  0  0  61  0  0  0  0  0  61  0  0  0  0  0  0  0  61  61  61  0  0  0  0  0  0  61  0  61  61  61  61  61  61  0  61  0  

61  0  61  0  61  61  0  61  0  0  0  61  0  61  0  0  61  0  0  0  0  0  0  0  0  0  61  0  61  61  61  0  0  61  61  61  0  0  0  0  61  0  0  0  0  61  0  0  0  0  0  0  0  0  61  0  0  61  0  0  

61  61  61  0  61  61  0  61  0  0  61  61  61  61  61  0  0  0  0  0  61  0  0  61  0  61  0  61  0  0  0  61  61  0  0  61  61  0  61  0  61  0  0  61  61  61  0  61  0  61  0  61  61  61  61  61  61  0  61  61  

61  61  61  61  0  61  0  61  61  0  61  61  0  0  61  0  61  61  0  0  0  0  61  61  61  0  0  61  0  0  0  61  61  61  0  61  61  0  0  61  61  0  0  61  0  0  61  0  61  0  61  61  0  61  61  0  0  0  61  61  

UnPairedArc=
1 2 
1 3 
1 5 
1 9 
1 12 
1 13 
1 15 
1 16 
1 17 
1 19 
1 20 
1 24 
1 28 
1 29 
1 30 
1 32 
1 33 
1 34 
1 36 
1 41 
1 43 
1 45 
1 48 
1 49 
1 56 
1 58 
1 59 
1 60 
2 7 
2 9 
2 10 
2 13 
2 18 
2 19 
2 20 
2 23 
2 24 
2 25 
2 30 
2 34 
2 36 
2 37 
2 42 
2 43 
2 45 
2 47 
2 49 
2 51 
2 52 
2 54 
2 56 
2 59 
2 60 
3 4 
3 8 
3 13 
3 18 
3 21 
3 25 
3 27 
3 28 
3 31 
3 36 
3 37 
3 38 
3 39 
3 42 
3 43 
3 44 
3 45 
3 48 
3 49 
3 50 
3 51 
3 55 
3 57 
3 58 
3 59 
3 60 
4 7 
4 8 
4 9 
4 13 
4 14 
4 15 
4 18 
4 20 
4 26 
4 30 
4 31 
4 32 
4 33 
4 36 
4 37 
4 38 
4 40 
4 41 
4 43 
4 47 
4 48 
4 49 
4 50 
4 55 
4 56 
4 60 
5 10 
5 11 
5 12 
5 16 
5 17 
5 18 
5 19 
5 20 
5 21 
5 23 
5 25 
5 32 
5 33 
5 36 
5 37 
5 39 
5 40 
5 41 
5 43 
5 44 
5 45 
5 46 
5 47 
5 49 
5 50 
5 51 
5 52 
5 53 
5 57 
5 58 
5 59 
6 7 
6 8 
6 10 
6 11 
6 13 
6 18 
6 20 
6 21 
6 22 
6 23 
6 24 
6 25 
6 26 
6 27 
6 28 
6 34 
6 35 
6 36 
6 39 
6 42 
6 44 
6 46 
6 49 
6 51 
6 52 
6 54 
6 56 
6 57 
6 58 
6 59 
6 60 
7 10 
7 11 
7 14 
7 17 
7 18 
7 20 
7 21 
7 22 
7 23 
7 24 
7 25 
7 26 
7 27 
7 29 
7 31 
7 34 
7 37 
7 40 
7 42 
7 43 
7 44 
7 45 
7 46 
7 49 
7 50 
7 51 
7 55 
7 56 
7 57 
8 12 
8 15 
8 16 
8 18 
8 19 
8 20 
8 21 
8 22 
8 26 
8 27 
8 30 
8 31 
8 32 
8 33 
8 35 
8 36 
8 37 
8 39 
8 40 
8 44 
8 46 
8 48 
8 50 
8 52 
8 53 
8 54 
8 56 
8 57 
8 58 
8 59 
8 60 
9 10 
9 11 
9 16 
9 18 
9 19 
9 22 
9 24 
9 25 
9 28 
9 30 
9 32 
9 33 
9 35 
9 39 
9 41 
9 46 
9 54 
9 55 
9 56 
9 60 
10 11 
10 14 
10 15 
10 17 
10 19 
10 20 
10 21 
10 22 
10 23 
10 24 
10 27 
10 31 
10 32 
10 34 
10 37 
10 40 
10 44 
10 46 
10 49 
10 51 
10 52 
10 53 
10 56 
10 57 
11 16 
11 21 
11 28 
11 29 
11 35 
11 36 
11 37 
11 38 
11 39 
11 41 
11 43 
11 45 
11 48 
11 49 
11 50 
11 52 
11 55 
11 56 
11 57 
11 59 
11 60 
12 14 
12 15 
12 16 
12 17 
12 18 
12 19 
12 21 
12 24 
12 25 
12 28 
12 30 
12 31 
12 32 
12 34 
12 36 
12 38 
12 40 
12 41 
12 42 
12 43 
12 47 
12 49 
12 51 
12 52 
12 55 
12 58 
12 59 
12 60 
13 14 
13 19 
13 20 
13 21 
13 23 
13 24 
13 25 
13 26 
13 27 
13 29 
13 30 
13 31 
13 32 
13 37 
13 38 
13 39 
13 42 
13 43 
13 44 
13 48 
13 53 
13 55 
13 59 
14 17 
14 19 
14 20 
14 21 
14 30 
14 31 
14 32 
14 34 
14 39 
14 41 
14 42 
14 44 
14 45 
14 48 
14 53 
14 54 
14 56 
14 57 
14 58 
14 59 
15 17 
15 19 
15 20 
15 21 
15 22 
15 25 
15 27 
15 29 
15 30 
15 37 
15 40 
15 42 
15 45 
15 46 
15 47 
15 51 
15 52 
15 53 
15 54 
15 55 
15 59 
15 60 
16 17 
16 19 
16 24 
16 26 
16 27 
16 28 
16 29 
16 33 
16 34 
16 36 
16 40 
16 44 
16 45 
16 46 
16 50 
16 55 
16 57 
17 20 
17 21 
17 23 
17 24 
17 26 
17 28 
17 33 
17 36 
17 38 
17 40 
17 41 
17 43 
17 46 
17 47 
17 48 
17 55 
17 58 
17 60 
18 19 
18 22 
18 25 
18 27 
18 29 
18 31 
18 35 
18 36 
18 37 
18 38 
18 42 
18 43 
18 44 
18 45 
18 47 
18 48 
18 50 
18 52 
18 53 
18 55 
18 56 
18 57 
18 60 
19 21 
19 25 
19 29 
19 30 
19 33 
19 35 
19 37 
19 40 
19 41 
19 43 
19 46 
19 48 
19 49 
19 50 
19 52 
19 53 
19 55 
19 56 
19 57 
20 21 
20 24 
20 26 
20 29 
20 30 
20 32 
20 33 
20 35 
20 39 
20 42 
20 43 
20 44 
20 46 
20 47 
20 48 
20 50 
20 51 
20 53 
20 54 
20 57 
21 22 
21 24 
21 25 
21 26 
21 27 
21 28 
21 29 
21 31 
21 34 
21 35 
21 38 
21 39 
21 40 
21 41 
21 43 
21 51 
21 53 
21 57 
21 59 
22 23 
22 24 
22 26 
22 27 
22 28 
22 29 
22 31 
22 32 
22 34 
22 35 
22 38 
22 41 
22 42 
22 43 
22 45 
22 46 
22 47 
22 48 
22 49 
22 50 
22 51 
22 53 
23 27 
23 28 
23 30 
23 31 
23 32 
23 33 
23 35 
23 36 
23 37 
23 38 
23 45 
23 46 
23 51 
23 54 
23 57 
23 60 
24 28 
24 32 
24 33 
24 35 
24 36 
24 38 
24 42 
24 45 
24 46 
24 47 
24 50 
24 53 
24 54 
24 55 
24 57 
24 59 
24 60 
25 29 
25 30 
25 31 
25 32 
25 33 
25 34 
25 35 
25 37 
25 38 
25 43 
25 46 
25 48 
25 49 
25 54 
25 60 
26 27 
26 28 
26 33 
26 35 
26 38 
26 41 
26 45 
26 48 
26 50 
26 52 
26 54 
26 55 
26 59 
27 31 
27 33 
27 34 
27 35 
27 37 
27 39 
27 41 
27 44 
27 47 
27 48 
27 49 
27 50 
27 51 
27 52 
27 53 
27 54 
27 55 
27 56 
27 57 
27 58 
28 29 
28 30 
28 31 
28 35 
28 36 
28 37 
28 45 
28 46 
28 48 
28 50 
28 52 
28 54 
28 56 
28 59 
28 60 
29 33 
29 34 
29 36 
29 37 
29 38 
29 40 
29 42 
29 44 
29 45 
29 48 
29 49 
29 50 
29 53 
29 54 
29 58 
30 33 
30 35 
30 41 
30 42 
30 45 
30 46 
30 48 
30 49 
30 50 
30 51 
30 56 
30 58 
31 32 
31 35 
31 36 
31 38 
31 39 
31 40 
31 41 
31 44 
31 45 
31 46 
31 47 
31 48 
31 51 
31 52 
31 55 
31 58 
32 34 
32 35 
32 36 
32 37 
32 40 
32 41 
32 42 
32 44 
32 45 
32 46 
32 48 
32 49 
32 50 
32 51 
32 52 
32 54 
32 59 
32 60 
33 35 
33 36 
33 37 
33 41 
33 43 
33 44 
33 46 
33 49 
33 50 
33 52 
33 54 
33 56 
33 57 
33 59 
33 60 
34 37 
34 38 
34 39 
34 40 
34 41 
34 43 
34 45 
34 48 
34 49 
34 58 
34 60 
35 37 
35 38 
35 39 
35 40 
35 41 
35 44 
35 51 
35 54 
35 58 
36 39 
36 40 
36 41 
36 46 
36 47 
36 49 
36 52 
36 53 
36 54 
36 56 
36 58 
36 59 
36 60 
37 45 
37 46 
37 47 
37 55 
37 59 
37 60 
38 41 
38 44 
38 47 
38 49 
38 50 
38 54 
38 56 
39 43 
39 44 
39 45 
39 48 
39 50 
39 52 
39 53 
39 55 
39 56 
39 59 
40 41 
40 43 
40 46 
40 47 
40 48 
40 49 
40 53 
40 54 
40 56 
40 60 
41 42 
41 45 
41 49 
41 50 
41 51 
41 52 
41 53 
41 55 
41 57 
41 58 
41 59 
41 60 
42 43 
42 45 
42 46 
42 49 
42 50 
42 52 
42 54 
42 57 
43 46 
43 47 
43 48 
43 49 
43 52 
43 53 
43 56 
43 57 
44 45 
44 46 
44 51 
44 55 
44 59 
44 60 
45 46 
45 48 
45 50 
45 52 
45 53 
45 54 
45 55 
45 59 
46 47 
46 49 
46 53 
46 54 
46 55 
46 58 
46 59 
47 51 
47 52 
47 53 
47 54 
47 56 
47 60 
48 49 
48 52 
48 54 
48 56 
48 59 
49 51 
49 53 
49 55 
49 60 
50 51 
50 56 
50 57 
50 59 
51 53 
51 54 
51 55 
51 56 
51 60 
52 53 
52 55 
52 57 
52 59 
52 60 
53 54 
53 55 
53 57 
53 59 
54 55 
54 57 
54 59 
54 60 
55 56 
55 57 
55 58 
55 59 
55 60 
56 57 
56 59 
57 59 
59 60 
