nNodes=40;
 nPairs=519;
Cost=

41  0  41  41  0  0  41  0  41  0  0  41  41  41  41  0  0  41  41  41  0  41  0  0  41  0  41  41  0  41  0  0  41  41  41  0  41  41  0  41  

0  41  41  41  41  0  41  41  0  41  41  0  41  41  0  41  41  0  41  41  41  0  0  41  41  41  41  0  41  41  41  0  0  0  41  41  0  41  41  41  

41  41  41  41  41  41  0  41  41  0  41  0  41  41  0  0  0  0  0  41  0  0  41  0  41  41  41  0  41  41  41  41  41  41  0  41  0  41  41  0  

41  41  41  41  0  41  0  0  41  0  41  0  41  0  41  0  0  41  0  41  41  0  41  41  0  0  41  0  0  41  41  41  0  0  41  41  41  41  41  0  

0  41  41  0  41  41  0  41  41  41  41  41  0  41  41  41  0  0  41  41  41  0  41  41  0  41  0  0  0  0  41  41  0  41  41  0  41  41  41  41  

0  0  41  41  41  41  41  41  41  41  41  41  41  41  41  0  41  0  41  41  0  0  0  41  41  41  0  41  41  41  0  0  41  0  41  41  0  0  41  41  

41  41  0  0  0  41  41  41  41  41  41  41  0  41  41  0  41  41  41  41  0  41  41  41  41  41  0  41  41  0  41  41  41  41  41  0  0  41  41  0  

0  41  41  0  41  41  41  41  41  0  41  0  0  41  41  0  41  41  41  41  0  41  41  41  41  41  41  0  0  0  0  0  41  41  41  41  41  41  41  41  

41  0  41  41  41  41  41  41  41  41  41  41  41  0  0  41  41  0  41  0  41  41  41  41  41  41  41  41  0  41  41  41  0  41  41  41  41  41  0  41  

0  41  0  0  41  41  41  0  41  41  0  41  41  41  0  41  41  41  41  41  0  41  0  41  41  41  41  41  0  41  0  0  41  0  41  0  41  41  41  0  

0  41  41  41  41  41  41  41  41  0  41  41  41  41  41  0  41  41  0  41  41  0  41  41  0  41  41  41  41  41  41  0  0  0  0  41  41  0  41  41  

41  0  0  0  41  41  41  0  41  41  41  41  41  41  41  41  41  41  41  41  41  0  41  41  0  41  41  0  41  41  0  41  41  41  41  0  41  0  0  41  

41  41  41  41  0  41  0  0  41  41  41  41  41  41  41  41  41  0  41  0  41  0  41  0  41  41  41  41  41  41  41  0  41  41  0  41  0  0  41  41  

41  41  41  0  41  41  41  41  0  41  41  41  41  41  41  0  41  41  41  41  41  41  41  41  41  0  0  41  41  41  0  41  41  0  41  0  0  41  41  0  

41  0  0  41  41  41  41  41  0  0  41  41  41  41  41  41  0  0  41  41  41  0  0  41  41  41  0  41  41  41  41  41  0  41  41  41  0  41  0  41  

0  41  0  0  41  0  0  0  41  41  0  41  41  0  41  41  0  41  0  41  0  41  0  41  41  0  41  41  41  41  0  41  0  41  41  0  41  41  41  41  

0  41  0  0  0  41  41  41  41  41  41  41  41  41  0  0  41  41  0  0  41  41  0  41  41  0  41  41  0  41  41  41  41  0  41  41  41  0  41  0  

41  0  0  41  0  0  41  41  0  41  41  41  0  41  0  41  41  41  0  0  41  41  41  0  41  0  0  0  41  41  0  0  0  41  41  41  0  41  41  0  

41  41  0  0  41  41  41  41  41  41  0  41  41  41  41  0  0  0  41  0  41  0  0  41  41  41  41  0  41  41  41  0  41  0  0  41  0  41  41  41  

41  41  41  41  41  41  41  41  0  41  41  41  0  41  41  41  0  0  0  41  0  41  0  0  41  41  41  41  0  41  41  0  0  41  41  41  41  0  41  0  

0  41  0  41  41  0  0  0  41  0  41  41  41  41  41  0  41  41  41  0  41  0  41  41  41  41  41  41  41  0  0  41  0  41  41  0  41  41  41  41  

41  0  0  0  0  0  41  41  41  41  0  0  0  41  0  41  41  41  0  41  0  41  41  0  41  41  41  0  41  41  0  41  41  41  0  41  41  41  0  0  

0  0  41  41  41  0  41  41  41  0  41  41  41  41  0  0  0  41  0  0  41  41  41  41  41  41  41  41  0  41  41  41  41  41  0  41  41  0  41  0  

0  41  0  41  41  41  41  41  41  41  41  41  0  41  41  41  41  0  41  0  41  0  41  41  41  0  0  0  41  41  41  0  41  41  0  0  0  0  41  41  

41  41  41  0  0  41  41  41  41  41  0  0  41  41  41  41  41  41  41  41  41  41  41  41  41  41  0  41  41  0  0  41  41  0  41  41  41  41  41  41  

0  41  41  0  41  41  41  41  41  41  41  41  41  0  41  0  0  0  41  41  41  41  41  0  41  41  41  41  41  0  0  41  0  41  41  0  41  41  41  0  

41  41  41  41  0  0  0  41  41  41  41  41  41  0  0  41  41  0  41  41  41  41  41  0  0  41  41  41  41  41  41  41  0  0  41  41  41  41  41  0  

41  0  0  0  0  41  41  0  41  41  41  0  41  41  41  41  41  0  0  41  41  0  41  0  41  41  41  41  41  0  0  41  41  41  41  41  41  0  0  41  

0  41  41  0  0  41  41  0  0  0  41  41  41  41  41  41  0  41  41  0  41  41  0  41  41  41  41  41  41  41  0  41  41  41  0  41  0  41  41  41  

41  41  41  41  0  41  0  0  41  41  41  41  41  41  41  41  41  41  41  41  0  41  41  41  0  0  41  0  41  41  0  41  41  41  0  0  0  0  41  0  

0  41  41  41  41  0  41  0  41  0  41  0  41  0  41  0  41  0  41  41  0  0  41  41  0  0  41  0  0  0  41  41  41  0  41  41  41  41  0  41  

0  0  41  41  41  0  41  0  41  0  0  41  0  41  41  41  41  0  0  0  41  41  41  0  41  41  41  41  41  41  41  41  41  41  41  0  41  0  41  41  

41  0  41  0  0  41  41  41  0  41  0  41  41  41  0  0  41  0  41  0  0  41  41  41  41  0  0  41  41  41  41  41  41  41  41  41  41  41  41  41  

41  0  41  0  41  0  41  41  41  0  0  41  41  0  41  41  0  41  0  41  41  41  41  41  0  41  0  41  41  41  0  41  41  41  41  0  0  41  41  41  

41  41  0  41  41  41  41  41  41  41  0  41  0  41  41  41  41  41  0  41  41  0  0  0  41  41  41  41  0  0  41  41  41  41  41  41  0  0  41  41  

0  41  41  41  0  41  0  41  41  0  41  0  41  0  41  0  41  41  41  41  0  41  41  0  41  0  41  41  41  0  41  0  41  0  41  41  41  0  41  41  

41  0  0  41  41  0  0  41  41  41  41  41  0  0  0  41  41  0  0  41  41  41  41  0  41  41  41  41  0  0  41  41  41  0  0  41  41  41  41  41  

41  41  41  41  41  0  41  41  41  41  0  0  0  41  41  41  0  41  41  0  41  41  0  0  41  41  41  0  41  0  41  0  41  41  0  0  41  41  0  41  

0  41  41  41  41  41  41  41  0  41  41  0  41  41  0  41  41  41  41  41  41  0  41  41  41  41  41  0  41  41  0  41  41  41  41  41  41  0  41  0  

41  41  0  0  41  41  0  41  41  0  41  41  41  0  41  41  0  0  41  0  41  0  0  41  41  0  0  41  41  0  41  41  41  41  41  41  41  41  0  41  

UnPairedArc=
1 3 
1 4 
1 7 
1 9 
1 12 
1 13 
1 14 
1 15 
1 18 
1 19 
1 20 
1 22 
1 25 
1 27 
1 28 
1 30 
1 33 
1 34 
1 35 
1 37 
1 38 
1 40 
2 3 
2 4 
2 5 
2 7 
2 8 
2 10 
2 11 
2 13 
2 14 
2 16 
2 17 
2 19 
2 20 
2 21 
2 24 
2 25 
2 26 
2 27 
2 29 
2 30 
2 31 
2 35 
2 36 
2 38 
2 39 
2 40 
3 4 
3 5 
3 6 
3 8 
3 9 
3 11 
3 13 
3 14 
3 20 
3 23 
3 25 
3 26 
3 27 
3 29 
3 30 
3 31 
3 32 
3 33 
3 34 
3 36 
3 38 
3 39 
4 6 
4 9 
4 11 
4 13 
4 15 
4 18 
4 20 
4 21 
4 23 
4 24 
4 27 
4 30 
4 31 
4 32 
4 35 
4 36 
4 37 
4 38 
4 39 
5 6 
5 8 
5 9 
5 10 
5 11 
5 12 
5 14 
5 15 
5 16 
5 19 
5 20 
5 21 
5 23 
5 24 
5 26 
5 31 
5 32 
5 34 
5 35 
5 37 
5 38 
5 39 
5 40 
6 7 
6 8 
6 9 
6 10 
6 11 
6 12 
6 13 
6 14 
6 15 
6 17 
6 19 
6 20 
6 24 
6 25 
6 26 
6 28 
6 29 
6 30 
6 33 
6 35 
6 36 
6 39 
6 40 
7 8 
7 9 
7 10 
7 11 
7 12 
7 14 
7 15 
7 17 
7 18 
7 19 
7 20 
7 22 
7 23 
7 24 
7 25 
7 26 
7 28 
7 29 
7 31 
7 32 
7 33 
7 34 
7 35 
7 38 
7 39 
8 9 
8 11 
8 14 
8 15 
8 17 
8 18 
8 19 
8 20 
8 22 
8 23 
8 24 
8 25 
8 26 
8 27 
8 33 
8 34 
8 35 
8 36 
8 37 
8 38 
8 39 
8 40 
9 10 
9 11 
9 12 
9 13 
9 16 
9 17 
9 19 
9 21 
9 22 
9 23 
9 24 
9 25 
9 26 
9 27 
9 28 
9 30 
9 31 
9 32 
9 34 
9 35 
9 36 
9 37 
9 38 
9 40 
10 12 
10 13 
10 14 
10 16 
10 17 
10 18 
10 19 
10 20 
10 22 
10 24 
10 25 
10 26 
10 27 
10 28 
10 30 
10 33 
10 35 
10 37 
10 38 
10 39 
11 12 
11 13 
11 14 
11 15 
11 17 
11 18 
11 20 
11 21 
11 23 
11 24 
11 26 
11 27 
11 28 
11 29 
11 30 
11 31 
11 36 
11 37 
11 39 
11 40 
12 13 
12 14 
12 15 
12 16 
12 17 
12 18 
12 19 
12 20 
12 21 
12 23 
12 24 
12 26 
12 27 
12 29 
12 30 
12 32 
12 33 
12 34 
12 35 
12 37 
12 40 
13 14 
13 15 
13 16 
13 17 
13 19 
13 21 
13 23 
13 25 
13 26 
13 27 
13 28 
13 29 
13 30 
13 31 
13 33 
13 34 
13 36 
13 39 
13 40 
14 15 
14 17 
14 18 
14 19 
14 20 
14 21 
14 22 
14 23 
14 24 
14 25 
14 28 
14 29 
14 30 
14 32 
14 33 
14 35 
14 38 
14 39 
15 16 
15 19 
15 20 
15 21 
15 24 
15 25 
15 26 
15 28 
15 29 
15 30 
15 31 
15 32 
15 34 
15 35 
15 36 
15 38 
15 40 
16 18 
16 20 
16 22 
16 24 
16 25 
16 27 
16 28 
16 29 
16 30 
16 32 
16 34 
16 35 
16 37 
16 38 
16 39 
16 40 
17 18 
17 21 
17 22 
17 24 
17 25 
17 27 
17 28 
17 30 
17 31 
17 32 
17 33 
17 35 
17 36 
17 37 
17 39 
18 21 
18 22 
18 23 
18 25 
18 29 
18 30 
18 34 
18 35 
18 36 
18 38 
18 39 
19 21 
19 24 
19 25 
19 26 
19 27 
19 29 
19 30 
19 31 
19 33 
19 36 
19 38 
19 39 
19 40 
20 22 
20 25 
20 26 
20 27 
20 28 
20 30 
20 31 
20 34 
20 35 
20 36 
20 37 
20 39 
21 23 
21 24 
21 25 
21 26 
21 27 
21 28 
21 29 
21 32 
21 34 
21 35 
21 37 
21 38 
21 39 
21 40 
22 23 
22 25 
22 26 
22 27 
22 29 
22 30 
22 32 
22 33 
22 34 
22 36 
22 37 
22 38 
23 24 
23 25 
23 26 
23 27 
23 28 
23 30 
23 31 
23 32 
23 33 
23 34 
23 36 
23 37 
23 39 
24 25 
24 29 
24 30 
24 31 
24 33 
24 34 
24 39 
24 40 
25 26 
25 28 
25 29 
25 32 
25 33 
25 35 
25 36 
25 37 
25 38 
25 39 
25 40 
26 27 
26 28 
26 29 
26 32 
26 34 
26 35 
26 37 
26 38 
26 39 
27 28 
27 29 
27 30 
27 31 
27 32 
27 35 
27 36 
27 37 
27 38 
27 39 
28 29 
28 32 
28 33 
28 34 
28 35 
28 36 
28 37 
28 40 
29 30 
29 32 
29 33 
29 34 
29 36 
29 38 
29 39 
29 40 
30 32 
30 33 
30 34 
30 39 
31 32 
31 33 
31 35 
31 36 
31 37 
31 38 
31 40 
32 33 
32 34 
32 35 
32 37 
32 39 
32 40 
33 34 
33 35 
33 36 
33 37 
33 38 
33 39 
33 40 
34 35 
34 38 
34 39 
34 40 
35 36 
35 39 
35 40 
36 37 
36 39 
36 40 
37 38 
37 39 
37 40 
38 40 
