nNodes=40;
 nPairs=297;
Cost=

41  41  0  41  0  41  41  0  0  41  0  41  0  41  0  41  0  0  0  0  0  0  0  0  0  0  0  0  0  0  41  0  0  0  41  0  41  0  41  0  

41  41  0  41  0  41  41  0  41  0  41  0  0  0  0  41  0  41  41  41  41  41  0  0  0  41  41  41  41  41  0  0  0  0  0  41  0  0  41  41  

0  0  41  0  41  0  0  0  41  41  0  0  41  0  0  0  41  41  0  41  0  41  0  0  0  0  0  41  0  41  0  0  41  0  0  41  41  0  0  41  

41  41  0  41  0  0  0  0  41  0  41  0  0  41  0  41  0  0  0  41  41  41  0  0  0  41  41  0  41  41  0  0  0  41  41  41  0  0  0  41  

0  0  41  0  41  41  41  0  41  0  41  0  0  0  0  0  0  41  41  0  41  0  41  0  0  41  0  0  0  0  41  0  0  0  0  41  41  0  0  41  

41  41  0  0  41  41  41  0  0  0  0  41  0  41  41  41  41  41  41  0  0  41  0  41  0  0  41  0  0  41  0  0  0  41  0  0  41  0  0  0  

41  41  0  0  41  41  41  0  0  0  0  41  0  0  0  41  41  0  41  0  0  0  0  0  0  41  0  0  0  41  0  41  0  41  0  0  0  41  0  41  

0  0  0  0  0  0  0  41  0  0  0  41  41  41  41  0  41  0  0  41  0  0  0  41  41  0  0  41  0  41  0  0  0  41  41  0  41  41  0  0  

0  41  41  41  41  0  0  0  41  0  0  41  41  0  0  0  41  41  41  0  41  41  0  0  0  0  0  0  0  0  41  41  41  0  41  0  0  0  41  0  

41  0  41  0  0  0  0  0  0  41  0  0  0  41  41  0  0  0  41  41  0  0  41  0  0  0  0  0  41  0  0  41  41  0  0  41  0  41  0  41  

0  41  0  41  41  0  0  0  0  0  41  0  41  0  0  41  0  0  0  0  41  0  0  41  41  0  0  0  0  0  0  0  41  0  0  0  0  0  0  0  

41  0  0  0  0  41  41  41  41  0  0  41  41  0  0  41  0  0  0  41  0  0  0  0  41  0  0  0  41  41  41  0  0  0  41  0  0  0  0  41  

0  0  41  0  0  0  0  41  41  0  41  41  41  0  41  0  0  0  41  41  41  41  41  41  0  0  0  0  0  0  0  0  0  41  41  41  0  0  41  0  

41  0  0  41  0  41  0  41  0  41  0  0  0  41  0  41  0  41  0  0  0  41  41  41  41  41  0  0  0  0  41  41  41  0  0  0  0  41  0  0  

0  0  0  0  0  41  0  41  0  41  0  0  41  0  41  0  0  0  41  0  41  0  0  41  0  0  41  41  0  0  0  0  41  0  0  0  0  41  0  41  

41  41  0  41  0  41  41  0  0  0  41  41  0  41  0  41  0  0  41  0  0  0  0  41  0  0  41  41  41  41  41  41  0  0  0  0  0  0  0  0  

0  0  41  0  0  41  41  41  41  0  0  0  0  0  0  0  41  0  41  41  0  0  41  41  41  0  41  0  0  0  0  41  0  41  0  41  41  0  0  0  

0  41  41  0  41  41  0  0  41  0  0  0  0  41  0  0  0  41  0  0  0  41  0  0  41  41  41  41  41  0  0  0  0  0  0  41  41  41  41  41  

0  41  0  0  41  41  41  0  41  41  0  0  41  0  41  41  41  0  41  0  41  41  41  0  0  0  41  0  0  0  0  41  0  41  41  0  41  0  0  0  

0  41  41  41  0  0  0  41  0  41  0  41  41  0  0  0  41  0  0  41  41  41  0  0  0  0  41  41  41  41  41  41  0  41  41  41  0  0  41  41  

0  41  0  41  41  0  0  0  41  0  41  0  41  0  41  0  0  0  41  41  41  41  0  41  0  41  0  41  41  0  41  0  0  0  0  41  0  0  41  0  

0  41  41  41  0  41  0  0  41  0  0  0  41  41  0  0  0  41  41  41  41  41  41  0  0  0  41  0  0  0  0  0  0  41  0  0  0  41  41  0  

0  0  0  0  41  0  0  0  0  41  0  0  41  41  0  0  41  0  41  0  0  41  41  41  0  0  41  0  0  0  41  0  0  0  41  0  0  41  0  0  

0  0  0  0  0  41  0  41  0  0  41  0  41  41  41  41  41  0  0  0  41  0  41  41  41  0  0  0  41  0  0  0  0  41  0  0  0  41  0  0  

0  0  0  0  0  0  0  41  0  0  41  41  0  41  0  0  41  41  0  0  0  0  0  41  41  0  0  0  0  41  0  0  41  0  41  0  41  0  0  0  

0  41  0  41  41  0  41  0  0  0  0  0  0  41  0  0  0  41  0  0  41  0  0  0  0  41  41  0  0  41  41  0  41  0  0  0  41  41  0  41  

0  41  0  41  0  41  0  0  0  0  0  0  0  0  41  41  41  41  41  41  0  41  41  0  0  41  41  41  0  41  0  0  41  41  41  41  0  41  0  0  

0  41  41  0  0  0  0  41  0  0  0  0  0  0  41  41  0  41  0  41  41  0  0  0  0  0  41  41  0  0  41  0  0  41  0  0  0  0  0  0  

0  41  0  41  0  0  0  0  0  41  0  41  0  0  0  41  0  41  0  41  41  0  0  41  0  0  0  0  41  0  41  0  0  0  0  0  0  41  41  0  

0  41  41  41  0  41  41  41  0  0  0  41  0  0  0  41  0  0  0  41  0  0  0  0  41  41  41  0  0  41  41  0  0  41  41  41  0  41  0  41  

41  0  0  0  41  0  0  0  41  0  0  41  0  41  0  41  0  0  0  41  41  0  41  0  0  41  0  41  41  41  41  41  0  41  0  0  0  41  0  0  

0  0  0  0  0  0  41  0  41  41  0  0  0  41  0  41  41  0  41  41  0  0  0  0  0  0  0  0  0  0  41  41  0  0  41  41  0  0  0  41  

0  0  41  0  0  0  0  0  41  41  41  0  0  41  41  0  0  0  0  0  0  0  0  0  41  41  41  0  0  0  0  0  41  0  0  0  41  41  0  0  

0  0  0  41  0  41  41  41  0  0  0  0  41  0  0  0  41  0  41  41  0  41  0  41  0  0  41  41  0  41  41  0  0  41  41  41  0  0  0  0  

41  0  0  41  0  0  0  41  41  0  0  41  41  0  0  0  0  0  41  41  0  0  41  0  41  0  41  0  0  41  0  41  0  41  41  41  0  0  0  0  

0  41  41  41  41  0  0  0  0  41  0  0  41  0  0  0  41  41  0  41  41  0  0  0  0  0  41  0  0  41  0  41  0  41  41  41  0  41  41  0  

41  0  41  0  41  41  0  41  0  0  0  0  0  0  0  0  41  41  41  0  0  0  0  0  41  41  0  0  0  0  0  0  41  0  0  0  41  0  0  41  

0  0  0  0  0  0  41  41  0  41  0  0  0  41  41  0  0  41  0  0  0  41  41  41  0  41  41  0  41  41  41  0  41  0  0  41  0  41  41  41  

41  41  0  0  0  0  0  0  41  0  0  0  41  0  0  0  0  41  0  41  41  41  0  0  0  0  0  0  41  0  0  0  0  0  0  41  0  41  41  41  

0  41  41  41  41  0  41  0  0  41  0  41  0  0  41  0  0  41  0  41  0  0  0  0  0  41  0  0  0  41  0  41  0  0  0  0  41  41  41  41  

UnPairedArc=
1 2 
1 4 
1 6 
1 7 
1 10 
1 12 
1 14 
1 16 
1 31 
1 35 
1 37 
1 39 
2 4 
2 6 
2 7 
2 9 
2 11 
2 16 
2 18 
2 19 
2 20 
2 21 
2 22 
2 26 
2 27 
2 28 
2 29 
2 30 
2 36 
2 39 
2 40 
3 5 
3 9 
3 10 
3 13 
3 17 
3 18 
3 20 
3 22 
3 28 
3 30 
3 33 
3 36 
3 37 
3 40 
4 9 
4 11 
4 14 
4 16 
4 20 
4 21 
4 22 
4 26 
4 27 
4 29 
4 30 
4 34 
4 35 
4 36 
4 40 
5 6 
5 7 
5 9 
5 11 
5 18 
5 19 
5 21 
5 23 
5 26 
5 31 
5 36 
5 37 
5 40 
6 7 
6 12 
6 14 
6 15 
6 16 
6 17 
6 18 
6 19 
6 22 
6 24 
6 27 
6 30 
6 34 
6 37 
7 12 
7 16 
7 17 
7 19 
7 26 
7 30 
7 32 
7 34 
7 38 
7 40 
8 12 
8 13 
8 14 
8 15 
8 17 
8 20 
8 24 
8 25 
8 28 
8 30 
8 34 
8 35 
8 37 
8 38 
9 12 
9 13 
9 17 
9 18 
9 19 
9 21 
9 22 
9 31 
9 32 
9 33 
9 35 
9 39 
10 14 
10 15 
10 19 
10 20 
10 23 
10 29 
10 32 
10 33 
10 36 
10 38 
10 40 
11 13 
11 16 
11 21 
11 24 
11 25 
11 33 
12 13 
12 16 
12 20 
12 25 
12 29 
12 30 
12 31 
12 35 
12 40 
13 15 
13 19 
13 20 
13 21 
13 22 
13 23 
13 24 
13 34 
13 35 
13 36 
13 39 
14 16 
14 18 
14 22 
14 23 
14 24 
14 25 
14 26 
14 31 
14 32 
14 33 
14 38 
15 19 
15 21 
15 24 
15 27 
15 28 
15 33 
15 38 
15 40 
16 19 
16 24 
16 27 
16 28 
16 29 
16 30 
16 31 
16 32 
17 19 
17 20 
17 23 
17 24 
17 25 
17 27 
17 32 
17 34 
17 36 
17 37 
18 22 
18 25 
18 26 
18 27 
18 28 
18 29 
18 36 
18 37 
18 38 
18 39 
18 40 
19 21 
19 22 
19 23 
19 27 
19 32 
19 34 
19 35 
19 37 
20 21 
20 22 
20 27 
20 28 
20 29 
20 30 
20 31 
20 32 
20 34 
20 35 
20 36 
20 39 
20 40 
21 22 
21 24 
21 26 
21 28 
21 29 
21 31 
21 36 
21 39 
22 23 
22 27 
22 34 
22 38 
22 39 
23 24 
23 27 
23 31 
23 35 
23 38 
24 25 
24 29 
24 34 
24 38 
25 30 
25 33 
25 35 
25 37 
26 27 
26 30 
26 31 
26 33 
26 37 
26 38 
26 40 
27 28 
27 30 
27 33 
27 34 
27 35 
27 36 
27 38 
28 31 
28 34 
29 31 
29 38 
29 39 
30 31 
30 34 
30 35 
30 36 
30 38 
30 40 
31 32 
31 34 
31 38 
32 35 
32 36 
32 40 
33 37 
33 38 
34 35 
34 36 
35 36 
36 38 
36 39 
37 40 
38 39 
38 40 
39 40 
