nNodes=60;
 nPairs=856;
Cost=

61  0  0  61  0  0  61  61  0  61  61  0  0  61  61  61  0  61  0  61  61  61  61  0  61  0  61  61  61  61  61  61  0  0  0  61  61  0  0  0  0  61  0  61  61  0  61  61  61  61  61  61  61  0  61  61  61  0  0  0  

0  61  61  0  0  0  0  0  61  0  61  0  0  0  0  0  0  61  0  0  61  61  0  61  0  61  61  0  0  61  0  61  0  0  61  61  0  61  0  61  61  61  61  61  61  61  61  0  0  0  0  61  0  61  61  0  0  0  61  61  

0  61  61  61  0  61  0  0  0  61  61  61  0  0  0  61  0  0  0  0  61  61  0  61  61  0  61  61  0  0  61  61  0  0  61  61  0  0  61  0  61  61  0  0  61  0  0  0  0  0  61  61  0  61  0  61  61  61  61  0  

61  0  61  61  61  61  0  61  0  0  61  61  61  0  0  0  0  61  61  0  61  0  61  0  61  61  0  61  61  0  61  0  0  0  0  61  61  0  0  0  0  0  61  0  61  0  0  61  0  61  0  61  0  0  61  61  0  0  61  61  

0  0  0  61  61  61  61  0  61  0  0  61  0  0  0  61  0  0  61  61  61  0  0  61  61  0  61  61  0  61  0  61  61  61  61  0  0  61  61  61  0  0  0  61  0  61  0  0  61  61  0  61  0  61  0  0  61  61  61  61  

0  0  61  61  61  61  0  0  61  0  61  61  61  61  0  0  0  61  0  0  0  61  61  61  61  61  61  61  0  61  0  0  61  61  0  61  61  0  0  61  0  61  0  61  0  0  61  61  61  61  61  0  0  61  61  0  61  61  61  0  

61  0  0  0  61  0  61  61  0  0  61  61  61  0  0  0  0  0  61  0  61  0  0  0  0  61  0  61  0  0  0  0  61  0  0  61  0  0  0  0  61  0  61  61  0  61  0  61  0  0  61  61  0  61  61  0  0  0  61  0  

61  0  0  61  0  0  61  61  0  61  0  61  61  0  61  61  61  0  0  61  0  0  61  0  0  0  61  0  61  0  0  61  0  61  61  0  61  0  61  0  61  61  61  0  0  61  0  61  61  61  0  61  61  61  0  0  0  0  0  0  

0  61  0  0  61  61  0  0  61  0  61  61  61  61  0  0  0  61  0  0  61  61  0  61  61  61  0  0  61  0  61  61  0  61  0  61  0  0  0  0  0  61  0  0  61  0  0  0  0  0  61  61  0  61  61  61  0  61  61  0  

61  0  61  0  0  0  0  61  0  61  61  0  0  61  0  0  0  61  61  0  61  0  0  0  0  0  0  61  61  0  0  0  61  0  61  61  0  0  61  61  61  61  0  0  61  0  0  61  0  61  0  61  61  0  0  0  61  61  0  0  

61  61  61  61  0  61  61  0  61  61  61  61  61  0  0  0  61  61  61  0  0  61  61  61  0  0  0  61  0  61  61  61  0  61  0  0  61  0  61  0  0  61  0  61  0  61  0  0  0  0  61  61  0  61  0  61  61  0  0  61  

0  0  61  61  61  61  61  61  61  0  61  61  0  61  0  61  0  61  0  61  0  0  61  61  61  0  61  61  0  0  0  0  61  0  0  61  61  0  61  0  61  61  0  0  0  0  61  61  61  61  0  61  61  61  61  61  61  61  0  0  

0  0  0  61  0  61  61  61  61  0  61  0  61  0  61  0  0  61  0  0  0  0  61  61  61  61  61  0  0  0  61  0  0  0  61  61  61  61  0  0  0  61  61  61  0  61  61  0  61  0  0  0  61  61  61  61  0  61  0  61  

61  0  0  0  0  61  0  0  61  61  0  61  0  61  0  61  0  61  0  0  61  61  61  0  0  0  61  61  61  0  61  0  61  61  61  0  61  61  61  61  0  0  0  0  0  0  0  0  61  61  61  61  0  61  61  0  0  61  61  0  

61  0  0  0  0  0  0  61  0  0  0  0  61  0  61  0  61  61  0  0  0  61  0  0  0  61  61  0  61  0  0  0  61  61  0  61  61  0  61  0  0  61  61  0  0  61  0  0  0  61  61  0  0  0  61  0  0  61  0  61  

61  0  61  0  61  0  0  61  0  0  0  61  0  61  0  61  0  61  61  61  0  0  61  61  0  61  0  61  0  61  61  0  61  0  61  0  0  61  0  61  61  0  61  0  61  0  61  61  61  61  61  0  61  0  0  61  0  61  61  0  

0  0  0  0  0  0  0  61  0  0  61  0  0  0  61  0  61  61  61  0  0  61  0  61  0  0  61  61  0  61  61  0  61  0  61  0  61  0  61  61  61  61  0  61  0  61  0  0  61  0  0  0  61  0  0  0  61  0  0  61  

61  61  0  61  0  61  0  0  61  61  61  61  61  61  61  61  61  61  61  0  0  61  61  0  61  0  0  0  0  61  61  61  0  0  61  61  61  0  0  61  0  61  61  0  61  0  61  61  0  0  61  0  0  0  61  0  61  61  0  0  

0  0  0  61  61  0  61  0  0  61  61  0  0  0  0  61  61  61  61  61  61  61  61  0  0  0  61  0  0  0  61  61  61  0  61  0  0  0  61  0  0  61  0  61  0  0  61  0  0  61  61  0  0  61  61  61  0  0  0  0  

61  0  0  0  61  0  0  61  0  0  0  61  0  0  0  61  0  0  61  61  0  61  61  61  61  0  0  0  61  61  61  0  61  61  0  0  0  61  61  0  61  61  0  61  61  0  0  61  61  61  61  61  0  61  0  0  61  0  61  0  

61  61  61  61  61  0  61  0  61  61  0  0  0  61  0  0  0  0  61  0  61  61  0  61  61  61  61  61  61  0  61  0  61  0  0  61  0  61  61  0  61  0  0  61  0  61  0  61  61  61  61  0  61  61  0  0  61  61  0  0  

61  61  61  0  0  61  0  0  61  0  61  0  0  61  61  0  61  61  61  61  61  61  61  0  0  61  61  0  61  61  0  0  61  0  0  0  61  0  0  61  0  0  61  0  0  0  0  61  0  0  0  61  0  0  61  0  61  61  61  61  

61  0  0  61  0  61  0  61  0  0  61  61  61  61  0  61  0  61  61  61  0  61  61  61  0  0  0  0  61  61  61  61  0  0  0  0  0  61  61  61  0  0  61  0  61  61  0  0  0  61  61  61  0  0  0  61  0  0  61  61  

0  61  61  0  61  61  0  0  61  0  61  61  61  0  0  61  61  0  0  61  61  0  61  61  61  61  61  61  0  61  61  0  61  0  0  0  61  0  0  0  61  0  61  0  61  61  0  0  61  61  0  61  0  0  0  61  61  61  61  61  

61  0  61  61  61  61  0  0  61  0  0  61  61  0  0  0  0  61  0  61  61  0  0  61  61  0  0  0  0  0  0  0  61  0  61  61  61  0  61  0  0  61  61  61  61  61  0  61  0  0  0  0  61  0  0  0  0  0  61  61  

0  61  0  61  0  61  61  0  61  0  0  0  61  0  61  61  0  0  0  0  61  61  0  61  0  61  61  0  0  61  0  61  0  61  61  0  61  0  0  61  61  0  61  61  0  0  0  0  0  0  61  0  0  0  0  61  0  61  0  0  

61  61  61  0  61  61  0  61  0  0  0  61  61  61  61  0  61  0  61  0  61  61  0  61  0  61  61  0  0  61  0  61  0  0  61  61  61  61  61  0  61  0  0  0  61  0  61  0  61  61  61  0  61  0  0  61  61  0  61  61  

61  0  61  61  61  61  61  0  0  61  61  61  0  61  0  61  61  0  0  0  61  0  0  61  0  0  0  61  61  61  0  0  0  0  61  61  0  61  0  0  0  61  0  61  61  61  61  0  0  0  0  61  61  61  61  0  61  61  0  61  

61  0  0  61  0  0  0  61  61  61  0  0  0  61  61  0  0  0  0  61  61  61  61  0  0  0  0  61  61  0  61  61  61  61  61  0  0  61  61  0  61  61  61  61  0  0  0  61  0  61  0  0  0  0  0  61  0  0  61  0  

61  61  0  0  61  61  0  0  0  0  61  0  0  0  0  61  61  61  0  61  0  61  61  61  0  61  61  61  0  61  61  61  0  61  0  61  61  61  61  0  0  61  61  61  0  61  61  0  61  61  61  0  0  61  61  0  0  0  0  61  

61  0  61  61  0  0  0  0  61  0  61  0  61  61  0  61  61  61  61  61  61  0  61  61  0  0  0  0  61  61  61  61  0  61  61  61  61  0  61  61  61  0  0  61  0  0  61  61  61  0  61  0  0  61  61  0  61  61  61  0  

61  61  61  0  61  0  0  61  61  0  61  0  0  0  0  0  0  61  61  0  0  0  61  0  0  61  61  0  61  61  61  61  0  0  0  0  0  0  61  0  0  0  61  61  61  61  61  61  61  0  0  0  61  61  0  61  0  0  61  61  

0  0  0  0  61  61  61  0  0  61  0  61  0  61  61  61  61  0  61  61  61  61  0  61  61  0  0  0  61  0  0  0  61  0  61  0  61  61  0  61  0  0  61  0  0  0  61  61  0  0  0  61  61  61  0  0  61  61  0  61  

0  0  0  0  61  61  0  61  61  0  61  0  0  61  61  0  0  0  0  61  0  0  0  0  0  61  0  0  61  61  61  0  0  61  61  0  0  0  0  0  61  0  61  61  0  0  0  0  0  0  61  61  0  61  0  0  61  61  0  61  

0  61  61  0  61  0  0  61  0  61  0  0  61  61  0  61  61  61  61  0  0  0  0  0  61  61  61  61  61  0  61  0  61  61  61  61  0  61  0  61  61  61  0  0  61  0  61  0  0  61  0  0  0  0  61  61  0  0  61  61  

61  61  61  61  0  61  61  0  61  61  0  61  61  0  61  0  0  61  0  0  61  0  0  0  61  0  61  61  0  61  61  0  0  0  61  61  0  0  0  61  61  61  61  0  0  61  61  61  0  0  0  0  61  0  0  61  61  61  0  0  

61  0  0  61  0  61  0  61  0  0  61  61  61  61  61  0  61  61  0  0  0  61  0  61  61  61  61  0  0  61  61  0  61  0  0  0  61  0  61  0  0  61  61  61  0  0  61  61  0  0  61  0  0  0  0  0  61  0  61  61  

0  61  0  0  61  0  0  0  0  0  0  0  61  61  0  61  0  0  0  61  61  0  61  0  0  0  61  61  61  61  0  0  61  0  61  0  0  61  61  61  0  0  61  61  61  0  0  61  0  0  61  61  61  61  0  61  61  0  0  61  

0  0  61  0  61  0  0  61  0  61  61  61  0  61  61  0  61  0  61  61  61  0  61  0  61  0  61  0  61  61  61  61  0  0  0  0  61  61  61  61  61  0  61  0  0  61  0  0  61  0  61  61  61  61  0  0  0  0  0  61  

0  61  0  0  61  61  0  0  0  61  0  0  0  61  0  61  61  61  0  0  0  61  61  0  0  61  0  0  0  0  61  0  61  0  61  61  0  61  61  61  61  0  0  0  61  0  0  0  0  61  0  0  0  61  0  0  0  0  61  61  

0  61  61  0  0  0  61  61  0  61  0  61  0  0  0  61  61  0  0  61  61  0  0  61  0  61  61  0  61  0  61  0  0  61  61  61  0  0  61  61  61  0  0  0  61  0  0  61  0  0  61  61  61  61  0  0  0  0  61  0  

61  61  61  0  0  61  0  61  61  61  61  61  61  0  61  0  61  61  61  61  0  0  0  0  61  0  0  61  61  61  0  0  0  0  61  61  61  0  0  0  0  61  61  0  61  61  61  61  0  61  0  0  0  0  61  0  61  61  0  0  

0  61  0  61  0  0  61  61  0  0  0  0  61  0  61  61  0  61  0  0  0  61  61  61  61  61  0  0  61  61  0  61  61  61  0  61  61  61  61  0  0  61  61  0  0  0  0  0  61  0  0  61  0  0  0  0  0  0  61  61  

61  61  0  0  61  61  61  0  0  0  61  0  61  0  0  0  61  0  61  61  61  0  0  0  61  61  0  61  61  61  61  61  0  61  0  0  61  61  0  0  0  0  0  61  0  61  61  61  61  0  0  0  0  0  0  61  61  0  61  0  

61  61  61  61  0  0  0  0  61  61  0  0  0  0  0  61  0  61  0  61  0  0  61  61  61  0  61  61  0  0  0  61  0  0  61  0  0  61  0  61  61  61  0  0  61  61  0  0  0  0  61  0  0  61  0  0  0  0  0  61  

0  61  0  0  61  0  61  61  0  0  61  0  61  0  61  0  61  0  0  0  61  0  61  61  61  0  0  61  0  61  0  61  0  0  0  61  0  0  61  0  0  61  0  61  61  61  0  61  0  61  0  0  61  61  61  61  0  61  61  61  

61  61  0  0  0  61  0  0  0  0  0  61  61  0  0  61  0  61  61  0  0  0  0  0  0  0  61  61  0  61  61  61  61  0  61  61  61  0  0  0  0  61  0  61  0  0  61  0  0  0  0  0  61  61  61  0  61  61  61  0  

61  0  0  61  0  61  61  61  0  61  0  61  0  0  0  61  0  61  0  61  61  61  0  0  61  0  0  0  61  0  61  61  61  0  0  61  61  61  0  0  61  61  0  61  0  61  0  61  0  0  61  0  0  0  0  0  61  0  61  61  

61  0  0  0  61  61  0  61  0  0  0  61  61  61  0  61  61  0  0  61  61  0  0  61  0  0  61  0  0  61  61  61  0  0  0  0  0  0  61  0  0  0  61  61  0  0  0  0  61  0  0  0  0  0  61  61  0  0  61  0  

61  0  0  61  61  61  0  61  0  61  0  61  0  61  61  61  0  0  61  61  61  0  61  61  0  0  61  0  61  61  0  0  0  0  61  0  0  0  0  61  0  61  0  0  0  61  0  0  0  61  0  0  61  0  0  61  61  61  0  61  

61  0  61  0  0  61  61  0  61  0  61  0  0  61  61  61  0  61  61  61  61  0  61  0  0  61  61  0  0  61  61  0  0  61  0  0  61  61  61  0  61  0  0  0  61  0  0  61  0  0  61  61  0  0  0  0  0  0  0  61  

61  61  61  61  61  0  61  61  61  61  61  61  0  61  0  0  0  0  0  61  0  61  61  61  0  0  0  61  0  0  0  0  61  61  0  0  0  61  61  0  61  0  61  0  0  0  0  0  0  0  61  61  0  0  61  61  0  0  61  61  

61  0  0  0  0  0  0  61  0  61  0  61  61  0  0  61  61  0  0  0  61  0  0  0  61  0  61  61  0  0  0  61  61  0  0  61  0  61  61  0  61  0  0  0  0  61  61  0  0  61  0  0  61  0  61  0  61  61  61  0  

0  61  61  0  61  61  61  61  61  0  61  61  61  61  0  0  0  0  61  61  61  0  0  0  0  0  0  61  0  61  61  61  61  61  0  0  0  61  61  61  61  0  0  0  61  61  61  0  0  0  0  0  0  61  61  61  0  0  0  61  

61  61  0  61  0  61  61  0  61  0  0  61  61  61  61  0  0  61  61  0  0  61  0  0  0  0  0  61  0  61  61  0  0  0  61  0  0  0  0  0  0  61  0  0  0  61  61  0  61  0  0  61  61  61  61  61  61  0  61  0  

61  0  61  61  0  0  0  0  61  0  61  61  61  0  0  61  0  0  61  0  0  0  61  61  0  61  61  0  61  0  0  61  0  0  61  61  0  61  0  0  0  0  0  61  0  61  0  0  61  61  0  61  0  61  61  61  0  61  0  61  

61  0  61  0  61  61  0  0  0  61  61  61  0  0  0  0  61  61  0  61  61  61  0  61  0  0  61  61  0  0  61  0  61  61  0  61  61  61  0  0  0  61  0  61  0  0  61  61  0  61  0  0  61  0  61  0  61  61  61  61  

0  0  61  0  61  61  0  0  61  61  0  61  61  61  61  61  0  61  0  0  61  61  0  61  0  61  0  61  0  0  61  0  61  61  0  61  0  0  0  0  0  61  0  0  0  61  61  0  0  61  0  0  61  0  0  61  61  61  0  0  

0  61  61  61  61  61  61  0  61  0  0  0  0  61  0  61  0  0  0  61  0  61  61  61  61  0  61  0  61  0  61  61  0  0  61  0  61  0  0  61  61  0  61  61  0  61  61  61  61  0  0  61  61  0  61  0  61  0  61  0  

0  61  0  61  61  0  0  0  0  0  61  0  61  0  61  0  61  0  0  0  0  61  61  61  61  0  61  61  0  61  0  61  61  61  61  0  61  61  61  61  0  0  61  0  61  61  0  61  0  61  61  61  0  61  0  61  61  0  0  61  

UnPairedArc=
1 4 
1 7 
1 8 
1 10 
1 11 
1 14 
1 15 
1 16 
1 18 
1 20 
1 21 
1 22 
1 23 
1 25 
1 27 
1 28 
1 29 
1 30 
1 31 
1 32 
1 36 
1 37 
1 42 
1 44 
1 45 
1 47 
1 48 
1 49 
1 50 
1 51 
1 52 
1 53 
1 55 
1 56 
1 57 
2 3 
2 9 
2 11 
2 18 
2 21 
2 22 
2 24 
2 26 
2 27 
2 30 
2 32 
2 35 
2 36 
2 38 
2 40 
2 41 
2 42 
2 43 
2 44 
2 45 
2 46 
2 47 
2 52 
2 54 
2 55 
2 59 
2 60 
3 4 
3 6 
3 10 
3 11 
3 12 
3 16 
3 21 
3 22 
3 24 
3 25 
3 27 
3 28 
3 31 
3 32 
3 35 
3 36 
3 39 
3 41 
3 42 
3 45 
3 51 
3 52 
3 54 
3 56 
3 57 
3 58 
3 59 
4 5 
4 6 
4 8 
4 11 
4 12 
4 13 
4 18 
4 19 
4 21 
4 23 
4 25 
4 26 
4 28 
4 29 
4 31 
4 36 
4 37 
4 43 
4 45 
4 48 
4 50 
4 52 
4 55 
4 56 
4 59 
4 60 
5 6 
5 7 
5 9 
5 12 
5 16 
5 19 
5 20 
5 21 
5 24 
5 25 
5 27 
5 28 
5 30 
5 32 
5 33 
5 34 
5 35 
5 38 
5 39 
5 40 
5 44 
5 46 
5 49 
5 50 
5 52 
5 54 
5 57 
5 58 
5 59 
5 60 
6 9 
6 11 
6 12 
6 13 
6 14 
6 18 
6 22 
6 23 
6 24 
6 25 
6 26 
6 27 
6 28 
6 30 
6 33 
6 34 
6 36 
6 37 
6 40 
6 42 
6 44 
6 47 
6 48 
6 49 
6 50 
6 51 
6 54 
6 55 
6 57 
6 58 
6 59 
7 8 
7 11 
7 12 
7 13 
7 19 
7 21 
7 26 
7 28 
7 33 
7 36 
7 41 
7 43 
7 44 
7 46 
7 48 
7 51 
7 52 
7 54 
7 55 
7 59 
8 10 
8 12 
8 13 
8 15 
8 16 
8 17 
8 20 
8 23 
8 27 
8 29 
8 32 
8 34 
8 35 
8 37 
8 39 
8 41 
8 42 
8 43 
8 46 
8 48 
8 49 
8 50 
8 52 
8 53 
8 54 
9 11 
9 12 
9 13 
9 14 
9 18 
9 21 
9 22 
9 24 
9 25 
9 26 
9 29 
9 31 
9 32 
9 34 
9 36 
9 42 
9 45 
9 51 
9 52 
9 54 
9 55 
9 56 
9 58 
9 59 
10 11 
10 14 
10 18 
10 19 
10 21 
10 28 
10 29 
10 33 
10 35 
10 36 
10 39 
10 40 
10 41 
10 42 
10 45 
10 48 
10 50 
10 52 
10 53 
10 57 
10 58 
11 12 
11 13 
11 17 
11 18 
11 19 
11 22 
11 23 
11 24 
11 28 
11 30 
11 31 
11 32 
11 34 
11 37 
11 39 
11 42 
11 44 
11 46 
11 51 
11 52 
11 54 
11 56 
11 57 
11 60 
12 14 
12 16 
12 18 
12 20 
12 23 
12 24 
12 25 
12 27 
12 28 
12 33 
12 36 
12 37 
12 39 
12 41 
12 42 
12 47 
12 48 
12 49 
12 50 
12 52 
12 53 
12 54 
12 55 
12 56 
12 57 
12 58 
13 15 
13 18 
13 23 
13 24 
13 25 
13 26 
13 27 
13 31 
13 35 
13 36 
13 37 
13 38 
13 42 
13 43 
13 44 
13 46 
13 47 
13 49 
13 53 
13 54 
13 55 
13 56 
13 58 
13 60 
14 16 
14 18 
14 21 
14 22 
14 23 
14 27 
14 28 
14 29 
14 31 
14 33 
14 34 
14 35 
14 37 
14 38 
14 39 
14 40 
14 49 
14 50 
14 51 
14 52 
14 54 
14 55 
14 58 
14 59 
15 17 
15 18 
15 22 
15 26 
15 27 
15 29 
15 33 
15 34 
15 36 
15 37 
15 39 
15 42 
15 43 
15 46 
15 50 
15 51 
15 55 
15 58 
15 60 
16 18 
16 19 
16 20 
16 23 
16 24 
16 26 
16 28 
16 30 
16 31 
16 33 
16 35 
16 38 
16 40 
16 41 
16 43 
16 45 
16 47 
16 48 
16 49 
16 50 
16 51 
16 53 
16 56 
16 58 
16 59 
17 18 
17 19 
17 22 
17 24 
17 27 
17 28 
17 30 
17 31 
17 33 
17 35 
17 37 
17 39 
17 40 
17 41 
17 42 
17 44 
17 46 
17 49 
17 53 
17 57 
17 60 
18 19 
18 22 
18 23 
18 25 
18 30 
18 31 
18 32 
18 35 
18 36 
18 37 
18 40 
18 42 
18 43 
18 45 
18 47 
18 48 
18 51 
18 55 
18 57 
18 58 
19 20 
19 21 
19 22 
19 23 
19 27 
19 31 
19 32 
19 33 
19 35 
19 39 
19 42 
19 44 
19 47 
19 50 
19 51 
19 54 
19 55 
19 56 
20 22 
20 23 
20 24 
20 25 
20 29 
20 30 
20 31 
20 33 
20 34 
20 38 
20 39 
20 41 
20 42 
20 44 
20 45 
20 48 
20 49 
20 50 
20 51 
20 52 
20 54 
20 57 
20 59 
21 22 
21 24 
21 25 
21 26 
21 27 
21 28 
21 29 
21 31 
21 33 
21 36 
21 38 
21 39 
21 41 
21 44 
21 46 
21 48 
21 49 
21 50 
21 51 
21 53 
21 54 
21 57 
21 58 
22 23 
22 26 
22 27 
22 29 
22 30 
22 33 
22 37 
22 40 
22 43 
22 48 
22 52 
22 55 
22 57 
22 58 
22 59 
22 60 
23 24 
23 29 
23 30 
23 31 
23 32 
23 38 
23 39 
23 40 
23 43 
23 45 
23 46 
23 50 
23 51 
23 52 
23 56 
23 59 
23 60 
24 25 
24 26 
24 27 
24 28 
24 30 
24 31 
24 33 
24 37 
24 41 
24 43 
24 45 
24 46 
24 49 
24 50 
24 52 
24 56 
24 57 
24 58 
24 59 
24 60 
25 33 
25 35 
25 36 
25 37 
25 39 
25 42 
25 43 
25 44 
25 45 
25 46 
25 48 
25 53 
25 59 
25 60 
26 27 
26 30 
26 32 
26 34 
26 35 
26 37 
26 40 
26 41 
26 43 
26 44 
26 51 
26 56 
26 58 
27 30 
27 32 
27 35 
27 36 
27 37 
27 38 
27 39 
27 41 
27 45 
27 47 
27 49 
27 50 
27 51 
27 53 
27 56 
27 57 
27 59 
27 60 
28 29 
28 30 
28 35 
28 36 
28 38 
28 42 
28 44 
28 45 
28 46 
28 47 
28 52 
28 53 
28 54 
28 55 
28 57 
28 58 
28 60 
29 31 
29 32 
29 33 
29 34 
29 35 
29 38 
29 39 
29 41 
29 42 
29 43 
29 44 
29 48 
29 50 
29 56 
29 59 
30 31 
30 32 
30 34 
30 36 
30 37 
30 38 
30 39 
30 42 
30 43 
30 44 
30 46 
30 47 
30 49 
30 50 
30 51 
30 54 
30 55 
30 60 
31 32 
31 34 
31 35 
31 36 
31 37 
31 39 
31 40 
31 41 
31 44 
31 47 
31 48 
31 49 
31 51 
31 54 
31 55 
31 57 
31 58 
31 59 
32 39 
32 43 
32 44 
32 45 
32 46 
32 47 
32 48 
32 49 
32 53 
32 54 
32 56 
32 59 
32 60 
33 35 
33 37 
33 38 
33 40 
33 43 
33 47 
33 48 
33 52 
33 53 
33 54 
33 57 
33 58 
33 60 
34 35 
34 41 
34 43 
34 44 
34 51 
34 52 
34 54 
34 57 
34 58 
34 60 
35 36 
35 38 
35 40 
35 41 
35 42 
35 45 
35 47 
35 50 
35 55 
35 56 
35 59 
35 60 
36 40 
36 41 
36 42 
36 43 
36 46 
36 47 
36 48 
36 53 
36 56 
36 57 
36 58 
37 39 
37 42 
37 43 
37 44 
37 47 
37 48 
37 51 
37 57 
37 59 
37 60 
38 39 
38 40 
38 43 
38 44 
38 45 
38 48 
38 51 
38 52 
38 53 
38 54 
38 56 
38 57 
38 60 
39 40 
39 41 
39 43 
39 46 
39 49 
39 51 
39 52 
39 53 
39 54 
39 60 
40 41 
40 45 
40 50 
40 54 
40 59 
40 60 
41 45 
41 48 
41 51 
41 52 
41 53 
41 54 
41 59 
42 43 
42 45 
42 46 
42 47 
42 48 
42 50 
42 55 
42 57 
42 58 
43 49 
43 52 
43 59 
43 60 
44 46 
44 47 
44 48 
44 49 
44 56 
44 57 
44 59 
45 46 
45 51 
45 54 
45 60 
46 48 
46 50 
46 53 
46 54 
46 55 
46 56 
46 58 
46 59 
46 60 
47 53 
47 54 
47 55 
47 57 
47 58 
47 59 
48 51 
48 57 
48 59 
48 60 
49 55 
49 56 
49 59 
50 53 
50 56 
50 57 
50 58 
50 60 
51 52 
51 60 
52 55 
52 56 
52 59 
52 60 
53 55 
53 57 
53 58 
53 59 
54 55 
54 56 
54 60 
55 56 
55 57 
55 59 
56 58 
56 60 
57 58 
57 59 
57 60 
