nNodes=40;
 nPairs=445;
Cost=

41  41  41  41  0  0  0  41  0  41  0  0  0  41  0  0  41  0  0  41  0  41  0  41  0  41  41  0  0  41  41  0  41  41  41  41  0  0  41  41  

41  41  41  41  41  41  41  0  41  0  41  41  41  41  0  41  0  41  0  0  41  41  0  0  0  41  41  41  41  0  41  0  0  41  41  0  41  0  41  0  

41  41  41  41  0  41  41  0  41  0  41  41  41  41  0  41  41  0  41  41  41  0  0  0  0  41  0  41  41  41  41  0  41  41  0  0  0  41  41  41  

41  41  41  41  41  0  41  0  41  0  0  0  41  0  41  41  41  0  0  41  0  0  41  0  0  0  41  41  0  0  41  41  0  41  41  0  41  0  41  41  

0  41  0  41  41  0  41  0  41  0  0  0  0  0  0  0  0  41  41  0  41  0  41  0  0  41  41  0  41  0  0  41  41  0  0  0  41  0  0  41  

0  41  41  0  0  41  41  41  41  41  0  0  41  0  41  41  41  41  41  41  41  41  41  0  41  41  0  0  41  41  0  41  0  0  41  41  0  0  0  0  

0  41  41  41  41  41  41  0  41  41  41  41  41  0  0  41  0  41  0  41  41  41  0  0  41  41  41  41  0  0  0  0  0  0  41  41  0  0  0  41  

41  0  0  0  0  41  0  41  41  0  41  41  41  41  0  41  41  0  41  41  41  0  0  41  0  41  41  0  41  41  41  41  41  41  0  0  41  0  0  0  

0  41  41  41  41  41  41  41  41  41  0  0  0  41  41  41  41  41  0  0  41  41  41  0  41  0  41  0  41  0  41  0  41  41  0  0  0  41  0  41  

41  0  0  0  0  41  41  0  41  41  41  0  41  41  0  0  0  0  41  0  41  0  0  41  41  0  41  0  41  0  41  41  41  0  0  41  0  0  41  0  

0  41  41  0  0  0  41  41  0  41  41  41  41  0  41  0  41  41  41  41  41  0  41  41  0  41  0  0  41  41  0  41  0  41  41  0  0  41  41  0  

0  41  41  0  0  0  41  41  0  0  41  41  0  0  41  0  41  41  41  41  0  41  41  41  41  41  0  41  41  41  41  41  0  41  41  41  0  41  0  0  

0  41  41  41  0  41  41  41  0  41  41  0  41  0  41  41  41  0  41  0  41  41  0  0  0  0  41  0  41  41  0  41  0  0  0  0  0  41  41  41  

41  41  41  0  0  0  0  41  41  41  0  0  0  41  41  41  41  41  41  41  0  41  0  0  0  41  0  41  41  0  41  41  0  41  0  41  0  41  41  0  

0  0  0  41  0  41  0  0  41  0  41  41  41  41  41  41  41  0  0  41  0  41  0  0  41  0  41  41  0  41  41  41  41  41  0  0  41  0  41  0  

0  41  41  41  0  41  41  41  41  0  0  0  41  41  41  41  41  41  0  41  41  0  0  41  0  41  41  0  41  0  0  41  41  0  41  41  0  41  0  41  

41  0  41  41  0  41  0  41  41  0  41  41  41  41  41  41  41  0  41  0  0  0  41  41  41  41  41  41  0  41  0  41  0  0  0  41  41  41  0  41  

0  41  0  0  41  41  41  0  41  0  41  41  0  41  0  41  0  41  41  41  41  0  41  0  41  41  41  41  0  41  0  0  41  0  0  41  41  0  41  0  

0  0  41  0  41  41  0  41  0  41  41  41  41  41  0  0  41  41  41  0  41  41  41  41  0  41  41  0  0  0  0  0  41  0  41  41  41  0  41  0  

41  0  41  41  0  41  41  41  0  0  41  41  0  41  41  41  0  41  0  41  0  41  41  41  0  41  0  41  41  0  41  0  0  41  0  41  0  41  41  41  

0  41  41  0  41  41  41  41  41  41  41  0  41  0  0  41  0  41  41  0  41  41  41  41  0  41  0  41  0  0  0  41  0  0  0  41  41  0  41  0  

41  41  0  0  0  41  41  0  41  0  0  41  41  41  41  0  0  0  41  41  41  41  41  41  0  41  0  41  41  41  41  0  41  41  41  41  0  41  0  0  

0  0  0  41  41  41  0  0  41  0  41  41  0  0  0  0  41  41  41  41  41  41  41  41  41  41  0  41  41  0  0  41  41  41  41  0  0  0  41  41  

41  0  0  0  0  0  0  41  0  41  41  41  0  0  0  41  41  0  41  41  41  41  41  41  41  41  41  0  41  41  41  41  41  41  41  41  41  41  41  41  

0  0  0  0  0  41  41  0  41  41  0  41  0  0  41  0  41  41  0  0  0  0  41  41  41  41  41  41  41  0  0  0  41  0  41  0  0  41  41  41  

41  41  41  0  41  41  41  41  0  0  41  41  0  41  0  41  41  41  41  41  41  41  41  41  41  41  0  0  0  0  41  0  0  41  41  0  41  41  41  0  

41  41  0  41  41  0  41  41  41  41  0  0  41  0  41  41  41  41  41  0  0  0  0  41  41  0  41  41  0  41  41  0  0  0  0  0  0  0  0  41  

0  41  41  41  0  0  41  0  0  0  0  41  0  41  41  0  41  41  0  41  41  41  41  0  41  0  41  41  41  0  41  41  41  0  41  41  0  41  41  0  

0  41  41  0  41  41  0  41  41  41  41  41  41  41  0  41  0  0  0  41  0  41  41  41  41  0  0  41  41  41  41  41  41  41  41  41  0  41  0  41  

41  0  41  0  0  41  0  41  0  0  41  41  41  0  41  0  41  41  0  0  0  41  0  41  0  0  41  0  41  41  41  41  41  0  41  41  41  41  41  41  

41  41  41  41  0  0  0  41  41  41  0  41  0  41  41  0  0  0  0  41  0  41  0  41  0  41  41  41  41  41  41  41  41  0  0  41  0  41  41  0  

0  0  0  41  41  41  0  41  0  41  41  41  41  41  41  41  41  0  0  0  41  0  41  41  0  0  0  41  41  41  41  41  41  0  41  41  41  0  41  41  

41  0  41  0  41  0  0  41  41  41  0  0  0  0  41  41  0  41  41  0  0  41  41  41  41  0  0  41  41  41  41  41  41  0  41  41  41  41  0  0  

41  41  41  41  0  0  0  41  41  0  41  41  0  41  41  0  0  0  0  41  0  41  41  41  0  41  0  0  41  0  0  0  0  41  0  41  41  41  41  0  

41  41  0  41  0  41  41  0  0  0  41  41  0  0  0  41  0  0  41  0  0  41  41  41  41  41  0  41  41  41  0  41  41  0  41  41  0  0  41  41  

41  0  0  0  0  41  41  0  0  41  0  41  0  41  0  41  41  41  41  41  41  41  0  41  0  0  0  41  41  41  41  41  41  41  41  41  0  41  0  0  

0  41  0  41  41  0  0  41  0  0  0  0  0  0  41  0  41  41  41  0  41  0  0  41  0  41  0  0  0  41  0  41  41  41  0  0  41  0  0  41  

0  0  41  0  0  0  0  0  41  0  41  41  41  41  0  41  41  0  0  41  0  41  0  41  41  41  0  41  41  41  41  0  41  41  0  41  0  41  0  0  

41  41  41  41  0  0  0  0  0  41  41  0  41  41  41  0  0  41  41  41  41  0  41  41  41  41  0  41  0  41  41  41  0  41  41  0  0  0  41  0  

41  0  41  41  41  0  41  0  41  0  0  0  41  0  0  41  41  0  0  41  0  0  41  41  41  0  41  0  41  41  0  41  0  0  41  0  41  0  0  41  

UnPairedArc=
1 2 
1 3 
1 4 
1 8 
1 10 
1 14 
1 17 
1 20 
1 22 
1 24 
1 26 
1 27 
1 30 
1 31 
1 33 
1 34 
1 35 
1 36 
1 39 
1 40 
2 3 
2 4 
2 5 
2 6 
2 7 
2 9 
2 11 
2 12 
2 13 
2 14 
2 16 
2 18 
2 21 
2 22 
2 26 
2 27 
2 28 
2 29 
2 31 
2 34 
2 35 
2 37 
2 39 
3 4 
3 6 
3 7 
3 9 
3 11 
3 12 
3 13 
3 14 
3 16 
3 17 
3 19 
3 20 
3 21 
3 26 
3 28 
3 29 
3 30 
3 31 
3 33 
3 34 
3 38 
3 39 
3 40 
4 5 
4 7 
4 9 
4 13 
4 15 
4 16 
4 17 
4 20 
4 23 
4 27 
4 28 
4 31 
4 32 
4 34 
4 35 
4 37 
4 39 
4 40 
5 7 
5 9 
5 18 
5 19 
5 21 
5 23 
5 26 
5 27 
5 29 
5 32 
5 33 
5 37 
5 40 
6 7 
6 8 
6 9 
6 10 
6 13 
6 15 
6 16 
6 17 
6 18 
6 19 
6 20 
6 21 
6 22 
6 23 
6 25 
6 26 
6 29 
6 30 
6 32 
6 35 
6 36 
7 9 
7 10 
7 11 
7 12 
7 13 
7 16 
7 18 
7 20 
7 21 
7 22 
7 25 
7 26 
7 27 
7 28 
7 35 
7 36 
7 40 
8 9 
8 11 
8 12 
8 13 
8 14 
8 16 
8 17 
8 19 
8 20 
8 21 
8 24 
8 26 
8 27 
8 29 
8 30 
8 31 
8 32 
8 33 
8 34 
8 37 
9 10 
9 14 
9 15 
9 16 
9 17 
9 18 
9 21 
9 22 
9 23 
9 25 
9 27 
9 29 
9 31 
9 33 
9 34 
9 38 
9 40 
10 11 
10 13 
10 14 
10 19 
10 21 
10 24 
10 25 
10 27 
10 29 
10 31 
10 32 
10 33 
10 36 
10 39 
11 12 
11 13 
11 15 
11 17 
11 18 
11 19 
11 20 
11 21 
11 23 
11 24 
11 26 
11 29 
11 30 
11 32 
11 34 
11 35 
11 38 
11 39 
12 15 
12 17 
12 18 
12 19 
12 20 
12 22 
12 23 
12 24 
12 25 
12 26 
12 28 
12 29 
12 30 
12 31 
12 32 
12 34 
12 35 
12 36 
12 38 
13 15 
13 16 
13 17 
13 19 
13 21 
13 22 
13 27 
13 29 
13 30 
13 32 
13 38 
13 39 
13 40 
14 15 
14 16 
14 17 
14 18 
14 19 
14 20 
14 22 
14 26 
14 28 
14 29 
14 31 
14 32 
14 34 
14 36 
14 38 
14 39 
15 16 
15 17 
15 20 
15 22 
15 25 
15 27 
15 28 
15 30 
15 31 
15 32 
15 33 
15 34 
15 37 
15 39 
16 17 
16 18 
16 20 
16 21 
16 24 
16 26 
16 27 
16 29 
16 32 
16 33 
16 35 
16 36 
16 38 
16 40 
17 19 
17 23 
17 24 
17 25 
17 26 
17 27 
17 28 
17 30 
17 32 
17 36 
17 37 
17 38 
17 40 
18 19 
18 20 
18 21 
18 23 
18 25 
18 26 
18 27 
18 28 
18 30 
18 33 
18 36 
18 37 
18 39 
19 21 
19 22 
19 23 
19 24 
19 26 
19 27 
19 33 
19 35 
19 36 
19 37 
19 39 
20 22 
20 23 
20 24 
20 26 
20 28 
20 29 
20 31 
20 34 
20 36 
20 38 
20 39 
20 40 
21 22 
21 23 
21 24 
21 26 
21 28 
21 32 
21 36 
21 37 
21 39 
22 23 
22 24 
22 26 
22 28 
22 29 
22 30 
22 31 
22 33 
22 34 
22 35 
22 36 
22 38 
23 24 
23 25 
23 26 
23 28 
23 29 
23 32 
23 33 
23 34 
23 35 
23 39 
23 40 
24 25 
24 26 
24 27 
24 29 
24 30 
24 31 
24 32 
24 33 
24 34 
24 35 
24 36 
24 37 
24 38 
24 39 
24 40 
25 26 
25 27 
25 28 
25 29 
25 33 
25 35 
25 38 
25 39 
25 40 
26 31 
26 34 
26 35 
26 37 
26 38 
26 39 
27 28 
27 30 
27 31 
27 40 
28 29 
28 31 
28 32 
28 33 
28 35 
28 36 
28 38 
28 39 
29 30 
29 31 
29 32 
29 33 
29 34 
29 35 
29 36 
29 38 
29 40 
30 31 
30 32 
30 33 
30 35 
30 36 
30 37 
30 38 
30 39 
30 40 
31 32 
31 33 
31 36 
31 38 
31 39 
32 33 
32 35 
32 36 
32 37 
32 39 
32 40 
33 35 
33 36 
33 37 
33 38 
34 36 
34 37 
34 38 
34 39 
35 36 
35 39 
35 40 
36 38 
37 40 
