nNodes=80;
 nPairs=1541;
Cost=

81  81  0  0  0  0  81  81  0  0  0  81  0  0  81  81  0  0  0  81  81  81  81  0  81  81  81  0  81  81  0  0  0  0  0  0  0  81  0  81  81  81  81  81  81  0  0  81  81  0  81  81  0  0  0  0  81  0  0  81  81  81  0  81  0  81  81  0  81  81  81  81  81  0  0  0  81  81  81  81  

81  81  81  0  0  0  0  0  81  81  81  81  81  81  81  81  81  0  0  81  81  81  0  0  81  81  81  81  81  0  81  81  0  81  0  81  81  0  81  0  81  0  81  0  0  81  81  81  81  0  81  81  81  0  81  81  0  0  81  0  81  81  0  0  0  81  0  81  0  81  0  81  81  81  0  0  81  81  81  0  

0  81  81  81  0  81  0  0  81  81  0  81  0  81  0  0  81  0  0  0  81  81  0  81  81  81  0  81  0  81  81  0  0  81  81  0  0  81  0  0  0  0  81  0  0  81  81  0  81  81  81  0  81  81  81  81  81  0  0  81  81  0  0  81  0  81  81  0  81  81  0  81  0  81  81  81  0  0  81  81  

0  0  81  81  0  81  0  81  0  0  81  81  0  0  0  0  81  0  0  0  81  81  81  81  81  0  81  0  0  81  81  81  81  0  0  0  0  0  0  81  0  81  81  0  81  81  81  0  0  0  81  81  0  0  81  0  81  0  0  0  81  81  81  81  0  0  81  0  81  0  0  81  0  81  0  81  0  0  0  81  

0  0  0  0  81  0  81  0  0  81  0  81  0  0  81  0  81  0  0  0  0  0  0  0  0  81  0  81  0  81  0  81  81  0  0  81  81  0  0  0  81  0  81  0  81  81  81  0  0  81  81  81  81  0  0  0  0  0  0  81  0  0  81  81  0  0  81  0  0  0  81  0  81  0  81  81  0  0  0  81  

0  0  81  81  0  81  0  0  81  81  0  0  81  0  81  81  0  81  81  81  0  81  81  0  81  0  0  81  0  81  81  0  0  81  81  0  0  0  0  0  81  0  81  81  0  0  0  0  0  0  81  0  81  81  0  0  0  81  0  0  0  0  0  81  0  0  0  0  81  81  81  0  81  81  0  0  81  81  81  81  

81  0  0  0  81  0  81  81  0  81  0  0  81  0  81  0  0  0  0  81  81  0  81  0  81  0  81  0  0  0  81  0  0  0  0  0  81  0  81  0  0  0  81  0  81  81  0  0  0  0  0  81  81  0  0  0  0  81  81  0  81  0  0  0  81  0  0  81  81  0  81  0  81  0  81  81  81  0  81  0  

81  0  0  81  0  0  81  81  0  81  0  81  81  0  81  0  81  81  0  81  0  0  0  81  0  81  0  0  0  0  0  0  81  0  81  81  0  81  81  81  81  0  0  81  81  81  0  81  81  81  81  81  81  81  81  81  81  81  0  81  0  0  81  0  81  0  81  81  0  0  81  0  81  0  0  81  0  81  81  81  

0  81  81  0  0  81  0  0  81  81  0  81  0  0  81  81  81  81  81  81  81  81  0  81  0  81  81  0  0  0  0  81  0  0  0  0  0  0  81  81  0  0  0  81  81  0  81  81  81  81  0  81  0  81  81  0  81  81  81  0  81  0  0  0  0  0  81  0  0  0  0  81  0  0  81  81  0  81  81  0  

0  81  81  0  81  81  81  81  81  81  0  0  81  0  81  0  0  81  0  81  81  81  0  0  81  0  81  0  0  81  81  0  0  81  81  81  81  81  0  81  81  0  81  0  0  0  0  0  0  81  0  0  0  0  0  0  0  81  0  0  0  81  81  0  0  81  81  81  0  81  0  0  81  0  0  81  81  0  81  81  

0  81  0  81  0  0  0  0  0  0  81  81  0  81  0  0  81  81  81  0  0  81  81  81  0  81  81  0  0  81  81  0  0  0  0  0  81  81  81  81  0  81  0  0  81  0  81  0  0  0  0  0  81  0  0  81  0  81  81  81  0  81  0  0  81  0  0  0  0  0  81  0  0  0  81  81  0  0  81  0  

81  81  81  81  81  0  0  81  81  0  81  81  0  0  0  0  81  0  81  0  81  0  0  81  81  0  81  81  0  0  0  81  0  81  0  0  0  81  81  81  0  0  81  81  81  81  81  81  81  81  0  0  81  0  81  0  81  0  81  81  81  81  81  0  0  81  0  81  0  0  0  81  0  81  81  0  81  0  81  81  

0  81  0  0  0  81  81  81  0  81  0  0  81  81  0  81  0  81  81  0  0  81  81  81  0  81  0  0  81  81  81  81  0  0  0  0  81  0  0  81  0  0  0  81  81  0  0  0  81  81  0  81  0  81  81  0  0  81  81  0  81  81  81  0  81  81  81  81  0  81  0  0  0  0  0  81  0  81  0  0  

0  81  81  0  0  0  0  0  0  0  81  0  81  81  0  0  0  81  81  0  0  0  0  81  81  0  0  0  0  0  81  0  81  0  0  0  81  81  0  0  0  0  0  81  81  0  0  81  81  0  0  0  0  0  0  81  0  0  81  0  0  81  0  81  81  0  0  81  0  0  0  0  0  0  81  0  81  0  81  0  

81  81  0  0  81  81  81  81  81  81  0  0  0  0  81  0  81  0  81  81  81  81  0  0  0  0  0  0  81  81  81  0  81  0  0  81  81  81  0  0  81  0  0  0  0  0  0  81  81  81  0  0  0  0  0  81  0  0  81  0  81  0  81  0  0  81  81  0  0  0  0  81  0  0  81  81  81  0  81  81  

81  81  0  0  0  81  0  0  81  0  0  0  81  0  0  81  81  0  81  81  0  0  81  0  81  81  0  81  81  81  81  81  0  0  0  81  0  81  0  0  81  0  81  81  81  0  0  81  81  81  0  81  0  0  81  0  81  0  81  0  81  0  0  0  81  0  81  0  81  0  81  0  81  81  0  81  81  0  0  0  

0  81  81  81  81  0  0  81  81  0  81  81  0  0  81  81  81  0  0  0  0  81  0  81  81  81  81  81  81  0  81  81  0  0  0  0  0  81  81  81  0  81  0  81  0  81  0  81  0  81  81  0  0  81  0  0  81  0  81  81  81  0  0  0  81  0  81  0  0  0  81  0  81  81  0  0  0  0  81  81  

0  0  0  0  0  81  0  81  81  81  81  0  81  81  0  0  0  81  81  81  81  0  0  81  81  81  0  0  81  0  0  0  81  0  81  0  0  81  0  0  81  0  81  81  0  0  0  0  81  81  81  0  81  81  81  81  81  81  0  81  81  0  0  81  0  81  0  0  81  0  0  81  0  81  81  81  81  81  81  81  

0  0  0  0  0  81  0  0  81  0  81  81  81  81  81  81  0  81  81  81  0  81  0  0  0  0  0  81  0  81  81  0  81  0  0  81  81  81  81  81  81  0  81  81  81  0  0  0  0  81  0  0  81  81  0  81  81  81  81  0  0  81  81  81  81  0  0  0  0  0  0  81  81  81  0  0  0  0  0  81  

81  81  0  0  0  81  81  81  81  81  0  0  0  0  81  81  0  81  81  81  81  0  0  81  81  0  81  0  0  0  0  81  0  81  0  0  81  81  81  81  0  0  0  0  81  0  0  0  0  0  0  81  81  0  81  81  0  0  81  81  81  81  81  0  81  81  0  0  81  81  81  81  0  81  0  0  81  0  81  0  

81  81  81  81  0  0  81  0  81  81  0  81  0  0  81  0  0  81  0  81  81  0  0  81  0  81  81  81  0  81  0  81  0  81  81  0  81  81  0  0  81  0  81  0  0  0  81  81  0  0  81  0  0  81  0  81  81  81  81  81  0  81  81  0  81  0  0  81  0  81  0  81  0  81  81  0  81  81  81  81  

81  81  81  81  0  81  0  0  81  81  81  0  81  0  81  0  81  0  81  0  0  81  81  81  0  0  81  81  0  0  0  81  81  81  81  81  0  81  0  81  0  81  0  0  81  0  0  0  0  0  81  81  0  81  81  0  0  0  81  81  0  81  81  0  81  81  0  81  0  81  81  0  0  81  0  81  0  0  81  81  

81  0  0  81  0  81  81  0  0  0  81  0  81  0  0  81  0  0  0  0  0  81  81  0  0  0  81  0  81  0  0  81  81  81  0  0  81  81  81  81  81  81  81  0  81  0  81  81  81  0  81  0  81  81  81  81  81  81  81  0  0  0  81  0  81  81  81  0  0  81  81  81  0  0  0  81  81  81  81  81  

0  0  81  81  0  0  0  81  81  0  81  81  81  81  0  0  81  81  0  81  81  81  0  81  81  81  0  81  0  0  81  0  0  0  0  81  81  0  0  81  81  0  81  0  0  81  0  0  0  81  0  0  0  81  0  81  0  81  81  0  0  81  0  81  81  0  81  81  0  0  81  0  81  81  0  81  0  81  0  0  

81  81  81  81  0  81  81  0  0  81  0  81  0  81  0  81  81  81  0  81  0  0  0  81  81  0  0  0  0  81  0  81  0  81  0  81  0  81  0  81  0  81  0  81  0  81  0  0  0  0  81  81  81  0  81  0  0  0  0  81  0  81  0  81  0  81  81  81  81  0  0  81  0  81  81  0  0  81  0  81  

81  81  81  0  81  0  0  81  81  0  81  0  81  0  0  81  81  81  0  0  81  0  0  81  0  81  81  0  0  81  81  0  81  81  0  81  0  81  81  81  0  81  81  0  0  81  81  81  0  0  81  0  0  0  0  0  81  81  81  0  81  81  0  0  81  81  0  0  0  0  81  81  81  81  81  81  0  81  0  0  

81  81  0  81  0  0  81  0  81  81  81  81  0  0  0  0  81  0  0  81  81  81  81  0  0  81  81  0  81  81  0  0  0  0  81  0  81  0  0  0  0  81  81  81  81  81  0  81  81  0  81  81  0  0  0  81  0  81  81  0  0  0  81  0  81  81  81  0  0  0  81  0  0  0  81  81  81  81  81  0  

0  81  81  0  81  81  0  0  0  0  0  81  0  0  0  81  81  0  81  0  81  81  0  81  0  0  0  81  0  81  81  0  0  81  81  0  81  81  0  0  0  0  81  0  81  81  81  81  0  0  81  0  81  81  81  81  81  0  0  81  81  0  0  0  0  81  0  0  0  81  81  81  0  0  81  0  0  0  81  81  

81  81  0  0  0  0  0  0  0  0  0  0  81  0  81  81  81  81  0  0  0  0  81  0  0  0  81  0  81  81  0  0  81  81  81  81  0  0  81  81  81  0  81  81  0  0  81  0  0  0  0  0  81  81  81  81  0  0  0  81  0  81  0  81  0  0  81  0  0  0  0  0  0  0  0  0  81  0  81  81  

81  0  81  81  81  81  0  0  0  81  81  0  81  0  81  81  0  0  81  0  81  0  0  0  81  81  81  81  81  81  81  81  0  81  81  81  81  0  81  81  0  81  0  81  0  0  81  0  0  81  0  81  0  81  81  0  81  0  81  81  0  0  81  81  0  81  81  81  81  81  81  81  81  81  0  81  0  0  81  0  

0  81  81  81  0  81  81  0  0  81  81  0  81  81  81  81  81  0  81  0  0  0  0  81  0  81  0  81  0  81  81  0  81  81  81  0  0  0  0  0  0  81  81  81  81  0  0  0  81  81  0  0  0  0  0  0  81  81  0  81  0  0  0  0  0  81  0  81  0  81  81  81  81  0  81  81  0  81  0  0  

0  81  0  81  81  0  0  0  81  0  0  81  81  0  0  81  81  0  0  81  81  81  81  0  81  0  0  0  0  81  0  81  0  81  81  81  0  0  81  81  81  81  0  81  0  0  81  0  0  0  0  0  0  81  0  81  81  0  81  0  0  0  81  0  81  0  0  81  81  81  0  0  81  0  0  81  81  81  81  81  

0  0  0  81  81  0  0  81  0  0  0  0  0  81  81  0  0  81  81  0  0  81  81  0  0  81  0  0  81  0  81  0  81  0  81  81  0  0  81  81  0  0  81  0  81  0  81  0  0  0  0  0  0  0  0  0  81  0  0  0  0  0  0  0  0  0  81  81  81  0  81  81  81  0  0  81  81  81  0  0  

0  81  81  0  0  81  0  0  0  81  0  81  0  0  0  0  0  0  0  81  81  81  81  0  81  81  0  81  81  81  81  81  0  81  0  0  81  81  81  81  0  0  0  81  0  81  0  81  0  81  81  81  0  81  81  81  81  0  81  0  81  81  0  0  81  81  81  81  0  0  81  81  0  81  81  0  0  0  0  0  

0  0  81  0  0  81  0  81  0  81  0  0  0  0  0  0  0  81  0  0  81  81  0  0  0  0  81  81  81  81  81  81  81  0  81  0  81  0  81  81  0  81  0  81  81  0  81  81  81  81  0  0  0  0  0  81  81  0  0  0  0  81  81  81  0  0  0  81  0  81  0  0  0  81  81  81  81  81  0  0  

0  81  0  0  81  0  0  81  0  81  0  0  0  0  81  81  0  0  81  0  0  81  0  81  81  81  0  0  81  81  0  81  81  0  0  81  81  0  81  81  0  0  81  0  81  81  81  81  81  0  0  0  0  81  81  0  0  0  81  81  81  81  81  81  81  81  81  81  0  0  0  0  0  0  81  81  0  0  0  0  

0  81  0  0  81  0  81  0  0  81  81  0  81  81  81  0  0  0  81  81  81  0  81  81  0  0  81  81  0  81  0  0  0  81  81  81  81  81  81  81  0  0  81  0  81  81  81  81  81  0  0  81  0  81  81  0  0  0  81  81  0  0  0  81  81  0  0  0  0  81  81  0  0  0  0  0  0  0  0  81  

81  0  81  0  0  0  0  81  0  81  81  81  0  81  81  81  81  81  81  81  81  81  81  0  81  81  0  81  0  0  0  0  0  81  0  0  81  81  81  81  0  0  81  81  0  81  81  0  0  81  81  0  0  0  81  0  81  81  81  81  81  0  81  0  81  0  0  81  0  0  0  0  0  81  81  0  81  0  81  0  

0  81  0  0  0  0  81  81  81  0  81  81  0  0  0  0  81  0  81  81  0  0  81  0  0  81  0  0  81  81  0  81  81  81  81  81  81  81  81  81  0  0  81  81  0  81  0  81  0  0  0  0  0  0  0  0  81  0  0  0  81  0  0  0  81  81  0  81  0  81  81  0  0  0  81  81  0  0  81  0  

81  0  0  81  0  0  0  81  81  81  81  81  81  0  0  0  81  0  81  81  0  81  81  81  81  81  0  0  81  81  0  81  81  81  81  81  81  81  81  81  0  0  81  81  0  0  81  81  81  81  0  81  0  81  81  0  0  0  81  81  81  0  81  0  81  0  0  0  81  81  0  81  0  0  81  81  0  81  0  0  

81  81  0  0  81  81  0  81  0  81  0  0  0  0  81  81  0  81  81  0  81  0  81  81  0  0  0  0  81  0  0  81  0  0  0  0  0  0  0  0  81  0  0  81  0  0  0  81  0  81  0  0  81  0  81  0  81  81  0  0  0  81  81  0  81  0  81  0  0  81  81  0  81  81  0  0  0  81  81  0  

81  0  0  81  0  0  0  0  0  0  81  0  0  0  0  0  81  0  0  0  0  81  81  0  81  81  81  0  0  81  81  81  0  0  81  0  0  0  0  0  0  81  0  0  81  0  81  81  0  81  0  0  81  0  0  0  81  0  0  0  0  0  81  0  81  0  0  81  0  0  0  0  81  0  0  0  81  0  0  81  

81  81  81  81  81  81  81  0  0  81  0  81  0  0  0  81  0  81  81  0  81  0  81  81  0  81  81  81  81  0  81  0  81  0  0  81  81  81  81  81  0  0  81  0  81  0  81  81  81  81  0  81  81  0  81  0  0  0  81  0  0  81  0  0  81  81  81  0  81  0  0  81  81  0  81  0  81  0  81  0  

81  0  0  0  0  81  0  81  81  0  0  81  81  81  0  81  81  81  81  0  0  0  0  0  81  0  81  0  81  81  81  81  0  81  81  0  0  81  81  81  81  0  0  81  0  0  0  81  0  0  0  0  81  81  81  0  81  81  0  81  0  81  81  81  81  0  81  0  81  0  81  81  0  81  0  81  81  0  0  0  

81  0  0  81  81  0  81  81  81  0  81  81  81  81  0  81  0  0  81  81  0  81  81  0  0  0  81  81  0  0  81  0  81  0  81  81  81  0  0  0  0  81  81  0  81  81  81  0  0  81  0  0  0  0  0  81  0  0  0  81  81  0  81  0  81  0  81  0  81  0  0  0  0  0  0  0  0  0  0  0  

0  81  81  81  81  0  81  81  0  0  0  81  0  0  0  0  81  0  0  0  0  0  0  81  81  81  81  81  0  0  0  0  0  81  0  81  81  81  81  0  0  0  0  0  81  81  81  81  0  81  0  81  81  0  81  81  0  0  0  0  0  81  0  81  0  81  0  81  81  81  81  0  81  0  81  0  0  81  81  0  

0  81  81  81  81  0  0  0  81  0  81  81  0  0  0  0  0  0  0  0  81  0  81  0  0  81  0  81  81  81  0  81  81  0  81  81  81  81  0  81  0  81  81  0  81  81  81  0  0  0  81  0  0  0  0  0  81  81  0  0  81  81  81  81  0  0  0  0  81  81  81  0  81  81  81  0  0  81  0  0  

81  81  0  0  0  0  0  81  81  0  0  81  0  81  81  81  81  0  0  0  81  0  81  0  0  81  81  81  0  0  0  0  0  81  81  81  81  0  81  81  81  81  81  81  0  81  0  81  81  0  81  81  81  81  81  81  81  81  81  0  81  0  0  0  81  81  81  0  0  81  81  81  81  0  81  0  0  81  81  81  

81  81  81  0  0  0  0  81  81  0  0  81  81  81  81  81  0  81  0  0  0  0  81  0  0  0  81  0  0  0  81  0  0  0  81  81  81  0  0  81  0  0  81  0  0  0  0  81  81  81  81  0  0  0  0  0  0  81  81  81  0  81  0  81  0  81  81  0  81  0  81  81  0  81  0  81  81  0  81  81  

0  0  81  0  81  0  0  81  81  81  0  81  81  0  81  81  81  81  81  0  0  0  0  81  0  0  0  0  0  81  81  0  0  81  81  0  0  81  0  81  81  81  81  0  81  81  0  0  81  81  0  0  81  81  0  0  0  0  0  0  0  81  81  81  81  0  0  81  0  0  81  81  0  81  0  0  81  81  0  81  

81  81  81  81  81  81  0  81  0  0  0  0  0  0  0  0  81  81  0  0  81  81  81  0  81  81  81  81  0  0  0  0  0  81  0  0  0  81  0  0  0  0  0  0  0  0  81  81  81  0  81  0  81  0  81  0  0  0  0  81  81  81  81  0  81  0  0  81  0  81  0  0  0  81  81  0  0  0  0  81  

81  81  0  81  81  0  81  81  81  0  0  0  81  0  0  81  0  0  0  81  0  81  0  0  81  0  81  0  0  81  0  0  0  81  0  0  81  0  0  81  0  0  81  0  0  81  0  81  0  0  0  81  0  0  81  0  0  81  0  0  81  0  0  0  81  0  81  81  81  0  81  0  81  0  0  81  81  81  81  81  

0  81  81  0  81  81  81  81  0  0  81  81  0  0  0  0  0  81  81  81  0  0  81  0  81  0  0  81  81  0  0  0  0  0  0  0  0  0  0  0  81  81  81  81  0  81  0  81  0  81  81  0  81  81  81  81  0  0  81  0  0  81  0  81  81  81  81  81  81  81  81  81  0  0  0  81  0  81  0  81  

0  0  81  0  0  81  0  81  81  0  0  0  81  0  0  0  81  81  81  0  81  81  81  81  0  0  0  81  81  81  0  81  0  81  0  81  81  0  0  81  0  0  0  81  0  0  0  81  0  81  0  0  81  81  81  81  81  0  0  81  0  0  81  81  81  0  81  0  81  0  81  81  0  81  81  81  81  0  81  0  

0  81  81  81  0  0  0  81  81  0  0  81  81  0  0  81  0  81  0  81  0  81  81  0  81  0  0  81  81  81  0  0  0  81  0  81  81  81  0  81  81  0  81  81  0  81  0  81  0  0  81  81  81  81  81  0  81  0  81  81  0  0  81  81  0  0  81  0  81  81  81  0  81  0  0  81  0  81  0  0  

0  81  81  0  0  0  0  81  0  0  81  0  0  81  81  0  0  81  81  81  81  0  81  81  0  0  81  81  81  0  0  81  0  81  81  0  0  0  0  0  0  0  0  0  81  81  0  81  0  0  0  0  81  81  0  81  0  81  0  81  81  0  0  0  0  0  0  0  0  0  81  81  0  81  0  81  0  0  81  81  

81  0  81  81  0  0  0  81  81  0  0  81  0  0  0  81  81  81  81  0  81  0  81  0  0  81  0  81  0  81  81  81  81  81  81  0  0  81  81  0  81  81  0  81  0  0  81  81  0  0  0  0  0  81  81  0  81  0  81  81  0  81  81  0  0  81  81  81  0  0  0  81  0  81  81  0  81  81  0  81  

0  0  0  0  0  81  81  81  81  81  81  0  81  0  0  0  0  81  81  0  81  0  81  81  0  81  81  0  0  0  81  0  0  0  0  0  0  81  0  0  81  0  0  81  0  0  81  81  81  0  0  81  0  0  0  81  0  81  81  81  81  81  81  0  81  81  81  0  81  0  0  0  0  0  81  0  81  81  0  81  

0  81  0  0  0  0  81  0  81  0  81  81  81  81  81  81  81  0  81  81  81  81  81  81  0  81  81  0  0  81  0  81  0  81  0  81  81  81  0  81  0  0  81  0  0  0  0  81  81  0  0  0  81  0  81  0  81  81  81  81  0  81  81  81  81  0  0  0  0  81  0  81  81  0  81  0  0  81  0  81  

81  0  81  0  81  0  0  81  0  0  81  81  0  0  0  0  81  81  0  81  81  81  0  0  81  0  0  81  81  81  81  0  0  0  0  81  81  81  0  81  0  0  0  81  81  0  0  0  81  0  81  0  0  81  81  81  81  81  81  81  81  81  0  0  0  81  81  81  81  0  0  81  81  81  0  0  0  0  0  0  

81  81  81  81  0  0  81  0  81  0  0  81  81  0  81  81  81  81  0  81  0  0  0  0  0  81  0  81  0  0  0  0  0  81  0  81  0  81  81  81  0  0  0  0  81  0  81  81  0  0  81  81  0  0  0  81  0  81  0  81  81  81  81  0  0  0  81  0  81  81  81  81  0  0  0  81  0  0  0  0  

81  81  0  81  0  0  0  0  0  81  81  81  81  81  0  0  0  0  81  81  81  81  0  81  81  81  0  0  81  0  0  0  0  81  81  81  0  0  0  0  81  0  81  81  0  81  81  0  81  81  81  0  81  0  0  0  81  81  81  81  81  81  81  0  81  81  0  0  0  81  0  81  81  81  81  0  0  0  81  81  

0  0  0  81  81  0  0  81  0  81  0  81  81  0  81  0  0  0  81  81  81  81  81  0  0  0  81  0  0  81  0  81  0  0  81  81  0  81  0  81  81  81  0  81  81  0  81  0  0  81  81  0  0  81  81  0  81  81  81  0  81  81  81  81  0  81  0  0  0  81  81  81  81  0  81  81  0  81  0  81  

81  0  81  81  81  81  0  0  0  0  0  0  0  81  0  0  0  81  81  0  0  0  0  81  81  0  0  0  81  81  0  0  0  0  81  81  81  0  0  0  0  0  0  81  0  81  81  0  81  81  0  0  81  81  81  0  0  0  81  0  0  0  81  81  0  0  81  0  81  0  81  0  81  81  81  0  0  0  81  81  

0  0  0  0  0  0  81  81  0  0  81  0  81  81  0  81  81  0  81  81  81  81  81  81  0  81  81  0  0  0  0  81  0  81  0  81  81  81  81  81  81  81  81  81  81  0  0  81  0  81  81  81  81  81  0  0  0  81  81  0  0  81  0  0  81  0  81  81  0  81  0  81  81  0  0  81  81  81  0  0  

81  81  81  0  0  0  0  0  0  81  0  81  81  0  81  0  0  81  0  81  0  81  81  0  81  81  81  81  0  81  81  0  0  81  0  81  0  0  81  0  0  0  81  0  0  81  0  81  81  0  0  0  81  0  0  0  81  81  0  81  0  81  81  0  0  81  0  0  81  81  0  81  81  81  0  81  0  81  81  81  

81  0  81  81  81  0  0  81  81  81  0  0  81  0  81  81  81  0  0  0  0  0  81  81  81  0  81  0  81  81  0  0  81  81  0  81  0  0  0  0  81  0  81  81  81  0  0  81  81  0  0  81  81  81  81  0  81  81  0  81  81  0  0  81  81  0  81  81  0  81  0  81  81  0  0  81  81  0  81  81  

0  81  0  0  0  0  81  81  0  81  0  81  81  81  0  0  0  0  0  0  81  81  0  81  81  0  0  0  0  81  81  81  81  81  81  81  0  81  81  0  0  81  0  0  0  81  0  0  0  81  81  81  81  0  0  0  81  0  0  81  0  0  0  0  81  0  81  81  0  0  81  81  0  0  81  0  0  81  0  0  

81  0  81  81  0  81  81  0  0  0  0  0  0  0  0  81  0  81  0  81  0  0  0  0  81  0  0  0  0  81  0  81  81  0  0  0  0  0  0  81  0  0  81  81  81  81  81  0  81  0  0  81  81  81  81  0  0  81  0  81  81  0  0  81  0  81  0  0  81  0  81  81  81  0  81  0  0  81  81  81  

81  81  81  0  0  81  0  0  0  81  0  0  81  0  0  0  0  0  0  81  81  81  81  0  0  0  0  81  0  81  81  81  0  0  81  0  81  0  81  81  81  0  0  0  0  81  81  81  0  0  81  0  81  0  81  0  0  0  81  0  81  81  81  0  81  81  81  0  0  81  81  0  0  0  0  81  0  0  81  0  

81  0  0  0  81  81  81  81  0  0  81  0  0  0  0  81  81  0  0  81  0  81  81  81  0  81  81  81  0  81  81  0  81  81  0  0  81  0  81  0  81  0  0  81  0  81  81  81  81  81  0  81  81  81  81  81  0  0  0  0  81  0  81  81  0  0  0  81  81  81  81  0  81  0  0  81  0  81  81  0  

81  81  81  81  0  0  0  0  81  0  0  81  0  0  81  0  0  81  81  81  81  0  81  0  81  81  0  81  0  81  81  0  81  81  0  0  0  0  0  81  0  0  81  81  0  0  0  81  81  81  0  0  81  81  0  81  81  0  81  81  81  81  81  0  81  81  81  81  81  0  0  81  0  81  0  0  0  81  0  0  

81  81  0  0  81  81  81  81  0  81  0  0  0  0  0  81  81  0  81  0  0  0  0  81  0  81  0  0  0  81  81  81  81  0  0  0  0  0  0  0  81  81  81  0  0  81  81  81  0  0  0  81  0  0  81  0  0  0  81  81  0  81  81  81  81  81  81  0  81  0  81  0  81  0  81  0  0  81  0  81  

0  81  81  81  0  81  0  0  0  0  0  81  0  0  0  81  81  81  81  81  81  81  0  81  81  81  0  0  0  81  0  0  0  81  81  0  0  81  0  0  81  0  0  81  0  0  81  0  81  81  81  0  0  81  0  81  81  0  0  81  0  81  0  81  0  81  0  0  0  0  0  81  0  81  0  81  0  81  81  0  

0  0  81  0  81  0  81  0  81  0  81  81  0  81  81  0  0  81  0  0  81  0  0  0  81  81  81  81  0  0  81  0  0  81  81  81  0  81  81  81  0  0  81  0  0  81  81  81  0  0  81  0  0  81  0  0  81  81  81  0  0  81  81  81  0  0  0  81  81  0  0  0  81  0  81  0  81  81  0  0  

0  0  81  81  81  0  81  81  81  81  81  0  81  0  81  81  0  81  0  0  0  81  81  81  0  81  81  0  0  81  81  81  81  0  81  81  0  0  81  81  0  0  0  81  0  0  0  0  81  0  0  81  81  81  81  81  0  0  0  0  81  0  81  0  81  81  81  0  0  81  81  0  0  81  0  81  81  81  0  0  

81  81  0  0  0  81  81  0  0  81  0  81  0  81  81  81  0  81  0  81  81  0  81  0  0  0  81  0  81  0  0  81  81  0  81  0  0  81  0  0  0  81  81  81  0  0  0  0  81  81  0  81  0  81  0  0  81  81  0  0  0  0  0  0  81  0  81  0  0  0  0  0  0  0  81  81  81  0  0  81  

81  81  0  0  0  81  0  81  81  0  0  0  81  0  0  0  0  81  0  0  81  0  81  81  81  81  81  0  0  0  81  81  81  0  81  0  0  0  0  81  81  0  0  0  0  81  81  81  0  81  0  81  81  0  81  0  81  81  81  0  0  0  81  0  81  81  0  81  81  0  81  81  81  81  81  81  0  81  81  81  

81  81  81  0  0  81  81  81  81  81  81  81  0  81  81  0  81  81  0  81  81  81  81  0  0  0  81  81  81  81  0  81  0  0  0  0  0  81  81  0  81  0  81  0  0  81  0  81  81  0  0  81  0  81  0  81  0  0  0  0  0  81  0  81  0  81  81  0  81  81  81  0  0  81  0  0  0  81  81  81  

81  0  81  81  81  81  0  81  0  81  0  81  0  0  81  0  81  81  81  0  81  81  81  0  81  0  0  81  81  0  0  81  0  0  0  0  81  0  0  0  0  81  0  0  0  0  0  81  81  81  81  81  81  0  0  81  81  81  81  0  0  81  81  81  0  81  81  0  81  0  0  0  81  0  0  0  81  81  81  81  

UnPairedArc=
1 2 
1 7 
1 8 
1 12 
1 15 
1 16 
1 20 
1 21 
1 22 
1 23 
1 25 
1 26 
1 27 
1 29 
1 30 
1 38 
1 40 
1 41 
1 42 
1 43 
1 44 
1 45 
1 48 
1 49 
1 51 
1 52 
1 57 
1 60 
1 61 
1 62 
1 64 
1 66 
1 67 
1 69 
1 70 
1 71 
1 72 
1 73 
1 77 
1 78 
1 79 
1 80 
2 3 
2 9 
2 10 
2 11 
2 12 
2 13 
2 14 
2 15 
2 16 
2 17 
2 20 
2 21 
2 22 
2 25 
2 26 
2 27 
2 28 
2 29 
2 31 
2 32 
2 34 
2 36 
2 37 
2 39 
2 41 
2 43 
2 46 
2 47 
2 48 
2 49 
2 51 
2 52 
2 53 
2 55 
2 56 
2 59 
2 61 
2 62 
2 66 
2 68 
2 70 
2 72 
2 73 
2 74 
2 77 
2 78 
2 79 
3 4 
3 6 
3 9 
3 10 
3 12 
3 14 
3 17 
3 21 
3 22 
3 24 
3 25 
3 26 
3 28 
3 30 
3 31 
3 34 
3 35 
3 38 
3 43 
3 46 
3 47 
3 49 
3 50 
3 51 
3 53 
3 54 
3 55 
3 56 
3 57 
3 60 
3 61 
3 64 
3 66 
3 67 
3 69 
3 70 
3 72 
3 74 
3 75 
3 76 
3 79 
3 80 
4 6 
4 8 
4 11 
4 12 
4 17 
4 21 
4 22 
4 23 
4 24 
4 25 
4 27 
4 30 
4 31 
4 32 
4 33 
4 40 
4 42 
4 43 
4 45 
4 46 
4 47 
4 51 
4 52 
4 55 
4 57 
4 61 
4 62 
4 63 
4 64 
4 67 
4 69 
4 72 
4 74 
4 76 
4 80 
5 7 
5 10 
5 12 
5 15 
5 17 
5 26 
5 28 
5 30 
5 32 
5 33 
5 36 
5 37 
5 41 
5 43 
5 45 
5 46 
5 47 
5 50 
5 51 
5 52 
5 53 
5 60 
5 63 
5 64 
5 67 
5 71 
5 73 
5 75 
5 76 
5 80 
6 9 
6 10 
6 13 
6 15 
6 16 
6 18 
6 19 
6 20 
6 22 
6 23 
6 25 
6 28 
6 30 
6 31 
6 34 
6 35 
6 41 
6 43 
6 44 
6 51 
6 53 
6 54 
6 58 
6 64 
6 69 
6 70 
6 71 
6 73 
6 74 
6 77 
6 78 
6 79 
6 80 
7 8 
7 10 
7 13 
7 15 
7 20 
7 21 
7 23 
7 25 
7 27 
7 31 
7 37 
7 39 
7 43 
7 45 
7 46 
7 52 
7 53 
7 58 
7 59 
7 61 
7 65 
7 68 
7 69 
7 71 
7 73 
7 75 
7 76 
7 77 
7 79 
8 10 
8 12 
8 13 
8 15 
8 17 
8 18 
8 20 
8 24 
8 26 
8 33 
8 35 
8 36 
8 38 
8 39 
8 40 
8 41 
8 44 
8 45 
8 46 
8 48 
8 49 
8 50 
8 51 
8 52 
8 53 
8 54 
8 55 
8 56 
8 57 
8 58 
8 60 
8 63 
8 65 
8 67 
8 68 
8 71 
8 73 
8 76 
8 78 
8 79 
8 80 
9 10 
9 12 
9 15 
9 16 
9 17 
9 18 
9 19 
9 20 
9 21 
9 22 
9 24 
9 26 
9 27 
9 32 
9 39 
9 40 
9 44 
9 45 
9 47 
9 48 
9 49 
9 50 
9 52 
9 54 
9 55 
9 57 
9 58 
9 59 
9 61 
9 67 
9 72 
9 75 
9 76 
9 78 
9 79 
10 13 
10 15 
10 18 
10 20 
10 21 
10 22 
10 25 
10 27 
10 30 
10 31 
10 34 
10 35 
10 36 
10 37 
10 38 
10 40 
10 41 
10 43 
10 50 
10 58 
10 62 
10 63 
10 66 
10 67 
10 68 
10 70 
10 73 
10 76 
10 77 
10 79 
10 80 
11 12 
11 14 
11 17 
11 18 
11 19 
11 22 
11 23 
11 24 
11 26 
11 27 
11 30 
11 31 
11 37 
11 38 
11 39 
11 40 
11 42 
11 45 
11 47 
11 53 
11 56 
11 58 
11 59 
11 60 
11 62 
11 65 
11 71 
11 75 
11 76 
11 79 
12 17 
12 19 
12 21 
12 24 
12 25 
12 27 
12 28 
12 32 
12 34 
12 38 
12 39 
12 40 
12 43 
12 44 
12 45 
12 46 
12 47 
12 48 
12 49 
12 50 
12 53 
12 55 
12 57 
12 59 
12 60 
12 61 
12 62 
12 63 
12 66 
12 68 
12 72 
12 74 
12 75 
12 77 
12 79 
12 80 
13 14 
13 16 
13 18 
13 19 
13 22 
13 23 
13 24 
13 26 
13 29 
13 30 
13 31 
13 32 
13 37 
13 40 
13 44 
13 45 
13 49 
13 50 
13 52 
13 54 
13 55 
13 58 
13 59 
13 61 
13 62 
13 63 
13 65 
13 66 
13 67 
13 68 
13 70 
13 76 
13 78 
14 18 
14 19 
14 24 
14 25 
14 31 
14 33 
14 37 
14 38 
14 44 
14 45 
14 48 
14 49 
14 56 
14 59 
14 62 
14 64 
14 65 
14 68 
14 75 
14 77 
14 79 
15 17 
15 19 
15 20 
15 21 
15 22 
15 29 
15 30 
15 31 
15 33 
15 36 
15 37 
15 38 
15 41 
15 48 
15 49 
15 50 
15 56 
15 59 
15 61 
15 63 
15 66 
15 67 
15 72 
15 75 
15 76 
15 77 
15 79 
15 80 
16 17 
16 19 
16 20 
16 23 
16 25 
16 26 
16 28 
16 29 
16 30 
16 31 
16 32 
16 36 
16 38 
16 41 
16 43 
16 44 
16 45 
16 48 
16 49 
16 50 
16 52 
16 55 
16 57 
16 59 
16 61 
16 65 
16 67 
16 69 
16 71 
16 73 
16 74 
16 76 
16 77 
17 22 
17 24 
17 25 
17 26 
17 27 
17 28 
17 29 
17 31 
17 32 
17 38 
17 39 
17 40 
17 42 
17 44 
17 46 
17 48 
17 50 
17 51 
17 54 
17 57 
17 59 
17 60 
17 61 
17 65 
17 67 
17 71 
17 73 
17 74 
17 79 
17 80 
18 19 
18 20 
18 21 
18 24 
18 25 
18 26 
18 29 
18 33 
18 35 
18 38 
18 41 
18 43 
18 44 
18 49 
18 50 
18 51 
18 53 
18 54 
18 55 
18 56 
18 57 
18 58 
18 60 
18 61 
18 64 
18 66 
18 69 
18 72 
18 74 
18 75 
18 76 
18 77 
18 78 
18 79 
18 80 
19 20 
19 22 
19 28 
19 30 
19 31 
19 33 
19 36 
19 37 
19 38 
19 39 
19 40 
19 41 
19 43 
19 44 
19 45 
19 50 
19 53 
19 54 
19 56 
19 57 
19 58 
19 59 
19 62 
19 63 
19 64 
19 65 
19 72 
19 73 
19 74 
19 80 
20 21 
20 24 
20 25 
20 27 
20 32 
20 34 
20 37 
20 38 
20 39 
20 40 
20 45 
20 52 
20 53 
20 55 
20 56 
20 59 
20 60 
20 61 
20 62 
20 63 
20 65 
20 66 
20 69 
20 70 
20 71 
20 72 
20 74 
20 77 
20 79 
21 24 
21 26 
21 27 
21 28 
21 30 
21 32 
21 34 
21 35 
21 37 
21 38 
21 41 
21 43 
21 47 
21 48 
21 51 
21 54 
21 56 
21 57 
21 58 
21 59 
21 60 
21 62 
21 63 
21 65 
21 68 
21 70 
21 72 
21 74 
21 75 
21 77 
21 78 
21 79 
21 80 
22 23 
22 24 
22 27 
22 28 
22 32 
22 33 
22 34 
22 35 
22 36 
22 38 
22 40 
22 42 
22 45 
22 51 
22 52 
22 54 
22 55 
22 59 
22 60 
22 62 
22 63 
22 65 
22 66 
22 68 
22 70 
22 71 
22 74 
22 76 
22 79 
22 80 
23 27 
23 29 
23 32 
23 33 
23 34 
23 37 
23 38 
23 39 
23 40 
23 41 
23 42 
23 43 
23 45 
23 47 
23 48 
23 49 
23 51 
23 53 
23 54 
23 55 
23 56 
23 57 
23 58 
23 59 
23 63 
23 65 
23 66 
23 67 
23 70 
23 71 
23 72 
23 76 
23 77 
23 78 
23 79 
23 80 
24 25 
24 26 
24 28 
24 31 
24 36 
24 37 
24 40 
24 41 
24 43 
24 46 
24 50 
24 54 
24 56 
24 58 
24 59 
24 62 
24 64 
24 65 
24 67 
24 68 
24 71 
24 73 
24 74 
24 76 
24 78 
25 30 
25 32 
25 34 
25 36 
25 38 
25 40 
25 42 
25 44 
25 46 
25 51 
25 52 
25 53 
25 55 
25 60 
25 62 
25 64 
25 66 
25 67 
25 68 
25 69 
25 72 
25 74 
25 75 
25 78 
25 80 
26 27 
26 30 
26 31 
26 33 
26 34 
26 36 
26 38 
26 39 
26 40 
26 42 
26 43 
26 46 
26 47 
26 48 
26 51 
26 57 
26 58 
26 59 
26 61 
26 62 
26 65 
26 66 
26 71 
26 72 
26 73 
26 74 
26 75 
26 76 
26 78 
27 29 
27 30 
27 35 
27 37 
27 42 
27 43 
27 44 
27 45 
27 46 
27 48 
27 49 
27 51 
27 52 
27 56 
27 58 
27 59 
27 63 
27 65 
27 66 
27 67 
27 71 
27 75 
27 76 
27 77 
27 78 
27 79 
28 30 
28 31 
28 34 
28 35 
28 37 
28 38 
28 43 
28 45 
28 46 
28 47 
28 48 
28 51 
28 53 
28 54 
28 55 
28 56 
28 57 
28 60 
28 61 
28 66 
28 70 
28 71 
28 72 
28 75 
28 79 
28 80 
29 30 
29 33 
29 34 
29 35 
29 36 
29 39 
29 40 
29 41 
29 43 
29 44 
29 47 
29 53 
29 54 
29 55 
29 56 
29 60 
29 62 
29 64 
29 67 
29 77 
29 79 
29 80 
30 31 
30 32 
30 34 
30 35 
30 36 
30 37 
30 39 
30 40 
30 42 
30 44 
30 47 
30 50 
30 52 
30 54 
30 55 
30 57 
30 59 
30 60 
30 63 
30 64 
30 66 
30 67 
30 68 
30 69 
30 70 
30 71 
30 72 
30 73 
30 74 
30 76 
30 79 
31 33 
31 34 
31 35 
31 42 
31 43 
31 44 
31 45 
31 49 
31 50 
31 57 
31 58 
31 60 
31 66 
31 68 
31 70 
31 71 
31 72 
31 73 
31 75 
31 76 
31 78 
32 34 
32 35 
32 36 
32 39 
32 40 
32 41 
32 42 
32 44 
32 47 
32 54 
32 56 
32 57 
32 59 
32 63 
32 65 
32 68 
32 69 
32 70 
32 73 
32 76 
32 77 
32 78 
32 79 
32 80 
33 35 
33 36 
33 39 
33 40 
33 43 
33 45 
33 47 
33 57 
33 67 
33 68 
33 69 
33 71 
33 72 
33 73 
33 76 
33 77 
33 78 
34 37 
34 38 
34 39 
34 40 
34 44 
34 46 
34 48 
34 50 
34 51 
34 52 
34 54 
34 55 
34 56 
34 57 
34 59 
34 61 
34 62 
34 65 
34 66 
34 67 
34 68 
34 71 
34 72 
34 74 
34 75 
35 37 
35 39 
35 40 
35 42 
35 44 
35 45 
35 47 
35 48 
35 49 
35 50 
35 56 
35 57 
35 62 
35 63 
35 64 
35 68 
35 70 
35 74 
35 75 
35 76 
35 77 
35 78 
36 37 
36 39 
36 40 
36 43 
36 45 
36 46 
36 47 
36 48 
36 49 
36 54 
36 55 
36 59 
36 60 
36 61 
36 62 
36 63 
36 64 
36 65 
36 66 
36 67 
36 68 
36 75 
36 76 
37 38 
37 39 
37 40 
37 43 
37 45 
37 46 
37 47 
37 48 
37 49 
37 52 
37 54 
37 55 
37 59 
37 60 
37 64 
37 65 
37 70 
37 71 
37 80 
38 39 
38 40 
38 43 
38 44 
38 46 
38 47 
38 50 
38 51 
38 55 
38 57 
38 58 
38 59 
38 60 
38 61 
38 63 
38 65 
38 68 
38 74 
38 75 
38 77 
38 79 
39 40 
39 43 
39 44 
39 46 
39 48 
39 57 
39 61 
39 65 
39 66 
39 68 
39 70 
39 71 
39 75 
39 76 
39 79 
40 43 
40 44 
40 47 
40 48 
40 49 
40 50 
40 52 
40 54 
40 55 
40 59 
40 60 
40 61 
40 63 
40 65 
40 69 
40 70 
40 72 
40 75 
40 76 
40 78 
41 44 
41 48 
41 50 
41 53 
41 55 
41 57 
41 58 
41 62 
41 63 
41 65 
41 67 
41 70 
41 71 
41 73 
41 74 
41 78 
41 79 
42 45 
42 47 
42 48 
42 50 
42 53 
42 57 
42 63 
42 65 
42 68 
42 73 
42 77 
42 80 
43 45 
43 47 
43 48 
43 49 
43 50 
43 52 
43 53 
43 55 
43 59 
43 62 
43 65 
43 66 
43 67 
43 69 
43 72 
43 73 
43 75 
43 77 
43 79 
44 48 
44 53 
44 54 
44 55 
44 57 
44 58 
44 60 
44 62 
44 63 
44 64 
44 65 
44 67 
44 69 
44 71 
44 72 
44 74 
44 76 
44 77 
45 46 
45 47 
45 50 
45 56 
45 60 
45 61 
45 63 
45 65 
45 67 
45 69 
46 47 
46 48 
46 50 
46 52 
46 53 
46 55 
46 56 
46 62 
46 64 
46 66 
46 68 
46 69 
46 70 
46 71 
46 73 
46 75 
46 78 
46 79 
47 51 
47 57 
47 58 
47 61 
47 62 
47 63 
47 64 
47 69 
47 70 
47 71 
47 73 
47 74 
47 75 
47 78 
48 49 
48 51 
48 52 
48 53 
48 54 
48 55 
48 56 
48 57 
48 58 
48 59 
48 61 
48 65 
48 66 
48 67 
48 70 
48 71 
48 72 
48 73 
48 75 
48 78 
48 79 
48 80 
49 50 
49 51 
49 58 
49 59 
49 60 
49 62 
49 64 
49 66 
49 67 
49 69 
49 71 
49 72 
49 74 
49 76 
49 77 
49 79 
49 80 
50 53 
50 54 
50 62 
50 63 
50 64 
50 65 
50 68 
50 71 
50 72 
50 74 
50 77 
50 78 
50 80 
51 53 
51 55 
51 60 
51 61 
51 62 
51 63 
51 65 
51 68 
51 70 
51 74 
51 75 
51 80 
52 55 
52 58 
52 61 
52 65 
52 67 
52 68 
52 69 
52 71 
52 73 
52 76 
52 77 
52 78 
52 79 
52 80 
53 54 
53 55 
53 56 
53 59 
53 62 
53 64 
53 65 
53 66 
53 67 
53 68 
53 69 
53 70 
53 71 
53 72 
53 76 
53 78 
53 80 
54 55 
54 56 
54 57 
54 60 
54 63 
54 64 
54 65 
54 67 
54 69 
54 71 
54 72 
54 74 
54 75 
54 76 
54 77 
54 79 
55 57 
55 59 
55 60 
55 63 
55 64 
55 67 
55 69 
55 70 
55 71 
55 73 
55 76 
55 78 
56 58 
56 60 
56 61 
56 71 
56 72 
56 74 
56 76 
56 79 
56 80 
57 59 
57 60 
57 62 
57 63 
57 66 
57 67 
57 68 
57 72 
57 74 
57 75 
57 77 
57 78 
57 80 
58 59 
58 60 
58 61 
58 62 
58 63 
58 65 
58 66 
58 67 
58 69 
58 75 
58 77 
58 78 
58 80 
59 60 
59 62 
59 63 
59 64 
59 65 
59 70 
59 72 
59 73 
59 75 
59 78 
59 80 
60 61 
60 62 
60 66 
60 67 
60 68 
60 69 
60 72 
60 73 
60 74 
61 62 
61 63 
61 67 
61 69 
61 70 
61 71 
61 72 
61 76 
62 63 
62 65 
62 66 
62 70 
62 72 
62 73 
62 74 
62 75 
62 79 
62 80 
63 64 
63 66 
63 70 
63 71 
63 72 
63 73 
63 75 
63 76 
63 78 
63 80 
64 67 
64 69 
64 71 
64 73 
64 74 
64 75 
64 79 
64 80 
65 67 
65 68 
65 70 
65 72 
65 73 
65 76 
65 77 
65 78 
66 69 
66 70 
66 72 
66 73 
66 74 
66 76 
66 78 
66 79 
66 80 
67 68 
67 70 
67 72 
67 73 
67 76 
67 77 
67 79 
67 80 
68 71 
68 72 
68 75 
68 78 
69 71 
69 72 
69 73 
69 75 
69 78 
69 79 
69 80 
70 71 
70 76 
70 79 
71 73 
71 76 
71 78 
71 79 
72 74 
72 78 
73 75 
73 78 
73 80 
74 76 
74 78 
74 79 
75 77 
75 78 
76 77 
76 78 
77 80 
78 79 
78 80 
79 80 
