nNodes=60;
 nPairs=1027;
Cost=

61  61  61  0  0  61  0  61  61  61  61  0  0  61  61  61  0  61  61  0  0  0  61  0  0  61  0  61  61  61  61  61  61  0  61  61  61  0  0  61  0  0  61  61  61  0  0  61  61  61  0  61  0  61  61  61  0  0  61  61  

61  61  61  0  61  61  61  61  0  0  0  0  0  0  0  61  0  0  0  0  61  61  61  61  61  61  0  61  0  61  0  0  61  61  0  61  61  0  61  61  0  0  61  61  61  61  61  0  61  0  61  0  0  61  0  61  61  61  0  0  

61  61  61  61  61  0  61  0  61  0  0  61  0  61  0  61  61  61  0  0  0  61  61  61  61  61  0  61  0  61  0  0  61  0  0  61  61  61  0  0  0  61  61  61  61  61  61  0  61  61  0  61  0  61  61  61  0  61  0  0  

0  0  61  61  61  61  0  61  61  0  61  0  61  61  61  0  61  61  0  61  0  0  0  61  61  0  61  61  0  61  61  61  61  0  0  0  61  61  61  61  0  0  0  61  61  61  0  0  61  61  61  0  61  61  61  61  61  61  61  0  

0  61  61  61  61  61  61  61  0  0  0  61  61  61  0  61  0  0  0  61  0  0  0  0  0  61  0  61  61  61  0  0  0  61  0  0  61  61  61  61  61  61  61  0  61  0  0  61  0  61  61  0  0  0  61  61  61  61  61  0  

61  61  0  61  61  61  0  0  61  0  61  61  61  61  61  61  61  61  61  0  61  0  61  0  0  0  0  0  61  0  61  0  61  61  61  61  61  0  0  61  61  0  0  61  0  61  61  0  0  61  0  0  61  61  61  61  61  61  0  61  

0  61  61  0  61  0  61  0  0  61  61  61  61  61  0  0  61  0  61  61  61  61  0  61  0  61  61  61  61  0  0  0  0  61  0  0  61  0  0  0  0  61  61  61  0  0  0  0  61  0  0  61  0  0  61  61  0  0  0  61  

61  61  0  61  61  0  0  61  61  61  0  0  0  61  0  61  0  61  61  0  61  0  0  61  61  0  61  0  61  61  61  0  61  0  61  0  61  61  61  0  0  61  0  0  0  61  61  61  61  61  61  61  61  61  61  61  61  61  61  0  

61  0  61  61  0  61  0  61  61  61  61  61  0  0  61  61  0  61  61  61  61  61  61  61  61  0  0  61  0  0  0  0  0  0  0  61  0  61  61  61  61  61  61  61  61  61  61  61  0  61  0  0  0  0  61  61  61  61  0  61  

61  0  0  0  0  0  61  61  61  61  0  0  61  0  0  0  61  0  61  61  61  61  0  61  61  0  0  61  61  0  0  0  61  0  61  61  0  0  61  0  61  0  61  0  61  0  61  0  61  0  61  61  61  61  0  61  61  61  0  0  

61  0  0  61  0  61  61  0  61  0  61  0  0  61  61  61  61  0  0  0  61  61  61  61  61  61  61  0  61  0  0  61  61  61  61  61  61  61  61  61  61  0  61  61  61  61  0  0  61  61  0  0  0  0  61  61  61  61  0  61  

0  0  61  0  61  61  61  0  61  0  0  61  61  61  61  0  61  0  61  61  0  61  61  0  0  61  61  61  61  0  61  0  61  61  61  0  0  0  61  0  0  61  0  0  0  0  61  61  0  0  0  0  61  0  61  61  0  0  61  61  

0  0  0  61  61  61  61  0  0  61  0  61  61  0  61  61  0  0  61  0  0  61  61  0  61  61  0  61  0  61  61  0  0  0  61  61  61  61  0  61  61  61  0  61  61  61  0  0  61  61  61  0  61  61  0  61  0  0  61  61  

61  0  61  61  61  61  61  61  0  0  61  61  0  61  61  61  0  0  61  61  0  61  61  61  0  61  61  61  61  61  0  61  61  61  0  61  0  0  61  0  61  0  61  0  61  61  61  61  61  61  0  0  61  0  61  0  0  0  61  61  

61  0  0  61  0  61  0  0  61  0  61  61  61  61  61  0  0  61  0  0  61  61  0  0  0  61  61  61  0  61  0  61  0  0  61  0  61  61  61  0  61  61  0  61  61  61  61  0  61  61  0  0  61  61  61  61  0  61  0  0  

61  61  61  0  61  61  0  61  61  0  61  0  61  61  0  61  61  0  61  61  61  0  0  0  61  0  61  61  61  61  0  61  61  61  0  61  0  0  61  0  61  61  61  0  0  61  0  0  61  0  61  0  0  0  61  0  61  61  0  61  

0  0  61  61  0  61  61  0  0  61  61  61  0  0  0  61  61  61  0  0  0  61  61  0  61  0  0  61  0  0  61  61  61  0  0  0  61  61  61  61  61  61  61  0  0  0  0  61  0  61  61  61  61  61  0  61  0  61  0  0  

61  0  61  61  0  61  0  61  61  0  0  0  0  0  61  0  61  61  0  0  0  61  0  61  61  0  0  61  61  61  61  61  0  61  61  0  61  61  61  61  0  61  0  61  61  61  0  0  61  0  0  0  61  0  0  61  0  61  61  61  

61  0  0  0  0  61  61  61  61  61  0  61  61  61  0  61  0  0  61  0  61  0  0  0  0  0  61  0  61  61  61  61  0  61  61  61  0  61  61  61  0  61  61  61  0  61  61  61  0  0  0  0  61  0  0  61  61  0  0  0  

0  0  0  61  61  0  61  0  61  61  0  61  0  61  0  61  0  0  0  61  0  61  61  0  0  0  61  61  61  0  61  61  0  61  61  0  61  61  0  61  61  0  0  0  0  61  61  0  0  61  61  0  61  0  61  61  61  61  0  61  

0  61  0  0  0  61  61  61  61  61  61  0  0  0  61  61  0  0  61  0  61  0  61  0  0  61  61  61  61  0  61  61  61  61  61  61  61  61  61  61  0  0  0  0  61  0  61  61  61  61  61  61  0  61  0  61  61  0  0  0  

0  61  61  0  0  0  61  0  61  61  61  61  61  61  61  0  61  61  0  61  0  61  61  61  61  0  61  61  0  61  61  61  61  0  61  0  61  0  61  61  0  61  61  61  61  61  0  0  61  0  0  0  0  0  61  61  0  0  61  61  

61  61  61  0  0  61  0  0  61  0  61  61  61  61  0  0  61  0  0  61  61  61  61  61  61  61  61  0  0  61  61  61  61  61  0  61  61  61  61  61  61  61  61  0  61  0  0  61  0  61  61  0  0  0  61  0  61  0  0  61  

0  61  61  61  0  0  61  61  61  61  61  0  0  61  0  0  0  61  0  0  0  61  61  61  61  0  0  61  0  0  0  0  0  61  0  61  0  0  0  61  0  61  61  61  61  0  61  0  61  61  61  61  0  61  61  61  61  61  61  61  

0  61  61  61  0  0  0  61  61  61  61  0  61  0  0  61  61  61  0  0  0  61  61  61  61  0  0  0  61  61  61  61  61  61  61  61  0  0  0  0  61  61  61  61  61  61  61  61  61  61  0  61  61  0  0  61  0  0  0  61  

61  61  61  0  61  0  61  0  0  0  61  61  61  61  61  0  0  0  0  0  61  0  61  0  0  61  0  0  0  0  0  61  0  0  61  0  61  0  0  61  61  0  61  0  61  61  61  0  0  61  61  0  61  0  61  0  61  61  61  61  

0  0  0  61  0  0  61  61  0  0  61  61  0  61  61  61  0  0  61  61  61  61  61  0  0  0  61  61  0  61  0  0  61  61  0  61  0  61  61  0  61  0  0  61  0  0  0  61  61  61  61  0  0  0  61  61  61  0  61  61  

61  61  61  61  61  0  61  0  61  61  0  61  61  61  61  61  61  61  0  61  61  61  0  61  0  0  61  61  0  61  61  61  0  61  0  0  61  61  61  61  0  0  61  0  0  61  61  0  0  61  0  0  61  0  0  0  0  61  61  0  

61  0  0  0  61  61  61  61  0  61  61  61  0  61  0  61  0  61  61  61  61  0  0  0  61  0  0  0  61  61  61  0  61  61  0  61  61  61  61  61  0  61  61  61  61  61  0  0  61  0  0  61  61  61  0  0  61  61  0  0  

61  61  61  61  61  0  0  61  0  0  0  0  61  61  61  61  0  61  61  0  0  61  61  0  61  0  61  61  61  61  61  61  61  0  0  0  61  61  61  0  61  0  0  61  61  0  0  0  0  0  0  0  61  61  0  0  0  61  0  61  

61  0  0  61  0  61  0  61  0  0  0  61  61  0  0  0  61  61  61  61  61  61  61  0  61  0  0  61  61  61  61  61  61  0  61  61  61  61  61  61  61  61  0  61  61  0  61  61  61  0  61  0  0  0  61  61  61  61  61  0  

61  0  0  61  0  0  0  0  0  0  61  0  0  61  61  61  61  61  61  61  61  61  61  0  61  61  0  61  0  61  61  61  0  0  0  0  61  61  61  61  0  61  0  61  0  61  61  61  61  61  61  0  0  61  61  0  61  61  61  0  

61  61  61  61  0  61  0  61  0  61  61  61  0  61  0  61  61  0  0  0  61  61  61  0  61  0  61  0  61  61  61  0  61  61  61  0  61  61  0  61  61  61  0  0  61  0  61  0  61  61  0  0  61  0  61  61  0  0  0  0  

0  61  0  0  61  61  61  0  0  0  61  61  0  61  0  61  0  61  61  61  61  0  61  61  61  0  61  61  61  0  0  0  61  61  0  61  0  0  0  61  61  61  0  61  0  61  61  61  0  0  0  0  0  61  61  61  61  61  0  0  

61  0  0  0  0  61  0  61  0  61  61  61  61  0  61  0  0  61  61  61  61  61  0  0  61  61  0  0  0  0  61  0  61  0  61  61  61  0  61  0  61  61  0  0  61  61  61  0  0  61  0  0  0  61  61  61  61  61  61  0  

61  61  61  0  0  61  0  0  61  61  61  0  61  61  0  61  0  0  61  0  61  0  61  61  61  0  61  0  61  0  61  0  0  61  61  61  0  61  0  0  0  0  0  61  61  61  0  0  0  0  61  0  61  61  61  61  61  61  0  0  

61  61  61  61  61  61  61  61  0  0  61  0  61  0  61  0  61  61  0  61  61  61  61  0  0  61  0  61  61  61  61  61  61  0  61  0  61  0  61  61  61  61  0  61  0  61  61  61  61  61  61  61  61  0  0  0  61  61  0  61  

0  0  61  61  61  0  0  61  61  0  61  0  61  0  61  0  61  61  61  61  61  0  61  0  0  0  61  61  61  61  61  61  61  0  0  61  0  61  61  61  61  0  61  61  61  0  61  0  0  0  61  0  0  0  61  61  0  61  61  0  

0  61  0  61  61  0  0  61  61  61  61  61  0  61  61  61  61  61  61  0  61  61  61  0  0  0  61  61  61  61  61  61  0  0  61  0  61  61  61  61  0  0  0  0  61  61  61  61  0  61  0  61  61  0  0  61  61  61  61  61  

61  61  0  61  61  61  0  0  61  0  61  0  61  0  0  0  61  61  61  61  61  61  61  61  0  61  0  61  61  0  61  61  61  61  0  0  61  61  61  61  61  61  61  61  61  61  61  61  61  0  61  61  61  61  0  61  0  0  0  61  

0  0  0  0  61  61  0  0  61  61  61  0  61  61  61  61  61  0  0  61  0  0  61  0  61  61  61  0  0  61  61  0  61  61  61  0  61  61  0  61  61  61  61  61  61  61  61  61  61  61  61  0  61  0  61  0  61  61  61  61  

0  0  61  0  61  0  61  61  61  0  0  61  61  0  61  61  61  61  61  0  0  61  61  61  61  0  0  0  61  0  61  61  61  61  61  0  61  0  0  61  61  61  61  0  0  0  61  61  0  0  0  0  0  61  0  0  61  0  61  61  

61  61  61  0  61  0  61  0  61  61  61  0  0  61  0  61  61  0  61  0  0  61  61  61  61  61  0  61  61  0  0  0  0  0  0  0  0  61  0  61  61  61  61  61  0  0  61  0  61  61  0  61  0  61  61  0  61  0  0  61  

61  61  61  61  0  61  61  0  61  0  61  0  61  0  61  0  0  61  61  0  0  61  0  61  61  0  61  0  61  61  61  61  0  61  0  61  61  61  0  61  61  0  61  61  0  61  61  61  61  0  61  61  61  61  0  61  61  0  0  61  

61  61  61  61  61  0  0  0  61  61  61  0  61  61  61  0  0  61  0  0  61  61  61  61  61  61  0  0  61  61  61  0  61  0  61  61  0  61  61  61  61  0  0  0  61  0  61  61  61  0  0  0  61  61  61  61  0  0  0  61  

0  61  61  61  0  61  0  61  61  0  61  0  61  61  61  61  0  61  61  61  0  61  0  0  61  61  0  61  61  0  0  61  0  61  61  61  61  0  61  61  61  0  0  61  0  61  0  0  0  61  61  0  0  61  61  61  61  61  61  0  

0  61  61  0  0  61  0  61  61  61  0  61  0  61  61  0  0  0  61  61  61  0  0  61  61  61  0  61  0  0  61  61  61  61  61  0  61  61  61  61  61  61  61  61  61  0  61  61  61  61  0  0  0  61  61  61  0  61  61  61  

61  0  0  0  61  0  0  61  61  0  0  61  0  61  0  0  61  0  61  0  61  0  61  0  61  0  61  0  0  0  61  61  0  61  0  0  61  0  61  61  61  61  0  61  61  0  61  61  0  0  61  61  61  61  0  0  61  0  0  0  

61  61  61  61  0  0  61  61  0  61  61  0  61  61  61  61  0  61  0  0  61  61  0  61  61  0  61  0  61  0  61  61  61  0  0  0  61  0  0  61  61  0  61  61  61  0  61  0  61  0  61  61  61  0  0  0  61  61  0  0  

61  0  61  61  61  61  0  61  61  0  61  0  61  61  61  0  61  0  0  61  61  0  61  61  61  61  61  61  0  0  0  61  61  0  61  0  61  0  61  0  61  0  61  0  0  61  61  0  0  61  61  0  61  61  0  61  61  61  0  61  

0  61  0  61  61  0  0  61  0  61  0  0  61  0  0  61  61  0  0  61  61  0  61  61  0  61  61  0  0  0  61  61  0  0  0  61  61  61  0  61  61  0  0  61  0  61  0  61  61  61  61  0  61  61  61  61  61  0  61  61  

61  0  61  0  0  0  61  61  0  61  0  0  0  0  0  0  61  0  0  0  61  0  0  61  61  0  0  0  61  0  0  0  0  0  0  0  61  0  61  61  0  0  61  61  0  0  0  61  61  0  0  61  0  0  61  61  61  61  0  0  

0  0  0  61  0  61  0  61  0  61  0  61  61  61  61  0  61  61  61  61  0  0  0  0  61  61  0  61  61  61  0  0  61  0  0  61  61  0  61  61  61  0  0  61  61  0  0  61  61  61  61  0  61  0  61  61  0  0  61  0  

61  61  61  61  0  61  0  61  0  61  0  0  61  0  61  0  61  0  0  0  61  0  0  61  0  0  0  0  61  61  0  61  0  61  61  61  0  0  0  61  0  61  61  61  61  61  61  61  0  61  61  0  0  61  0  61  61  61  61  61  

61  0  61  61  61  61  61  61  61  0  61  61  0  61  61  61  0  0  0  61  0  61  61  61  0  61  61  0  0  0  61  61  61  61  61  61  0  61  0  0  61  0  61  0  61  61  61  0  0  0  61  61  61  0  61  0  61  61  61  0  

61  61  61  61  61  61  61  61  61  61  61  61  61  0  61  0  61  61  61  61  61  61  0  61  61  0  61  0  0  0  61  0  61  61  61  61  0  61  61  61  0  0  0  61  61  61  61  0  0  61  61  61  61  61  0  61  61  0  61  0  

0  61  0  61  61  61  0  61  61  61  61  0  0  0  0  61  0  0  61  61  61  0  61  61  0  61  61  0  61  0  61  61  0  61  61  61  61  0  61  0  61  61  61  61  0  61  0  61  61  61  61  61  0  61  61  61  61  61  0  61  

0  61  61  61  61  61  0  61  61  61  61  0  0  0  61  61  61  61  0  61  0  0  0  61  0  61  0  61  61  61  61  61  0  61  61  61  61  61  61  0  61  0  0  0  0  61  61  0  61  61  0  61  0  61  61  0  61  61  61  61  

61  0  0  61  61  0  0  61  0  0  0  61  61  61  0  0  0  61  0  0  0  61  0  61  0  61  61  61  0  0  61  61  0  0  61  0  0  61  61  0  61  61  0  0  0  61  61  0  0  0  61  0  61  61  61  61  0  61  61  61  

61  0  0  0  0  61  61  0  61  0  61  61  61  61  0  61  0  61  0  61  0  61  61  61  61  61  61  0  0  61  0  0  0  0  0  0  61  0  61  61  61  61  61  61  61  0  61  0  0  61  61  0  0  61  0  0  61  61  61  61  

UnPairedArc=
1 2 
1 3 
1 6 
1 8 
1 9 
1 10 
1 11 
1 14 
1 15 
1 16 
1 18 
1 19 
1 23 
1 26 
1 28 
1 29 
1 30 
1 31 
1 32 
1 33 
1 35 
1 36 
1 37 
1 40 
1 43 
1 44 
1 45 
1 48 
1 49 
1 50 
1 52 
1 54 
1 55 
1 56 
1 59 
1 60 
2 3 
2 5 
2 6 
2 7 
2 8 
2 16 
2 21 
2 22 
2 23 
2 24 
2 25 
2 26 
2 28 
2 30 
2 33 
2 34 
2 36 
2 37 
2 39 
2 40 
2 43 
2 44 
2 45 
2 46 
2 47 
2 49 
2 51 
2 54 
2 56 
2 57 
2 58 
3 4 
3 5 
3 7 
3 9 
3 12 
3 14 
3 16 
3 17 
3 18 
3 22 
3 23 
3 24 
3 25 
3 26 
3 28 
3 30 
3 33 
3 36 
3 37 
3 38 
3 42 
3 43 
3 44 
3 45 
3 46 
3 47 
3 49 
3 50 
3 52 
3 54 
3 55 
3 56 
3 58 
4 5 
4 6 
4 8 
4 9 
4 11 
4 13 
4 14 
4 15 
4 17 
4 18 
4 20 
4 24 
4 25 
4 27 
4 28 
4 30 
4 31 
4 32 
4 33 
4 37 
4 38 
4 39 
4 40 
4 44 
4 45 
4 46 
4 49 
4 50 
4 51 
4 53 
4 54 
4 55 
4 56 
4 57 
4 58 
4 59 
5 6 
5 7 
5 8 
5 12 
5 13 
5 14 
5 16 
5 20 
5 26 
5 28 
5 29 
5 30 
5 34 
5 37 
5 38 
5 39 
5 40 
5 41 
5 42 
5 43 
5 45 
5 48 
5 50 
5 51 
5 55 
5 56 
5 57 
5 58 
5 59 
6 9 
6 11 
6 12 
6 13 
6 14 
6 15 
6 16 
6 17 
6 18 
6 19 
6 21 
6 23 
6 29 
6 31 
6 33 
6 34 
6 35 
6 36 
6 37 
6 40 
6 41 
6 44 
6 46 
6 47 
6 50 
6 53 
6 54 
6 55 
6 56 
6 57 
6 58 
6 60 
7 10 
7 11 
7 12 
7 13 
7 14 
7 17 
7 19 
7 20 
7 21 
7 22 
7 24 
7 26 
7 27 
7 28 
7 29 
7 34 
7 37 
7 42 
7 43 
7 44 
7 49 
7 52 
7 55 
7 56 
7 60 
8 9 
8 10 
8 14 
8 16 
8 18 
8 19 
8 21 
8 24 
8 25 
8 27 
8 29 
8 30 
8 31 
8 33 
8 35 
8 37 
8 38 
8 39 
8 42 
8 46 
8 47 
8 48 
8 49 
8 50 
8 51 
8 52 
8 53 
8 54 
8 55 
8 56 
8 57 
8 58 
8 59 
9 10 
9 11 
9 12 
9 15 
9 16 
9 18 
9 19 
9 20 
9 21 
9 22 
9 23 
9 24 
9 25 
9 28 
9 36 
9 38 
9 39 
9 40 
9 41 
9 42 
9 43 
9 44 
9 45 
9 46 
9 47 
9 48 
9 50 
9 55 
9 56 
9 57 
9 58 
9 60 
10 13 
10 17 
10 19 
10 20 
10 21 
10 22 
10 24 
10 25 
10 28 
10 29 
10 33 
10 35 
10 36 
10 39 
10 41 
10 43 
10 45 
10 47 
10 49 
10 51 
10 52 
10 53 
10 54 
10 56 
10 57 
10 58 
11 14 
11 15 
11 16 
11 17 
11 21 
11 22 
11 23 
11 24 
11 25 
11 26 
11 27 
11 29 
11 32 
11 33 
11 34 
11 35 
11 36 
11 37 
11 38 
11 39 
11 40 
11 41 
11 43 
11 44 
11 45 
11 46 
11 49 
11 50 
11 55 
11 56 
11 57 
11 58 
11 60 
12 13 
12 14 
12 15 
12 17 
12 19 
12 20 
12 22 
12 23 
12 26 
12 27 
12 28 
12 29 
12 31 
12 33 
12 34 
12 35 
12 39 
12 42 
12 47 
12 48 
12 53 
12 55 
12 56 
12 59 
12 60 
13 15 
13 16 
13 19 
13 22 
13 23 
13 25 
13 26 
13 28 
13 30 
13 31 
13 35 
13 36 
13 37 
13 38 
13 40 
13 41 
13 42 
13 44 
13 45 
13 46 
13 49 
13 50 
13 51 
13 53 
13 54 
13 56 
13 59 
13 60 
14 15 
14 16 
14 19 
14 20 
14 22 
14 23 
14 24 
14 26 
14 27 
14 28 
14 29 
14 30 
14 32 
14 33 
14 34 
14 36 
14 39 
14 41 
14 43 
14 45 
14 46 
14 47 
14 48 
14 49 
14 50 
14 53 
14 55 
14 59 
14 60 
15 18 
15 21 
15 22 
15 26 
15 27 
15 28 
15 30 
15 32 
15 35 
15 37 
15 38 
15 39 
15 41 
15 42 
15 44 
15 45 
15 46 
15 47 
15 49 
15 50 
15 53 
15 54 
15 55 
15 56 
15 58 
16 17 
16 19 
16 20 
16 21 
16 25 
16 27 
16 28 
16 29 
16 30 
16 32 
16 33 
16 34 
16 36 
16 39 
16 41 
16 42 
16 43 
16 46 
16 49 
16 51 
16 55 
16 57 
16 58 
16 60 
17 18 
17 22 
17 23 
17 25 
17 28 
17 31 
17 32 
17 33 
17 37 
17 38 
17 39 
17 40 
17 41 
17 42 
17 43 
17 48 
17 50 
17 51 
17 52 
17 53 
17 54 
17 56 
17 58 
18 22 
18 24 
18 25 
18 28 
18 29 
18 30 
18 31 
18 32 
18 34 
18 35 
18 37 
18 38 
18 39 
18 40 
18 42 
18 44 
18 45 
18 46 
18 49 
18 53 
18 56 
18 58 
18 59 
18 60 
19 21 
19 27 
19 29 
19 30 
19 31 
19 32 
19 34 
19 35 
19 36 
19 38 
19 39 
19 40 
19 42 
19 43 
19 44 
19 46 
19 47 
19 48 
19 53 
19 56 
19 57 
20 22 
20 23 
20 27 
20 28 
20 29 
20 31 
20 32 
20 34 
20 35 
20 37 
20 38 
20 40 
20 41 
20 46 
20 47 
20 50 
20 51 
20 53 
20 55 
20 56 
20 57 
20 58 
20 60 
21 23 
21 26 
21 27 
21 28 
21 29 
21 31 
21 32 
21 33 
21 34 
21 35 
21 36 
21 37 
21 38 
21 39 
21 40 
21 45 
21 47 
21 48 
21 49 
21 50 
21 51 
21 52 
21 54 
21 56 
21 57 
22 23 
22 24 
22 25 
22 27 
22 28 
22 30 
22 31 
22 32 
22 33 
22 35 
22 37 
22 39 
22 40 
22 42 
22 43 
22 44 
22 45 
22 46 
22 49 
22 55 
22 56 
22 59 
22 60 
23 24 
23 25 
23 26 
23 27 
23 30 
23 31 
23 32 
23 33 
23 34 
23 36 
23 37 
23 38 
23 39 
23 40 
23 41 
23 42 
23 43 
23 45 
23 48 
23 50 
23 51 
23 55 
23 57 
23 60 
24 25 
24 28 
24 34 
24 36 
24 40 
24 42 
24 43 
24 44 
24 45 
24 47 
24 49 
24 50 
24 51 
24 52 
24 54 
24 55 
24 56 
24 57 
24 58 
24 59 
24 60 
25 29 
25 30 
25 31 
25 32 
25 33 
25 34 
25 35 
25 36 
25 41 
25 42 
25 43 
25 44 
25 45 
25 46 
25 47 
25 48 
25 49 
25 50 
25 52 
25 53 
25 56 
25 60 
26 32 
26 35 
26 37 
26 40 
26 41 
26 43 
26 45 
26 46 
26 47 
26 50 
26 51 
26 53 
26 55 
26 57 
26 58 
26 59 
26 60 
27 28 
27 30 
27 33 
27 34 
27 36 
27 38 
27 39 
27 41 
27 44 
27 48 
27 49 
27 50 
27 51 
27 55 
27 56 
27 57 
27 59 
27 60 
28 30 
28 31 
28 32 
28 34 
28 37 
28 38 
28 39 
28 40 
28 43 
28 46 
28 47 
28 50 
28 53 
28 58 
28 59 
29 30 
29 31 
29 33 
29 34 
29 36 
29 37 
29 38 
29 39 
29 40 
29 42 
29 43 
29 44 
29 45 
29 46 
29 49 
29 52 
29 53 
29 54 
29 57 
29 58 
30 31 
30 32 
30 33 
30 37 
30 38 
30 39 
30 41 
30 44 
30 45 
30 53 
30 54 
30 58 
30 60 
31 32 
31 33 
31 35 
31 36 
31 37 
31 38 
31 39 
31 40 
31 41 
31 42 
31 44 
31 45 
31 47 
31 48 
31 49 
31 51 
31 55 
31 56 
31 57 
31 58 
31 59 
32 37 
32 38 
32 39 
32 40 
32 42 
32 44 
32 46 
32 47 
32 48 
32 49 
32 50 
32 51 
32 54 
32 55 
32 57 
32 58 
32 59 
33 34 
33 35 
33 37 
33 38 
33 40 
33 41 
33 42 
33 45 
33 47 
33 49 
33 50 
33 53 
33 55 
33 56 
34 36 
34 40 
34 41 
34 42 
34 44 
34 46 
34 47 
34 48 
34 54 
34 55 
34 56 
34 57 
34 58 
35 36 
35 37 
35 39 
35 41 
35 42 
35 45 
35 46 
35 47 
35 50 
35 54 
35 55 
35 56 
35 57 
35 58 
35 59 
36 38 
36 44 
36 45 
36 46 
36 51 
36 53 
36 54 
36 55 
36 56 
36 57 
36 58 
37 39 
37 40 
37 41 
37 42 
37 44 
37 46 
37 47 
37 48 
37 49 
37 50 
37 51 
37 52 
37 53 
37 57 
37 58 
37 60 
38 39 
38 40 
38 41 
38 43 
38 44 
38 45 
38 47 
38 51 
38 55 
38 56 
38 58 
38 59 
39 40 
39 45 
39 46 
39 47 
39 48 
39 50 
39 52 
39 53 
39 56 
39 57 
39 58 
39 59 
39 60 
40 41 
40 42 
40 43 
40 44 
40 45 
40 46 
40 47 
40 48 
40 49 
40 51 
40 52 
40 53 
40 54 
40 56 
40 60 
41 42 
41 43 
41 44 
41 45 
41 46 
41 47 
41 48 
41 49 
41 50 
41 51 
41 53 
41 55 
41 57 
41 58 
41 59 
41 60 
42 43 
42 47 
42 48 
42 54 
42 57 
42 59 
42 60 
43 44 
43 47 
43 49 
43 50 
43 52 
43 54 
43 55 
43 57 
43 60 
44 46 
44 47 
44 48 
44 49 
44 51 
44 52 
44 53 
44 54 
44 56 
44 57 
44 60 
45 47 
45 48 
45 49 
45 53 
45 54 
45 55 
45 56 
45 60 
46 50 
46 51 
46 54 
46 55 
46 56 
46 57 
46 58 
46 59 
47 48 
47 49 
47 50 
47 54 
47 55 
47 56 
47 58 
47 59 
47 60 
48 51 
48 52 
48 53 
48 54 
48 57 
49 51 
49 52 
49 53 
49 57 
49 58 
50 51 
50 53 
50 54 
50 56 
50 57 
50 58 
50 60 
51 53 
51 54 
51 55 
51 56 
51 57 
51 59 
51 60 
52 55 
52 56 
52 57 
52 58 
53 55 
53 56 
53 59 
54 56 
54 57 
54 58 
54 59 
54 60 
55 57 
55 58 
55 59 
56 57 
56 59 
57 58 
57 60 
58 59 
58 60 
59 60 
