nNodes=80;
 nPairs=617;
Cost=

81  0  0  0  0  0  0  0  0  0  0  81  0  0  81  0  0  0  0  0  81  0  0  0  0  0  0  0  0  0  0  0  0  0  81  0  0  0  0  0  81  0  0  0  0  0  0  81  81  0  81  0  0  0  0  0  0  0  0  0  81  0  0  0  0  0  0  0  81  0  0  0  0  0  81  0  81  0  0  0  

0  81  0  0  0  81  0  81  0  0  0  0  0  0  0  81  0  0  0  0  81  0  0  0  0  0  0  0  81  0  81  0  0  0  81  0  81  0  0  0  0  0  0  0  0  0  0  0  81  0  0  0  81  0  81  0  0  0  0  81  0  0  0  0  0  0  0  81  0  0  81  81  0  0  0  0  0  0  81  81  

0  0  81  0  0  0  81  0  0  0  0  0  81  0  0  0  0  0  0  0  0  0  0  0  0  0  0  0  81  0  81  0  0  0  0  0  0  0  0  0  81  0  81  0  0  81  0  0  0  0  81  0  0  0  0  81  0  0  81  0  0  81  81  0  81  81  81  0  81  0  0  81  81  0  0  0  0  0  0  0  

0  0  0  81  0  0  0  0  0  0  0  0  0  81  0  0  0  0  0  0  0  0  0  0  0  0  0  81  0  81  0  0  0  81  0  0  0  0  0  0  0  81  81  0  0  81  0  81  0  0  0  0  81  0  81  0  0  0  81  0  0  0  0  0  0  0  0  0  0  0  0  81  0  0  0  0  81  0  0  0  

0  0  0  0  81  0  0  0  0  0  0  81  0  0  0  0  0  81  0  81  0  0  0  0  0  0  81  0  0  81  0  81  81  0  0  0  0  0  0  0  0  0  0  0  0  81  0  81  81  0  0  0  0  81  81  0  81  0  0  81  0  0  0  0  81  0  81  0  0  0  81  81  0  0  0  81  81  81  0  0  

0  81  0  0  0  81  0  0  0  0  0  81  81  0  0  0  0  0  0  0  0  81  0  0  0  0  0  0  0  0  0  0  81  81  0  0  0  0  0  0  0  0  0  0  0  0  81  0  0  0  0  0  81  0  0  0  81  0  0  0  0  0  0  0  0  0  0  0  0  81  0  0  0  0  0  0  0  0  81  0  

0  0  81  0  0  0  81  0  0  0  0  81  0  0  0  0  0  0  0  0  0  0  0  0  81  0  0  0  81  81  0  81  0  0  0  0  0  0  81  81  81  81  0  0  0  0  0  0  81  0  0  0  0  0  81  0  0  0  0  0  81  0  0  0  81  0  0  81  81  0  0  81  0  0  0  0  81  81  81  81  

0  81  0  0  0  0  0  81  0  0  81  0  0  0  81  0  0  0  81  0  0  0  0  0  0  0  81  0  81  0  0  81  0  81  0  0  0  0  0  0  0  0  0  0  0  0  81  81  0  0  0  81  0  0  0  0  0  0  0  0  81  0  0  0  81  0  0  0  0  0  0  0  0  0  81  0  0  0  0  0  

0  0  0  0  0  0  0  0  81  0  0  81  0  0  0  0  81  0  0  0  81  0  0  0  0  0  0  81  81  0  0  0  0  81  0  0  0  0  0  0  0  81  0  0  0  0  0  81  81  81  0  0  0  0  0  0  0  0  0  0  0  0  0  0  0  0  0  81  81  0  0  0  0  0  81  81  81  0  81  0  

0  0  0  0  0  0  0  0  0  81  0  0  0  0  0  0  0  0  81  0  0  0  81  81  81  0  0  0  0  0  81  0  0  0  81  0  81  0  0  0  0  0  0  0  0  81  0  0  0  0  0  0  0  81  0  0  0  0  0  0  0  0  81  0  0  81  0  0  81  0  81  81  0  0  0  81  0  0  0  81  

0  0  0  0  0  0  0  81  0  0  81  0  81  0  0  0  0  0  0  0  0  0  0  0  0  0  81  81  81  0  0  0  0  0  81  0  0  0  0  0  0  81  0  0  0  81  0  0  0  81  0  0  0  81  0  0  0  0  0  0  0  0  0  0  0  0  81  0  0  0  0  0  0  81  0  0  0  0  0  81  

81  0  0  0  81  81  81  0  81  0  0  81  0  0  0  0  81  0  0  81  0  0  0  81  0  0  0  0  0  0  0  0  81  0  0  0  0  0  0  0  0  0  0  81  0  0  0  81  0  0  0  0  0  0  0  81  0  81  0  0  0  0  81  0  0  0  0  0  0  0  0  0  0  81  0  0  0  0  0  0  

0  0  81  0  0  81  0  0  0  0  81  0  81  0  0  0  0  0  81  81  81  81  0  0  0  81  81  81  81  0  0  81  0  0  81  0  0  0  0  0  81  0  0  0  0  0  0  0  0  81  0  0  0  0  0  0  0  0  0  0  0  81  0  0  0  81  0  0  0  0  0  81  0  0  0  0  0  0  0  0  

0  0  0  81  0  0  0  0  0  0  0  0  0  81  0  81  0  81  0  0  81  0  81  0  0  0  0  0  81  0  0  0  0  0  81  0  0  81  0  0  0  0  0  0  0  0  0  0  0  0  0  0  0  0  0  0  0  0  0  0  81  81  0  0  81  0  0  0  0  0  0  0  0  81  0  81  0  0  0  81  

81  0  0  0  0  0  0  81  0  0  0  0  0  0  81  81  0  0  0  0  0  81  81  0  0  81  0  0  81  81  81  0  81  81  0  0  0  81  0  0  0  0  0  81  0  0  0  0  0  0  0  0  81  0  0  81  0  0  0  0  0  0  0  0  0  0  81  0  0  0  0  0  0  0  0  0  0  0  81  0  

0  81  0  0  0  0  0  0  0  0  0  0  0  81  81  81  0  0  0  0  0  81  0  0  0  81  0  0  0  0  0  0  0  0  0  0  0  0  0  0  0  0  0  0  0  0  0  0  0  81  0  0  0  0  0  0  0  0  0  0  0  0  81  0  0  0  0  0  0  0  0  0  0  0  0  0  0  0  0  0  

0  0  0  0  0  0  0  0  81  0  0  81  0  0  0  0  81  0  0  0  0  0  0  0  81  0  0  0  81  0  0  0  0  0  0  0  0  0  0  0  0  81  0  0  0  0  0  81  0  81  0  0  0  0  0  0  0  0  81  0  81  0  0  0  81  0  0  0  0  81  0  0  0  0  0  81  0  0  0  0  

0  0  0  0  81  0  0  0  0  0  0  0  0  81  0  0  0  81  0  0  0  0  0  0  0  0  0  0  81  0  0  0  0  0  0  81  0  81  81  0  81  0  81  0  0  0  0  0  0  0  0  81  0  0  81  81  0  0  81  81  0  0  0  81  0  0  0  0  81  0  0  0  0  0  0  81  0  0  0  0  

0  0  0  0  0  0  0  81  0  81  0  0  81  0  0  0  0  0  81  0  81  0  0  0  81  81  0  0  0  81  0  0  0  81  0  81  0  0  81  81  0  81  0  0  0  81  0  0  0  0  0  0  0  0  81  0  81  0  81  0  81  0  81  0  0  81  0  0  0  81  81  0  0  81  0  0  0  0  0  0  

0  0  0  0  81  0  0  0  0  0  0  81  81  0  0  0  0  0  0  81  0  0  0  0  0  0  81  0  0  81  81  0  0  81  0  0  81  81  0  0  0  0  0  0  81  0  0  81  0  0  0  0  81  0  81  0  0  0  0  0  81  0  0  81  0  0  0  81  0  0  0  81  0  81  0  0  0  0  0  0  

81  81  0  0  0  0  0  0  81  0  0  0  81  81  0  0  0  0  81  0  81  81  0  0  81  81  0  0  0  0  81  0  0  0  0  0  0  0  0  0  0  0  0  81  81  0  0  0  0  81  0  0  81  0  0  0  0  0  81  81  0  0  0  0  0  81  0  0  0  0  0  0  0  0  0  81  0  0  0  0  

0  0  0  0  0  81  0  0  0  0  0  0  81  0  81  81  0  0  0  0  81  81  81  0  0  0  0  81  0  0  0  0  0  0  0  0  0  0  0  0  0  0  0  0  0  0  0  0  81  0  81  0  0  0  0  0  0  0  0  0  81  0  0  0  81  0  0  81  81  0  0  0  0  0  81  0  0  0  0  81  

0  0  0  0  0  0  0  0  0  81  0  0  0  81  81  0  0  0  0  0  0  81  81  0  81  0  0  0  0  0  0  0  0  0  81  0  81  0  0  0  0  0  0  0  0  0  0  0  0  0  0  0  0  81  0  0  81  0  0  81  81  81  0  81  0  0  0  0  0  0  0  0  0  0  0  0  0  81  0  0  

0  0  0  0  0  0  0  0  0  81  0  81  0  0  0  0  0  0  0  0  0  0  0  81  0  0  81  0  0  0  0  0  0  0  0  0  0  0  81  0  0  0  0  0  81  81  0  0  0  0  0  0  0  0  0  0  0  0  0  0  0  0  0  0  0  0  0  0  0  81  0  0  0  0  0  0  0  0  0  0  

0  0  0  0  0  0  81  0  0  81  0  0  0  0  0  0  81  0  81  0  81  0  81  0  81  0  0  0  0  0  0  0  0  0  0  81  0  0  81  0  81  0  0  0  81  0  81  0  81  0  0  0  81  0  0  0  0  0  0  0  81  0  0  0  0  81  0  0  0  81  0  0  81  81  0  0  0  0  81  81  

0  0  0  0  0  0  0  0  0  0  0  0  81  0  81  81  0  0  81  0  81  0  0  0  0  81  81  0  0  0  81  81  0  81  0  0  0  0  0  0  0  0  0  0  0  0  0  0  0  0  0  0  0  0  81  0  0  0  0  81  0  0  0  81  0  81  0  0  0  81  81  0  0  0  81  0  0  0  0  0  

0  0  0  0  81  0  0  81  0  0  81  0  81  0  0  0  0  0  0  81  0  0  0  81  0  81  81  0  0  0  81  81  0  0  81  0  0  0  81  0  0  81  0  0  0  0  81  0  0  0  81  81  81  0  0  0  0  0  0  0  0  0  0  0  81  0  0  0  0  0  0  0  0  0  0  0  0  0  0  0  

0  0  0  81  0  0  0  0  81  0  81  0  81  0  0  0  0  0  0  0  0  81  0  0  0  0  0  81  0  0  0  0  0  0  0  0  0  0  0  0  0  0  0  81  0  0  81  0  0  0  0  81  0  0  0  0  0  81  0  0  0  0  0  81  0  0  81  0  0  0  0  81  0  0  0  0  0  0  0  81  

0  81  81  0  0  0  81  81  81  0  81  0  81  81  81  0  81  81  0  0  0  0  0  0  0  0  0  0  81  0  0  81  0  0  0  81  0  0  0  0  0  0  81  0  0  0  0  0  0  81  81  0  81  81  81  0  0  81  0  0  0  81  0  0  0  81  0  0  0  0  0  0  0  0  0  0  0  81  0  0  

0  0  0  81  81  0  81  0  0  0  0  0  0  0  81  0  0  0  81  81  0  0  0  0  0  0  0  0  0  81  81  81  0  0  81  0  0  0  0  0  0  0  0  0  81  0  0  0  0  0  0  0  0  0  0  0  0  0  0  81  81  0  0  0  0  0  0  0  0  0  0  0  0  0  0  0  0  0  0  0  

0  81  81  0  0  0  0  0  0  81  0  0  0  0  81  0  0  0  0  81  81  0  0  0  0  81  81  0  0  81  81  0  0  0  0  0  0  0  0  0  81  81  0  0  81  0  0  0  0  0  0  0  0  0  0  0  0  0  0  0  0  0  0  81  0  0  81  0  0  81  0  0  0  81  0  0  0  0  0  0  

0  0  0  0  81  0  81  81  0  0  0  0  81  0  0  0  0  0  0  0  0  0  0  0  0  81  81  0  81  81  0  81  0  0  0  0  0  81  0  0  0  0  81  0  0  0  81  0  0  81  0  0  81  0  0  0  81  0  0  0  0  0  0  81  0  0  0  0  0  0  0  0  0  0  0  0  0  0  81  0  

0  0  0  0  81  81  0  0  0  0  0  81  0  0  81  0  0  0  0  0  0  0  0  0  0  0  0  0  0  0  0  0  81  0  81  0  0  0  0  0  0  81  0  0  0  0  0  0  0  0  0  0  0  0  81  0  0  0  0  81  0  0  0  0  0  0  0  0  0  0  0  0  0  0  0  0  0  0  81  81  

0  0  0  81  0  81  0  81  81  0  0  0  0  0  81  0  0  0  81  81  0  0  0  0  0  81  0  0  0  0  0  0  0  81  0  0  0  0  0  0  0  81  0  0  81  81  81  0  81  0  0  0  0  0  81  0  81  81  81  0  81  0  0  0  0  0  0  0  81  81  0  0  0  0  81  0  0  0  0  0  

81  81  0  0  0  0  0  0  0  81  81  0  81  81  0  0  0  0  0  0  0  0  81  0  0  0  81  0  0  81  0  0  81  0  81  0  81  0  0  0  0  0  81  0  0  0  81  0  0  0  0  0  81  0  81  0  0  0  81  81  0  0  0  0  0  0  0  0  0  0  0  81  0  0  0  0  0  81  0  0  

0  0  0  0  0  0  0  0  0  0  0  0  0  0  0  0  0  81  81  0  0  0  0  0  81  0  0  0  81  0  0  0  0  0  0  81  81  0  0  0  0  81  0  0  0  81  81  0  0  0  0  0  0  0  0  0  0  0  0  81  81  0  0  0  0  0  81  0  0  0  0  0  0  0  0  0  81  0  81  0  

0  81  0  0  0  0  0  0  0  81  0  0  0  0  0  0  0  0  0  81  0  0  81  0  0  0  0  0  0  0  0  0  0  0  81  81  81  0  0  0  0  0  81  0  0  0  0  0  0  81  0  0  0  0  0  0  0  0  0  0  0  0  0  0  0  0  81  0  0  0  0  0  0  0  0  81  0  0  0  0  

0  0  0  0  0  0  0  0  0  0  0  0  0  81  81  0  0  81  0  81  0  0  0  0  0  0  0  0  0  0  0  81  0  0  0  0  0  81  0  0  81  0  81  81  81  0  0  0  81  81  81  81  0  0  0  0  0  0  0  0  0  0  0  81  0  0  81  0  0  0  0  0  0  0  81  0  0  0  81  0  

0  0  0  0  0  0  81  0  0  0  0  0  0  0  0  0  0  81  81  0  0  0  0  81  81  0  81  0  0  0  0  0  0  0  0  0  0  0  81  0  0  0  0  0  81  0  0  0  0  0  81  81  0  0  0  0  0  0  0  81  0  81  0  0  0  0  0  0  0  0  0  0  0  0  0  0  0  81  0  0  

0  0  0  0  0  0  81  0  0  0  0  0  0  0  0  0  0  0  81  0  0  0  0  0  0  0  0  0  0  0  0  0  0  0  0  0  0  0  0  81  81  81  0  0  0  0  0  0  0  0  81  0  81  81  0  0  0  0  0  0  0  81  0  81  0  0  0  81  0  0  0  0  0  0  0  0  0  81  0  0  

81  0  81  0  0  0  81  0  0  0  0  0  81  0  0  0  0  81  0  0  0  0  0  0  81  0  0  0  0  0  81  0  0  0  0  0  0  81  0  81  81  0  81  0  0  0  0  0  0  81  0  0  0  0  0  81  0  81  0  0  0  0  0  81  0  0  0  81  0  0  0  0  81  0  0  0  0  0  0  0  

0  0  0  81  0  0  81  0  81  0  81  0  0  0  0  0  81  0  81  0  0  0  0  0  0  0  81  0  0  0  81  0  81  81  0  81  0  0  0  81  0  81  0  0  81  0  0  81  0  0  0  0  0  0  81  0  0  0  81  0  0  0  0  81  0  0  0  81  0  0  0  0  0  0  0  0  0  0  0  0  

0  0  81  81  0  0  0  0  0  0  0  0  0  0  0  0  0  81  0  0  0  0  0  0  0  0  0  0  81  0  0  81  0  0  81  0  81  81  0  0  81  0  81  0  0  0  0  0  81  0  0  81  0  0  0  0  0  0  0  0  0  81  0  0  0  81  0  81  0  0  0  0  0  0  0  0  0  81  0  81  

0  0  0  0  0  0  0  0  0  0  0  81  0  0  81  0  0  0  0  0  81  0  0  0  0  0  0  81  0  0  0  0  0  0  0  0  0  81  0  0  0  0  0  81  0  81  0  0  0  0  0  0  81  81  0  0  0  81  0  0  0  0  0  0  0  0  81  0  0  0  0  0  0  0  0  81  81  0  0  0  

0  0  0  0  0  0  0  0  0  0  0  0  0  0  0  0  0  0  0  81  81  0  0  81  81  0  0  0  0  81  81  0  0  81  0  0  0  81  81  0  0  81  0  0  81  81  81  0  0  0  0  0  0  0  0  0  81  81  0  0  0  0  0  0  0  0  0  0  0  0  0  0  0  0  0  0  81  0  0  0  

0  0  81  81  81  0  0  0  0  81  81  0  0  0  0  0  0  0  81  0  0  0  0  81  0  0  0  0  0  0  0  0  0  81  0  81  0  0  0  0  0  0  0  81  81  81  0  81  0  0  0  0  0  0  0  0  81  0  81  0  0  0  0  81  0  0  0  0  0  0  81  0  0  81  0  0  0  0  0  0  

0  0  0  0  0  81  0  81  0  0  0  0  0  0  0  0  0  0  0  0  0  0  0  0  81  0  81  81  0  0  0  81  0  81  81  81  0  0  0  0  0  0  0  0  81  0  81  81  0  0  0  0  0  0  0  0  81  0  0  0  0  0  81  0  0  0  0  0  0  81  0  0  81  81  81  0  0  0  81  0  

81  0  0  81  81  0  0  81  81  0  0  81  0  0  0  0  81  0  0  81  0  0  0  0  0  0  0  0  0  0  0  0  0  0  0  0  0  0  0  0  0  81  0  0  0  81  81  81  0  0  0  0  0  0  0  0  81  0  0  0  81  0  0  0  0  81  0  0  0  81  0  0  81  81  0  81  0  0  0  0  

81  81  0  0  81  0  81  0  81  0  0  0  0  0  0  0  0  0  0  0  0  81  0  0  81  0  0  0  0  0  0  0  0  81  0  0  0  81  0  0  0  0  81  0  0  0  0  0  81  0  81  0  81  0  0  0  0  0  0  0  81  0  0  0  81  0  81  0  0  0  0  0  81  81  0  0  0  81  0  81  

0  0  0  0  0  0  0  0  81  0  81  0  81  0  0  81  81  0  0  0  81  0  0  0  0  0  0  0  81  0  0  81  0  0  0  0  81  81  0  0  81  0  0  0  0  0  0  0  0  81  0  0  0  0  0  0  0  0  0  0  0  81  0  0  81  0  0  81  0  81  81  0  81  0  0  0  0  0  0  0  

81  0  81  0  0  0  0  0  0  0  0  0  0  0  0  0  0  0  0  0  0  81  0  0  0  0  81  0  81  0  0  0  0  0  0  0  0  81  81  81  0  0  0  0  0  0  0  0  81  0  81  81  0  0  0  0  0  0  0  0  0  0  0  0  0  0  0  0  0  81  0  0  0  0  81  0  81  81  81  0  

0  0  0  0  0  0  0  81  0  0  0  0  0  0  0  0  0  81  0  0  0  0  0  0  0  0  81  81  0  0  0  0  0  0  0  0  0  81  81  0  0  0  81  0  0  0  0  0  0  0  81  81  0  81  0  0  0  0  0  0  0  81  0  81  0  0  0  0  0  0  0  0  0  0  0  0  0  0  0  81  

0  81  0  81  0  81  0  0  0  0  0  0  0  0  81  0  0  0  0  81  81  0  0  0  81  0  81  0  81  0  0  81  0  0  81  0  0  0  0  81  0  0  0  81  0  0  0  0  81  0  0  0  81  0  0  81  0  0  81  0  0  0  81  0  0  81  81  0  0  0  0  0  0  0  0  81  0  0  0  81  

0  0  0  0  81  0  0  0  0  81  81  0  0  0  0  0  0  0  0  0  0  0  81  0  0  0  0  0  81  0  0  0  0  0  0  0  0  0  0  81  0  0  0  81  0  0  0  0  0  0  0  81  0  81  0  81  0  0  0  0  0  0  0  0  0  81  0  0  81  81  81  0  0  0  0  0  0  0  0  0  

0  81  0  81  81  0  81  0  0  0  0  0  0  0  0  0  0  81  81  81  0  0  0  0  0  81  0  0  81  0  0  0  81  81  81  0  0  0  0  0  0  81  0  0  0  0  0  0  0  0  0  0  0  0  81  0  0  0  0  0  0  0  0  0  0  0  0  0  81  0  81  81  0  0  81  0  0  0  81  0  

0  0  81  0  0  0  0  0  0  0  0  81  0  0  81  0  0  81  0  0  0  0  0  0  0  0  0  0  0  0  0  0  0  0  0  0  0  0  0  0  81  0  0  0  0  0  0  0  0  0  0  0  81  81  0  81  0  0  0  0  0  0  0  81  0  81  0  81  0  0  81  0  0  0  0  0  0  81  0  0  

0  0  0  0  81  81  0  0  0  0  0  0  0  0  0  0  0  0  81  0  0  0  81  0  0  0  0  0  0  0  0  81  0  81  0  0  0  0  0  0  0  0  0  0  81  81  81  81  0  0  0  0  0  0  0  0  81  0  81  81  81  81  0  0  0  0  0  0  0  0  0  0  81  0  0  0  81  0  0  0  

0  0  0  0  0  0  0  0  0  0  0  81  0  0  0  0  0  0  0  0  0  0  0  0  0  0  0  81  81  0  0  0  0  81  0  0  0  0  0  0  81  0  0  81  81  0  0  0  0  0  0  0  0  0  0  0  0  81  0  0  0  81  0  0  0  0  0  0  0  0  0  0  0  0  0  0  0  0  0  0  

0  0  81  81  0  0  0  0  0  0  0  0  0  0  0  0  81  81  81  0  81  0  0  0  0  0  0  0  0  0  0  0  0  81  81  0  0  0  0  0  0  81  0  0  0  81  0  0  0  0  0  0  81  0  0  0  81  0  81  81  81  0  0  0  0  0  81  0  81  0  0  0  0  0  0  0  0  81  0  81  

0  81  0  0  81  0  0  0  0  0  0  0  0  0  0  0  0  81  0  0  81  0  81  0  0  81  0  0  0  81  0  0  81  0  81  81  0  0  81  0  0  0  0  0  0  0  0  0  0  0  0  0  0  0  0  0  81  0  81  81  0  0  0  0  0  0  81  0  0  0  0  0  0  0  0  0  81  81  0  0  

81  0  0  0  0  0  81  81  0  0  0  0  0  81  0  0  81  0  81  81  0  81  81  0  81  0  0  0  0  81  0  0  0  81  0  81  0  0  0  0  0  0  0  0  0  0  0  81  81  0  0  0  0  0  0  0  81  0  81  0  81  81  81  0  0  0  81  81  0  81  0  0  0  0  0  0  81  81  0  81  

0  0  81  0  0  0  0  0  0  0  0  0  81  81  0  0  0  0  0  0  0  0  81  0  0  0  0  0  81  0  0  0  0  0  0  0  0  0  81  81  0  0  81  0  0  0  0  0  0  81  0  81  0  0  0  0  81  81  0  0  81  81  0  0  0  0  0  0  0  0  0  0  81  0  0  0  81  0  0  0  

0  0  81  0  0  0  0  0  0  81  0  81  0  0  0  81  0  0  81  0  0  0  0  0  0  0  0  0  0  0  0  0  0  0  0  0  0  0  0  0  0  0  0  0  0  0  81  0  0  0  0  0  81  0  0  0  0  0  0  0  81  0  81  81  0  0  0  0  0  0  0  0  0  81  0  0  0  0  0  0  

0  0  0  0  0  0  0  0  0  0  0  0  0  0  0  0  0  81  0  81  0  0  81  0  0  81  0  81  0  0  81  81  0  0  0  0  0  81  0  81  81  81  0  0  0  81  0  0  0  0  0  81  0  0  0  81  0  0  0  0  0  0  81  81  0  0  0  0  0  0  0  0  0  0  0  0  81  0  0  0  

0  0  81  0  81  0  81  81  0  0  0  0  0  81  0  0  81  0  0  0  0  81  0  0  0  0  81  0  0  0  0  0  0  0  0  0  0  0  0  0  0  0  0  0  0  0  0  0  81  81  0  0  0  0  0  0  0  0  0  0  0  0  0  0  81  0  0  81  0  0  0  0  0  0  0  0  81  81  0  81  

0  0  81  0  0  0  0  0  0  81  0  0  81  0  0  0  0  0  81  0  81  0  0  0  81  81  0  0  81  0  0  0  0  0  0  0  0  0  0  0  0  0  81  0  0  0  0  81  0  0  0  0  81  81  0  81  0  0  0  0  0  0  0  0  0  81  0  81  0  0  0  0  0  0  0  0  81  0  0  0  

0  0  81  0  81  0  0  0  0  0  81  0  0  0  81  0  0  0  0  0  0  0  0  0  0  0  0  81  0  0  81  0  0  0  0  81  81  81  0  0  0  0  0  81  0  0  0  0  81  0  0  0  81  0  0  0  0  0  81  81  81  0  0  0  0  0  81  0  0  0  0  0  81  0  81  81  0  81  0  0  

0  81  0  0  0  0  81  0  81  0  0  0  0  0  0  0  0  0  0  81  0  81  0  0  0  0  0  0  0  0  0  0  0  0  0  0  0  0  0  81  81  81  81  0  0  0  0  0  0  81  0  0  0  0  0  81  0  0  0  0  81  0  0  0  81  81  0  81  0  81  0  0  0  81  81  0  0  0  0  0  

81  0  81  0  0  0  81  0  81  81  0  0  0  0  0  0  0  81  0  0  0  81  0  0  0  0  0  0  0  0  0  0  0  81  0  0  0  0  0  0  0  0  0  0  0  0  0  0  0  0  0  0  0  81  81  0  0  0  81  0  0  0  0  0  0  0  0  0  81  81  0  0  0  0  0  0  0  0  0  0  

0  0  0  0  0  81  0  0  0  0  0  0  0  0  0  0  81  0  81  0  0  0  0  81  81  81  0  0  0  0  81  0  0  81  0  0  0  0  0  0  0  0  0  0  0  0  81  81  0  81  81  0  0  81  0  0  0  0  0  0  81  0  0  0  0  0  0  81  81  81  0  81  0  0  0  0  81  81  81  0  

0  81  0  0  81  0  0  0  0  81  0  0  0  0  0  0  0  0  81  0  0  0  0  0  0  81  0  0  0  0  0  0  0  0  0  0  0  0  0  0  0  0  0  0  0  81  0  0  0  81  0  0  0  81  81  81  0  0  0  0  0  0  0  0  0  0  0  0  0  0  81  0  0  0  0  0  0  0  0  0  

0  81  81  81  81  0  81  0  0  81  0  0  81  0  0  0  0  0  0  81  0  0  0  0  0  0  0  81  0  0  0  0  0  0  81  0  0  0  0  0  0  0  0  0  0  0  0  0  0  0  0  0  0  0  81  0  0  0  0  0  0  0  0  0  0  0  0  0  0  81  0  81  0  0  0  0  0  0  0  0  

0  0  81  0  0  0  0  0  0  0  0  0  0  0  0  0  0  0  0  0  0  0  0  0  81  0  0  0  0  0  0  0  0  0  0  0  0  0  0  0  81  0  0  0  0  0  81  81  81  81  0  0  0  0  0  0  81  0  0  0  0  81  0  0  0  0  81  0  0  0  0  0  81  0  0  81  0  0  0  81  

0  0  0  0  0  0  0  0  0  0  81  81  0  81  0  0  0  0  81  81  0  0  0  0  81  0  0  0  0  0  81  0  0  0  0  0  0  0  0  0  0  0  0  0  0  81  81  81  81  0  0  0  0  0  0  0  0  0  0  0  0  0  81  0  0  0  0  81  0  0  0  0  0  81  0  81  81  0  0  81  

81  0  0  0  0  0  0  81  81  0  0  0  0  0  0  0  0  0  0  0  0  81  0  0  0  81  0  0  0  0  0  0  0  81  0  0  0  81  0  0  0  0  0  0  0  0  81  0  0  0  81  0  0  0  81  0  0  0  0  0  0  0  0  0  0  0  81  81  0  0  0  0  0  0  81  0  0  0  0  0  

0  0  0  0  81  0  0  0  81  81  0  0  0  81  0  0  81  81  0  0  81  0  0  0  0  0  0  0  0  0  0  0  0  0  0  0  81  0  0  0  0  0  0  81  0  0  0  81  0  0  0  0  81  0  0  0  0  0  0  0  0  0  0  0  0  0  81  0  0  0  0  0  81  81  0  81  0  0  0  0  

81  0  0  81  81  0  81  0  81  0  0  0  0  0  0  0  0  0  0  0  0  0  0  0  0  0  0  0  0  0  0  0  0  0  0  81  0  0  0  0  0  0  0  81  81  0  0  0  0  0  81  0  0  0  0  0  81  0  0  81  81  81  0  81  81  81  0  0  0  81  0  0  0  81  0  0  81  81  0  0  

0  0  0  0  81  0  81  0  0  0  0  0  0  0  0  0  0  0  0  0  0  0  81  0  0  0  0  0  81  0  0  0  0  0  81  0  0  0  81  81  0  0  81  0  0  0  0  0  81  0  81  0  0  0  0  81  0  0  81  81  81  0  0  0  81  0  81  0  0  81  0  0  0  0  0  0  81  81  0  0  

0  81  0  0  0  81  81  0  81  0  0  0  0  0  81  0  0  0  0  0  0  0  0  0  81  0  0  0  0  0  0  81  81  0  0  81  0  81  0  0  0  0  0  0  0  0  81  0  0  0  81  0  0  0  81  0  0  0  0  0  0  0  0  0  0  0  0  0  0  81  0  0  0  0  0  0  0  0  81  0  

0  81  0  0  0  0  81  0  0  81  81  0  0  81  0  0  0  0  0  0  0  81  0  0  81  0  0  81  0  0  0  0  81  0  0  0  0  0  0  0  0  0  81  0  0  0  0  0  81  0  0  81  81  0  0  0  0  0  81  0  81  0  0  0  81  0  0  0  0  0  0  0  81  81  0  0  0  0  0  81  

UnPairedArc=
1 12 
1 15 
1 21 
1 35 
1 41 
1 48 
1 49 
1 51 
1 61 
1 69 
1 75 
1 77 
2 6 
2 8 
2 16 
2 21 
2 29 
2 31 
2 35 
2 37 
2 49 
2 53 
2 55 
2 60 
2 68 
2 71 
2 72 
2 79 
2 80 
3 7 
3 13 
3 29 
3 31 
3 41 
3 43 
3 46 
3 51 
3 56 
3 59 
3 62 
3 63 
3 65 
3 66 
3 67 
3 69 
3 72 
3 73 
4 14 
4 28 
4 30 
4 34 
4 42 
4 43 
4 46 
4 48 
4 53 
4 55 
4 59 
4 72 
4 77 
5 12 
5 18 
5 20 
5 27 
5 30 
5 32 
5 33 
5 46 
5 48 
5 49 
5 54 
5 55 
5 57 
5 60 
5 65 
5 67 
5 71 
5 72 
5 76 
5 77 
5 78 
6 12 
6 13 
6 22 
6 33 
6 34 
6 47 
6 53 
6 57 
6 70 
6 79 
7 12 
7 25 
7 29 
7 30 
7 32 
7 39 
7 40 
7 41 
7 42 
7 49 
7 55 
7 61 
7 65 
7 68 
7 69 
7 72 
7 77 
7 78 
7 79 
7 80 
8 11 
8 15 
8 19 
8 27 
8 29 
8 32 
8 34 
8 47 
8 48 
8 52 
8 61 
8 65 
8 75 
9 12 
9 17 
9 21 
9 28 
9 29 
9 34 
9 42 
9 48 
9 49 
9 50 
9 68 
9 69 
9 75 
9 76 
9 77 
9 79 
10 19 
10 23 
10 24 
10 25 
10 31 
10 35 
10 37 
10 46 
10 54 
10 63 
10 66 
10 69 
10 71 
10 72 
10 76 
10 80 
11 13 
11 27 
11 28 
11 29 
11 35 
11 42 
11 46 
11 50 
11 54 
11 67 
11 74 
11 80 
12 17 
12 20 
12 24 
12 33 
12 44 
12 48 
12 56 
12 58 
12 63 
12 74 
13 19 
13 20 
13 21 
13 22 
13 26 
13 27 
13 28 
13 29 
13 32 
13 35 
13 41 
13 50 
13 62 
13 66 
13 72 
14 16 
14 18 
14 21 
14 23 
14 29 
14 35 
14 38 
14 61 
14 62 
14 65 
14 74 
14 76 
14 80 
15 16 
15 22 
15 23 
15 26 
15 29 
15 30 
15 31 
15 33 
15 34 
15 38 
15 44 
15 53 
15 56 
15 67 
15 79 
16 22 
16 26 
16 50 
16 63 
17 25 
17 29 
17 42 
17 48 
17 50 
17 59 
17 61 
17 65 
17 70 
17 76 
18 29 
18 36 
18 38 
18 39 
18 41 
18 43 
18 52 
18 55 
18 56 
18 59 
18 60 
18 64 
18 69 
18 76 
19 21 
19 25 
19 26 
19 30 
19 34 
19 36 
19 39 
19 40 
19 42 
19 46 
19 55 
19 57 
19 59 
19 61 
19 63 
19 66 
19 70 
19 71 
19 74 
20 27 
20 30 
20 31 
20 34 
20 37 
20 38 
20 45 
20 48 
20 53 
20 55 
20 61 
20 64 
20 68 
20 72 
20 74 
21 22 
21 25 
21 26 
21 31 
21 44 
21 45 
21 50 
21 53 
21 59 
21 60 
21 66 
21 76 
22 23 
22 28 
22 49 
22 51 
22 61 
22 65 
22 68 
22 69 
22 75 
22 80 
23 25 
23 35 
23 37 
23 54 
23 57 
23 60 
23 61 
23 62 
23 64 
23 78 
24 27 
24 39 
24 45 
24 46 
24 70 
25 36 
25 39 
25 41 
25 45 
25 47 
25 49 
25 53 
25 61 
25 66 
25 70 
25 73 
25 74 
25 79 
25 80 
26 27 
26 31 
26 32 
26 34 
26 55 
26 60 
26 64 
26 66 
26 70 
26 71 
26 75 
27 31 
27 32 
27 35 
27 39 
27 42 
27 47 
27 51 
27 52 
27 53 
27 65 
28 44 
28 47 
28 52 
28 58 
28 64 
28 67 
28 72 
28 80 
29 32 
29 36 
29 43 
29 50 
29 51 
29 53 
29 54 
29 55 
29 58 
29 62 
29 66 
29 78 
30 31 
30 32 
30 35 
30 45 
30 60 
30 61 
31 41 
31 42 
31 45 
31 64 
31 67 
31 70 
31 74 
32 38 
32 43 
32 47 
32 50 
32 53 
32 57 
32 64 
32 79 
33 35 
33 42 
33 55 
33 60 
33 79 
33 80 
34 42 
34 45 
34 46 
34 47 
34 49 
34 55 
34 57 
34 58 
34 59 
34 61 
34 69 
34 70 
34 75 
35 37 
35 43 
35 47 
35 53 
35 55 
35 59 
35 60 
35 72 
35 78 
36 37 
36 42 
36 46 
36 47 
36 60 
36 61 
36 67 
36 77 
36 79 
37 43 
37 50 
37 67 
37 76 
38 41 
38 43 
38 44 
38 45 
38 49 
38 50 
38 51 
38 52 
38 64 
38 67 
38 75 
38 79 
39 45 
39 51 
39 52 
39 60 
39 62 
39 78 
40 41 
40 42 
40 51 
40 53 
40 54 
40 62 
40 64 
40 68 
40 78 
41 43 
41 50 
41 56 
41 58 
41 64 
41 68 
41 73 
42 45 
42 48 
42 55 
42 59 
42 64 
42 68 
43 49 
43 52 
43 62 
43 66 
43 68 
43 78 
43 80 
44 46 
44 53 
44 54 
44 58 
44 67 
44 76 
44 77 
45 46 
45 47 
45 57 
45 58 
45 77 
46 48 
46 57 
46 59 
46 64 
46 71 
46 74 
47 48 
47 57 
47 63 
47 70 
47 73 
47 74 
47 75 
47 79 
48 57 
48 61 
48 66 
48 70 
48 73 
48 74 
48 76 
49 51 
49 53 
49 61 
49 65 
49 67 
49 73 
49 74 
49 78 
49 80 
50 62 
50 65 
50 68 
50 70 
50 71 
50 73 
51 52 
51 70 
51 75 
51 77 
51 78 
51 79 
52 54 
52 62 
52 64 
52 80 
53 56 
53 59 
53 63 
53 66 
53 67 
53 76 
53 80 
54 56 
54 66 
54 69 
54 70 
54 71 
55 69 
55 71 
55 72 
55 75 
55 79 
56 64 
56 66 
56 68 
56 71 
56 78 
57 59 
57 60 
57 61 
57 62 
57 73 
57 77 
58 62 
59 60 
59 61 
59 67 
59 69 
59 78 
59 80 
60 67 
60 77 
60 78 
61 62 
61 63 
61 67 
61 68 
61 70 
61 77 
61 78 
61 80 
62 73 
62 77 
63 64 
63 74 
64 77 
65 68 
65 77 
65 78 
65 80 
66 68 
66 77 
67 73 
67 75 
67 76 
67 78 
68 70 
68 74 
68 75 
69 70 
70 72 
70 77 
70 78 
70 79 
73 76 
73 80 
74 76 
74 77 
74 80 
77 78 
