nNodes=40;
 nPairs=75;
Cost=

41  0  0  0  0  0  0  0  0  0  0  0  0  0  0  0  0  0  0  41  0  0  0  0  0  0  0  0  0  0  41  0  0  41  0  0  0  0  0  0  

0  41  0  0  41  0  0  0  0  0  0  0  0  0  0  0  0  0  0  0  0  0  0  0  41  0  0  0  0  0  0  41  41  0  0  41  0  0  0  0  

0  0  41  0  0  0  0  41  0  0  0  0  0  0  0  0  0  0  0  0  0  0  0  0  0  0  0  0  0  0  0  0  0  0  0  0  0  0  0  0  

0  0  0  41  0  0  0  0  41  41  0  0  0  0  0  0  0  0  0  0  0  0  0  0  0  0  0  0  0  0  0  0  0  41  0  0  0  0  0  0  

0  41  0  0  41  0  0  0  0  0  0  0  0  0  0  0  0  0  0  0  0  0  41  0  0  0  41  0  0  0  0  41  0  0  0  0  41  41  0  0  

0  0  0  0  0  41  0  0  0  0  0  41  41  0  0  0  0  0  0  0  0  0  0  41  0  0  0  0  0  0  0  0  0  0  0  0  0  0  0  0  

0  0  0  0  0  0  41  0  0  0  0  0  0  0  0  0  0  0  0  0  41  0  0  0  0  0  0  0  0  0  0  0  0  0  0  0  0  0  0  0  

0  0  41  0  0  0  0  41  0  0  0  0  0  0  0  0  0  0  0  41  0  41  0  41  0  0  0  0  0  41  0  0  0  0  0  0  0  0  0  0  

0  0  0  41  0  0  0  0  41  0  0  0  41  0  41  0  0  0  0  0  41  0  0  0  0  0  0  0  0  0  0  0  0  0  0  0  0  41  0  0  

0  0  0  41  0  0  0  0  0  41  0  0  0  0  0  0  0  41  0  0  0  0  0  0  0  0  0  0  0  0  0  0  0  0  0  0  0  0  0  0  

0  0  0  0  0  0  0  0  0  0  41  41  0  0  0  0  0  0  0  41  0  0  0  0  0  0  41  0  0  0  0  0  0  0  0  0  0  0  0  0  

0  0  0  0  0  41  0  0  0  0  41  41  0  0  0  41  0  0  0  0  0  0  0  0  0  0  0  41  0  0  0  0  0  0  0  0  0  0  0  0  

0  0  0  0  0  41  0  0  41  0  0  0  41  41  41  0  0  0  0  0  0  0  0  41  0  0  0  0  41  0  0  0  0  0  0  0  0  0  41  0  

0  0  0  0  0  0  0  0  0  0  0  0  41  41  0  0  0  0  0  0  0  0  0  0  0  0  0  0  0  0  0  41  41  0  0  0  0  0  0  41  

0  0  0  0  0  0  0  0  41  0  0  0  41  0  41  0  0  0  0  0  0  0  0  0  0  0  0  0  0  0  0  0  0  0  0  41  41  0  0  0  

0  0  0  0  0  0  0  0  0  0  0  41  0  0  0  41  0  0  0  0  41  0  0  41  0  0  0  0  0  41  0  0  0  0  0  0  0  0  0  41  

0  0  0  0  0  0  0  0  0  0  0  0  0  0  0  0  41  0  0  0  0  0  41  0  0  0  0  0  0  0  0  0  0  0  0  41  0  0  0  0  

0  0  0  0  0  0  0  0  0  41  0  0  0  0  0  0  0  41  0  0  0  0  0  0  0  0  0  0  0  0  0  0  0  0  0  0  0  0  0  0  

0  0  0  0  0  0  0  0  0  0  0  0  0  0  0  0  0  0  41  41  0  0  41  0  0  0  0  0  0  41  0  0  0  41  41  0  0  0  0  0  

41  0  0  0  0  0  0  41  0  0  41  0  0  0  0  0  0  0  41  41  0  41  0  0  0  0  41  0  0  0  0  0  0  0  0  0  0  0  0  41  

0  0  0  0  0  0  41  0  41  0  0  0  0  0  0  41  0  0  0  0  41  0  0  41  0  0  0  0  0  0  0  0  0  41  0  0  0  0  0  0  

0  0  0  0  0  0  0  41  0  0  0  0  0  0  0  0  0  0  0  41  0  41  0  0  0  0  0  0  0  0  0  0  0  0  0  0  0  0  0  0  

0  0  0  0  41  0  0  0  0  0  0  0  0  0  0  0  41  0  41  0  0  0  41  0  41  0  0  0  0  0  0  0  0  0  0  0  0  0  0  0  

0  0  0  0  0  41  0  41  0  0  0  0  41  0  0  41  0  0  0  0  41  0  0  41  0  0  0  0  0  0  0  0  0  0  41  0  0  0  0  0  

0  41  0  0  0  0  0  0  0  0  0  0  0  0  0  0  0  0  0  0  0  0  41  0  41  0  41  0  41  0  41  41  0  0  0  41  0  0  0  0  

0  0  0  0  0  0  0  0  0  0  0  0  0  0  0  0  0  0  0  0  0  0  0  0  0  41  0  0  0  0  0  0  0  0  0  0  41  0  0  0  

0  0  0  0  41  0  0  0  0  0  41  0  0  0  0  0  0  0  0  41  0  0  0  0  41  0  41  0  0  0  0  0  0  0  0  0  0  0  0  0  

0  0  0  0  0  0  0  0  0  0  0  41  0  0  0  0  0  0  0  0  0  0  0  0  0  0  0  41  0  0  0  0  41  0  41  0  0  0  0  0  

0  0  0  0  0  0  0  0  0  0  0  0  41  0  0  0  0  0  0  0  0  0  0  0  41  0  0  0  41  0  0  0  0  0  0  0  41  0  0  0  

0  0  0  0  0  0  0  41  0  0  0  0  0  0  0  41  0  0  41  0  0  0  0  0  0  0  0  0  0  41  41  0  0  0  0  0  0  0  0  0  

41  0  0  0  0  0  0  0  0  0  0  0  0  0  0  0  0  0  0  0  0  0  0  0  41  0  0  0  0  41  41  0  0  0  0  0  0  0  0  0  

0  41  0  0  41  0  0  0  0  0  0  0  0  41  0  0  0  0  0  0  0  0  0  0  41  0  0  0  0  0  0  41  0  0  0  0  41  0  0  0  

0  41  0  0  0  0  0  0  0  0  0  0  0  41  0  0  0  0  0  0  0  0  0  0  0  0  0  41  0  0  0  0  41  0  0  0  0  0  0  0  

41  0  0  41  0  0  0  0  0  0  0  0  0  0  0  0  0  0  41  0  41  0  0  0  0  0  0  0  0  0  0  0  0  41  0  0  0  0  0  0  

0  0  0  0  0  0  0  0  0  0  0  0  0  0  0  0  0  0  41  0  0  0  0  41  0  0  0  41  0  0  0  0  0  0  41  0  0  0  0  0  

0  41  0  0  0  0  0  0  0  0  0  0  0  0  41  0  41  0  0  0  0  0  0  0  41  0  0  0  0  0  0  0  0  0  0  41  0  0  41  0  

0  0  0  0  41  0  0  0  0  0  0  0  0  0  41  0  0  0  0  0  0  0  0  0  0  41  0  0  41  0  0  41  0  0  0  0  41  0  0  0  

0  0  0  0  41  0  0  0  41  0  0  0  0  0  0  0  0  0  0  0  0  0  0  0  0  0  0  0  0  0  0  0  0  0  0  0  0  41  0  0  

0  0  0  0  0  0  0  0  0  0  0  0  41  0  0  0  0  0  0  0  0  0  0  0  0  0  0  0  0  0  0  0  0  0  0  41  0  0  41  0  

0  0  0  0  0  0  0  0  0  0  0  0  0  41  0  41  0  0  0  41  0  0  0  0  0  0  0  0  0  0  0  0  0  0  0  0  0  0  0  41  

UnPairedArc=
1 20 
1 31 
1 34 
2 5 
2 25 
2 32 
2 33 
2 36 
3 8 
4 9 
4 10 
4 34 
5 23 
5 27 
5 32 
5 37 
5 38 
6 12 
6 13 
6 24 
7 21 
8 20 
8 22 
8 24 
8 30 
9 13 
9 15 
9 21 
9 38 
10 18 
11 12 
11 20 
11 27 
12 16 
12 28 
13 14 
13 15 
13 24 
13 29 
13 39 
14 32 
14 33 
14 40 
15 36 
15 37 
16 21 
16 24 
16 30 
16 40 
17 23 
17 36 
19 20 
19 23 
19 30 
19 34 
19 35 
20 22 
20 27 
20 40 
21 24 
21 34 
23 25 
24 35 
25 27 
25 29 
25 31 
25 32 
25 36 
26 37 
28 33 
28 35 
29 37 
30 31 
32 37 
36 39 
