nNodes=60;
 nPairs=856;
Cost=

61  0  0  61  0  0  0  61  0  61  0  61  0  61  61  0  61  0  0  0  0  0  0  0  0  61  61  0  61  0  61  61  0  0  61  61  61  0  61  0  0  0  0  61  61  0  0  0  0  0  61  61  0  61  0  0  0  61  0  0  

0  61  0  0  0  0  61  0  0  61  61  61  61  0  0  0  0  0  61  0  61  0  61  0  0  0  0  0  0  0  61  0  61  61  0  61  0  61  61  61  61  61  61  61  61  61  0  61  61  0  61  61  0  61  0  0  0  61  61  0  

0  0  61  0  61  0  61  61  0  0  0  0  0  0  0  61  0  61  61  61  61  61  61  61  0  0  0  0  61  61  0  0  0  0  0  61  0  61  61  61  0  0  61  0  61  61  61  0  61  0  61  0  0  0  61  61  61  0  0  0  

61  0  0  61  0  61  61  0  61  0  61  0  61  0  61  61  61  61  61  0  61  0  0  0  0  61  61  61  0  61  61  61  0  0  0  0  61  61  0  0  61  0  0  0  0  61  61  61  61  0  0  0  0  0  61  61  0  0  61  61  

0  0  61  0  61  0  0  0  0  0  0  0  0  0  0  0  61  61  0  0  0  0  0  0  61  61  0  0  0  0  0  61  61  61  0  61  0  0  0  61  61  0  61  61  61  61  61  0  61  61  0  61  0  61  0  0  61  61  0  61  

0  0  0  61  0  61  61  0  0  0  61  61  61  61  61  61  0  61  61  61  61  0  0  0  0  61  61  61  61  61  61  61  61  0  61  0  0  61  61  61  61  61  0  0  0  61  0  0  0  61  61  0  0  61  0  61  0  61  0  0  

0  61  61  61  0  61  61  0  61  0  61  61  0  0  0  0  0  61  0  61  0  0  0  0  61  61  0  0  0  0  0  0  0  0  61  61  61  61  61  0  0  0  61  0  61  61  61  61  0  0  61  61  0  0  61  61  61  61  61  61  

61  0  61  0  0  0  0  61  0  0  61  0  0  61  61  0  0  0  0  0  61  0  0  61  0  0  0  0  0  0  0  0  0  61  0  61  61  0  61  61  61  61  0  0  0  0  61  0  0  61  61  61  61  61  61  61  0  0  0  0  

0  0  0  61  0  0  61  0  61  0  0  61  0  61  61  61  0  0  0  61  61  61  61  61  0  0  61  0  0  0  61  0  61  0  0  61  0  61  0  61  0  0  0  61  61  61  61  0  61  0  61  0  61  61  61  61  0  0  0  61  

61  61  0  0  0  0  0  0  0  61  0  0  0  61  0  0  0  0  61  0  61  0  61  0  0  61  0  0  0  0  0  0  0  0  61  61  61  0  0  61  61  0  0  0  0  0  61  0  61  0  0  61  61  61  0  61  61  61  0  0  

0  61  0  61  0  61  61  61  0  0  61  61  0  0  61  0  0  61  61  0  0  61  0  61  0  0  61  61  0  61  61  0  0  0  0  61  61  61  0  0  0  0  0  61  0  61  61  61  0  61  61  61  61  0  61  61  0  61  0  61  

61  61  0  0  0  61  61  0  61  0  61  61  0  61  61  0  61  61  61  0  61  0  61  61  61  61  0  61  0  61  61  0  61  0  0  61  61  0  61  0  0  0  61  0  0  61  61  0  0  61  61  61  0  61  0  0  0  0  0  0  

0  61  0  61  0  61  0  0  0  0  0  0  61  61  61  61  0  0  61  61  0  61  61  0  0  0  0  61  0  0  0  0  0  0  61  0  0  61  0  0  0  0  0  0  61  0  61  61  0  61  61  61  61  0  61  0  0  61  61  0  

61  0  0  0  0  61  0  61  61  61  0  61  61  61  61  61  61  0  0  0  61  61  0  61  0  0  0  61  61  0  0  0  61  61  61  0  61  0  61  0  61  61  0  61  0  61  61  61  0  61  61  61  61  61  61  61  0  0  61  61  

61  0  0  61  0  61  0  61  61  0  61  61  61  61  61  61  0  61  0  0  61  0  0  0  0  61  0  61  0  61  0  61  0  61  61  0  61  61  61  0  61  0  0  0  61  61  0  61  0  0  61  0  61  0  61  0  61  61  0  0  

0  0  61  61  0  61  0  0  61  0  0  0  61  61  61  61  61  0  0  61  61  0  61  0  61  0  0  0  61  61  61  61  0  0  0  61  0  61  61  0  0  0  61  0  61  0  0  61  61  61  0  61  0  0  0  61  61  0  0  61  

61  0  0  61  61  0  0  0  0  0  0  61  0  61  0  61  61  61  61  0  0  61  61  0  0  61  61  61  0  61  61  61  0  61  61  61  0  0  61  61  61  61  0  61  0  0  0  61  61  61  0  61  0  61  61  61  61  61  61  0  

0  0  61  61  61  61  61  0  0  0  61  61  0  0  61  0  61  61  61  0  0  61  0  61  61  61  61  0  0  61  61  61  61  61  61  61  61  61  0  61  61  0  61  61  0  61  0  0  0  0  61  61  61  0  61  61  61  61  61  0  

0  61  61  61  0  61  0  0  0  61  61  61  61  0  0  0  61  61  61  0  0  61  0  61  0  61  0  0  61  0  0  0  0  61  61  61  0  61  61  61  61  61  0  61  61  61  0  61  0  0  61  0  61  0  61  61  61  0  0  0  

0  0  61  0  0  61  61  0  61  0  0  0  61  0  0  61  0  0  0  61  0  0  61  0  61  0  0  0  61  0  0  0  0  61  61  61  0  61  61  0  61  61  0  61  0  0  0  61  0  61  0  61  0  0  0  61  61  0  0  61  

0  61  61  61  0  61  0  61  61  61  0  61  0  61  61  61  0  0  0  0  61  0  0  61  0  0  61  61  61  61  0  61  0  61  0  0  0  61  0  0  61  61  0  0  61  61  0  61  61  0  61  0  0  0  61  61  61  61  61  0  

0  0  61  0  0  0  0  0  61  0  61  0  61  61  0  0  61  61  61  0  0  61  0  0  61  0  0  61  61  61  61  0  61  0  0  61  0  61  0  0  0  0  0  0  61  61  61  0  61  61  61  0  61  61  61  61  0  0  61  0  

0  61  61  0  0  0  0  0  61  61  0  61  61  0  0  61  61  0  0  61  0  0  61  0  0  0  61  0  0  61  0  0  61  0  0  0  61  0  0  0  0  61  0  0  0  61  0  61  61  0  0  0  61  61  61  61  61  61  0  61  

0  0  61  0  0  0  0  61  61  0  61  61  0  61  0  0  0  61  61  0  61  0  0  61  0  0  61  0  0  0  0  0  0  0  61  61  61  61  0  61  0  0  0  61  61  0  0  61  0  0  61  61  0  61  0  0  61  0  0  61  

0  0  0  0  61  0  61  0  0  0  0  61  0  0  0  61  0  61  0  61  0  61  0  0  61  61  61  0  0  61  61  0  0  0  61  0  61  61  0  0  61  0  0  61  0  61  0  0  61  0  61  61  0  61  61  0  61  61  0  61  

61  0  0  61  61  61  61  0  0  61  0  61  0  0  61  0  61  61  61  0  0  0  0  0  61  61  61  0  0  0  61  0  0  61  61  0  61  61  0  61  61  0  61  61  61  61  61  61  61  61  0  0  61  61  0  0  0  61  0  61  

61  0  0  61  0  61  0  0  61  0  61  0  0  0  0  0  61  61  0  0  61  0  61  61  61  61  61  61  61  61  61  0  0  0  0  61  61  0  0  0  0  0  0  0  0  61  0  61  61  0  61  61  61  0  61  61  0  0  61  0  

0  0  0  61  0  61  0  0  0  0  61  61  61  61  61  0  61  0  0  0  61  61  0  0  0  0  61  61  61  61  0  61  61  0  61  0  0  61  61  61  61  61  0  61  0  0  0  61  0  0  0  0  0  0  0  0  61  0  0  0  

61  0  61  0  0  61  0  0  0  0  0  0  0  61  0  61  0  0  61  61  61  61  0  0  0  0  61  61  61  61  0  0  61  61  0  61  61  0  61  0  0  0  0  0  0  0  61  61  61  0  61  0  0  0  0  61  61  0  0  61  

0  0  61  61  0  61  0  0  0  0  61  61  0  0  61  61  61  61  0  0  61  61  61  0  61  0  61  61  61  61  61  0  0  61  0  0  61  0  61  0  61  61  61  0  0  61  0  61  0  0  0  61  61  61  0  0  0  0  0  61  

61  61  0  61  0  61  0  0  61  0  61  61  0  0  0  61  61  61  0  0  0  61  0  0  61  61  61  0  0  61  61  61  0  61  0  61  0  0  0  0  61  0  61  61  0  61  61  61  61  0  0  61  61  61  61  0  61  61  0  61  

61  0  0  61  61  61  0  0  0  0  0  0  0  0  61  61  61  61  0  0  61  0  0  0  0  0  0  61  0  0  61  61  0  0  61  61  0  0  0  61  61  0  61  0  61  61  0  0  61  61  0  61  61  0  0  0  61  61  61  0  

0  61  0  0  61  61  0  0  61  0  0  61  0  61  0  0  0  61  0  0  0  61  61  0  0  0  0  61  61  0  0  0  61  0  0  61  61  0  0  61  61  61  61  61  0  0  0  0  61  61  0  61  61  0  0  61  0  61  0  61  

0  61  0  0  61  0  0  61  0  0  0  0  0  61  61  0  61  61  61  61  61  0  0  0  0  61  0  0  61  61  61  0  0  61  0  61  0  61  61  0  0  61  61  0  61  0  61  61  61  0  61  0  0  61  61  0  0  0  61  61  

61  0  0  0  0  61  61  0  0  61  0  0  61  61  61  0  61  61  61  61  0  0  0  61  61  61  0  61  0  0  0  61  0  0  61  61  61  0  0  61  0  61  61  61  61  61  0  61  0  0  0  0  61  61  61  0  61  61  0  0  

61  61  61  0  61  0  61  61  61  61  61  61  0  0  0  61  61  61  61  61  0  61  0  61  0  0  61  0  61  0  61  61  61  61  61  61  61  0  61  0  0  61  0  0  61  61  0  61  61  0  61  0  61  61  61  61  61  61  61  0  

61  0  0  61  0  0  61  61  0  61  61  61  0  61  61  0  0  61  0  0  0  0  61  61  61  61  61  0  61  61  0  0  61  0  61  61  61  0  0  0  61  61  0  0  0  0  61  61  0  0  0  61  0  0  0  0  61  61  61  61  

0  61  61  61  0  61  61  0  61  0  61  0  61  0  61  61  0  61  61  61  61  61  0  61  61  61  0  61  0  0  0  0  0  61  0  0  0  61  61  0  0  0  0  0  61  61  61  61  0  0  0  0  61  61  0  61  0  0  0  61  

61  61  61  0  0  61  61  61  0  0  0  61  0  61  61  61  61  0  61  61  0  0  0  0  0  0  0  61  61  61  0  0  0  61  0  61  0  61  61  0  0  61  61  0  61  61  0  0  0  61  0  61  0  61  0  0  61  61  61  0  

0  61  61  0  61  61  0  61  61  61  0  0  0  0  0  0  61  61  61  0  0  0  0  61  0  61  0  61  0  0  0  61  61  0  61  0  0  0  0  61  61  0  61  0  0  0  0  61  61  61  61  0  61  61  0  0  0  0  61  61  

0  61  0  61  61  61  0  61  0  61  0  0  0  61  61  0  61  61  61  61  61  0  0  0  61  61  0  61  0  61  61  61  61  0  0  0  61  0  0  61  61  61  61  61  0  0  0  0  0  0  61  0  61  61  61  0  0  0  0  0  

0  61  0  0  0  61  0  61  0  0  0  0  0  61  0  0  61  0  61  61  61  0  61  0  0  0  0  61  0  61  0  0  61  61  61  61  61  0  61  0  61  61  61  0  0  61  0  0  61  0  61  0  0  61  61  0  0  0  0  61  

0  61  61  0  61  0  61  0  0  0  0  61  0  0  0  61  0  61  0  0  0  0  0  0  0  61  0  0  0  61  61  61  61  61  61  0  0  0  61  61  61  61  61  0  0  0  0  0  61  0  61  61  61  61  0  0  61  0  61  61  

61  61  0  0  61  0  0  0  61  0  61  0  0  61  0  0  61  61  61  61  0  0  0  61  61  61  0  61  0  0  61  0  61  0  61  0  0  0  0  0  61  0  0  61  61  61  61  0  0  61  0  0  61  0  61  0  61  61  0  61  

61  61  61  0  61  0  61  0  61  0  0  0  61  0  61  61  0  0  61  0  61  61  0  61  0  61  0  0  0  0  0  61  0  61  61  61  0  61  61  0  0  0  0  61  61  61  0  61  0  61  0  61  0  0  0  0  61  0  0  61  

0  61  61  61  61  61  61  0  61  0  61  61  0  61  61  0  0  61  61  0  61  61  61  0  61  61  61  0  0  61  61  61  0  0  61  61  0  61  61  0  0  61  0  61  61  61  61  61  61  0  61  0  0  0  0  0  61  61  61  0  

0  0  61  61  61  0  61  61  61  61  61  61  61  61  0  0  0  0  0  0  0  61  0  0  0  61  0  0  61  0  61  0  0  61  0  0  61  61  0  0  0  0  0  61  0  61  61  61  0  61  61  61  61  61  61  0  61  61  61  61  

0  61  0  61  0  0  61  0  0  0  61  0  61  61  61  61  61  0  61  61  61  0  61  61  0  61  61  61  61  61  61  0  0  61  61  61  61  61  0  61  0  0  0  0  61  61  61  61  0  61  0  0  0  61  0  61  0  0  61  0  

0  61  61  61  61  0  0  0  61  61  0  0  0  0  0  61  61  0  0  0  61  61  61  0  61  61  61  0  61  0  61  61  61  61  0  61  0  0  0  61  0  61  61  0  0  61  0  0  61  0  61  61  0  61  61  61  0  0  61  0  

0  0  0  0  61  61  0  61  0  0  61  61  61  61  0  61  61  0  0  61  0  61  0  0  0  61  0  0  0  0  0  61  61  0  0  0  0  0  61  61  0  0  0  61  61  0  61  61  0  61  0  0  0  61  61  0  0  0  0  61  

61  61  61  0  0  61  61  61  61  0  61  61  61  61  61  0  0  61  61  0  61  61  0  61  61  0  61  0  61  0  0  0  0  61  0  61  0  0  0  61  61  61  61  0  0  61  61  0  61  0  61  61  61  0  0  0  61  0  61  61  

61  61  0  0  61  0  61  61  0  61  61  61  61  61  0  61  61  61  0  61  0  0  0  61  61  0  61  0  0  61  61  61  61  0  0  0  61  0  61  0  0  0  61  0  61  0  61  0  61  0  61  61  0  61  61  0  61  0  61  0  

0  0  0  0  0  0  0  61  61  61  61  0  61  61  61  0  0  61  61  0  0  61  61  0  0  61  61  0  0  61  61  61  61  0  61  61  0  61  0  61  61  0  61  61  0  0  61  0  0  0  61  0  61  0  61  61  0  61  61  61  

61  61  0  0  61  61  0  61  61  61  0  61  0  61  0  0  61  0  0  0  0  61  61  61  61  61  0  0  0  61  61  0  0  61  61  61  0  61  61  61  61  61  61  0  0  0  61  61  61  61  0  61  0  61  0  61  61  0  61  0  

0  0  61  61  0  0  61  61  61  0  61  0  61  61  61  0  61  61  61  0  61  61  61  0  61  0  61  0  0  0  61  0  0  61  61  61  0  0  0  0  61  61  0  61  0  0  61  0  61  61  0  61  61  0  61  0  0  0  0  61  

0  0  61  61  0  61  61  61  61  61  61  0  0  61  0  61  61  61  61  61  61  61  61  0  0  0  61  0  61  0  0  0  61  0  0  61  0  61  0  0  0  0  0  0  0  0  0  61  61  0  0  0  61  61  0  61  61  61  61  0  

0  0  61  0  61  0  61  0  0  61  0  0  0  0  61  61  61  61  61  61  61  0  61  61  61  0  0  61  61  0  61  61  0  0  61  61  61  0  61  0  0  0  61  61  61  61  61  0  0  0  61  61  0  61  0  61  61  0  0  61  

61  61  0  0  61  61  61  0  0  61  61  0  61  0  61  0  61  61  0  0  61  0  61  0  61  61  0  0  0  0  61  61  61  0  61  61  61  0  61  0  0  0  0  61  0  61  61  0  0  0  0  0  61  0  0  61  0  61  0  61  

0  61  0  61  0  0  61  0  0  0  0  0  61  61  0  0  61  61  0  0  61  61  0  0  0  0  61  0  0  0  0  61  0  61  0  61  61  0  61  61  0  0  61  0  0  61  61  61  61  0  61  61  61  61  0  61  0  0  61  0  

0  0  0  61  61  0  61  0  61  0  61  0  0  61  0  61  0  0  0  61  0  0  61  61  61  61  0  0  61  61  61  0  61  61  0  0  61  61  0  61  0  61  61  61  61  0  61  0  0  61  61  0  61  0  61  0  61  61  0  61  

UnPairedArc=
1 4 
1 8 
1 10 
1 12 
1 14 
1 15 
1 17 
1 26 
1 27 
1 29 
1 31 
1 32 
1 35 
1 36 
1 37 
1 39 
1 44 
1 45 
1 51 
1 52 
1 54 
1 58 
2 7 
2 10 
2 11 
2 12 
2 13 
2 19 
2 21 
2 23 
2 31 
2 33 
2 34 
2 36 
2 38 
2 39 
2 40 
2 41 
2 42 
2 43 
2 44 
2 45 
2 46 
2 48 
2 49 
2 51 
2 52 
2 54 
2 58 
2 59 
3 5 
3 7 
3 8 
3 16 
3 18 
3 19 
3 20 
3 21 
3 22 
3 23 
3 24 
3 29 
3 30 
3 36 
3 38 
3 39 
3 40 
3 43 
3 45 
3 46 
3 47 
3 49 
3 51 
3 55 
3 56 
3 57 
4 6 
4 7 
4 9 
4 11 
4 13 
4 15 
4 16 
4 17 
4 18 
4 19 
4 21 
4 26 
4 27 
4 28 
4 30 
4 31 
4 32 
4 37 
4 38 
4 41 
4 46 
4 47 
4 48 
4 49 
4 55 
4 56 
4 59 
4 60 
5 17 
5 18 
5 25 
5 26 
5 32 
5 33 
5 34 
5 36 
5 40 
5 41 
5 43 
5 44 
5 45 
5 46 
5 47 
5 49 
5 50 
5 52 
5 54 
5 57 
5 58 
5 60 
6 7 
6 11 
6 12 
6 13 
6 14 
6 15 
6 16 
6 18 
6 19 
6 20 
6 21 
6 26 
6 27 
6 28 
6 29 
6 30 
6 31 
6 32 
6 33 
6 35 
6 38 
6 39 
6 40 
6 41 
6 42 
6 46 
6 50 
6 51 
6 54 
6 56 
6 58 
7 9 
7 11 
7 12 
7 18 
7 20 
7 25 
7 26 
7 35 
7 36 
7 37 
7 38 
7 39 
7 43 
7 45 
7 46 
7 47 
7 48 
7 51 
7 52 
7 55 
7 56 
7 57 
7 58 
7 59 
7 60 
8 11 
8 14 
8 15 
8 21 
8 24 
8 34 
8 36 
8 37 
8 39 
8 40 
8 41 
8 42 
8 47 
8 50 
8 51 
8 52 
8 53 
8 54 
8 55 
8 56 
9 12 
9 14 
9 15 
9 16 
9 20 
9 21 
9 22 
9 23 
9 24 
9 27 
9 31 
9 33 
9 36 
9 38 
9 40 
9 44 
9 45 
9 46 
9 47 
9 49 
9 51 
9 53 
9 54 
9 55 
9 56 
9 60 
10 14 
10 19 
10 21 
10 23 
10 26 
10 35 
10 36 
10 37 
10 40 
10 41 
10 47 
10 49 
10 52 
10 53 
10 54 
10 56 
10 57 
10 58 
11 12 
11 15 
11 18 
11 19 
11 22 
11 24 
11 27 
11 28 
11 30 
11 31 
11 36 
11 37 
11 38 
11 44 
11 46 
11 47 
11 48 
11 50 
11 51 
11 52 
11 53 
11 55 
11 56 
11 58 
11 60 
12 14 
12 15 
12 17 
12 18 
12 19 
12 21 
12 23 
12 24 
12 25 
12 26 
12 28 
12 30 
12 31 
12 33 
12 36 
12 37 
12 39 
12 43 
12 46 
12 47 
12 50 
12 51 
12 52 
12 54 
13 14 
13 15 
13 16 
13 19 
13 20 
13 22 
13 23 
13 28 
13 35 
13 38 
13 45 
13 47 
13 48 
13 50 
13 51 
13 52 
13 53 
13 55 
13 58 
13 59 
14 15 
14 16 
14 17 
14 21 
14 22 
14 24 
14 28 
14 29 
14 33 
14 34 
14 35 
14 37 
14 39 
14 41 
14 42 
14 44 
14 46 
14 47 
14 48 
14 50 
14 51 
14 52 
14 53 
14 54 
14 55 
14 56 
14 59 
14 60 
15 16 
15 18 
15 21 
15 26 
15 28 
15 30 
15 32 
15 34 
15 35 
15 37 
15 38 
15 39 
15 41 
15 45 
15 46 
15 48 
15 51 
15 53 
15 55 
15 57 
15 58 
16 17 
16 20 
16 21 
16 23 
16 25 
16 29 
16 30 
16 31 
16 32 
16 36 
16 38 
16 39 
16 43 
16 45 
16 48 
16 49 
16 50 
16 52 
16 56 
16 57 
16 60 
17 18 
17 19 
17 22 
17 23 
17 26 
17 27 
17 28 
17 30 
17 31 
17 32 
17 34 
17 35 
17 36 
17 39 
17 40 
17 41 
17 42 
17 44 
17 48 
17 49 
17 50 
17 52 
17 54 
17 55 
17 56 
17 57 
17 58 
17 59 
18 19 
18 22 
18 24 
18 25 
18 26 
18 27 
18 30 
18 31 
18 32 
18 33 
18 34 
18 35 
18 36 
18 37 
18 38 
18 40 
18 41 
18 43 
18 44 
18 46 
18 51 
18 52 
18 53 
18 55 
18 56 
18 57 
18 58 
18 59 
19 22 
19 24 
19 26 
19 29 
19 34 
19 35 
19 36 
19 38 
19 39 
19 40 
19 41 
19 42 
19 44 
19 45 
19 46 
19 48 
19 51 
19 53 
19 55 
19 56 
19 57 
20 23 
20 25 
20 29 
20 34 
20 35 
20 36 
20 38 
20 39 
20 41 
20 42 
20 44 
20 48 
20 50 
20 52 
20 56 
20 57 
20 60 
21 24 
21 27 
21 28 
21 29 
21 30 
21 32 
21 34 
21 38 
21 41 
21 42 
21 45 
21 46 
21 48 
21 49 
21 51 
21 55 
21 56 
21 57 
21 58 
21 59 
22 25 
22 28 
22 29 
22 30 
22 31 
22 33 
22 36 
22 38 
22 45 
22 46 
22 47 
22 49 
22 50 
22 51 
22 53 
22 54 
22 55 
22 56 
22 59 
23 27 
23 30 
23 33 
23 37 
23 42 
23 46 
23 48 
23 49 
23 53 
23 54 
23 55 
23 56 
23 57 
23 58 
23 60 
24 27 
24 35 
24 36 
24 37 
24 38 
24 40 
24 44 
24 45 
24 48 
24 51 
24 52 
24 54 
24 57 
24 60 
25 26 
25 27 
25 30 
25 31 
25 35 
25 37 
25 38 
25 41 
25 44 
25 46 
25 49 
25 51 
25 52 
25 54 
25 55 
25 57 
25 58 
25 60 
26 27 
26 31 
26 34 
26 35 
26 37 
26 38 
26 40 
26 41 
26 43 
26 44 
26 45 
26 46 
26 47 
26 48 
26 49 
26 50 
26 53 
26 54 
26 58 
26 60 
27 28 
27 29 
27 30 
27 31 
27 36 
27 37 
27 46 
27 48 
27 49 
27 51 
27 52 
27 53 
27 55 
27 56 
27 59 
28 29 
28 30 
28 32 
28 33 
28 35 
28 38 
28 39 
28 40 
28 41 
28 42 
28 44 
28 48 
28 57 
29 30 
29 33 
29 34 
29 36 
29 37 
29 39 
29 47 
29 48 
29 49 
29 51 
29 56 
29 57 
29 60 
30 31 
30 34 
30 37 
30 39 
30 41 
30 42 
30 43 
30 46 
30 48 
30 52 
30 53 
30 54 
30 60 
31 32 
31 34 
31 36 
31 41 
31 43 
31 44 
31 46 
31 47 
31 48 
31 49 
31 52 
31 53 
31 54 
31 55 
31 57 
31 58 
31 60 
32 35 
32 36 
32 40 
32 41 
32 43 
32 45 
32 46 
32 49 
32 50 
32 52 
32 53 
32 57 
32 58 
32 59 
33 36 
33 37 
33 40 
33 41 
33 42 
33 43 
33 44 
33 49 
33 50 
33 52 
33 53 
33 56 
33 58 
33 60 
34 36 
34 38 
34 39 
34 42 
34 43 
34 45 
34 47 
34 48 
34 49 
34 51 
34 54 
34 55 
34 59 
34 60 
35 36 
35 37 
35 40 
35 42 
35 43 
35 44 
35 45 
35 46 
35 48 
35 53 
35 54 
35 55 
35 57 
35 58 
36 37 
36 39 
36 42 
36 45 
36 46 
36 48 
36 49 
36 51 
36 53 
36 54 
36 55 
36 56 
36 57 
36 58 
36 59 
37 41 
37 42 
37 47 
37 48 
37 52 
37 57 
37 58 
37 59 
37 60 
38 39 
38 45 
38 46 
38 47 
38 48 
38 53 
38 54 
38 56 
38 60 
39 42 
39 43 
39 45 
39 46 
39 50 
39 52 
39 54 
39 57 
39 58 
39 59 
40 41 
40 43 
40 48 
40 49 
40 50 
40 51 
40 53 
40 54 
40 59 
40 60 
41 42 
41 43 
41 44 
41 51 
41 53 
41 54 
41 55 
42 43 
42 46 
42 49 
42 51 
42 54 
42 55 
42 60 
43 49 
43 51 
43 52 
43 53 
43 54 
43 57 
43 59 
43 60 
44 45 
44 46 
44 47 
44 50 
44 53 
44 55 
44 57 
44 58 
44 60 
45 46 
45 48 
45 50 
45 52 
45 57 
45 60 
46 47 
46 48 
46 49 
46 51 
46 57 
46 58 
46 59 
47 48 
47 50 
47 51 
47 52 
47 53 
47 54 
47 55 
47 57 
47 58 
47 59 
47 60 
48 50 
48 54 
48 56 
48 59 
49 51 
49 52 
49 54 
49 55 
49 56 
49 59 
50 54 
50 55 
50 60 
51 52 
51 53 
51 57 
51 59 
51 60 
52 54 
52 55 
52 57 
52 59 
53 55 
53 56 
53 58 
53 59 
53 60 
54 56 
54 57 
54 59 
55 60 
56 57 
56 58 
56 59 
57 60 
58 60 
