nNodes=100;
 nPairs=1456;
Cost=

101  0  0  0  101  101  0  0  0  0  101  101  0  0  101  101  0  0  0  0  101  101  0  101  101  101  0  0  0  101  0  0  101  0  0  101  0  0  0  101  101  0  0  0  101  0  101  101  0  0  0  0  101  0  0  0  0  0  0  101  0  0  0  0  101  0  0  0  0  0  0  0  101  0  0  0  101  101  101  101  0  101  101  0  0  0  0  0  101  0  0  101  0  0  101  0  0  101  101  101  

0  101  0  0  101  0  0  0  0  0  0  0  0  0  0  0  0  101  0  0  0  0  0  0  0  0  0  0  101  0  0  0  0  101  101  0  0  0  0  101  0  0  0  0  0  0  0  0  0  101  0  0  0  0  0  0  0  101  0  0  0  0  101  0  0  101  0  101  0  0  101  0  0  101  0  0  0  0  101  0  101  0  0  0  0  0  0  101  0  0  0  0  0  0  0  101  0  0  0  0  

0  0  101  101  0  0  0  0  101  0  0  0  0  0  0  101  0  0  101  0  101  101  0  0  0  0  0  101  0  0  0  0  0  101  0  0  101  101  101  101  0  0  0  0  0  101  101  0  101  0  101  0  0  0  0  0  0  0  0  0  101  101  101  101  0  0  0  0  0  0  101  101  0  0  0  0  0  0  0  101  0  101  0  101  101  0  0  101  0  0  0  101  101  0  0  0  0  0  101  0  

0  0  101  101  101  0  0  0  0  0  0  0  101  0  101  101  101  0  0  0  0  0  101  0  101  0  101  101  0  0  0  101  0  101  0  0  0  0  101  0  101  0  0  0  0  0  0  0  101  0  0  0  101  0  0  0  0  101  101  0  0  0  0  101  0  0  0  0  101  101  0  101  0  0  101  0  0  0  0  0  101  101  0  0  0  0  0  0  0  0  101  0  0  0  101  0  101  101  0  0  

101  101  0  101  101  0  0  101  0  0  0  101  0  101  0  0  0  0  101  101  0  0  0  0  101  0  0  101  0  101  0  0  0  101  101  101  0  101  0  0  0  0  0  0  0  0  0  101  0  0  101  101  0  0  101  0  0  101  101  101  0  101  0  0  101  101  101  0  0  0  0  0  0  101  0  0  101  0  0  101  0  0  0  0  0  0  0  0  0  0  101  0  101  0  101  0  0  0  0  0  

101  0  0  0  0  101  0  0  0  101  0  101  0  101  0  101  0  0  0  101  0  0  0  101  101  0  0  0  0  0  0  0  101  0  0  0  101  0  0  0  0  101  0  0  0  0  0  0  0  0  101  101  0  101  0  0  101  101  101  0  101  0  0  0  101  0  0  101  0  101  101  0  0  0  0  0  0  0  101  101  0  0  101  0  0  101  0  0  0  101  101  101  0  101  0  0  101  0  0  0  

0  0  0  0  0  0  101  101  0  0  0  101  0  0  0  101  0  101  101  101  0  0  0  0  0  0  0  101  101  101  0  0  0  0  0  101  0  0  0  0  0  0  0  0  101  0  101  101  0  101  0  0  101  0  101  0  101  0  0  0  0  0  0  0  0  101  0  0  101  101  0  0  101  0  0  101  0  0  0  101  0  101  0  0  101  101  0  0  101  101  101  0  0  101  0  0  0  0  101  0  

0  0  0  0  101  0  101  101  101  0  0  0  0  0  0  0  101  0  0  101  101  101  0  0  0  101  0  101  101  0  0  0  0  0  101  0  0  101  0  101  0  0  101  0  0  0  0  0  101  101  0  0  0  0  0  101  0  0  101  101  0  0  0  0  0  0  0  0  0  0  101  0  0  0  0  0  0  101  101  0  0  0  101  101  0  0  0  0  0  0  0  0  0  101  0  101  0  0  0  0  

0  0  101  0  0  0  0  101  101  0  101  101  0  101  101  0  0  101  0  0  101  0  101  0  0  0  0  101  0  0  0  0  101  0  0  0  0  0  0  0  101  0  0  101  101  0  0  101  0  0  0  0  0  0  0  0  0  0  101  0  0  0  0  0  0  0  0  101  0  101  101  0  101  101  101  0  0  0  0  101  0  0  101  0  0  0  101  0  0  101  0  0  0  0  0  0  0  0  101  0  

0  0  0  0  0  101  0  0  0  101  0  0  101  101  0  0  0  101  0  0  0  0  0  101  101  0  101  0  0  101  101  0  101  0  0  0  0  0  101  0  0  0  0  0  0  101  0  0  0  0  0  0  0  101  0  0  0  101  0  0  0  101  0  0  101  0  0  0  0  101  0  0  0  101  101  101  0  0  0  0  0  0  101  0  0  101  0  101  101  0  0  0  0  0  0  101  101  0  0  0  

101  0  0  0  0  0  0  0  101  0  101  101  0  0  0  0  0  0  101  0  0  0  101  0  101  101  101  0  0  0  0  101  101  0  101  0  0  101  0  0  101  0  0  101  0  0  0  101  0  101  101  0  101  0  0  0  101  0  0  0  0  0  0  0  0  101  0  101  0  0  101  0  0  0  101  0  101  101  0  0  0  101  0  0  0  101  0  0  0  101  0  101  101  0  0  0  0  0  0  101  

101  0  0  0  101  101  101  0  101  0  101  101  101  101  101  0  101  101  101  0  0  101  0  0  101  0  0  0  0  0  0  0  0  101  0  0  0  0  101  0  0  0  101  0  0  101  0  0  0  0  0  0  101  101  101  101  0  0  101  0  101  0  0  0  0  101  0  0  0  0  101  0  101  0  101  101  0  101  0  0  0  0  101  101  0  101  0  0  0  0  0  101  0  0  101  0  101  0  0  101  

0  0  0  101  0  0  0  0  0  101  0  101  101  101  101  0  0  0  0  0  0  0  0  101  101  101  0  101  0  0  101  0  101  0  0  0  101  101  0  0  0  0  0  0  0  0  0  0  0  0  0  0  0  0  0  101  0  0  0  0  101  0  0  101  0  0  101  0  0  0  0  0  101  0  0  0  0  0  101  0  101  0  0  0  0  0  101  0  0  101  0  101  0  0  101  101  0  101  0  0  

0  0  0  0  101  101  0  0  101  101  0  101  101  101  101  101  0  0  101  0  101  0  0  0  101  0  0  101  0  0  0  0  0  0  0  0  0  0  0  101  0  0  0  0  0  0  0  101  0  0  0  0  0  0  0  0  0  0  0  0  0  0  0  0  0  0  0  0  0  0  101  101  0  0  0  0  101  0  101  0  0  0  101  0  0  101  101  0  0  0  0  0  0  101  0  0  0  0  0  0  

101  0  0  101  0  0  0  0  101  0  0  101  101  101  101  0  101  0  0  0  0  101  0  0  101  0  101  0  0  0  0  101  0  101  0  0  0  101  101  101  0  0  0  0  0  101  0  0  0  0  101  0  0  0  0  101  101  0  0  0  0  0  0  0  0  101  0  0  0  101  101  101  101  0  0  0  0  0  0  101  0  101  0  0  0  101  0  101  0  0  0  0  101  0  101  101  101  0  101  101  

101  0  101  101  0  101  101  0  0  0  0  0  0  101  0  101  101  0  101  0  0  0  101  0  0  0  0  0  0  101  0  101  101  0  0  0  101  0  101  0  0  0  101  0  0  0  0  0  0  0  0  0  0  0  101  0  0  0  0  0  0  0  101  0  101  0  0  101  0  0  0  0  0  0  101  101  101  0  101  0  101  0  0  101  101  0  0  101  0  0  101  101  0  101  0  0  0  0  101  0  

0  0  0  101  0  0  0  101  0  0  0  101  0  0  101  101  101  101  0  0  101  0  0  0  101  101  0  0  0  0  0  101  0  0  101  0  0  0  101  0  0  0  0  0  0  0  0  0  101  0  101  101  0  101  0  0  101  0  0  0  101  0  101  0  0  0  0  101  101  0  0  101  101  101  0  101  101  0  0  0  0  0  0  0  0  0  0  0  101  0  101  0  0  0  101  101  0  0  0  0  

0  101  0  0  0  0  101  0  101  101  0  101  0  0  0  0  101  101  0  101  0  0  0  0  0  0  0  0  101  0  101  0  101  0  0  0  0  0  0  0  101  0  0  101  0  0  0  101  0  0  0  0  0  0  0  0  0  0  0  0  0  101  0  0  101  0  0  0  0  101  0  0  0  101  0  101  0  0  0  0  101  0  0  101  0  0  0  0  0  101  0  101  0  101  101  0  0  101  0  101  

0  0  101  0  101  0  101  0  0  0  101  101  0  101  0  101  0  0  101  101  0  0  0  0  0  0  101  0  101  0  101  0  0  0  0  0  0  101  0  0  0  0  0  101  0  101  101  101  0  0  101  0  101  0  101  0  101  0  0  0  0  101  0  101  0  101  0  101  0  101  0  0  101  0  0  101  0  0  0  101  0  0  0  101  101  0  0  0  0  0  101  101  0  101  101  0  101  0  101  0  

0  0  0  0  101  101  101  101  0  0  0  0  0  0  0  0  0  101  101  101  101  0  0  0  0  0  101  0  101  0  0  0  101  101  0  0  101  0  101  0  0  101  0  0  0  101  101  0  101  0  0  0  0  101  0  101  0  0  101  0  0  101  0  101  101  0  0  0  101  0  101  101  101  0  0  101  0  0  0  101  101  0  0  0  0  0  0  0  0  0  0  0  101  0  0  0  101  0  0  0  

101  0  101  0  0  0  0  101  101  0  0  0  0  101  0  0  101  0  0  101  101  0  0  0  101  101  0  0  0  0  101  0  0  101  0  101  0  0  101  0  0  101  101  0  101  0  0  101  101  0  101  0  101  0  101  0  0  0  0  0  0  0  101  0  0  0  0  0  101  0  0  0  0  0  101  0  101  0  0  0  101  0  0  0  0  0  0  0  0  0  0  0  101  0  0  0  0  0  0  0  

101  0  101  0  0  0  0  101  0  0  0  101  0  0  101  0  0  0  0  0  0  101  101  101  0  0  0  101  0  101  0  101  0  101  0  0  0  101  101  101  0  0  0  101  0  0  0  0  0  0  0  0  0  0  101  0  0  0  0  101  101  0  101  0  0  0  0  0  0  0  0  101  0  0  0  0  0  0  0  0  0  0  0  101  0  0  0  0  0  0  0  0  101  0  101  0  0  0  101  0  

0  0  0  101  0  0  0  0  101  0  101  0  0  0  0  101  0  0  0  0  0  101  101  101  0  101  0  101  101  101  101  0  0  101  0  0  0  0  0  101  0  0  0  0  0  101  0  0  0  0  0  0  0  101  0  0  101  0  101  101  0  0  0  101  0  0  101  0  0  0  0  101  0  0  0  101  101  0  0  0  0  0  101  0  0  101  0  0  101  0  0  101  0  101  101  0  0  0  0  0  

101  0  0  0  0  101  0  0  0  101  0  0  101  0  0  0  0  0  0  0  0  101  101  101  0  0  0  0  0  101  0  0  0  0  101  0  101  101  101  0  0  0  0  0  0  0  101  101  101  101  0  0  0  0  0  0  101  101  101  0  101  101  0  0  101  101  0  101  101  101  0  0  0  0  101  0  0  101  101  0  0  101  0  0  0  0  0  101  0  0  0  0  0  0  0  0  0  101  0  0  

101  0  0  101  101  101  0  0  0  101  101  101  101  101  101  0  101  0  0  0  101  0  0  0  101  0  101  101  0  0  101  0  0  0  101  0  0  101  101  0  101  101  0  101  0  0  0  101  0  101  0  0  0  0  0  0  0  0  0  0  0  0  0  0  0  0  101  0  0  101  0  0  101  101  0  0  101  0  0  0  0  0  0  0  101  0  0  0  101  0  0  0  0  0  0  0  0  0  0  101  

101  0  0  0  0  0  0  101  0  0  101  0  101  0  0  0  101  0  0  0  101  0  101  0  0  101  0  101  101  0  0  101  0  101  0  0  101  101  0  0  0  0  0  101  0  101  101  101  101  101  101  0  0  0  0  101  101  0  0  0  0  0  101  0  0  0  0  0  0  0  0  0  101  0  101  0  101  0  0  101  101  0  0  0  0  0  0  101  0  0  0  0  0  0  0  101  101  0  0  101  

0  0  0  101  0  0  0  0  0  101  101  0  0  0  101  0  0  0  101  101  0  0  0  0  101  0  101  0  101  0  101  101  0  0  0  101  101  101  0  0  0  0  101  0  101  101  0  0  0  101  101  0  0  101  0  0  101  0  0  0  101  101  101  0  0  101  0  0  0  0  0  101  0  0  0  0  0  0  0  101  101  101  0  0  0  0  101  101  101  0  0  101  0  0  101  0  0  101  0  0  

0  0  101  101  101  0  101  101  101  0  0  0  101  101  0  0  0  0  0  0  0  101  101  0  101  101  0  101  0  0  0  0  101  101  0  0  101  0  0  0  0  101  0  0  0  0  0  0  0  0  0  0  0  101  0  101  0  101  0  0  0  101  0  0  0  0  0  0  0  0  0  101  0  0  0  0  0  0  0  0  101  0  0  101  101  0  101  0  101  0  0  0  0  0  0  0  0  101  0  0  

0  101  0  0  0  0  101  101  0  0  0  0  0  0  0  0  0  101  101  101  0  0  101  0  0  101  101  0  101  0  0  101  101  0  101  0  101  101  0  0  0  0  0  0  101  101  0  0  0  0  0  0  101  101  0  0  0  0  0  0  0  0  101  0  0  101  0  0  101  101  0  101  0  0  0  0  0  0  0  101  0  0  101  101  0  0  0  0  0  0  0  0  0  0  0  101  0  101  0  0  

101  0  0  0  101  0  101  0  0  101  0  0  0  0  0  101  0  0  0  0  0  101  101  101  0  0  0  0  0  101  0  0  0  0  0  0  0  0  101  0  0  0  0  0  0  0  0  0  101  101  0  0  0  0  101  0  0  0  0  0  0  101  0  101  0  0  0  101  0  0  0  101  0  101  0  0  101  0  0  101  101  0  101  101  0  0  0  0  0  101  101  0  0  0  0  101  0  0  0  0  

0  0  0  0  0  0  0  0  0  101  0  0  101  0  0  0  0  101  101  0  101  0  101  0  101  0  101  0  0  0  101  101  0  0  0  0  101  0  0  0  0  0  101  101  0  0  0  101  0  0  101  101  0  0  101  0  101  0  0  0  0  0  101  101  101  101  0  0  0  101  0  0  101  0  0  101  0  0  0  101  0  0  0  0  101  0  0  0  0  0  0  0  0  0  0  0  0  0  101  101  

0  0  0  101  0  0  0  0  0  0  101  0  0  0  101  101  101  0  0  0  0  101  0  0  0  101  101  0  101  0  101  101  101  101  101  101  0  101  0  101  0  0  0  0  0  101  0  0  0  0  101  0  101  0  0  101  101  101  0  0  0  0  0  0  101  0  0  0  101  0  101  0  0  101  0  0  101  0  101  0  101  0  101  0  0  0  0  0  0  0  101  0  0  0  101  101  0  101  101  0  

101  0  0  0  0  101  0  0  101  101  101  0  101  0  0  101  0  101  0  101  0  0  0  0  0  0  0  101  101  0  0  101  101  101  0  0  0  0  0  101  0  0  0  0  0  0  0  0  0  0  0  101  101  0  0  0  0  101  101  0  0  101  101  101  0  0  101  0  0  101  0  0  0  0  0  0  0  101  0  0  101  0  0  0  0  0  0  101  0  0  0  101  101  101  101  101  0  101  0  101  

0  101  101  101  101  0  0  0  0  0  0  101  0  0  101  0  0  0  0  101  101  101  101  0  0  101  0  101  0  0  0  101  101  101  0  101  0  0  101  0  101  0  101  101  101  101  0  0  0  0  0  101  0  0  0  0  0  0  0  101  101  0  101  0  0  101  0  0  0  101  101  101  0  0  0  0  101  0  0  0  0  0  0  101  0  0  0  0  0  0  0  101  0  101  101  0  101  0  0  0  

0  101  0  0  101  0  0  101  0  0  101  0  0  0  0  0  101  0  0  0  0  0  0  101  101  0  0  0  101  0  0  101  0  0  101  0  0  0  0  0  0  0  101  101  0  0  0  0  0  0  0  0  0  0  0  101  101  0  101  0  0  101  0  101  0  0  0  0  0  101  0  0  0  0  0  101  101  101  0  0  101  0  101  0  0  0  101  0  0  0  101  101  101  101  0  0  0  101  0  0  

101  0  0  0  101  0  101  0  0  0  0  0  0  0  0  0  0  0  0  0  101  0  0  0  0  0  101  0  0  0  0  101  0  101  0  101  0  0  0  0  0  0  101  0  0  0  0  0  0  0  0  0  101  101  101  0  101  101  101  0  0  101  101  101  0  101  101  101  101  0  101  0  0  0  0  101  101  0  0  0  101  0  0  0  0  0  101  0  101  101  0  0  0  0  0  0  0  0  101  101  

0  0  101  0  0  101  0  0  0  0  0  0  101  0  0  101  0  0  0  101  0  0  0  101  0  101  101  101  101  0  101  0  0  0  0  0  101  0  101  101  0  101  0  101  0  0  101  0  0  101  0  101  101  0  0  0  101  0  0  0  0  0  101  0  0  0  0  101  0  0  101  0  101  0  0  0  101  0  0  0  0  0  0  0  0  0  0  0  0  101  101  0  0  0  0  0  101  0  101  0  

0  0  101  0  101  0  0  101  0  0  101  0  101  0  101  0  0  0  101  0  0  101  0  101  101  101  101  0  101  0  0  101  0  0  0  0  0  101  0  0  0  0  0  0  0  101  0  101  0  0  101  101  0  0  101  0  101  101  0  101  0  101  0  101  0  0  0  0  0  0  0  0  0  101  101  101  101  0  101  0  0  0  0  0  0  0  101  101  0  0  101  0  0  101  0  0  0  0  101  0  

0  0  101  101  0  0  0  0  0  101  0  101  0  0  101  101  101  0  0  101  101  101  0  101  101  0  0  0  0  101  0  0  0  101  0  0  101  0  101  0  0  0  0  101  0  0  0  101  0  0  101  101  101  0  0  101  0  0  0  0  0  0  101  0  0  0  0  0  0  0  0  101  0  0  0  0  101  101  101  101  0  0  0  0  101  0  0  0  0  0  101  101  0  0  0  0  0  0  101  0  

101  101  101  0  0  0  0  101  0  0  0  0  0  101  101  0  0  0  0  0  0  101  101  0  0  0  0  0  0  0  0  101  101  0  0  0  101  0  0  101  0  0  0  101  0  0  101  0  0  101  101  0  101  0  101  0  0  0  0  101  0  101  101  101  0  0  0  0  101  0  101  0  101  0  0  0  0  0  0  0  0  0  101  0  0  101  0  0  0  0  0  0  0  0  0  101  0  0  0  0  

101  0  0  101  0  0  0  0  101  0  101  0  0  0  0  0  0  101  0  0  0  0  0  0  101  0  0  0  0  0  0  0  0  101  0  0  0  0  0  0  101  101  101  0  0  0  0  0  0  0  101  101  101  101  101  0  0  0  0  0  0  0  0  0  0  0  0  0  0  0  0  101  101  101  0  0  0  0  101  0  0  0  0  0  101  0  0  0  101  0  101  0  101  101  0  101  0  101  0  0  

0  0  0  0  0  101  0  0  0  0  0  0  0  0  0  0  0  0  0  101  101  0  0  0  101  0  0  101  0  0  0  0  0  0  0  0  101  0  0  0  101  101  0  0  0  101  101  101  0  101  0  101  0  0  0  0  0  101  0  0  0  0  0  0  101  101  0  0  101  0  0  0  0  0  0  101  0  101  0  0  101  0  101  0  0  0  0  0  0  101  101  0  0  101  0  101  101  0  0  0  

0  0  0  0  0  0  0  101  0  0  0  101  0  0  0  101  0  0  0  0  101  0  0  0  0  0  101  0  0  0  101  0  0  101  101  101  0  0  0  0  101  0  101  0  0  0  101  101  101  101  101  0  0  101  0  0  0  0  101  0  0  0  101  0  101  101  0  0  0  0  0  0  0  101  0  101  0  0  101  0  0  0  0  101  101  0  101  0  0  0  101  101  0  0  0  0  101  0  0  0  

0  0  0  0  0  0  0  0  101  0  101  0  0  0  0  0  0  101  101  0  0  101  0  0  101  101  0  0  0  0  101  0  0  101  101  0  101  0  101  101  0  0  0  101  0  101  0  101  0  0  0  0  0  0  0  0  101  101  0  0  0  101  101  101  101  0  101  0  0  0  0  0  101  0  101  0  0  101  0  0  0  0  101  101  101  101  0  0  101  0  101  0  0  0  0  0  0  0  0  0  

101  0  0  0  0  0  101  0  101  0  0  0  0  0  0  0  0  0  0  0  101  0  0  0  0  0  101  0  101  0  0  0  0  101  0  0  0  0  0  0  0  0  0  0  101  0  0  0  0  101  101  0  101  0  0  0  0  0  0  0  0  0  101  0  101  0  0  0  0  0  0  0  0  101  101  0  101  101  101  0  0  0  0  0  101  0  0  101  0  0  0  0  101  101  0  0  0  0  0  0  

0  0  101  0  0  0  0  0  0  101  0  101  0  0  101  0  0  0  101  101  0  0  101  0  0  101  101  0  101  0  0  101  0  101  0  0  0  101  0  0  0  101  0  101  0  101  0  101  0  0  0  101  0  101  101  101  0  0  101  0  101  0  0  0  0  0  0  101  0  0  0  0  0  0  0  0  101  101  101  0  0  0  0  0  0  0  0  0  0  0  0  0  101  101  101  0  0  0  0  0  

101  0  101  0  0  0  101  0  0  0  0  0  0  0  0  0  0  0  101  101  0  0  0  101  0  101  0  0  0  0  0  0  0  0  0  0  101  0  0  101  0  101  101  0  0  0  101  0  0  0  0  0  101  0  101  0  0  101  101  0  0  101  101  0  0  0  0  0  0  101  0  0  0  0  0  0  0  0  101  0  101  0  0  0  101  0  0  0  0  101  101  0  0  0  101  0  0  0  0  101  

101  0  0  0  101  0  101  0  101  0  101  0  0  101  0  0  0  101  101  0  101  0  0  101  101  101  0  0  0  0  101  0  0  0  0  0  0  101  101  0  0  101  101  101  0  101  0  101  0  101  0  0  0  0  0  0  0  0  0  0  101  101  0  0  0  101  0  0  0  0  0  101  0  0  0  0  0  101  0  0  0  0  0  101  0  101  0  0  0  0  0  0  0  101  101  0  0  0  0  0  

0  0  101  101  0  0  0  101  0  0  0  0  0  0  0  0  101  0  0  101  101  0  0  101  0  101  0  0  0  101  0  0  0  0  0  0  0  0  0  0  0  0  101  0  0  0  0  0  101  0  0  0  0  0  0  101  0  0  0  101  101  101  0  101  0  0  101  0  101  0  0  0  0  0  0  0  0  101  0  0  101  0  0  0  0  0  0  101  101  0  0  0  0  0  0  101  101  101  0  0  

0  101  0  0  0  0  101  101  0  0  101  0  0  0  0  0  0  0  0  0  0  0  0  101  101  101  101  0  0  101  0  0  0  0  0  0  101  0  0  101  0  101  101  0  101  0  0  101  0  101  101  101  101  0  101  0  0  101  0  101  0  0  101  101  0  101  0  0  101  0  0  101  0  0  0  0  0  101  0  101  101  101  0  0  0  101  0  0  0  101  101  0  0  0  101  0  0  0  0  0  

0  0  101  0  101  101  0  0  0  0  101  0  0  0  101  0  101  0  101  0  101  0  0  0  0  101  101  0  0  0  101  101  0  0  0  0  0  101  101  101  101  0  101  0  101  0  0  0  0  101  101  0  101  0  0  0  0  0  101  0  0  0  0  0  0  0  0  0  101  101  101  101  0  0  101  0  0  0  0  101  0  101  0  101  0  101  0  101  101  0  0  0  0  0  101  0  0  0  0  0  

0  0  0  0  101  101  0  0  0  0  0  0  0  0  0  0  101  0  0  0  0  0  0  0  0  0  0  0  0  0  101  0  101  101  0  0  101  101  101  0  101  101  0  0  0  101  0  0  0  101  0  101  0  101  101  101  101  101  101  101  0  101  0  0  101  0  0  0  0  101  0  0  0  101  0  0  0  0  0  0  0  0  0  101  0  101  0  0  101  0  0  0  0  0  0  0  0  0  0  0  

101  0  0  101  0  0  101  0  0  0  101  101  0  0  0  0  0  0  101  0  101  0  0  0  0  0  0  0  101  0  0  101  101  0  0  101  101  0  101  101  101  0  0  0  101  0  101  0  0  101  101  0  101  0  101  0  0  0  0  0  0  101  0  101  101  101  0  101  101  0  101  0  0  0  0  0  0  101  0  101  0  101  101  0  101  0  0  0  0  101  0  0  0  0  0  101  101  0  0  0  

0  0  0  0  0  101  0  0  0  101  0  101  0  0  0  0  101  0  0  101  0  0  101  0  0  0  101  101  101  0  0  0  0  0  0  101  0  0  0  0  101  0  101  0  0  101  0  0  0  0  0  101  0  101  101  0  101  101  0  0  101  0  0  101  101  101  0  0  0  0  101  0  0  0  0  0  0  0  101  0  101  0  0  0  0  0  0  101  0  0  0  101  101  101  101  101  0  101  101  0  

0  0  0  0  101  0  101  0  0  0  0  101  0  0  0  101  0  0  101  0  101  101  0  0  0  0  0  0  0  101  101  0  0  0  0  101  0  101  0  101  101  0  0  0  0  101  101  0  0  101  0  101  101  101  101  0  0  101  101  0  101  0  0  0  101  101  101  0  101  0  101  0  0  0  0  0  0  0  0  0  0  0  0  101  101  0  0  0  101  0  0  0  0  0  0  0  101  101  0  0  

0  0  0  0  0  0  0  101  0  0  0  101  101  0  101  0  0  0  0  101  0  0  0  0  0  101  0  101  0  0  0  101  0  0  101  0  0  0  101  0  0  0  0  0  0  101  0  0  101  0  0  101  0  0  0  101  0  0  101  101  0  0  0  0  101  0  0  0  0  0  0  0  0  0  0  0  0  0  0  101  0  101  0  0  0  0  101  0  0  0  0  101  101  0  0  0  0  0  0  0  

0  0  0  0  0  101  101  0  0  0  101  0  0  0  101  0  101  0  101  0  0  0  101  101  0  101  101  0  0  0  101  101  0  0  101  101  101  101  0  0  0  0  0  101  0  0  0  0  0  0  0  101  0  101  0  0  101  0  0  0  0  0  101  0  0  0  0  101  101  101  101  0  101  0  0  0  101  0  0  101  0  101  0  0  0  0  0  0  0  0  0  101  101  0  0  0  101  0  0  101  

0  101  0  101  101  101  0  0  0  101  0  0  0  0  0  0  0  0  0  0  0  0  0  101  0  0  0  101  0  0  0  101  101  0  0  101  0  101  0  0  0  101  0  101  0  0  101  0  0  101  0  101  0  101  101  0  0  101  0  0  0  101  0  101  101  101  0  101  101  0  0  0  0  0  0  101  0  101  0  0  0  0  101  0  101  0  0  101  0  101  0  0  0  0  101  0  101  101  0  0  

0  0  0  101  101  101  0  101  101  0  0  101  0  0  0  0  0  0  0  101  0  0  101  101  0  0  0  0  0  0  0  0  101  0  101  101  0  0  0  0  0  0  101  0  0  101  101  0  0  0  101  101  0  0  101  101  0  0  101  0  0  0  101  0  0  0  101  101  0  0  0  101  0  0  0  0  0  0  0  0  0  0  0  101  101  101  0  101  0  0  0  0  0  0  101  101  0  0  0  101  

101  0  0  0  101  0  0  101  0  0  0  0  0  0  0  0  0  0  0  0  0  101  101  0  0  0  0  0  0  0  0  0  0  101  0  0  0  101  0  101  0  0  0  0  0  0  0  0  101  101  0  101  0  0  0  101  0  0  0  101  0  0  0  0  0  0  0  101  0  101  0  0  0  0  0  101  101  101  0  0  0  0  101  0  0  101  101  0  0  101  101  0  0  0  101  0  0  0  0  101  

0  0  101  0  0  101  0  0  0  0  0  101  101  0  0  0  101  0  0  0  0  101  0  101  0  0  101  0  0  0  0  0  0  101  0  0  0  0  0  0  0  0  0  0  0  101  0  101  101  0  0  0  0  101  101  0  0  0  0  0  101  101  101  101  101  0  0  0  0  0  101  0  101  0  0  0  101  0  101  0  101  101  0  0  101  101  0  0  0  0  0  101  0  101  101  0  101  0  0  0  

0  0  101  0  101  0  0  0  0  101  0  0  0  0  0  0  0  101  101  101  0  0  0  101  0  0  101  101  0  101  0  0  101  0  101  101  0  101  0  101  0  0  0  101  0  0  101  101  101  0  0  101  101  0  0  0  0  101  0  0  101  101  101  0  0  0  0  0  101  0  101  0  0  101  0  0  101  0  0  101  101  101  0  0  0  0  0  101  0  0  101  0  0  0  0  101  101  0  101  0  

0  101  101  0  0  0  0  0  0  0  0  0  0  0  0  101  101  0  0  0  101  101  0  0  0  101  101  0  101  0  101  0  101  101  0  101  101  0  101  101  0  0  101  101  101  0  101  0  0  101  0  0  0  0  0  0  101  0  101  0  101  101  101  0  0  0  0  0  0  101  0  101  0  101  0  101  0  101  0  0  0  0  0  0  0  0  0  0  101  0  0  0  0  0  0  0  0  101  0  101  

0  0  101  101  0  0  0  0  0  0  0  0  101  0  0  0  0  0  101  101  0  0  101  0  0  0  0  0  0  101  101  0  101  0  101  101  0  101  0  101  0  0  0  101  0  0  0  0  101  101  0  0  101  101  0  0  0  101  0  0  101  0  0  101  101  0  0  101  0  0  0  101  0  101  101  0  101  0  0  101  0  101  0  0  101  101  0  0  0  101  0  0  0  0  0  0  101  0  0  101  

101  0  0  0  101  101  0  0  0  101  0  0  0  0  0  101  0  101  0  101  0  0  0  101  0  0  0  0  0  0  101  101  0  0  0  0  0  0  0  0  0  101  101  101  101  0  0  0  0  0  0  101  101  101  101  101  0  101  0  0  101  0  0  101  101  0  0  0  101  0  0  0  0  101  0  0  101  0  0  101  101  0  101  101  0  0  0  0  101  0  0  101  0  101  0  0  0  101  0  101  

0  101  0  0  101  0  101  0  0  0  101  101  0  0  101  0  0  0  101  0  0  0  0  101  0  0  101  0  101  0  101  0  0  101  0  101  0  0  0  0  0  101  101  0  0  0  0  101  0  101  0  0  101  101  101  0  0  101  0  0  0  0  0  0  0  101  0  0  0  0  0  101  0  0  101  101  0  101  0  101  101  0  0  0  101  0  101  0  0  101  0  0  0  0  0  101  101  101  0  101  

0  0  0  0  101  0  0  0  0  0  0  0  101  0  0  0  0  0  0  0  0  0  101  0  101  0  0  0  0  0  0  0  101  0  0  101  0  0  0  0  0  0  0  101  0  0  0  0  101  0  0  0  0  0  101  0  0  0  101  0  0  0  0  0  0  0  101  0  0  101  101  101  0  0  0  101  0  0  0  0  0  0  0  0  0  0  0  0  0  101  0  0  101  0  101  0  0  101  101  101  

0  101  0  0  0  101  0  0  101  0  101  0  0  0  0  101  101  0  101  0  0  0  0  101  0  0  0  0  0  101  0  0  0  0  0  101  101  0  0  0  0  0  0  0  0  101  0  0  0  0  0  0  101  0  0  0  101  101  101  101  0  0  0  101  0  0  0  101  0  0  101  101  0  0  101  101  0  0  0  0  101  0  101  0  0  0  0  0  0  0  0  0  0  0  0  0  0  0  0  0  

0  0  0  101  0  0  101  0  0  0  0  0  0  0  0  0  101  0  0  101  101  0  0  101  0  0  0  0  101  0  0  101  0  0  0  101  0  0  0  101  0  101  0  0  0  0  0  0  101  101  101  0  101  0  101  0  101  101  0  0  0  101  0  0  101  0  0  0  101  101  0  101  101  0  0  0  101  0  101  101  0  0  0  0  0  101  101  0  0  0  0  101  0  0  0  101  101  0  0  0  

0  0  0  101  0  101  101  0  101  101  0  0  0  0  101  0  0  101  101  0  0  0  0  101  101  0  0  0  101  0  101  0  101  101  101  0  0  0  0  0  0  0  0  0  0  0  101  0  0  0  101  101  0  0  0  0  101  0  0  101  0  0  101  0  0  0  101  0  101  101  101  0  0  101  101  101  0  0  101  0  101  101  0  0  0  0  0  0  0  0  0  0  101  0  0  101  0  101  0  0  

0  101  101  0  0  101  0  101  101  0  101  101  0  101  101  0  0  0  0  101  0  0  0  0  0  0  0  0  0  0  0  101  0  101  0  101  101  0  0  101  0  0  0  0  0  0  0  0  0  0  101  0  101  101  101  0  101  0  0  0  101  101  0  0  0  0  101  101  0  101  101  0  0  0  0  0  0  101  101  101  101  0  0  0  0  0  0  101  0  101  0  101  0  101  0  0  0  0  0  101  

0  0  101  101  0  0  0  0  0  0  0  0  0  101  101  0  101  0  0  101  0  101  101  0  0  0  101  101  101  101  0  0  0  101  0  0  0  0  101  0  101  0  0  0  0  0  0  101  0  101  101  0  0  0  0  0  0  0  101  0  0  0  101  101  0  101  101  101  101  0  0  101  0  0  0  101  0  101  0  0  0  101  101  0  101  0  0  101  0  101  101  0  0  0  0  0  101  101  0  0  

101  0  0  0  0  0  101  0  101  0  0  101  101  0  101  0  101  0  101  101  0  0  0  0  101  101  0  0  0  0  101  0  0  0  0  0  101  0  0  101  101  0  0  101  0  0  0  0  0  0  0  0  0  0  0  0  101  0  0  0  101  0  0  0  0  0  0  0  101  0  0  0  101  0  101  0  0  0  101  101  0  0  101  0  0  0  101  0  0  0  0  0  0  101  101  101  0  101  0  0  

0  101  0  0  101  0  0  0  101  101  0  0  0  0  0  0  101  101  0  0  0  0  0  0  101  0  0  0  0  101  0  101  0  0  0  0  0  101  0  0  101  0  101  0  101  0  0  0  0  0  0  101  0  0  0  0  0  0  0  0  0  101  101  101  101  0  0  0  0  101  0  0  0  101  0  0  0  101  0  101  0  0  0  0  0  0  0  0  0  101  101  0  0  0  0  0  0  101  0  0  

0  0  0  101  0  0  0  0  101  101  101  101  0  0  0  101  0  0  0  0  101  0  0  101  0  101  0  0  0  0  0  0  0  0  0  0  0  101  0  0  0  0  0  101  101  0  0  0  0  0  101  0  0  0  0  0  0  0  0  0  0  0  0  101  0  101  0  101  0  101  0  0  101  0  101  0  101  0  0  101  0  0  101  101  0  0  0  0  0  0  101  101  0  0  101  0  0  0  0  0  

0  0  0  0  0  0  101  0  0  101  0  101  0  0  0  101  101  101  101  101  0  0  101  0  0  0  0  0  0  0  101  0  0  0  101  101  0  101  0  0  0  101  101  0  0  0  0  0  0  0  0  0  0  0  0  0  0  101  0  101  0  0  101  0  0  101  101  101  0  101  0  101  0  0  0  101  101  0  0  0  0  0  0  0  0  0  0  0  0  0  101  0  0  0  101  0  101  0  0  0  

101  0  0  0  101  0  0  0  0  0  101  0  0  101  0  101  101  0  0  0  101  0  101  0  101  101  0  0  0  101  0  101  0  101  101  101  101  101  101  0  0  0  0  0  101  101  0  0  0  0  0  0  0  0  0  0  101  0  0  101  101  101  0  101  101  0  0  0  101  0  0  0  0  0  101  101  101  0  0  0  101  0  0  0  0  0  0  101  0  0  0  0  0  0  0  101  0  0  0  0  

101  0  0  0  0  0  0  101  0  0  101  101  0  0  0  0  0  0  0  0  0  0  0  101  0  0  0  0  0  0  0  0  101  0  101  0  0  0  101  0  0  101  0  101  101  101  0  101  101  101  0  0  101  0  0  0  0  101  0  101  0  0  101  0  0  101  0  0  0  0  101  101  0  101  0  0  0  101  101  101  0  0  0  101  0  101  0  0  0  101  0  0  101  0  0  0  101  0  0  0  

101  101  0  0  0  101  0  101  0  0  0  0  101  101  0  101  0  0  0  0  0  0  0  101  0  0  0  0  0  0  0  101  0  0  0  0  0  101  101  0  101  0  101  0  101  101  101  0  0  0  0  0  0  101  0  0  0  0  0  0  101  0  0  0  0  0  0  0  101  101  101  0  101  0  0  0  0  101  101  0  0  101  0  0  0  0  0  0  0  0  0  0  101  0  0  0  0  0  0  0  

101  0  101  0  101  101  101  0  101  0  0  0  0  0  101  0  0  0  101  101  0  0  0  0  0  101  101  0  101  101  101  0  0  0  0  0  0  0  101  0  0  0  0  0  0  0  0  0  0  101  101  0  101  0  0  101  101  0  0  0  0  101  0  101  101  101  0  0  101  0  101  0  101  101  101  0  0  101  0  101  101  0  101  0  0  101  101  0  101  0  0  0  0  0  0  0  0  0  0  0  

0  101  0  101  0  0  0  0  0  0  0  0  101  0  0  101  0  101  0  101  101  0  0  0  0  101  101  101  0  101  0  101  101  0  101  101  0  0  0  0  0  101  0  0  0  0  101  0  101  101  0  0  0  101  0  0  0  0  0  0  101  101  0  0  101  101  0  101  0  101  101  0  0  0  0  0  101  0  0  101  101  0  101  0  0  0  0  101  0  101  0  0  0  0  0  0  101  101  0  0  

101  0  101  101  0  0  101  0  0  0  101  0  0  0  101  0  0  0  0  0  0  0  0  101  0  0  101  0  0  0  0  0  0  0  0  0  0  0  0  0  0  0  0  0  0  0  0  0  0  101  101  0  101  0  0  101  101  0  0  0  101  101  0  101  0  0  0  0  0  101  0  101  0  0  0  0  0  0  101  0  0  101  101  0  0  0  101  101  101  101  101  0  101  0  0  0  0  0  0  0  

101  0  0  0  0  101  0  101  101  101  0  101  0  101  0  0  0  0  0  0  0  0  101  0  0  0  0  0  101  101  0  101  0  0  101  0  0  0  0  101  0  101  0  101  0  0  0  0  0  0  0  0  101  0  0  0  0  101  0  101  0  0  0  0  101  0  0  101  0  0  0  101  101  0  101  0  0  0  0  101  101  101  101  0  0  0  0  0  0  0  101  0  0  0  0  0  101  101  0  0  

0  0  101  0  0  0  0  101  0  0  0  101  0  0  0  101  0  101  101  0  0  101  0  0  0  0  0  101  101  101  0  0  0  101  0  0  0  0  0  0  0  0  101  101  0  0  0  101  0  0  101  101  0  0  101  0  0  0  101  0  0  0  0  0  101  0  0  0  0  0  0  0  0  0  101  0  0  101  0  0  0  0  0  101  0  0  0  0  0  0  0  101  0  101  0  0  0  0  0  0  

0  0  101  0  0  0  101  0  0  0  0  0  0  0  0  101  0  0  101  0  0  0  0  0  101  0  0  101  0  0  101  0  0  0  0  0  0  0  101  0  101  0  101  101  101  0  101  0  0  0  0  0  101  0  101  0  0  101  101  0  101  0  0  101  0  101  0  0  0  0  0  101  0  0  0  0  0  0  0  0  0  0  0  0  101  101  0  0  0  101  101  0  0  0  101  101  101  0  0  0  

0  0  0  0  0  101  101  0  0  101  101  101  0  101  101  0  0  0  0  0  0  0  101  0  0  0  0  0  0  0  0  0  0  0  0  0  0  0  0  101  0  0  0  101  0  0  0  101  0  101  101  101  0  0  0  0  0  0  101  101  101  0  0  101  0  0  0  0  101  0  0  0  0  0  0  0  0  101  0  101  0  0  0  0  101  101  0  101  0  0  0  101  101  101  0  0  0  101  0  0  

0  0  0  0  0  0  0  0  101  0  0  0  101  101  0  0  0  0  0  0  0  0  0  0  0  0  101  101  0  0  0  0  0  0  101  101  0  101  0  0  0  0  101  0  0  0  0  0  0  0  0  0  0  0  0  101  0  0  0  101  0  0  0  0  0  101  0  0  101  0  0  0  101  0  0  0  0  0  0  101  0  101  0  0  0  0  101  0  0  0  0  0  101  101  0  0  101  0  0  101  

0  101  101  0  0  0  0  0  0  101  0  0  0  0  101  101  0  0  0  0  0  0  0  101  0  101  101  0  0  0  0  0  101  0  0  0  0  101  0  0  0  0  0  0  101  0  0  0  101  0  101  0  0  101  0  0  0  101  101  0  0  101  0  0  0  0  0  0  0  0  101  101  0  0  0  0  101  0  0  0  101  101  0  0  0  101  0  101  101  101  0  0  0  0  0  0  101  0  0  101  

101  0  0  0  0  0  101  0  0  101  0  0  0  0  0  0  101  0  0  0  0  0  101  0  101  0  101  101  0  0  0  0  0  0  0  101  0  0  0  0  101  0  0  101  0  0  0  0  101  0  101  101  0  0  101  0  0  0  0  0  0  0  101  0  101  0  0  0  0  0  0  0  0  0  0  0  0  0  0  101  0  101  0  0  0  0  0  101  101  0  101  101  0  0  101  0  0  0  0  101  

0  0  0  0  0  101  101  0  101  0  101  0  101  0  0  0  0  101  0  0  0  0  0  0  0  0  0  0  0  101  0  0  0  0  0  101  101  0  0  0  0  101  0  0  0  0  101  0  0  101  0  0  101  0  0  0  0  101  0  101  0  0  0  101  0  101  101  0  0  0  101  101  0  101  0  0  0  101  0  0  101  101  0  0  101  0  0  101  0  101  0  0  101  101  0  101  0  0  101  0  

0  0  0  101  101  101  101  0  0  0  0  0  0  0  0  101  101  0  101  0  0  0  0  0  0  0  0  0  0  101  0  101  0  0  101  0  101  101  101  0  101  101  101  101  0  0  101  0  0  101  0  0  0  0  0  0  0  0  0  101  0  101  0  0  0  0  0  0  0  0  0  101  0  101  101  101  0  0  0  0  0  101  101  0  101  0  0  0  101  0  101  0  0  0  0  0  0  0  0  0  

101  0  101  0  0  101  0  0  0  0  101  101  101  0  0  101  0  101  101  0  0  0  101  0  0  0  101  0  0  0  0  0  101  101  101  0  0  0  101  0  0  0  101  0  0  0  0  0  0  0  0  0  0  101  0  101  101  0  0  0  101  0  0  0  101  0  0  0  101  0  101  0  0  0  101  0  0  0  0  0  0  0  0  101  0  101  0  0  101  0  0  101  101  0  0  101  0  101  0  0  

0  0  101  0  101  0  0  0  0  0  101  0  0  0  101  0  0  0  0  101  101  101  0  0  0  0  0  0  0  0  0  0  101  0  101  0  0  0  0  0  101  0  0  0  101  101  0  0  0  0  0  0  0  101  0  101  101  0  0  0  0  0  0  0  0  0  101  0  0  101  0  0  0  0  0  0  0  101  101  0  0  101  0  0  0  101  101  0  0  101  0  101  101  0  0  101  0  0  0  0  

0  0  0  0  0  101  101  101  0  0  0  0  0  101  0  101  0  101  101  0  0  0  101  0  0  0  0  0  0  0  0  0  101  101  101  0  0  101  0  0  101  101  0  0  101  101  0  101  0  0  0  0  0  101  0  0  0  0  0  0  101  0  0  0  101  0  0  0  0  0  101  0  101  0  0  0  0  0  0  0  0  0  0  101  0  101  101  0  0  101  0  0  0  101  0  0  101  101  0  101  

101  0  0  101  101  0  0  0  0  0  0  101  101  0  101  0  101  101  101  0  0  101  101  0  0  0  101  0  0  0  0  101  101  101  0  0  0  0  0  0  0  0  0  0  0  101  101  101  0  101  101  0  0  101  0  0  0  101  101  101  101  0  0  0  0  0  101  0  0  0  0  0  101  0  101  101  0  0  0  0  0  0  0  0  101  0  0  0  101  0  0  0  0  0  101  0  101  101  101  0  

0  101  0  0  0  0  0  101  0  101  0  0  101  0  101  0  101  0  0  0  0  0  0  0  0  101  0  0  101  101  0  101  101  0  0  0  0  0  0  101  101  101  0  0  0  0  0  0  101  0  0  0  101  101  0  0  0  0  101  0  0  101  0  0  0  101  0  0  101  101  0  0  101  0  0  0  101  0  0  0  0  0  0  0  101  0  0  0  0  101  0  101  101  0  0  101  101  0  0  0  

0  0  0  101  0  101  0  0  0  101  0  101  0  0  101  0  0  0  101  101  0  0  0  0  0  101  0  0  0  0  0  0  0  101  0  0  101  0  0  0  0  101  101  0  0  0  0  0  101  0  0  0  101  0  101  0  101  101  0  0  101  101  0  101  0  101  0  0  101  0  0  101  0  0  0  101  0  101  0  0  101  0  101  0  101  0  101  101  0  0  0  0  0  101  101  101  101  0  0  101  

101  0  0  101  0  0  0  0  0  0  0  0  101  0  0  0  0  101  0  0  0  0  0  101  0  0  101  101  101  0  0  101  101  0  101  0  0  0  0  0  101  0  0  0  0  0  0  0  101  0  0  0  0  101  101  0  0  101  0  0  0  0  101  0  101  101  101  0  0  101  0  101  101  101  0  0  0  0  0  0  101  0  101  0  0  101  0  0  0  0  0  101  0  101  101  0  0  101  0  0  

101  0  101  0  0  0  101  0  101  0  0  0  0  0  101  101  0  0  101  0  0  101  0  0  0  0  0  0  0  0  101  101  0  0  0  101  101  101  101  0  0  0  0  0  0  0  0  0  0  0  0  0  0  101  0  0  0  0  0  0  0  101  0  0  0  0  101  0  0  0  0  0  0  0  0  0  0  0  0  0  0  0  0  0  0  0  0  0  0  101  0  0  0  0  101  0  0  0  101  0  

101  0  0  0  0  0  0  0  0  0  101  101  0  0  101  0  0  101  0  0  0  0  0  0  101  101  0  0  0  0  101  0  101  0  0  101  0  0  0  0  0  0  0  0  0  0  101  0  0  0  0  0  0  0  0  0  101  0  101  101  0  0  101  101  101  101  101  0  0  0  101  0  0  0  0  0  0  0  0  0  0  0  0  0  0  0  101  101  101  0  0  0  0  101  0  0  101  0  0  101  

UnPairedArc=
1 5 
1 6 
1 11 
1 12 
1 15 
1 16 
1 21 
1 22 
1 24 
1 25 
1 26 
1 30 
1 33 
1 36 
1 40 
1 41 
1 45 
1 47 
1 48 
1 53 
1 60 
1 65 
1 73 
1 77 
1 78 
1 79 
1 80 
1 82 
1 83 
1 89 
1 92 
1 95 
1 98 
1 99 
1 100 
2 5 
2 18 
2 29 
2 34 
2 35 
2 40 
2 50 
2 58 
2 63 
2 66 
2 68 
2 71 
2 74 
2 79 
2 81 
2 88 
2 96 
3 4 
3 9 
3 16 
3 19 
3 21 
3 22 
3 28 
3 34 
3 37 
3 38 
3 39 
3 40 
3 46 
3 47 
3 49 
3 51 
3 61 
3 62 
3 63 
3 64 
3 71 
3 72 
3 80 
3 82 
3 84 
3 85 
3 88 
3 92 
3 93 
3 99 
4 5 
4 13 
4 15 
4 16 
4 17 
4 23 
4 25 
4 27 
4 28 
4 32 
4 34 
4 39 
4 41 
4 49 
4 53 
4 58 
4 59 
4 64 
4 69 
4 70 
4 72 
4 75 
4 81 
4 82 
4 91 
4 95 
4 97 
4 98 
5 8 
5 12 
5 14 
5 19 
5 20 
5 25 
5 28 
5 30 
5 34 
5 35 
5 36 
5 38 
5 48 
5 51 
5 52 
5 55 
5 58 
5 59 
5 60 
5 62 
5 65 
5 66 
5 67 
5 74 
5 77 
5 80 
5 91 
5 93 
5 95 
6 10 
6 12 
6 14 
6 16 
6 20 
6 24 
6 25 
6 33 
6 37 
6 42 
6 51 
6 52 
6 54 
6 57 
6 58 
6 59 
6 61 
6 65 
6 68 
6 70 
6 71 
6 79 
6 80 
6 83 
6 86 
6 90 
6 91 
6 92 
6 94 
6 97 
7 8 
7 12 
7 16 
7 18 
7 19 
7 20 
7 28 
7 29 
7 30 
7 36 
7 45 
7 47 
7 48 
7 50 
7 53 
7 55 
7 57 
7 66 
7 69 
7 70 
7 73 
7 76 
7 80 
7 82 
7 85 
7 86 
7 89 
7 90 
7 91 
7 94 
7 99 
8 9 
8 17 
8 20 
8 21 
8 22 
8 26 
8 28 
8 29 
8 35 
8 38 
8 40 
8 43 
8 49 
8 50 
8 56 
8 59 
8 60 
8 71 
8 78 
8 79 
8 83 
8 84 
8 94 
8 96 
9 11 
9 12 
9 14 
9 15 
9 18 
9 21 
9 23 
9 28 
9 33 
9 41 
9 44 
9 45 
9 48 
9 59 
9 68 
9 70 
9 71 
9 73 
9 74 
9 75 
9 80 
9 83 
9 87 
9 90 
9 99 
10 13 
10 14 
10 18 
10 24 
10 25 
10 27 
10 30 
10 31 
10 33 
10 39 
10 46 
10 54 
10 58 
10 62 
10 65 
10 70 
10 74 
10 75 
10 76 
10 83 
10 86 
10 88 
10 89 
10 96 
10 97 
11 12 
11 19 
11 23 
11 25 
11 26 
11 27 
11 32 
11 33 
11 35 
11 38 
11 41 
11 44 
11 48 
11 50 
11 51 
11 53 
11 57 
11 66 
11 68 
11 71 
11 75 
11 77 
11 78 
11 82 
11 86 
11 90 
11 92 
11 93 
11 100 
12 13 
12 14 
12 15 
12 17 
12 18 
12 19 
12 22 
12 25 
12 34 
12 39 
12 43 
12 46 
12 53 
12 54 
12 55 
12 56 
12 59 
12 61 
12 66 
12 71 
12 73 
12 75 
12 76 
12 78 
12 83 
12 84 
12 86 
12 92 
12 95 
12 97 
12 100 
13 14 
13 15 
13 24 
13 25 
13 26 
13 28 
13 31 
13 33 
13 37 
13 38 
13 56 
13 61 
13 64 
13 67 
13 73 
13 79 
13 81 
13 87 
13 90 
13 92 
13 95 
13 96 
13 98 
14 15 
14 16 
14 19 
14 21 
14 25 
14 28 
14 40 
14 48 
14 71 
14 72 
14 77 
14 79 
14 83 
14 86 
14 87 
14 94 
15 17 
15 22 
15 25 
15 27 
15 32 
15 34 
15 38 
15 39 
15 40 
15 46 
15 51 
15 56 
15 57 
15 66 
15 70 
15 71 
15 72 
15 73 
15 80 
15 82 
15 86 
15 88 
15 93 
15 95 
15 96 
15 97 
15 99 
15 100 
16 17 
16 19 
16 23 
16 30 
16 32 
16 33 
16 37 
16 39 
16 43 
16 55 
16 63 
16 65 
16 68 
16 75 
16 76 
16 77 
16 79 
16 81 
16 84 
16 85 
16 88 
16 91 
16 92 
16 94 
16 99 
17 18 
17 21 
17 25 
17 26 
17 32 
17 35 
17 39 
17 49 
17 51 
17 52 
17 54 
17 57 
17 61 
17 63 
17 68 
17 69 
17 72 
17 73 
17 74 
17 76 
17 77 
17 89 
17 91 
17 95 
17 96 
18 20 
18 29 
18 31 
18 33 
18 41 
18 44 
18 48 
18 62 
18 65 
18 70 
18 74 
18 76 
18 81 
18 84 
18 90 
18 92 
18 94 
18 95 
18 98 
18 100 
19 20 
19 27 
19 29 
19 31 
19 38 
19 44 
19 46 
19 47 
19 48 
19 51 
19 53 
19 55 
19 57 
19 62 
19 64 
19 66 
19 68 
19 70 
19 73 
19 76 
19 80 
19 84 
19 85 
19 91 
19 92 
19 94 
19 95 
19 97 
19 99 
20 21 
20 27 
20 29 
20 33 
20 34 
20 37 
20 39 
20 42 
20 46 
20 47 
20 49 
20 54 
20 56 
20 59 
20 62 
20 64 
20 65 
20 69 
20 71 
20 72 
20 73 
20 76 
20 80 
20 81 
20 93 
20 97 
21 25 
21 26 
21 31 
21 34 
21 36 
21 39 
21 42 
21 43 
21 45 
21 48 
21 49 
21 51 
21 53 
21 55 
21 63 
21 69 
21 75 
21 77 
21 81 
21 93 
22 23 
22 24 
22 28 
22 30 
22 32 
22 34 
22 38 
22 39 
22 40 
22 44 
22 55 
22 60 
22 61 
22 63 
22 72 
22 84 
22 93 
22 95 
22 99 
23 24 
23 26 
23 28 
23 29 
23 30 
23 31 
23 34 
23 40 
23 46 
23 54 
23 57 
23 59 
23 60 
23 64 
23 67 
23 72 
23 76 
23 77 
23 83 
23 86 
23 89 
23 92 
23 94 
23 95 
24 30 
24 35 
24 37 
24 38 
24 39 
24 47 
24 48 
24 49 
24 50 
24 57 
24 58 
24 59 
24 61 
24 62 
24 65 
24 66 
24 68 
24 69 
24 70 
24 75 
24 78 
24 79 
24 82 
24 88 
24 98 
25 27 
25 28 
25 31 
25 35 
25 38 
25 39 
25 41 
25 42 
25 44 
25 48 
25 50 
25 67 
25 70 
25 73 
25 74 
25 77 
25 85 
25 89 
25 100 
26 28 
26 29 
26 32 
26 34 
26 37 
26 38 
26 44 
26 46 
26 47 
26 48 
26 49 
26 50 
26 51 
26 56 
26 57 
26 63 
26 73 
26 75 
26 77 
26 80 
26 81 
26 88 
26 96 
26 97 
26 100 
27 29 
27 31 
27 32 
27 36 
27 37 
27 38 
27 43 
27 45 
27 46 
27 50 
27 51 
27 54 
27 57 
27 61 
27 62 
27 63 
27 66 
27 72 
27 80 
27 81 
27 82 
27 87 
27 88 
27 89 
27 92 
27 95 
27 98 
28 33 
28 34 
28 37 
28 42 
28 54 
28 56 
28 58 
28 62 
28 72 
28 81 
28 84 
28 85 
28 87 
28 89 
28 98 
29 32 
29 33 
29 35 
29 37 
29 38 
29 45 
29 46 
29 53 
29 54 
29 63 
29 66 
29 69 
29 70 
29 72 
29 80 
29 83 
29 84 
29 96 
29 98 
30 39 
30 49 
30 50 
30 55 
30 62 
30 64 
30 68 
30 72 
30 74 
30 77 
30 80 
30 81 
30 83 
30 84 
30 90 
30 91 
30 96 
31 32 
31 37 
31 43 
31 44 
31 48 
31 51 
31 52 
31 55 
31 57 
31 63 
31 64 
31 65 
31 66 
31 70 
31 73 
31 76 
31 80 
31 85 
31 99 
31 100 
32 33 
32 34 
32 35 
32 36 
32 38 
32 40 
32 46 
32 51 
32 53 
32 56 
32 57 
32 58 
32 65 
32 69 
32 71 
32 74 
32 77 
32 79 
32 81 
32 83 
32 91 
32 95 
32 96 
32 98 
32 99 
33 34 
33 40 
33 52 
33 53 
33 58 
33 59 
33 62 
33 63 
33 64 
33 67 
33 70 
33 78 
33 81 
33 88 
33 92 
33 93 
33 94 
33 95 
33 96 
33 98 
33 100 
34 36 
34 39 
34 41 
34 43 
34 44 
34 45 
34 46 
34 52 
34 60 
34 61 
34 63 
34 66 
34 70 
34 71 
34 72 
34 77 
34 84 
34 92 
34 94 
34 95 
34 97 
35 43 
35 44 
35 56 
35 57 
35 59 
35 62 
35 64 
35 70 
35 76 
35 77 
35 78 
35 81 
35 83 
35 87 
35 91 
35 92 
35 93 
35 94 
35 98 
36 43 
36 53 
36 54 
36 55 
36 57 
36 58 
36 59 
36 62 
36 63 
36 64 
36 66 
36 67 
36 68 
36 69 
36 71 
36 76 
36 77 
36 81 
36 87 
36 89 
36 90 
36 99 
36 100 
37 39 
37 40 
37 42 
37 44 
37 47 
37 50 
37 52 
37 53 
37 57 
37 63 
37 68 
37 71 
37 73 
37 77 
37 90 
37 91 
37 97 
37 99 
38 46 
38 48 
38 51 
38 52 
38 55 
38 57 
38 58 
38 60 
38 62 
38 64 
38 74 
38 75 
38 76 
38 77 
38 79 
38 87 
38 88 
38 91 
38 94 
38 99 
39 44 
39 48 
39 51 
39 52 
39 53 
39 56 
39 63 
39 72 
39 77 
39 78 
39 79 
39 80 
39 85 
39 91 
39 92 
39 99 
40 44 
40 47 
40 50 
40 51 
40 53 
40 55 
40 60 
40 62 
40 63 
40 64 
40 69 
40 71 
40 73 
40 83 
40 86 
40 96 
41 42 
41 43 
41 51 
41 52 
41 53 
41 54 
41 55 
41 72 
41 73 
41 74 
41 79 
41 85 
41 89 
41 91 
41 93 
41 94 
41 96 
41 98 
42 46 
42 47 
42 48 
42 50 
42 52 
42 58 
42 65 
42 66 
42 69 
42 76 
42 78 
42 81 
42 83 
42 90 
42 91 
42 94 
42 96 
42 97 
43 47 
43 48 
43 49 
43 50 
43 51 
43 54 
43 59 
43 63 
43 65 
43 66 
43 74 
43 76 
43 79 
43 84 
43 85 
43 87 
43 91 
43 92 
43 97 
44 46 
44 48 
44 57 
44 58 
44 62 
44 63 
44 64 
44 65 
44 67 
44 73 
44 75 
44 78 
44 83 
44 84 
44 85 
44 86 
44 89 
44 91 
45 50 
45 51 
45 53 
45 63 
45 65 
45 74 
45 75 
45 77 
45 78 
45 79 
45 85 
45 88 
45 93 
45 94 
46 48 
46 52 
46 54 
46 55 
46 56 
46 59 
46 61 
46 68 
46 77 
46 78 
46 79 
46 93 
46 94 
46 95 
47 53 
47 55 
47 58 
47 59 
47 62 
47 63 
47 70 
47 79 
47 81 
47 85 
47 90 
47 91 
47 95 
47 100 
48 50 
48 61 
48 62 
48 66 
48 72 
48 78 
48 84 
48 86 
48 94 
48 95 
49 56 
49 60 
49 61 
49 62 
49 64 
49 67 
49 69 
49 78 
49 81 
49 88 
49 89 
49 96 
49 97 
49 98 
50 51 
50 52 
50 53 
50 55 
50 58 
50 60 
50 63 
50 64 
50 66 
50 69 
50 72 
50 78 
50 80 
50 81 
50 82 
50 86 
50 90 
50 91 
50 95 
51 53 
51 59 
51 69 
51 70 
51 71 
51 72 
51 75 
51 80 
51 82 
51 84 
51 86 
51 88 
51 89 
51 95 
52 54 
52 55 
52 56 
52 57 
52 58 
52 59 
52 60 
52 62 
52 65 
52 70 
52 74 
52 84 
52 86 
52 89 
53 55 
53 62 
53 64 
53 65 
53 66 
53 68 
53 69 
53 71 
53 78 
53 80 
53 82 
53 83 
53 85 
53 90 
53 96 
53 97 
54 55 
54 57 
54 58 
54 61 
54 64 
54 65 
54 66 
54 71 
54 79 
54 81 
54 88 
54 92 
54 93 
54 94 
54 95 
54 96 
54 98 
54 99 
55 58 
55 59 
55 61 
55 65 
55 66 
55 67 
55 69 
55 71 
55 84 
55 85 
55 89 
55 97 
55 98 
56 59 
56 60 
56 65 
56 80 
56 82 
56 87 
56 92 
56 93 
57 63 
57 68 
57 69 
57 70 
57 71 
57 73 
57 77 
57 80 
57 82 
57 92 
57 93 
57 97 
57 100 
58 62 
58 64 
58 65 
58 66 
58 68 
58 69 
58 76 
58 78 
58 83 
58 85 
58 88 
58 90 
58 95 
58 97 
58 98 
59 63 
59 67 
59 68 
59 72 
59 84 
59 85 
59 86 
59 88 
59 95 
59 96 
59 100 
60 68 
60 70 
60 76 
60 77 
60 78 
60 83 
60 86 
60 87 
60 90 
60 91 
60 95 
60 100 
61 62 
61 63 
61 64 
61 65 
61 71 
61 73 
61 77 
61 79 
61 81 
61 82 
61 85 
61 86 
61 92 
61 94 
61 95 
61 97 
62 63 
62 69 
62 71 
62 74 
62 77 
62 80 
62 81 
62 82 
62 88 
62 91 
62 96 
62 97 
62 99 
63 70 
63 72 
63 74 
63 76 
63 78 
63 89 
63 98 
63 100 
64 65 
64 68 
64 72 
64 74 
64 75 
64 77 
64 80 
64 82 
64 85 
64 86 
64 90 
64 97 
64 100 
65 69 
65 74 
65 77 
65 80 
65 81 
65 83 
65 84 
65 89 
65 92 
65 94 
65 98 
65 100 
66 72 
66 75 
66 76 
66 78 
66 80 
66 81 
66 85 
66 87 
66 90 
66 96 
66 97 
66 98 
66 100 
67 70 
67 71 
67 72 
67 76 
67 90 
67 93 
67 95 
67 98 
67 99 
67 100 
68 71 
68 72 
68 75 
68 76 
68 81 
68 83 
69 70 
69 72 
69 73 
69 77 
69 79 
69 80 
69 86 
69 87 
69 92 
69 96 
69 97 
70 71 
70 74 
70 75 
70 76 
70 79 
70 81 
70 82 
70 93 
70 96 
70 98 
71 78 
71 79 
71 80 
71 81 
71 88 
71 90 
71 92 
71 94 
71 100 
72 76 
72 78 
72 82 
72 83 
72 85 
72 88 
72 90 
72 91 
72 97 
72 98 
73 75 
73 79 
73 80 
73 83 
73 87 
73 94 
73 95 
73 96 
73 98 
74 78 
74 80 
74 90 
74 91 
74 98 
75 77 
75 80 
75 83 
75 84 
75 91 
75 92 
75 95 
76 77 
76 91 
76 95 
76 97 
77 81 
77 88 
77 96 
78 79 
78 80 
78 84 
78 86 
78 90 
78 93 
78 97 
79 82 
79 93 
80 81 
80 83 
80 86 
80 87 
80 89 
81 83 
81 88 
81 90 
81 97 
81 98 
82 83 
82 87 
82 88 
82 89 
82 90 
82 91 
82 93 
83 91 
83 97 
83 98 
84 92 
84 94 
85 86 
85 90 
85 91 
85 95 
85 96 
85 97 
86 88 
86 92 
86 93 
86 94 
86 98 
87 93 
87 94 
87 97 
87 100 
88 89 
88 90 
88 97 
88 100 
89 91 
89 92 
89 95 
89 100 
90 93 
90 94 
90 96 
90 99 
92 93 
92 96 
92 98 
93 96 
94 97 
94 98 
94 100 
95 97 
95 98 
95 99 
96 97 
97 100 
