nNodes=40;
 nPairs=519;
Cost=

41  41  0  41  0  41  41  41  41  0  41  0  41  0  0  41  41  41  41  0  41  41  41  41  41  41  41  41  0  41  41  41  41  41  0  41  41  0  41  41  

41  41  0  41  41  41  0  41  0  41  0  0  41  0  0  41  41  0  0  41  0  41  41  41  41  0  41  41  0  41  41  41  41  0  41  41  0  41  0  0  

0  0  41  41  41  41  41  41  41  41  0  41  0  41  41  41  0  41  0  0  41  41  0  41  41  41  41  0  0  0  0  0  41  41  0  0  41  41  41  0  

41  41  41  41  0  41  0  0  41  0  0  41  41  41  41  41  0  41  41  0  0  0  41  41  41  41  0  41  41  0  41  41  41  41  41  41  41  41  41  41  

0  41  41  0  41  0  41  41  41  41  0  41  41  41  41  41  0  41  0  41  41  0  41  41  41  41  41  41  41  0  0  41  0  41  41  41  0  0  41  41  

41  41  41  41  0  41  41  41  41  0  0  41  41  41  0  0  0  0  41  41  0  0  41  0  41  41  41  0  41  41  41  41  41  41  41  41  41  41  41  41  

41  0  41  0  41  41  41  41  41  0  41  41  41  0  41  0  41  41  0  41  0  41  41  41  41  41  0  0  0  41  41  41  0  41  41  41  41  41  41  0  

41  41  41  0  41  41  41  41  41  41  41  41  41  41  41  41  41  41  0  41  41  41  0  41  0  41  41  0  0  41  41  41  41  0  0  0  0  41  41  41  

41  0  41  41  41  41  41  41  41  0  41  0  41  41  41  41  41  41  41  0  0  41  41  0  41  0  41  41  41  41  0  41  0  41  41  41  41  41  41  0  

0  41  41  0  41  0  0  41  0  41  0  41  0  41  41  41  0  41  41  0  0  41  41  41  41  41  0  0  41  41  41  41  0  41  0  41  0  41  0  0  

41  0  0  0  0  0  41  41  41  0  41  0  41  0  0  0  41  41  41  41  41  41  41  41  41  0  41  41  41  0  0  41  41  41  0  41  41  41  41  0  

0  0  41  41  41  41  41  41  0  41  0  41  0  0  0  41  41  0  0  41  41  41  41  41  41  0  0  0  41  41  41  41  41  41  41  41  0  0  0  41  

41  41  0  41  41  41  41  41  41  0  41  0  41  41  41  41  41  41  41  0  41  41  0  41  41  41  0  41  41  41  0  41  41  41  41  0  0  41  0  41  

0  0  41  41  41  41  0  41  41  41  0  0  41  41  41  41  41  0  41  0  41  41  41  41  41  0  41  0  0  41  0  41  41  41  41  41  0  0  0  41  

0  0  41  41  41  0  41  41  41  41  0  0  41  41  41  41  41  41  41  0  41  0  0  0  41  0  41  41  41  41  0  41  0  41  41  41  41  0  41  41  

41  41  41  41  41  0  0  41  41  41  0  41  41  41  41  41  41  41  41  41  41  41  41  0  41  41  41  41  0  41  0  0  41  0  41  41  0  41  41  0  

41  41  0  0  0  0  41  41  41  0  41  41  41  41  41  41  41  0  0  0  41  0  0  41  0  41  0  41  0  41  41  0  41  41  41  0  41  41  0  41  

41  0  41  41  41  0  41  41  41  41  41  0  41  0  41  41  0  41  0  0  41  41  41  41  41  41  0  41  41  0  41  41  41  41  41  0  41  41  41  41  

41  0  0  41  0  41  0  0  41  41  41  0  41  41  41  41  0  0  41  0  41  41  41  0  41  0  0  41  41  0  41  0  41  41  41  41  0  41  41  41  

0  41  0  0  41  41  41  41  0  0  41  41  0  0  0  41  0  0  0  41  41  0  41  41  41  41  41  0  41  41  41  41  41  41  41  0  0  41  41  41  

41  0  41  0  41  0  0  41  0  0  41  41  41  41  41  41  41  41  41  41  41  41  41  0  0  41  41  0  41  0  0  41  41  0  41  41  0  0  0  41  

41  41  41  0  0  0  41  41  41  41  41  41  41  41  0  41  0  41  41  0  41  41  0  0  41  41  0  41  0  41  41  0  41  41  41  0  41  41  41  0  

41  41  0  41  41  41  41  0  41  41  41  41  0  41  0  41  0  41  41  41  41  0  41  41  41  0  41  41  0  41  0  41  0  0  41  41  41  41  41  0  

41  41  41  41  41  0  41  41  0  41  41  41  41  41  0  0  41  41  0  41  0  0  41  41  0  0  41  0  0  0  41  0  41  0  41  41  0  41  41  0  

41  41  41  41  41  41  41  0  41  41  41  41  41  41  41  41  0  41  41  41  0  41  41  0  41  41  0  0  41  0  0  41  0  41  0  41  41  0  41  0  

41  0  41  41  41  41  41  41  0  41  0  0  41  0  0  41  41  41  0  41  41  41  0  0  41  41  0  0  41  41  41  0  41  41  41  41  41  0  41  41  

41  41  41  0  41  41  0  41  41  0  41  0  0  41  41  41  0  0  0  41  41  0  41  41  0  0  41  41  41  41  41  0  41  0  0  41  41  0  0  41  

41  41  0  41  41  0  0  0  41  0  41  0  41  0  41  41  41  41  41  0  0  41  41  0  0  0  41  41  41  41  0  0  41  0  0  41  0  0  41  41  

0  0  0  41  41  41  0  0  41  41  41  41  41  0  41  0  0  41  41  41  41  0  0  0  41  41  41  41  41  41  41  41  41  41  0  0  0  41  41  41  

41  41  0  0  0  41  41  41  41  41  0  41  41  41  41  41  41  0  0  41  0  41  41  0  0  41  41  41  41  41  41  41  0  0  41  0  41  41  41  41  

41  41  0  41  0  41  41  41  0  41  0  41  0  0  0  0  41  41  41  41  0  41  0  41  0  41  41  0  41  41  41  0  41  41  0  41  41  41  41  0  

41  41  0  41  41  41  41  41  41  41  41  41  41  41  41  0  0  41  0  41  41  0  41  0  41  0  0  0  41  41  0  41  41  41  0  41  41  41  41  41  

41  41  41  41  0  41  0  41  0  0  41  41  41  41  0  41  41  41  41  41  41  41  0  41  0  41  41  41  41  0  41  41  41  0  41  41  41  41  41  41  

41  0  41  41  41  41  41  0  41  41  41  41  41  41  41  0  41  41  41  41  0  41  0  0  41  41  0  0  41  0  41  41  0  41  0  41  41  0  41  41  

0  41  0  41  41  41  41  0  41  0  0  41  41  41  41  41  41  41  41  41  41  41  41  41  0  41  0  0  0  41  0  0  41  0  41  0  41  41  41  0  

41  41  0  41  41  41  41  0  41  41  41  41  0  41  41  41  0  0  41  0  41  0  41  41  41  41  41  41  0  0  41  41  41  41  0  41  41  41  41  0  

41  0  41  41  0  41  41  0  41  0  41  0  0  0  41  0  41  41  0  0  0  41  41  0  41  41  41  0  0  41  41  41  41  41  41  41  41  41  0  41  

0  41  41  41  0  41  41  41  41  41  41  0  41  0  0  41  41  41  41  41  0  41  41  41  0  0  0  0  41  41  41  41  41  0  41  41  41  41  41  41  

41  0  41  41  41  41  41  41  41  0  41  0  0  0  41  41  0  41  41  41  0  41  41  41  41  41  0  41  41  41  41  41  41  41  41  41  0  41  41  0  

41  0  0  41  41  41  0  41  0  0  0  41  41  41  41  0  41  41  41  41  41  0  0  0  0  41  41  41  41  41  0  41  41  41  0  0  41  41  0  41  

UnPairedArc=
1 2 
1 4 
1 6 
1 7 
1 8 
1 9 
1 11 
1 13 
1 16 
1 17 
1 18 
1 19 
1 21 
1 22 
1 23 
1 24 
1 25 
1 26 
1 27 
1 28 
1 30 
1 31 
1 32 
1 33 
1 34 
1 36 
1 37 
1 39 
1 40 
2 4 
2 5 
2 6 
2 8 
2 10 
2 13 
2 16 
2 17 
2 20 
2 22 
2 23 
2 24 
2 25 
2 27 
2 28 
2 30 
2 31 
2 32 
2 33 
2 35 
2 36 
2 38 
3 4 
3 5 
3 6 
3 7 
3 8 
3 9 
3 10 
3 12 
3 14 
3 15 
3 16 
3 18 
3 21 
3 22 
3 24 
3 25 
3 26 
3 27 
3 33 
3 34 
3 37 
3 38 
3 39 
4 6 
4 9 
4 12 
4 13 
4 14 
4 15 
4 16 
4 18 
4 19 
4 23 
4 24 
4 25 
4 26 
4 28 
4 29 
4 31 
4 32 
4 33 
4 34 
4 35 
4 36 
4 37 
4 38 
4 39 
4 40 
5 7 
5 8 
5 9 
5 10 
5 12 
5 13 
5 14 
5 15 
5 16 
5 18 
5 20 
5 21 
5 23 
5 24 
5 25 
5 26 
5 27 
5 28 
5 29 
5 32 
5 34 
5 35 
5 36 
5 39 
5 40 
6 7 
6 8 
6 9 
6 12 
6 13 
6 14 
6 19 
6 20 
6 23 
6 25 
6 26 
6 27 
6 29 
6 30 
6 31 
6 32 
6 33 
6 34 
6 35 
6 36 
6 37 
6 38 
6 39 
6 40 
7 8 
7 9 
7 11 
7 12 
7 13 
7 15 
7 17 
7 18 
7 20 
7 22 
7 23 
7 24 
7 25 
7 26 
7 30 
7 31 
7 32 
7 34 
7 35 
7 36 
7 37 
7 38 
7 39 
8 9 
8 10 
8 11 
8 12 
8 13 
8 14 
8 15 
8 16 
8 17 
8 18 
8 20 
8 21 
8 22 
8 24 
8 26 
8 27 
8 30 
8 31 
8 32 
8 33 
8 38 
8 39 
8 40 
9 11 
9 13 
9 14 
9 15 
9 16 
9 17 
9 18 
9 19 
9 22 
9 23 
9 25 
9 27 
9 28 
9 29 
9 30 
9 32 
9 34 
9 35 
9 36 
9 37 
9 38 
9 39 
10 12 
10 14 
10 15 
10 16 
10 18 
10 19 
10 22 
10 23 
10 24 
10 25 
10 26 
10 29 
10 30 
10 31 
10 32 
10 34 
10 36 
10 38 
11 13 
11 17 
11 18 
11 19 
11 20 
11 21 
11 22 
11 23 
11 24 
11 25 
11 27 
11 28 
11 29 
11 32 
11 33 
11 34 
11 36 
11 37 
11 38 
11 39 
12 16 
12 17 
12 20 
12 21 
12 22 
12 23 
12 24 
12 25 
12 29 
12 30 
12 31 
12 32 
12 33 
12 34 
12 35 
12 36 
12 40 
13 14 
13 15 
13 16 
13 17 
13 18 
13 19 
13 21 
13 22 
13 24 
13 25 
13 26 
13 28 
13 29 
13 30 
13 32 
13 33 
13 34 
13 35 
13 38 
13 40 
14 15 
14 16 
14 17 
14 19 
14 21 
14 22 
14 23 
14 24 
14 25 
14 27 
14 30 
14 32 
14 33 
14 34 
14 35 
14 36 
14 40 
15 16 
15 17 
15 18 
15 19 
15 21 
15 25 
15 27 
15 28 
15 29 
15 30 
15 32 
15 34 
15 35 
15 36 
15 37 
15 39 
15 40 
16 17 
16 18 
16 19 
16 20 
16 21 
16 22 
16 23 
16 25 
16 26 
16 27 
16 28 
16 30 
16 33 
16 35 
16 36 
16 38 
16 39 
17 21 
17 24 
17 26 
17 28 
17 30 
17 31 
17 33 
17 34 
17 35 
17 37 
17 38 
17 40 
18 21 
18 22 
18 23 
18 24 
18 25 
18 26 
18 28 
18 29 
18 31 
18 32 
18 33 
18 34 
18 35 
18 37 
18 38 
18 39 
18 40 
19 21 
19 22 
19 23 
19 25 
19 28 
19 29 
19 31 
19 33 
19 34 
19 35 
19 36 
19 38 
19 39 
19 40 
20 21 
20 23 
20 24 
20 25 
20 26 
20 27 
20 29 
20 30 
20 31 
20 32 
20 33 
20 34 
20 35 
20 38 
20 39 
20 40 
21 22 
21 23 
21 26 
21 27 
21 29 
21 32 
21 33 
21 35 
21 36 
21 40 
22 25 
22 26 
22 28 
22 30 
22 31 
22 33 
22 34 
22 35 
22 37 
22 38 
22 39 
23 24 
23 25 
23 27 
23 28 
23 30 
23 32 
23 35 
23 36 
23 37 
23 38 
23 39 
24 27 
24 31 
24 33 
24 35 
24 36 
24 38 
24 39 
25 26 
25 29 
25 32 
25 34 
25 36 
25 37 
25 39 
26 29 
26 30 
26 31 
26 33 
26 34 
26 35 
26 36 
26 37 
26 39 
26 40 
27 28 
27 29 
27 30 
27 31 
27 33 
27 36 
27 37 
27 40 
28 29 
28 30 
28 33 
28 36 
28 39 
28 40 
29 30 
29 31 
29 32 
29 33 
29 34 
29 38 
29 39 
29 40 
30 31 
30 32 
30 35 
30 37 
30 38 
30 39 
30 40 
31 33 
31 34 
31 36 
31 37 
31 38 
31 39 
32 33 
32 34 
32 36 
32 37 
32 38 
32 39 
32 40 
33 35 
33 36 
33 37 
33 38 
33 39 
33 40 
34 36 
34 37 
34 39 
34 40 
35 37 
35 38 
35 39 
36 37 
36 38 
36 39 
37 38 
37 40 
38 39 
38 40 
