nNodes=60;
 nPairs=343;
Cost=

61  0  0  0  0  0  0  61  61  0  0  0  0  61  0  0  0  0  61  61  61  61  0  0  0  0  0  0  0  0  0  0  0  61  61  0  61  0  0  0  0  0  0  0  0  0  61  61  0  0  0  0  0  0  61  0  0  0  0  61  

0  61  0  0  61  0  0  0  61  0  61  61  0  0  61  0  0  0  61  0  61  0  0  0  0  61  61  0  0  0  61  0  0  0  0  0  0  0  61  0  0  61  0  0  0  61  0  61  0  0  0  0  0  0  0  0  0  0  61  0  

0  0  61  61  0  0  61  0  61  0  0  0  0  0  61  0  0  0  61  0  0  0  0  0  61  0  0  0  0  0  0  0  0  0  61  0  0  0  0  0  61  0  61  0  0  0  0  0  0  61  0  0  0  0  61  0  61  0  0  0  

0  0  61  61  0  0  0  0  0  61  61  0  0  0  0  0  61  0  0  0  0  0  0  0  61  61  0  0  0  0  0  0  0  0  0  0  61  61  0  0  0  0  0  0  0  0  0  0  0  0  0  61  0  0  61  0  0  61  0  61  

0  61  0  0  61  0  0  61  0  0  0  61  0  0  0  0  0  0  0  0  0  0  0  61  0  0  0  0  0  61  0  0  0  0  0  61  0  0  0  0  0  61  0  0  0  0  61  0  61  0  0  0  0  0  0  0  0  61  0  0  

0  0  0  0  0  61  0  0  0  0  0  0  61  0  61  0  0  0  0  0  0  0  0  0  61  0  0  0  0  0  61  0  0  0  61  0  61  0  0  0  0  0  0  61  0  0  61  0  0  0  0  0  0  0  0  0  0  0  0  0  

0  0  61  0  0  0  61  0  0  0  0  0  61  0  0  0  0  0  61  0  61  61  0  0  0  0  0  61  0  0  61  0  61  0  0  0  0  0  0  61  61  0  0  61  0  0  0  61  0  0  0  0  0  0  0  61  0  0  0  0  

61  0  0  0  61  0  0  61  61  0  0  0  0  0  0  0  0  0  0  0  0  0  0  0  0  0  0  0  61  0  0  0  0  0  0  0  0  0  0  0  61  61  0  0  0  0  0  0  0  61  0  0  61  61  0  0  61  0  0  0  

61  61  61  0  0  0  0  61  61  0  0  0  0  61  0  0  0  0  0  61  0  0  0  0  0  0  0  0  61  0  0  0  61  0  0  0  0  0  0  61  0  0  0  0  0  0  0  0  0  61  0  61  0  0  0  0  0  0  0  0  

0  0  0  61  0  0  0  0  0  61  0  0  0  0  0  0  0  0  61  61  0  0  0  0  0  61  0  0  0  0  0  0  0  0  0  61  0  0  0  61  61  0  0  0  0  0  0  61  0  61  61  0  61  61  0  0  0  61  0  0  

0  61  0  61  0  0  0  0  0  0  61  0  0  0  0  0  0  0  0  61  0  0  0  0  0  0  0  0  0  0  0  0  0  0  0  0  0  0  0  0  0  0  61  0  0  0  0  0  0  0  61  0  0  0  0  0  0  0  0  61  

0  61  0  0  61  0  0  0  0  0  0  61  0  0  0  0  61  61  61  0  0  0  61  0  0  0  0  0  0  0  0  0  61  0  61  0  61  0  0  0  61  61  0  0  0  0  0  0  0  0  0  0  0  0  0  0  0  0  61  0  

0  0  0  0  0  61  61  0  0  0  0  0  61  0  0  0  0  0  61  0  0  61  0  0  61  0  0  0  0  0  0  0  0  61  0  61  0  0  0  0  0  0  0  0  0  0  0  0  0  0  0  0  0  0  0  0  0  61  61  0  

61  0  0  0  0  0  0  0  61  0  0  0  0  61  0  0  0  0  0  61  0  0  0  0  61  0  0  0  0  0  0  0  0  0  61  61  61  0  0  0  0  0  0  0  61  0  0  0  0  61  0  0  0  0  0  0  0  0  61  0  

0  61  61  0  0  61  0  0  0  0  0  0  0  0  61  0  0  0  0  0  0  0  0  0  0  0  0  61  0  0  0  0  0  0  0  0  0  0  0  0  61  0  0  0  0  61  0  0  0  0  0  0  0  61  61  0  0  61  61  0  

0  0  0  0  0  0  0  0  0  0  0  0  0  0  0  61  61  0  0  0  0  0  0  0  0  0  0  61  0  0  0  0  0  0  0  0  0  0  0  0  0  0  61  0  0  61  0  0  0  0  0  0  0  0  0  0  0  61  0  0  

0  0  0  61  0  0  0  0  0  0  0  61  0  0  0  61  61  0  0  0  0  0  0  0  0  0  0  0  61  0  0  0  61  0  0  0  0  0  0  0  0  0  0  61  61  0  61  0  0  0  61  0  0  0  0  61  0  61  0  0  

0  0  0  0  0  0  0  0  0  0  0  61  0  0  0  0  0  61  0  61  61  0  0  0  0  0  0  0  0  0  0  0  0  0  0  0  0  0  0  0  61  0  0  0  0  61  0  0  0  0  0  61  0  0  0  0  0  0  61  0  

61  61  61  0  0  0  61  0  0  61  0  61  61  0  0  0  0  0  61  0  0  0  61  0  0  0  0  0  0  0  0  0  0  0  61  61  0  0  0  0  0  0  61  0  0  0  61  0  0  0  0  0  0  0  0  0  0  0  0  61  

61  0  0  0  0  0  0  0  61  61  61  0  0  61  0  0  0  61  0  61  0  0  0  0  0  0  61  0  61  0  0  0  0  0  0  0  0  0  61  61  0  0  0  0  0  0  0  61  61  0  61  0  0  61  0  61  0  0  0  0  

61  61  0  0  0  0  61  0  0  0  0  0  0  0  0  0  0  61  0  0  61  0  0  0  0  61  0  0  0  0  0  0  0  0  61  0  0  0  0  0  61  0  0  0  61  0  0  0  0  61  0  0  0  0  61  0  0  0  0  0  

61  0  0  0  0  0  61  0  0  0  0  0  61  0  0  0  0  0  0  0  0  61  0  0  0  0  0  61  0  0  61  0  0  0  61  0  61  0  61  0  61  0  0  0  0  61  61  0  0  61  0  0  0  0  0  0  0  61  0  0  

0  0  0  0  0  0  0  0  0  0  0  61  0  0  0  0  0  0  61  0  0  0  61  0  0  0  0  61  0  0  0  0  0  0  0  0  0  0  61  0  0  0  0  0  61  61  61  61  0  0  0  0  0  0  0  0  0  0  0  0  

0  0  0  0  61  0  0  0  0  0  0  0  0  0  0  0  0  0  0  0  0  0  0  61  0  0  61  61  0  0  0  0  0  0  0  0  0  61  0  0  61  0  0  0  0  0  0  0  0  0  61  0  0  0  61  61  61  0  61  0  

0  0  61  61  0  61  0  0  0  0  0  0  61  61  0  0  0  0  0  0  0  0  0  0  61  0  0  61  0  0  0  61  61  0  0  0  61  61  0  0  0  0  0  0  0  0  0  0  0  0  0  0  0  0  61  0  0  61  0  0  

0  61  0  61  0  0  0  0  0  61  0  0  0  0  0  0  0  0  0  0  61  0  0  0  0  61  0  0  61  0  0  61  0  0  0  61  0  0  0  0  0  61  0  0  0  0  0  0  0  0  0  0  0  0  0  61  0  61  0  61  

0  61  0  0  0  0  0  0  0  0  0  0  0  0  0  0  0  0  0  61  0  0  0  61  0  0  61  0  0  0  0  0  61  0  0  0  0  0  0  0  0  0  0  0  0  0  0  0  0  61  61  0  61  0  0  0  0  61  0  61  

0  0  0  0  0  0  61  0  0  0  0  0  0  0  61  61  0  0  0  0  0  61  61  61  61  0  0  61  61  0  0  61  0  0  0  0  0  0  0  61  0  61  0  0  0  0  0  0  0  0  0  0  0  61  0  0  0  61  0  0  

0  0  0  0  0  0  0  61  61  0  0  0  0  0  0  0  61  0  0  61  0  0  0  0  0  61  0  61  61  0  0  0  0  0  61  61  0  0  0  0  61  0  0  61  61  0  0  0  0  0  0  61  61  0  61  61  0  0  0  0  

0  0  0  0  61  0  0  0  0  0  0  0  0  0  0  0  0  0  0  0  0  0  0  0  0  0  0  0  0  61  61  0  61  0  0  0  0  0  0  0  0  61  0  0  0  0  0  0  0  0  0  61  0  0  61  0  0  0  0  61  

0  61  0  0  0  61  61  0  0  0  0  0  0  0  0  0  0  0  0  0  0  61  0  0  0  0  0  0  0  61  61  0  0  0  61  0  0  0  0  0  0  0  0  0  0  0  0  0  61  0  61  0  61  0  61  0  0  0  61  0  

0  0  0  0  0  0  0  0  0  0  0  0  0  0  0  0  0  0  0  0  0  0  0  0  61  61  0  61  0  0  0  61  0  0  0  0  0  0  0  0  0  0  0  0  0  0  61  0  0  0  61  0  0  0  0  61  0  0  0  0  

0  0  0  0  0  0  61  0  61  0  0  61  0  0  0  0  61  0  0  0  0  0  0  0  61  0  61  0  0  61  0  0  61  0  61  0  0  61  0  0  0  61  0  0  61  0  0  0  0  0  0  61  0  0  0  0  0  0  0  0  

61  0  0  0  0  0  0  0  0  0  0  0  61  0  0  0  0  0  0  0  0  0  0  0  0  0  0  0  0  0  0  0  0  61  0  0  61  0  0  0  0  61  0  0  0  0  0  0  0  0  0  0  61  61  0  0  0  0  0  0  

61  0  61  0  0  61  0  0  0  0  0  61  0  61  0  0  0  0  61  0  61  61  0  0  0  0  0  0  61  0  61  0  61  0  61  0  0  61  0  0  0  0  0  0  0  0  0  0  0  0  0  61  0  0  61  0  0  0  0  0  

0  0  0  0  61  0  0  0  0  61  0  0  61  61  0  0  0  0  61  0  0  0  0  0  0  61  0  0  61  0  0  0  0  0  0  61  61  61  0  0  0  0  0  0  0  0  0  61  0  61  0  0  61  0  0  0  0  0  61  61  

61  0  0  61  0  61  0  0  0  0  0  61  0  61  0  0  0  0  0  0  0  61  0  0  61  0  0  0  0  0  0  0  0  61  0  61  61  61  0  61  0  0  0  0  0  0  0  0  0  0  61  0  0  61  0  0  61  0  61  0  

0  0  0  61  0  0  0  0  0  0  0  0  0  0  0  0  0  0  0  0  0  0  0  61  61  0  0  0  0  0  0  0  61  0  61  61  61  61  61  0  0  0  61  0  0  61  0  61  0  61  0  0  0  0  61  0  0  0  0  0  

0  61  0  0  0  0  0  0  0  0  0  0  0  0  0  0  0  0  0  61  0  61  61  0  0  0  0  0  0  0  0  0  0  0  0  0  0  61  61  0  0  0  0  0  0  0  61  0  0  0  0  61  0  61  0  0  0  0  0  0  

0  0  0  0  0  0  61  0  61  61  0  0  0  0  0  0  0  0  0  61  0  0  0  0  0  0  0  61  0  0  0  0  0  0  0  0  61  0  0  61  0  0  61  0  0  0  0  0  61  0  0  0  0  61  61  0  0  0  61  0  

0  0  61  0  0  0  61  61  0  61  0  61  0  0  61  0  0  61  0  0  61  61  0  61  0  0  0  0  61  0  0  0  0  0  0  0  0  0  0  0  61  0  0  61  0  61  61  0  0  61  61  61  0  61  0  0  61  0  0  61  

0  61  0  0  61  0  0  61  0  0  0  61  0  0  0  0  0  0  0  0  0  0  0  0  0  61  0  61  0  61  0  0  61  61  0  0  0  0  0  0  0  61  61  0  61  0  0  0  0  0  61  61  0  0  0  0  0  0  0  0  

0  0  61  0  0  0  0  0  0  0  61  0  0  0  0  61  0  0  61  0  0  0  0  0  0  0  0  0  0  0  0  0  0  0  0  0  0  61  0  61  0  61  61  0  0  61  61  0  0  0  0  0  0  0  0  0  61  61  0  0  

0  0  0  0  0  61  61  0  0  0  0  0  0  0  0  0  61  0  0  0  0  0  0  0  0  0  0  0  61  0  0  0  0  0  0  0  0  0  0  0  61  0  0  61  0  0  0  0  0  0  0  0  0  0  0  0  0  0  0  0  

0  0  0  0  0  0  0  0  0  0  0  0  0  61  0  0  61  0  0  0  61  0  61  0  0  0  0  0  61  0  0  0  61  0  0  0  0  0  0  0  0  61  0  0  61  0  0  0  0  0  0  61  0  0  0  0  0  0  0  0  

0  61  0  0  0  0  0  0  0  0  0  0  0  0  61  61  0  61  0  0  0  61  61  0  0  0  0  0  0  0  0  0  0  0  0  0  0  61  0  0  61  0  61  0  0  61  0  61  0  61  0  0  0  0  0  61  61  0  0  0  

61  0  0  0  61  61  0  0  0  0  0  0  0  0  0  0  61  0  61  0  0  61  61  0  0  0  0  0  0  0  0  61  0  0  0  0  0  0  61  0  61  0  61  0  0  0  61  61  0  0  0  0  0  0  0  61  0  0  61  0  

61  61  0  0  0  0  61  0  0  61  0  0  0  0  0  0  0  0  0  61  0  0  61  0  0  0  0  0  0  0  0  0  0  0  0  61  0  61  0  0  0  0  0  0  0  61  61  61  0  0  0  0  0  61  0  0  61  0  61  0  

0  0  0  0  61  0  0  0  0  0  0  0  0  0  0  0  0  0  0  61  0  0  0  0  0  0  0  0  0  0  61  0  0  0  0  0  0  0  0  61  0  0  0  0  0  0  0  0  61  0  61  0  0  0  0  0  0  61  0  0  

0  0  61  0  0  0  0  61  61  61  0  0  0  61  0  0  0  0  0  0  61  61  0  0  0  0  61  0  0  0  0  0  0  0  0  61  0  61  0  0  61  0  0  0  0  61  0  0  0  61  61  0  0  0  0  61  0  0  0  0  

0  0  0  0  0  0  0  0  0  61  61  0  0  0  0  0  61  0  0  61  0  0  0  61  0  0  61  0  0  0  61  61  0  0  0  0  61  0  0  0  61  61  0  0  0  0  0  0  61  61  61  0  0  0  61  0  0  0  0  0  

0  0  0  61  0  0  0  0  61  0  0  0  0  0  0  0  0  61  0  0  0  0  0  0  0  0  0  0  61  61  0  0  61  0  61  0  0  0  61  0  61  61  0  0  61  0  0  0  0  0  0  61  0  0  61  0  0  0  61  0  

0  0  0  0  0  0  0  61  0  61  0  0  0  0  0  0  0  0  0  0  0  0  0  0  0  0  61  0  61  0  61  0  0  61  0  61  0  0  0  0  0  0  0  0  0  0  0  0  0  0  0  0  61  0  0  61  0  0  0  0  

0  0  0  0  0  0  0  61  0  61  0  0  0  0  61  0  0  0  0  61  0  0  0  0  0  0  0  61  0  0  0  0  0  61  0  0  61  0  61  61  61  0  0  0  0  0  0  61  0  0  0  0  0  61  0  0  61  0  61  0  

61  0  61  61  0  0  0  0  0  0  0  0  0  0  61  0  0  0  0  0  61  0  0  61  61  0  0  0  61  61  61  0  0  0  61  0  0  61  0  61  0  0  0  0  0  0  0  0  0  0  61  61  0  0  61  61  0  61  61  61  

0  0  0  0  0  0  61  0  0  0  0  0  0  0  0  0  61  0  0  61  0  0  0  61  0  61  0  0  61  0  0  61  0  0  0  0  0  0  0  0  0  0  0  0  0  61  61  0  0  61  0  0  61  0  61  61  0  0  61  61  

0  0  61  0  0  0  0  61  0  0  0  0  0  0  0  0  0  0  0  0  0  0  0  61  0  0  0  0  0  0  0  0  0  0  0  0  61  0  0  0  61  0  61  0  0  61  0  61  0  0  0  0  0  61  0  0  61  0  61  0  

0  0  0  61  61  0  0  0  0  61  0  0  61  0  61  61  61  0  0  0  0  61  0  0  61  61  61  61  0  0  0  0  0  0  0  0  0  0  0  0  0  0  61  0  0  0  0  0  61  0  0  0  0  0  61  0  0  61  0  0  

0  61  0  0  0  0  0  0  0  0  0  61  61  61  61  0  0  61  0  0  0  0  0  61  0  0  0  0  0  0  61  0  0  0  0  61  61  0  0  61  0  0  0  0  0  0  61  61  0  0  0  61  0  61  61  61  61  0  61  0  

61  0  0  61  0  0  0  0  0  0  61  0  0  0  0  0  0  0  61  0  0  0  0  0  0  61  61  0  0  61  0  0  0  0  0  61  0  0  0  0  61  0  0  0  0  0  0  0  0  0  0  0  0  0  61  61  0  0  0  61  

UnPairedArc=
1 8 
1 9 
1 14 
1 19 
1 20 
1 21 
1 22 
1 34 
1 35 
1 37 
1 47 
1 48 
1 55 
1 60 
2 5 
2 9 
2 11 
2 12 
2 15 
2 19 
2 21 
2 26 
2 27 
2 31 
2 39 
2 42 
2 46 
2 48 
2 59 
3 4 
3 7 
3 9 
3 15 
3 19 
3 25 
3 35 
3 41 
3 43 
3 50 
3 55 
3 57 
4 10 
4 11 
4 17 
4 25 
4 26 
4 37 
4 38 
4 52 
4 55 
4 58 
4 60 
5 8 
5 12 
5 24 
5 30 
5 36 
5 42 
5 47 
5 49 
5 58 
6 13 
6 15 
6 25 
6 31 
6 35 
6 37 
6 44 
6 47 
7 13 
7 19 
7 21 
7 22 
7 28 
7 31 
7 33 
7 40 
7 41 
7 44 
7 48 
7 56 
8 9 
8 29 
8 41 
8 42 
8 50 
8 53 
8 54 
8 57 
9 14 
9 20 
9 29 
9 33 
9 40 
9 50 
9 52 
10 19 
10 20 
10 26 
10 36 
10 40 
10 41 
10 48 
10 50 
10 51 
10 53 
10 54 
10 58 
11 20 
11 43 
11 51 
11 60 
12 17 
12 18 
12 19 
12 23 
12 33 
12 35 
12 37 
12 41 
12 42 
12 59 
13 19 
13 22 
13 25 
13 34 
13 36 
13 58 
13 59 
14 20 
14 25 
14 35 
14 36 
14 37 
14 45 
14 50 
14 59 
15 28 
15 41 
15 46 
15 54 
15 55 
15 58 
15 59 
16 17 
16 28 
16 43 
16 46 
16 58 
17 29 
17 33 
17 44 
17 45 
17 47 
17 51 
17 56 
17 58 
18 20 
18 21 
18 41 
18 46 
18 52 
18 59 
19 23 
19 35 
19 36 
19 43 
19 47 
19 60 
20 27 
20 29 
20 39 
20 40 
20 48 
20 49 
20 51 
20 54 
20 56 
21 26 
21 35 
21 41 
21 45 
21 50 
21 55 
22 28 
22 31 
22 35 
22 37 
22 39 
22 41 
22 46 
22 47 
22 50 
22 58 
23 28 
23 39 
23 45 
23 46 
23 47 
23 48 
24 27 
24 28 
24 38 
24 41 
24 51 
24 55 
24 56 
24 57 
24 59 
25 28 
25 32 
25 33 
25 37 
25 38 
25 55 
25 58 
26 29 
26 32 
26 36 
26 42 
26 56 
26 58 
26 60 
27 33 
27 50 
27 51 
27 53 
27 58 
27 60 
28 29 
28 32 
28 40 
28 42 
28 54 
28 58 
29 35 
29 36 
29 41 
29 44 
29 45 
29 52 
29 53 
29 55 
29 56 
30 31 
30 33 
30 42 
30 52 
30 55 
30 60 
31 35 
31 49 
31 51 
31 53 
31 55 
31 59 
32 47 
32 51 
32 56 
33 35 
33 38 
33 42 
33 45 
33 52 
34 37 
34 42 
34 53 
34 54 
35 38 
35 52 
35 55 
36 37 
36 38 
36 48 
36 50 
36 53 
36 59 
36 60 
37 38 
37 40 
37 51 
37 54 
37 57 
37 59 
38 39 
38 43 
38 46 
38 48 
38 50 
38 55 
39 47 
39 52 
39 54 
40 43 
40 49 
40 54 
40 55 
40 59 
41 44 
41 46 
41 47 
41 50 
41 51 
41 52 
41 54 
41 57 
41 60 
42 43 
42 45 
42 51 
42 52 
43 46 
43 47 
43 57 
43 58 
45 52 
46 48 
46 50 
46 56 
46 57 
47 48 
47 56 
47 59 
48 54 
48 57 
48 59 
49 51 
49 58 
50 51 
50 56 
51 55 
52 55 
52 59 
53 56 
54 57 
54 59 
55 56 
55 58 
55 59 
55 60 
56 59 
56 60 
57 59 
