nNodes=80;
 nPairs=925;
Cost=

81  0  0  81  0  0  81  81  0  0  81  0  81  81  0  81  0  0  81  0  0  0  0  0  81  0  0  81  81  0  81  0  81  0  0  0  81  0  0  0  0  81  0  0  0  0  0  81  0  81  81  81  0  81  0  0  0  0  81  0  81  81  81  81  0  81  81  0  81  0  0  81  81  81  0  81  81  0  0  0  

0  81  81  0  0  0  0  0  0  0  0  0  81  0  0  81  0  0  0  0  0  0  0  0  0  0  81  0  0  0  0  0  0  0  0  0  0  0  0  0  81  0  0  0  81  0  81  81  0  0  0  0  81  0  0  0  81  0  81  0  0  0  0  81  0  0  0  0  0  81  0  0  0  81  0  0  81  81  0  0  

0  81  81  0  0  81  81  81  0  0  0  0  81  81  0  81  0  0  0  0  0  0  0  0  0  0  0  0  81  0  0  81  81  81  81  0  0  0  0  0  0  0  0  81  0  0  81  0  81  0  0  0  0  81  0  0  0  0  81  0  0  81  0  0  0  81  0  81  0  81  81  81  81  0  0  0  81  0  0  0  

81  0  0  81  0  0  81  0  81  81  0  0  0  81  0  81  81  0  0  0  0  0  81  0  0  81  0  81  0  0  0  0  0  0  0  0  0  81  0  0  81  81  81  81  0  81  0  0  81  0  0  81  81  81  0  0  0  0  0  81  0  0  81  0  0  0  0  0  0  0  0  0  0  81  81  0  0  0  0  81  

0  0  0  0  81  81  0  0  0  0  0  0  0  81  0  81  0  0  0  0  0  0  81  81  0  81  81  0  0  0  0  81  0  0  0  81  0  81  81  81  0  0  81  0  81  0  81  0  0  81  81  81  0  0  0  81  81  0  0  0  0  81  81  0  81  0  81  0  0  0  81  0  0  0  0  81  0  0  0  0  

0  0  81  0  81  81  0  0  81  81  81  0  0  0  81  81  0  81  0  0  0  0  81  81  81  81  0  0  0  0  0  0  81  0  0  0  0  81  0  0  0  0  0  0  0  0  0  81  0  0  0  0  0  81  0  0  0  0  0  0  0  0  0  81  0  0  0  0  81  81  0  0  81  81  81  81  0  0  0  81  

81  0  81  81  0  0  81  81  0  81  81  0  0  0  81  0  81  0  0  0  0  0  0  0  0  0  81  0  81  0  81  0  0  0  81  0  0  81  0  0  0  0  0  0  0  81  81  81  81  0  0  0  0  0  0  0  81  0  81  0  81  0  0  0  0  81  0  0  81  0  0  0  0  0  0  0  81  0  81  81  

81  0  81  0  0  0  81  81  81  81  0  81  81  81  0  0  81  81  0  0  0  0  0  81  0  81  0  81  0  0  0  0  81  0  0  0  0  0  81  81  81  0  0  0  0  81  81  81  0  0  0  0  0  0  0  0  81  0  0  0  0  0  0  0  0  0  81  81  0  0  0  0  81  81  0  0  0  0  81  0  

0  0  0  81  0  81  0  81  81  0  0  0  81  81  0  0  81  0  81  0  0  0  81  0  0  0  81  0  0  81  81  0  81  0  0  0  0  0  0  0  0  0  0  0  0  81  0  81  0  0  0  0  0  0  0  0  81  0  0  81  0  0  81  81  0  0  0  0  0  0  0  0  0  81  0  0  0  81  0  0  

0  0  0  81  0  81  81  81  0  81  0  81  0  0  81  0  0  81  0  0  0  0  0  81  0  0  0  81  81  0  0  81  0  81  81  0  81  0  81  81  0  0  0  0  0  0  0  0  0  81  0  81  81  0  81  0  81  0  0  81  0  0  0  0  81  0  81  0  0  81  81  81  0  0  0  0  0  0  0  0  

81  0  0  0  0  81  81  0  0  0  81  81  81  0  0  0  0  0  81  81  0  81  81  81  81  0  0  0  81  81  0  0  81  0  0  81  0  0  0  0  0  0  0  0  0  81  0  0  81  0  0  0  0  0  0  0  0  0  0  81  81  0  81  0  0  0  0  81  81  0  0  0  0  0  0  0  0  81  0  81  

0  0  0  0  0  0  0  81  0  81  81  81  0  0  0  0  0  0  0  81  0  81  0  0  81  0  81  0  81  0  81  81  0  81  0  0  81  81  0  0  81  0  81  0  0  81  0  0  0  81  0  0  0  0  0  0  0  81  0  81  81  0  0  0  0  0  0  0  0  81  0  0  0  0  0  81  0  0  0  0  

81  81  81  0  0  0  0  81  81  0  81  0  81  0  0  0  81  0  81  0  0  0  0  0  0  0  0  0  0  0  0  0  0  0  0  0  81  0  0  81  0  0  0  0  81  81  0  0  0  0  0  0  81  81  81  0  81  81  0  0  0  0  0  0  0  0  81  0  0  81  81  0  81  81  81  0  0  0  81  0  

81  0  81  81  81  0  0  81  81  0  0  0  0  81  81  81  0  0  81  0  0  0  0  0  0  0  0  0  0  0  81  81  0  0  0  0  0  0  0  81  0  0  81  81  81  81  81  0  0  81  0  0  81  0  0  81  0  0  0  0  0  0  0  0  81  0  0  0  81  0  81  81  0  81  0  81  0  0  0  0  

0  0  0  0  0  81  81  0  0  81  0  0  0  81  81  0  0  0  81  81  0  0  0  81  0  81  0  81  0  81  81  0  81  81  0  0  81  81  0  0  0  0  0  0  0  0  0  81  81  81  81  0  0  81  0  0  0  0  0  0  0  81  0  81  0  0  0  0  0  0  0  0  0  0  0  0  0  0  0  0  

81  81  81  81  81  81  0  0  0  0  0  0  0  81  0  81  0  0  0  81  0  0  0  0  81  0  0  81  81  0  81  0  0  0  81  0  81  0  0  81  0  81  81  0  81  0  0  81  81  0  0  0  0  0  0  0  0  0  0  81  0  0  0  81  0  81  81  0  0  0  81  81  0  0  81  81  0  0  0  0  

0  0  0  81  0  0  81  81  81  0  0  0  81  0  0  0  81  0  0  0  81  0  81  0  81  81  0  81  0  81  0  81  0  0  0  0  0  81  81  0  81  0  0  0  81  0  81  81  0  0  81  0  81  0  0  0  0  0  0  0  0  0  0  0  0  81  0  0  0  0  0  81  0  0  0  0  0  81  0  81  

0  0  0  0  0  81  0  81  0  81  0  0  0  0  0  0  0  81  81  0  81  0  0  0  81  0  0  0  0  81  0  0  0  0  0  81  0  0  0  0  0  0  81  0  0  0  0  81  0  0  0  0  0  81  0  0  81  0  0  0  0  81  0  0  0  0  0  0  0  0  0  0  81  0  0  0  81  0  0  0  

81  0  0  0  0  0  0  0  81  0  81  0  81  81  81  0  0  81  81  0  81  0  0  0  0  0  81  0  81  0  81  0  81  0  0  81  0  81  0  0  0  0  81  0  81  0  0  0  0  0  0  81  0  0  81  0  0  81  81  0  81  0  0  0  0  81  0  0  81  81  0  0  0  0  81  0  81  0  0  81  

0  0  0  0  0  0  0  0  0  0  81  81  0  0  81  81  0  0  0  81  0  0  0  81  0  0  0  81  0  0  0  0  0  0  0  0  0  0  0  0  0  81  0  0  0  81  81  0  81  0  0  0  0  0  81  81  0  81  0  0  0  81  81  81  0  0  0  0  0  81  0  81  0  81  0  0  0  81  0  0  

0  0  0  0  0  0  0  0  0  0  0  0  0  0  0  0  81  81  81  0  81  81  81  81  0  0  81  81  0  0  0  0  0  0  81  81  0  81  0  0  81  81  81  81  0  0  0  0  81  81  0  81  0  0  0  0  81  0  0  0  0  0  81  0  0  0  0  0  0  0  0  81  0  0  0  0  0  0  0  0  

0  0  0  0  0  0  0  0  0  0  81  81  0  0  0  0  0  0  0  0  81  81  0  0  0  81  0  0  81  81  81  0  81  0  0  0  0  0  81  0  0  81  81  0  0  0  81  0  0  81  0  0  0  0  0  81  0  81  81  0  0  0  0  81  81  0  0  81  81  81  0  0  0  81  0  81  81  0  0  0  

0  0  0  81  81  81  0  0  81  0  81  0  0  0  0  0  81  0  0  0  81  0  81  81  0  0  81  0  0  0  0  0  0  0  0  0  0  0  0  0  0  0  0  0  0  0  0  0  81  0  0  81  0  0  0  0  0  0  81  0  0  0  81  0  0  81  81  0  0  0  81  0  81  0  81  81  0  0  0  0  

0  0  0  0  81  81  0  81  0  81  81  0  0  0  81  0  0  0  0  81  81  0  81  81  0  0  0  81  81  0  0  0  0  0  0  0  81  0  81  0  81  0  0  0  81  81  0  0  0  0  0  0  81  81  0  0  0  0  81  0  81  0  0  0  81  0  0  0  0  81  0  81  81  81  0  0  0  81  81  0  

81  0  0  0  0  81  0  0  0  0  81  81  0  0  0  81  81  81  0  0  0  0  0  0  81  0  0  0  0  81  81  0  81  0  81  0  0  0  0  0  0  0  81  0  0  0  0  81  81  81  0  81  0  0  0  0  81  0  0  81  81  0  0  0  0  0  81  0  0  0  0  0  0  0  0  0  0  0  81  81  

0  0  0  81  81  81  0  81  0  0  0  0  0  0  81  0  81  0  0  0  0  81  0  0  0  81  81  0  0  0  0  0  81  0  0  0  0  0  0  0  0  0  0  0  0  0  0  0  81  81  81  0  0  0  0  0  0  81  0  0  81  0  81  0  0  81  0  0  0  0  81  0  0  0  0  0  81  0  81  81  

0  81  0  0  81  0  81  0  81  0  0  81  0  0  0  0  0  0  81  0  81  0  81  0  0  81  81  0  0  0  0  0  81  0  0  0  81  0  0  81  81  0  0  0  81  0  0  0  81  0  0  81  81  0  0  0  0  0  0  0  81  81  0  0  0  81  81  81  81  0  81  0  81  0  0  0  0  81  0  81  

81  0  0  81  0  0  0  81  0  81  0  0  0  0  81  81  81  0  0  81  81  0  0  81  0  0  0  81  0  81  81  0  81  0  81  0  81  0  81  0  0  0  0  0  0  0  81  0  0  0  0  81  0  0  0  0  81  0  0  0  0  0  81  81  0  0  0  0  0  81  81  0  81  0  0  0  81  0  0  0  

81  0  81  0  0  0  81  0  0  81  81  81  0  0  0  81  0  0  81  0  0  81  0  81  0  0  0  0  81  0  0  0  81  0  0  81  81  0  0  0  0  0  81  0  0  81  0  81  0  0  81  81  81  0  81  0  0  0  81  81  0  0  0  0  0  81  0  0  0  81  81  0  81  81  0  0  81  0  0  0  

0  0  0  0  0  0  0  0  81  0  81  0  0  0  81  0  81  81  0  0  0  81  0  0  81  0  0  81  0  81  0  0  0  0  0  0  0  0  81  81  0  0  0  0  0  81  0  0  0  81  0  81  0  81  0  0  81  0  81  81  0  0  81  81  0  0  0  81  0  0  81  0  0  0  0  0  0  81  0  0  

81  0  0  0  0  0  81  0  81  0  0  81  0  81  81  81  0  0  81  0  0  81  0  0  81  0  0  81  0  0  81  0  0  0  0  81  0  81  0  0  81  81  0  0  0  0  0  0  0  81  0  81  81  81  0  0  81  0  81  81  0  81  0  81  0  81  0  0  0  0  81  0  0  0  0  0  81  0  0  0  

0  0  81  0  81  0  0  0  0  81  0  81  0  81  0  0  81  0  0  0  0  0  0  0  0  0  0  0  0  0  0  81  0  0  81  0  0  0  0  81  81  0  0  0  0  0  0  0  0  81  0  0  0  0  0  0  0  0  0  0  0  0  0  0  0  81  81  81  81  0  0  0  0  0  0  0  0  81  0  0  

81  0  81  0  0  81  0  81  81  0  81  0  0  0  81  0  0  0  81  0  0  81  0  0  81  81  81  81  81  0  0  0  81  0  0  0  0  0  0  81  0  0  0  0  0  81  81  81  0  0  0  0  81  0  0  81  0  0  0  81  0  0  0  0  81  81  0  0  0  0  0  0  0  0  0  81  0  0  0  0  

0  0  81  0  0  0  0  0  0  81  0  81  0  0  81  0  0  0  0  0  0  0  0  0  0  0  0  0  0  0  0  0  0  81  0  81  0  81  0  81  81  0  81  0  0  81  81  81  81  0  81  0  81  0  81  0  0  0  0  0  81  0  81  0  0  0  0  0  81  81  0  0  81  81  81  0  0  0  0  0  

0  0  81  0  0  0  81  0  0  81  0  0  0  0  0  81  0  0  0  0  81  0  0  0  81  0  0  81  0  0  0  81  0  0  81  0  0  0  0  0  0  0  81  81  0  81  0  0  81  0  81  0  81  81  0  81  81  81  0  0  0  0  0  81  0  0  0  0  81  81  81  0  0  0  81  0  81  81  0  0  

0  0  0  0  81  0  0  0  0  0  81  0  0  0  0  0  0  81  81  0  81  0  0  0  0  0  0  0  81  0  81  0  0  81  0  81  0  81  81  0  0  0  0  0  0  0  0  81  0  0  0  0  0  0  0  81  0  0  0  0  81  0  0  0  0  0  0  0  0  0  0  81  81  0  0  0  0  0  81  81  

81  0  0  0  0  0  0  0  0  81  0  81  81  0  81  81  0  0  0  0  0  0  0  81  0  0  81  81  81  0  0  0  0  0  0  0  81  0  0  0  0  81  0  81  0  0  0  0  0  0  0  81  0  0  0  0  0  0  81  0  0  0  81  0  0  0  0  81  81  0  81  0  0  0  0  0  0  81  0  0  

0  0  0  81  81  81  81  0  0  0  0  81  0  0  81  0  81  0  81  0  81  0  0  0  0  0  0  0  0  0  81  0  0  81  0  81  0  81  81  0  81  0  81  81  0  0  81  0  0  81  0  0  0  0  0  0  81  0  0  0  0  0  0  0  0  0  0  0  0  0  0  81  81  0  0  81  81  0  81  0  

0  0  0  0  81  0  0  81  0  81  0  0  0  0  0  0  81  0  0  0  0  81  0  81  0  0  0  81  0  81  0  0  0  0  0  81  0  81  81  0  0  0  81  0  81  0  0  0  81  81  0  0  0  0  0  0  81  0  0  0  0  0  0  81  81  0  0  81  0  0  0  0  0  81  81  0  81  0  81  0  

0  0  0  0  81  0  0  81  0  81  0  0  81  81  0  81  0  0  0  0  0  0  0  0  0  0  81  0  0  81  0  81  81  81  0  0  0  0  0  81  0  0  0  0  81  0  81  0  0  81  0  81  81  0  0  0  0  0  0  0  81  0  81  0  0  81  0  0  81  0  0  0  0  0  0  81  0  0  81  81  

0  81  0  81  0  0  0  81  0  0  0  81  0  0  0  0  81  0  0  0  81  0  0  81  0  0  81  0  0  0  81  81  0  81  0  0  0  81  0  0  81  0  81  0  81  0  0  0  0  81  0  0  0  81  0  0  81  0  0  0  0  0  0  81  0  81  0  0  0  0  0  0  0  0  0  81  0  81  0  0  

81  0  0  81  0  0  0  0  0  0  0  0  0  0  0  81  0  0  0  81  81  81  0  0  0  0  0  0  0  0  81  0  0  0  0  0  81  0  0  0  0  81  0  0  0  0  0  81  81  0  81  0  0  0  0  81  0  0  0  0  81  81  81  0  0  0  0  0  81  0  0  0  81  0  0  0  0  81  0  0  

0  0  0  81  81  0  0  0  0  0  0  81  0  81  0  81  0  81  81  0  81  81  0  0  81  0  0  0  81  0  0  0  0  81  81  0  0  81  81  0  81  0  81  0  0  0  0  0  81  0  81  81  81  0  81  0  0  0  0  81  0  0  0  0  0  0  0  0  0  0  0  0  0  0  0  0  0  81  81  0  

0  0  81  81  0  0  0  0  0  0  0  0  0  81  0  0  0  0  0  0  81  0  0  0  0  0  0  0  0  0  0  0  0  0  81  0  81  81  0  0  0  0  0  81  81  81  0  0  0  0  0  0  81  0  81  0  81  0  81  0  0  0  0  81  0  0  0  81  0  0  0  0  0  0  0  0  0  81  0  81  

0  81  0  0  81  0  0  0  0  0  0  0  81  81  0  81  81  0  81  0  0  0  0  81  0  0  81  0  0  0  0  0  0  0  0  0  0  0  81  81  81  0  0  81  81  0  0  81  0  0  0  0  0  0  0  0  0  0  0  81  0  0  0  0  0  81  0  0  0  0  0  81  0  81  0  81  0  0  0  0  

0  0  0  81  0  0  81  81  81  0  81  81  81  81  0  0  0  0  0  81  0  0  0  81  0  0  0  0  81  81  0  0  81  81  81  0  0  0  0  0  0  0  0  81  0  81  0  81  81  81  0  0  0  0  0  81  81  0  81  0  0  0  0  0  0  0  0  0  0  0  0  0  0  0  81  0  81  81  0  0  

0  81  81  0  81  0  81  81  0  0  0  0  0  81  0  0  81  0  0  81  0  81  0  0  0  0  0  81  0  0  0  0  81  81  0  0  0  81  0  81  0  0  0  0  0  0  81  81  81  0  81  0  0  0  0  0  0  81  81  0  81  0  0  0  81  81  81  81  81  81  0  81  81  0  0  0  0  0  0  81  

81  81  0  0  0  81  81  81  81  0  0  0  0  0  81  81  81  81  0  0  0  0  0  0  81  0  0  0  81  0  0  0  81  81  0  81  0  0  0  0  0  81  0  0  81  81  81  81  81  0  0  81  0  81  0  81  0  0  0  81  0  81  81  81  0  0  0  0  81  81  0  0  0  0  0  81  0  0  0  0  

0  0  81  81  0  0  81  0  0  0  81  0  0  0  81  81  0  0  0  81  81  0  81  0  81  81  81  0  0  0  0  0  0  81  81  0  0  0  81  0  0  81  81  0  0  81  81  81  81  0  0  0  0  0  81  0  81  0  81  0  81  0  0  81  81  81  81  0  0  0  0  0  0  0  0  0  0  81  0  0  

81  0  0  0  81  0  0  0  0  81  0  81  0  81  81  0  0  0  0  0  81  81  0  0  81  81  0  0  0  81  81  81  0  0  0  0  0  81  81  81  81  0  0  0  0  81  0  0  0  81  0  81  0  81  81  0  0  0  0  0  0  81  81  81  0  0  0  81  81  81  0  0  0  0  81  0  0  81  0  0  

81  0  0  0  81  0  0  0  0  0  0  0  0  0  81  0  81  0  0  0  0  0  0  0  0  81  0  0  81  0  0  0  0  81  81  0  0  0  0  0  0  81  81  0  0  0  81  0  0  0  81  0  0  0  0  0  0  0  0  81  0  0  81  81  0  0  81  0  0  0  0  0  0  0  0  81  81  0  0  0  

81  0  0  81  81  0  0  0  0  81  0  0  0  0  0  0  0  0  81  0  81  0  81  0  81  0  81  81  81  81  81  0  0  0  0  0  81  0  0  81  0  0  81  0  0  0  0  81  0  81  0  81  0  0  0  81  0  0  0  81  81  0  0  0  0  0  81  81  0  0  0  0  0  0  81  0  0  0  0  0  

0  81  0  81  0  0  0  0  0  81  0  0  81  81  0  0  81  0  0  0  0  0  0  81  0  0  81  0  81  0  81  0  81  81  81  0  0  0  0  81  0  0  81  81  0  0  0  0  0  0  0  0  81  0  0  0  0  0  0  81  81  81  81  0  0  0  81  0  0  81  0  81  0  0  0  81  81  81  0  0  

81  0  81  81  0  81  0  0  0  0  0  0  81  0  81  0  0  81  0  0  0  0  0  81  0  0  0  0  0  81  81  0  0  0  81  0  0  0  0  0  81  0  0  0  0  0  0  81  0  81  0  0  0  81  0  81  0  0  81  0  0  0  0  0  0  81  81  0  0  0  81  81  0  81  0  0  81  0  0  0  

0  0  0  0  0  0  0  0  0  81  0  0  81  0  0  0  0  0  81  81  0  0  0  0  0  0  0  0  81  0  0  0  0  81  0  0  0  0  0  0  0  0  81  81  0  0  0  0  81  81  0  0  0  0  81  0  0  0  81  81  0  0  0  81  81  81  81  0  81  0  0  0  0  0  0  0  81  0  0  81  

0  0  0  0  81  0  0  0  0  0  0  0  0  81  0  0  0  0  0  81  0  81  0  0  0  0  0  0  0  0  0  0  81  0  81  81  0  0  0  0  0  81  0  0  0  81  0  81  0  0  0  81  0  81  0  81  81  0  0  0  0  0  0  81  0  0  81  0  81  0  81  81  0  0  0  0  0  0  0  81  

0  81  0  0  81  0  81  81  81  81  0  0  81  0  0  0  0  81  0  0  81  0  0  0  81  0  0  81  0  81  81  0  0  0  81  0  0  81  81  0  81  0  0  81  0  81  0  0  81  0  0  0  0  0  0  81  81  0  81  0  0  81  0  0  81  0  0  0  0  0  0  81  0  0  0  81  0  0  81  0  

0  0  0  0  0  0  0  0  0  0  0  81  81  0  0  0  0  0  81  81  0  81  0  0  0  81  0  0  0  0  0  0  0  0  81  0  0  0  0  0  0  0  0  0  0  0  81  0  0  0  0  0  0  0  0  0  0  81  81  81  0  81  0  0  0  0  0  0  81  0  81  0  0  0  81  0  0  81  0  0  

81  81  81  0  0  0  81  0  0  0  0  0  0  0  0  0  0  0  81  0  0  81  81  81  0  0  0  0  81  81  81  0  0  0  0  0  81  0  0  0  0  0  0  81  0  81  81  0  81  0  0  0  0  81  81  0  81  81  81  0  0  0  0  81  0  0  81  81  0  0  0  0  0  0  0  81  0  81  0  0  

0  0  0  81  0  0  0  0  81  81  81  81  0  0  0  81  0  0  0  0  0  0  0  0  81  0  0  0  81  81  81  0  81  0  0  0  0  0  0  0  0  0  81  0  81  0  0  81  0  0  81  81  81  0  81  0  0  81  0  81  81  0  81  0  81  0  81  0  81  0  0  0  0  81  0  0  0  0  81  0  

81  0  0  0  0  0  81  0  0  0  81  81  0  0  0  0  0  0  81  0  0  0  0  81  81  81  81  0  0  0  0  0  0  81  0  81  0  0  0  81  0  81  0  0  0  0  81  0  81  0  0  81  81  0  0  0  0  0  0  81  81  0  81  0  0  0  0  0  0  0  81  81  81  0  0  0  0  0  81  0  

81  0  81  0  81  0  0  0  0  0  0  0  0  0  81  0  0  81  0  81  0  0  0  0  0  0  81  0  0  0  81  0  0  0  0  0  0  0  0  0  0  81  0  0  0  0  0  81  0  81  0  0  81  0  0  0  81  81  0  0  0  81  0  0  81  0  0  0  0  0  0  0  0  81  0  0  81  0  81  81  

81  0  0  81  81  0  0  0  81  0  81  0  0  0  0  0  0  0  0  81  81  0  81  0  0  81  0  81  0  81  0  0  0  81  0  0  81  0  0  81  0  81  0  0  0  0  0  81  0  81  81  0  81  0  0  0  0  0  0  81  81  0  81  81  0  0  0  81  0  81  0  0  0  0  0  0  0  0  0  0  

81  81  0  0  0  81  0  0  81  0  0  0  0  0  81  81  0  0  0  81  0  81  0  0  0  0  0  81  0  81  81  0  0  0  81  0  0  0  81  0  81  0  0  81  0  0  0  81  81  81  81  0  0  0  81  81  0  0  81  0  0  0  81  81  0  0  81  0  0  81  0  0  0  0  0  0  0  0  0  0  

0  0  0  0  81  0  0  0  0  81  0  0  0  81  0  0  0  0  0  0  0  81  0  81  0  0  0  0  0  0  0  0  81  0  0  0  0  0  81  0  0  0  0  0  0  0  81  0  81  0  0  0  0  0  81  0  81  0  0  81  0  81  0  0  81  0  0  0  0  0  81  81  0  0  81  81  0  0  0  0  

81  0  81  0  0  0  81  0  0  0  0  0  0  0  0  81  81  0  81  0  0  0  81  0  0  81  81  0  81  0  81  81  81  0  0  0  0  0  0  81  81  0  0  0  81  0  81  0  81  0  0  0  0  81  81  0  0  0  0  0  0  0  0  0  0  81  81  0  0  0  0  0  0  0  81  0  0  0  81  0  

81  0  0  0  81  0  0  81  0  81  0  0  81  0  0  81  0  0  0  0  0  0  81  0  81  0  81  0  0  0  0  81  0  0  0  0  0  0  0  0  0  0  0  0  0  0  81  0  81  0  81  81  81  81  81  81  0  0  81  81  0  0  0  81  0  81  81  81  0  81  0  0  0  0  81  81  81  0  0  81  

0  0  81  0  0  0  0  81  0  0  81  0  0  0  0  0  0  0  0  0  0  81  0  0  0  0  81  0  0  81  0  81  0  0  0  0  81  0  81  0  0  0  0  81  0  0  81  0  0  81  0  81  0  0  0  0  0  0  81  0  0  0  81  0  0  0  81  81  81  0  0  0  81  0  0  81  0  0  81  81  

81  0  0  0  0  81  81  0  0  0  81  0  0  81  0  0  0  0  81  0  0  81  0  0  0  0  81  0  0  0  0  81  0  81  81  0  81  0  0  81  0  81  0  0  0  0  81  81  0  81  0  0  0  0  81  81  0  81  0  81  0  0  0  0  0  0  0  81  81  0  0  0  0  81  0  81  0  81  81  0  

0  81  81  0  0  81  0  0  0  81  0  81  81  0  0  0  0  0  81  81  0  81  0  81  0  0  0  81  81  0  0  0  0  81  81  0  0  0  0  0  0  0  0  0  0  0  81  81  0  81  0  0  81  0  0  0  0  0  0  0  0  0  81  81  0  0  81  0  0  81  0  0  0  0  81  0  0  0  0  0  

0  0  81  0  81  0  0  0  0  81  0  0  81  81  0  81  0  0  0  0  0  0  81  0  0  81  81  81  81  81  81  0  0  0  81  0  81  0  0  0  0  0  0  0  0  0  0  0  0  0  0  0  0  81  0  81  0  81  0  0  81  0  0  0  81  0  0  0  0  0  81  0  0  81  0  0  0  81  0  0  

81  0  81  0  0  0  0  0  0  81  0  0  0  81  0  81  81  0  0  81  81  0  0  81  0  0  0  0  0  0  0  0  0  0  0  81  0  81  0  0  0  0  0  0  81  0  81  0  0  0  0  0  81  81  0  81  81  0  0  0  81  0  0  0  81  0  0  0  0  0  0  81  0  81  0  81  0  0  0  0  

81  0  81  0  0  81  0  81  0  0  0  0  81  0  0  0  0  81  0  0  0  0  81  81  0  0  81  81  81  0  0  0  0  81  0  81  0  81  0  0  0  81  0  0  0  0  81  0  0  0  0  0  0  0  0  0  0  0  0  0  81  0  0  0  0  0  0  81  0  0  0  0  81  0  0  81  0  81  81  81  

81  81  0  81  0  81  0  81  81  0  0  0  81  81  0  0  0  0  0  81  0  81  0  81  0  0  0  0  81  0  0  0  0  81  0  0  0  0  81  0  0  0  0  0  81  0  0  0  0  0  0  0  0  81  0  0  0  0  0  81  0  81  0  0  0  0  0  0  81  0  81  81  0  81  81  81  0  0  0  0  

0  0  0  81  0  81  0  0  0  0  0  0  81  0  0  81  0  0  81  0  0  0  81  0  0  0  0  0  0  0  0  0  0  81  81  0  0  0  81  0  0  0  0  0  0  81  0  0  0  81  0  81  0  0  0  0  0  81  0  0  0  0  0  0  81  81  81  0  0  81  0  0  0  81  81  0  81  0  81  81  

81  0  0  0  81  81  0  0  0  0  0  81  0  81  0  81  0  0  0  0  0  81  81  0  0  0  0  0  0  0  0  0  81  0  0  0  0  81  0  81  81  0  0  0  81  0  0  81  0  0  81  0  81  0  0  0  81  0  81  0  0  0  0  0  81  0  81  81  81  0  0  81  81  81  0  81  81  0  0  0  

81  81  81  0  0  0  81  0  0  0  0  0  0  0  0  0  0  81  81  0  0  81  0  0  0  81  0  81  81  0  81  0  0  0  81  0  0  81  81  0  0  0  0  0  0  81  0  0  0  0  81  0  81  81  81  0  0  0  0  0  0  81  0  0  0  0  81  0  0  0  0  0  0  0  81  81  81  0  81  81  

0  81  0  0  0  0  0  0  81  0  81  0  0  0  0  0  81  0  0  81  0  0  0  81  0  0  81  0  0  81  0  81  0  0  81  0  81  0  0  0  81  81  81  81  0  81  0  0  81  81  0  0  81  0  0  0  0  81  81  0  0  0  0  0  0  0  0  0  81  0  81  0  81  0  0  0  0  81  0  0  

0  0  0  0  0  0  81  81  0  0  0  0  81  0  0  0  0  0  0  0  0  0  0  81  81  81  0  0  0  0  0  0  0  0  0  81  0  81  81  81  0  0  81  0  0  0  0  0  0  0  0  0  0  0  0  0  81  0  0  81  81  81  0  0  0  81  0  81  81  0  0  0  81  0  81  0  81  0  81  81  

0  0  0  81  0  81  81  0  0  0  81  0  0  0  0  0  81  0  81  0  0  0  0  0  81  81  81  0  0  0  0  0  0  0  0  81  0  0  0  81  0  0  0  81  0  0  81  0  0  0  0  0  0  0  81  81  0  0  0  0  0  81  0  0  0  0  81  81  0  0  0  0  81  0  81  0  81  0  81  81  

UnPairedArc=
1 4 
1 7 
1 8 
1 11 
1 13 
1 14 
1 16 
1 19 
1 25 
1 28 
1 29 
1 31 
1 33 
1 37 
1 42 
1 48 
1 50 
1 51 
1 52 
1 54 
1 59 
1 61 
1 62 
1 63 
1 64 
1 66 
1 67 
1 69 
1 72 
1 73 
1 74 
1 76 
1 77 
2 3 
2 13 
2 16 
2 27 
2 41 
2 45 
2 47 
2 48 
2 53 
2 57 
2 59 
2 64 
2 70 
2 74 
2 77 
2 78 
3 6 
3 7 
3 8 
3 13 
3 14 
3 16 
3 29 
3 32 
3 33 
3 34 
3 35 
3 44 
3 47 
3 49 
3 54 
3 59 
3 62 
3 66 
3 68 
3 70 
3 71 
3 72 
3 73 
3 77 
4 7 
4 9 
4 10 
4 14 
4 16 
4 17 
4 23 
4 26 
4 28 
4 38 
4 41 
4 42 
4 43 
4 44 
4 46 
4 49 
4 52 
4 53 
4 54 
4 60 
4 63 
4 74 
4 75 
4 80 
5 6 
5 14 
5 16 
5 23 
5 24 
5 26 
5 27 
5 32 
5 36 
5 38 
5 39 
5 40 
5 43 
5 45 
5 47 
5 50 
5 51 
5 52 
5 56 
5 57 
5 62 
5 63 
5 65 
5 67 
5 71 
5 76 
6 9 
6 10 
6 11 
6 15 
6 16 
6 18 
6 23 
6 24 
6 25 
6 26 
6 33 
6 38 
6 48 
6 54 
6 64 
6 69 
6 70 
6 73 
6 74 
6 75 
6 76 
6 80 
7 8 
7 10 
7 11 
7 15 
7 17 
7 27 
7 29 
7 31 
7 35 
7 38 
7 46 
7 47 
7 48 
7 49 
7 57 
7 59 
7 61 
7 66 
7 69 
7 77 
7 79 
7 80 
8 9 
8 10 
8 12 
8 13 
8 14 
8 17 
8 18 
8 24 
8 26 
8 28 
8 33 
8 39 
8 40 
8 41 
8 46 
8 47 
8 48 
8 57 
8 67 
8 68 
8 73 
8 74 
8 79 
9 13 
9 14 
9 17 
9 19 
9 23 
9 27 
9 30 
9 31 
9 33 
9 46 
9 48 
9 57 
9 60 
9 63 
9 64 
9 74 
9 78 
10 12 
10 15 
10 18 
10 24 
10 28 
10 29 
10 32 
10 34 
10 35 
10 37 
10 39 
10 40 
10 50 
10 52 
10 53 
10 55 
10 57 
10 60 
10 65 
10 67 
10 70 
10 71 
10 72 
11 12 
11 13 
11 19 
11 20 
11 22 
11 23 
11 24 
11 25 
11 29 
11 30 
11 33 
11 36 
11 46 
11 49 
11 60 
11 61 
11 63 
11 68 
11 69 
11 78 
11 80 
12 20 
12 22 
12 25 
12 27 
12 29 
12 31 
12 32 
12 34 
12 37 
12 38 
12 41 
12 43 
12 46 
12 50 
12 58 
12 60 
12 61 
12 70 
12 76 
13 17 
13 19 
13 37 
13 40 
13 45 
13 46 
13 53 
13 54 
13 55 
13 57 
13 58 
13 67 
13 70 
13 71 
13 73 
13 74 
13 75 
13 79 
14 15 
14 16 
14 19 
14 31 
14 32 
14 40 
14 43 
14 44 
14 45 
14 46 
14 47 
14 50 
14 53 
14 56 
14 65 
14 69 
14 71 
14 72 
14 74 
14 76 
15 19 
15 20 
15 24 
15 26 
15 28 
15 30 
15 31 
15 33 
15 34 
15 37 
15 38 
15 48 
15 49 
15 50 
15 51 
15 54 
15 62 
15 64 
16 20 
16 25 
16 28 
16 29 
16 31 
16 35 
16 37 
16 40 
16 42 
16 43 
16 45 
16 48 
16 49 
16 60 
16 64 
16 66 
16 67 
16 71 
16 72 
16 75 
16 76 
17 21 
17 23 
17 25 
17 26 
17 28 
17 30 
17 32 
17 38 
17 39 
17 41 
17 45 
17 47 
17 48 
17 51 
17 53 
17 66 
17 72 
17 78 
17 80 
18 19 
18 21 
18 25 
18 30 
18 36 
18 43 
18 48 
18 54 
18 57 
18 62 
18 73 
18 77 
19 21 
19 27 
19 29 
19 31 
19 33 
19 36 
19 38 
19 43 
19 45 
19 52 
19 55 
19 58 
19 59 
19 61 
19 66 
19 69 
19 70 
19 75 
19 77 
19 80 
20 24 
20 28 
20 42 
20 46 
20 47 
20 49 
20 55 
20 56 
20 58 
20 62 
20 63 
20 64 
20 70 
20 72 
20 74 
20 78 
21 22 
21 23 
21 24 
21 27 
21 28 
21 35 
21 36 
21 38 
21 41 
21 42 
21 43 
21 44 
21 49 
21 50 
21 52 
21 57 
21 63 
21 72 
22 26 
22 29 
22 30 
22 31 
22 33 
22 39 
22 42 
22 43 
22 47 
22 50 
22 56 
22 58 
22 59 
22 64 
22 65 
22 68 
22 69 
22 70 
22 74 
22 76 
22 77 
23 24 
23 27 
23 49 
23 52 
23 59 
23 63 
23 66 
23 67 
23 71 
23 73 
23 75 
23 76 
24 28 
24 29 
24 37 
24 39 
24 41 
24 45 
24 46 
24 53 
24 54 
24 59 
24 61 
24 65 
24 70 
24 72 
24 73 
24 74 
24 78 
24 79 
25 30 
25 31 
25 33 
25 35 
25 43 
25 48 
25 49 
25 50 
25 52 
25 57 
25 60 
25 61 
25 67 
25 79 
25 80 
26 27 
26 33 
26 49 
26 50 
26 51 
26 58 
26 61 
26 63 
26 66 
26 71 
26 77 
26 79 
26 80 
27 33 
27 37 
27 40 
27 41 
27 45 
27 49 
27 52 
27 53 
27 61 
27 62 
27 66 
27 67 
27 68 
27 69 
27 71 
27 73 
27 78 
27 80 
28 30 
28 31 
28 33 
28 35 
28 37 
28 39 
28 47 
28 52 
28 57 
28 63 
28 64 
28 70 
28 71 
28 73 
28 77 
29 33 
29 36 
29 37 
29 43 
29 46 
29 48 
29 51 
29 52 
29 53 
29 55 
29 59 
29 60 
29 66 
29 70 
29 71 
29 73 
29 74 
29 77 
30 39 
30 40 
30 46 
30 50 
30 52 
30 54 
30 57 
30 59 
30 60 
30 63 
30 64 
30 68 
30 71 
30 78 
31 36 
31 38 
31 41 
31 42 
31 50 
31 52 
31 53 
31 54 
31 57 
31 59 
31 60 
31 62 
31 64 
31 66 
31 71 
31 77 
32 35 
32 40 
32 41 
32 50 
32 66 
32 67 
32 68 
32 69 
32 78 
33 40 
33 46 
33 47 
33 48 
33 53 
33 56 
33 60 
33 65 
33 66 
33 76 
34 36 
34 38 
34 40 
34 41 
34 43 
34 46 
34 47 
34 48 
34 49 
34 51 
34 53 
34 55 
34 61 
34 63 
34 69 
34 70 
34 73 
34 74 
34 75 
35 43 
35 44 
35 46 
35 49 
35 51 
35 53 
35 54 
35 56 
35 57 
35 58 
35 64 
35 69 
35 70 
35 71 
35 75 
35 77 
35 78 
36 38 
36 39 
36 48 
36 56 
36 61 
36 72 
36 73 
36 79 
36 80 
37 42 
37 44 
37 52 
37 59 
37 63 
37 68 
37 69 
37 71 
37 78 
38 39 
38 41 
38 43 
38 44 
38 47 
38 50 
38 57 
38 72 
38 73 
38 76 
38 77 
38 79 
39 43 
39 45 
39 49 
39 50 
39 57 
39 64 
39 65 
39 68 
39 74 
39 75 
39 77 
39 79 
40 45 
40 47 
40 50 
40 52 
40 53 
40 61 
40 63 
40 66 
40 69 
40 76 
40 79 
40 80 
41 43 
41 45 
41 50 
41 54 
41 57 
41 64 
41 66 
41 76 
41 78 
42 48 
42 49 
42 51 
42 56 
42 61 
42 62 
42 63 
42 69 
42 73 
42 78 
43 49 
43 51 
43 52 
43 53 
43 55 
43 60 
43 78 
43 79 
44 45 
44 46 
44 53 
44 55 
44 57 
44 59 
44 64 
44 68 
44 78 
44 80 
45 48 
45 60 
45 66 
45 72 
45 74 
45 76 
46 48 
46 49 
46 50 
46 56 
46 57 
46 59 
46 75 
46 77 
46 78 
47 48 
47 49 
47 51 
47 58 
47 59 
47 61 
47 65 
47 66 
47 67 
47 68 
47 69 
47 70 
47 72 
47 73 
47 80 
48 49 
48 52 
48 54 
48 56 
48 60 
48 62 
48 63 
48 64 
48 69 
48 70 
48 76 
49 55 
49 57 
49 59 
49 61 
49 64 
49 65 
49 66 
49 67 
49 78 
50 52 
50 54 
50 55 
50 62 
50 63 
50 64 
50 68 
50 69 
50 70 
50 75 
50 78 
51 60 
51 63 
51 64 
51 67 
51 76 
51 77 
52 56 
52 60 
52 61 
52 67 
52 68 
52 75 
53 60 
53 61 
53 62 
53 63 
53 67 
53 70 
53 72 
53 76 
53 77 
53 78 
54 56 
54 59 
54 66 
54 67 
54 71 
54 72 
54 74 
54 77 
55 59 
55 60 
55 64 
55 65 
55 66 
55 67 
55 69 
55 77 
55 80 
56 57 
56 64 
56 67 
56 69 
56 71 
56 72 
56 80 
57 59 
57 62 
57 65 
57 72 
57 76 
57 79 
58 59 
58 60 
58 62 
58 69 
58 71 
58 75 
58 78 
59 64 
59 67 
59 68 
59 76 
59 78 
60 61 
60 63 
60 65 
60 67 
60 69 
60 74 
60 79 
61 63 
61 71 
61 72 
61 73 
61 79 
62 65 
62 74 
62 77 
62 79 
62 80 
63 64 
63 68 
63 70 
64 67 
64 70 
65 71 
65 72 
65 75 
65 76 
66 67 
66 75 
66 79 
67 68 
67 70 
67 75 
67 76 
67 77 
67 80 
68 69 
68 73 
68 76 
68 79 
68 80 
69 74 
69 76 
69 78 
69 79 
70 75 
71 74 
71 78 
72 74 
72 76 
73 76 
73 78 
73 79 
73 80 
74 75 
74 76 
75 77 
75 79 
75 80 
76 77 
77 79 
77 80 
79 80 
