nNodes=60;
 nPairs=685;
Cost=

61  0  0  0  61  61  61  0  0  0  0  0  0  61  0  61  61  0  0  0  0  0  0  0  61  0  0  61  0  61  0  0  0  0  0  0  0  61  61  61  0  61  0  61  0  61  61  0  0  61  0  0  61  61  0  0  0  0  0  61  

0  61  0  61  61  0  0  61  0  0  0  61  0  61  61  0  0  0  0  0  61  0  61  0  61  0  61  0  61  0  0  0  0  61  0  0  0  61  0  0  61  0  61  0  0  0  0  61  61  0  61  0  61  61  61  61  61  61  61  0  

0  0  61  0  0  0  0  61  0  0  61  0  61  0  0  0  0  61  0  61  0  0  0  61  61  0  0  61  0  0  61  61  0  61  0  61  0  0  0  0  61  61  0  61  61  0  0  0  61  0  0  0  0  0  61  61  0  0  0  0  

0  61  0  61  61  0  61  0  0  61  61  61  0  61  61  0  0  0  0  0  61  61  61  0  61  0  0  0  0  0  61  0  0  0  0  0  61  61  0  0  0  61  0  61  61  0  61  61  0  61  61  61  0  61  61  0  0  0  61  61  

61  61  0  61  61  61  61  0  0  61  61  0  0  61  61  61  0  0  61  61  61  61  0  0  0  0  0  0  61  61  61  61  0  0  61  0  0  0  0  0  0  0  0  0  61  61  0  61  0  0  0  0  0  0  61  0  61  0  0  0  

61  0  0  0  61  61  0  61  0  0  0  0  0  0  61  61  0  0  0  61  0  0  61  0  0  61  0  61  0  0  0  61  0  0  61  0  0  0  0  0  0  0  0  0  0  61  0  0  61  0  61  61  61  61  61  0  0  61  61  61  

61  0  0  61  61  0  61  0  61  61  0  0  0  61  0  0  61  61  61  0  0  61  0  0  0  61  0  0  61  0  61  61  61  0  61  61  0  61  0  61  0  61  61  0  0  0  0  61  0  0  0  0  61  0  0  61  0  0  0  0  

0  61  61  0  0  61  0  61  0  0  0  0  0  0  61  0  0  0  0  61  0  61  61  0  61  0  0  0  0  61  0  0  0  61  61  0  0  0  61  61  61  0  0  0  61  0  61  61  0  61  0  61  0  0  0  0  61  61  61  61  

0  0  0  0  0  0  61  0  61  0  61  0  61  0  61  0  61  0  61  61  0  0  0  61  0  0  61  0  61  0  61  61  0  61  0  0  0  0  0  0  0  0  61  61  61  0  61  61  0  0  0  0  0  0  0  0  61  0  61  61  

0  0  0  61  61  0  61  0  0  61  61  0  0  61  61  61  0  0  0  61  61  61  0  0  0  61  0  61  0  61  0  0  0  0  61  0  0  0  61  0  0  0  61  0  61  0  0  61  0  0  61  61  0  61  0  0  61  61  0  0  

0  0  61  61  61  0  0  0  61  61  61  61  61  61  61  61  0  61  0  0  61  61  61  0  0  61  61  0  61  61  0  0  0  0  0  0  0  0  61  0  0  0  0  0  61  0  61  0  61  0  61  0  0  61  0  0  61  0  61  0  

0  61  0  61  0  0  0  0  0  0  61  61  0  0  61  0  0  61  0  0  61  0  61  0  0  0  0  0  0  61  61  61  0  0  61  0  0  0  0  61  0  0  0  0  0  0  0  0  0  0  0  0  0  61  0  61  61  0  61  61  

0  0  61  0  0  0  0  0  61  0  61  0  61  0  0  0  0  0  0  0  61  0  0  0  0  61  0  0  61  61  0  61  0  61  0  0  0  0  61  0  61  0  61  61  0  0  61  0  0  0  61  61  0  61  0  0  61  0  0  0  

61  61  0  61  61  0  61  0  0  61  61  0  0  61  0  0  0  61  61  0  0  61  61  0  0  0  61  61  61  0  0  0  61  0  0  61  61  0  0  61  0  0  0  61  0  0  61  61  61  61  61  61  0  0  61  0  61  61  61  61  

0  61  0  61  61  61  0  61  61  61  61  61  0  0  61  61  0  0  0  0  0  61  0  0  61  0  0  0  61  0  0  61  61  0  61  0  61  0  0  61  0  0  0  61  61  61  0  0  61  0  61  0  0  61  61  61  0  0  0  61  

61  0  0  0  61  61  0  0  0  61  61  0  0  0  61  61  0  0  0  61  0  61  0  0  0  61  0  61  61  61  0  61  0  0  61  0  61  0  0  61  61  0  61  0  0  61  0  61  61  0  61  0  0  0  61  61  0  61  61  0  

61  0  0  0  0  0  61  0  61  0  0  0  0  0  0  0  61  0  0  61  0  0  0  0  0  0  61  0  0  61  0  61  61  0  61  61  0  0  0  61  61  0  0  61  61  61  0  0  0  0  0  0  0  61  0  61  0  0  61  0  

0  0  61  0  0  0  61  0  0  0  61  61  0  61  0  0  0  61  0  0  0  0  0  0  0  61  61  61  0  61  0  61  0  0  0  0  0  61  61  61  61  61  0  61  61  61  0  61  0  61  0  0  0  61  0  0  0  0  0  0  

0  0  0  0  61  0  61  0  61  0  0  0  0  61  0  0  0  0  61  0  0  0  0  61  61  0  0  0  0  61  0  0  0  61  0  61  0  0  61  0  0  0  0  61  61  61  0  0  61  61  0  61  0  61  61  0  61  0  0  61  

0  0  61  0  61  61  0  61  61  61  0  0  0  0  0  61  61  0  0  61  0  61  0  0  0  61  61  0  61  0  0  0  0  0  0  0  0  61  0  61  61  0  61  0  0  61  61  0  61  61  61  0  61  61  0  0  0  61  61  0  

0  61  0  61  61  0  0  0  0  61  61  61  61  0  0  0  0  0  0  0  61  0  61  61  61  61  0  0  61  61  0  0  61  0  0  0  0  0  0  0  61  0  0  0  0  61  61  0  0  0  61  0  0  0  0  0  0  0  0  61  

0  0  0  61  61  0  61  61  0  61  61  0  0  61  61  61  0  0  0  61  0  61  61  0  0  0  0  0  61  0  0  0  61  0  0  61  61  61  61  61  0  0  0  0  61  0  61  61  61  0  61  0  0  61  61  0  0  0  0  0  

0  61  0  61  0  61  0  61  0  0  61  61  0  61  0  0  0  0  0  0  61  61  61  0  0  61  61  61  61  0  61  0  0  0  0  61  0  0  0  61  61  0  61  0  0  0  0  61  61  0  0  0  0  0  0  0  0  0  61  0  

0  0  61  0  0  0  0  0  61  0  0  0  0  0  0  0  0  0  61  0  61  0  0  61  61  0  0  61  61  0  61  0  0  61  61  0  0  61  0  0  0  61  0  0  0  0  61  0  0  0  61  0  61  0  61  0  0  0  0  0  

61  61  61  61  0  0  0  61  0  0  0  0  0  0  61  0  0  0  61  0  61  0  0  61  61  61  0  0  61  0  61  0  0  0  0  61  0  0  0  61  0  61  0  61  0  61  61  0  61  0  61  0  61  0  0  61  61  0  61  0  

0  0  0  0  0  61  61  0  0  61  61  0  61  0  0  61  0  61  0  61  61  0  61  0  61  61  61  61  61  61  61  0  61  0  61  0  0  0  0  0  61  0  0  0  0  0  61  0  61  61  61  61  0  0  0  61  0  61  0  61  

0  61  0  0  0  0  0  0  61  0  61  0  0  61  0  0  61  61  0  61  0  0  61  0  0  61  61  61  61  0  0  0  61  61  61  0  0  0  61  0  61  61  61  61  61  0  61  61  61  61  0  61  61  0  61  0  0  0  61  61  

61  0  61  0  0  61  0  0  0  61  0  0  0  61  0  61  0  61  0  0  0  0  61  61  0  61  61  61  61  61  0  0  0  61  0  0  0  61  61  0  61  0  0  0  0  0  61  0  0  0  61  0  61  0  61  61  0  0  0  61  

0  61  0  0  61  0  61  0  61  0  61  0  61  61  61  61  0  0  0  61  61  61  61  61  61  61  61  61  61  0  61  61  0  61  0  0  61  61  61  0  0  0  0  0  0  0  0  0  0  61  0  61  0  61  61  61  0  0  0  0  

61  0  0  0  61  0  0  61  0  61  61  61  61  0  0  61  61  61  61  0  61  0  0  0  0  61  0  61  0  61  0  0  61  61  0  0  0  61  61  0  0  0  0  61  61  0  0  0  61  0  61  61  61  0  0  0  0  0  61  0  

0  0  61  61  61  0  61  0  61  0  0  61  0  0  0  0  0  0  0  0  0  0  61  61  61  61  0  0  61  0  61  0  0  61  0  0  0  0  0  0  0  0  0  0  0  61  0  0  0  61  0  0  0  0  0  0  0  0  0  0  

0  0  61  0  61  61  61  0  61  0  0  61  61  0  61  61  61  61  0  0  0  0  0  0  0  0  0  0  61  0  0  61  0  61  61  0  61  0  0  0  0  0  0  61  61  0  0  61  0  0  0  0  61  0  0  0  0  0  61  0  

0  0  0  0  0  0  61  0  0  0  0  0  0  61  61  0  61  0  0  0  61  61  0  0  0  61  61  0  0  61  0  0  61  0  61  61  0  61  0  61  61  0  0  0  0  61  61  61  0  0  61  0  0  61  0  0  0  0  61  0  

0  61  61  0  0  0  0  61  61  0  0  0  61  0  0  0  0  0  61  0  0  0  0  61  0  0  61  61  61  61  61  61  0  61  0  61  0  0  0  61  61  61  61  0  0  0  0  0  0  61  61  61  0  0  0  61  61  0  61  61  

0  0  0  0  61  61  61  61  0  61  0  61  0  0  61  61  61  0  0  0  0  0  0  61  0  61  61  0  0  0  0  61  61  0  61  61  61  0  61  0  0  0  0  61  61  61  61  0  0  0  0  61  0  0  61  61  0  61  0  0  

0  0  61  0  0  0  61  0  0  0  0  0  0  61  0  0  61  0  61  0  0  61  61  0  61  0  0  0  0  0  0  0  61  61  61  61  0  61  61  0  0  0  61  0  0  61  61  0  61  61  0  0  0  0  0  61  0  0  0  61  

0  0  0  61  0  0  0  0  0  0  0  0  0  61  61  61  0  0  0  0  0  61  0  0  0  0  0  0  61  0  0  61  0  0  61  0  61  61  0  0  0  61  0  0  0  61  0  0  61  0  61  0  0  61  61  0  61  0  61  0  

61  61  0  61  0  0  61  0  0  0  0  0  0  0  0  0  0  61  0  61  0  61  0  61  0  0  0  61  61  61  0  0  61  0  0  61  61  61  0  0  61  0  0  0  61  61  0  0  61  0  0  61  0  61  0  61  0  61  61  0  

61  0  0  0  0  0  0  61  0  61  61  0  61  0  0  0  0  61  61  0  0  61  0  0  0  0  61  61  61  61  0  0  0  0  61  61  0  0  61  61  61  0  0  61  61  61  61  61  0  0  0  0  0  61  61  0  0  0  0  0  

61  0  0  0  0  0  61  61  0  0  0  61  0  61  61  61  61  61  0  61  0  61  61  0  61  0  0  0  0  0  0  0  61  61  0  0  0  0  61  61  61  61  0  0  61  0  61  0  0  61  61  61  0  61  0  61  61  61  0  0  

0  61  61  0  0  0  0  61  0  0  0  0  61  0  0  61  61  61  0  61  61  0  61  0  0  61  61  61  0  0  0  0  61  61  0  0  0  61  61  61  61  0  0  0  61  0  0  61  61  0  0  0  61  0  0  0  0  61  61  61  

61  0  61  61  0  0  61  0  0  0  0  0  0  0  0  0  0  61  0  0  0  0  0  61  61  0  61  0  0  0  0  0  0  61  0  0  61  0  0  61  0  61  61  0  0  61  0  0  0  0  0  61  0  61  61  0  0  61  0  0  

0  61  0  0  0  0  61  0  61  61  0  0  61  0  0  61  0  0  0  61  0  0  61  0  0  0  61  0  0  0  0  0  0  61  0  61  0  0  0  0  0  61  61  0  0  61  61  0  0  0  0  0  61  61  61  61  0  0  0  0  

61  0  61  61  0  0  0  0  61  0  0  0  61  61  61  0  61  61  61  0  0  0  0  0  61  0  61  0  0  61  0  61  0  0  61  0  0  0  61  0  0  0  0  61  0  61  0  61  0  0  0  0  61  0  0  61  0  61  0  61  

0  0  61  61  61  0  0  61  61  61  61  0  0  0  61  0  61  61  61  0  0  61  0  0  0  0  61  0  0  61  0  61  0  0  61  0  0  61  61  61  61  0  0  0  61  0  0  0  0  61  61  0  61  0  0  0  0  0  0  0  

61  0  0  0  61  61  0  0  0  0  0  0  0  0  61  61  61  61  61  61  61  0  0  0  61  0  0  0  0  0  61  0  61  0  61  61  61  61  61  0  0  61  61  61  0  61  0  0  0  61  0  61  0  61  0  61  0  61  0  0  

61  0  0  61  0  0  0  61  61  0  61  0  61  61  0  0  0  0  0  61  61  61  0  61  61  61  61  61  0  0  0  0  61  0  61  61  0  0  61  61  0  0  61  0  0  0  61  0  61  0  61  0  0  61  0  0  0  61  0  61  

0  61  0  61  61  0  61  61  61  61  0  0  0  61  0  61  0  61  0  0  0  61  61  0  0  0  61  0  0  0  0  61  61  0  0  0  0  0  61  0  61  0  0  61  0  0  0  61  0  0  0  0  61  0  0  0  0  0  61  61  

0  61  61  0  0  61  0  0  0  0  61  0  0  61  61  61  0  0  61  61  0  61  61  0  61  61  61  0  0  61  0  0  0  0  0  61  61  61  0  0  61  0  0  0  0  0  61  0  61  0  0  61  61  61  0  0  61  61  61  0  

61  0  0  61  0  0  0  61  0  0  0  0  0  61  0  0  0  61  61  61  0  0  0  0  0  61  61  0  61  0  61  0  0  61  0  61  0  0  0  61  0  0  0  0  61  61  0  0  0  61  61  61  0  61  0  61  0  0  0  0  

0  61  0  61  0  61  0  0  0  61  61  0  61  61  61  61  0  0  0  61  61  61  0  61  61  61  0  61  0  61  0  0  61  61  0  0  61  0  0  61  0  0  0  0  61  0  61  0  0  61  61  61  61  61  0  0  0  0  0  61  

0  0  0  61  0  61  0  61  0  61  0  0  61  61  0  0  0  0  61  0  0  0  0  0  0  61  61  0  61  61  0  0  0  61  61  0  0  61  0  61  0  61  0  0  0  61  0  0  61  61  61  61  61  61  0  61  0  61  61  0  

61  61  0  0  0  61  61  0  0  0  0  0  0  0  0  0  0  0  0  61  0  0  0  61  61  0  61  61  0  61  0  61  0  0  0  0  0  0  0  0  61  0  61  61  61  0  0  61  61  0  61  61  61  0  0  0  61  0  61  0  

61  61  0  61  0  61  0  0  0  61  61  61  61  0  61  0  61  61  61  61  0  61  0  0  0  0  0  0  61  0  0  0  61  0  0  0  61  61  61  61  0  61  61  0  0  61  61  0  61  61  61  61  0  61  0  61  0  0  61  0  

0  61  61  61  61  61  0  0  0  0  0  0  0  61  61  61  0  0  61  0  0  61  0  61  0  0  61  61  61  0  0  0  0  0  61  0  61  0  61  0  0  61  61  0  0  0  0  0  0  0  0  0  0  0  61  0  0  61  61  61  

0  61  61  0  0  0  61  0  0  0  0  61  0  0  61  61  61  0  0  0  0  0  0  0  61  61  0  61  61  0  0  0  0  61  61  61  0  61  0  61  0  0  61  61  0  61  0  0  0  61  0  61  0  61  0  61  61  0  0  0  

0  61  0  0  61  0  0  61  61  61  61  61  61  61  0  0  0  0  61  0  0  0  0  0  61  0  0  0  0  0  0  0  0  61  0  0  61  0  0  61  0  0  0  0  0  0  0  0  61  0  0  0  61  0  0  61  61  61  0  0  

0  61  0  0  0  61  0  61  0  61  0  0  0  61  0  61  0  0  0  61  0  0  0  0  0  61  0  0  0  0  0  0  0  0  61  0  0  61  0  61  61  61  0  61  0  61  61  0  61  0  0  61  0  0  61  0  61  61  61  61  

0  61  0  61  0  61  0  61  61  0  61  61  0  61  0  61  61  0  0  61  0  0  61  0  61  0  61  0  0  61  0  61  61  61  0  0  61  61  0  0  61  0  0  0  0  0  0  61  61  0  0  61  61  61  61  0  0  61  61  0  

61  0  0  61  0  61  0  61  61  0  0  61  0  61  61  0  0  0  61  0  61  0  0  0  0  61  61  61  0  0  0  0  0  61  0  61  0  0  0  0  61  0  0  61  0  0  61  61  0  0  61  0  0  0  61  0  0  61  0  61  

UnPairedArc=
1 5 
1 6 
1 7 
1 14 
1 16 
1 17 
1 25 
1 28 
1 30 
1 38 
1 39 
1 40 
1 42 
1 44 
1 46 
1 47 
1 50 
1 53 
1 54 
1 60 
2 4 
2 5 
2 8 
2 12 
2 14 
2 15 
2 21 
2 23 
2 25 
2 27 
2 29 
2 34 
2 38 
2 41 
2 43 
2 48 
2 49 
2 51 
2 53 
2 54 
2 55 
2 56 
2 57 
2 58 
2 59 
3 8 
3 11 
3 13 
3 18 
3 20 
3 24 
3 25 
3 28 
3 31 
3 32 
3 34 
3 36 
3 41 
3 42 
3 44 
3 45 
3 49 
3 55 
3 56 
4 5 
4 7 
4 10 
4 11 
4 12 
4 14 
4 15 
4 21 
4 22 
4 23 
4 25 
4 31 
4 37 
4 38 
4 42 
4 44 
4 45 
4 47 
4 48 
4 50 
4 51 
4 52 
4 54 
4 55 
4 59 
4 60 
5 6 
5 7 
5 10 
5 11 
5 14 
5 15 
5 16 
5 19 
5 20 
5 21 
5 22 
5 29 
5 30 
5 31 
5 32 
5 35 
5 45 
5 46 
5 48 
5 55 
5 57 
6 8 
6 15 
6 16 
6 20 
6 23 
6 26 
6 28 
6 32 
6 35 
6 46 
6 49 
6 51 
6 52 
6 53 
6 54 
6 55 
6 58 
6 59 
6 60 
7 9 
7 10 
7 14 
7 17 
7 18 
7 19 
7 22 
7 26 
7 29 
7 31 
7 32 
7 33 
7 35 
7 36 
7 38 
7 40 
7 42 
7 43 
7 48 
7 53 
7 56 
8 15 
8 20 
8 22 
8 23 
8 25 
8 30 
8 34 
8 35 
8 39 
8 40 
8 41 
8 45 
8 47 
8 48 
8 50 
8 52 
8 57 
8 58 
8 59 
8 60 
9 11 
9 13 
9 15 
9 17 
9 19 
9 20 
9 24 
9 27 
9 29 
9 31 
9 32 
9 34 
9 43 
9 44 
9 45 
9 47 
9 48 
9 57 
9 59 
9 60 
10 11 
10 14 
10 15 
10 16 
10 20 
10 21 
10 22 
10 26 
10 28 
10 30 
10 35 
10 39 
10 43 
10 45 
10 48 
10 51 
10 52 
10 54 
10 57 
10 58 
11 12 
11 13 
11 14 
11 15 
11 16 
11 18 
11 21 
11 22 
11 23 
11 26 
11 27 
11 29 
11 30 
11 39 
11 45 
11 47 
11 49 
11 51 
11 54 
11 57 
11 59 
12 15 
12 18 
12 21 
12 23 
12 30 
12 31 
12 32 
12 35 
12 40 
12 54 
12 56 
12 57 
12 59 
12 60 
13 21 
13 26 
13 29 
13 30 
13 32 
13 34 
13 39 
13 41 
13 43 
13 44 
13 47 
13 51 
13 52 
13 54 
13 57 
14 18 
14 19 
14 22 
14 23 
14 27 
14 28 
14 29 
14 33 
14 36 
14 37 
14 40 
14 44 
14 47 
14 48 
14 49 
14 50 
14 51 
14 52 
14 55 
14 57 
14 58 
14 59 
14 60 
15 16 
15 22 
15 25 
15 29 
15 32 
15 33 
15 35 
15 37 
15 40 
15 44 
15 45 
15 46 
15 49 
15 51 
15 54 
15 55 
15 56 
15 60 
16 20 
16 22 
16 26 
16 28 
16 29 
16 30 
16 32 
16 35 
16 37 
16 40 
16 41 
16 43 
16 46 
16 48 
16 49 
16 51 
16 55 
16 56 
16 58 
16 59 
17 20 
17 27 
17 30 
17 32 
17 33 
17 35 
17 36 
17 40 
17 41 
17 44 
17 45 
17 46 
17 54 
17 56 
17 59 
18 26 
18 27 
18 28 
18 30 
18 32 
18 38 
18 39 
18 40 
18 41 
18 42 
18 44 
18 45 
18 46 
18 48 
18 50 
18 54 
19 24 
19 25 
19 30 
19 34 
19 36 
19 39 
19 44 
19 45 
19 46 
19 49 
19 50 
19 52 
19 54 
19 55 
19 57 
19 60 
20 22 
20 26 
20 27 
20 29 
20 38 
20 40 
20 41 
20 43 
20 46 
20 47 
20 49 
20 50 
20 51 
20 53 
20 54 
20 58 
20 59 
21 23 
21 24 
21 25 
21 26 
21 29 
21 30 
21 33 
21 41 
21 46 
21 47 
21 51 
21 60 
22 23 
22 29 
22 33 
22 36 
22 37 
22 38 
22 39 
22 40 
22 45 
22 47 
22 48 
22 49 
22 51 
22 54 
22 55 
23 26 
23 27 
23 28 
23 29 
23 31 
23 36 
23 40 
23 41 
23 43 
23 48 
23 49 
23 59 
24 25 
24 28 
24 29 
24 31 
24 34 
24 35 
24 38 
24 42 
24 47 
24 51 
24 53 
24 55 
25 26 
25 29 
25 31 
25 36 
25 40 
25 42 
25 44 
25 46 
25 47 
25 49 
25 51 
25 53 
25 56 
25 57 
25 59 
26 27 
26 28 
26 29 
26 30 
26 31 
26 33 
26 35 
26 41 
26 47 
26 49 
26 50 
26 51 
26 52 
26 56 
26 58 
26 60 
27 28 
27 29 
27 33 
27 34 
27 35 
27 39 
27 41 
27 42 
27 43 
27 44 
27 45 
27 47 
27 48 
27 49 
27 50 
27 52 
27 53 
27 55 
27 59 
27 60 
28 29 
28 30 
28 34 
28 38 
28 39 
28 41 
28 47 
28 51 
28 53 
28 55 
28 56 
28 60 
29 31 
29 32 
29 34 
29 37 
29 38 
29 39 
29 50 
29 52 
29 54 
29 55 
29 56 
30 33 
30 34 
30 38 
30 39 
30 44 
30 45 
30 49 
30 51 
30 52 
30 53 
30 59 
31 34 
31 46 
31 50 
32 34 
32 35 
32 37 
32 44 
32 45 
32 48 
32 53 
32 59 
33 35 
33 36 
33 38 
33 40 
33 41 
33 46 
33 47 
33 48 
33 51 
33 54 
33 59 
34 36 
34 40 
34 41 
34 42 
34 43 
34 50 
34 51 
34 52 
34 56 
34 57 
34 59 
34 60 
35 36 
35 37 
35 39 
35 44 
35 45 
35 46 
35 47 
35 52 
35 55 
35 56 
35 58 
36 38 
36 39 
36 43 
36 46 
36 47 
36 49 
36 50 
36 56 
36 60 
37 38 
37 42 
37 46 
37 49 
37 51 
37 54 
37 55 
37 57 
37 59 
38 41 
38 45 
38 46 
38 49 
38 52 
38 54 
38 56 
38 58 
38 59 
39 40 
39 41 
39 44 
39 45 
39 46 
39 47 
39 48 
39 54 
39 55 
40 41 
40 42 
40 45 
40 47 
40 50 
40 51 
40 52 
40 54 
40 56 
40 57 
40 58 
41 45 
41 48 
41 49 
41 53 
41 58 
41 59 
41 60 
42 43 
42 46 
42 52 
42 54 
42 55 
42 58 
43 46 
43 47 
43 53 
43 54 
43 55 
43 56 
44 46 
44 48 
44 53 
44 56 
44 58 
44 60 
45 50 
45 51 
45 53 
46 50 
46 52 
46 54 
46 56 
46 58 
47 49 
47 51 
47 54 
47 58 
47 60 
48 53 
48 59 
48 60 
49 52 
49 53 
49 54 
49 57 
49 58 
49 59 
50 51 
50 52 
50 54 
50 56 
51 52 
51 53 
51 54 
51 60 
52 53 
52 54 
52 56 
52 58 
52 59 
53 57 
53 59 
54 56 
54 59 
55 58 
55 59 
55 60 
56 57 
57 58 
58 59 
58 60 
