nNodes=80;
 nPairs=1849;
Cost=

81  81  81  0  81  81  81  0  0  81  0  81  0  0  81  0  0  0  0  81  81  0  0  81  81  81  0  0  0  0  81  0  0  0  81  0  0  0  81  0  81  0  0  81  0  81  0  81  0  81  0  81  81  81  81  81  81  81  81  0  81  81  0  81  0  81  81  81  0  81  81  0  81  81  81  81  81  0  0  81  

81  81  81  0  0  81  0  81  81  0  81  0  81  0  0  81  81  0  0  81  0  0  81  0  81  81  81  81  81  81  81  0  81  81  0  81  81  81  81  0  0  81  81  81  0  0  81  0  0  81  81  81  0  0  0  81  81  81  0  81  81  81  81  81  0  0  81  0  81  81  81  81  81  81  0  0  0  81  0  81  

81  81  81  0  0  0  81  0  81  0  81  0  81  0  81  0  0  81  81  81  81  0  0  81  0  0  81  0  81  0  0  81  81  81  81  81  0  0  81  81  0  81  81  81  81  81  81  0  81  0  0  81  0  81  81  81  81  0  0  0  81  81  0  81  0  81  81  0  0  81  81  81  81  0  81  81  81  81  81  81  

0  0  0  81  81  81  0  81  81  0  81  0  0  0  81  81  81  0  0  81  81  0  81  81  0  81  81  0  0  81  0  81  0  81  81  0  81  81  0  81  0  0  81  0  81  81  81  0  0  0  0  81  81  0  81  81  0  81  0  0  0  81  81  0  0  81  81  81  81  81  81  0  0  0  81  81  81  81  81  0  

81  0  0  81  81  0  0  0  0  81  0  0  81  0  81  81  81  81  0  81  81  81  81  0  0  81  81  81  0  81  81  0  0  0  0  0  81  0  81  81  0  81  0  81  81  81  81  81  81  81  81  0  81  81  81  0  81  0  81  81  81  0  81  0  0  81  0  0  81  81  81  0  0  81  0  81  81  0  0  81  

81  81  0  81  0  81  81  81  0  81  81  0  81  81  81  81  0  81  81  0  81  81  0  81  81  0  81  0  0  81  81  0  81  81  0  81  81  81  81  0  81  0  0  0  0  81  81  0  0  0  0  81  81  81  81  81  81  0  81  81  81  81  0  0  0  81  0  0  0  0  0  0  81  81  81  81  0  81  81  81  

81  0  81  0  0  81  81  0  0  81  0  81  0  81  81  81  0  0  81  81  0  0  81  0  81  0  81  81  81  0  81  0  81  0  81  81  81  81  81  0  0  81  81  0  0  81  0  81  0  81  0  81  0  0  81  81  0  81  81  0  0  0  0  81  0  0  81  81  0  81  81  0  0  0  0  81  81  0  0  81  

0  81  0  81  0  81  0  81  81  0  81  81  0  81  81  81  0  81  81  81  0  81  81  81  0  81  81  0  0  0  81  81  81  81  81  0  81  0  0  81  81  81  0  0  81  81  81  0  0  81  81  0  81  81  81  0  0  0  81  81  81  0  0  0  81  0  81  81  81  81  81  81  0  81  0  0  81  81  81  81  

0  81  81  81  0  0  0  81  81  81  0  81  0  0  81  0  81  81  81  81  0  81  0  81  0  81  81  81  0  81  81  81  0  0  0  0  81  81  0  0  0  0  0  81  81  0  0  81  81  0  81  0  0  0  81  0  81  0  0  81  81  81  81  0  81  0  81  0  0  81  0  81  0  81  0  81  0  0  81  81  

81  0  0  0  81  81  81  0  81  81  0  81  0  0  81  81  81  0  81  81  81  81  0  0  81  0  81  81  81  81  81  81  81  0  0  81  81  81  0  81  0  81  81  81  81  0  81  0  81  0  0  81  0  0  81  81  81  81  81  0  81  81  81  81  0  81  81  0  81  81  0  0  0  81  0  81  0  81  81  0  

0  81  81  81  0  81  0  81  0  0  81  0  81  0  81  0  81  81  0  81  0  0  81  0  0  81  0  81  81  81  81  81  81  81  0  0  81  81  81  0  81  81  81  0  81  81  81  81  81  0  81  0  81  81  81  0  0  81  81  81  81  81  0  81  81  81  0  0  81  81  0  0  81  0  81  81  0  81  0  0  

81  0  0  0  0  0  81  81  81  81  0  81  0  0  0  81  81  0  81  0  0  81  0  81  0  81  0  81  81  0  81  81  81  0  0  81  0  0  81  81  81  81  81  0  81  81  0  0  0  81  0  81  81  81  81  81  81  81  81  81  0  0  81  81  81  81  81  81  81  0  81  0  81  81  81  0  81  0  0  0  

0  81  81  0  81  81  0  0  0  0  81  0  81  0  81  81  0  0  0  0  81  81  81  0  81  81  81  81  81  81  81  0  0  81  0  81  81  0  81  81  0  0  81  81  81  0  0  81  81  0  81  81  81  0  81  0  81  0  81  0  81  81  81  0  81  0  81  81  81  81  81  81  0  81  81  0  81  81  81  81  

0  0  0  0  0  81  81  81  0  0  0  0  0  81  81  81  0  0  81  81  0  81  81  81  0  81  81  81  0  81  0  0  81  81  81  0  0  0  81  0  81  0  81  81  81  0  81  0  0  81  81  81  81  81  0  0  0  81  81  81  81  81  81  0  0  0  0  0  81  0  81  0  0  0  81  81  0  81  81  0  

81  0  81  81  81  81  81  81  81  81  81  0  81  81  81  0  81  0  0  81  81  81  0  81  81  81  81  0  81  0  0  81  0  0  81  0  0  81  81  81  81  0  81  0  0  0  0  0  81  0  81  0  81  81  0  81  81  81  81  81  81  81  0  0  0  81  81  81  0  0  81  0  0  81  81  81  81  0  0  81  

0  81  0  81  81  81  81  81  0  81  0  81  81  81  0  81  81  81  0  81  81  81  81  81  81  0  0  81  81  81  81  81  0  81  81  81  81  81  81  0  81  0  81  81  81  81  81  81  0  0  0  0  0  0  81  0  0  0  0  81  81  81  81  0  81  81  81  0  81  0  81  0  81  81  81  0  0  81  0  81  

0  81  0  81  81  0  0  0  81  81  81  81  0  0  81  81  81  0  81  81  0  81  0  81  81  0  0  0  81  81  0  0  81  0  0  0  81  81  81  0  0  81  0  81  81  0  81  81  81  81  0  81  81  0  0  0  81  81  0  0  81  81  0  81  81  81  81  81  81  81  0  0  81  81  0  81  81  81  81  81  

0  0  81  0  81  81  0  81  81  0  81  0  0  0  0  81  0  81  81  81  0  81  0  0  81  81  81  0  0  81  0  81  0  81  0  81  0  81  0  0  81  81  81  0  81  0  0  81  0  0  81  0  81  81  81  81  81  81  0  81  81  0  81  81  0  81  81  81  0  0  81  81  81  81  81  81  81  81  0  0  

0  0  81  0  0  81  81  81  81  81  0  81  0  81  0  0  81  81  81  81  0  0  81  81  0  0  0  81  0  81  81  0  81  0  81  0  81  81  81  0  0  81  81  0  81  0  0  0  81  81  81  81  0  81  0  0  0  81  81  0  0  81  81  0  81  81  81  81  0  81  81  81  81  81  81  81  81  81  81  0  

81  81  81  81  81  0  81  81  81  81  81  0  0  81  81  81  81  81  81  81  81  81  81  0  81  81  81  0  81  0  0  0  81  81  81  81  81  0  81  81  81  81  81  81  81  0  0  81  0  81  81  0  0  0  0  81  0  0  0  0  0  81  81  0  81  0  0  81  0  81  81  0  0  81  81  81  81  0  81  81  

81  0  81  81  81  81  0  0  0  81  0  0  81  0  81  81  0  0  0  81  81  81  81  0  81  81  81  81  81  0  0  81  0  0  81  0  81  81  0  0  81  0  81  81  0  81  81  81  81  0  0  0  0  0  0  81  81  0  81  81  81  81  81  81  81  81  0  81  0  0  81  81  81  81  0  81  81  81  81  81  

0  0  0  0  81  81  0  81  81  81  0  81  81  81  81  81  81  81  0  81  81  81  0  0  81  0  0  81  81  0  0  81  81  81  81  81  81  81  0  81  81  81  0  81  81  0  81  81  81  81  81  0  81  0  0  81  0  81  0  0  81  81  81  0  81  81  0  0  0  81  0  0  81  0  81  0  0  81  0  0  

0  81  0  81  81  0  81  81  0  0  81  0  81  81  0  81  0  0  81  81  81  0  81  81  81  0  81  81  81  0  81  81  0  0  0  81  81  0  81  0  81  81  81  0  0  0  81  81  0  0  81  0  81  81  81  81  0  81  81  0  81  81  0  81  0  81  81  81  0  0  0  0  81  0  81  81  0  0  0  81  

81  0  81  81  0  81  0  81  81  0  0  81  0  81  81  81  81  0  81  0  0  0  81  81  81  0  81  0  81  81  0  81  81  0  81  81  81  0  0  81  0  81  81  81  81  81  0  81  81  81  0  81  0  81  81  81  81  81  0  0  0  0  0  0  81  81  0  81  0  0  81  81  0  0  0  81  0  81  0  0  

81  81  0  0  0  81  81  0  0  81  0  0  81  0  81  81  81  81  0  81  81  81  81  81  81  81  0  0  0  0  0  81  81  81  0  81  81  81  81  81  81  81  81  81  81  81  0  81  0  0  81  81  0  81  81  0  81  81  0  81  81  0  0  81  81  81  0  0  0  81  0  0  0  81  0  81  0  81  0  81  

81  81  0  81  81  0  0  81  81  0  81  81  81  81  81  0  0  81  0  81  81  0  0  0  81  81  0  81  0  81  81  0  81  81  81  81  81  0  81  81  81  81  81  0  0  0  0  81  0  0  81  0  0  81  0  81  0  81  81  81  0  0  81  0  81  0  81  81  81  81  0  0  81  0  81  81  81  0  0  0  

0  81  81  81  81  81  81  81  81  81  0  0  81  81  81  0  0  81  0  81  81  0  81  81  0  0  81  81  81  0  81  0  81  81  81  81  81  0  81  81  81  81  0  81  81  81  0  0  0  81  81  0  81  0  81  81  81  0  0  81  81  81  81  81  0  0  0  0  0  81  0  0  81  0  81  0  0  0  0  0  

0  81  0  0  81  0  81  0  81  81  81  81  81  81  0  81  0  0  81  0  81  81  81  0  0  81  81  81  81  81  81  81  81  0  0  0  0  81  0  81  81  81  0  0  81  81  81  0  81  81  0  0  81  0  81  81  81  81  0  81  81  81  0  81  0  81  81  81  81  0  0  81  81  81  0  81  81  81  81  0  

0  81  81  0  0  0  81  0  0  81  81  81  81  0  81  81  81  0  0  81  81  81  81  81  0  0  81  81  81  0  0  81  81  81  0  0  0  0  81  81  81  0  81  81  0  81  0  81  81  81  0  81  0  0  0  0  81  81  81  81  81  0  81  81  0  81  0  81  0  81  0  81  0  81  0  0  0  0  81  0  

0  81  0  81  81  81  0  0  81  81  81  0  81  81  0  81  81  81  81  0  0  0  0  81  0  81  0  81  0  81  81  81  81  81  0  0  0  81  0  81  0  81  0  0  81  81  0  0  81  0  0  0  81  0  81  0  81  81  81  0  0  0  81  81  0  81  81  81  0  0  81  81  81  81  0  0  0  81  81  0  

81  81  0  0  81  81  81  81  81  81  81  81  81  0  0  81  0  0  81  0  0  0  81  0  0  81  81  81  0  81  81  81  0  81  0  81  0  81  81  81  81  81  0  0  0  0  0  0  0  81  81  81  0  81  81  81  0  81  81  81  81  0  0  0  0  0  0  0  81  81  81  0  0  0  0  0  81  0  0  81  

0  0  81  81  0  0  0  81  81  81  81  81  0  0  81  81  0  81  0  0  81  81  81  81  81  0  0  81  81  81  81  81  81  0  0  81  81  81  0  81  81  81  0  81  0  0  81  81  0  0  81  0  81  0  81  81  81  81  81  81  0  81  81  81  81  81  81  0  0  0  81  0  81  0  81  81  81  0  81  81  

0  81  81  0  0  81  81  81  0  81  81  81  0  81  0  0  81  0  81  81  0  81  0  81  81  81  81  81  81  81  0  81  81  81  81  81  81  81  81  81  81  81  81  81  0  0  81  81  0  81  81  81  0  81  0  81  0  0  0  81  81  81  81  81  0  0  0  0  0  81  0  81  0  81  0  0  0  81  0  81  

0  81  81  81  0  81  0  81  0  0  81  0  81  81  0  81  0  81  0  81  0  81  0  0  81  81  81  0  81  81  81  0  81  81  0  81  81  81  81  0  81  0  0  81  81  0  0  81  81  0  0  0  81  81  0  0  81  81  81  81  81  0  0  81  81  81  81  81  81  81  81  81  0  81  81  81  81  81  81  81  

81  0  81  81  0  0  81  81  0  0  0  0  0  81  81  81  0  0  81  81  81  81  0  81  0  81  81  0  0  0  0  0  81  0  81  0  81  81  81  81  81  81  0  0  0  0  81  0  81  81  81  81  81  81  81  81  0  0  81  0  81  81  81  81  81  81  81  0  0  81  81  81  0  0  81  81  0  81  0  0  

0  81  81  0  0  81  81  0  0  81  0  81  81  0  0  81  0  81  0  81  0  81  81  81  81  81  81  0  0  0  81  81  81  81  0  81  81  0  0  0  81  0  0  0  0  0  81  81  0  81  81  0  0  81  81  81  81  81  0  81  0  81  0  81  81  81  81  81  0  81  0  81  0  0  81  81  81  0  81  81  

0  81  0  81  81  81  81  81  81  81  81  0  81  0  0  81  81  0  81  81  81  81  81  81  81  81  81  0  0  0  0  81  81  81  81  81  81  0  81  0  81  81  81  0  81  81  81  81  0  81  0  81  0  0  81  81  81  81  81  81  0  81  0  0  81  0  81  0  81  0  81  0  81  81  0  81  81  0  0  81  

0  81  0  81  0  81  81  0  81  81  81  0  0  0  81  81  81  81  81  0  81  81  0  0  81  0  0  81  0  81  81  81  81  81  81  0  0  81  81  81  81  81  0  0  0  81  0  81  0  0  0  0  81  81  81  0  0  0  0  0  0  81  0  81  81  0  81  81  81  81  81  81  0  81  0  0  0  0  81  81  

81  81  81  0  81  81  81  0  0  0  81  81  81  81  81  81  81  0  81  81  0  0  81  0  81  81  81  0  81  0  81  0  81  81  81  0  81  81  81  0  0  81  81  81  81  81  81  81  81  81  0  81  0  81  0  81  81  81  81  81  81  81  0  81  0  81  0  81  81  0  81  0  81  81  0  81  0  0  81  81  

0  0  81  81  81  0  0  81  0  81  0  81  81  0  81  0  0  0  0  81  0  81  0  81  81  81  81  81  81  81  81  81  81  0  81  0  0  81  0  81  81  0  81  81  81  81  81  0  81  81  81  0  0  81  81  81  0  0  81  0  0  81  0  81  0  81  81  81  81  81  81  0  81  81  0  81  0  81  0  81  

81  0  0  0  0  81  0  81  0  0  81  81  0  81  81  81  0  81  0  81  81  81  81  0  81  81  81  81  81  0  81  81  81  81  81  81  81  81  0  81  81  81  81  81  81  0  81  81  0  0  81  81  81  81  0  0  0  81  81  0  81  81  0  0  0  81  0  81  81  0  0  81  0  0  81  0  81  0  0  0  

0  81  81  0  81  0  81  81  0  81  81  81  0  0  0  0  81  81  81  81  0  81  81  81  81  81  81  81  0  81  81  81  81  0  81  0  81  81  81  0  81  81  0  0  81  0  81  0  81  81  81  81  0  81  81  81  0  0  81  81  81  81  0  81  81  81  0  81  81  81  0  81  0  81  81  0  81  81  81  81  

0  81  81  81  0  0  81  0  0  81  81  81  81  81  81  81  0  81  81  81  81  0  81  81  81  81  0  0  81  0  0  0  81  0  0  0  81  0  81  81  81  0  81  81  81  81  81  0  0  81  81  0  0  81  81  0  81  81  0  81  0  81  81  81  81  0  81  81  0  0  81  0  81  81  0  81  0  81  81  0  

81  81  81  0  81  0  0  0  81  81  0  0  81  81  0  81  81  0  0  81  81  81  0  81  81  0  81  0  81  0  0  81  81  81  0  0  0  0  81  81  81  0  81  81  0  81  81  0  81  0  81  0  0  0  81  0  81  81  0  81  0  81  0  81  0  0  0  0  81  81  81  81  81  81  81  0  81  0  81  81  

0  0  81  81  81  0  0  81  81  81  81  81  81  81  0  81  81  81  81  81  0  81  0  81  81  0  81  81  0  81  0  0  0  81  0  0  81  0  81  81  81  81  81  0  81  81  0  81  0  0  81  81  0  0  0  81  0  81  81  0  0  81  81  0  0  81  0  81  0  81  81  81  0  81  0  0  81  81  81  81  

81  0  81  81  81  81  81  81  0  0  81  81  0  0  0  81  0  0  0  0  81  0  0  81  81  0  81  81  81  81  0  0  0  0  0  0  81  81  81  81  0  0  81  81  81  81  81  0  0  81  81  81  81  81  0  0  81  0  81  81  81  0  81  81  81  0  81  0  0  81  81  0  81  0  81  81  0  81  81  81  

0  81  81  81  81  81  0  81  0  81  81  0  0  81  0  81  81  0  0  0  81  81  81  0  0  0  0  81  0  0  0  81  81  0  81  81  81  0  81  81  81  81  81  81  0  81  81  0  0  0  81  81  81  81  81  81  81  0  81  81  81  81  81  0  0  81  0  0  81  81  81  0  0  81  81  0  81  0  81  81  

81  0  0  0  81  0  81  0  81  0  81  0  81  0  0  81  81  81  0  81  81  81  81  81  81  81  0  0  81  0  0  81  81  81  0  81  81  81  81  0  81  0  0  0  81  0  0  81  0  81  0  0  81  0  0  81  81  81  0  81  81  81  81  0  0  81  81  81  0  81  81  81  0  0  0  81  81  81  0  0  

0  0  81  0  81  0  0  0  81  81  81  0  81  0  81  0  81  0  81  0  81  81  0  81  0  0  0  81  81  81  0  0  0  81  81  0  0  0  81  81  0  81  0  81  0  0  0  0  81  0  0  0  0  0  0  81  0  81  0  0  81  0  81  81  0  81  0  0  81  81  0  0  0  81  81  0  0  0  0  81  

81  81  0  0  81  0  81  81  0  0  0  81  0  81  0  0  81  0  81  81  0  81  0  81  0  0  81  81  81  0  81  0  81  0  81  81  81  0  81  81  0  81  81  0  0  81  0  81  0  81  81  81  0  0  81  81  81  0  0  0  81  0  0  81  0  81  81  0  81  81  0  81  81  0  81  81  0  81  81  0  

0  81  0  0  81  0  0  81  81  0  81  0  81  81  81  0  0  81  81  81  0  81  81  0  81  81  81  0  0  0  81  81  81  0  81  81  0  0  0  81  81  81  81  81  81  81  81  0  0  81  81  81  0  81  81  81  0  81  0  81  0  0  0  0  81  0  0  81  0  81  0  81  81  81  0  81  81  81  81  0  

81  81  81  81  0  81  81  0  0  81  0  81  81  81  0  0  81  0  81  0  0  0  0  81  81  0  0  0  81  0  81  0  81  0  81  0  81  0  81  0  81  81  0  0  81  81  81  0  0  81  81  81  81  81  81  81  81  0  81  0  81  81  81  81  81  81  81  81  81  0  81  81  0  0  81  81  81  81  0  81  

81  0  0  81  81  81  0  81  0  0  81  81  81  81  81  0  81  81  0  0  0  81  81  0  0  0  81  81  0  81  0  81  0  81  81  0  0  81  0  0  81  0  0  0  0  81  81  81  0  0  0  81  81  0  81  0  0  81  0  81  81  81  81  81  81  81  81  81  81  81  0  0  0  81  0  81  0  81  0  81  

81  0  81  0  81  81  0  81  0  0  81  81  0  81  81  0  0  81  81  0  0  0  81  81  81  81  0  0  0  0  81  0  81  81  81  81  0  81  81  81  81  81  81  0  0  81  81  0  0  0  81  81  0  81  81  0  0  81  81  81  0  0  0  81  0  0  0  81  0  81  0  81  0  81  0  0  0  81  81  81  

81  0  81  81  81  81  81  81  81  81  81  81  81  0  0  81  0  81  0  0  0  0  81  81  81  0  81  81  0  81  81  81  0  0  81  81  81  81  0  81  0  81  81  81  0  0  81  0  0  81  81  81  81  81  81  81  0  0  81  81  81  0  0  81  0  0  81  81  81  0  81  81  81  0  81  81  81  0  81  0  

81  81  81  81  0  81  81  0  0  81  0  81  0  0  81  0  0  81  0  81  81  81  81  81  0  81  81  81  0  0  81  81  81  0  81  81  81  0  81  81  0  81  0  0  81  0  81  81  81  81  81  81  0  0  81  81  0  81  81  0  81  81  81  81  81  0  81  0  0  81  0  0  0  0  0  81  81  81  81  0  

81  81  81  0  81  81  0  0  81  81  0  81  81  0  81  0  81  81  0  0  81  0  0  81  81  0  81  81  81  81  0  81  0  81  0  81  81  0  81  0  0  0  81  81  0  81  81  81  0  81  0  81  0  0  0  0  81  81  81  0  0  81  0  0  0  0  81  81  81  81  81  0  0  81  0  0  81  81  81  81  

81  81  0  81  0  0  81  0  0  81  81  81  0  81  81  0  81  81  81  0  0  81  81  81  81  81  0  81  81  81  81  81  0  81  0  81  81  0  81  0  81  0  81  81  81  0  0  81  81  0  81  0  81  81  0  81  81  81  81  81  0  0  0  81  81  0  81  0  0  81  0  81  81  0  0  81  0  81  81  0  

81  0  0  0  81  81  81  81  0  81  81  81  81  81  81  0  0  0  81  0  81  0  81  0  0  81  0  0  81  81  81  81  0  81  81  0  81  0  81  81  81  81  0  0  81  81  81  0  0  0  0  81  0  81  81  81  81  81  81  81  81  0  0  81  0  81  81  0  0  0  81  0  81  81  81  81  81  0  0  81  

0  81  0  0  81  81  0  81  81  0  81  81  0  81  81  81  0  81  0  0  81  0  0  0  81  81  81  81  81  0  81  81  81  81  0  81  81  0  81  0  0  81  81  81  0  81  81  81  0  0  81  0  81  81  81  0  0  81  81  81  81  0  0  81  81  0  0  81  0  0  81  0  81  0  0  81  0  81  81  81  

81  81  81  0  81  81  0  81  81  81  81  0  81  81  81  81  81  81  0  0  81  81  81  0  81  0  81  81  81  0  81  0  81  81  81  0  0  0  81  0  81  81  0  0  0  81  81  81  81  81  0  81  81  0  81  81  0  0  81  81  81  0  0  81  0  0  81  81  81  0  0  0  0  0  0  81  81  81  81  81  

81  81  81  81  0  81  0  0  81  81  81  0  81  81  81  81  81  0  81  81  81  81  81  0  0  0  81  81  0  0  0  81  81  0  81  81  81  81  81  81  81  81  81  81  81  0  81  81  0  0  0  81  81  0  0  81  81  0  0  0  0  81  0  0  0  81  0  81  81  0  0  81  81  0  81  0  81  0  0  81  

0  81  0  81  81  0  0  0  81  81  0  81  81  81  0  81  0  81  81  81  81  81  0  0  0  81  81  0  81  81  0  81  81  0  81  0  0  0  0  0  0  0  81  0  81  81  81  81  81  0  0  81  81  0  0  81  0  0  0  0  0  0  81  81  81  0  81  0  81  81  0  81  81  0  81  81  0  0  0  0  

81  81  81  0  0  0  81  0  0  81  81  81  0  0  0  0  81  81  0  0  81  0  81  0  81  0  81  81  81  81  0  81  81  81  81  81  0  81  81  81  0  81  81  81  0  81  0  0  81  81  0  81  81  81  81  81  0  81  81  81  81  0  81  81  0  81  81  81  81  81  0  0  81  0  81  0  81  81  0  81  

0  0  0  0  0  0  0  81  81  0  81  81  81  0  0  81  81  0  81  81  81  81  0  81  81  81  0  0  0  0  0  81  0  81  81  81  81  81  0  0  0  81  81  0  0  81  0  0  0  0  81  81  81  0  0  81  0  81  0  81  0  0  81  0  81  81  81  0  0  0  0  81  81  81  81  81  0  81  81  81  

81  0  81  81  81  81  0  0  0  81  81  81  0  0  81  81  81  81  81  0  81  81  81  81  81  0  0  81  81  81  0  81  0  81  81  81  0  0  81  81  81  81  0  0  81  0  81  81  81  81  0  81  81  0  0  0  0  0  81  0  0  81  0  81  81  81  0  0  81  81  81  81  81  0  0  0  81  81  0  0  

81  81  81  81  0  0  81  81  81  81  0  81  81  0  81  81  81  81  81  0  0  0  81  0  0  81  0  81  0  81  0  81  0  81  81  81  81  81  0  81  0  0  81  0  0  81  0  81  0  81  0  81  81  0  81  81  81  81  81  0  81  0  81  81  81  0  81  81  81  81  0  0  81  0  81  81  81  0  81  0  

81  0  0  81  0  0  81  81  0  0  0  81  81  0  81  0  81  81  81  81  81  0  81  81  0  81  0  81  81  81  0  0  0  81  0  81  0  81  81  81  81  81  81  0  81  0  0  81  0  0  81  81  81  81  81  0  81  0  0  81  81  81  0  81  0  0  81  81  0  81  81  81  81  81  81  0  81  0  81  0  

0  81  0  81  81  0  0  81  0  81  81  81  81  81  0  81  81  0  0  0  0  0  0  0  0  81  0  81  0  0  81  0  0  81  0  0  81  81  81  81  81  81  0  81  0  0  81  0  81  81  0  81  81  0  81  0  81  0  0  0  81  81  81  81  0  81  81  0  81  0  81  81  81  81  81  81  0  0  81  0  

81  81  81  81  81  0  81  81  81  81  81  0  81  0  0  0  81  0  81  81  0  81  0  0  81  81  81  0  81  0  81  0  81  81  81  81  0  81  0  81  0  81  0  81  81  81  81  81  81  81  81  0  81  81  0  81  81  81  0  0  0  0  81  81  0  81  81  81  0  81  0  0  81  81  0  81  0  81  81  81  

81  81  81  81  81  0  81  81  0  0  0  81  81  81  81  81  0  81  81  81  81  0  0  81  0  0  0  0  0  81  81  81  0  81  81  0  81  81  81  81  0  0  81  81  81  81  81  81  0  0  0  81  0  0  81  0  81  0  81  81  0  0  0  0  0  81  0  81  81  0  81  81  81  81  81  81  81  0  81  81  

0  81  81  0  0  0  0  81  81  0  0  0  81  0  0  0  0  81  81  0  81  0  0  81  0  0  0  81  81  81  0  0  81  81  81  81  0  81  0  0  81  81  0  81  81  0  0  81  0  81  81  81  0  81  81  0  0  81  0  0  0  81  81  0  81  81  0  81  81  0  81  81  81  0  81  0  81  0  0  81  

81  81  81  0  0  81  0  0  0  0  81  81  0  0  0  81  81  81  81  0  81  81  81  0  0  81  81  81  0  81  0  81  0  0  0  0  81  0  81  81  0  0  81  81  0  81  0  0  0  81  81  0  0  0  81  0  0  81  81  81  0  81  81  81  81  81  81  81  81  81  81  81  81  81  81  81  81  81  0  81  

81  81  0  0  81  81  0  81  81  81  0  81  81  0  81  81  81  81  81  81  81  0  0  0  81  0  0  81  81  81  0  0  81  81  0  0  81  81  81  81  0  81  81  81  81  0  81  0  81  0  81  0  81  81  0  0  81  0  81  0  0  0  0  0  81  0  0  81  81  81  81  0  81  81  81  0  81  81  81  81  

81  0  81  81  0  81  0  0  0  0  81  81  81  81  81  81  0  81  81  81  0  81  81  0  0  81  81  0  0  0  0  81  0  81  81  81  0  0  0  0  81  81  0  81  0  81  81  0  81  81  0  81  0  0  81  0  0  0  81  0  0  81  81  81  81  0  81  81  81  0  81  81  81  81  81  81  81  0  0  81  

81  0  81  81  81  81  81  0  81  81  81  0  0  81  81  0  81  81  81  81  81  0  81  81  81  81  0  81  0  0  0  81  0  81  81  81  81  0  81  81  0  0  81  0  0  81  0  81  0  81  81  81  81  0  81  81  0  81  81  81  81  0  81  0  81  0  81  0  81  81  81  0  81  0  81  81  81  0  0  0  

81  0  81  81  81  0  81  81  0  0  0  81  81  0  81  0  81  81  81  81  81  0  0  0  0  81  0  81  0  0  81  81  0  81  0  81  81  0  0  0  81  81  0  81  81  0  81  81  0  0  81  81  0  0  81  81  81  0  81  0  81  81  0  81  0  81  81  81  0  0  81  81  81  81  81  81  81  0  81  81  

0  81  81  81  0  81  0  81  0  81  81  0  81  81  0  81  81  81  81  0  81  81  0  81  81  0  0  81  0  81  0  0  81  81  81  0  0  0  0  81  0  81  81  0  81  81  0  81  0  81  81  81  81  81  0  81  81  81  0  81  81  0  0  81  81  81  0  0  0  81  0  0  81  81  0  0  0  81  81  81  

0  0  81  81  0  81  0  81  81  81  0  0  81  81  0  0  81  0  81  81  81  0  0  0  0  0  0  81  81  81  0  81  0  81  0  81  0  81  81  0  0  81  81  81  81  81  81  0  0  81  81  0  0  81  81  81  81  81  0  81  81  0  0  0  81  0  81  81  81  81  81  0  0  81  0  0  81  81  81  0  

81  81  81  0  81  81  81  81  81  0  0  0  81  0  81  81  81  0  0  81  81  0  81  0  81  0  0  0  0  0  81  81  81  81  0  81  81  81  81  81  0  81  0  81  81  81  81  0  81  0  0  81  81  81  0  0  81  0  81  81  81  81  0  81  81  0  0  0  0  81  81  81  81  81  81  0  81  81  0  81  

UnPairedArc=
1 2 
1 3 
1 5 
1 6 
1 7 
1 10 
1 12 
1 15 
1 20 
1 21 
1 24 
1 25 
1 26 
1 31 
1 35 
1 39 
1 41 
1 44 
1 46 
1 48 
1 50 
1 52 
1 53 
1 54 
1 55 
1 56 
1 57 
1 58 
1 59 
1 61 
1 62 
1 64 
1 66 
1 67 
1 68 
1 70 
1 71 
1 73 
1 74 
1 75 
1 76 
1 77 
1 80 
2 3 
2 6 
2 8 
2 9 
2 11 
2 13 
2 16 
2 17 
2 20 
2 23 
2 25 
2 26 
2 27 
2 28 
2 29 
2 30 
2 31 
2 33 
2 34 
2 36 
2 37 
2 38 
2 39 
2 42 
2 43 
2 44 
2 47 
2 50 
2 51 
2 52 
2 56 
2 57 
2 58 
2 60 
2 61 
2 62 
2 63 
2 64 
2 67 
2 69 
2 70 
2 71 
2 72 
2 73 
2 74 
2 78 
2 80 
3 7 
3 9 
3 11 
3 13 
3 15 
3 18 
3 19 
3 20 
3 21 
3 24 
3 27 
3 29 
3 32 
3 33 
3 34 
3 35 
3 36 
3 39 
3 40 
3 42 
3 43 
3 44 
3 45 
3 46 
3 47 
3 49 
3 52 
3 54 
3 55 
3 56 
3 57 
3 61 
3 62 
3 64 
3 66 
3 67 
3 70 
3 71 
3 72 
3 73 
3 75 
3 76 
3 77 
3 78 
3 79 
3 80 
4 5 
4 6 
4 8 
4 9 
4 11 
4 15 
4 16 
4 17 
4 20 
4 21 
4 23 
4 24 
4 26 
4 27 
4 30 
4 32 
4 34 
4 35 
4 37 
4 38 
4 40 
4 43 
4 45 
4 46 
4 47 
4 52 
4 53 
4 55 
4 56 
4 58 
4 62 
4 63 
4 66 
4 67 
4 68 
4 69 
4 70 
4 71 
4 75 
4 76 
4 77 
4 78 
4 79 
5 10 
5 13 
5 15 
5 16 
5 17 
5 18 
5 20 
5 21 
5 22 
5 23 
5 26 
5 27 
5 28 
5 30 
5 31 
5 37 
5 39 
5 40 
5 42 
5 44 
5 45 
5 46 
5 47 
5 48 
5 49 
5 50 
5 51 
5 53 
5 54 
5 55 
5 57 
5 59 
5 60 
5 61 
5 63 
5 66 
5 69 
5 70 
5 71 
5 74 
5 76 
5 77 
5 80 
6 7 
6 8 
6 10 
6 11 
6 13 
6 14 
6 15 
6 16 
6 18 
6 19 
6 21 
6 22 
6 24 
6 25 
6 27 
6 30 
6 31 
6 33 
6 34 
6 36 
6 37 
6 38 
6 39 
6 41 
6 46 
6 47 
6 52 
6 53 
6 54 
6 55 
6 56 
6 57 
6 59 
6 60 
6 61 
6 62 
6 66 
6 73 
6 74 
6 75 
6 76 
6 78 
6 79 
6 80 
7 10 
7 12 
7 14 
7 15 
7 16 
7 19 
7 20 
7 23 
7 25 
7 27 
7 28 
7 29 
7 31 
7 33 
7 35 
7 36 
7 37 
7 38 
7 39 
7 42 
7 43 
7 46 
7 48 
7 50 
7 52 
7 55 
7 56 
7 58 
7 59 
7 64 
7 67 
7 68 
7 70 
7 71 
7 76 
7 77 
7 80 
8 9 
8 11 
8 12 
8 14 
8 15 
8 16 
8 18 
8 19 
8 20 
8 22 
8 23 
8 24 
8 26 
8 27 
8 31 
8 32 
8 33 
8 34 
8 35 
8 37 
8 40 
8 41 
8 42 
8 45 
8 46 
8 47 
8 50 
8 51 
8 53 
8 54 
8 55 
8 59 
8 60 
8 61 
8 65 
8 67 
8 68 
8 69 
8 70 
8 71 
8 72 
8 74 
8 77 
8 78 
8 79 
8 80 
9 10 
9 12 
9 15 
9 17 
9 18 
9 19 
9 20 
9 22 
9 24 
9 26 
9 27 
9 28 
9 30 
9 31 
9 32 
9 37 
9 38 
9 44 
9 45 
9 48 
9 49 
9 51 
9 55 
9 57 
9 60 
9 61 
9 62 
9 63 
9 65 
9 67 
9 70 
9 72 
9 74 
9 76 
9 79 
9 80 
10 12 
10 15 
10 16 
10 17 
10 19 
10 20 
10 21 
10 22 
10 25 
10 27 
10 28 
10 29 
10 30 
10 31 
10 32 
10 33 
10 36 
10 37 
10 38 
10 40 
10 42 
10 43 
10 44 
10 45 
10 47 
10 49 
10 52 
10 55 
10 56 
10 57 
10 58 
10 59 
10 61 
10 62 
10 63 
10 64 
10 66 
10 67 
10 69 
10 70 
10 74 
10 76 
10 78 
10 79 
11 13 
11 15 
11 17 
11 18 
11 20 
11 23 
11 26 
11 28 
11 29 
11 30 
11 31 
11 32 
11 33 
11 34 
11 37 
11 38 
11 39 
11 41 
11 42 
11 43 
11 45 
11 46 
11 47 
11 48 
11 49 
11 51 
11 53 
11 54 
11 55 
11 58 
11 59 
11 60 
11 61 
11 62 
11 64 
11 65 
11 66 
11 69 
11 70 
11 73 
11 75 
11 76 
11 78 
12 16 
12 17 
12 19 
12 22 
12 24 
12 26 
12 28 
12 29 
12 31 
12 32 
12 33 
12 36 
12 39 
12 40 
12 41 
12 42 
12 43 
12 45 
12 46 
12 50 
12 52 
12 53 
12 54 
12 55 
12 56 
12 57 
12 58 
12 59 
12 60 
12 63 
12 64 
12 65 
12 66 
12 67 
12 68 
12 69 
12 71 
12 73 
12 74 
12 75 
12 77 
13 15 
13 16 
13 21 
13 22 
13 23 
13 25 
13 26 
13 27 
13 28 
13 29 
13 30 
13 31 
13 34 
13 36 
13 37 
13 39 
13 40 
13 43 
13 44 
13 45 
13 48 
13 49 
13 51 
13 52 
13 53 
13 55 
13 57 
13 59 
13 61 
13 62 
13 63 
13 65 
13 67 
13 68 
13 69 
13 70 
13 71 
13 72 
13 74 
13 75 
13 77 
13 78 
13 79 
13 80 
14 15 
14 16 
14 19 
14 20 
14 22 
14 23 
14 24 
14 26 
14 27 
14 28 
14 30 
14 33 
14 34 
14 35 
14 39 
14 41 
14 43 
14 44 
14 45 
14 47 
14 50 
14 51 
14 52 
14 53 
14 54 
14 58 
14 59 
14 60 
14 61 
14 62 
14 63 
14 69 
14 71 
14 75 
14 76 
14 78 
14 79 
15 17 
15 20 
15 21 
15 22 
15 24 
15 25 
15 26 
15 27 
15 29 
15 32 
15 35 
15 38 
15 39 
15 40 
15 41 
15 43 
15 49 
15 51 
15 53 
15 54 
15 56 
15 57 
15 58 
15 59 
15 60 
15 61 
15 62 
15 66 
15 67 
15 68 
15 71 
15 74 
15 75 
15 76 
15 77 
15 80 
16 17 
16 18 
16 20 
16 21 
16 22 
16 23 
16 24 
16 25 
16 28 
16 29 
16 30 
16 31 
16 32 
16 34 
16 35 
16 36 
16 37 
16 38 
16 39 
16 41 
16 43 
16 44 
16 45 
16 46 
16 47 
16 48 
16 55 
16 60 
16 61 
16 62 
16 63 
16 65 
16 66 
16 67 
16 69 
16 71 
16 73 
16 74 
16 75 
16 78 
16 80 
17 19 
17 20 
17 22 
17 24 
17 25 
17 29 
17 30 
17 33 
17 37 
17 38 
17 39 
17 42 
17 44 
17 45 
17 47 
17 48 
17 49 
17 50 
17 52 
17 53 
17 57 
17 58 
17 61 
17 62 
17 64 
17 65 
17 66 
17 67 
17 68 
17 69 
17 70 
17 73 
17 74 
17 76 
17 77 
17 78 
17 79 
17 80 
18 19 
18 20 
18 22 
18 25 
18 26 
18 27 
18 30 
18 32 
18 34 
18 36 
18 38 
18 41 
18 42 
18 43 
18 45 
18 48 
18 51 
18 53 
18 54 
18 55 
18 56 
18 57 
18 58 
18 60 
18 61 
18 63 
18 64 
18 66 
18 67 
18 68 
18 71 
18 72 
18 73 
18 74 
18 75 
18 76 
18 77 
18 78 
19 20 
19 23 
19 24 
19 28 
19 30 
19 31 
19 33 
19 35 
19 37 
19 38 
19 39 
19 42 
19 43 
19 45 
19 49 
19 50 
19 51 
19 52 
19 54 
19 58 
19 59 
19 62 
19 63 
19 65 
19 66 
19 67 
19 68 
19 70 
19 71 
19 72 
19 73 
19 74 
19 75 
19 76 
19 77 
19 78 
19 79 
20 21 
20 22 
20 23 
20 25 
20 26 
20 27 
20 29 
20 33 
20 34 
20 35 
20 36 
20 37 
20 39 
20 40 
20 41 
20 42 
20 43 
20 44 
20 45 
20 48 
20 50 
20 51 
20 56 
20 62 
20 63 
20 65 
20 68 
20 70 
20 71 
20 74 
20 75 
20 76 
20 77 
20 79 
20 80 
21 22 
21 23 
21 25 
21 26 
21 27 
21 28 
21 29 
21 32 
21 35 
21 37 
21 38 
21 41 
21 43 
21 44 
21 46 
21 47 
21 48 
21 49 
21 56 
21 57 
21 59 
21 60 
21 61 
21 62 
21 63 
21 64 
21 65 
21 66 
21 68 
21 71 
21 72 
21 73 
21 74 
21 76 
21 77 
21 78 
21 79 
21 80 
22 25 
22 28 
22 29 
22 32 
22 33 
22 34 
22 35 
22 36 
22 37 
22 38 
22 40 
22 41 
22 42 
22 44 
22 45 
22 47 
22 48 
22 49 
22 50 
22 51 
22 53 
22 56 
22 58 
22 61 
22 62 
22 63 
22 65 
22 66 
22 70 
22 73 
22 75 
22 78 
23 24 
23 25 
23 27 
23 28 
23 29 
23 31 
23 32 
23 36 
23 37 
23 39 
23 41 
23 42 
23 43 
23 47 
23 48 
23 51 
23 53 
23 54 
23 55 
23 56 
23 58 
23 59 
23 61 
23 62 
23 64 
23 66 
23 67 
23 68 
23 73 
23 75 
23 76 
23 80 
24 25 
24 27 
24 29 
24 30 
24 32 
24 33 
24 35 
24 36 
24 37 
24 40 
24 42 
24 43 
24 44 
24 45 
24 46 
24 48 
24 49 
24 50 
24 52 
24 54 
24 55 
24 56 
24 57 
24 58 
24 65 
24 66 
24 68 
24 71 
24 72 
24 76 
24 78 
25 26 
25 32 
25 33 
25 34 
25 36 
25 37 
25 38 
25 39 
25 40 
25 41 
25 42 
25 43 
25 44 
25 45 
25 46 
25 48 
25 51 
25 52 
25 54 
25 55 
25 57 
25 58 
25 60 
25 61 
25 64 
25 65 
25 66 
25 70 
25 74 
25 76 
25 78 
25 80 
26 28 
26 30 
26 31 
26 33 
26 34 
26 35 
26 36 
26 37 
26 39 
26 40 
26 41 
26 42 
26 43 
26 48 
26 51 
26 54 
26 56 
26 58 
26 59 
26 60 
26 63 
26 65 
26 67 
26 68 
26 69 
26 70 
26 73 
26 75 
26 76 
26 77 
27 28 
27 29 
27 31 
27 33 
27 34 
27 35 
27 36 
27 37 
27 39 
27 40 
27 41 
27 42 
27 44 
27 45 
27 46 
27 50 
27 51 
27 53 
27 55 
27 56 
27 57 
27 60 
27 61 
27 62 
27 63 
27 64 
27 70 
27 73 
27 75 
28 29 
28 30 
28 31 
28 32 
28 33 
28 38 
28 40 
28 41 
28 42 
28 45 
28 46 
28 47 
28 49 
28 50 
28 53 
28 55 
28 56 
28 57 
28 58 
28 60 
28 61 
28 62 
28 64 
28 66 
28 67 
28 68 
28 69 
28 72 
28 73 
28 74 
28 76 
28 77 
28 78 
28 79 
29 32 
29 33 
29 34 
29 39 
29 40 
29 41 
29 43 
29 44 
29 46 
29 48 
29 49 
29 50 
29 52 
29 57 
29 58 
29 59 
29 60 
29 61 
29 63 
29 64 
29 66 
29 68 
29 70 
29 72 
29 74 
29 79 
30 31 
30 32 
30 33 
30 34 
30 38 
30 40 
30 42 
30 45 
30 46 
30 49 
30 53 
30 55 
30 57 
30 58 
30 59 
30 63 
30 64 
30 66 
30 67 
30 68 
30 71 
30 72 
30 73 
30 74 
30 78 
30 79 
31 32 
31 34 
31 36 
31 38 
31 39 
31 40 
31 41 
31 42 
31 50 
31 51 
31 52 
31 54 
31 55 
31 56 
31 58 
31 59 
31 60 
31 61 
31 69 
31 70 
31 71 
31 77 
31 80 
32 33 
32 36 
32 37 
32 38 
32 40 
32 41 
32 42 
32 44 
32 47 
32 48 
32 51 
32 53 
32 55 
32 56 
32 57 
32 58 
32 59 
32 60 
32 62 
32 63 
32 64 
32 65 
32 66 
32 67 
32 71 
32 73 
32 75 
32 76 
32 77 
32 79 
32 80 
33 34 
33 35 
33 36 
33 37 
33 38 
33 39 
33 40 
33 41 
33 42 
33 43 
33 44 
33 47 
33 48 
33 50 
33 51 
33 52 
33 54 
33 56 
33 60 
33 61 
33 62 
33 63 
33 64 
33 70 
33 72 
33 74 
33 78 
33 80 
34 36 
34 37 
34 38 
34 39 
34 41 
34 44 
34 45 
34 48 
34 49 
34 53 
34 54 
34 57 
34 58 
34 59 
34 60 
34 61 
34 64 
34 65 
34 66 
34 67 
34 68 
34 69 
34 70 
34 71 
34 72 
34 74 
34 75 
34 76 
34 77 
34 78 
34 79 
34 80 
35 37 
35 38 
35 39 
35 40 
35 41 
35 42 
35 47 
35 49 
35 50 
35 51 
35 52 
35 53 
35 54 
35 55 
35 56 
35 59 
35 61 
35 62 
35 63 
35 64 
35 65 
35 66 
35 67 
35 70 
35 71 
35 72 
35 75 
35 76 
35 78 
36 37 
36 41 
36 47 
36 48 
36 50 
36 51 
36 54 
36 55 
36 56 
36 57 
36 58 
36 60 
36 62 
36 64 
36 65 
36 66 
36 67 
36 68 
36 70 
36 72 
36 75 
36 76 
36 77 
36 79 
36 80 
37 39 
37 41 
37 42 
37 43 
37 45 
37 46 
37 47 
37 48 
37 50 
37 52 
37 55 
37 56 
37 57 
37 58 
37 59 
37 60 
37 62 
37 65 
37 67 
37 69 
37 71 
37 73 
37 74 
37 76 
37 77 
37 80 
38 39 
38 40 
38 41 
38 42 
38 46 
38 48 
38 53 
38 54 
38 55 
38 62 
38 64 
38 65 
38 67 
38 68 
38 69 
38 70 
38 71 
38 72 
38 74 
38 79 
38 80 
39 42 
39 43 
39 44 
39 45 
39 46 
39 47 
39 48 
39 49 
39 50 
39 52 
39 54 
39 56 
39 57 
39 58 
39 59 
39 60 
39 61 
39 62 
39 64 
39 66 
39 68 
39 69 
39 71 
39 73 
39 74 
39 76 
39 79 
39 80 
40 41 
40 43 
40 44 
40 45 
40 46 
40 47 
40 49 
40 50 
40 51 
40 54 
40 55 
40 56 
40 59 
40 62 
40 64 
40 66 
40 67 
40 68 
40 69 
40 70 
40 71 
40 73 
40 74 
40 76 
40 78 
40 80 
41 42 
41 43 
41 44 
41 45 
41 47 
41 48 
41 51 
41 52 
41 53 
41 54 
41 58 
41 59 
41 61 
41 62 
41 66 
41 68 
41 69 
41 72 
41 75 
41 77 
42 45 
42 47 
42 49 
42 50 
42 51 
42 52 
42 54 
42 55 
42 56 
42 59 
42 60 
42 61 
42 62 
42 64 
42 65 
42 66 
42 68 
42 69 
42 70 
42 72 
42 74 
42 75 
42 77 
42 78 
42 79 
42 80 
43 44 
43 45 
43 46 
43 47 
43 50 
43 51 
43 54 
43 55 
43 57 
43 58 
43 60 
43 62 
43 63 
43 64 
43 65 
43 67 
43 68 
43 71 
43 73 
43 74 
43 76 
43 78 
43 79 
44 46 
44 47 
44 49 
44 51 
44 55 
44 57 
44 58 
44 60 
44 62 
44 64 
44 69 
44 70 
44 71 
44 72 
44 73 
44 74 
44 75 
44 77 
44 79 
44 80 
45 46 
45 48 
45 51 
45 52 
45 56 
45 58 
45 59 
45 62 
45 63 
45 66 
45 68 
45 70 
45 71 
45 72 
45 74 
45 77 
45 78 
45 79 
45 80 
46 47 
46 50 
46 51 
46 52 
46 53 
46 54 
46 57 
46 59 
46 60 
46 61 
46 63 
46 64 
46 65 
46 67 
46 70 
46 71 
46 73 
46 75 
46 76 
46 78 
46 79 
46 80 
47 51 
47 52 
47 53 
47 54 
47 55 
47 56 
47 57 
47 59 
47 60 
47 61 
47 62 
47 63 
47 66 
47 69 
47 70 
47 71 
47 74 
47 75 
47 77 
47 79 
47 80 
48 50 
48 53 
48 56 
48 57 
48 58 
48 60 
48 61 
48 62 
48 63 
48 66 
48 67 
48 68 
48 70 
48 71 
48 72 
48 76 
48 77 
48 78 
49 56 
49 58 
49 61 
49 63 
49 64 
49 66 
49 69 
49 70 
49 74 
49 75 
49 80 
50 51 
50 52 
50 55 
50 56 
50 57 
50 61 
50 64 
50 66 
50 67 
50 69 
50 70 
50 72 
50 73 
50 75 
50 76 
50 78 
50 79 
51 52 
51 54 
51 55 
51 56 
51 58 
51 60 
51 65 
51 68 
51 70 
51 72 
51 73 
51 74 
51 76 
51 77 
51 78 
51 79 
52 53 
52 54 
52 55 
52 56 
52 57 
52 59 
52 61 
52 62 
52 63 
52 64 
52 65 
52 66 
52 67 
52 68 
52 69 
52 71 
52 72 
52 75 
52 76 
52 77 
52 78 
52 80 
53 55 
53 58 
53 60 
53 61 
53 62 
53 63 
53 64 
53 65 
53 66 
53 67 
53 68 
53 69 
53 70 
53 74 
53 76 
53 78 
53 80 
54 55 
54 58 
54 59 
54 60 
54 64 
54 68 
54 70 
54 72 
54 74 
54 78 
54 79 
54 80 
55 56 
55 59 
55 60 
55 61 
55 64 
55 67 
55 68 
55 69 
55 71 
55 72 
55 73 
55 75 
55 76 
55 77 
55 79 
56 58 
56 59 
56 61 
56 62 
56 63 
56 64 
56 65 
56 67 
56 70 
56 76 
56 77 
56 78 
56 79 
57 58 
57 59 
57 62 
57 67 
57 68 
57 69 
57 70 
57 71 
57 74 
57 77 
57 78 
57 79 
57 80 
58 59 
58 60 
58 64 
58 65 
58 67 
58 70 
58 72 
58 73 
58 76 
58 78 
58 79 
59 60 
59 61 
59 64 
59 66 
59 67 
59 71 
59 73 
59 74 
59 75 
59 76 
59 77 
59 80 
60 61 
60 64 
60 65 
60 68 
60 71 
60 73 
60 76 
60 78 
60 79 
60 80 
61 64 
61 67 
61 68 
61 69 
61 76 
61 77 
61 78 
61 79 
61 80 
62 66 
62 68 
62 69 
62 72 
62 73 
62 75 
62 77 
62 80 
63 64 
63 65 
63 67 
63 69 
63 70 
63 72 
63 73 
63 75 
63 76 
64 66 
64 67 
64 68 
64 69 
64 70 
64 73 
64 75 
64 77 
64 78 
64 80 
65 66 
65 67 
65 72 
65 73 
65 74 
65 75 
65 76 
65 78 
65 79 
65 80 
66 69 
66 70 
66 71 
66 72 
66 73 
66 77 
66 78 
67 68 
67 69 
67 70 
67 73 
67 75 
67 76 
67 77 
67 79 
68 70 
68 71 
68 72 
68 73 
68 74 
68 75 
68 77 
68 79 
69 71 
69 72 
69 73 
69 74 
69 75 
69 76 
69 79 
70 73 
70 74 
70 76 
70 78 
70 79 
70 80 
71 72 
71 73 
71 74 
71 75 
71 76 
71 77 
71 79 
71 80 
72 73 
72 75 
72 77 
72 80 
73 74 
73 75 
73 76 
73 77 
73 78 
73 80 
74 75 
74 77 
74 78 
74 79 
74 80 
75 76 
75 77 
75 80 
76 77 
77 79 
77 80 
78 79 
78 80 
