nNodes=60;
 nPairs=856;
Cost=

61  0  61  0  61  0  0  61  0  61  0  0  61  0  0  61  0  61  0  0  61  0  61  61  61  61  0  0  0  0  61  61  61  0  0  61  61  61  61  61  0  61  61  61  0  61  61  0  0  61  0  61  0  0  0  0  61  61  0  0  

0  61  61  0  0  0  0  61  0  0  0  0  0  0  0  0  61  61  0  61  61  0  61  0  61  61  61  61  0  61  0  0  0  0  0  61  61  0  61  0  61  0  61  61  61  0  0  61  61  0  0  61  61  0  0  0  0  61  61  61  

61  61  61  61  0  61  0  61  0  61  61  61  0  0  61  0  0  0  0  0  0  0  61  0  0  0  61  0  0  0  61  0  0  61  61  61  61  61  61  0  0  61  61  61  0  0  61  0  0  0  61  0  0  0  0  61  0  61  0  61  

0  0  61  61  61  0  0  61  0  0  61  61  0  0  0  61  0  0  0  61  61  0  0  0  0  61  0  61  0  61  61  0  0  0  0  61  61  61  0  0  61  0  61  61  0  0  61  61  0  61  0  61  61  61  0  0  61  0  0  61  

61  0  0  61  61  0  61  61  61  61  61  0  0  0  61  0  61  61  61  0  0  61  0  61  0  61  61  61  61  61  0  0  0  0  61  61  61  0  61  61  61  0  61  61  61  61  0  0  61  0  0  0  0  0  61  0  0  0  61  0  

0  0  61  0  0  61  61  0  0  61  61  0  61  0  61  61  61  0  0  0  61  61  61  61  61  0  0  0  61  61  0  0  61  61  61  0  0  61  0  61  0  61  0  61  0  61  61  61  0  0  61  0  0  0  0  61  0  61  61  61  

0  0  0  0  61  61  61  61  61  61  61  0  61  0  61  61  61  0  61  0  0  0  61  0  61  0  0  61  61  0  61  0  61  0  0  61  0  61  61  0  61  0  61  61  61  0  61  61  0  61  0  0  0  61  0  61  0  0  0  61  

61  61  61  61  61  0  61  61  0  61  0  0  0  0  61  0  61  61  0  0  0  61  61  0  61  0  61  61  0  61  0  0  0  0  0  61  61  61  61  0  61  0  61  0  61  0  61  61  0  61  0  0  0  0  0  0  61  61  61  61  

0  0  0  0  61  0  61  0  61  0  0  0  0  61  61  61  61  61  0  0  61  61  61  61  61  0  0  0  0  0  0  61  0  0  61  61  0  0  61  0  61  61  0  61  0  0  61  0  0  0  0  61  61  0  0  61  61  61  0  61  

61  0  61  0  61  61  61  61  0  61  61  0  61  61  61  61  61  61  0  61  0  61  0  61  61  61  0  61  61  61  0  61  0  0  61  0  61  61  61  61  61  61  0  0  0  61  0  0  0  0  0  61  61  0  61  0  0  61  0  0  

0  0  61  61  61  61  61  0  0  61  61  0  0  0  0  61  61  0  0  61  61  61  61  61  0  0  0  0  0  0  61  61  0  61  0  61  0  61  61  0  0  61  61  0  61  61  0  0  61  0  0  0  61  0  61  0  0  0  61  0  

0  0  61  61  0  0  0  0  0  0  0  61  0  0  61  61  61  0  61  0  0  61  0  0  0  61  0  0  61  61  61  61  0  0  0  61  61  61  0  61  61  0  0  0  0  0  61  0  0  61  0  0  61  61  0  0  61  0  61  61  

61  0  0  0  0  61  61  0  0  61  0  0  61  0  61  0  61  61  61  0  0  0  61  61  0  0  0  0  61  61  61  61  0  0  0  0  0  0  0  0  0  0  61  61  61  0  0  61  0  0  61  0  61  0  61  61  61  0  0  0  

0  0  0  0  0  0  0  0  61  61  0  0  0  61  0  0  0  61  61  0  61  61  0  61  61  0  0  61  61  61  0  61  61  61  61  0  61  61  61  61  0  61  0  0  0  61  0  0  0  0  61  0  61  61  61  61  0  0  0  61  

0  0  61  0  61  61  61  61  61  61  0  61  61  0  61  61  0  0  61  0  61  0  61  0  0  61  0  0  61  61  61  61  61  61  61  61  61  0  61  0  61  0  61  61  61  61  0  61  61  0  0  61  61  0  0  61  0  61  0  61  

61  0  0  61  0  61  61  0  61  61  61  61  0  0  61  61  0  61  61  0  0  0  0  61  0  61  0  61  0  0  0  0  61  0  0  61  61  0  0  61  0  61  0  0  0  61  61  0  0  0  61  0  61  0  61  61  0  61  61  61  

0  61  0  0  61  61  61  61  61  61  61  61  61  0  0  0  61  61  0  61  0  0  0  0  0  61  0  61  61  61  61  61  0  61  61  0  0  61  61  61  0  61  0  61  0  0  0  0  0  61  0  0  0  0  61  0  61  0  0  61  

61  61  0  0  61  0  0  61  61  61  0  0  61  61  0  61  61  61  0  61  61  61  0  61  61  0  0  0  61  61  0  0  61  61  61  0  0  61  61  0  61  61  61  61  0  61  61  61  61  0  0  61  0  0  61  0  0  0  0  0  

0  0  0  0  61  0  61  0  0  0  0  61  61  61  61  61  0  0  61  61  0  0  0  0  61  61  61  0  0  0  61  61  61  0  0  61  61  0  61  0  61  61  61  0  61  61  0  0  61  0  61  61  61  0  61  0  0  0  0  0  

0  61  0  61  0  0  0  0  0  61  61  0  0  0  0  0  61  61  61  61  0  0  0  61  61  61  0  61  61  61  61  0  61  61  0  0  61  61  0  61  61  0  0  61  0  61  0  61  0  61  0  0  0  0  0  61  0  0  0  0  

61  61  0  61  0  61  0  0  61  0  61  0  0  61  61  0  0  61  0  0  61  61  61  61  0  0  0  0  0  61  61  0  0  61  61  61  61  61  61  0  61  61  0  0  0  61  61  0  61  0  61  61  0  61  61  61  0  0  61  0  

0  0  0  0  61  61  0  61  61  61  61  61  0  61  0  0  0  61  0  0  61  61  0  61  0  61  61  61  61  61  61  0  0  0  0  61  61  61  0  0  0  0  61  0  0  0  0  0  0  61  61  61  61  0  0  0  0  0  0  0  

61  61  61  0  0  61  61  61  61  0  61  0  61  0  61  0  0  0  0  0  61  0  61  0  61  61  0  0  61  0  61  61  0  0  61  61  0  61  0  61  61  61  61  0  0  61  0  61  61  61  61  61  0  0  0  0  61  0  61  0  

61  0  0  0  61  61  0  0  61  61  61  0  61  61  0  61  0  61  0  61  61  61  0  61  61  0  61  0  61  61  0  61  0  0  61  61  61  0  61  61  61  0  0  61  0  61  61  61  0  0  61  61  0  0  61  0  61  61  0  61  

61  61  0  0  0  61  61  61  61  61  0  0  0  61  0  0  0  61  61  61  0  0  61  61  61  0  0  61  61  61  61  0  61  61  61  61  61  61  0  0  61  0  61  61  0  61  0  0  0  0  61  61  0  61  0  61  0  0  0  0  

61  61  0  61  61  0  0  0  0  61  0  61  0  0  61  61  61  0  61  61  0  61  61  0  0  61  0  61  0  61  0  61  61  0  0  61  0  0  61  61  0  61  0  61  61  61  61  0  0  0  61  61  0  61  0  0  0  61  0  61  

0  61  61  0  61  0  0  61  0  0  0  0  0  0  0  0  0  0  61  0  0  61  0  61  0  0  61  61  61  0  0  0  0  0  0  61  0  0  0  0  0  0  0  0  61  61  61  0  0  61  0  61  0  61  0  0  61  0  61  0  

0  61  0  61  61  0  61  61  0  61  0  0  0  61  0  61  61  0  0  61  0  61  0  0  61  61  61  61  0  61  61  0  0  0  0  61  0  61  61  0  61  0  0  61  0  0  0  61  61  61  61  61  0  61  61  0  61  0  61  61  

0  0  0  0  61  61  61  0  0  61  0  61  61  61  61  0  61  61  0  61  0  61  61  61  61  0  61  0  61  61  61  61  61  61  61  0  0  0  0  0  0  61  61  61  61  0  61  61  0  61  61  61  61  0  61  61  61  61  61  61  

0  61  0  61  61  61  0  61  0  61  0  61  61  61  61  0  61  61  0  61  61  61  0  61  61  61  0  61  61  61  61  61  0  61  61  0  0  0  0  61  0  0  61  0  0  61  61  61  61  61  0  0  0  0  0  61  0  61  0  61  

61  0  61  61  0  0  61  0  0  0  61  61  61  0  61  0  61  0  61  61  61  61  61  0  61  0  0  61  61  61  61  61  0  61  0  0  0  0  0  61  0  0  61  0  0  0  61  61  0  61  0  0  0  0  0  0  61  0  0  61  

61  0  0  0  0  0  0  0  61  61  61  61  61  61  61  0  61  0  61  0  0  0  61  61  0  61  0  0  61  61  61  61  0  61  61  61  0  61  61  0  0  0  61  61  61  61  0  0  61  0  0  61  0  0  61  0  0  61  0  0  

61  0  0  0  0  61  61  0  0  0  0  0  0  61  61  61  0  61  61  61  0  0  0  0  61  61  0  0  61  0  0  0  61  0  0  0  61  61  0  0  61  0  61  61  61  0  61  61  0  0  61  61  61  0  0  0  61  0  61  0  

0  0  61  0  0  61  0  0  0  0  61  0  0  61  61  0  61  61  0  61  61  0  0  0  61  0  0  0  61  61  61  61  0  61  0  61  61  61  0  61  0  0  0  61  0  0  0  61  0  61  61  0  61  61  0  61  0  61  0  61  

0  0  61  0  61  61  0  0  61  61  0  0  0  61  61  0  61  61  0  0  61  0  61  61  61  0  0  0  61  61  0  61  0  0  61  0  0  0  0  61  61  0  61  61  0  0  0  0  0  61  61  0  0  61  0  61  61  61  0  0  

61  61  61  61  61  0  61  61  61  0  61  61  0  0  61  61  0  0  61  0  61  61  61  61  61  61  61  61  0  0  0  61  0  61  0  61  0  0  61  0  61  0  0  61  61  61  61  0  0  61  61  0  0  61  0  0  61  0  61  61  

61  61  61  61  61  0  0  61  0  61  0  61  0  61  61  61  0  0  61  61  61  61  0  61  61  0  0  0  0  0  0  0  61  61  0  0  61  61  0  0  0  0  61  61  0  0  61  61  61  61  61  0  61  61  61  0  61  61  61  0  

61  0  61  61  0  61  61  61  0  61  61  61  0  61  0  0  61  61  0  61  61  61  61  0  61  0  0  61  0  0  0  61  61  61  0  0  61  61  61  61  0  0  61  0  0  61  0  61  61  0  0  0  61  61  0  0  0  0  0  0  

61  61  61  0  61  0  61  61  61  61  61  0  0  61  61  0  61  61  61  0  61  0  0  61  0  61  0  61  0  0  0  61  0  0  0  61  0  61  61  0  0  0  61  61  61  61  61  0  0  0  61  0  0  61  0  0  0  61  0  61  

61  0  0  0  61  61  0  0  0  61  0  61  0  61  0  61  61  0  0  61  0  0  61  61  0  61  0  0  0  61  61  0  0  61  61  0  0  61  0  61  0  61  0  61  0  61  0  0  61  61  61  0  61  61  0  61  61  0  61  0  

0  61  0  61  61  0  61  61  61  61  0  61  0  0  61  0  0  61  61  61  61  0  61  61  61  0  0  61  0  0  0  0  61  0  61  61  0  0  0  0  61  0  61  0  61  0  61  0  61  0  61  0  0  61  0  61  0  0  0  61  

61  0  61  0  0  61  0  0  61  61  61  0  0  61  0  61  61  61  61  0  61  0  61  0  0  61  0  0  61  0  0  0  0  0  0  0  0  0  0  61  0  61  61  61  61  61  61  61  61  61  61  0  0  0  0  0  0  0  0  61  

61  61  61  61  61  0  61  61  0  0  61  0  61  0  61  0  0  61  61  0  0  61  61  0  61  0  0  0  61  61  61  61  61  0  61  0  61  61  61  0  61  61  61  0  0  61  61  61  0  0  0  0  61  61  0  61  0  61  61  0  

61  61  61  61  61  61  61  0  61  0  0  0  61  0  61  0  61  61  0  61  0  0  0  61  61  61  0  61  61  0  0  61  61  61  61  61  61  0  61  61  0  61  0  61  61  0  0  61  0  0  0  61  0  61  61  0  61  61  0  0  

0  61  0  0  61  0  61  61  0  0  61  0  61  0  61  0  0  0  61  0  0  0  0  0  0  61  61  0  61  0  0  61  61  0  0  61  0  0  61  0  61  61  0  61  61  0  61  61  61  61  61  61  61  61  0  61  0  61  0  0  

61  0  0  0  61  61  0  0  0  61  61  0  0  61  61  61  0  61  61  61  61  0  61  61  61  61  61  0  0  61  0  61  0  0  0  61  0  61  61  61  0  61  61  0  0  61  61  0  61  61  0  61  61  61  61  0  0  61  0  61  

61  0  61  61  0  61  61  61  61  0  0  61  0  0  0  61  0  61  0  0  61  0  0  61  0  61  61  0  61  61  61  0  61  0  0  61  61  0  61  0  61  61  61  0  61  61  61  0  61  0  61  0  0  61  61  0  0  0  61  61  

0  61  0  61  0  61  61  61  0  0  0  0  61  0  61  0  0  61  0  61  0  0  61  61  0  0  0  61  61  61  61  0  61  61  0  0  61  61  0  0  0  61  61  61  61  0  0  61  0  0  0  61  61  0  0  61  61  0  61  0  

0  61  0  0  61  0  0  0  0  0  61  0  0  0  61  0  0  61  61  0  61  0  61  0  0  0  0  61  0  61  0  61  0  0  0  0  61  61  0  61  61  61  0  0  61  61  61  0  61  61  0  61  0  0  0  0  0  61  61  61  

61  0  0  61  0  0  61  61  0  0  0  61  0  0  0  0  61  0  0  61  0  61  61  0  0  0  61  61  61  61  61  0  0  61  61  61  61  0  0  61  0  61  0  0  61  61  0  0  61  61  61  61  0  0  61  0  0  0  0  61  

0  0  61  0  0  61  0  0  0  0  0  0  61  61  0  61  0  0  61  0  61  61  61  61  61  61  0  61  61  0  0  0  61  61  61  61  61  0  61  61  61  61  0  0  61  0  61  0  0  61  61  0  0  61  61  0  0  0  61  0  

61  61  0  61  0  0  0  0  61  61  0  0  0  0  61  0  0  61  61  0  61  61  61  61  61  61  61  61  61  0  0  61  61  0  0  0  0  0  0  0  0  0  0  61  61  61  0  61  61  61  0  61  61  61  61  61  0  61  0  0  

0  61  0  61  0  0  0  0  61  61  61  61  61  61  61  61  0  0  61  0  0  61  0  0  0  0  0  0  61  0  0  0  61  61  0  0  61  61  0  61  0  0  61  0  61  61  0  61  0  0  0  61  61  61  0  61  61  0  0  61  

0  0  0  61  0  0  61  0  0  0  0  61  0  61  0  0  0  0  0  0  61  0  0  0  61  61  61  61  0  0  0  0  0  61  61  61  61  61  61  61  61  0  61  61  61  61  61  0  0  0  61  61  61  61  0  61  0  0  0  61  

0  0  0  0  61  0  0  0  0  61  61  0  61  61  0  61  61  61  61  0  61  0  0  61  0  0  0  61  61  0  0  61  0  0  0  0  61  0  0  0  0  0  0  61  0  61  61  0  0  61  61  61  0  0  61  0  0  0  0  0  

0  0  61  0  0  61  61  0  61  0  0  0  61  61  61  61  0  0  0  61  61  0  0  0  61  0  0  0  61  61  0  0  0  61  61  0  0  0  0  61  61  0  61  0  61  0  0  61  0  0  0  61  61  61  0  61  61  0  0  0  

61  0  0  61  0  0  0  61  61  0  0  61  61  0  0  0  61  0  0  0  0  0  61  61  0  0  61  61  61  0  61  0  61  0  61  61  61  0  0  61  0  0  0  61  0  0  0  61  0  0  0  0  61  0  0  61  61  0  61  0  

61  61  61  0  0  61  0  61  61  61  0  0  0  0  61  61  0  0  0  0  0  0  0  61  0  61  0  0  61  61  0  61  0  61  61  0  61  0  61  0  0  0  61  61  61  61  0  0  61  0  0  61  0  0  0  0  0  61  0  61  

0  61  0  0  61  61  0  61  0  0  61  61  0  0  0  61  0  0  0  0  61  0  61  0  0  0  61  61  61  0  0  0  61  0  0  61  61  0  0  61  0  0  61  0  0  0  61  61  61  0  61  0  0  0  0  0  61  0  61  0  

0  61  61  61  0  61  61  61  61  0  0  61  0  61  61  61  61  0  0  0  0  0  0  61  0  61  0  61  61  61  61  0  0  61  0  61  0  0  61  0  61  61  0  0  0  61  61  0  61  61  0  0  61  61  0  0  0  61  0  61  

UnPairedArc=
1 3 
1 5 
1 8 
1 10 
1 13 
1 16 
1 18 
1 21 
1 23 
1 24 
1 25 
1 26 
1 31 
1 32 
1 33 
1 36 
1 37 
1 38 
1 39 
1 40 
1 42 
1 43 
1 44 
1 46 
1 47 
1 50 
1 52 
1 57 
1 58 
2 3 
2 8 
2 17 
2 18 
2 20 
2 21 
2 23 
2 25 
2 26 
2 27 
2 28 
2 30 
2 36 
2 37 
2 39 
2 41 
2 43 
2 44 
2 45 
2 48 
2 49 
2 52 
2 53 
2 58 
2 59 
2 60 
3 4 
3 6 
3 8 
3 10 
3 11 
3 12 
3 15 
3 23 
3 27 
3 31 
3 34 
3 35 
3 36 
3 37 
3 38 
3 39 
3 42 
3 43 
3 44 
3 47 
3 51 
3 56 
3 58 
3 60 
4 5 
4 8 
4 11 
4 12 
4 16 
4 20 
4 21 
4 26 
4 28 
4 30 
4 31 
4 36 
4 37 
4 38 
4 41 
4 43 
4 44 
4 47 
4 48 
4 50 
4 52 
4 53 
4 54 
4 57 
4 60 
5 7 
5 8 
5 9 
5 10 
5 11 
5 15 
5 17 
5 18 
5 19 
5 22 
5 24 
5 26 
5 27 
5 28 
5 29 
5 30 
5 35 
5 36 
5 37 
5 39 
5 40 
5 41 
5 43 
5 44 
5 45 
5 46 
5 49 
5 55 
5 59 
6 7 
6 10 
6 11 
6 13 
6 15 
6 16 
6 17 
6 21 
6 22 
6 23 
6 24 
6 25 
6 29 
6 30 
6 33 
6 34 
6 35 
6 38 
6 40 
6 42 
6 44 
6 46 
6 47 
6 48 
6 51 
6 56 
6 58 
6 59 
6 60 
7 8 
7 9 
7 10 
7 11 
7 13 
7 15 
7 16 
7 17 
7 19 
7 23 
7 25 
7 28 
7 29 
7 31 
7 33 
7 36 
7 38 
7 39 
7 41 
7 43 
7 44 
7 45 
7 47 
7 48 
7 50 
7 54 
7 56 
7 60 
8 10 
8 15 
8 17 
8 18 
8 22 
8 23 
8 25 
8 27 
8 28 
8 30 
8 36 
8 37 
8 38 
8 39 
8 41 
8 43 
8 45 
8 47 
8 48 
8 50 
8 57 
8 58 
8 59 
8 60 
9 14 
9 15 
9 16 
9 17 
9 18 
9 21 
9 22 
9 23 
9 24 
9 25 
9 32 
9 35 
9 36 
9 39 
9 41 
9 42 
9 44 
9 47 
9 52 
9 53 
9 56 
9 57 
9 58 
9 60 
10 11 
10 13 
10 14 
10 15 
10 16 
10 17 
10 18 
10 20 
10 22 
10 24 
10 25 
10 26 
10 28 
10 29 
10 30 
10 32 
10 35 
10 37 
10 38 
10 39 
10 40 
10 41 
10 42 
10 46 
10 52 
10 53 
10 55 
10 58 
11 16 
11 17 
11 20 
11 21 
11 22 
11 23 
11 24 
11 31 
11 32 
11 34 
11 36 
11 38 
11 39 
11 42 
11 43 
11 45 
11 46 
11 49 
11 53 
11 55 
11 59 
12 15 
12 16 
12 17 
12 19 
12 22 
12 26 
12 29 
12 30 
12 31 
12 32 
12 36 
12 37 
12 38 
12 40 
12 41 
12 47 
12 50 
12 53 
12 54 
12 57 
12 59 
12 60 
13 15 
13 17 
13 18 
13 19 
13 23 
13 24 
13 29 
13 30 
13 31 
13 32 
13 43 
13 44 
13 45 
13 48 
13 51 
13 53 
13 55 
13 56 
13 57 
14 18 
14 19 
14 21 
14 22 
14 24 
14 25 
14 28 
14 29 
14 30 
14 32 
14 33 
14 34 
14 35 
14 37 
14 38 
14 39 
14 40 
14 42 
14 46 
14 51 
14 53 
14 54 
14 55 
14 56 
14 60 
15 16 
15 19 
15 21 
15 23 
15 26 
15 29 
15 30 
15 31 
15 32 
15 33 
15 34 
15 35 
15 36 
15 37 
15 39 
15 41 
15 43 
15 44 
15 45 
15 46 
15 48 
15 49 
15 52 
15 53 
15 56 
15 58 
15 60 
16 18 
16 19 
16 24 
16 26 
16 28 
16 33 
16 36 
16 37 
16 40 
16 42 
16 46 
16 47 
16 51 
16 53 
16 55 
16 56 
16 58 
16 59 
16 60 
17 18 
17 20 
17 26 
17 28 
17 29 
17 30 
17 31 
17 32 
17 34 
17 35 
17 38 
17 39 
17 40 
17 42 
17 44 
17 50 
17 55 
17 57 
17 60 
18 20 
18 21 
18 22 
18 24 
18 25 
18 29 
18 30 
18 33 
18 34 
18 35 
18 38 
18 39 
18 41 
18 42 
18 43 
18 44 
18 46 
18 47 
18 48 
18 49 
18 52 
18 55 
19 20 
19 25 
19 26 
19 27 
19 31 
19 32 
19 33 
19 36 
19 37 
19 39 
19 41 
19 42 
19 43 
19 45 
19 46 
19 49 
19 51 
19 52 
19 53 
19 55 
20 24 
20 25 
20 26 
20 28 
20 29 
20 30 
20 31 
20 33 
20 34 
20 37 
20 38 
20 40 
20 41 
20 44 
20 46 
20 48 
20 50 
20 56 
21 22 
21 23 
21 24 
21 30 
21 31 
21 34 
21 35 
21 36 
21 37 
21 38 
21 39 
21 41 
21 42 
21 46 
21 47 
21 49 
21 51 
21 52 
21 54 
21 55 
21 56 
21 59 
22 24 
22 26 
22 27 
22 28 
22 29 
22 30 
22 31 
22 36 
22 37 
22 38 
22 43 
22 50 
22 51 
22 52 
22 53 
23 25 
23 26 
23 29 
23 31 
23 32 
23 35 
23 36 
23 38 
23 40 
23 41 
23 42 
23 43 
23 46 
23 48 
23 49 
23 50 
23 51 
23 52 
23 57 
23 59 
24 25 
24 27 
24 29 
24 30 
24 32 
24 35 
24 36 
24 37 
24 39 
24 40 
24 41 
24 44 
24 46 
24 47 
24 48 
24 51 
24 52 
24 55 
24 57 
24 58 
24 60 
25 28 
25 29 
25 30 
25 31 
25 33 
25 34 
25 35 
25 36 
25 37 
25 38 
25 41 
25 43 
25 44 
25 46 
25 51 
25 52 
25 54 
25 56 
26 28 
26 30 
26 32 
26 33 
26 36 
26 39 
26 40 
26 42 
26 44 
26 45 
26 46 
26 47 
26 51 
26 52 
26 54 
26 58 
26 60 
27 28 
27 29 
27 36 
27 45 
27 46 
27 47 
27 50 
27 52 
27 54 
27 57 
27 59 
28 30 
28 31 
28 36 
28 38 
28 39 
28 41 
28 44 
28 48 
28 49 
28 50 
28 51 
28 52 
28 54 
28 55 
28 57 
28 59 
28 60 
29 30 
29 31 
29 32 
29 33 
29 34 
29 35 
29 42 
29 43 
29 44 
29 45 
29 47 
29 48 
29 50 
29 51 
29 52 
29 53 
29 55 
29 56 
29 57 
29 58 
29 59 
29 60 
30 31 
30 32 
30 34 
30 35 
30 40 
30 43 
30 46 
30 47 
30 48 
30 49 
30 50 
30 56 
30 58 
30 60 
31 32 
31 34 
31 40 
31 43 
31 47 
31 48 
31 50 
31 57 
31 60 
32 34 
32 35 
32 36 
32 38 
32 39 
32 43 
32 44 
32 45 
32 46 
32 49 
32 52 
32 55 
32 58 
33 37 
33 38 
33 41 
33 43 
33 44 
33 45 
33 47 
33 48 
33 51 
33 52 
33 53 
33 57 
33 59 
34 36 
34 37 
34 38 
34 40 
34 44 
34 48 
34 50 
34 51 
34 53 
34 54 
34 56 
34 58 
34 60 
35 40 
35 41 
35 43 
35 44 
35 50 
35 51 
35 54 
35 56 
35 57 
35 58 
36 39 
36 41 
36 44 
36 45 
36 46 
36 47 
36 50 
36 51 
36 54 
36 57 
36 59 
36 60 
37 38 
37 43 
37 44 
37 47 
37 48 
37 49 
37 50 
37 51 
37 53 
37 54 
37 55 
37 57 
37 58 
37 59 
38 39 
38 40 
38 43 
38 46 
38 48 
38 49 
38 53 
38 54 
39 43 
39 44 
39 45 
39 46 
39 47 
39 51 
39 54 
39 58 
39 60 
40 42 
40 44 
40 46 
40 49 
40 50 
40 51 
40 53 
40 54 
40 56 
40 57 
40 59 
41 43 
41 45 
41 47 
41 49 
41 51 
41 54 
41 56 
41 60 
42 43 
42 44 
42 45 
42 46 
42 47 
42 48 
42 49 
42 50 
42 51 
42 60 
43 46 
43 47 
43 48 
43 53 
43 54 
43 56 
43 58 
43 59 
44 45 
44 48 
44 52 
44 54 
44 55 
44 57 
44 58 
45 47 
45 48 
45 49 
45 50 
45 51 
45 52 
45 53 
45 54 
45 56 
45 58 
46 47 
46 49 
46 50 
46 52 
46 53 
46 54 
46 55 
46 58 
46 60 
47 49 
47 51 
47 54 
47 55 
47 59 
47 60 
48 52 
48 53 
48 56 
48 57 
48 59 
49 50 
49 52 
49 58 
49 59 
49 60 
50 51 
50 52 
50 55 
50 60 
51 54 
51 55 
51 59 
52 53 
52 54 
52 55 
52 56 
52 58 
53 54 
53 56 
53 57 
53 60 
54 56 
54 60 
56 57 
57 59 
58 60 
