nNodes=60;
 nPairs=685;
Cost=

61  0  61  0  0  0  0  0  0  0  61  0  0  0  0  0  0  61  61  61  61  0  61  0  61  0  61  0  61  61  61  0  0  61  0  0  0  61  61  0  61  0  0  61  61  0  61  0  0  61  0  0  0  61  0  61  61  61  0  0  

0  61  61  61  0  0  61  61  0  0  0  61  0  61  61  0  0  61  0  0  0  0  0  0  0  61  0  0  0  0  0  0  0  0  61  0  61  61  61  61  0  61  0  0  0  61  61  0  0  0  0  61  61  0  61  0  0  0  0  0  

61  61  61  61  0  0  0  0  0  61  0  61  61  0  61  61  0  0  0  0  0  0  0  61  0  61  61  0  61  61  61  61  0  0  61  0  61  0  0  0  61  0  61  0  0  0  0  61  61  0  0  0  61  0  61  0  0  61  0  0  

0  61  61  61  0  0  0  0  0  0  0  61  0  0  61  61  61  0  0  0  0  61  61  0  61  0  0  0  0  0  0  0  61  0  61  61  0  61  61  0  61  0  0  0  0  61  0  0  61  0  61  0  0  61  0  0  61  61  0  61  

0  0  0  0  61  61  0  0  0  0  61  61  61  0  61  0  61  61  61  0  0  0  61  0  0  61  0  0  0  0  0  0  0  61  0  0  61  61  61  0  0  61  0  61  61  0  61  0  0  0  61  61  0  0  0  0  61  0  61  61  

0  0  0  0  61  61  0  61  61  0  0  0  61  0  61  0  61  61  61  0  61  61  61  0  61  0  61  0  0  61  61  61  0  61  0  0  0  61  61  0  0  0  61  61  0  0  61  0  0  61  61  61  0  0  0  61  0  0  0  61  

0  61  0  0  0  0  61  0  0  0  0  0  61  0  61  61  61  0  0  61  0  0  61  0  0  0  0  61  61  0  0  0  0  61  61  61  0  0  0  0  0  61  0  0  0  0  0  0  0  0  0  61  61  61  0  0  61  61  0  61  

0  61  0  0  0  61  0  61  61  0  61  61  61  0  61  0  0  0  0  0  61  61  0  0  61  61  61  61  0  0  0  61  0  0  0  0  0  0  0  0  0  61  0  0  0  0  61  61  0  0  0  0  61  0  0  61  0  0  0  61  

0  0  0  0  0  61  0  61  61  61  0  0  61  61  0  0  61  0  61  0  0  61  0  0  61  61  0  61  0  0  0  0  0  61  0  61  61  61  0  0  0  0  0  61  0  61  0  0  0  0  61  61  0  0  0  0  0  61  0  0  

0  0  61  0  0  0  0  0  61  61  0  61  0  0  0  0  0  61  0  61  0  0  0  0  0  0  0  0  61  0  0  61  0  0  61  61  0  61  0  61  0  0  0  0  61  0  61  61  61  61  0  0  0  61  61  61  0  61  0  61  

61  0  0  0  61  0  0  61  0  0  61  61  61  0  0  0  0  0  61  0  61  61  61  61  61  0  0  0  0  0  0  61  0  0  0  0  61  61  0  0  0  0  0  61  0  0  61  0  61  0  0  0  61  0  0  0  0  61  0  61  

0  61  61  61  61  0  0  61  0  61  61  61  61  0  0  0  0  0  0  61  0  0  0  0  0  61  61  0  61  0  61  61  61  61  0  61  0  0  0  0  61  0  0  0  61  61  61  0  61  0  0  0  61  61  0  61  0  0  61  0  

0  0  61  0  61  61  61  61  61  0  61  61  61  0  0  0  0  0  61  61  61  0  61  0  0  0  0  0  0  61  61  0  0  61  0  0  0  0  0  61  61  61  0  0  0  0  0  0  0  0  0  0  0  61  0  0  61  61  0  0  

0  61  0  0  0  0  0  0  61  0  0  0  0  61  61  61  0  0  61  61  61  61  0  61  0  0  0  61  61  61  0  61  61  0  61  0  61  0  0  0  61  61  61  61  61  0  0  0  61  61  0  61  0  0  61  61  0  0  61  61  

0  61  61  61  61  61  61  61  0  0  0  0  0  61  61  0  61  61  61  0  61  0  61  61  0  0  61  0  61  0  0  0  0  0  0  0  61  0  0  0  0  0  61  0  61  0  0  0  0  0  61  0  0  0  0  61  0  0  0  0  

0  0  61  61  0  0  61  0  0  0  0  0  0  61  0  61  0  0  61  0  0  0  61  0  0  0  0  0  61  61  61  61  0  0  61  0  61  0  0  0  0  0  61  61  61  0  0  0  61  0  0  0  0  0  0  0  0  0  0  0  

0  0  0  61  61  61  61  0  61  0  0  0  0  0  61  0  61  61  0  0  0  61  61  0  61  61  0  61  0  0  0  0  0  0  61  0  0  61  0  61  61  0  61  61  0  0  0  0  61  61  0  61  0  0  0  61  0  0  0  0  

61  61  0  0  61  61  0  0  0  61  0  0  0  0  61  0  61  61  61  61  0  0  0  61  61  0  0  0  0  0  0  61  61  0  0  61  61  0  61  61  0  61  61  61  0  0  61  61  0  61  0  0  0  0  0  0  61  61  0  61  

61  0  0  0  61  61  0  0  61  0  61  0  61  61  61  61  0  61  61  0  61  0  0  61  0  61  0  0  61  61  0  61  61  61  0  0  0  0  0  0  61  0  0  61  0  0  0  61  0  0  61  0  61  61  0  0  0  61  61  0  

61  0  0  0  0  0  61  0  0  61  0  61  61  61  0  0  0  61  0  61  0  0  0  0  61  0  61  0  61  61  0  61  61  61  0  61  0  61  0  0  0  0  0  0  0  0  0  0  0  61  61  0  0  0  0  61  0  0  0  61  

61  0  0  0  0  61  0  61  0  0  61  0  61  61  61  0  0  0  61  0  61  0  0  0  61  0  0  0  0  0  0  0  0  0  61  0  61  0  0  0  61  0  61  61  0  0  61  61  61  61  0  0  0  0  0  61  0  0  61  0  

0  0  0  61  0  61  0  61  61  0  61  0  0  61  0  0  61  0  0  0  0  61  0  0  0  0  61  0  61  0  0  61  0  0  0  0  0  0  0  61  0  0  0  61  61  61  61  61  61  61  61  0  0  0  61  0  0  0  61  0  

61  0  0  61  61  61  61  0  0  0  61  0  61  0  61  61  61  0  0  0  0  0  61  61  61  0  0  0  61  0  0  61  61  61  0  61  61  0  61  61  61  0  61  0  0  0  61  61  0  0  61  0  0  0  0  0  0  61  0  61  

0  0  61  0  0  0  0  0  0  0  61  0  0  61  61  0  0  61  61  0  0  0  61  61  61  61  61  61  61  61  61  0  61  61  0  61  0  61  61  61  0  61  61  61  61  61  0  0  0  61  61  0  61  0  0  61  0  0  0  61  

61  0  0  61  0  61  0  61  61  0  61  0  0  0  0  0  61  61  0  61  61  0  61  61  61  0  61  0  61  0  0  0  0  0  0  0  0  0  0  0  0  61  0  0  61  0  61  0  0  0  61  0  61  0  61  0  0  0  0  61  

0  61  61  0  61  0  0  61  61  0  0  61  0  0  0  0  61  0  61  0  0  0  0  61  0  61  0  61  0  0  61  0  0  0  61  0  61  61  0  61  0  61  0  0  61  61  0  0  61  0  0  0  0  61  0  0  0  0  0  0  

61  0  61  0  0  61  0  61  0  0  0  61  0  0  61  0  0  0  0  61  0  61  0  61  61  0  61  0  61  61  0  61  61  61  0  0  61  0  0  0  61  0  61  61  61  0  0  0  0  0  0  0  61  0  0  0  61  61  0  0  

0  0  0  0  0  0  61  61  61  0  0  0  0  61  0  0  61  0  0  0  0  0  0  61  0  61  0  61  0  0  0  61  61  0  0  0  0  0  61  61  61  0  0  0  0  61  61  0  0  0  0  61  0  61  61  61  0  0  0  61  

61  0  61  0  0  0  61  0  0  61  0  61  0  61  61  61  0  0  61  61  0  61  61  61  61  0  61  0  61  61  0  61  0  0  61  61  0  61  61  0  0  0  0  61  0  0  61  0  0  0  0  0  0  61  61  0  61  0  0  0  

61  0  61  0  0  61  0  0  0  0  0  0  61  61  0  61  0  0  61  61  0  0  0  61  0  0  61  0  61  61  61  0  61  0  0  0  0  61  61  0  61  0  0  0  0  0  61  61  0  0  0  0  0  61  0  61  0  61  0  61  

61  0  61  0  0  61  0  0  0  0  0  61  61  0  0  61  0  0  0  0  0  0  0  61  0  61  0  0  0  61  61  0  61  61  0  0  61  0  0  61  0  0  0  0  61  0  0  61  61  0  61  0  0  0  61  0  0  0  0  61  

0  0  61  0  0  61  0  61  0  61  61  61  0  61  0  61  0  61  61  61  0  61  61  0  0  0  61  61  61  0  0  61  61  61  0  0  0  0  61  61  0  0  61  61  0  0  61  0  61  0  0  0  61  0  61  0  61  0  0  61  

0  0  0  61  0  0  0  0  0  0  0  61  0  61  0  0  0  61  61  61  0  0  61  61  0  0  61  61  0  61  61  61  61  0  0  61  61  61  61  61  0  61  61  61  61  0  0  61  0  0  0  0  61  61  0  0  61  61  0  61  

61  0  0  0  61  61  61  0  61  0  0  61  61  0  0  0  0  0  61  61  0  0  61  61  0  0  61  0  0  0  61  61  0  61  0  61  0  61  0  0  0  0  0  61  61  61  61  0  0  61  61  0  0  61  61  61  61  0  61  0  

0  61  61  61  0  0  61  0  0  61  0  0  0  61  0  61  61  0  0  0  61  0  0  0  0  61  0  0  61  0  0  0  0  0  61  61  61  61  61  61  0  0  0  61  0  0  61  61  61  0  61  61  61  0  61  61  61  61  61  0  

0  0  0  61  0  0  61  0  61  61  0  61  0  0  0  0  0  61  0  61  0  0  61  61  0  0  0  0  61  0  0  0  61  61  61  61  0  61  0  61  0  0  0  0  61  61  0  61  0  0  61  0  61  0  0  0  0  0  61  0  

0  61  61  0  61  0  0  0  61  0  61  0  0  61  61  61  0  61  0  0  61  0  61  0  0  61  61  0  0  0  61  0  61  0  61  0  61  61  0  0  0  0  0  61  0  61  61  0  0  61  61  61  61  61  0  0  61  0  0  0  

61  61  0  61  61  61  0  0  61  61  61  0  0  0  0  0  61  0  0  61  0  0  0  61  0  61  0  0  61  61  0  0  61  61  61  61  61  61  61  0  61  0  61  0  61  61  61  0  0  61  61  61  61  61  0  0  0  0  0  61  

61  61  0  61  61  61  0  0  0  0  0  0  0  0  0  0  0  61  0  0  0  0  61  61  0  0  0  61  61  61  0  61  61  0  61  0  0  61  61  61  61  0  0  0  61  61  0  0  61  0  0  61  61  0  0  61  61  61  0  0  

0  61  0  0  0  0  0  0  0  61  0  0  61  0  0  0  61  61  0  0  0  61  61  61  0  61  0  61  0  0  61  61  61  0  61  61  0  0  61  61  0  0  61  0  0  0  0  61  0  0  0  0  61  0  0  61  0  0  0  61  

61  0  61  61  0  0  0  0  0  0  0  61  61  61  0  0  61  0  61  0  61  0  61  0  0  0  61  61  0  61  0  0  0  0  0  0  0  61  61  0  61  61  0  0  0  61  0  0  0  61  61  0  61  61  0  0  61  0  61  0  

0  61  0  0  61  0  61  61  0  0  0  0  61  61  0  0  0  61  0  0  0  0  0  61  61  61  0  0  0  0  0  0  61  0  0  0  0  0  0  0  61  61  61  0  61  0  0  0  61  61  0  0  0  0  61  0  61  0  0  61  

0  0  61  0  0  61  0  0  0  0  0  0  0  61  61  61  61  61  0  0  61  0  61  61  0  0  61  0  0  0  0  61  61  0  0  0  0  61  0  61  0  61  61  61  0  61  0  61  0  0  0  0  61  61  0  0  0  61  0  0  

61  0  0  0  61  61  0  0  61  0  61  0  0  61  0  61  61  61  61  0  61  61  0  61  0  0  61  0  61  0  0  61  61  61  61  0  61  0  0  0  0  0  61  61  0  0  61  61  61  0  61  0  61  61  0  0  0  61  0  0  

61  0  0  0  61  0  0  0  0  61  0  61  0  61  61  61  0  0  0  0  0  61  0  61  61  61  61  0  0  0  61  0  61  61  0  61  0  61  61  0  0  61  0  0  61  0  0  61  61  0  61  0  61  0  0  0  0  61  61  61  

0  61  0  61  0  0  0  0  61  0  0  61  0  0  0  0  0  0  0  0  0  61  0  61  0  61  0  61  0  0  0  0  0  61  0  61  61  61  61  0  61  0  61  0  0  61  0  61  0  61  61  0  61  61  61  61  0  61  0  0  

61  61  0  0  61  61  0  61  0  61  61  61  0  0  0  0  0  61  0  0  61  61  61  0  61  0  0  61  61  61  0  61  0  61  61  0  61  61  0  0  0  0  0  61  0  0  61  61  0  61  0  0  0  0  0  61  0  61  0  61  

0  0  61  0  0  0  0  61  0  61  0  0  0  0  0  0  0  61  61  0  61  61  61  0  0  0  0  0  0  61  61  0  61  0  61  61  0  0  0  61  0  0  61  61  61  61  61  61  0  0  61  0  0  61  0  0  0  0  0  0  

0  0  61  61  0  0  0  0  0  61  61  61  0  61  0  61  61  0  0  0  61  61  0  0  0  61  0  0  0  0  61  61  0  0  61  0  0  0  61  0  0  61  0  61  61  0  0  0  61  0  0  0  61  61  0  61  0  0  0  0  

61  0  0  0  0  61  0  0  0  61  0  0  0  61  0  0  61  61  0  61  61  61  0  61  0  0  0  0  0  0  0  0  0  61  0  0  61  61  0  0  61  61  0  0  0  61  61  0  0  61  61  0  61  0  0  0  61  61  0  61  

0  0  0  61  61  61  0  0  61  0  0  0  0  0  61  0  0  0  61  61  0  61  61  61  61  0  0  0  0  0  61  0  0  61  61  61  61  61  0  0  61  0  0  61  61  61  0  61  0  61  61  0  61  0  0  0  61  0  0  0  

0  61  0  0  61  61  61  0  61  0  0  0  0  61  0  0  61  0  0  0  0  0  0  0  0  0  0  61  0  0  0  0  0  0  61  0  61  61  61  0  0  0  0  0  0  0  0  0  0  0  0  61  0  61  0  61  61  61  0  0  

0  61  61  0  0  0  61  61  0  0  61  61  0  0  0  0  0  0  61  0  0  0  0  61  61  0  61  0  0  0  0  61  61  0  61  61  61  61  61  61  61  0  61  61  61  61  0  0  61  61  61  0  61  0  0  0  0  0  0  0  

61  0  0  61  0  0  61  0  0  61  0  61  61  0  0  0  0  0  61  0  0  0  0  0  0  61  0  61  61  61  0  0  61  61  0  0  61  61  0  0  61  0  61  61  0  61  0  61  61  0  0  61  0  61  0  0  61  61  0  0  

0  61  61  0  0  0  0  0  0  61  0  0  0  61  0  0  0  0  0  0  0  61  0  0  61  0  0  61  61  0  61  61  0  61  61  0  0  0  0  0  0  61  0  0  0  61  0  0  0  0  0  0  0  0  61  61  0  0  0  0  

61  0  0  0  0  61  0  61  0  61  0  61  0  61  61  0  61  0  0  61  61  0  0  61  0  0  0  61  0  61  0  0  0  61  61  0  0  0  61  61  0  0  0  0  0  61  61  0  61  0  0  61  0  0  61  61  0  0  0  0  

61  0  0  61  61  0  61  0  0  0  0  0  61  0  0  0  0  61  0  0  0  0  0  0  0  0  61  0  61  0  0  61  61  61  61  0  61  0  61  0  61  61  0  0  0  0  0  0  0  61  61  61  0  61  0  0  61  61  0  0  

61  0  61  61  0  0  61  0  61  61  61  0  61  0  0  0  0  61  61  0  0  0  61  0  0  0  61  0  0  61  0  0  61  0  61  0  0  0  61  0  0  0  61  61  61  61  61  0  0  61  0  61  0  61  0  0  61  61  0  0  

0  0  0  0  61  0  0  0  0  0  0  61  0  61  0  0  0  0  61  0  61  61  0  0  0  0  0  0  0  0  0  0  0  61  61  61  0  0  0  0  61  0  0  0  61  0  0  0  0  0  0  0  0  0  0  0  0  0  61  0  

0  0  0  61  61  61  61  61  0  61  61  0  0  61  0  0  0  61  0  61  0  0  61  61  61  0  0  61  0  61  61  61  61  0  0  0  0  61  0  61  0  61  0  0  61  0  61  0  0  61  0  0  0  0  0  0  0  0  0  61  

UnPairedArc=
1 3 
1 11 
1 18 
1 19 
1 20 
1 21 
1 23 
1 25 
1 27 
1 29 
1 30 
1 31 
1 34 
1 38 
1 39 
1 41 
1 44 
1 45 
1 47 
1 50 
1 54 
1 56 
1 57 
1 58 
2 3 
2 4 
2 7 
2 8 
2 12 
2 14 
2 15 
2 18 
2 26 
2 35 
2 37 
2 38 
2 39 
2 40 
2 42 
2 46 
2 47 
2 52 
2 53 
2 55 
3 4 
3 10 
3 12 
3 13 
3 15 
3 16 
3 24 
3 26 
3 27 
3 29 
3 30 
3 31 
3 32 
3 35 
3 37 
3 41 
3 43 
3 48 
3 49 
3 53 
3 55 
3 58 
4 12 
4 15 
4 16 
4 17 
4 22 
4 23 
4 25 
4 33 
4 35 
4 36 
4 38 
4 39 
4 41 
4 46 
4 49 
4 51 
4 54 
4 57 
4 58 
4 60 
5 6 
5 11 
5 12 
5 13 
5 15 
5 17 
5 18 
5 19 
5 23 
5 26 
5 34 
5 37 
5 38 
5 39 
5 42 
5 44 
5 45 
5 47 
5 51 
5 52 
5 57 
5 59 
5 60 
6 8 
6 9 
6 13 
6 15 
6 17 
6 18 
6 19 
6 21 
6 22 
6 23 
6 25 
6 27 
6 30 
6 31 
6 32 
6 34 
6 38 
6 39 
6 43 
6 44 
6 47 
6 50 
6 51 
6 52 
6 56 
6 60 
7 13 
7 15 
7 16 
7 17 
7 20 
7 23 
7 28 
7 29 
7 34 
7 35 
7 36 
7 42 
7 52 
7 53 
7 54 
7 57 
7 58 
7 60 
8 9 
8 11 
8 12 
8 13 
8 15 
8 21 
8 22 
8 25 
8 26 
8 27 
8 28 
8 32 
8 42 
8 47 
8 48 
8 53 
8 56 
8 60 
9 10 
9 13 
9 14 
9 17 
9 19 
9 22 
9 25 
9 26 
9 28 
9 34 
9 36 
9 37 
9 38 
9 44 
9 46 
9 51 
9 52 
9 58 
10 12 
10 18 
10 20 
10 29 
10 32 
10 35 
10 36 
10 38 
10 40 
10 45 
10 47 
10 48 
10 49 
10 50 
10 54 
10 55 
10 56 
10 58 
10 60 
11 12 
11 13 
11 19 
11 21 
11 22 
11 23 
11 24 
11 25 
11 32 
11 37 
11 38 
11 44 
11 47 
11 49 
11 53 
11 58 
11 60 
12 13 
12 20 
12 26 
12 27 
12 29 
12 31 
12 32 
12 33 
12 34 
12 36 
12 41 
12 45 
12 46 
12 47 
12 49 
12 53 
12 54 
12 56 
12 59 
13 19 
13 20 
13 21 
13 23 
13 30 
13 31 
13 34 
13 40 
13 41 
13 42 
13 54 
13 57 
13 58 
14 15 
14 16 
14 19 
14 20 
14 21 
14 22 
14 24 
14 28 
14 29 
14 30 
14 32 
14 33 
14 35 
14 37 
14 41 
14 42 
14 43 
14 44 
14 45 
14 49 
14 50 
14 52 
14 55 
14 56 
14 59 
14 60 
15 17 
15 18 
15 19 
15 21 
15 23 
15 24 
15 27 
15 29 
15 37 
15 43 
15 45 
15 51 
15 56 
16 19 
16 23 
16 29 
16 30 
16 31 
16 32 
16 35 
16 37 
16 43 
16 44 
16 45 
16 49 
17 18 
17 22 
17 23 
17 25 
17 26 
17 28 
17 35 
17 38 
17 40 
17 41 
17 43 
17 44 
17 49 
17 50 
17 52 
17 56 
18 19 
18 20 
18 24 
18 25 
18 32 
18 33 
18 36 
18 37 
18 39 
18 40 
18 42 
18 43 
18 44 
18 47 
18 48 
18 50 
18 57 
18 58 
18 60 
19 21 
19 24 
19 26 
19 29 
19 30 
19 32 
19 33 
19 34 
19 41 
19 44 
19 48 
19 51 
19 53 
19 54 
19 58 
19 59 
20 25 
20 27 
20 29 
20 30 
20 32 
20 33 
20 34 
20 36 
20 38 
20 50 
20 51 
20 56 
20 60 
21 25 
21 35 
21 37 
21 41 
21 43 
21 44 
21 47 
21 48 
21 49 
21 50 
21 56 
21 59 
22 27 
22 29 
22 32 
22 40 
22 44 
22 45 
22 46 
22 47 
22 48 
22 49 
22 50 
22 51 
22 55 
22 59 
23 24 
23 25 
23 29 
23 32 
23 33 
23 34 
23 36 
23 37 
23 39 
23 40 
23 41 
23 43 
23 47 
23 48 
23 51 
23 58 
23 60 
24 25 
24 26 
24 27 
24 28 
24 29 
24 30 
24 31 
24 33 
24 34 
24 36 
24 38 
24 39 
24 40 
24 42 
24 43 
24 44 
24 45 
24 46 
24 50 
24 51 
24 53 
24 56 
24 60 
25 27 
25 29 
25 42 
25 45 
25 47 
25 51 
25 53 
25 55 
25 60 
26 28 
26 31 
26 35 
26 37 
26 38 
26 40 
26 42 
26 45 
26 46 
26 49 
26 54 
27 29 
27 30 
27 32 
27 33 
27 34 
27 37 
27 41 
27 43 
27 44 
27 45 
27 53 
27 57 
27 58 
28 32 
28 33 
28 39 
28 40 
28 41 
28 46 
28 47 
28 52 
28 54 
28 55 
28 56 
28 60 
29 30 
29 32 
29 35 
29 36 
29 38 
29 39 
29 44 
29 47 
29 54 
29 55 
29 57 
30 31 
30 33 
30 38 
30 39 
30 41 
30 47 
30 48 
30 54 
30 56 
30 58 
30 60 
31 33 
31 34 
31 37 
31 40 
31 45 
31 48 
31 49 
31 51 
31 55 
31 60 
32 33 
32 34 
32 39 
32 40 
32 43 
32 44 
32 47 
32 49 
32 53 
32 55 
32 57 
32 60 
33 36 
33 37 
33 38 
33 39 
33 40 
33 42 
33 43 
33 44 
33 45 
33 48 
33 53 
33 54 
33 57 
33 58 
33 60 
34 36 
34 38 
34 44 
34 45 
34 46 
34 47 
34 50 
34 51 
34 54 
34 55 
34 56 
34 57 
34 59 
35 36 
35 37 
35 38 
35 39 
35 40 
35 44 
35 47 
35 48 
35 49 
35 51 
35 52 
35 53 
35 55 
35 56 
35 57 
35 58 
35 59 
36 38 
36 40 
36 45 
36 46 
36 48 
36 51 
36 53 
36 59 
37 38 
37 44 
37 46 
37 47 
37 50 
37 51 
37 52 
37 53 
37 54 
37 57 
38 39 
38 41 
38 43 
38 45 
38 46 
38 47 
38 50 
38 51 
38 52 
38 53 
38 54 
38 60 
39 40 
39 41 
39 45 
39 46 
39 49 
39 52 
39 53 
39 56 
39 57 
39 58 
40 43 
40 48 
40 53 
40 56 
40 60 
41 42 
41 46 
41 50 
41 51 
41 53 
41 54 
41 57 
41 59 
42 43 
42 45 
42 49 
42 50 
42 55 
42 57 
42 60 
43 44 
43 46 
43 48 
43 53 
43 54 
43 58 
44 47 
44 48 
44 49 
44 51 
44 53 
44 54 
44 58 
45 48 
45 49 
45 51 
45 53 
45 58 
45 59 
45 60 
46 48 
46 50 
46 51 
46 53 
46 54 
46 55 
46 56 
46 58 
47 48 
47 50 
47 56 
47 58 
47 60 
48 51 
48 54 
49 53 
49 54 
49 56 
50 51 
50 53 
50 57 
50 58 
50 60 
51 53 
51 57 
52 54 
52 56 
52 57 
52 58 
54 57 
54 58 
55 56 
57 58 
