nNodes=60;
 nPairs=856;
Cost=

61  61  0  0  61  0  0  0  61  0  0  0  0  0  61  61  0  0  61  61  0  61  0  0  0  0  0  61  0  0  0  61  0  0  61  61  0  61  0  61  0  61  0  61  0  0  61  61  0  0  61  0  61  61  61  0  61  0  0  61  

61  61  61  61  61  0  0  0  0  0  0  0  61  61  0  61  61  0  61  61  0  0  61  61  0  61  61  0  61  61  0  0  61  0  0  61  0  61  0  0  61  61  61  61  61  0  0  0  0  0  0  0  0  0  0  0  61  61  61  0  

0  61  61  0  0  61  0  61  61  0  61  61  0  61  0  61  61  0  0  0  61  61  61  61  61  61  0  0  61  61  61  0  0  61  61  0  0  61  61  61  0  61  61  0  0  61  0  61  0  61  0  61  61  0  0  61  0  0  0  61  

0  61  0  61  0  0  0  61  61  0  0  0  0  0  61  61  61  61  61  61  61  61  0  0  61  61  61  61  61  61  61  0  61  0  0  0  0  0  0  0  0  0  61  61  61  61  0  61  0  0  0  61  61  61  61  0  61  0  0  61  

61  61  0  0  61  61  61  0  61  0  0  61  61  61  61  0  0  61  0  61  0  0  0  61  61  0  61  0  0  0  0  0  61  61  0  61  61  61  61  0  61  0  0  61  0  0  0  0  0  61  61  61  61  61  61  61  61  0  0  61  

0  0  61  0  61  61  0  61  61  0  0  0  61  61  0  0  61  0  0  0  61  0  0  0  0  0  61  61  0  0  61  0  61  61  61  0  0  0  0  0  0  0  0  61  0  61  0  61  0  0  0  0  61  0  61  61  61  0  0  61  

0  0  0  0  61  0  61  61  61  61  61  0  61  61  0  0  0  0  0  0  61  61  0  61  0  0  0  0  0  61  61  0  0  61  61  0  61  0  61  61  61  61  0  61  61  0  0  61  61  61  61  61  61  0  61  61  0  0  0  61  

0  0  61  61  0  61  61  61  61  61  0  0  61  0  61  0  61  61  0  61  61  0  0  0  0  61  0  0  61  0  61  0  61  0  61  0  0  61  0  0  0  61  61  61  61  0  61  61  0  61  61  0  61  61  0  61  61  61  0  0  

61  0  61  61  61  61  61  61  61  0  61  0  61  61  61  61  0  61  61  61  0  0  0  61  61  0  0  0  61  61  61  0  61  0  0  61  0  0  0  61  61  0  0  61  61  0  61  0  0  0  61  61  61  61  61  0  0  61  61  0  

0  0  0  0  0  0  61  61  0  61  61  0  61  61  0  61  0  0  0  0  0  61  0  61  0  61  0  0  61  0  61  0  0  0  61  0  0  0  61  0  0  0  0  0  0  61  61  0  0  61  61  0  0  61  61  61  0  61  61  0  

0  0  61  0  0  0  61  0  61  61  61  61  61  61  61  61  61  61  0  61  0  0  0  61  0  61  61  0  0  0  0  0  0  61  0  61  0  61  0  0  0  0  0  0  0  0  0  0  0  0  61  61  0  61  61  0  0  0  0  61  

0  0  61  0  61  0  0  0  0  0  61  61  0  61  61  61  61  0  0  61  61  0  61  61  61  0  0  0  0  0  61  0  61  0  61  61  0  0  0  61  0  61  61  61  0  61  61  61  0  61  61  0  61  61  0  61  61  0  0  0  

0  61  0  0  61  61  61  61  61  61  61  0  61  61  0  61  61  0  61  61  0  61  61  0  0  0  0  0  0  61  61  61  0  61  0  0  61  0  61  0  61  0  61  61  0  61  61  61  61  0  0  0  61  61  0  0  0  0  61  0  

0  61  61  0  61  61  61  0  61  61  61  61  61  61  61  61  61  61  61  61  0  0  0  61  0  0  61  61  0  0  0  0  61  61  61  61  0  0  61  0  61  61  61  61  0  0  0  61  61  0  61  61  61  0  0  0  61  0  61  61  

61  0  0  61  61  0  0  61  61  0  61  61  0  61  61  61  61  0  61  61  61  0  61  0  0  61  61  0  61  61  61  0  61  61  61  0  0  0  61  0  0  0  0  61  0  0  61  61  61  61  0  0  0  0  61  0  61  0  61  61  

61  61  61  61  0  0  0  0  61  61  61  61  61  61  61  61  61  0  61  0  0  0  0  61  61  0  61  0  61  61  61  0  61  0  61  61  0  0  0  61  0  0  0  0  61  0  61  0  61  61  0  61  61  0  61  0  61  61  61  61  

0  61  61  61  0  61  0  61  0  0  61  61  61  61  61  61  61  61  0  0  0  0  61  0  0  61  61  61  0  0  0  0  0  0  0  0  0  0  61  61  0  61  0  0  61  61  0  0  61  61  0  0  61  61  61  0  0  61  61  61  

0  0  0  61  61  0  0  61  61  0  61  0  0  61  0  0  61  61  61  61  61  61  0  61  61  0  61  61  61  61  61  0  61  0  0  0  61  61  0  0  61  61  0  0  61  61  0  0  0  0  0  61  61  0  61  0  0  0  0  61  

61  61  0  61  0  0  0  0  61  0  0  0  61  61  61  61  0  61  61  0  0  61  0  61  0  61  61  61  61  61  61  0  61  0  0  0  61  0  0  0  0  0  0  0  0  0  61  0  61  61  61  61  61  61  61  0  61  61  0  61  

61  61  0  61  61  0  0  61  61  0  61  61  61  61  61  0  0  61  0  61  0  61  0  0  0  0  0  0  0  0  0  0  0  61  0  61  0  0  0  61  61  0  0  61  61  61  61  0  0  61  0  61  61  0  0  0  61  0  0  61  

0  0  61  61  0  61  61  61  0  0  0  61  0  0  61  0  0  61  0  0  61  0  61  61  61  0  61  61  61  0  61  0  0  0  0  0  0  0  0  61  0  61  61  0  0  61  61  61  61  61  61  61  61  0  61  61  0  0  61  61  

61  0  61  61  0  0  61  0  0  61  0  0  61  0  0  0  0  61  61  61  0  61  61  61  61  0  61  0  0  61  0  61  0  61  0  0  0  0  0  61  0  61  0  61  0  61  0  61  0  61  61  0  61  61  0  61  0  61  0  61  

0  61  61  0  0  0  0  0  0  0  0  61  61  0  61  0  61  0  0  0  61  61  61  61  61  61  61  61  0  61  0  61  0  0  61  0  0  0  0  0  61  61  0  61  0  0  0  0  61  61  0  61  0  61  61  61  0  0  61  0  

0  61  61  0  61  0  61  0  61  61  61  61  0  61  0  61  0  61  61  0  61  61  61  61  0  61  0  0  0  61  0  61  61  61  61  61  0  0  61  61  61  61  0  0  61  61  0  0  61  0  0  61  0  0  61  61  61  0  0  61  

0  0  61  61  61  0  0  0  61  0  0  61  0  0  0  61  0  61  0  0  61  61  61  0  61  61  0  0  0  0  0  0  61  0  0  0  61  61  61  61  61  61  0  0  0  61  0  61  61  0  0  61  61  0  61  61  61  0  0  0  

0  61  61  61  0  0  0  61  0  61  61  0  0  0  61  0  61  0  61  0  0  0  61  61  61  61  0  0  0  61  61  0  61  0  61  61  61  0  0  61  0  0  0  61  0  0  61  61  61  61  61  0  61  0  61  0  61  61  61  0  

0  61  0  61  61  61  0  0  0  0  61  0  0  61  61  61  61  61  61  0  61  61  61  0  0  0  61  61  61  61  0  0  0  0  0  0  61  61  61  61  0  61  0  0  61  61  61  0  0  0  0  61  61  61  61  0  61  0  61  0  

61  0  0  61  0  61  0  0  0  0  0  0  0  61  0  0  61  61  61  0  61  0  61  0  0  0  61  61  61  0  0  0  61  0  61  61  61  61  61  61  0  0  0  0  61  0  61  61  0  61  61  61  61  0  0  0  0  0  61  0  

0  61  61  61  0  0  0  61  61  61  0  0  0  0  61  61  0  61  61  0  61  0  0  0  0  0  61  61  61  0  0  61  61  0  61  61  61  0  0  0  0  61  61  61  61  0  61  0  0  61  61  61  0  61  0  0  61  0  61  0  

0  61  61  61  0  0  61  0  61  0  0  0  61  0  61  61  0  61  61  0  0  61  61  61  0  61  61  0  0  61  0  61  0  0  0  0  0  61  61  0  0  61  61  61  0  61  61  0  61  61  0  0  61  0  0  61  61  61  0  0  

0  0  61  61  0  61  61  61  61  61  0  61  61  0  61  61  0  61  61  0  61  0  0  0  0  61  0  0  0  0  61  0  0  0  0  61  0  61  0  0  0  61  0  61  0  0  61  0  0  61  0  61  0  61  0  61  0  61  61  0  

61  0  0  0  0  0  0  0  0  0  0  0  61  0  0  0  0  0  0  0  0  61  61  61  0  0  0  0  61  61  0  61  61  61  61  61  61  61  61  61  61  0  61  0  0  61  0  61  0  0  0  61  61  0  61  0  0  0  0  61  

0  61  0  61  61  61  0  61  61  0  0  61  0  61  61  61  0  61  61  0  0  0  0  61  61  61  0  61  61  0  0  61  61  0  0  0  0  0  61  0  61  61  0  61  0  61  61  61  0  61  61  61  61  61  61  0  61  61  0  61  

0  0  61  0  61  61  61  0  0  0  61  0  61  61  61  0  0  0  0  61  0  61  0  61  0  0  0  0  0  0  0  61  0  61  0  0  0  61  0  0  0  0  61  0  61  0  61  61  0  0  61  0  0  61  0  61  61  0  0  0  

61  0  61  0  0  61  61  61  0  61  0  61  0  61  61  61  0  0  0  0  0  0  61  61  0  61  0  61  61  0  0  61  0  0  61  61  0  61  0  61  61  0  61  0  0  61  61  61  61  0  61  61  61  0  61  61  61  61  0  0  

61  61  0  0  61  0  0  0  61  0  61  61  0  61  0  61  0  0  0  61  0  0  0  61  0  61  0  61  61  0  61  61  0  0  61  61  0  61  61  0  0  61  0  61  0  61  61  0  0  0  0  0  61  61  0  0  61  0  61  0  

0  0  0  0  61  0  61  0  0  0  0  0  61  0  0  0  0  61  61  0  0  0  0  0  61  61  61  61  61  0  0  61  0  0  0  0  61  61  0  0  0  0  0  61  0  0  0  0  0  61  61  61  0  61  0  61  0  0  0  61  

61  61  61  0  61  0  0  61  0  0  61  0  0  0  0  0  0  61  0  0  0  0  0  0  61  0  61  61  0  61  61  61  0  61  61  61  61  61  0  0  0  0  0  0  0  61  61  61  0  61  0  61  61  0  61  61  61  61  61  0  

0  0  61  0  61  0  61  0  0  61  0  0  61  61  61  0  61  0  0  0  0  0  0  61  61  0  61  61  0  61  0  61  61  0  0  61  0  0  61  0  61  61  0  61  61  61  0  61  0  0  61  0  61  61  0  0  61  0  0  0  

61  0  61  0  0  0  61  0  61  0  0  61  0  0  0  61  61  0  0  61  61  61  0  61  61  61  61  61  0  0  0  61  0  0  61  0  0  0  0  61  0  61  61  61  61  61  0  0  0  61  0  61  61  61  61  0  0  61  61  61  

0  61  0  0  61  0  61  0  61  0  0  0  61  61  0  0  0  61  0  61  0  0  61  61  61  0  0  0  0  0  0  61  61  0  61  0  0  0  61  0  61  61  61  0  61  61  61  61  61  0  0  0  0  61  61  0  0  0  61  0  

61  61  61  0  0  0  61  61  0  0  0  61  0  61  0  0  61  61  0  0  61  61  61  61  61  0  61  0  61  61  61  0  61  0  0  61  0  0  61  61  61  61  61  0  61  61  0  0  61  0  61  0  0  0  61  0  0  61  61  0  

0  61  61  61  0  0  0  61  0  0  0  61  61  61  0  0  0  0  0  0  61  0  0  0  0  0  0  0  61  61  0  61  0  61  61  0  0  0  0  61  61  61  61  0  0  0  0  61  0  61  0  0  0  0  0  0  0  0  61  0  

61  61  0  61  61  61  61  61  61  0  0  61  61  61  61  0  0  0  0  61  0  61  61  0  0  61  0  0  61  61  61  0  61  0  0  61  61  0  61  61  0  0  0  61  0  61  61  61  61  61  61  0  0  0  0  61  0  0  0  0  

0  61  0  61  0  0  61  61  61  0  0  0  0  0  0  61  61  61  0  61  0  0  0  61  0  0  61  61  61  0  0  0  0  61  0  0  0  0  61  61  61  61  0  0  61  0  0  0  0  61  0  0  61  61  0  0  0  0  0  0  

0  0  61  61  0  61  0  0  0  61  0  61  61  0  0  0  61  61  0  61  61  61  0  61  61  0  61  0  0  61  0  61  61  0  61  61  0  61  61  61  61  61  0  61  0  61  61  0  0  0  0  61  61  61  0  0  61  61  61  0  

61  0  0  0  0  0  0  61  61  61  0  61  61  0  61  61  0  0  61  61  61  0  0  0  0  61  61  61  61  61  61  0  61  61  61  61  0  61  0  0  61  0  0  61  0  61  61  0  0  0  0  0  0  0  0  61  0  61  0  0  

61  0  61  61  0  61  61  61  0  0  0  61  61  61  61  0  0  0  0  0  61  61  0  0  61  61  0  61  0  0  0  61  61  61  61  0  0  61  61  0  61  0  61  61  0  0  0  61  61  61  0  61  0  0  0  0  0  61  61  61  

0  0  0  0  0  0  61  0  0  0  0  0  61  61  61  61  61  0  61  0  61  0  61  61  61  61  0  0  0  61  0  0  0  0  61  0  0  0  0  0  61  61  0  61  0  0  0  61  61  61  61  0  0  61  0  61  0  61  61  61  

0  0  61  0  61  0  61  61  0  61  0  61  0  0  61  61  61  0  61  61  61  61  61  0  0  61  0  61  61  61  61  0  61  0  0  0  61  61  0  61  0  0  61  61  61  0  0  61  61  61  0  0  0  0  61  0  0  61  0  61  

61  0  0  0  61  0  61  61  61  61  61  61  0  61  0  0  0  0  61  0  61  61  0  0  0  61  0  61  61  0  0  0  61  61  61  0  61  0  61  0  0  61  0  61  0  0  0  0  61  0  61  61  61  61  61  61  0  61  61  61  

0  0  61  61  61  0  61  0  61  0  61  0  0  61  0  61  0  61  61  61  61  0  61  61  61  0  61  61  61  0  61  61  61  0  61  0  61  61  0  61  0  0  0  0  0  61  0  61  0  0  61  61  0  61  61  61  0  0  0  61  

61  0  61  61  61  61  61  61  61  0  0  61  61  61  0  61  61  61  61  61  61  61  0  0  61  61  61  61  0  61  0  61  61  0  61  61  0  61  61  61  0  0  0  0  61  61  0  0  0  0  61  0  61  0  0  0  61  0  61  61  

61  0  0  61  61  0  0  61  61  61  61  61  61  0  0  0  61  0  61  0  0  61  61  0  0  0  61  0  61  0  61  0  61  61  0  61  61  0  61  61  61  0  0  0  61  61  0  0  61  0  61  61  0  61  0  61  61  0  61  0  

61  0  0  61  61  61  61  0  61  61  61  0  0  0  61  61  61  61  61  0  61  0  61  61  61  61  61  0  0  0  0  61  61  0  61  0  0  61  0  61  61  61  0  0  0  0  0  0  0  61  61  61  0  0  61  61  0  0  0  0  

0  0  61  0  61  61  61  61  0  61  0  61  0  0  0  0  0  0  0  0  61  61  61  61  61  0  0  0  0  61  61  0  0  61  61  0  61  61  0  0  0  0  0  61  0  0  61  0  61  0  61  61  0  61  61  61  61  61  61  0  

61  61  0  61  61  61  0  61  0  0  0  61  0  61  61  61  0  0  61  61  0  0  0  61  61  61  61  0  61  61  0  0  61  61  61  61  0  61  61  0  0  0  0  0  0  61  0  0  0  0  0  0  61  61  0  61  61  61  61  0  

0  61  0  0  0  0  0  61  61  61  0  0  0  0  0  61  61  0  61  0  0  61  0  0  0  61  0  0  0  61  61  0  61  0  61  0  0  61  0  61  0  61  0  0  0  61  61  61  61  61  61  0  0  0  0  61  61  61  61  61  

0  61  0  0  0  0  0  0  61  61  0  0  61  61  61  61  61  0  0  0  61  0  61  0  0  61  61  61  61  0  61  0  0  0  0  61  0  61  0  61  61  61  61  0  0  61  0  61  61  0  61  0  61  61  0  61  61  61  61  61  

61  0  61  61  61  61  61  0  0  0  61  0  0  61  61  61  61  61  61  61  61  61  0  61  0  0  0  0  0  0  0  61  61  0  0  0  61  0  0  61  0  0  0  0  0  0  0  61  61  61  61  61  61  0  0  0  0  61  61  61  

UnPairedArc=
1 2 
1 5 
1 9 
1 15 
1 16 
1 19 
1 20 
1 22 
1 28 
1 32 
1 35 
1 36 
1 38 
1 40 
1 42 
1 44 
1 47 
1 48 
1 51 
1 53 
1 54 
1 55 
1 57 
1 60 
2 3 
2 4 
2 5 
2 13 
2 14 
2 16 
2 17 
2 19 
2 20 
2 23 
2 24 
2 26 
2 27 
2 29 
2 30 
2 33 
2 36 
2 38 
2 41 
2 42 
2 43 
2 44 
2 45 
2 57 
2 58 
2 59 
3 6 
3 8 
3 9 
3 11 
3 12 
3 14 
3 16 
3 17 
3 21 
3 22 
3 23 
3 24 
3 25 
3 26 
3 29 
3 30 
3 31 
3 34 
3 35 
3 38 
3 39 
3 40 
3 42 
3 43 
3 46 
3 48 
3 50 
3 52 
3 53 
3 56 
3 60 
4 8 
4 9 
4 15 
4 16 
4 17 
4 18 
4 19 
4 20 
4 21 
4 22 
4 25 
4 26 
4 27 
4 28 
4 29 
4 30 
4 31 
4 33 
4 43 
4 44 
4 45 
4 46 
4 48 
4 52 
4 53 
4 54 
4 55 
4 57 
4 60 
5 6 
5 7 
5 9 
5 12 
5 13 
5 14 
5 15 
5 18 
5 20 
5 24 
5 25 
5 27 
5 33 
5 34 
5 36 
5 37 
5 38 
5 39 
5 41 
5 44 
5 50 
5 51 
5 52 
5 53 
5 54 
5 55 
5 56 
5 57 
5 60 
6 8 
6 9 
6 13 
6 14 
6 17 
6 21 
6 27 
6 28 
6 31 
6 33 
6 34 
6 35 
6 44 
6 46 
6 48 
6 53 
6 55 
6 56 
6 57 
6 60 
7 8 
7 9 
7 10 
7 11 
7 13 
7 14 
7 21 
7 22 
7 24 
7 30 
7 31 
7 34 
7 35 
7 37 
7 39 
7 40 
7 41 
7 42 
7 44 
7 45 
7 48 
7 49 
7 50 
7 51 
7 52 
7 53 
7 55 
7 56 
7 60 
8 9 
8 10 
8 13 
8 15 
8 17 
8 18 
8 20 
8 21 
8 26 
8 29 
8 31 
8 33 
8 35 
8 38 
8 42 
8 43 
8 44 
8 45 
8 47 
8 48 
8 50 
8 51 
8 53 
8 54 
8 56 
8 57 
8 58 
9 11 
9 13 
9 14 
9 15 
9 16 
9 18 
9 19 
9 20 
9 24 
9 25 
9 29 
9 30 
9 31 
9 33 
9 36 
9 40 
9 41 
9 44 
9 45 
9 47 
9 51 
9 52 
9 53 
9 54 
9 55 
9 58 
9 59 
10 11 
10 13 
10 14 
10 16 
10 22 
10 24 
10 26 
10 29 
10 31 
10 35 
10 39 
10 46 
10 47 
10 50 
10 51 
10 54 
10 55 
10 56 
10 58 
10 59 
11 12 
11 13 
11 14 
11 15 
11 16 
11 17 
11 18 
11 20 
11 24 
11 26 
11 27 
11 34 
11 36 
11 38 
11 51 
11 52 
11 54 
11 55 
11 60 
12 14 
12 15 
12 16 
12 17 
12 20 
12 21 
12 23 
12 24 
12 25 
12 31 
12 33 
12 35 
12 36 
12 40 
12 42 
12 43 
12 44 
12 46 
12 47 
12 48 
12 50 
12 51 
12 53 
12 54 
12 56 
12 57 
13 14 
13 16 
13 17 
13 19 
13 20 
13 22 
13 23 
13 30 
13 31 
13 32 
13 34 
13 37 
13 39 
13 41 
13 43 
13 44 
13 46 
13 47 
13 48 
13 49 
13 53 
13 54 
13 59 
14 15 
14 16 
14 17 
14 18 
14 19 
14 20 
14 24 
14 27 
14 28 
14 33 
14 34 
14 35 
14 36 
14 39 
14 41 
14 42 
14 43 
14 44 
14 48 
14 49 
14 51 
14 52 
14 53 
14 57 
14 59 
14 60 
15 16 
15 17 
15 19 
15 20 
15 21 
15 23 
15 26 
15 27 
15 29 
15 30 
15 31 
15 33 
15 34 
15 35 
15 39 
15 44 
15 47 
15 48 
15 49 
15 50 
15 55 
15 57 
15 59 
15 60 
16 17 
16 19 
16 24 
16 25 
16 27 
16 29 
16 30 
16 31 
16 33 
16 35 
16 36 
16 40 
16 45 
16 47 
16 49 
16 50 
16 52 
16 53 
16 55 
16 57 
16 58 
16 59 
16 60 
17 18 
17 23 
17 26 
17 27 
17 28 
17 39 
17 40 
17 42 
17 45 
17 46 
17 49 
17 50 
17 53 
17 54 
17 55 
17 58 
17 59 
17 60 
18 19 
18 20 
18 21 
18 22 
18 24 
18 25 
18 27 
18 28 
18 29 
18 30 
18 31 
18 33 
18 37 
18 38 
18 41 
18 42 
18 45 
18 46 
18 52 
18 53 
18 55 
18 60 
19 22 
19 24 
19 26 
19 27 
19 28 
19 29 
19 30 
19 31 
19 33 
19 37 
19 47 
19 49 
19 50 
19 51 
19 52 
19 53 
19 54 
19 55 
19 57 
19 58 
19 60 
20 22 
20 34 
20 36 
20 40 
20 41 
20 44 
20 45 
20 46 
20 47 
20 50 
20 52 
20 53 
20 57 
20 60 
21 23 
21 24 
21 25 
21 27 
21 28 
21 29 
21 31 
21 40 
21 42 
21 43 
21 46 
21 47 
21 48 
21 49 
21 50 
21 51 
21 52 
21 53 
21 55 
21 56 
21 59 
21 60 
22 23 
22 24 
22 25 
22 27 
22 30 
22 32 
22 34 
22 40 
22 42 
22 44 
22 46 
22 48 
22 50 
22 51 
22 53 
22 54 
22 56 
22 58 
22 60 
23 24 
23 25 
23 26 
23 27 
23 28 
23 30 
23 32 
23 35 
23 41 
23 42 
23 44 
23 49 
23 50 
23 52 
23 54 
23 55 
23 56 
23 59 
24 26 
24 30 
24 32 
24 33 
24 34 
24 35 
24 36 
24 39 
24 40 
24 41 
24 42 
24 45 
24 46 
24 49 
24 52 
24 55 
24 56 
24 57 
24 60 
25 26 
25 33 
25 37 
25 38 
25 39 
25 40 
25 41 
25 42 
25 46 
25 48 
25 49 
25 52 
25 53 
25 55 
25 56 
25 57 
26 30 
26 31 
26 33 
26 35 
26 36 
26 37 
26 40 
26 44 
26 47 
26 48 
26 49 
26 50 
26 51 
26 53 
26 55 
26 57 
26 58 
26 59 
27 28 
27 29 
27 30 
27 37 
27 38 
27 39 
27 40 
27 42 
27 45 
27 46 
27 47 
27 52 
27 53 
27 54 
27 55 
27 57 
27 59 
28 29 
28 33 
28 35 
28 36 
28 37 
28 38 
28 39 
28 40 
28 45 
28 47 
28 48 
28 50 
28 51 
28 52 
28 53 
28 59 
29 32 
29 33 
29 35 
29 36 
29 37 
29 42 
29 43 
29 44 
29 45 
29 47 
29 50 
29 51 
29 52 
29 54 
29 57 
29 59 
30 32 
30 38 
30 39 
30 42 
30 43 
30 44 
30 46 
30 47 
30 49 
30 50 
30 53 
30 56 
30 57 
30 58 
31 36 
31 38 
31 42 
31 44 
31 47 
31 50 
31 52 
31 54 
31 56 
31 58 
31 59 
32 33 
32 34 
32 35 
32 36 
32 37 
32 38 
32 39 
32 40 
32 41 
32 43 
32 46 
32 48 
32 52 
32 53 
32 55 
32 60 
33 39 
33 41 
33 42 
33 44 
33 46 
33 47 
33 48 
33 50 
33 51 
33 52 
33 53 
33 54 
33 55 
33 57 
33 58 
33 60 
34 38 
34 43 
34 45 
34 47 
34 48 
34 51 
34 54 
34 56 
34 57 
35 36 
35 38 
35 40 
35 41 
35 43 
35 46 
35 47 
35 48 
35 49 
35 51 
35 52 
35 53 
35 55 
35 56 
35 57 
35 58 
36 38 
36 39 
36 42 
36 44 
36 46 
36 47 
36 53 
36 54 
36 57 
36 59 
37 38 
37 44 
37 50 
37 51 
37 52 
37 54 
37 56 
37 60 
38 46 
38 47 
38 48 
38 50 
38 52 
38 53 
38 55 
38 56 
38 57 
38 58 
38 59 
39 41 
39 42 
39 44 
39 45 
39 46 
39 48 
39 51 
39 53 
39 54 
39 57 
40 42 
40 43 
40 44 
40 45 
40 46 
40 50 
40 52 
40 53 
40 54 
40 55 
40 58 
40 59 
40 60 
41 42 
41 43 
41 45 
41 46 
41 47 
41 48 
41 49 
41 54 
41 55 
41 59 
42 43 
42 45 
42 46 
42 49 
42 51 
42 55 
42 58 
42 59 
43 48 
43 50 
43 59 
44 46 
44 47 
44 48 
44 49 
44 50 
44 51 
44 56 
45 50 
45 53 
45 54 
46 47 
46 52 
46 53 
46 54 
46 57 
46 58 
46 59 
47 56 
47 58 
48 49 
48 50 
48 52 
48 58 
48 59 
48 60 
49 50 
49 51 
49 54 
49 56 
49 58 
49 59 
49 60 
50 55 
50 58 
50 60 
51 52 
51 53 
51 54 
51 55 
51 56 
51 58 
51 59 
51 60 
52 54 
52 55 
52 56 
52 60 
53 57 
53 59 
53 60 
54 56 
54 57 
54 59 
55 56 
56 57 
56 58 
56 59 
57 58 
57 59 
58 59 
58 60 
59 60 
