nNodes=40;
 nPairs=149;
Cost=

41  0  0  0  41  0  41  0  0  0  0  0  0  0  0  0  0  0  0  41  0  0  41  0  0  0  0  0  0  0  0  0  0  0  41  0  41  0  0  0  

0  41  0  0  0  0  41  0  0  0  0  0  0  0  0  0  0  0  0  0  0  0  41  0  0  0  0  0  0  0  0  41  0  0  0  0  0  0  0  0  

0  0  41  41  0  0  0  0  0  0  0  41  41  0  41  0  0  0  41  0  0  0  0  0  0  0  0  0  41  0  0  0  41  0  0  41  0  0  41  0  

0  0  41  41  0  0  0  0  41  0  0  0  0  0  41  0  0  0  0  0  0  0  0  0  0  0  0  0  0  0  0  0  0  0  0  0  0  0  0  0  

41  0  0  0  41  0  0  41  0  0  0  41  0  0  0  0  0  0  0  41  0  0  0  41  0  0  0  41  0  41  0  0  0  0  0  0  0  0  0  0  

0  0  0  0  0  41  0  0  0  0  0  0  41  0  41  0  0  0  0  0  0  41  0  0  41  0  0  0  0  0  0  0  0  41  0  0  0  0  0  0  

41  41  0  0  0  0  41  0  0  0  41  41  41  0  0  0  0  41  41  0  0  0  0  0  0  41  0  0  0  0  0  0  41  0  0  0  0  0  0  0  

0  0  0  0  41  0  0  41  0  0  0  0  0  0  0  0  0  0  0  0  0  0  41  0  0  41  0  0  0  0  0  41  0  0  0  0  0  0  0  0  

0  0  0  41  0  0  0  0  41  0  0  0  0  0  0  41  41  0  41  0  0  0  0  0  0  41  0  0  0  0  0  0  41  0  41  41  0  0  0  41  

0  0  0  0  0  0  0  0  0  41  0  0  0  0  0  41  0  41  0  0  0  41  0  41  41  0  0  0  0  41  0  0  0  41  0  41  0  0  0  41  

0  0  0  0  0  0  41  0  0  0  41  0  0  41  41  0  41  0  41  0  0  41  0  0  0  0  0  0  0  0  0  0  0  41  0  0  0  0  0  41  

0  0  41  0  41  0  41  0  0  0  0  41  0  0  0  0  0  0  0  0  0  0  0  0  0  0  0  0  0  0  0  0  41  0  0  0  0  0  0  0  

0  0  41  0  0  41  41  0  0  0  0  0  41  0  0  41  0  0  0  0  0  0  0  0  0  0  0  0  0  0  0  0  0  0  0  41  0  0  0  41  

0  0  0  0  0  0  0  0  0  0  41  0  0  41  0  41  0  0  41  0  0  0  0  0  0  0  0  0  41  0  0  0  0  0  41  0  41  0  0  41  

0  0  41  41  0  41  0  0  0  0  41  0  0  0  41  0  41  0  41  0  0  0  0  0  0  0  0  0  0  0  0  41  0  0  0  0  41  0  0  0  

0  0  0  0  0  0  0  0  41  41  0  0  41  41  0  41  41  0  0  0  0  41  0  0  0  0  41  0  0  41  41  0  0  0  41  0  0  41  41  0  

0  0  0  0  0  0  0  0  41  0  41  0  0  0  41  41  41  0  0  41  0  0  0  41  0  0  41  0  41  0  41  0  0  0  0  41  0  0  0  0  

0  0  0  0  0  0  41  0  0  41  0  0  0  0  0  0  0  41  0  41  0  0  0  41  0  0  41  0  41  0  0  0  0  41  0  0  41  0  0  0  

0  0  41  0  0  0  41  0  41  0  41  0  0  41  41  0  0  0  41  0  0  0  0  41  0  0  0  0  0  41  0  41  0  0  0  0  0  0  0  0  

41  0  0  0  41  0  0  0  0  0  0  0  0  0  0  0  41  41  0  41  0  0  0  41  41  0  0  0  0  0  0  0  0  0  41  41  0  0  0  0  

0  0  0  0  0  0  0  0  0  0  0  0  0  0  0  0  0  0  0  0  41  0  0  0  0  0  0  0  0  0  0  0  0  41  0  0  0  0  0  0  

0  0  0  0  0  41  0  0  0  41  41  0  0  0  0  41  0  0  0  0  0  41  41  0  0  41  0  0  0  0  0  0  41  0  0  0  0  0  0  41  

41  41  0  0  0  0  0  41  0  0  0  0  0  0  0  0  0  0  0  0  0  41  41  0  0  0  0  0  41  0  0  41  41  0  0  0  0  0  0  0  

0  0  0  0  41  0  0  0  0  41  0  0  0  0  0  0  41  41  41  41  0  0  0  41  0  0  0  0  0  41  41  0  0  0  0  0  0  41  0  41  

0  0  0  0  0  41  0  0  0  41  0  0  0  0  0  0  0  0  0  41  0  0  0  0  41  0  0  41  0  0  0  41  0  0  41  0  41  0  41  0  

0  0  0  0  0  0  41  41  41  0  0  0  0  0  0  0  0  0  0  0  0  41  0  0  0  41  0  0  41  0  0  0  0  0  0  41  0  41  0  41  

0  0  0  0  0  0  0  0  0  0  0  0  0  0  0  41  41  41  0  0  0  0  0  0  0  0  41  0  41  0  0  0  0  0  41  41  0  0  41  41  

0  0  0  0  41  0  0  0  0  0  0  0  0  0  0  0  0  0  0  0  0  0  0  0  41  0  0  41  0  41  0  41  0  0  0  41  0  0  0  0  

0  0  41  0  0  0  0  0  0  0  0  0  0  41  0  0  41  41  0  0  0  0  41  0  0  41  41  0  41  0  0  0  41  0  41  0  0  0  41  0  

0  0  0  0  41  0  0  0  0  41  0  0  0  0  0  41  0  0  41  0  0  0  0  41  0  0  0  41  0  41  0  0  0  0  0  0  0  0  0  0  

0  0  0  0  0  0  0  0  0  0  0  0  0  0  0  41  41  0  0  0  0  0  0  41  0  0  0  0  0  0  41  0  0  0  41  0  0  0  41  41  

0  41  0  0  0  0  0  41  0  0  0  0  0  0  41  0  0  0  41  0  0  0  41  0  41  0  0  41  0  0  0  41  0  0  41  0  0  0  0  41  

0  0  41  0  0  0  41  0  41  0  0  41  0  0  0  0  0  0  0  0  0  41  41  0  0  0  0  0  41  0  0  0  41  0  41  41  0  0  41  0  

0  0  0  0  0  41  0  0  0  41  41  0  0  0  0  0  0  41  0  0  41  0  0  0  0  0  0  0  0  0  0  0  0  41  41  0  0  0  0  0  

41  0  0  0  0  0  0  0  41  0  0  0  0  41  0  41  0  0  0  41  0  0  0  0  41  0  41  0  41  0  41  41  41  41  41  0  0  0  0  0  

0  0  41  0  0  0  0  0  41  41  0  0  41  0  0  0  41  0  0  41  0  0  0  0  0  41  41  41  0  0  0  0  41  0  0  41  0  0  0  0  

41  0  0  0  0  0  0  0  0  0  0  0  0  41  41  0  0  41  0  0  0  0  0  0  41  0  0  0  0  0  0  0  0  0  0  0  41  0  0  41  

0  0  0  0  0  0  0  0  0  0  0  0  0  0  0  41  0  0  0  0  0  0  0  41  0  41  0  0  0  0  0  0  0  0  0  0  0  41  41  0  

0  0  41  0  0  0  0  0  0  0  0  0  0  0  0  41  0  0  0  0  0  0  0  0  41  0  41  0  41  0  41  0  41  0  0  0  0  41  41  0  

0  0  0  0  0  0  0  0  41  41  41  0  41  41  0  0  0  0  0  0  0  41  0  41  0  41  41  0  0  0  41  41  0  0  0  0  41  0  0  41  

UnPairedArc=
1 5 
1 7 
1 20 
1 23 
1 35 
1 37 
2 7 
2 23 
2 32 
3 4 
3 12 
3 13 
3 15 
3 19 
3 29 
3 33 
3 36 
3 39 
4 9 
4 15 
5 8 
5 12 
5 20 
5 24 
5 28 
5 30 
6 13 
6 15 
6 22 
6 25 
6 34 
7 11 
7 12 
7 13 
7 18 
7 19 
7 26 
7 33 
8 23 
8 26 
8 32 
9 16 
9 17 
9 19 
9 26 
9 33 
9 35 
9 36 
9 40 
10 16 
10 18 
10 22 
10 24 
10 25 
10 30 
10 34 
10 36 
10 40 
11 14 
11 15 
11 17 
11 19 
11 22 
11 34 
11 40 
12 33 
13 16 
13 36 
13 40 
14 16 
14 19 
14 29 
14 35 
14 37 
14 40 
15 17 
15 19 
15 32 
15 37 
16 17 
16 22 
16 27 
16 30 
16 31 
16 35 
16 38 
16 39 
17 20 
17 24 
17 27 
17 29 
17 31 
17 36 
18 20 
18 24 
18 27 
18 29 
18 34 
18 37 
19 24 
19 30 
19 32 
20 24 
20 25 
20 35 
20 36 
21 34 
22 23 
22 26 
22 33 
22 40 
23 29 
23 32 
23 33 
24 30 
24 31 
24 38 
24 40 
25 28 
25 32 
25 35 
25 37 
25 39 
26 29 
26 36 
26 38 
26 40 
27 29 
27 35 
27 36 
27 39 
27 40 
28 30 
28 32 
28 36 
29 33 
29 35 
29 39 
31 35 
31 39 
31 40 
32 35 
32 40 
33 35 
33 36 
33 39 
34 35 
37 40 
38 39 
