nNodes=80;
 nPairs=1233;
Cost=

81  0  81  81  81  81  81  0  0  0  0  0  81  0  0  81  0  0  0  0  0  0  0  81  0  0  0  0  0  0  0  81  81  81  81  81  0  0  81  0  81  0  0  0  0  0  0  0  81  81  0  0  81  81  81  0  0  0  0  81  81  81  0  0  0  0  0  0  81  0  81  0  0  0  81  81  0  81  0  0  

0  81  0  0  0  0  81  81  0  81  0  0  0  81  81  0  81  0  81  0  0  81  81  0  0  0  81  81  0  0  0  0  0  0  0  0  0  0  0  0  81  81  0  81  0  0  81  81  0  81  81  0  0  0  0  81  81  0  81  0  0  81  81  0  81  0  81  0  0  81  0  0  81  0  0  81  0  81  0  81  

81  0  81  0  81  81  0  0  0  0  0  81  0  81  81  81  0  81  81  0  0  0  0  81  81  81  0  0  0  0  81  81  81  0  0  81  81  81  81  81  81  81  0  0  81  0  81  0  0  0  81  81  0  0  0  0  81  81  0  81  0  0  0  81  0  0  0  81  81  81  0  0  81  0  0  0  81  0  0  81  

81  0  0  81  81  81  81  81  0  0  81  81  0  81  0  0  0  81  0  0  81  81  81  0  0  0  81  0  0  0  0  0  0  0  81  0  0  0  0  0  0  81  0  0  81  0  0  0  81  0  81  0  0  0  0  0  0  0  0  0  0  0  0  0  0  0  0  0  0  81  81  81  0  0  81  0  81  0  0  0  

81  0  81  81  81  0  0  0  0  0  81  81  0  0  0  0  81  0  0  0  0  0  0  81  81  0  0  81  0  0  0  0  81  81  81  0  0  0  81  0  81  0  81  81  81  0  81  81  81  0  0  0  81  0  0  0  81  81  0  0  0  81  81  0  0  81  0  0  0  81  0  0  0  0  0  0  0  0  0  81  

81  0  81  81  0  81  81  0  81  81  0  0  0  0  81  81  0  0  0  0  0  81  81  81  81  0  0  0  81  0  81  0  0  0  0  81  0  0  0  81  81  81  0  0  0  0  81  0  81  81  0  0  0  0  81  81  0  81  0  0  81  81  0  0  0  0  0  81  0  0  81  0  0  0  0  81  81  81  0  0  

81  81  0  81  0  81  81  0  0  0  81  0  81  0  81  0  81  0  81  0  81  0  0  0  0  0  0  0  0  81  0  0  0  0  0  81  0  81  81  0  0  0  81  0  0  81  0  81  81  0  0  0  0  0  0  81  0  0  81  81  0  0  0  0  0  0  0  81  81  0  0  81  0  0  0  0  81  0  0  81  

0  81  0  81  0  0  0  81  0  0  0  0  0  0  0  81  0  0  81  81  81  0  81  81  0  0  0  0  81  81  81  0  0  0  0  81  0  0  0  0  0  81  0  0  0  81  0  81  0  81  81  0  0  81  0  81  0  0  81  81  0  81  0  81  81  0  81  81  0  0  0  0  0  0  81  0  0  0  81  0  

0  0  0  0  0  81  0  0  81  81  0  0  81  0  0  81  0  81  81  0  81  81  0  0  0  0  0  0  81  0  81  0  81  0  81  81  81  0  81  0  0  0  81  0  81  0  0  0  81  0  0  0  0  81  81  0  0  0  0  0  81  81  0  0  81  81  0  0  81  0  0  0  0  81  0  81  0  81  81  81  

0  81  0  0  0  81  0  0  81  81  0  81  0  81  0  0  0  81  0  0  81  81  0  81  0  0  0  81  81  81  0  0  0  81  81  0  0  0  81  81  81  0  0  0  0  0  0  0  0  0  81  0  0  0  81  0  0  0  81  0  81  0  0  0  81  81  0  81  81  81  0  0  0  81  0  0  0  0  0  0  

0  0  0  81  81  0  81  0  0  0  81  0  0  81  0  0  0  81  0  81  0  81  0  0  0  0  81  0  0  81  0  0  0  0  0  81  0  81  0  0  0  0  0  81  0  81  0  0  81  0  0  0  0  0  0  0  81  81  0  0  0  81  81  0  0  0  0  0  0  81  0  0  81  0  81  0  0  0  81  81  

0  0  81  81  81  0  0  0  0  81  0  81  0  0  0  0  0  0  0  0  81  81  0  0  0  0  0  81  81  81  0  81  81  81  81  0  81  0  0  0  0  0  81  81  0  81  81  0  81  0  81  0  0  0  0  0  81  0  0  0  81  0  0  81  0  81  81  81  81  81  0  0  0  0  0  0  0  81  81  81  

81  0  0  0  0  0  81  0  81  0  0  0  81  0  0  81  0  0  0  0  81  0  81  0  0  0  0  0  81  0  0  81  0  0  0  0  0  0  0  0  0  0  0  0  81  81  81  0  0  0  0  81  81  0  0  0  0  0  81  81  81  0  0  0  0  81  81  0  0  0  0  81  0  0  81  0  81  81  81  0  

0  81  81  81  0  0  0  0  0  81  81  0  0  81  81  0  81  81  81  0  0  0  0  81  81  81  0  0  81  81  81  0  81  81  0  81  81  0  81  81  81  0  0  0  81  0  81  81  81  0  0  81  81  81  0  0  81  0  81  0  81  81  81  81  0  81  81  0  81  81  0  0  0  0  0  0  81  81  0  0  

0  81  81  0  0  81  81  0  0  0  0  0  0  81  81  0  0  0  0  0  0  0  81  0  0  0  0  81  81  0  81  81  81  0  81  0  81  81  81  0  0  0  0  0  0  0  0  0  0  81  0  0  81  0  0  81  81  81  81  81  0  81  0  0  0  0  81  0  81  81  81  0  0  81  0  81  81  81  0  0  

81  0  81  0  0  81  0  81  81  0  0  0  81  0  0  81  0  0  81  81  81  81  0  0  0  0  0  0  0  81  81  0  0  0  81  0  81  81  0  0  81  0  81  81  81  81  0  81  0  0  0  81  0  0  0  0  81  0  0  0  0  81  0  81  81  0  0  81  0  0  0  0  0  0  0  81  81  0  0  0  

0  81  0  0  81  0  81  0  0  0  0  0  0  81  0  0  81  0  0  81  0  81  0  0  0  81  81  0  81  0  0  0  81  81  81  81  81  81  81  81  0  81  81  81  81  0  81  0  0  81  0  0  81  81  0  0  81  81  81  81  0  0  0  81  81  81  81  0  0  0  0  0  0  0  0  0  0  81  81  0  

0  0  81  81  0  0  0  0  81  81  81  0  0  81  0  0  0  81  81  0  81  81  81  81  0  0  0  81  0  0  81  81  81  0  81  0  81  81  0  81  0  81  81  81  0  81  81  0  0  0  81  0  81  81  81  0  81  81  0  81  81  0  81  0  81  0  0  0  0  81  0  0  0  0  0  81  0  81  0  0  

0  81  81  0  0  0  81  81  81  0  0  0  0  81  0  81  0  81  81  81  81  0  0  81  81  81  0  0  81  0  0  0  0  81  0  0  0  0  0  0  0  81  0  0  0  0  0  81  0  0  81  81  81  81  0  0  0  0  0  0  81  81  0  0  0  81  81  81  0  81  81  0  0  81  81  81  0  81  81  81  

0  0  0  0  0  0  0  81  0  0  81  0  0  0  0  81  81  0  81  81  0  81  81  0  81  81  0  81  81  0  0  0  0  81  81  81  81  81  0  0  0  81  81  0  81  0  81  0  0  0  0  81  0  0  0  0  81  0  0  81  81  0  81  81  0  81  0  81  81  81  0  81  0  81  81  0  0  81  81  81  

0  0  0  81  0  0  81  81  81  81  0  81  81  0  0  81  0  81  81  0  81  0  0  0  0  81  0  0  0  0  81  0  81  0  81  81  81  81  81  0  0  0  0  81  81  0  0  0  81  81  0  0  81  81  0  0  0  0  0  0  0  0  0  81  0  81  81  0  0  0  0  0  81  81  0  0  81  0  81  81  

0  81  0  81  0  81  0  0  81  81  81  81  0  0  0  81  81  81  0  81  0  81  0  81  0  0  0  0  81  81  81  0  0  0  0  0  0  0  81  81  0  81  0  81  0  81  81  81  81  0  0  81  0  0  81  81  81  81  0  81  81  0  81  81  0  81  0  0  81  0  0  81  0  81  81  81  0  0  0  81  

0  81  0  81  0  81  0  81  0  0  0  0  81  0  81  0  0  81  0  81  0  0  81  81  0  0  0  0  0  81  0  0  0  81  81  0  0  81  0  81  81  0  81  0  81  0  81  0  81  81  0  0  81  81  0  0  81  0  0  81  0  81  81  81  81  0  0  0  0  0  0  81  0  0  0  81  81  81  0  81  

81  0  81  0  81  81  0  81  0  81  0  0  0  81  0  0  0  81  81  0  0  81  81  81  0  0  0  0  81  0  0  0  0  81  0  81  81  0  81  81  0  0  81  81  81  0  0  0  0  0  81  81  81  0  81  81  0  81  0  81  0  0  0  0  81  81  0  0  81  81  81  81  0  0  81  81  0  81  0  0  

0  0  81  0  81  81  0  0  0  0  0  0  0  81  0  0  0  0  81  81  0  0  0  0  81  0  81  0  81  0  0  81  0  0  81  81  81  81  0  81  0  0  0  81  0  0  0  0  0  0  0  81  0  81  0  0  0  81  0  0  0  0  0  81  0  0  0  81  0  0  0  0  0  81  0  81  0  0  81  81  

0  0  81  0  0  0  0  0  0  0  0  0  0  81  0  0  81  0  81  81  81  0  0  0  0  81  0  0  81  81  81  0  0  81  81  0  0  81  81  81  0  0  81  0  81  81  81  81  81  0  0  0  81  81  81  81  0  0  81  0  0  81  81  0  0  0  81  0  0  0  81  81  0  0  81  0  0  81  0  0  

0  81  0  81  0  0  0  0  0  0  81  0  0  0  0  0  81  0  0  0  0  0  0  0  81  0  81  0  0  81  0  0  0  0  0  0  81  0  0  0  81  81  0  0  81  0  0  81  81  0  0  81  0  0  0  0  0  0  0  81  0  0  0  0  0  0  81  81  81  0  81  0  0  81  0  0  0  0  0  81  

0  81  0  0  81  0  0  0  0  81  0  81  0  0  81  0  0  81  0  81  0  0  0  0  0  0  0  81  0  0  81  0  0  0  0  0  0  0  0  0  81  81  81  0  0  81  0  0  0  81  0  0  81  81  0  0  0  81  0  0  81  81  81  0  0  81  81  0  81  81  0  81  0  81  0  81  0  0  81  0  

0  0  0  0  0  81  0  81  81  81  0  81  81  81  81  0  81  0  81  81  0  81  0  81  81  81  0  0  81  81  0  81  81  0  81  81  81  0  0  81  0  81  81  0  0  0  0  0  81  0  81  81  0  0  0  0  0  0  81  0  81  0  0  0  0  81  0  81  0  0  81  81  0  81  81  0  81  0  81  0  

0  0  0  0  0  0  81  81  0  81  81  81  0  81  0  81  0  0  0  0  0  81  81  0  0  81  81  0  81  81  0  0  0  0  0  0  0  0  0  0  0  0  81  0  81  0  0  0  81  0  0  81  81  0  81  81  0  0  0  0  81  0  81  0  0  0  0  81  0  0  81  0  81  0  0  81  81  0  0  0  

0  0  81  0  0  81  0  81  81  0  0  0  0  81  81  81  0  81  0  0  81  81  0  0  0  81  0  81  0  0  81  81  0  0  81  81  0  81  0  0  0  0  0  0  0  0  81  0  0  0  81  0  81  0  81  81  81  0  0  0  0  81  0  81  81  0  0  0  81  0  0  0  0  0  81  0  0  0  0  0  

81  0  81  0  0  0  0  0  0  0  0  81  81  0  81  0  0  81  0  0  0  0  0  0  81  0  0  0  81  0  81  81  0  81  81  81  0  0  0  81  0  81  0  81  0  81  0  81  0  0  81  81  0  81  0  0  0  0  0  0  81  81  81  81  0  81  81  0  81  0  0  81  0  0  81  81  0  81  81  0  

81  0  81  0  81  0  0  0  81  0  0  81  0  81  81  0  81  81  0  0  81  0  0  0  0  0  0  0  81  0  0  0  81  81  81  81  81  0  81  0  81  0  0  0  81  81  0  0  0  81  0  81  81  0  81  81  81  0  0  81  0  0  0  0  81  0  0  0  0  0  0  0  0  0  0  81  0  0  0  0  

81  0  0  0  81  0  0  0  0  81  0  81  0  81  0  0  81  0  81  81  0  0  81  81  0  81  0  0  0  0  0  81  81  81  0  0  0  0  0  81  0  0  0  0  0  0  81  0  0  81  0  81  0  0  0  0  81  0  0  0  81  0  0  81  81  0  0  0  81  0  0  0  81  0  0  0  81  0  0  0  

81  0  0  81  81  0  0  0  81  81  0  81  0  0  81  81  81  81  0  81  81  0  81  0  81  81  0  0  81  0  81  81  81  0  81  81  0  0  0  0  0  0  0  0  0  0  0  81  81  0  0  0  81  0  81  81  0  81  0  0  0  0  0  81  81  0  81  0  0  0  0  0  81  0  0  0  0  0  0  81  

81  0  81  0  0  81  81  81  81  0  81  0  0  81  0  0  81  0  0  81  81  0  0  81  81  0  0  0  81  0  81  81  81  0  81  81  81  0  0  81  81  0  0  81  0  0  81  81  0  0  81  0  0  0  81  0  0  0  0  0  81  81  81  81  0  81  0  81  0  81  0  0  81  81  81  81  81  0  0  81  

0  0  81  0  0  0  0  0  81  0  0  81  0  81  81  81  81  81  0  81  81  0  0  81  81  0  81  0  81  0  0  0  81  0  0  81  81  0  0  81  0  0  0  0  0  0  0  0  0  0  81  81  81  0  0  0  0  81  81  0  0  0  81  0  81  81  81  81  0  81  0  0  0  0  0  81  0  0  81  0  

0  0  81  0  0  0  81  0  0  0  81  0  0  0  81  81  81  81  0  81  81  0  81  0  81  81  0  0  0  0  81  0  0  0  0  0  0  81  0  0  81  0  0  81  0  0  0  81  0  81  81  0  0  0  81  0  0  0  0  0  0  81  81  0  0  0  81  81  0  81  0  81  81  81  81  0  81  81  0  81  

81  0  81  0  81  0  81  0  81  81  0  0  0  81  81  0  81  0  0  0  81  81  0  81  0  81  0  0  0  0  0  0  81  0  0  0  0  0  81  0  81  81  0  0  81  0  0  81  0  81  81  81  81  0  0  0  0  81  0  81  0  81  81  81  81  0  81  0  81  0  0  0  0  81  0  0  81  0  0  0  

0  0  81  0  0  81  0  0  0  81  0  0  0  81  0  0  81  81  0  0  0  81  81  81  81  81  0  0  81  0  0  81  0  81  0  81  81  0  0  81  81  81  81  0  0  0  0  0  81  0  0  0  81  0  81  81  0  81  81  0  81  0  81  81  0  81  81  81  0  0  0  0  0  81  81  81  81  0  0  0  

81  81  81  0  81  81  0  0  0  81  0  0  0  81  0  81  0  0  0  0  0  0  81  0  0  0  81  81  0  0  0  0  81  0  0  81  0  81  81  81  81  81  0  81  0  0  0  81  0  81  0  0  0  0  81  0  0  81  0  0  81  81  0  0  0  0  0  81  0  81  0  81  0  0  0  0  0  0  0  0  

0  81  81  81  0  81  0  81  0  0  0  0  0  0  0  0  81  81  81  81  0  81  0  0  0  0  81  81  81  0  0  81  0  0  0  0  0  0  81  81  81  81  0  81  81  0  0  81  81  0  0  0  81  81  0  81  0  81  81  0  81  0  0  0  0  0  0  81  0  0  81  0  0  0  0  0  81  0  81  0  

0  0  0  0  81  0  81  0  81  0  0  81  0  0  0  81  81  81  0  81  0  0  81  81  0  81  0  81  81  81  0  0  0  0  0  0  0  0  0  81  0  0  81  81  0  81  0  0  81  0  0  0  0  81  81  81  81  0  81  0  0  0  81  81  81  0  0  0  0  81  0  81  0  0  0  81  81  81  0  0  

0  81  0  0  81  0  0  0  0  0  81  81  0  0  0  81  81  81  0  0  81  81  0  81  81  0  0  0  0  0  0  81  0  0  0  81  0  81  0  0  81  81  81  81  0  0  0  81  0  81  81  0  81  81  81  0  0  81  81  0  0  0  0  0  0  81  81  0  81  0  81  0  0  81  0  0  0  0  0  0  

0  0  81  81  81  0  0  0  81  0  0  0  81  81  0  81  81  0  0  81  81  0  81  81  0  81  81  0  0  81  0  0  81  0  0  0  0  0  81  0  0  81  0  0  81  81  81  81  81  81  0  0  81  0  81  0  81  81  0  0  0  0  0  0  81  0  0  0  81  0  81  0  0  0  0  81  0  0  0  81  

0  0  0  0  0  0  81  81  0  0  81  81  81  0  0  81  0  81  0  0  0  81  0  0  0  81  0  81  0  0  0  81  81  0  0  0  0  0  0  0  0  0  81  0  81  81  0  81  0  0  81  0  81  0  0  81  0  0  81  0  0  0  0  0  81  0  81  81  81  0  81  81  81  0  81  0  81  0  0  81  

0  81  81  0  81  81  0  0  0  0  0  81  81  81  0  0  81  81  0  81  0  81  81  0  0  81  0  0  0  0  81  0  0  81  0  81  0  0  0  0  0  0  0  0  81  0  81  0  0  0  0  0  0  0  81  81  0  0  0  0  0  0  0  0  81  81  81  81  0  81  0  0  0  0  0  0  0  81  0  81  

0  81  0  0  81  0  81  81  0  0  0  0  0  81  0  81  0  0  81  0  0  81  0  0  0  81  81  0  0  0  0  81  0  0  81  81  0  81  81  0  81  81  0  81  81  81  0  81  81  81  81  0  81  0  81  81  0  0  0  0  0  0  81  81  0  0  0  0  81  81  81  0  81  81  0  81  0  81  0  81  

81  0  0  81  81  81  81  0  81  0  81  81  0  81  0  0  0  0  0  0  81  81  81  0  0  81  81  0  81  81  0  0  0  0  81  0  0  0  0  81  0  81  81  0  81  0  0  81  81  0  81  0  81  0  0  0  81  0  0  81  0  81  81  0  81  81  81  0  81  0  81  81  81  81  0  81  81  0  0  0  

81  81  0  0  0  81  0  81  0  0  0  0  0  0  81  0  81  0  0  0  81  0  81  0  0  0  0  81  0  0  0  0  81  81  0  0  0  81  81  0  81  0  0  81  81  0  0  81  0  81  0  0  0  81  0  0  81  81  0  81  81  0  0  81  81  0  0  0  0  81  81  0  0  0  81  0  81  0  0  0  

0  81  81  81  0  0  0  81  0  81  0  81  0  0  0  0  0  81  81  0  0  0  0  81  0  0  0  0  81  0  81  81  0  0  0  81  81  81  81  0  0  0  0  81  0  81  0  81  81  0  81  81  0  0  0  0  81  0  0  81  0  81  0  81  0  0  81  81  81  81  0  0  0  0  0  81  0  0  0  81  

0  0  81  0  0  0  0  0  0  0  0  0  81  81  0  81  0  0  81  81  0  81  0  81  81  0  81  0  81  81  0  81  81  81  0  0  81  0  81  0  0  0  0  0  0  0  0  0  0  0  81  81  81  81  0  0  0  81  81  0  0  81  0  81  0  81  0  0  0  0  0  81  81  81  0  0  81  0  81  81  

81  0  0  0  81  0  0  0  0  0  0  0  81  81  81  0  81  81  81  0  81  0  81  81  0  81  0  81  0  81  81  0  81  0  81  0  81  0  81  81  0  81  0  81  81  81  0  81  81  0  0  81  81  81  0  0  0  81  0  81  0  81  0  81  0  0  0  0  0  0  81  81  0  0  0  0  0  0  81  0  

81  0  0  0  0  0  0  81  81  0  0  0  0  81  0  0  81  81  81  0  81  0  81  0  81  81  0  81  0  0  0  81  0  0  0  0  0  0  0  0  0  81  81  81  0  0  0  0  0  81  0  81  81  81  0  0  0  0  81  0  81  0  0  0  0  81  81  81  81  81  0  81  0  0  0  0  0  81  0  81  

81  0  0  0  0  81  0  0  81  81  0  0  0  0  0  0  0  81  0  0  0  81  0  81  0  81  0  0  0  81  81  0  81  0  81  81  0  81  0  81  81  0  81  81  81  0  81  81  0  0  0  0  0  0  81  81  81  81  81  81  0  81  0  0  81  81  0  0  81  81  0  0  81  0  0  81  0  81  0  0  

0  81  0  0  0  81  81  81  0  0  0  0  0  0  81  0  0  0  0  0  0  81  0  81  0  81  0  0  0  81  81  0  81  0  81  0  0  0  0  81  0  81  81  0  0  81  81  81  0  0  0  0  0  0  81  81  81  81  81  81  81  0  0  0  81  81  0  81  0  0  0  81  81  0  81  0  81  0  0  81  

0  81  81  0  81  0  0  0  0  0  81  81  0  81  81  81  81  81  0  81  0  81  81  0  0  0  0  0  0  0  81  0  81  81  0  0  0  0  0  0  0  0  81  0  81  0  0  0  81  81  81  0  0  0  81  81  81  81  81  0  0  0  81  81  0  0  0  0  0  81  0  81  0  0  81  0  0  0  81  0  

0  0  81  0  81  81  0  0  0  0  81  0  0  0  81  0  81  81  0  0  0  81  0  81  81  0  0  81  0  0  0  0  0  0  81  0  81  0  81  81  81  81  0  81  81  0  0  0  0  81  0  81  81  0  81  81  81  81  0  0  0  0  0  81  81  0  0  0  81  0  0  81  0  0  81  0  0  81  0  0  

0  81  0  0  0  0  81  81  0  81  0  0  81  81  81  0  81  0  0  0  0  0  0  0  0  81  0  0  81  0  0  0  0  0  0  0  81  0  0  81  0  81  81  81  0  81  0  0  0  0  0  81  0  81  81  81  81  0  81  81  81  0  0  0  81  81  81  0  0  0  0  81  0  0  0  0  81  81  81  81  

81  0  81  0  0  0  81  81  0  0  0  0  81  0  81  0  81  81  0  81  0  81  81  81  0  0  81  0  0  0  0  0  81  0  0  0  0  0  81  0  0  0  0  0  0  0  0  0  81  81  81  0  81  0  81  81  0  0  81  81  0  0  81  81  0  0  0  81  0  0  81  81  0  0  0  0  81  81  81  0  

81  0  0  0  0  81  0  0  81  81  0  81  81  81  0  0  0  81  81  81  0  81  0  0  0  0  0  81  81  81  0  81  0  81  0  81  0  0  0  81  81  81  0  0  0  0  0  0  0  81  0  0  0  81  0  81  0  0  81  0  81  0  0  0  0  81  0  0  81  0  81  81  0  0  0  0  0  81  81  81  

81  81  0  0  81  81  0  81  81  0  81  0  0  81  81  81  0  0  81  0  0  0  81  0  0  81  0  81  0  0  81  81  0  0  0  81  0  81  81  0  81  0  0  0  0  0  0  0  81  0  81  81  81  0  81  0  0  0  0  0  0  81  81  81  81  0  0  0  81  81  0  81  81  81  0  0  0  0  81  81  

0  81  0  0  81  0  0  0  0  0  81  0  0  81  0  0  0  81  0  81  0  81  81  0  0  81  0  81  0  81  0  81  0  0  0  81  81  81  81  81  0  0  81  0  0  0  0  81  81  0  0  0  0  0  0  0  81  0  0  81  0  81  81  0  0  0  0  0  0  0  0  0  0  81  0  0  0  81  0  81  

0  0  81  0  0  0  0  81  0  0  0  81  0  81  0  81  81  0  0  81  81  81  81  0  81  0  0  0  0  0  81  81  0  81  81  81  0  0  81  81  0  0  81  0  0  0  0  81  0  81  81  81  81  0  0  0  81  81  0  81  0  81  0  81  0  0  81  0  81  0  0  81  81  81  0  0  81  0  0  0  

0  81  0  0  0  0  0  81  81  81  0  0  0  0  0  81  81  81  0  0  0  0  81  81  0  0  0  0  0  0  81  0  81  81  81  0  81  0  81  0  0  0  81  0  81  81  81  0  81  81  0  0  0  0  81  81  0  81  81  0  0  81  0  0  81  0  0  0  0  0  0  0  81  0  0  0  0  81  81  81  

0  0  0  0  81  0  0  0  81  81  0  81  81  81  0  0  81  0  81  81  81  81  0  81  0  0  0  81  81  0  0  81  0  0  0  81  81  0  0  81  0  0  0  81  0  0  81  0  81  0  0  81  0  81  81  81  0  0  81  0  81  0  0  0  0  81  0  0  81  81  0  81  81  81  81  0  0  0  0  0  

0  81  0  0  0  0  0  81  0  0  0  81  81  81  81  0  81  0  81  0  81  0  0  0  0  81  81  81  0  0  0  81  0  0  81  0  81  81  81  81  0  0  0  81  0  81  81  0  81  0  81  0  0  81  0  0  0  0  81  0  0  0  0  81  0  0  81  0  81  0  0  0  0  0  0  0  0  81  0  81  

0  0  81  0  0  81  81  81  0  81  0  81  0  0  0  81  0  0  81  81  0  0  0  0  81  0  81  0  81  81  0  0  0  0  0  81  81  81  0  81  81  81  0  0  0  81  81  0  0  0  81  0  0  81  0  81  0  0  0  81  0  0  0  0  0  0  0  81  81  0  0  81  81  0  0  81  81  0  81  0  

81  0  81  0  0  0  81  0  81  81  0  81  0  81  81  0  0  0  0  81  0  81  0  81  0  0  81  81  0  0  81  81  0  81  0  0  0  0  81  0  0  0  0  81  81  81  0  81  81  0  81  0  0  81  81  0  0  81  0  0  81  81  0  81  0  81  81  81  81  0  81  0  0  0  81  0  81  81  81  81  

0  81  81  81  81  0  0  0  0  81  81  81  0  81  81  0  0  81  81  81  0  0  0  81  0  0  0  81  0  0  0  0  0  0  0  81  81  81  0  0  81  0  81  0  0  0  81  81  0  81  81  0  0  81  81  0  81  0  0  0  0  81  0  0  0  81  0  0  0  81  0  81  81  0  81  0  0  0  0  81  

81  0  0  81  0  81  0  0  0  0  0  0  0  0  81  0  0  0  81  0  0  0  0  81  0  81  81  0  81  81  0  0  0  0  0  0  0  0  0  0  0  81  0  81  81  81  0  81  81  81  0  0  81  0  0  0  0  0  0  81  81  0  0  0  0  0  0  0  81  0  81  0  81  0  0  0  0  0  81  81  

0  0  0  81  0  0  81  0  0  0  0  0  81  0  0  0  0  0  0  81  0  81  81  81  0  81  0  81  81  0  0  81  0  0  0  0  0  81  0  0  81  0  81  0  0  81  0  0  81  0  0  81  81  81  0  81  81  81  81  81  81  81  0  81  0  81  0  81  0  81  0  81  81  0  81  81  0  0  0  0  

0  81  81  0  0  0  0  0  0  0  81  0  0  0  0  0  0  0  0  0  81  0  0  0  0  0  0  0  0  81  0  0  0  81  81  81  0  81  0  0  0  0  0  0  0  81  0  81  81  0  0  81  0  0  81  81  0  0  0  0  0  81  0  81  81  81  0  81  0  81  81  81  81  81  81  81  0  81  81  0  

0  0  0  0  0  0  0  0  81  81  0  0  0  0  81  0  0  0  81  81  81  81  0  0  81  0  81  81  81  0  0  0  0  0  0  81  0  81  81  81  0  0  0  81  0  0  0  81  81  0  0  81  0  0  0  0  0  0  0  0  0  81  81  81  0  81  0  0  0  0  0  0  81  81  81  0  0  81  0  81  

81  0  0  81  0  0  0  81  0  0  81  0  81  0  0  0  0  0  81  81  0  81  0  81  0  81  0  0  81  0  81  81  0  0  0  81  0  81  0  81  0  0  0  0  0  81  0  0  0  81  0  0  0  0  0  81  81  81  0  0  0  0  0  0  0  81  0  0  81  81  0  81  81  81  81  0  81  0  0  0  

81  81  0  0  0  81  0  0  81  0  0  0  0  0  81  81  0  81  81  0  0  81  81  81  81  0  0  81  0  81  0  81  81  0  0  81  81  0  0  81  0  0  81  0  81  0  0  81  81  0  81  0  0  0  81  0  0  0  0  0  0  0  0  0  0  0  0  81  0  0  0  81  81  0  0  81  0  81  81  81  

0  0  81  81  0  81  81  0  0  0  0  0  81  81  81  81  0  0  0  0  81  0  81  0  0  0  0  0  81  81  0  0  0  81  0  81  0  81  81  81  0  81  81  0  0  81  0  0  81  81  0  81  0  0  0  81  0  0  81  81  0  0  0  81  0  0  0  81  81  0  0  0  0  0  81  0  81  0  0  81  

81  81  0  0  0  81  0  0  81  0  0  81  81  81  81  0  81  81  81  81  0  0  81  81  0  81  0  0  0  0  0  81  0  0  0  0  0  81  0  0  0  0  81  0  0  0  81  81  0  0  0  0  0  81  81  0  0  81  81  81  81  0  81  0  81  0  81  0  81  0  0  0  81  81  0  81  0  81  81  0  

0  0  0  0  0  0  0  81  81  0  81  81  81  0  0  0  81  0  81  81  81  0  0  0  81  0  0  81  81  0  0  81  0  0  0  0  81  0  0  0  0  81  0  0  0  0  0  0  0  0  0  81  81  0  0  0  81  0  81  81  81  81  0  0  81  0  0  81  81  0  81  0  81  0  0  81  0  81  81  0  

0  81  81  0  81  0  81  0  81  0  81  81  0  0  0  0  0  0  81  81  81  81  81  0  81  0  81  0  0  0  0  0  0  0  81  81  0  81  0  0  0  0  0  0  81  81  81  81  0  0  81  81  0  81  0  81  0  0  81  0  81  81  81  0  81  0  81  0  81  81  81  0  0  81  0  81  81  0  0  81  

UnPairedArc=
1 3 
1 4 
1 5 
1 6 
1 7 
1 13 
1 16 
1 24 
1 32 
1 33 
1 34 
1 35 
1 36 
1 39 
1 41 
1 49 
1 50 
1 53 
1 54 
1 55 
1 60 
1 61 
1 62 
1 69 
1 71 
1 75 
1 76 
1 78 
2 7 
2 8 
2 10 
2 14 
2 15 
2 17 
2 19 
2 22 
2 23 
2 27 
2 28 
2 41 
2 42 
2 44 
2 47 
2 48 
2 50 
2 51 
2 56 
2 57 
2 59 
2 62 
2 63 
2 65 
2 67 
2 70 
2 73 
2 76 
2 78 
2 80 
3 5 
3 6 
3 12 
3 14 
3 15 
3 16 
3 18 
3 19 
3 24 
3 25 
3 26 
3 31 
3 32 
3 33 
3 36 
3 37 
3 38 
3 39 
3 40 
3 41 
3 42 
3 45 
3 47 
3 51 
3 52 
3 57 
3 58 
3 60 
3 64 
3 68 
3 69 
3 70 
3 73 
3 77 
3 80 
4 5 
4 6 
4 7 
4 8 
4 11 
4 12 
4 14 
4 18 
4 21 
4 22 
4 23 
4 27 
4 35 
4 42 
4 45 
4 49 
4 51 
4 70 
4 71 
4 72 
4 75 
4 77 
5 11 
5 12 
5 17 
5 24 
5 25 
5 28 
5 33 
5 34 
5 35 
5 39 
5 41 
5 43 
5 44 
5 45 
5 47 
5 48 
5 49 
5 53 
5 57 
5 58 
5 62 
5 63 
5 66 
5 70 
5 80 
6 7 
6 9 
6 10 
6 15 
6 16 
6 22 
6 23 
6 24 
6 25 
6 29 
6 31 
6 36 
6 40 
6 41 
6 42 
6 47 
6 49 
6 50 
6 55 
6 56 
6 58 
6 61 
6 62 
6 68 
6 71 
6 76 
6 77 
6 78 
7 11 
7 13 
7 15 
7 17 
7 19 
7 21 
7 30 
7 36 
7 38 
7 39 
7 43 
7 46 
7 48 
7 49 
7 56 
7 59 
7 60 
7 68 
7 69 
7 72 
7 77 
7 80 
8 16 
8 19 
8 20 
8 21 
8 23 
8 24 
8 29 
8 30 
8 31 
8 36 
8 42 
8 46 
8 48 
8 50 
8 51 
8 54 
8 56 
8 59 
8 60 
8 62 
8 64 
8 65 
8 67 
8 68 
8 75 
8 79 
9 10 
9 13 
9 16 
9 18 
9 19 
9 21 
9 22 
9 29 
9 31 
9 33 
9 35 
9 36 
9 37 
9 39 
9 43 
9 45 
9 49 
9 54 
9 55 
9 61 
9 62 
9 65 
9 66 
9 69 
9 74 
9 76 
9 78 
9 79 
9 80 
10 12 
10 14 
10 18 
10 21 
10 22 
10 24 
10 28 
10 29 
10 30 
10 34 
10 35 
10 39 
10 40 
10 41 
10 51 
10 55 
10 59 
10 61 
10 65 
10 66 
10 68 
10 69 
10 70 
10 74 
11 14 
11 18 
11 20 
11 22 
11 27 
11 30 
11 36 
11 38 
11 44 
11 46 
11 49 
11 57 
11 58 
11 62 
11 63 
11 70 
11 73 
11 75 
11 79 
11 80 
12 21 
12 22 
12 28 
12 29 
12 30 
12 32 
12 33 
12 34 
12 35 
12 37 
12 43 
12 44 
12 46 
12 47 
12 49 
12 51 
12 57 
12 61 
12 64 
12 66 
12 67 
12 68 
12 69 
12 70 
12 78 
12 79 
12 80 
13 16 
13 21 
13 23 
13 29 
13 32 
13 45 
13 46 
13 47 
13 52 
13 53 
13 59 
13 60 
13 61 
13 66 
13 67 
13 72 
13 75 
13 77 
13 78 
13 79 
14 15 
14 17 
14 18 
14 19 
14 24 
14 25 
14 26 
14 29 
14 30 
14 31 
14 33 
14 34 
14 36 
14 37 
14 39 
14 40 
14 41 
14 45 
14 47 
14 48 
14 49 
14 52 
14 53 
14 54 
14 57 
14 59 
14 61 
14 62 
14 63 
14 64 
14 66 
14 67 
14 69 
14 70 
14 77 
14 78 
15 23 
15 28 
15 29 
15 31 
15 32 
15 33 
15 35 
15 37 
15 38 
15 39 
15 50 
15 53 
15 56 
15 57 
15 58 
15 59 
15 60 
15 62 
15 67 
15 69 
15 70 
15 71 
15 74 
15 76 
15 77 
15 78 
16 19 
16 20 
16 21 
16 22 
16 30 
16 31 
16 35 
16 37 
16 38 
16 41 
16 43 
16 44 
16 45 
16 46 
16 48 
16 52 
16 57 
16 62 
16 64 
16 65 
16 68 
16 76 
16 77 
17 20 
17 22 
17 26 
17 27 
17 29 
17 33 
17 34 
17 35 
17 36 
17 37 
17 38 
17 39 
17 40 
17 42 
17 43 
17 44 
17 45 
17 47 
17 50 
17 53 
17 54 
17 57 
17 58 
17 59 
17 60 
17 64 
17 65 
17 66 
17 67 
17 78 
17 79 
18 19 
18 21 
18 22 
18 23 
18 24 
18 28 
18 31 
18 32 
18 33 
18 35 
18 37 
18 38 
18 40 
18 42 
18 43 
18 44 
18 46 
18 47 
18 51 
18 53 
18 54 
18 55 
18 57 
18 58 
18 60 
18 61 
18 63 
18 65 
18 70 
18 76 
18 78 
19 20 
19 21 
19 24 
19 25 
19 26 
19 29 
19 34 
19 42 
19 48 
19 51 
19 52 
19 53 
19 54 
19 61 
19 62 
19 66 
19 67 
19 68 
19 70 
19 71 
19 74 
19 75 
19 76 
19 78 
19 79 
19 80 
20 22 
20 23 
20 25 
20 26 
20 28 
20 29 
20 34 
20 35 
20 36 
20 37 
20 38 
20 42 
20 43 
20 45 
20 47 
20 52 
20 57 
20 60 
20 61 
20 63 
20 64 
20 66 
20 68 
20 69 
20 70 
20 72 
20 74 
20 75 
20 78 
20 79 
20 80 
21 26 
21 31 
21 33 
21 35 
21 36 
21 37 
21 38 
21 39 
21 44 
21 45 
21 49 
21 50 
21 53 
21 54 
21 64 
21 66 
21 67 
21 73 
21 74 
21 77 
21 79 
21 80 
22 24 
22 29 
22 30 
22 31 
22 39 
22 40 
22 42 
22 44 
22 46 
22 47 
22 48 
22 49 
22 52 
22 55 
22 56 
22 57 
22 58 
22 60 
22 61 
22 63 
22 64 
22 66 
22 69 
22 72 
22 74 
22 75 
22 76 
22 80 
23 24 
23 30 
23 34 
23 35 
23 38 
23 40 
23 41 
23 43 
23 45 
23 47 
23 49 
23 50 
23 53 
23 54 
23 57 
23 60 
23 62 
23 63 
23 64 
23 65 
23 72 
23 76 
23 77 
23 78 
23 80 
24 29 
24 34 
24 36 
24 37 
24 39 
24 40 
24 43 
24 44 
24 45 
24 51 
24 52 
24 53 
24 55 
24 56 
24 58 
24 60 
24 65 
24 66 
24 69 
24 70 
24 71 
24 72 
24 75 
24 76 
24 78 
25 27 
25 29 
25 32 
25 35 
25 36 
25 37 
25 38 
25 40 
25 44 
25 52 
25 54 
25 58 
25 64 
25 68 
25 74 
25 76 
25 79 
25 80 
26 29 
26 30 
26 31 
26 34 
26 35 
26 38 
26 39 
26 40 
26 43 
26 45 
26 46 
26 47 
26 48 
26 49 
26 53 
26 54 
26 55 
26 56 
26 59 
26 62 
26 63 
26 67 
26 71 
26 72 
26 75 
26 78 
27 30 
27 37 
27 41 
27 42 
27 45 
27 48 
27 49 
27 52 
27 60 
27 67 
27 68 
27 69 
27 71 
27 74 
27 80 
28 31 
28 41 
28 42 
28 43 
28 46 
28 50 
28 53 
28 54 
28 58 
28 61 
28 62 
28 63 
28 66 
28 67 
28 69 
28 70 
28 72 
28 74 
28 76 
28 79 
29 30 
29 32 
29 33 
29 35 
29 36 
29 37 
29 40 
29 42 
29 43 
29 49 
29 51 
29 52 
29 59 
29 61 
29 66 
29 68 
29 71 
29 72 
29 74 
29 75 
29 77 
29 79 
30 43 
30 45 
30 49 
30 52 
30 53 
30 55 
30 56 
30 61 
30 63 
30 68 
30 71 
30 73 
30 76 
30 77 
31 32 
31 35 
31 36 
31 38 
31 47 
31 51 
31 53 
31 55 
31 56 
31 57 
31 62 
31 64 
31 65 
31 69 
31 75 
32 34 
32 35 
32 36 
32 40 
32 42 
32 44 
32 46 
32 48 
32 51 
32 52 
32 54 
32 61 
32 62 
32 63 
32 64 
32 66 
32 67 
32 69 
32 72 
32 75 
32 76 
32 78 
32 79 
33 34 
33 35 
33 36 
33 37 
33 39 
33 41 
33 45 
33 46 
33 50 
33 52 
33 53 
33 55 
33 56 
33 57 
33 60 
33 65 
33 76 
34 40 
34 47 
34 50 
34 52 
34 57 
34 61 
34 64 
34 65 
34 69 
34 73 
34 77 
35 36 
35 48 
35 49 
35 53 
35 55 
35 56 
35 58 
35 64 
35 65 
35 67 
35 73 
35 80 
36 37 
36 40 
36 41 
36 44 
36 47 
36 48 
36 51 
36 55 
36 61 
36 62 
36 63 
36 64 
36 66 
36 68 
36 70 
36 73 
36 74 
36 75 
36 76 
36 77 
36 80 
37 40 
37 51 
37 52 
37 53 
37 58 
37 59 
37 63 
37 65 
37 66 
37 67 
37 68 
37 70 
37 76 
37 79 
38 41 
38 44 
38 48 
38 50 
38 51 
38 55 
38 62 
38 63 
38 67 
38 68 
38 70 
38 72 
38 73 
38 74 
38 75 
38 77 
38 78 
38 80 
39 41 
39 42 
39 45 
39 48 
39 50 
39 51 
39 52 
39 53 
39 58 
39 60 
39 62 
39 63 
39 64 
39 65 
39 67 
39 69 
39 74 
39 77 
40 41 
40 42 
40 43 
40 49 
40 53 
40 55 
40 56 
40 58 
40 59 
40 61 
40 63 
40 64 
40 66 
40 67 
40 68 
40 74 
40 75 
40 76 
40 77 
41 42 
41 44 
41 48 
41 50 
41 55 
41 58 
41 61 
41 62 
41 68 
41 70 
41 72 
42 44 
42 45 
42 48 
42 49 
42 53 
42 54 
42 56 
42 58 
42 59 
42 61 
42 68 
42 71 
42 77 
42 79 
43 44 
43 46 
43 49 
43 54 
43 55 
43 56 
43 57 
43 59 
43 63 
43 64 
43 65 
43 70 
43 72 
43 76 
43 77 
43 78 
44 48 
44 50 
44 51 
44 53 
44 54 
44 55 
44 58 
44 59 
44 66 
44 67 
44 69 
44 71 
44 74 
45 46 
45 47 
45 48 
45 49 
45 50 
45 53 
45 55 
45 57 
45 58 
45 65 
45 69 
45 71 
45 76 
45 80 
46 48 
46 51 
46 53 
46 56 
46 59 
46 65 
46 67 
46 68 
46 69 
46 71 
46 72 
46 73 
46 75 
46 77 
46 80 
47 55 
47 56 
47 65 
47 66 
47 67 
47 68 
47 70 
47 78 
47 80 
48 49 
48 50 
48 51 
48 53 
48 55 
48 56 
48 63 
48 64 
48 69 
48 70 
48 71 
48 73 
48 74 
48 76 
48 78 
48 80 
49 51 
49 53 
49 57 
49 60 
49 62 
49 63 
49 65 
49 66 
49 67 
49 69 
49 71 
49 72 
49 73 
49 74 
49 76 
49 77 
50 54 
50 57 
50 58 
50 60 
50 61 
50 64 
50 65 
50 70 
50 71 
50 75 
50 77 
51 52 
51 57 
51 60 
51 62 
51 64 
51 67 
51 68 
51 69 
51 70 
51 76 
51 80 
52 53 
52 54 
52 58 
52 59 
52 62 
52 64 
52 66 
52 72 
52 73 
52 74 
52 77 
52 79 
52 80 
53 54 
53 58 
53 60 
53 62 
53 64 
53 71 
53 72 
53 79 
54 59 
54 61 
54 66 
54 67 
54 68 
54 69 
54 70 
54 72 
54 78 
54 80 
55 56 
55 57 
55 58 
55 59 
55 60 
55 62 
55 65 
55 66 
55 69 
55 70 
55 73 
55 76 
55 78 
56 57 
56 58 
56 59 
56 60 
56 61 
56 65 
56 66 
56 68 
56 72 
56 73 
56 75 
56 77 
56 80 
57 58 
57 59 
57 63 
57 64 
57 70 
57 72 
57 75 
57 79 
58 64 
58 65 
58 69 
58 72 
58 75 
58 78 
59 60 
59 61 
59 65 
59 66 
59 67 
59 72 
59 77 
59 78 
59 79 
59 80 
60 63 
60 64 
60 68 
60 71 
60 72 
60 77 
60 78 
60 79 
61 66 
61 69 
61 71 
61 72 
61 78 
61 79 
61 80 
62 63 
62 64 
62 65 
62 69 
62 70 
62 72 
62 73 
62 74 
62 79 
62 80 
63 74 
63 78 
63 80 
64 67 
64 69 
64 72 
64 73 
64 74 
64 77 
65 73 
65 78 
65 79 
65 80 
66 69 
66 70 
66 72 
66 73 
66 74 
66 75 
67 69 
67 78 
67 80 
68 69 
68 72 
68 73 
68 76 
68 77 
68 79 
69 71 
69 75 
69 77 
69 78 
69 79 
69 80 
70 72 
70 73 
70 75 
70 80 
71 73 
71 79 
71 80 
72 73 
72 75 
72 76 
73 74 
73 75 
73 76 
73 78 
73 79 
74 75 
74 78 
74 80 
75 77 
76 78 
76 79 
76 80 
77 80 
78 79 
