nNodes=40;
 nPairs=297;
Cost=

41  0  0  0  0  0  41  0  0  0  41  0  41  0  41  0  0  0  0  0  0  0  41  41  0  0  0  0  0  41  0  41  41  41  0  41  0  0  0  0  

0  41  0  41  0  41  41  0  0  0  41  0  0  0  0  0  41  41  41  41  41  0  41  41  0  0  0  0  0  0  41  0  0  41  41  0  0  0  41  0  

0  0  41  0  41  0  0  41  0  0  0  0  0  0  41  41  0  0  41  41  0  41  41  0  0  41  0  0  0  0  0  41  0  41  0  41  0  41  0  0  

0  41  0  41  0  41  41  41  41  41  0  0  41  0  0  0  0  41  41  41  41  0  41  41  41  0  0  0  0  0  41  0  41  0  41  41  0  41  41  41  

0  0  41  0  41  41  0  0  41  0  0  0  0  0  0  0  0  0  0  0  0  0  41  0  41  0  0  0  0  41  0  0  0  0  0  0  0  41  41  0  

0  41  0  41  41  41  0  0  41  41  0  0  41  0  0  41  0  0  0  0  41  0  0  0  0  0  41  0  0  41  41  41  41  0  41  41  0  41  0  41  

41  41  0  41  0  0  41  0  0  0  0  0  41  41  0  0  0  0  0  0  0  0  41  41  0  41  0  0  0  41  0  0  0  0  0  41  0  41  41  0  

0  0  41  41  0  0  0  41  0  0  41  41  0  41  41  0  41  0  0  41  0  0  41  0  41  0  0  0  0  41  0  0  0  0  0  41  41  41  0  0  

0  0  0  41  41  41  0  0  41  0  0  0  41  0  0  41  41  41  41  41  0  0  41  0  0  41  41  41  41  41  0  0  41  41  41  0  41  0  0  0  

0  0  0  41  0  41  0  0  0  41  0  0  41  0  0  0  0  0  41  0  0  0  41  0  0  41  0  0  0  0  0  41  41  41  41  41  0  0  0  0  

41  41  0  0  0  0  0  41  0  0  41  41  0  41  41  41  0  0  0  0  41  41  0  0  0  41  0  0  0  0  0  0  41  0  41  41  41  0  0  0  

0  0  0  0  0  0  0  41  0  0  41  41  41  0  0  0  0  41  0  0  0  41  0  0  41  0  41  41  0  41  0  0  41  41  0  41  0  0  0  41  

41  0  0  41  0  41  41  0  41  41  0  41  41  41  41  41  41  41  0  41  0  0  0  0  41  0  41  0  41  0  41  0  41  0  0  0  0  41  0  41  

0  0  0  0  0  0  41  41  0  0  41  0  41  41  0  41  41  0  0  41  0  41  0  0  41  0  0  41  0  41  41  0  41  41  0  41  41  0  0  0  

41  0  41  0  0  0  0  41  0  0  41  0  41  0  41  0  41  41  0  41  41  0  41  0  41  41  0  0  0  0  0  0  0  0  41  41  0  41  0  0  

0  0  41  0  0  41  0  0  41  0  41  0  41  41  0  41  0  41  0  0  0  41  41  41  41  0  41  0  0  41  41  41  41  41  41  0  0  0  0  41  

0  41  0  0  0  0  0  41  41  0  0  0  41  41  41  0  41  41  41  0  0  0  0  0  0  41  0  41  0  41  41  0  0  41  0  41  0  41  0  0  

0  41  0  41  0  0  0  0  41  0  0  41  41  0  41  41  41  41  41  41  41  41  0  41  41  41  0  41  0  0  41  41  0  0  41  0  41  41  0  0  

0  41  41  41  0  0  0  0  41  41  0  0  0  0  0  0  41  41  41  41  41  41  0  0  41  0  0  0  0  0  0  0  0  0  0  0  0  0  41  0  

0  41  41  41  0  0  0  41  41  0  0  0  41  41  41  0  0  41  41  41  0  0  0  0  41  41  0  0  41  0  0  41  41  0  0  0  0  0  0  0  

0  41  0  41  0  41  0  0  0  0  41  0  0  0  41  0  0  41  41  0  41  41  0  41  0  0  0  0  41  0  41  41  41  41  41  41  0  41  41  41  

0  0  41  0  0  0  0  0  0  0  41  41  0  41  0  41  0  41  41  0  41  41  41  41  0  0  0  0  0  41  0  0  0  0  0  0  0  0  0  0  

41  41  41  41  41  0  41  41  41  41  0  0  0  0  41  41  0  0  0  0  0  41  41  0  0  41  41  0  0  0  0  41  0  0  0  0  0  0  0  41  

41  41  0  41  0  0  41  0  0  0  0  0  0  0  0  41  0  41  0  0  41  41  0  41  0  0  41  41  0  41  41  0  0  41  41  0  0  0  0  0  

0  0  0  41  41  0  0  41  0  0  0  41  41  41  41  41  0  41  41  41  0  0  0  0  41  41  0  0  0  41  0  41  0  0  0  41  41  0  41  0  

0  0  41  0  0  0  41  0  41  41  41  0  0  0  41  0  41  41  0  41  0  0  41  0  41  41  0  0  0  0  0  0  0  0  41  0  0  41  0  41  

0  0  0  0  0  41  0  0  41  0  0  41  41  0  0  41  0  0  0  0  0  0  41  41  0  0  41  0  0  0  0  0  41  41  41  0  0  41  0  0  

0  0  0  0  0  0  0  0  41  0  0  41  0  41  0  0  41  41  0  0  0  0  0  41  0  0  0  41  0  41  0  41  41  41  0  41  0  41  41  41  

0  0  0  0  0  0  0  0  41  0  0  0  41  0  0  0  0  0  0  41  41  0  0  0  0  0  0  0  41  0  0  0  0  0  41  0  41  0  41  0  

41  0  0  0  41  41  41  41  41  0  0  41  0  41  0  41  41  0  0  0  0  41  0  41  41  0  0  41  0  41  41  0  0  41  41  41  41  0  41  41  

0  41  0  41  0  41  0  0  0  0  0  0  41  41  0  41  41  41  0  0  41  0  0  41  0  0  0  0  0  41  41  41  41  0  0  0  0  0  41  41  

41  0  41  0  0  41  0  0  0  41  0  0  0  0  0  41  0  41  0  41  41  0  41  0  41  0  0  41  0  0  41  41  0  41  0  41  0  0  0  0  

41  0  0  41  0  41  0  0  41  41  41  41  41  41  0  41  0  0  0  41  41  0  0  0  0  0  41  41  0  0  41  0  41  0  0  0  41  0  0  0  

41  41  41  0  0  0  0  0  41  41  0  41  0  41  0  41  41  0  0  0  41  0  0  41  0  0  41  41  0  41  0  41  0  41  0  0  0  0  0  0  

0  41  0  41  0  41  0  0  41  41  41  0  0  0  41  41  0  41  0  0  41  0  0  41  0  41  41  0  41  41  0  0  0  0  41  0  0  41  41  0  

41  0  41  41  0  41  41  41  0  41  41  41  0  41  41  0  41  0  0  0  41  0  0  0  41  0  0  41  0  41  0  41  0  0  0  41  0  0  0  41  

0  0  0  0  0  0  0  41  41  0  41  0  0  41  0  0  0  41  0  0  0  0  0  0  41  0  0  0  41  41  0  0  41  0  0  0  41  41  0  0  

0  0  41  41  41  41  41  41  0  0  0  0  41  0  41  0  41  41  0  0  41  0  0  0  0  41  41  41  0  0  0  0  0  0  41  0  41  41  41  41  

0  41  0  41  41  0  41  0  0  0  0  0  0  0  0  0  0  0  41  0  41  0  0  0  41  0  0  41  41  41  41  0  0  0  41  0  0  41  41  0  

0  0  0  41  0  41  0  0  0  0  0  41  41  0  0  41  0  0  0  0  41  0  41  0  0  41  0  41  0  41  41  0  0  0  0  41  0  41  0  41  

UnPairedArc=
1 7 
1 11 
1 13 
1 15 
1 23 
1 24 
1 30 
1 32 
1 33 
1 34 
1 36 
2 4 
2 6 
2 7 
2 11 
2 17 
2 18 
2 19 
2 20 
2 21 
2 23 
2 24 
2 31 
2 34 
2 35 
2 39 
3 5 
3 8 
3 15 
3 16 
3 19 
3 20 
3 22 
3 23 
3 26 
3 32 
3 34 
3 36 
3 38 
4 6 
4 7 
4 8 
4 9 
4 10 
4 13 
4 18 
4 19 
4 20 
4 21 
4 23 
4 24 
4 25 
4 31 
4 33 
4 35 
4 36 
4 38 
4 39 
4 40 
5 6 
5 9 
5 23 
5 25 
5 30 
5 38 
5 39 
6 9 
6 10 
6 13 
6 16 
6 21 
6 27 
6 30 
6 31 
6 32 
6 33 
6 35 
6 36 
6 38 
6 40 
7 13 
7 14 
7 23 
7 24 
7 26 
7 30 
7 36 
7 38 
7 39 
8 11 
8 12 
8 14 
8 15 
8 17 
8 20 
8 23 
8 25 
8 30 
8 36 
8 37 
8 38 
9 13 
9 16 
9 17 
9 18 
9 19 
9 20 
9 23 
9 26 
9 27 
9 28 
9 29 
9 30 
9 33 
9 34 
9 35 
9 37 
10 13 
10 19 
10 23 
10 26 
10 32 
10 33 
10 34 
10 35 
10 36 
11 12 
11 14 
11 15 
11 16 
11 21 
11 22 
11 26 
11 33 
11 35 
11 36 
11 37 
12 13 
12 18 
12 22 
12 25 
12 27 
12 28 
12 30 
12 33 
12 34 
12 36 
12 40 
13 14 
13 15 
13 16 
13 17 
13 18 
13 20 
13 25 
13 27 
13 29 
13 31 
13 33 
13 38 
13 40 
14 16 
14 17 
14 20 
14 22 
14 25 
14 28 
14 30 
14 31 
14 33 
14 34 
14 36 
14 37 
15 17 
15 18 
15 20 
15 21 
15 23 
15 25 
15 26 
15 35 
15 36 
15 38 
16 18 
16 22 
16 23 
16 24 
16 25 
16 27 
16 30 
16 31 
16 32 
16 33 
16 34 
16 35 
16 40 
17 18 
17 19 
17 26 
17 28 
17 30 
17 31 
17 34 
17 36 
17 38 
18 19 
18 20 
18 21 
18 22 
18 24 
18 25 
18 26 
18 28 
18 31 
18 32 
18 35 
18 37 
18 38 
19 20 
19 21 
19 22 
19 25 
19 39 
20 25 
20 26 
20 29 
20 32 
20 33 
21 22 
21 24 
21 29 
21 31 
21 32 
21 33 
21 34 
21 35 
21 36 
21 38 
21 39 
21 40 
22 23 
22 24 
22 30 
23 26 
23 27 
23 32 
23 40 
24 27 
24 28 
24 30 
24 31 
24 34 
24 35 
25 26 
25 30 
25 32 
25 36 
25 37 
25 39 
26 35 
26 38 
26 40 
27 33 
27 34 
27 35 
27 38 
28 30 
28 32 
28 33 
28 34 
28 36 
28 38 
28 39 
28 40 
29 35 
29 37 
29 39 
30 31 
30 34 
30 35 
30 36 
30 37 
30 39 
30 40 
31 32 
31 33 
31 39 
31 40 
32 34 
32 36 
33 37 
35 38 
35 39 
36 40 
37 38 
38 39 
38 40 
