nNodes=60;
 nPairs=1027;
Cost=

61  61  61  61  0  61  0  0  0  61  61  61  61  61  0  0  0  0  61  0  61  0  0  61  0  61  61  61  0  61  61  61  61  61  61  61  61  61  61  61  61  0  0  61  0  61  0  0  0  61  0  0  0  61  61  61  61  61  61  0  

61  61  61  61  61  61  0  61  0  61  61  61  61  0  61  0  0  61  0  0  61  61  61  61  61  61  61  0  61  61  0  61  61  61  0  61  61  0  61  61  61  0  61  0  61  0  61  0  0  61  61  61  61  0  61  61  0  61  0  61  

61  61  61  0  0  0  61  61  61  61  61  61  0  61  0  61  0  61  61  0  0  0  61  0  61  61  61  61  0  0  61  61  0  61  61  0  61  61  61  0  61  61  0  61  61  61  61  61  61  0  61  0  61  0  61  0  0  0  61  0  

61  61  0  61  0  61  61  61  61  61  61  61  61  61  61  61  61  61  0  61  61  61  61  61  61  61  0  0  61  61  0  0  0  61  61  61  61  61  0  61  61  61  61  0  61  0  61  0  61  61  0  61  0  0  61  0  61  61  0  61  

0  61  0  0  61  61  61  61  61  0  61  0  61  0  61  0  0  61  61  61  0  61  0  61  61  0  0  0  61  0  61  0  0  61  0  0  61  0  0  61  61  61  0  61  61  61  0  61  61  61  0  0  0  61  61  61  61  0  61  0  

61  61  0  61  61  61  0  0  61  0  61  61  0  0  0  0  0  0  61  61  61  0  0  61  0  61  0  61  61  0  0  61  61  61  61  61  61  0  0  0  61  0  0  0  61  61  61  61  0  0  61  0  61  61  61  0  0  61  61  61  

0  0  61  61  61  0  61  0  0  61  0  61  61  61  61  0  0  61  0  61  61  61  61  0  61  0  61  61  61  61  61  0  0  61  0  0  61  0  61  61  0  61  0  61  61  61  61  61  0  0  61  0  0  61  0  61  0  0  61  61  

0  61  61  61  61  0  0  61  0  0  0  0  61  0  61  0  0  61  0  0  0  61  0  61  61  0  61  61  0  61  61  61  61  61  0  61  61  0  61  61  61  61  0  61  61  0  0  61  61  61  61  61  61  61  61  0  61  0  0  0  

0  0  61  61  61  61  0  0  61  61  0  61  61  61  61  61  0  61  61  61  0  61  61  0  61  0  61  0  61  0  61  61  61  0  61  61  61  0  0  61  61  61  61  61  0  0  0  0  0  0  61  61  61  61  61  61  0  0  61  0  

61  61  61  61  0  0  61  0  61  61  61  0  0  61  61  0  0  61  61  61  0  0  61  0  0  0  0  61  0  61  61  61  61  61  61  0  61  0  61  0  61  0  61  61  0  0  0  0  61  61  0  0  61  0  61  61  0  0  61  61  

61  61  61  61  61  61  0  0  0  61  61  0  0  61  61  0  61  61  61  61  61  61  61  61  61  61  0  61  0  0  61  0  61  61  61  61  0  0  61  61  61  61  0  61  0  61  61  0  61  0  61  0  0  61  61  0  0  0  0  61  

61  61  61  61  0  61  61  0  61  0  0  61  61  0  0  0  61  61  61  61  61  0  0  61  0  61  0  61  0  0  61  0  61  0  0  0  0  0  0  61  61  0  61  0  0  61  61  61  61  0  0  0  61  0  61  61  61  61  61  61  

61  61  0  61  61  0  61  61  61  0  0  61  61  61  0  61  0  0  0  61  61  0  0  0  61  0  0  61  0  0  0  61  61  0  61  61  0  61  61  61  61  61  0  61  0  0  61  0  0  0  0  61  0  0  0  0  61  61  61  61  

61  0  61  61  0  0  61  0  61  61  61  0  61  61  61  61  61  61  0  61  61  0  61  0  0  61  61  61  61  61  0  0  61  0  61  61  61  0  61  61  0  61  61  61  61  61  0  61  0  61  0  0  0  0  0  0  0  61  0  0  

0  61  0  61  61  0  61  61  61  61  61  0  0  61  61  61  61  61  0  61  61  0  0  61  0  61  0  61  61  0  61  61  0  61  0  61  61  0  61  61  61  61  61  0  0  61  61  0  0  61  61  0  0  61  0  0  0  0  61  61  

0  0  61  61  0  0  0  0  61  0  0  0  61  61  61  61  0  61  61  61  0  0  61  0  61  0  61  61  0  0  0  0  61  61  61  61  0  61  0  0  0  61  0  0  61  0  61  61  0  0  61  0  61  61  61  61  61  61  61  61  

0  0  0  61  0  0  0  0  0  0  61  61  0  61  61  0  61  61  0  61  61  0  61  61  61  61  0  0  61  61  61  0  0  61  61  61  61  61  61  0  0  0  61  61  61  61  0  61  61  61  0  0  0  61  61  61  0  0  0  61  

0  61  61  61  61  0  61  61  61  61  61  61  0  61  61  61  61  61  61  0  61  61  61  0  0  61  0  0  61  61  0  0  61  61  61  0  0  0  0  61  61  61  0  61  61  61  0  0  0  61  61  0  0  61  61  61  0  61  0  61  

61  0  61  0  61  61  0  0  61  61  61  61  0  0  0  61  0  61  61  61  0  61  0  61  0  0  0  61  0  0  0  61  61  0  61  0  61  61  61  61  61  0  0  61  0  61  61  61  0  61  61  0  0  0  61  61  0  61  61  0  

0  0  0  61  61  61  61  0  61  61  61  61  61  61  61  61  61  0  61  61  61  61  0  0  0  61  61  61  0  61  0  0  0  0  0  0  0  61  0  0  0  61  0  61  61  61  0  0  61  61  61  61  0  0  61  61  0  61  61  61  

61  61  0  61  0  61  61  0  0  0  61  61  61  61  61  0  61  61  0  61  61  0  0  61  61  61  61  61  0  61  0  61  0  0  61  61  61  61  0  0  61  61  61  61  61  61  61  61  61  61  0  0  0  0  0  0  0  61  61  61  

0  61  0  61  61  0  61  61  61  0  61  0  0  0  0  0  0  61  61  61  0  61  0  61  61  0  0  61  61  61  0  0  0  61  61  0  0  0  61  0  0  0  0  61  0  61  61  61  61  61  0  0  0  61  61  61  61  0  61  61  

0  61  61  61  0  0  61  0  61  61  61  0  0  61  0  61  61  61  0  0  0  0  61  0  61  61  0  61  61  61  0  0  0  0  0  0  61  61  61  61  61  0  61  61  0  61  61  61  0  61  61  61  61  61  0  0  61  0  61  61  

61  61  0  61  61  61  0  61  0  0  61  61  0  0  61  0  61  0  61  0  61  61  0  61  61  0  61  61  61  0  61  61  0  61  61  61  0  61  0  61  61  61  0  0  0  61  0  0  0  61  0  0  61  61  61  61  0  0  61  0  

0  61  61  61  61  0  61  61  61  0  61  0  61  0  0  61  61  0  0  0  61  61  61  61  61  0  0  61  0  0  0  0  61  0  61  61  0  61  0  0  0  0  61  0  0  0  0  0  61  0  61  0  0  0  61  0  61  61  61  61  

61  61  61  61  0  61  0  0  0  0  61  61  0  61  61  0  61  61  0  61  61  0  61  0  0  61  0  61  61  61  61  61  0  61  0  61  61  0  61  61  61  0  61  61  0  0  0  61  61  61  61  61  61  61  0  0  61  61  61  61  

61  61  61  0  0  0  61  61  61  0  0  0  0  61  0  61  0  0  0  61  61  0  0  61  0  0  61  0  0  0  0  0  0  61  61  61  0  0  61  61  0  61  0  61  61  61  0  0  0  61  0  0  61  0  61  0  61  61  0  61  

61  0  61  0  0  61  61  61  0  61  61  61  61  61  61  61  0  0  61  61  61  61  61  61  61  61  0  61  0  0  61  0  61  0  61  61  61  61  0  61  0  61  61  61  61  61  61  61  0  61  61  61  61  61  0  0  61  61  61  61  

0  61  0  61  61  61  61  0  61  0  0  0  0  61  61  0  61  61  0  0  0  61  61  61  0  61  0  0  61  0  0  61  61  61  0  0  61  61  61  61  61  61  61  0  61  61  61  61  0  0  0  0  61  61  61  61  61  0  61  61  

61  61  0  61  0  0  61  61  0  61  0  0  0  61  0  0  61  61  0  61  61  61  61  0  0  61  0  0  0  61  61  0  0  61  61  61  61  0  61  0  0  61  0  0  61  61  0  0  0  0  61  61  0  61  61  0  0  61  0  61  

61  0  61  0  61  0  61  61  61  61  61  61  0  0  61  0  61  0  0  0  0  0  0  61  0  61  0  61  0  61  61  0  0  0  0  0  0  0  0  61  0  0  61  61  61  61  0  61  61  61  61  0  61  61  61  61  0  61  61  61  

61  61  61  0  0  61  0  61  61  61  0  0  61  0  61  0  0  0  61  0  61  0  0  61  0  61  0  0  61  0  0  61  61  61  61  61  61  61  61  0  0  0  61  61  61  0  61  61  0  0  0  0  0  61  0  0  0  0  61  0  

61  61  0  0  0  61  0  61  61  61  61  61  61  61  0  61  0  61  61  0  0  0  0  0  61  0  0  61  61  0  0  61  61  61  0  0  61  0  0  61  61  61  0  61  61  61  61  0  0  61  61  0  0  0  0  61  61  0  61  61  

61  61  61  61  61  61  61  61  0  61  61  0  0  0  61  61  61  61  0  0  0  61  0  61  0  61  61  0  61  61  0  61  61  61  61  0  0  0  61  0  61  61  0  61  61  0  61  61  0  61  0  61  0  0  0  0  61  0  61  61  

61  0  61  61  0  61  0  0  61  61  61  0  61  61  0  61  61  61  61  0  61  61  0  61  61  0  61  61  0  61  0  61  0  61  61  61  61  0  61  61  61  61  61  0  61  61  61  61  0  61  0  61  0  0  61  0  0  61  61  0  

61  61  0  61  0  61  0  61  61  0  61  0  61  61  61  61  61  0  0  0  61  0  0  61  61  61  61  61  0  61  0  61  0  0  61  61  0  0  61  0  61  61  61  0  0  0  61  61  61  61  0  0  0  61  0  0  61  61  61  61  

61  61  61  61  61  61  61  61  61  61  0  0  0  61  61  0  61  0  61  0  61  0  61  0  0  61  0  61  61  61  0  61  61  0  61  0  61  0  61  0  61  61  0  61  0  61  0  0  0  61  61  61  61  61  0  0  61  61  61  0  

61  0  61  61  0  0  0  0  0  0  0  0  61  0  0  61  61  0  61  61  61  0  61  61  61  0  0  61  61  0  0  61  0  0  0  0  0  61  0  61  61  61  0  0  0  61  61  61  61  61  61  61  61  0  61  0  61  0  61  61  

61  61  61  0  0  0  61  61  0  61  61  0  61  61  61  0  61  0  61  0  0  61  61  0  0  61  61  0  61  61  0  61  0  61  61  61  61  0  61  61  0  0  61  0  61  0  61  0  0  0  61  0  0  61  61  61  0  0  0  0  

61  61  0  61  61  0  61  61  61  0  61  61  61  61  61  0  0  61  61  0  0  0  61  61  0  61  61  61  61  0  61  0  61  0  61  0  0  61  61  61  61  61  61  0  0  61  0  0  0  61  61  0  0  61  0  0  0  61  0  61  

61  61  61  61  61  61  0  61  61  61  61  61  61  0  61  0  0  61  61  0  61  0  61  61  0  61  0  0  61  0  0  0  61  61  61  61  61  61  0  61  61  61  0  61  61  61  61  61  61  0  61  61  0  61  0  61  61  0  61  61  

0  0  61  61  61  0  61  61  61  0  61  0  61  61  61  61  0  61  0  61  61  0  0  61  0  0  61  61  61  61  0  0  61  61  61  61  61  61  0  61  61  61  61  61  0  0  61  61  61  61  0  0  61  0  61  61  0  0  61  61  

0  61  0  61  0  0  0  0  61  61  0  61  0  61  61  0  61  0  0  0  61  0  61  0  61  61  0  61  61  0  61  61  0  0  61  61  0  0  61  61  0  61  61  61  0  61  61  0  61  61  0  61  0  61  61  0  0  61  0  61  

61  0  61  0  61  0  61  61  61  61  61  0  61  61  0  0  61  61  61  61  61  61  61  0  0  61  61  61  0  0  61  61  61  61  0  0  61  0  0  0  61  61  61  61  61  0  0  61  0  0  61  61  0  0  61  0  61  0  61  0  

0  61  61  61  61  61  61  61  0  0  0  0  0  61  0  61  61  61  0  61  61  0  0  0  0  0  61  61  61  61  61  61  61  61  61  0  0  0  61  0  61  0  0  61  61  61  0  61  61  61  0  61  0  61  61  61  61  0  0  61  

61  0  61  0  61  61  61  0  0  0  61  61  0  61  61  0  61  61  61  61  61  61  61  61  0  0  61  61  61  61  61  0  61  0  61  0  61  61  0  61  61  0  61  0  61  61  61  61  0  0  0  0  61  0  0  61  0  61  0  61  

0  61  61  61  0  61  61  0  0  0  61  61  61  0  61  61  0  0  61  0  61  61  61  0  0  0  0  61  61  0  0  61  61  61  61  61  0  61  61  0  61  61  61  0  0  61  61  61  0  61  61  61  61  0  0  61  61  61  0  61  

0  0  61  0  61  61  61  61  0  0  0  61  0  61  0  61  61  0  61  0  61  61  61  0  0  61  0  61  61  0  61  61  0  61  61  61  0  61  0  0  61  61  0  61  61  61  61  61  61  0  61  61  61  61  61  61  61  0  0  61  

0  0  61  61  61  0  0  61  0  61  61  61  0  0  0  0  61  0  0  61  61  61  0  0  61  61  0  0  0  0  61  0  0  0  0  61  0  61  0  0  61  61  61  0  61  0  0  61  61  0  61  61  0  61  0  61  61  0  0  0  

61  61  0  61  61  0  0  61  0  61  0  0  0  61  61  0  61  61  61  61  61  61  61  61  0  61  61  61  0  0  61  0  61  61  61  61  61  61  0  61  0  61  61  0  61  0  61  0  0  61  0  61  61  0  61  0  61  61  0  61  

0  61  61  0  0  61  61  61  61  0  61  0  0  0  61  61  0  61  61  61  0  0  61  0  61  61  0  61  0  61  61  0  61  0  0  0  61  61  61  61  61  0  0  61  0  0  61  61  61  0  61  0  61  61  61  61  61  61  0  61  

0  61  0  61  0  0  0  61  61  0  0  0  61  0  0  0  0  0  0  61  0  0  61  0  0  61  0  61  0  61  0  0  0  61  61  0  61  61  0  0  61  0  61  61  61  0  61  61  61  61  0  61  61  61  0  61  61  61  61  61  

0  61  61  0  0  61  0  61  61  61  0  61  0  0  0  61  0  0  0  0  0  0  61  61  0  61  61  61  61  0  61  0  0  0  0  0  61  61  0  0  0  61  0  0  0  61  61  61  0  61  61  61  61  61  61  61  61  61  61  0  

61  0  0  0  61  61  61  61  61  0  61  0  0  0  61  61  61  61  0  0  0  61  61  61  0  61  0  61  61  61  61  61  0  0  0  61  61  0  61  61  61  0  61  0  61  0  0  61  61  0  61  61  61  61  61  0  61  61  61  61  

61  61  61  61  61  61  0  61  61  61  61  61  0  0  0  61  61  61  61  61  0  61  0  61  61  0  61  0  61  61  61  0  0  0  61  0  0  61  61  0  0  61  61  61  61  0  0  61  0  61  61  0  61  61  61  61  61  61  61  61  

61  61  0  0  61  0  61  0  61  61  0  61  0  0  0  61  61  61  61  61  0  61  0  61  0  0  0  0  61  0  61  0  61  0  0  0  0  0  61  0  61  61  0  0  61  61  61  61  61  0  61  61  61  0  61  61  61  0  61  61  

61  0  0  61  61  0  0  61  0  0  0  61  61  0  0  61  0  0  0  0  0  61  61  0  61  61  61  61  61  0  0  0  61  61  0  61  61  61  0  0  61  0  0  61  61  0  61  61  61  61  61  61  61  61  61  61  61  61  61  0  

61  61  0  61  0  61  0  0  0  0  0  61  61  61  0  61  0  61  61  61  61  0  0  0  61  61  61  61  0  61  61  0  0  0  61  61  61  0  0  61  0  0  61  0  0  61  61  0  0  61  61  61  61  61  61  0  61  61  0  61  

61  0  61  0  61  61  61  0  61  61  0  61  61  0  61  61  0  0  61  61  61  61  61  61  61  61  0  61  61  0  61  61  61  61  61  61  61  61  0  0  61  61  0  61  0  0  0  0  0  0  0  61  61  61  61  61  61  0  61  61  

0  61  0  61  0  61  61  0  0  61  61  61  61  0  61  61  61  61  0  61  61  61  61  0  61  61  61  61  61  61  61  0  61  61  0  61  0  61  0  61  61  61  61  0  61  61  61  61  0  61  61  61  0  61  61  61  0  61  61  61  

UnPairedArc=
1 2 
1 3 
1 4 
1 6 
1 10 
1 11 
1 12 
1 13 
1 14 
1 19 
1 21 
1 24 
1 26 
1 27 
1 28 
1 30 
1 31 
1 32 
1 33 
1 34 
1 35 
1 36 
1 37 
1 38 
1 39 
1 40 
1 41 
1 44 
1 46 
1 50 
1 54 
1 55 
1 56 
1 57 
1 58 
1 59 
2 3 
2 4 
2 5 
2 6 
2 8 
2 10 
2 11 
2 12 
2 13 
2 15 
2 18 
2 21 
2 22 
2 23 
2 24 
2 25 
2 26 
2 27 
2 29 
2 30 
2 32 
2 33 
2 34 
2 36 
2 37 
2 39 
2 40 
2 41 
2 43 
2 45 
2 47 
2 50 
2 51 
2 52 
2 53 
2 55 
2 56 
2 58 
2 60 
3 7 
3 8 
3 9 
3 10 
3 11 
3 12 
3 14 
3 16 
3 18 
3 19 
3 23 
3 25 
3 26 
3 27 
3 28 
3 31 
3 32 
3 34 
3 35 
3 37 
3 38 
3 39 
3 41 
3 42 
3 44 
3 45 
3 46 
3 47 
3 48 
3 49 
3 51 
3 53 
3 55 
3 59 
4 6 
4 7 
4 8 
4 9 
4 10 
4 11 
4 12 
4 13 
4 14 
4 15 
4 16 
4 17 
4 18 
4 20 
4 21 
4 22 
4 23 
4 24 
4 25 
4 26 
4 29 
4 30 
4 34 
4 35 
4 36 
4 37 
4 38 
4 40 
4 41 
4 42 
4 43 
4 45 
4 47 
4 49 
4 50 
4 52 
4 55 
4 57 
4 58 
4 60 
5 6 
5 7 
5 8 
5 9 
5 11 
5 13 
5 15 
5 18 
5 19 
5 20 
5 22 
5 24 
5 25 
5 29 
5 31 
5 34 
5 37 
5 40 
5 41 
5 42 
5 44 
5 45 
5 46 
5 48 
5 49 
5 50 
5 54 
5 55 
5 56 
5 57 
5 59 
6 9 
6 11 
6 12 
6 19 
6 20 
6 21 
6 24 
6 26 
6 28 
6 29 
6 32 
6 33 
6 34 
6 35 
6 36 
6 37 
6 41 
6 45 
6 46 
6 47 
6 48 
6 51 
6 53 
6 54 
6 55 
6 58 
6 59 
6 60 
7 10 
7 12 
7 13 
7 14 
7 15 
7 18 
7 20 
7 21 
7 22 
7 23 
7 25 
7 27 
7 28 
7 29 
7 30 
7 31 
7 34 
7 37 
7 39 
7 40 
7 42 
7 44 
7 45 
7 46 
7 47 
7 48 
7 51 
7 54 
7 56 
7 59 
7 60 
8 13 
8 15 
8 18 
8 22 
8 24 
8 25 
8 27 
8 28 
8 30 
8 31 
8 32 
8 33 
8 34 
8 36 
8 37 
8 39 
8 40 
8 41 
8 42 
8 44 
8 45 
8 48 
8 49 
8 50 
8 51 
8 52 
8 53 
8 54 
8 55 
8 57 
9 10 
9 12 
9 13 
9 14 
9 15 
9 16 
9 18 
9 19 
9 20 
9 22 
9 23 
9 25 
9 27 
9 29 
9 31 
9 32 
9 33 
9 35 
9 36 
9 37 
9 40 
9 41 
9 42 
9 43 
9 44 
9 51 
9 52 
9 53 
9 54 
9 55 
9 56 
9 59 
10 11 
10 14 
10 15 
10 18 
10 19 
10 20 
10 23 
10 28 
10 30 
10 31 
10 32 
10 33 
10 34 
10 35 
10 37 
10 39 
10 41 
10 43 
10 44 
10 49 
10 50 
10 53 
10 55 
10 56 
10 59 
10 60 
11 14 
11 15 
11 17 
11 18 
11 19 
11 20 
11 21 
11 22 
11 23 
11 24 
11 25 
11 26 
11 28 
11 31 
11 33 
11 34 
11 35 
11 36 
11 39 
11 40 
11 41 
11 42 
11 44 
11 46 
11 47 
11 49 
11 51 
11 54 
11 55 
11 60 
12 13 
12 17 
12 18 
12 19 
12 20 
12 21 
12 24 
12 26 
12 28 
12 31 
12 33 
12 40 
12 41 
12 43 
12 46 
12 47 
12 48 
12 49 
12 53 
12 55 
12 56 
12 57 
12 58 
12 59 
12 60 
13 14 
13 16 
13 20 
13 21 
13 25 
13 28 
13 32 
13 33 
13 35 
13 36 
13 38 
13 39 
13 40 
13 41 
13 42 
13 44 
13 47 
13 52 
13 57 
13 58 
13 59 
13 60 
14 15 
14 16 
14 17 
14 18 
14 20 
14 21 
14 23 
14 26 
14 27 
14 28 
14 29 
14 30 
14 33 
14 35 
14 36 
14 37 
14 39 
14 40 
14 42 
14 43 
14 44 
14 45 
14 46 
14 48 
14 50 
14 58 
15 16 
15 17 
15 18 
15 20 
15 21 
15 24 
15 26 
15 28 
15 29 
15 31 
15 32 
15 34 
15 36 
15 37 
15 39 
15 40 
15 41 
15 42 
15 43 
15 46 
15 47 
15 50 
15 51 
15 54 
15 59 
15 60 
16 18 
16 19 
16 20 
16 23 
16 25 
16 27 
16 28 
16 33 
16 34 
16 35 
16 36 
16 38 
16 42 
16 45 
16 47 
16 48 
16 51 
16 53 
16 54 
16 55 
16 56 
16 57 
16 58 
16 59 
16 60 
17 18 
17 20 
17 21 
17 23 
17 24 
17 25 
17 26 
17 29 
17 30 
17 31 
17 34 
17 35 
17 36 
17 37 
17 38 
17 39 
17 43 
17 44 
17 45 
17 46 
17 48 
17 49 
17 50 
17 54 
17 55 
17 56 
17 60 
18 19 
18 21 
18 22 
18 23 
18 26 
18 29 
18 30 
18 33 
18 34 
18 35 
18 40 
18 41 
18 42 
18 44 
18 45 
18 46 
18 50 
18 51 
18 54 
18 55 
18 56 
18 58 
18 60 
19 20 
19 22 
19 24 
19 28 
19 32 
19 33 
19 35 
19 37 
19 38 
19 39 
19 40 
19 41 
19 44 
19 46 
19 47 
19 48 
19 50 
19 51 
19 55 
19 56 
19 58 
19 59 
20 21 
20 22 
20 26 
20 27 
20 28 
20 30 
20 38 
20 42 
20 44 
20 45 
20 46 
20 49 
20 50 
20 51 
20 52 
20 55 
20 56 
20 58 
20 59 
20 60 
21 24 
21 25 
21 26 
21 27 
21 28 
21 30 
21 32 
21 35 
21 36 
21 37 
21 38 
21 41 
21 42 
21 43 
21 44 
21 45 
21 46 
21 47 
21 48 
21 49 
21 50 
21 58 
21 59 
21 60 
22 24 
22 25 
22 28 
22 29 
22 30 
22 34 
22 35 
22 39 
22 44 
22 46 
22 47 
22 48 
22 49 
22 50 
22 54 
22 55 
22 56 
22 57 
22 59 
22 60 
23 25 
23 26 
23 28 
23 29 
23 30 
23 37 
23 38 
23 39 
23 40 
23 41 
23 43 
23 44 
23 46 
23 47 
23 48 
23 50 
23 51 
23 52 
23 53 
23 54 
23 57 
23 59 
23 60 
24 25 
24 27 
24 28 
24 29 
24 31 
24 32 
24 34 
24 35 
24 36 
24 38 
24 40 
24 41 
24 42 
24 46 
24 50 
24 53 
24 54 
24 55 
24 56 
24 59 
25 28 
25 33 
25 35 
25 36 
25 38 
25 43 
25 49 
25 51 
25 55 
25 57 
25 58 
25 59 
25 60 
26 28 
26 29 
26 30 
26 31 
26 32 
26 34 
26 36 
26 37 
26 39 
26 40 
26 41 
26 43 
26 44 
26 48 
26 49 
26 50 
26 51 
26 52 
26 53 
26 54 
26 57 
26 58 
26 59 
26 60 
27 34 
27 35 
27 36 
27 39 
27 40 
27 42 
27 44 
27 45 
27 46 
27 50 
27 53 
27 55 
27 57 
27 58 
27 60 
28 31 
28 33 
28 35 
28 36 
28 37 
28 38 
28 40 
28 42 
28 43 
28 44 
28 45 
28 46 
28 47 
28 48 
28 50 
28 51 
28 52 
28 53 
28 54 
28 57 
28 58 
28 59 
28 60 
29 32 
29 33 
29 34 
29 37 
29 38 
29 39 
29 40 
29 41 
29 42 
29 43 
29 45 
29 46 
29 47 
29 48 
29 53 
29 54 
29 55 
29 56 
29 57 
29 59 
29 60 
30 31 
30 34 
30 35 
30 36 
30 37 
30 39 
30 42 
30 45 
30 46 
30 51 
30 52 
30 54 
30 55 
30 58 
30 60 
31 40 
31 43 
31 44 
31 45 
31 46 
31 48 
31 49 
31 50 
31 51 
31 53 
31 54 
31 55 
31 56 
31 58 
31 59 
31 60 
32 33 
32 34 
32 35 
32 36 
32 37 
32 38 
32 39 
32 43 
32 44 
32 45 
32 47 
32 48 
32 54 
32 59 
33 34 
33 37 
33 40 
33 41 
33 42 
33 44 
33 45 
33 46 
33 47 
33 50 
33 51 
33 56 
33 57 
33 59 
33 60 
34 35 
34 39 
34 41 
34 42 
34 44 
34 45 
34 47 
34 48 
34 50 
34 52 
34 57 
34 59 
34 60 
35 36 
35 37 
35 39 
35 40 
35 41 
35 42 
35 43 
35 45 
35 46 
35 47 
35 48 
35 50 
35 52 
35 55 
35 58 
35 59 
36 39 
36 41 
36 42 
36 43 
36 47 
36 48 
36 49 
36 50 
36 54 
36 57 
36 58 
36 59 
36 60 
37 39 
37 41 
37 42 
37 44 
37 46 
37 50 
37 51 
37 52 
37 53 
37 54 
37 57 
37 58 
37 59 
38 40 
38 41 
38 42 
38 46 
38 47 
38 48 
38 49 
38 50 
38 51 
38 52 
38 53 
38 55 
38 57 
38 59 
38 60 
39 40 
39 43 
39 45 
39 47 
39 51 
39 54 
39 55 
39 56 
40 41 
40 42 
40 43 
40 46 
40 50 
40 51 
40 54 
40 58 
40 60 
41 42 
41 44 
41 45 
41 46 
41 47 
41 48 
41 49 
41 51 
41 52 
41 54 
41 56 
41 57 
41 59 
41 60 
42 43 
42 44 
42 47 
42 48 
42 49 
42 50 
42 53 
42 55 
42 56 
42 59 
42 60 
43 44 
43 46 
43 47 
43 49 
43 50 
43 52 
43 54 
43 55 
43 58 
43 60 
44 45 
44 48 
44 51 
44 52 
44 55 
44 57 
44 59 
45 46 
45 48 
45 49 
45 50 
45 52 
45 54 
45 55 
45 56 
45 57 
45 60 
46 47 
46 48 
46 53 
46 56 
46 58 
46 60 
47 48 
47 50 
47 51 
47 52 
47 53 
47 56 
47 57 
47 58 
47 60 
48 49 
48 51 
48 52 
48 53 
48 54 
48 55 
48 56 
48 57 
48 60 
49 51 
49 52 
49 54 
49 56 
49 57 
50 52 
50 53 
50 55 
50 57 
50 58 
50 60 
51 53 
51 54 
51 55 
51 56 
51 57 
51 58 
51 60 
52 53 
52 54 
52 56 
52 57 
52 58 
52 59 
52 60 
53 54 
53 55 
53 56 
53 57 
53 58 
53 59 
54 55 
54 57 
54 58 
54 59 
54 60 
55 56 
55 57 
55 58 
55 59 
55 60 
56 57 
56 59 
56 60 
57 58 
57 59 
58 60 
59 60 
