nNodes=80;
 nPairs=1541;
Cost=

81  0  0  81  0  0  0  81  81  81  81  0  81  0  81  81  0  0  0  81  81  0  81  0  81  81  0  0  0  0  81  0  0  0  0  81  81  81  0  81  0  81  81  81  0  81  0  81  0  0  0  0  0  81  81  0  0  81  0  0  81  81  0  0  0  81  0  81  81  81  0  0  81  0  81  0  81  81  0  81  

0  81  81  0  81  81  0  81  0  0  0  81  81  0  81  81  0  81  0  0  81  81  0  81  0  81  81  0  0  81  81  81  81  0  0  81  0  0  81  81  81  0  81  0  0  0  81  0  0  81  0  0  0  0  0  0  81  0  81  0  81  81  81  0  0  0  0  81  81  81  0  81  0  0  81  0  0  81  0  81  

0  81  81  0  81  81  0  81  81  0  0  81  0  81  0  81  0  0  81  81  81  81  81  0  0  81  0  0  81  81  81  0  81  0  0  81  0  81  81  0  0  81  81  0  81  81  81  0  81  81  0  0  81  81  81  0  0  81  81  81  0  0  0  0  0  0  81  81  81  0  0  0  81  81  81  81  0  81  0  0  

81  0  0  81  81  81  81  81  0  0  81  0  0  81  0  81  0  0  81  81  0  81  81  0  0  81  81  81  81  81  81  0  81  81  0  81  81  81  0  81  81  81  0  81  81  81  0  0  81  81  0  81  0  81  0  81  0  81  81  0  81  81  81  0  0  81  81  0  81  81  81  81  0  0  81  0  0  0  0  0  

0  81  81  81  81  0  0  0  81  0  81  81  0  0  81  81  81  81  81  81  0  0  0  0  81  0  81  0  81  81  81  0  81  81  81  81  81  81  0  81  0  0  81  81  81  81  0  0  81  81  0  0  81  81  81  0  81  0  81  0  81  0  81  0  0  0  0  0  0  0  81  0  81  0  81  81  81  0  81  0  

0  81  81  81  0  81  81  81  81  0  0  81  0  0  81  81  81  81  0  81  0  81  81  81  81  81  0  0  0  81  0  0  0  81  81  81  0  0  81  81  0  81  81  81  81  81  81  0  81  81  81  81  0  0  0  81  0  81  81  81  81  81  0  0  81  0  81  81  81  81  0  0  0  81  81  0  81  0  0  0  

0  0  0  81  0  81  81  81  0  0  0  81  81  0  0  0  0  81  0  81  0  81  81  0  81  0  0  81  0  0  81  0  0  81  0  0  0  81  0  81  0  81  81  81  0  81  0  81  0  0  81  0  0  0  0  81  81  0  0  0  0  81  81  0  81  0  81  0  0  81  81  81  81  81  0  81  0  0  0  0  

81  81  81  81  0  81  81  81  0  0  81  0  0  81  0  0  81  0  81  0  81  81  81  81  81  81  81  81  0  0  0  81  81  0  81  0  0  81  0  0  0  81  0  0  0  81  0  81  0  0  81  0  0  81  81  81  0  81  81  0  81  0  0  0  81  0  0  81  0  0  0  81  0  0  81  0  0  0  0  0  

81  0  81  0  81  81  0  0  81  81  81  81  0  81  0  81  0  81  81  0  0  81  0  81  81  81  81  81  81  0  81  0  0  0  0  81  0  0  0  0  0  81  81  0  81  0  0  81  81  81  0  81  0  81  0  81  0  81  81  0  81  81  81  81  0  0  0  81  0  0  81  0  81  81  0  81  0  81  0  81  

81  0  0  0  0  0  0  0  81  81  81  0  81  81  0  81  81  81  0  0  81  0  0  0  81  81  81  0  0  81  81  0  0  81  0  0  0  0  81  0  81  0  0  0  0  81  0  0  0  0  81  81  81  81  0  0  0  81  0  0  0  81  0  81  0  81  81  0  0  0  81  81  81  81  81  0  81  0  0  0  

81  0  0  81  81  0  0  81  81  81  81  0  81  81  0  0  81  81  81  0  0  81  81  81  81  0  81  0  0  81  0  81  0  81  0  0  0  81  0  81  81  81  0  81  81  0  0  0  0  0  81  81  0  0  0  0  0  0  81  81  81  0  81  0  81  0  0  81  81  81  81  0  81  0  81  0  0  0  0  81  

0  81  81  0  81  81  81  0  81  0  0  81  0  81  0  81  0  81  0  81  81  0  0  81  0  81  0  0  81  81  0  0  0  81  81  81  0  81  0  0  0  0  0  0  81  81  81  0  81  0  0  81  81  81  0  81  0  81  0  81  0  81  0  0  81  81  81  0  0  0  81  0  0  0  0  0  81  81  81  0  

81  81  0  0  0  0  81  0  0  81  81  0  81  81  0  81  0  81  81  81  0  0  81  81  81  0  81  81  81  81  0  81  0  81  0  0  81  0  0  0  0  0  0  0  81  0  0  0  81  0  0  81  0  0  81  81  0  81  0  81  81  0  0  0  0  0  0  81  0  81  81  0  81  0  0  0  81  81  81  81  

0  0  81  81  0  0  0  81  81  81  81  81  81  81  81  0  81  81  0  0  81  81  81  0  0  81  0  81  81  81  81  81  0  81  81  81  0  81  81  81  81  81  0  81  0  0  81  0  81  81  81  81  0  81  0  81  81  0  0  0  0  81  81  0  81  81  0  0  0  0  0  0  0  81  0  81  0  81  0  81  

81  81  0  0  81  81  0  0  0  0  0  0  0  81  81  0  81  0  0  0  0  81  0  0  81  0  81  0  0  81  0  0  0  81  0  81  0  81  0  81  0  0  81  81  81  0  0  0  0  81  0  0  81  0  0  0  0  0  81  81  81  81  0  0  81  81  0  81  81  0  81  0  0  81  81  0  81  81  0  81  

81  81  81  81  81  81  0  0  81  81  0  81  81  0  0  81  81  0  81  81  0  81  81  0  81  0  81  0  0  0  0  81  81  81  81  0  81  81  81  81  0  0  81  81  0  81  0  0  81  0  81  0  0  0  81  0  81  0  0  81  0  0  81  81  0  81  81  0  0  81  0  81  81  0  81  81  0  0  81  0  

0  0  0  0  81  81  0  81  0  81  81  0  0  81  81  81  81  81  81  0  0  0  81  0  0  0  81  81  81  0  81  81  81  81  0  0  81  0  81  0  0  0  0  81  0  0  81  81  0  0  0  81  0  0  0  0  0  0  81  81  81  81  81  0  81  81  81  0  0  0  81  81  81  81  81  81  0  0  0  0  

0  81  0  0  81  81  81  0  81  81  81  81  81  81  0  0  81  81  81  81  81  81  81  81  81  81  0  0  81  0  0  81  0  81  0  0  81  81  81  81  81  0  81  0  0  0  0  0  0  0  0  0  0  0  0  0  0  81  0  81  0  0  0  0  0  81  81  0  81  0  0  0  0  81  0  0  81  0  0  81  

0  0  81  81  81  0  0  81  81  0  81  0  81  0  0  81  81  81  81  81  81  0  81  81  0  81  81  0  0  0  81  81  81  0  81  0  81  81  0  0  81  0  0  81  81  81  81  0  0  0  0  81  0  0  81  0  81  0  0  0  0  81  0  81  81  0  81  81  0  0  0  81  0  81  0  81  0  81  0  0  

81  0  81  81  81  81  81  0  0  0  0  81  81  0  0  81  0  81  81  81  0  81  81  81  0  81  0  81  0  81  0  0  81  81  0  0  81  0  0  0  81  0  81  0  0  0  81  81  0  81  81  0  0  0  81  81  81  81  0  81  0  81  0  81  81  0  81  0  81  81  0  81  81  81  81  0  81  81  0  81  

81  81  81  0  0  0  0  81  0  81  0  81  0  81  0  0  0  81  81  0  81  81  0  81  81  0  81  81  0  81  81  81  0  0  0  81  81  81  81  81  0  0  0  0  0  0  81  0  0  0  0  81  81  0  81  0  0  0  0  0  0  0  0  81  0  0  81  0  81  0  81  0  0  0  81  0  81  0  81  0  

0  81  81  81  0  81  81  81  81  0  81  0  0  81  81  81  0  81  0  81  81  81  0  81  81  81  81  81  0  0  81  0  0  0  81  81  81  0  81  81  81  0  0  0  0  81  81  0  81  0  0  0  0  81  0  0  0  81  0  81  81  0  81  81  81  0  0  0  0  81  81  81  81  81  0  0  0  0  0  81  

81  0  81  81  0  81  81  81  0  0  81  0  81  81  0  81  81  81  81  81  0  0  81  81  0  81  81  0  0  0  81  0  0  81  0  0  81  0  0  81  0  81  81  81  81  0  81  0  0  0  81  0  0  0  81  0  0  0  0  81  81  0  81  0  81  0  81  81  0  0  0  0  81  81  81  0  0  0  81  81  

0  81  0  0  0  81  0  81  81  0  81  81  81  0  0  0  0  81  81  81  81  81  81  81  0  81  0  81  81  81  0  81  81  81  0  0  81  81  0  0  81  0  0  81  81  0  0  0  81  81  0  81  0  0  0  81  81  0  81  0  81  81  0  81  0  0  81  0  0  0  0  0  0  81  0  0  0  0  0  81  

81  0  0  0  81  81  81  81  81  81  81  0  81  0  81  81  0  81  0  0  81  81  0  0  81  0  81  81  81  0  0  81  0  0  81  81  81  81  0  81  81  81  81  0  81  0  81  81  0  81  0  0  0  0  81  0  0  0  0  0  81  0  0  0  81  81  0  81  0  81  0  0  81  0  0  81  0  81  0  81  

81  81  81  81  0  81  0  81  81  81  0  81  0  81  0  0  0  81  81  81  0  81  81  81  0  81  0  81  81  0  81  81  81  81  0  0  0  81  81  0  0  0  81  81  81  0  81  0  0  0  0  0  0  0  81  81  0  81  0  0  0  0  81  0  0  81  81  81  0  0  81  81  0  81  0  0  0  0  81  0  

0  81  0  81  81  0  0  81  81  81  81  0  81  0  81  81  81  0  81  0  81  81  81  0  81  0  81  0  81  81  0  81  81  81  81  0  0  0  0  0  0  0  0  0  0  0  0  0  81  81  0  0  81  81  0  81  0  0  0  0  81  81  0  0  0  0  81  0  0  0  0  81  81  81  0  81  0  81  81  81  

0  0  0  81  0  0  81  81  81  0  0  0  81  81  0  0  81  0  0  81  81  81  0  81  81  81  0  81  0  81  0  0  0  81  81  0  81  81  0  81  0  81  0  81  0  0  0  0  0  81  0  0  81  81  0  81  81  0  0  0  81  81  81  0  81  0  81  81  81  81  0  81  81  81  81  0  0  81  0  81  

0  0  81  81  81  0  0  0  81  0  0  81  81  81  0  0  81  81  0  0  0  0  0  81  81  81  81  0  81  0  0  81  81  81  81  81  81  0  0  0  81  0  0  81  81  81  0  0  81  81  0  0  0  81  81  0  81  0  81  0  0  0  81  81  81  0  81  81  81  81  81  0  0  0  0  0  81  81  0  81  

0  81  81  81  81  81  0  0  0  81  81  81  81  81  81  0  0  0  0  81  81  0  0  81  0  0  81  81  0  81  0  81  81  0  81  81  0  81  81  81  0  0  0  81  0  81  81  0  0  81  81  0  81  0  81  0  0  0  0  0  81  81  0  81  81  81  0  0  0  0  0  81  81  81  0  0  0  0  81  0  

81  81  81  81  81  0  81  0  81  81  0  0  0  81  0  0  81  0  81  0  81  81  81  0  0  81  0  0  0  0  81  0  81  0  0  0  81  81  0  81  0  81  0  81  0  81  0  0  0  81  81  0  0  81  0  81  0  81  81  81  81  0  0  0  81  81  81  0  0  0  0  0  81  0  81  81  81  81  81  0  

0  81  0  0  0  0  0  81  0  0  81  0  81  81  0  81  81  81  81  0  81  0  0  81  81  81  81  0  81  81  0  81  81  0  0  0  0  0  0  81  81  0  81  0  81  0  0  81  0  81  81  81  0  0  0  81  81  0  81  0  81  81  0  0  0  0  81  81  0  0  81  0  0  81  0  0  81  81  81  0  

0  81  81  81  81  0  0  81  0  0  0  0  0  0  0  81  81  0  81  81  0  0  0  81  0  81  81  0  81  81  81  81  81  81  0  81  81  81  81  81  81  0  0  81  0  81  0  0  81  0  81  81  81  81  81  81  0  81  0  0  0  0  0  0  81  81  81  81  0  81  81  81  81  0  81  81  0  81  81  0  

0  0  0  81  81  81  81  0  0  81  81  81  81  81  81  81  81  81  0  81  0  0  81  81  0  81  81  81  81  0  0  0  81  81  0  0  0  81  81  81  0  0  0  81  81  0  81  0  81  81  0  0  81  81  81  81  81  81  0  0  0  0  0  81  81  81  0  0  0  81  81  81  0  81  0  0  0  81  0  81  

0  0  0  0  81  81  0  81  0  0  0  81  0  81  0  81  0  0  81  0  0  81  0  0  81  0  81  81  81  81  0  0  0  0  81  81  0  81  0  0  81  81  0  0  0  0  81  0  0  81  81  81  81  0  81  81  81  81  0  81  0  0  81  0  0  0  0  0  81  81  0  0  0  81  81  0  81  0  0  0  

81  81  81  81  81  81  0  0  81  0  0  81  0  81  81  0  0  0  0  0  81  81  0  0  81  0  0  0  81  81  0  0  81  0  81  81  81  0  81  0  0  81  0  0  0  81  0  0  0  81  81  0  0  81  0  81  0  0  81  0  0  81  0  0  0  81  81  81  0  0  81  81  81  0  0  81  0  81  0  0  

81  0  0  81  81  0  0  0  0  0  0  0  81  0  0  81  81  81  81  81  81  81  81  81  81  0  0  81  81  0  81  0  81  0  0  81  81  0  81  81  0  81  0  81  0  0  0  0  0  0  0  0  0  0  0  0  81  0  81  81  81  0  81  81  81  0  81  81  81  81  81  0  0  0  0  0  0  0  81  0  

81  0  81  81  81  0  81  81  0  0  81  81  0  81  81  81  0  81  81  0  81  0  0  81  81  81  0  81  0  81  81  0  81  81  81  0  0  81  81  0  81  81  81  81  0  81  0  81  0  81  81  0  81  81  81  81  81  81  0  81  81  81  0  81  81  81  0  0  0  0  81  0  0  0  81  81  0  0  0  0  

0  81  81  0  0  81  0  0  0  81  0  0  0  81  0  81  81  81  0  0  81  81  0  0  0  81  0  0  0  81  0  0  81  81  0  81  81  81  81  81  81  81  81  0  0  81  0  0  0  81  81  81  81  81  0  0  0  0  0  0  0  81  81  0  0  0  0  0  0  81  81  0  0  0  0  81  81  0  0  81  

81  81  0  81  81  81  81  0  0  0  81  0  0  81  81  81  0  81  0  0  81  81  81  0  81  0  0  81  0  81  81  81  81  81  0  0  81  0  81  81  81  0  0  0  0  0  81  81  81  81  0  81  81  0  0  81  81  81  81  81  0  0  0  0  81  81  0  81  0  0  0  81  81  81  81  0  0  0  0  0  

0  81  0  81  0  0  0  0  0  81  81  0  0  81  0  0  0  81  81  81  0  81  0  81  81  0  0  0  81  0  0  81  81  0  81  0  0  81  81  81  81  81  0  0  0  81  81  0  81  0  0  81  81  81  81  0  0  81  0  81  0  81  0  81  81  0  81  81  81  0  0  81  81  0  81  81  81  0  81  81  

81  0  81  81  0  81  81  81  81  0  81  0  0  81  0  0  0  0  0  0  0  0  81  0  81  0  0  81  0  0  81  0  0  0  81  81  81  81  81  0  81  81  81  0  0  81  81  0  0  81  81  0  0  0  81  0  81  81  0  0  0  0  0  81  81  0  0  0  0  0  81  81  0  81  0  0  0  81  81  81  

81  81  81  0  81  81  81  0  81  0  0  0  0  0  81  81  0  81  0  81  0  0  81  0  81  81  0  0  0  0  0  81  0  0  0  0  0  81  81  0  0  81  81  81  81  81  0  0  81  81  81  0  81  81  0  81  0  0  0  0  0  81  81  81  0  0  81  81  0  81  81  0  81  81  0  81  81  81  0  0  

81  0  0  81  81  81  81  0  0  0  81  0  0  81  81  81  81  0  81  0  0  0  81  81  0  81  0  81  81  81  81  0  81  81  0  0  81  81  0  0  0  0  81  81  81  81  0  0  0  81  81  81  81  81  0  0  0  0  81  0  81  0  81  0  0  81  81  81  81  81  81  81  81  81  0  81  0  0  81  0  

0  0  81  81  81  81  0  0  81  0  81  81  81  0  81  0  0  0  81  0  0  0  81  81  81  81  0  0  81  0  0  81  0  81  0  0  0  0  0  0  0  0  81  81  81  81  0  81  0  81  0  81  0  0  0  81  81  0  0  81  0  0  0  0  81  0  0  0  81  81  81  0  0  0  0  0  81  81  81  81  

81  0  81  81  81  81  81  81  0  81  0  81  0  0  0  81  0  0  81  0  0  81  0  0  0  0  0  0  81  81  81  0  81  0  0  81  0  81  81  0  81  81  81  81  81  81  81  0  81  81  0  0  81  81  0  0  0  0  81  0  81  0  0  0  0  81  0  0  0  0  0  81  81  0  81  0  0  81  81  0  

0  81  81  0  0  81  0  0  0  0  0  81  0  81  0  0  81  0  81  81  81  81  81  0  81  81  0  0  0  81  0  0  0  81  81  0  0  0  0  81  81  81  0  0  0  81  81  81  0  81  81  0  81  0  81  81  0  0  81  0  0  0  0  81  81  81  0  81  0  81  81  0  0  81  0  0  0  0  0  0  

81  0  0  0  0  0  81  81  81  0  0  0  0  0  0  0  81  0  0  81  0  0  0  0  81  0  0  0  0  0  0  81  0  0  0  0  0  81  0  81  0  0  0  0  81  0  81  81  81  0  81  0  81  81  0  81  0  81  0  0  0  0  81  0  81  0  81  81  81  81  81  81  81  81  81  81  0  81  0  81  

0  0  81  81  81  81  0  0  81  0  0  81  81  81  0  81  0  0  0  0  0  81  0  81  0  0  81  0  81  0  0  0  81  81  0  0  0  0  0  81  81  0  81  0  0  81  0  81  81  81  81  0  81  0  0  0  0  0  0  81  0  81  81  81  81  81  0  81  0  81  81  81  81  81  0  0  0  0  0  81  

0  81  81  81  81  81  0  0  81  0  0  0  0  81  81  0  0  0  0  81  0  0  0  81  81  0  81  81  81  81  81  81  0  81  81  81  0  81  81  81  0  81  81  81  81  81  81  0  81  81  0  81  0  81  81  0  81  81  0  81  0  81  81  0  81  81  81  81  0  0  81  81  81  81  0  81  81  0  0  81  

0  0  0  0  0  81  81  81  0  81  81  0  0  81  0  81  0  0  0  81  0  0  81  0  0  0  0  0  0  81  81  81  81  0  81  81  0  81  81  0  0  81  81  81  0  0  81  81  81  0  81  81  0  81  0  81  0  81  81  81  81  0  0  0  0  81  0  0  81  81  81  0  81  81  81  0  0  0  0  0  

0  0  0  81  0  81  0  0  81  81  81  81  81  81  0  0  81  0  81  0  81  0  0  81  0  0  0  0  0  0  0  81  81  0  81  0  0  0  81  81  81  0  0  81  81  0  0  0  0  81  81  81  81  81  81  81  0  0  81  81  81  81  81  0  81  0  81  0  81  81  81  0  81  0  81  81  81  81  0  81  

0  0  81  0  81  0  0  0  0  81  0  81  0  0  81  0  0  0  0  0  81  0  0  0  0  0  81  81  0  81  0  0  81  81  81  0  0  81  81  81  81  0  81  81  0  81  81  81  81  0  0  81  81  81  0  81  81  81  0  0  81  81  81  81  81  0  0  0  81  0  81  0  81  0  81  0  0  0  0  0  

81  0  81  81  81  0  0  81  81  81  0  81  0  81  0  0  0  0  0  0  0  81  0  0  0  0  81  81  81  0  81  0  81  81  0  81  0  81  81  0  81  0  81  81  0  81  0  81  0  81  81  81  81  81  81  81  81  0  81  81  0  0  81  81  0  0  0  0  0  0  81  81  0  0  0  0  0  81  81  0  

81  0  81  0  81  0  0  81  0  0  0  0  81  0  0  81  0  0  81  81  81  0  81  0  81  81  0  0  81  81  0  0  81  81  81  0  0  81  0  0  81  81  0  0  0  0  81  0  0  81  0  81  0  81  81  81  81  0  0  0  81  81  81  81  0  81  81  0  0  0  0  0  81  81  81  81  81  81  0  81  

0  0  0  81  0  81  81  81  81  0  0  81  81  81  0  0  0  0  0  81  0  0  0  81  0  81  81  81  0  0  81  81  81  81  81  81  0  81  0  81  0  0  81  0  81  0  81  81  0  0  81  81  81  81  81  81  81  81  0  0  0  0  0  81  81  0  81  0  0  0  0  81  0  0  0  81  0  81  81  0  

0  81  0  0  81  0  81  0  0  0  0  0  0  81  0  81  0  0  81  81  0  0  0  81  0  0  0  81  81  0  0  81  0  81  81  0  81  81  0  81  0  81  0  0  81  0  0  0  0  81  0  0  81  81  81  81  81  81  0  0  0  81  81  81  81  81  0  0  81  0  0  81  0  81  0  81  0  81  81  0  

81  0  81  81  0  81  0  81  81  81  0  81  81  0  0  0  0  81  0  81  0  81  0  0  0  81  0  0  0  0  81  0  81  81  81  0  0  81  0  81  81  81  0  0  0  0  0  81  0  81  81  0  81  0  0  81  81  81  81  0  81  81  0  81  0  0  81  0  0  0  81  0  0  0  81  0  0  0  81  81  

0  81  81  81  81  81  0  81  81  0  81  0  0  0  81  0  81  0  0  0  0  0  0  81  0  0  0  0  81  0  81  81  0  0  0  81  81  0  0  81  0  0  0  81  0  81  81  0  0  0  81  81  0  81  0  0  0  81  81  0  81  81  0  0  81  81  0  0  0  0  0  81  81  81  0  81  0  81  81  0  

0  0  81  0  0  81  0  0  0  0  81  81  81  0  81  81  81  81  0  81  0  81  81  0  0  0  0  0  0  0  81  0  0  0  81  0  81  81  0  81  81  0  0  0  81  0  0  0  81  81  81  81  0  81  0  0  0  0  0  81  0  81  81  0  81  0  0  81  81  81  81  0  81  0  81  81  81  0  0  0  

81  81  0  81  81  81  0  81  81  0  81  0  81  0  81  0  81  0  0  0  0  81  81  81  81  0  81  81  0  81  81  81  0  0  0  0  81  81  0  0  0  0  0  81  0  81  0  0  0  0  81  81  81  0  81  0  0  81  81  0  81  81  0  0  81  81  0  81  0  81  0  0  0  0  81  81  0  0  0  0  

81  81  0  81  0  81  81  0  81  81  0  81  0  81  81  0  81  0  81  81  0  0  0  81  0  0  81  81  0  81  0  81  0  0  0  81  0  81  81  0  81  0  81  0  0  0  0  0  81  81  0  81  81  0  81  0  81  81  81  81  81  81  81  81  81  81  0  0  0  0  0  81  0  81  0  81  81  81  0  0  

0  81  0  81  81  0  81  0  81  0  81  0  0  81  0  81  81  0  0  0  0  81  81  0  0  81  0  81  81  0  0  0  0  0  81  0  81  0  81  0  0  0  81  81  0  0  0  81  81  81  0  81  81  81  81  0  81  0  0  81  0  81  81  0  81  81  0  0  81  81  81  0  0  0  0  81  0  81  0  0  

0  0  0  0  0  0  0  0  81  81  0  0  0  0  0  81  0  0  81  81  81  81  0  81  0  0  0  0  81  81  0  0  0  81  0  0  81  81  0  0  81  81  81  0  0  0  81  0  81  0  0  0  81  81  81  81  81  81  0  0  0  81  0  81  0  0  81  81  0  81  81  0  0  81  0  81  0  81  81  0  

0  0  0  0  0  81  81  81  0  0  81  81  0  81  81  0  81  0  81  81  0  81  81  0  81  0  0  81  81  81  81  0  81  81  0  0  81  81  0  81  81  81  0  0  81  0  81  81  81  81  0  81  81  0  0  81  81  0  81  81  81  81  81  0  81  81  81  0  81  81  81  0  81  0  0  0  0  81  81  81  

81  0  0  81  0  0  0  0  0  81  0  81  0  81  81  81  81  81  0  0  0  0  0  0  81  81  0  0  0  81  81  0  81  81  0  81  0  81  0  81  0  0  0  81  0  81  81  0  81  81  81  0  0  0  81  0  81  0  81  0  81  81  81  0  81  81  0  81  0  81  81  81  0  0  81  0  0  0  0  81  

0  0  81  81  0  81  81  0  0  81  0  81  0  0  0  81  81  81  81  81  81  0  81  81  0  81  81  81  81  0  81  81  81  0  0  81  81  0  0  0  81  0  81  81  0  0  0  81  0  81  0  81  0  0  81  81  0  81  0  0  0  0  0  81  81  0  81  81  81  0  81  81  0  81  81  81  0  0  0  81  

81  81  81  0  0  81  0  81  81  0  81  0  81  0  81  0  0  0  81  0  0  0  81  0  81  81  0  81  81  0  0  81  81  0  0  81  81  0  0  81  81  0  81  81  0  0  81  81  81  81  0  0  0  0  0  0  0  0  0  81  81  0  0  81  0  81  81  81  81  0  0  81  0  81  0  81  81  81  0  0  

81  81  81  81  0  81  0  0  0  0  81  0  0  0  81  0  0  81  0  81  81  0  0  0  0  0  0  81  81  0  0  0  0  0  81  0  81  0  0  0  81  0  0  81  81  0  0  81  0  0  81  81  81  0  0  0  81  0  0  81  0  0  81  0  81  0  81  81  81  81  0  81  0  81  81  0  81  0  81  81  

81  81  0  81  0  81  81  0  0  0  81  0  81  0  0  81  0  0  0  81  0  81  0  0  81  0  0  81  81  0  0  0  81  81  81  0  81  0  81  0  0  0  81  81  81  0  81  81  81  0  81  81  0  0  0  0  0  0  0  81  81  0  81  81  81  81  0  0  81  81  0  81  81  81  0  81  0  81  81  0  

0  0  0  81  81  0  81  0  81  81  81  81  81  0  81  0  81  0  0  0  81  81  0  0  0  81  0  0  81  0  0  81  81  81  0  81  81  81  81  0  0  81  81  81  81  0  81  81  81  81  81  81  81  81  0  0  0  81  0  81  0  0  81  81  81  81  81  0  0  0  81  81  81  81  0  0  0  81  0  0  

0  81  0  81  0  0  81  81  0  81  0  0  0  0  0  81  81  0  81  81  0  81  0  0  0  81  81  81  0  81  0  0  81  81  0  81  0  0  0  81  81  81  0  81  0  81  0  81  81  81  0  0  0  81  0  81  81  0  81  0  0  81  0  0  0  81  81  81  81  81  81  81  0  0  81  0  0  0  0  0  

81  0  81  0  81  0  81  0  81  81  81  0  81  0  0  81  81  0  0  81  0  81  81  0  81  0  81  81  0  81  81  0  81  0  0  81  0  0  0  81  81  0  81  81  0  81  0  81  81  81  81  81  81  0  81  0  0  0  81  81  0  0  0  0  81  0  0  0  0  81  81  0  81  81  81  81  81  81  81  0  

0  0  81  0  0  81  81  0  81  81  0  0  0  81  81  0  81  81  81  81  0  81  81  81  0  81  81  81  0  81  0  81  0  81  81  0  0  0  0  81  0  81  81  81  0  0  81  81  81  81  81  0  0  0  81  0  81  0  81  0  0  81  0  81  0  0  81  81  81  81  81  0  81  81  0  81  0  0  81  0  

81  81  81  81  81  81  0  81  0  81  81  0  0  0  81  81  81  0  0  81  81  0  81  0  0  0  0  81  0  0  81  0  81  0  81  0  0  81  0  81  81  0  0  0  0  81  0  81  0  0  81  81  81  0  81  0  0  81  0  81  81  0  0  0  0  81  81  0  81  0  0  81  81  0  81  81  0  0  81  0  

0  0  81  0  81  0  81  0  81  0  0  0  0  81  0  81  81  0  81  0  0  0  0  0  81  0  81  0  0  0  81  0  81  0  0  81  0  81  81  0  81  0  81  81  0  0  0  81  0  81  0  81  0  0  81  81  81  0  81  81  81  81  81  81  0  0  81  81  0  81  0  0  81  81  81  81  81  81  81  0  

81  0  0  0  81  81  0  0  0  81  0  81  81  0  81  0  0  81  0  81  81  0  0  0  0  0  0  0  81  0  81  81  0  0  81  0  0  0  81  0  81  0  81  0  81  0  0  0  0  81  0  81  0  0  81  0  0  0  0  81  0  81  0  0  0  0  0  81  81  0  0  0  81  0  0  81  81  81  0  0  

81  81  81  0  0  0  0  0  81  0  0  81  81  81  81  0  0  0  81  81  0  0  0  0  81  0  81  81  81  0  81  81  81  81  0  81  0  0  0  0  0  81  81  0  81  81  0  81  0  0  0  81  0  81  81  81  81  0  81  0  0  81  81  81  81  0  0  81  0  81  81  0  81  0  0  81  81  81  81  81  

0  0  0  0  81  0  0  0  0  0  0  81  81  0  0  81  0  0  0  0  81  0  81  0  0  81  81  0  0  81  81  81  81  0  0  0  81  0  0  0  81  81  0  81  81  81  0  0  0  0  0  0  0  81  0  81  81  81  81  0  0  0  0  81  81  0  0  0  81  81  0  0  81  81  81  81  0  81  81  81  

81  81  0  0  0  0  0  0  81  0  81  0  81  81  81  0  0  81  0  81  0  81  81  81  81  0  81  81  81  0  0  0  0  81  0  0  0  0  81  0  81  81  0  0  81  0  0  81  81  81  0  81  0  0  81  0  0  81  0  0  0  0  0  0  81  81  81  0  81  0  0  0  0  0  0  0  0  81  81  81  

UnPairedArc=
1 4 
1 8 
1 9 
1 10 
1 11 
1 13 
1 15 
1 16 
1 20 
1 21 
1 23 
1 25 
1 26 
1 31 
1 36 
1 37 
1 38 
1 40 
1 42 
1 43 
1 44 
1 46 
1 48 
1 54 
1 55 
1 58 
1 61 
1 62 
1 66 
1 68 
1 69 
1 70 
1 73 
1 75 
1 77 
1 78 
1 80 
2 3 
2 5 
2 6 
2 8 
2 12 
2 13 
2 15 
2 16 
2 18 
2 21 
2 22 
2 24 
2 26 
2 27 
2 30 
2 31 
2 32 
2 33 
2 36 
2 39 
2 40 
2 41 
2 43 
2 47 
2 50 
2 57 
2 59 
2 61 
2 62 
2 63 
2 68 
2 69 
2 70 
2 72 
2 75 
2 78 
2 80 
3 5 
3 6 
3 8 
3 9 
3 12 
3 14 
3 16 
3 19 
3 20 
3 21 
3 22 
3 23 
3 26 
3 29 
3 30 
3 31 
3 33 
3 36 
3 38 
3 39 
3 42 
3 43 
3 45 
3 46 
3 47 
3 49 
3 50 
3 53 
3 54 
3 55 
3 58 
3 59 
3 60 
3 67 
3 68 
3 69 
3 73 
3 74 
3 75 
3 76 
3 78 
4 5 
4 6 
4 7 
4 8 
4 11 
4 14 
4 16 
4 19 
4 20 
4 22 
4 23 
4 26 
4 27 
4 28 
4 29 
4 30 
4 31 
4 33 
4 34 
4 36 
4 37 
4 38 
4 40 
4 41 
4 42 
4 44 
4 45 
4 46 
4 49 
4 50 
4 52 
4 54 
4 56 
4 58 
4 59 
4 61 
4 62 
4 63 
4 66 
4 67 
4 69 
4 70 
4 71 
4 72 
4 75 
5 9 
5 11 
5 12 
5 15 
5 16 
5 17 
5 18 
5 19 
5 20 
5 25 
5 27 
5 29 
5 30 
5 31 
5 33 
5 34 
5 35 
5 36 
5 37 
5 38 
5 40 
5 43 
5 44 
5 45 
5 46 
5 49 
5 50 
5 53 
5 54 
5 55 
5 57 
5 59 
5 61 
5 63 
5 71 
5 73 
5 75 
5 76 
5 77 
5 79 
6 7 
6 8 
6 9 
6 12 
6 15 
6 16 
6 17 
6 18 
6 20 
6 22 
6 23 
6 24 
6 25 
6 26 
6 30 
6 34 
6 35 
6 36 
6 39 
6 40 
6 42 
6 43 
6 44 
6 45 
6 46 
6 47 
6 49 
6 50 
6 51 
6 52 
6 56 
6 58 
6 59 
6 60 
6 61 
6 62 
6 65 
6 67 
6 68 
6 69 
6 70 
6 74 
6 75 
6 77 
7 8 
7 12 
7 13 
7 18 
7 20 
7 22 
7 23 
7 25 
7 28 
7 31 
7 34 
7 38 
7 40 
7 42 
7 43 
7 44 
7 46 
7 48 
7 51 
7 56 
7 57 
7 62 
7 63 
7 65 
7 67 
7 70 
7 71 
7 72 
7 73 
7 74 
7 76 
8 11 
8 14 
8 17 
8 19 
8 21 
8 22 
8 23 
8 24 
8 25 
8 26 
8 27 
8 28 
8 32 
8 33 
8 35 
8 38 
8 42 
8 46 
8 48 
8 51 
8 54 
8 55 
8 56 
8 58 
8 59 
8 61 
8 65 
8 68 
8 72 
8 75 
9 10 
9 11 
9 12 
9 14 
9 16 
9 18 
9 19 
9 22 
9 24 
9 25 
9 26 
9 27 
9 28 
9 29 
9 31 
9 36 
9 42 
9 43 
9 45 
9 48 
9 49 
9 50 
9 52 
9 54 
9 56 
9 58 
9 59 
9 61 
9 62 
9 63 
9 64 
9 68 
9 71 
9 73 
9 74 
9 76 
9 78 
9 80 
10 11 
10 13 
10 14 
10 16 
10 17 
10 18 
10 21 
10 25 
10 26 
10 27 
10 30 
10 31 
10 34 
10 39 
10 41 
10 46 
10 51 
10 52 
10 53 
10 54 
10 58 
10 62 
10 64 
10 66 
10 67 
10 71 
10 72 
10 73 
10 74 
10 75 
10 77 
11 13 
11 14 
11 17 
11 18 
11 19 
11 22 
11 23 
11 24 
11 25 
11 27 
11 30 
11 32 
11 34 
11 38 
11 40 
11 41 
11 42 
11 44 
11 45 
11 51 
11 52 
11 59 
11 60 
11 61 
11 63 
11 65 
11 68 
11 69 
11 70 
11 71 
11 73 
11 75 
11 80 
12 14 
12 16 
12 18 
12 20 
12 21 
12 24 
12 26 
12 29 
12 30 
12 34 
12 35 
12 36 
12 38 
12 45 
12 46 
12 47 
12 49 
12 52 
12 53 
12 54 
12 56 
12 58 
12 60 
12 62 
12 65 
12 66 
12 67 
12 71 
12 77 
12 78 
12 79 
13 14 
13 16 
13 18 
13 19 
13 20 
13 23 
13 24 
13 25 
13 27 
13 28 
13 29 
13 30 
13 32 
13 34 
13 37 
13 45 
13 49 
13 52 
13 55 
13 56 
13 58 
13 60 
13 61 
13 68 
13 70 
13 71 
13 73 
13 77 
13 78 
13 79 
13 80 
14 15 
14 17 
14 18 
14 21 
14 22 
14 23 
14 26 
14 28 
14 29 
14 30 
14 31 
14 32 
14 34 
14 35 
14 36 
14 38 
14 39 
14 40 
14 41 
14 42 
14 44 
14 47 
14 49 
14 50 
14 51 
14 52 
14 54 
14 56 
14 57 
14 62 
14 63 
14 65 
14 66 
14 74 
14 76 
14 78 
14 80 
15 17 
15 22 
15 25 
15 27 
15 30 
15 34 
15 36 
15 38 
15 40 
15 43 
15 44 
15 45 
15 50 
15 53 
15 59 
15 60 
15 61 
15 62 
15 65 
15 66 
15 68 
15 69 
15 71 
15 74 
15 75 
15 77 
15 78 
15 80 
16 17 
16 19 
16 20 
16 22 
16 23 
16 25 
16 27 
16 32 
16 33 
16 34 
16 35 
16 37 
16 38 
16 39 
16 40 
16 43 
16 44 
16 46 
16 49 
16 51 
16 55 
16 57 
16 60 
16 63 
16 64 
16 66 
16 67 
16 70 
16 72 
16 73 
16 75 
16 76 
16 79 
17 18 
17 19 
17 23 
17 27 
17 28 
17 29 
17 31 
17 32 
17 33 
17 34 
17 37 
17 39 
17 44 
17 47 
17 48 
17 52 
17 59 
17 60 
17 61 
17 62 
17 63 
17 65 
17 66 
17 67 
17 71 
17 72 
17 73 
17 74 
17 75 
17 76 
18 19 
18 20 
18 21 
18 22 
18 23 
18 24 
18 25 
18 26 
18 29 
18 32 
18 34 
18 37 
18 38 
18 39 
18 40 
18 41 
18 43 
18 58 
18 60 
18 66 
18 67 
18 69 
18 74 
18 77 
18 80 
19 20 
19 21 
19 23 
19 24 
19 26 
19 27 
19 31 
19 32 
19 33 
19 35 
19 37 
19 38 
19 41 
19 44 
19 45 
19 46 
19 47 
19 52 
19 55 
19 57 
19 62 
19 64 
19 65 
19 67 
19 68 
19 72 
19 74 
19 76 
19 78 
20 22 
20 23 
20 24 
20 26 
20 28 
20 30 
20 33 
20 34 
20 37 
20 41 
20 43 
20 47 
20 48 
20 50 
20 51 
20 55 
20 56 
20 57 
20 58 
20 60 
20 62 
20 64 
20 65 
20 67 
20 69 
20 70 
20 72 
20 73 
20 74 
20 75 
20 77 
20 78 
20 80 
21 22 
21 24 
21 25 
21 27 
21 28 
21 30 
21 31 
21 32 
21 36 
21 37 
21 38 
21 39 
21 40 
21 47 
21 52 
21 53 
21 55 
21 64 
21 67 
21 69 
21 71 
21 75 
21 77 
21 79 
22 24 
22 25 
22 26 
22 27 
22 28 
22 31 
22 35 
22 36 
22 37 
22 39 
22 40 
22 41 
22 46 
22 47 
22 49 
22 54 
22 58 
22 60 
22 61 
22 63 
22 64 
22 65 
22 70 
22 71 
22 72 
22 73 
22 74 
22 80 
23 24 
23 26 
23 27 
23 31 
23 34 
23 37 
23 40 
23 42 
23 43 
23 44 
23 45 
23 47 
23 51 
23 55 
23 60 
23 61 
23 63 
23 65 
23 67 
23 68 
23 73 
23 74 
23 75 
23 79 
23 80 
24 26 
24 28 
24 29 
24 30 
24 32 
24 33 
24 34 
24 37 
24 38 
24 41 
24 44 
24 45 
24 49 
24 50 
24 52 
24 56 
24 57 
24 59 
24 61 
24 62 
24 64 
24 67 
24 74 
24 80 
25 27 
25 28 
25 29 
25 32 
25 35 
25 36 
25 37 
25 38 
25 40 
25 41 
25 42 
25 43 
25 45 
25 47 
25 48 
25 50 
25 55 
25 61 
25 65 
25 66 
25 68 
25 70 
25 73 
25 76 
25 78 
25 80 
26 28 
26 29 
26 31 
26 32 
26 33 
26 34 
26 38 
26 39 
26 43 
26 44 
26 45 
26 47 
26 55 
26 56 
26 58 
26 63 
26 66 
26 67 
26 68 
26 71 
26 72 
26 74 
26 79 
27 29 
27 30 
27 32 
27 33 
27 34 
27 35 
27 49 
27 50 
27 53 
27 54 
27 56 
27 61 
27 62 
27 67 
27 72 
27 73 
27 74 
27 76 
27 78 
27 79 
27 80 
28 30 
28 34 
28 35 
28 37 
28 38 
28 40 
28 42 
28 44 
28 50 
28 53 
28 54 
28 56 
28 57 
28 61 
28 62 
28 63 
28 65 
28 67 
28 68 
28 69 
28 70 
28 72 
28 73 
28 74 
28 75 
28 78 
28 80 
29 32 
29 33 
29 34 
29 35 
29 36 
29 37 
29 41 
29 44 
29 45 
29 46 
29 49 
29 50 
29 54 
29 55 
29 57 
29 59 
29 63 
29 64 
29 65 
29 67 
29 68 
29 69 
29 70 
29 71 
29 77 
29 78 
29 80 
30 32 
30 33 
30 35 
30 36 
30 38 
30 39 
30 40 
30 44 
30 46 
30 47 
30 50 
30 51 
30 53 
30 55 
30 61 
30 62 
30 64 
30 65 
30 66 
30 72 
30 73 
30 74 
30 79 
31 33 
31 37 
31 38 
31 40 
31 42 
31 44 
31 46 
31 50 
31 51 
31 54 
31 56 
31 58 
31 59 
31 60 
31 61 
31 65 
31 66 
31 67 
31 73 
31 75 
31 76 
31 77 
31 78 
31 79 
32 33 
32 40 
32 41 
32 43 
32 45 
32 48 
32 50 
32 51 
32 52 
32 56 
32 57 
32 59 
32 61 
32 62 
32 67 
32 68 
32 71 
32 74 
32 77 
32 78 
32 79 
33 34 
33 36 
33 37 
33 38 
33 39 
33 40 
33 41 
33 44 
33 46 
33 49 
33 51 
33 52 
33 53 
33 54 
33 55 
33 56 
33 58 
33 65 
33 66 
33 67 
33 68 
33 70 
33 71 
33 72 
33 73 
33 75 
33 76 
33 78 
33 79 
34 38 
34 39 
34 40 
34 44 
34 45 
34 47 
34 49 
34 50 
34 53 
34 54 
34 55 
34 56 
34 57 
34 58 
34 64 
34 65 
34 66 
34 70 
34 71 
34 72 
34 74 
34 78 
34 80 
35 36 
35 38 
35 41 
35 42 
35 47 
35 50 
35 51 
35 52 
35 53 
35 55 
35 56 
35 57 
35 58 
35 60 
35 63 
35 69 
35 70 
35 74 
35 75 
35 77 
36 37 
36 39 
36 42 
36 46 
36 50 
36 51 
36 54 
36 56 
36 59 
36 62 
36 66 
36 67 
36 68 
36 71 
36 72 
36 73 
36 76 
36 78 
37 39 
37 40 
37 42 
37 44 
37 57 
37 59 
37 60 
37 61 
37 63 
37 64 
37 65 
37 67 
37 68 
37 69 
37 70 
37 71 
37 79 
38 39 
38 41 
38 42 
38 43 
38 44 
38 46 
38 48 
38 50 
38 51 
38 53 
38 54 
38 55 
38 56 
38 57 
38 58 
38 60 
38 61 
38 62 
38 64 
38 65 
38 66 
38 71 
38 75 
38 76 
39 40 
39 41 
39 42 
39 43 
39 46 
39 50 
39 51 
39 52 
39 53 
39 54 
39 62 
39 63 
39 70 
39 71 
39 76 
39 77 
39 80 
40 41 
40 47 
40 48 
40 49 
40 50 
40 52 
40 53 
40 56 
40 57 
40 58 
40 59 
40 60 
40 65 
40 66 
40 68 
40 72 
40 73 
40 74 
40 75 
41 42 
41 46 
41 47 
41 49 
41 52 
41 53 
41 54 
41 55 
41 58 
41 60 
41 62 
41 64 
41 65 
41 67 
41 68 
41 69 
41 72 
41 73 
41 75 
41 76 
41 77 
41 79 
41 80 
42 43 
42 46 
42 47 
42 50 
42 51 
42 55 
42 57 
42 58 
42 64 
42 65 
42 71 
42 72 
42 74 
42 78 
42 79 
42 80 
43 44 
43 45 
43 46 
43 49 
43 50 
43 51 
43 53 
43 54 
43 56 
43 62 
43 63 
43 64 
43 67 
43 68 
43 70 
43 71 
43 73 
43 74 
43 76 
43 77 
43 78 
44 45 
44 46 
44 50 
44 51 
44 52 
44 53 
44 54 
44 59 
44 61 
44 63 
44 66 
44 67 
44 68 
44 69 
44 70 
44 71 
44 72 
44 73 
44 74 
44 76 
44 79 
45 46 
45 48 
45 50 
45 52 
45 56 
45 57 
45 60 
45 65 
45 69 
45 70 
45 71 
45 77 
45 78 
45 79 
45 80 
46 47 
46 49 
46 50 
46 53 
46 54 
46 59 
46 61 
46 66 
46 72 
46 73 
46 75 
46 78 
46 79 
47 48 
47 50 
47 51 
47 53 
47 55 
47 56 
47 59 
47 64 
47 65 
47 66 
47 68 
47 70 
47 71 
47 74 
48 49 
48 51 
48 53 
48 54 
48 56 
48 58 
48 63 
48 65 
48 67 
48 68 
48 69 
48 70 
48 71 
48 72 
48 73 
48 74 
48 75 
48 76 
48 78 
48 80 
49 50 
49 51 
49 53 
49 60 
49 62 
49 63 
49 64 
49 65 
49 66 
49 68 
49 70 
49 71 
49 72 
49 73 
49 74 
49 80 
50 52 
50 54 
50 55 
50 57 
50 58 
50 60 
50 62 
50 63 
50 65 
50 66 
50 67 
50 68 
50 71 
50 72 
50 73 
50 74 
50 76 
50 77 
50 80 
51 52 
51 54 
51 56 
51 58 
51 59 
51 60 
51 61 
51 66 
51 69 
51 70 
51 71 
51 73 
51 74 
51 75 
52 53 
52 54 
52 55 
52 56 
52 59 
52 60 
52 61 
52 62 
52 63 
52 65 
52 67 
52 69 
52 70 
52 71 
52 73 
52 75 
52 76 
52 77 
52 78 
52 80 
53 54 
53 56 
53 57 
53 58 
53 61 
53 62 
53 63 
53 64 
53 65 
53 69 
53 71 
53 73 
53 75 
54 55 
54 56 
54 57 
54 59 
54 60 
54 63 
54 64 
54 71 
54 72 
54 78 
54 79 
55 56 
55 57 
55 61 
55 62 
55 63 
55 64 
55 66 
55 67 
55 73 
55 74 
55 75 
55 76 
55 77 
55 78 
55 80 
56 57 
56 58 
56 64 
56 65 
56 67 
56 72 
56 76 
56 78 
56 79 
57 58 
57 62 
57 63 
57 64 
57 65 
57 66 
57 69 
57 72 
57 74 
57 76 
57 78 
57 79 
58 59 
58 61 
58 62 
58 64 
58 67 
58 71 
58 75 
58 79 
58 80 
59 61 
59 62 
59 65 
59 66 
59 72 
59 73 
59 74 
59 76 
59 78 
59 79 
60 62 
60 63 
60 65 
60 68 
60 69 
60 70 
60 71 
60 73 
60 75 
60 76 
60 77 
61 62 
61 65 
61 66 
61 68 
61 70 
61 75 
61 76 
62 63 
62 64 
62 65 
62 66 
62 72 
62 74 
62 76 
62 77 
62 78 
63 65 
63 66 
63 69 
63 70 
63 71 
63 76 
63 78 
64 67 
64 68 
64 70 
64 71 
64 74 
64 76 
64 78 
64 79 
65 66 
65 67 
65 69 
65 70 
65 71 
65 73 
65 78 
65 79 
65 80 
66 68 
66 70 
66 71 
66 72 
66 75 
66 80 
67 68 
67 69 
67 71 
67 72 
67 74 
67 75 
67 76 
67 80 
68 69 
68 72 
68 74 
68 76 
68 77 
68 78 
69 70 
69 72 
69 74 
69 75 
69 77 
69 79 
69 80 
70 72 
70 73 
70 74 
70 76 
70 78 
70 79 
71 72 
71 73 
71 74 
71 78 
72 75 
73 74 
73 75 
73 76 
73 77 
73 78 
73 79 
74 76 
74 79 
75 76 
75 79 
76 77 
76 78 
76 79 
77 78 
78 79 
78 80 
79 80 
