nNodes=60;
 nPairs=343;
Cost=

61  0  0  61  0  0  0  0  0  61  61  61  0  0  0  0  0  61  0  0  0  0  0  0  0  0  61  0  0  0  0  0  0  0  0  0  0  0  0  0  0  0  61  0  0  0  0  0  61  0  0  0  0  61  61  0  0  0  0  0  

0  61  0  0  61  61  0  61  0  0  0  0  0  0  0  0  0  61  0  0  0  61  61  61  0  61  0  0  0  0  0  0  0  0  61  61  0  0  0  0  0  0  0  61  0  0  0  61  0  0  0  0  0  0  61  61  0  0  0  0  

0  0  61  61  61  0  0  61  61  61  61  0  61  0  0  0  0  0  0  0  0  0  0  0  0  0  0  0  0  0  61  0  0  0  0  0  0  0  0  0  0  0  0  0  0  0  0  61  0  61  0  0  0  0  61  0  0  0  0  0  

61  0  61  61  0  0  0  0  0  0  0  0  0  0  61  0  0  0  0  0  0  0  0  0  0  0  61  61  0  0  0  0  0  0  0  0  0  0  0  0  0  0  0  0  0  0  0  61  61  0  0  0  0  0  0  0  0  0  0  0  

0  61  61  0  61  0  0  0  0  0  0  0  0  0  0  61  0  61  0  0  0  0  61  0  61  0  0  61  61  0  0  0  61  61  61  61  61  0  0  0  0  61  0  61  0  0  61  0  61  0  0  0  0  61  0  0  0  61  61  0  

0  61  0  0  0  61  61  0  61  61  0  0  0  0  0  0  0  0  0  0  0  0  0  61  0  0  0  61  0  0  61  0  0  61  0  0  0  0  0  0  0  61  0  61  0  0  0  61  0  0  0  0  61  0  0  0  0  0  0  0  

0  0  0  0  0  61  61  0  0  0  0  0  61  0  0  0  61  61  0  61  0  0  0  0  0  0  0  0  61  0  61  0  0  61  0  0  0  0  0  61  0  0  61  61  61  0  0  0  0  0  61  0  0  0  0  0  0  0  0  0  

0  61  61  0  0  0  0  61  61  0  0  0  0  0  0  0  0  0  61  0  61  0  0  0  0  0  0  0  61  0  0  0  61  0  0  0  0  0  61  0  0  0  61  0  0  0  0  0  0  0  0  0  0  0  0  0  61  0  0  0  

0  0  61  0  0  61  0  61  61  0  61  0  0  0  0  0  0  0  0  61  61  0  0  0  0  61  0  0  0  0  0  61  0  0  0  0  0  0  0  0  61  61  0  0  61  0  61  0  0  0  61  61  0  0  0  0  0  0  0  0  

61  0  61  0  0  61  0  0  0  61  61  61  0  0  0  0  0  61  0  0  0  0  0  0  0  0  0  0  61  0  0  61  0  0  0  0  0  0  0  0  61  0  61  0  0  0  0  0  0  0  0  0  0  0  0  0  0  0  0  0  

61  0  61  0  0  0  0  0  61  61  61  0  0  0  0  61  0  0  0  0  0  0  0  0  61  0  0  0  0  0  0  0  0  0  0  0  0  0  0  0  0  0  0  61  0  61  61  0  0  0  0  0  61  0  0  61  0  0  0  0  

61  0  0  0  0  0  0  0  0  61  0  61  0  0  0  0  61  0  0  61  61  0  0  0  0  0  0  0  61  0  61  61  61  0  0  0  0  0  0  0  0  0  0  61  61  0  0  0  0  0  0  61  61  0  0  0  0  0  0  0  

0  0  61  0  0  0  61  0  0  0  0  0  61  0  0  0  0  61  0  61  0  0  61  0  0  0  61  0  0  0  0  0  0  0  0  61  0  0  0  61  61  61  61  0  0  0  0  0  61  61  0  0  0  0  0  0  0  61  0  0  

0  0  0  0  0  0  0  0  0  0  0  0  0  61  61  0  61  0  61  0  61  0  0  0  61  0  0  0  0  61  0  61  0  0  0  0  0  0  0  0  0  0  0  0  0  0  0  0  0  0  0  0  0  0  0  0  0  61  0  0  

0  0  0  61  0  0  0  0  0  0  0  0  0  61  61  0  61  0  0  0  0  0  61  0  0  0  0  61  0  0  0  0  0  0  0  61  0  0  0  61  61  0  0  0  0  0  0  0  0  0  61  61  0  61  0  0  0  0  61  0  

0  0  0  0  61  0  0  0  0  0  61  0  0  0  0  61  0  0  61  0  0  0  61  0  0  0  0  0  0  0  0  0  0  61  0  0  0  61  61  0  0  0  0  0  0  0  61  0  0  0  0  0  0  0  61  0  0  0  0  61  

0  0  0  0  0  0  61  0  0  0  0  61  0  61  61  0  61  0  0  61  0  0  61  0  0  0  0  0  0  61  0  0  0  61  0  61  0  0  0  61  0  0  0  0  0  0  0  0  61  0  0  0  0  0  0  0  61  0  0  0  

61  61  0  0  61  0  61  0  0  61  0  0  61  0  0  0  0  61  0  0  61  0  0  61  0  0  0  0  0  0  61  61  61  0  0  0  0  0  0  0  0  0  61  61  0  0  0  0  0  61  0  0  0  0  0  61  0  61  0  0  

0  0  0  0  0  0  0  61  0  0  0  0  0  61  0  61  0  0  61  0  0  61  0  61  0  61  0  61  0  0  0  61  0  61  0  0  0  0  0  61  61  0  0  0  0  0  0  0  61  0  61  0  61  0  61  0  0  0  61  0  

0  0  0  0  0  0  61  0  61  0  0  61  61  0  0  0  61  0  0  61  0  0  0  0  0  0  0  0  0  0  0  0  0  0  61  0  0  61  0  0  0  0  0  61  0  0  61  0  0  0  0  0  0  0  0  0  61  61  0  0  

0  0  0  0  0  0  0  61  61  0  0  61  0  61  0  0  0  61  0  0  61  0  0  0  61  0  0  0  0  0  0  0  0  0  0  0  0  0  61  0  61  61  0  0  61  0  0  0  61  61  0  0  0  0  0  0  0  0  0  0  

0  61  0  0  0  0  0  0  0  0  0  0  0  0  0  0  0  0  61  0  0  61  61  0  0  61  0  0  61  61  0  0  61  0  61  0  61  0  0  61  0  0  0  0  0  61  0  0  0  0  0  0  0  61  0  0  61  0  0  0  

0  61  0  0  61  0  0  0  0  0  0  0  61  0  61  61  61  0  0  0  0  61  61  0  61  0  0  0  61  0  0  0  0  0  0  0  0  0  61  61  0  0  61  0  0  0  0  61  0  61  0  0  0  61  0  0  0  0  61  0  

0  61  0  0  0  61  0  0  0  0  0  0  0  0  0  0  0  61  61  0  0  0  0  61  0  0  0  0  61  0  0  61  0  0  0  0  0  0  0  0  0  0  0  0  0  61  0  61  0  0  0  0  0  0  0  0  0  0  0  0  

0  0  0  0  61  0  0  0  0  0  61  0  0  61  0  0  0  0  0  0  61  0  61  0  61  0  61  0  0  0  0  0  0  0  0  0  0  0  0  0  0  0  0  0  0  0  61  0  0  0  0  0  0  0  61  61  0  0  0  0  

0  61  0  0  0  0  0  0  61  0  0  0  0  0  0  0  0  0  61  0  0  61  0  0  0  61  0  0  0  0  61  0  61  0  0  0  0  0  0  0  0  0  0  61  0  0  0  0  0  61  0  0  0  0  0  0  61  0  0  0  

61  0  0  61  0  0  0  0  0  0  0  0  61  0  0  0  0  0  0  0  0  0  0  0  61  0  61  0  0  0  61  0  61  0  0  0  0  0  0  61  61  0  0  0  0  0  61  0  0  0  0  0  0  61  0  0  61  0  0  0  

0  0  0  61  61  61  0  0  0  0  0  0  0  0  61  0  0  0  61  0  0  0  0  0  0  0  0  61  0  0  61  0  0  0  0  0  0  0  0  0  0  0  0  0  0  0  61  0  0  0  0  0  0  0  0  0  0  0  0  0  

0  0  0  0  61  0  61  61  0  61  0  61  0  0  0  0  0  0  0  0  0  61  61  61  0  0  0  0  61  0  0  0  0  0  61  0  61  0  61  0  0  0  0  0  0  0  0  0  0  0  0  0  0  0  0  61  0  0  0  0  

0  0  0  0  0  0  0  0  0  0  0  0  0  61  0  0  61  0  0  0  0  61  0  0  0  0  0  0  0  61  0  0  0  0  0  0  0  61  0  0  0  0  61  0  0  0  61  0  61  0  0  0  0  61  0  0  0  0  61  0  

0  0  61  0  0  61  61  0  0  0  0  61  0  0  0  0  0  61  0  0  0  0  0  0  0  61  61  61  0  0  61  0  0  0  0  0  0  61  61  0  61  0  0  0  0  61  0  0  61  0  0  61  0  61  0  0  0  0  0  0  

0  0  0  0  0  0  0  0  61  61  0  61  0  61  0  0  0  61  61  0  0  0  0  61  0  0  0  0  0  0  0  61  0  0  61  0  61  0  61  0  61  61  0  0  0  0  0  0  61  0  61  61  0  0  0  0  0  0  0  0  

0  0  0  0  61  0  0  61  0  0  0  61  0  0  0  0  0  61  0  0  0  61  0  0  0  61  61  0  0  0  0  0  61  0  0  0  0  0  0  0  0  0  0  0  61  0  0  0  0  0  0  0  0  0  0  0  61  0  61  61  

0  0  0  0  61  61  61  0  0  0  0  0  0  0  0  61  61  0  61  0  0  0  0  0  0  0  0  0  0  0  0  0  0  61  0  0  0  0  0  0  0  61  0  61  0  61  61  61  0  0  0  0  0  61  0  61  0  0  0  0  

0  61  0  0  61  0  0  0  0  0  0  0  0  0  0  0  0  0  0  61  0  61  0  0  0  0  0  0  61  0  0  61  0  0  61  0  61  0  0  61  0  0  0  0  0  0  61  0  0  0  0  0  0  0  0  0  0  0  0  0  

0  61  0  0  61  0  0  0  0  0  0  0  61  0  61  0  61  0  0  0  0  0  0  0  0  0  0  0  0  0  0  0  0  0  0  61  0  0  0  0  0  0  61  0  61  0  0  0  0  0  0  0  0  0  0  0  0  0  0  0  

0  0  0  0  61  0  0  0  0  0  0  0  0  0  0  0  0  0  0  0  0  61  0  0  0  0  0  0  61  0  0  61  0  0  61  0  61  0  0  0  61  0  0  0  61  0  0  0  61  0  0  0  61  0  0  0  61  61  0  0  

0  0  0  0  0  0  0  0  0  0  0  0  0  0  0  61  0  0  0  61  0  0  0  0  0  0  0  0  0  61  61  0  0  0  0  0  0  61  0  0  0  0  0  0  0  0  61  0  0  0  0  0  0  0  0  0  0  0  61  0  

0  0  0  0  0  0  0  61  0  0  0  0  0  0  0  61  0  0  0  0  61  0  61  0  0  0  0  0  61  0  61  61  0  0  0  0  0  0  61  0  61  0  0  0  0  0  61  61  0  0  61  0  0  0  0  0  0  0  0  0  

0  0  0  0  0  0  61  0  0  0  0  0  61  0  61  0  61  0  61  0  0  61  61  0  0  0  61  0  0  0  0  0  0  0  61  0  0  0  0  61  61  0  0  0  0  61  0  0  0  61  61  61  0  0  0  0  0  0  61  0  

0  0  0  0  0  0  0  0  61  61  0  0  61  0  61  0  0  0  61  0  61  0  0  0  0  0  61  0  0  0  61  61  0  0  0  0  61  0  61  61  61  0  0  61  0  0  61  0  0  0  0  61  0  61  61  61  0  0  0  0  

0  0  0  0  61  61  0  0  61  0  0  0  61  0  0  0  0  0  0  0  61  0  0  0  0  0  0  0  0  0  0  61  0  61  0  0  0  0  0  0  0  61  0  0  0  0  0  61  0  0  0  0  0  0  0  0  0  0  0  0  

61  0  0  0  0  0  61  61  0  61  0  0  61  0  0  0  0  61  0  0  0  0  61  0  0  0  0  0  0  61  0  0  0  0  0  61  0  0  0  0  0  0  61  61  0  0  0  0  61  0  61  61  0  0  61  0  0  61  61  0  

0  61  0  0  61  61  61  0  0  0  61  61  0  0  0  0  0  61  0  61  0  0  0  0  0  61  0  0  0  0  0  0  0  61  0  0  0  0  0  0  61  0  61  61  0  0  0  0  0  0  61  0  0  0  0  0  0  0  0  0  

0  0  0  0  0  0  61  0  61  0  0  61  0  0  0  0  0  0  0  0  61  0  0  0  0  0  0  0  0  0  0  0  61  0  0  61  61  0  0  0  0  0  0  0  61  0  0  0  0  0  0  0  61  0  0  61  0  0  0  61  

0  0  0  0  0  0  0  0  0  0  61  0  0  0  0  0  0  0  0  0  0  61  0  61  0  0  0  0  0  0  61  0  0  61  0  0  0  0  0  61  0  0  0  0  0  61  0  0  0  0  0  0  0  61  0  0  0  0  0  0  

0  0  0  0  61  0  0  0  61  0  61  0  0  0  0  61  0  0  0  61  0  0  0  0  61  0  61  61  0  61  0  0  0  61  61  0  0  61  61  0  61  0  0  0  0  0  61  0  0  0  0  0  61  0  0  61  61  61  0  0  

0  61  61  61  0  61  0  0  0  0  0  0  0  0  0  0  0  0  0  0  0  0  61  61  0  0  0  0  0  0  0  0  0  61  0  0  0  0  61  0  0  61  0  0  0  0  0  61  0  61  0  0  0  0  0  0  0  0  0  0  

61  0  0  61  61  0  0  0  0  0  0  0  61  0  0  0  61  0  61  0  61  0  0  0  0  0  0  0  0  61  61  61  0  0  0  0  61  0  0  0  0  0  61  0  0  0  0  0  61  0  0  0  61  0  0  0  0  61  0  0  

0  0  61  0  0  0  0  0  0  0  0  0  61  0  0  0  0  61  0  0  61  0  61  0  0  61  0  0  0  0  0  0  0  0  0  0  0  0  0  61  0  0  0  0  0  0  0  61  0  61  0  0  61  0  0  0  0  0  0  0  

0  0  0  0  0  0  61  0  61  0  0  0  0  0  61  0  0  0  61  0  0  0  0  0  0  0  0  0  0  0  0  61  0  0  0  0  0  0  61  61  0  0  61  61  0  0  0  0  0  0  61  0  0  0  0  0  0  61  0  0  

0  0  0  0  0  0  0  0  61  0  0  61  0  0  61  0  0  0  0  0  0  0  0  0  0  0  0  0  0  0  61  61  0  0  0  0  0  0  0  61  61  0  61  0  0  0  0  0  0  0  0  61  0  0  0  61  0  0  0  61  

0  0  0  0  0  61  0  0  0  0  61  61  0  0  0  0  0  0  61  0  0  0  0  0  0  0  0  0  0  0  0  0  0  0  0  0  61  0  0  0  0  0  0  0  61  0  61  0  61  61  0  0  61  61  0  0  0  0  0  0  

61  0  0  0  61  0  0  0  0  0  0  0  0  0  61  0  0  0  0  0  0  61  61  0  0  0  61  0  0  61  61  0  0  61  0  0  0  0  0  0  61  0  0  0  0  61  0  0  0  0  0  0  61  61  0  61  0  0  0  0  

61  61  61  0  0  0  0  0  0  0  0  0  0  0  0  61  0  0  61  0  0  0  0  0  61  0  0  0  0  0  0  0  0  0  0  0  0  0  0  0  61  0  61  0  0  0  0  0  0  0  0  0  0  0  61  0  0  0  0  61  

0  61  0  0  0  0  0  0  0  0  61  0  0  0  0  0  0  61  0  0  0  0  0  0  61  0  0  0  61  0  0  0  0  61  0  0  0  0  0  0  61  0  0  0  61  0  61  0  0  0  0  61  0  61  0  61  0  0  0  61  

0  0  0  0  0  0  0  61  0  0  0  0  0  0  0  0  61  0  0  61  0  61  0  0  0  61  61  0  0  0  0  0  61  0  0  0  61  0  0  0  0  0  0  0  0  0  61  0  0  0  0  0  0  0  0  0  61  0  0  61  

0  0  0  0  61  0  0  0  0  0  0  0  61  61  0  0  0  61  0  61  0  0  0  0  0  0  0  0  0  0  0  0  0  0  0  0  61  0  0  0  0  0  61  0  0  0  61  0  61  0  61  0  0  0  0  0  0  61  0  0  

0  0  0  0  61  0  0  0  0  0  0  0  0  0  61  0  0  0  61  0  0  0  61  0  0  0  0  0  0  61  0  0  61  0  0  0  0  61  0  61  0  0  61  0  0  0  0  0  0  0  0  0  0  0  0  0  0  0  61  0  

0  0  0  0  0  0  0  0  0  0  0  0  0  0  0  61  0  0  0  0  0  0  0  0  0  0  0  0  0  0  0  0  61  0  0  0  0  0  0  0  0  0  0  0  61  0  0  0  0  0  0  61  0  0  61  61  61  0  0  61  

UnPairedArc=
1 4 
1 10 
1 11 
1 12 
1 18 
1 27 
1 43 
1 49 
1 54 
1 55 
2 5 
2 6 
2 8 
2 18 
2 22 
2 23 
2 24 
2 26 
2 35 
2 36 
2 44 
2 48 
2 55 
2 56 
3 4 
3 5 
3 8 
3 9 
3 10 
3 11 
3 13 
3 31 
3 48 
3 50 
3 55 
4 15 
4 27 
4 28 
4 48 
4 49 
5 16 
5 18 
5 23 
5 25 
5 28 
5 29 
5 33 
5 34 
5 35 
5 36 
5 37 
5 42 
5 44 
5 47 
5 49 
5 54 
5 58 
5 59 
6 7 
6 9 
6 10 
6 24 
6 28 
6 31 
6 34 
6 42 
6 44 
6 48 
6 53 
7 13 
7 17 
7 18 
7 20 
7 29 
7 31 
7 34 
7 40 
7 43 
7 44 
7 45 
7 51 
8 9 
8 19 
8 21 
8 29 
8 33 
8 39 
8 43 
8 57 
9 11 
9 20 
9 21 
9 26 
9 32 
9 41 
9 42 
9 45 
9 47 
9 51 
9 52 
10 11 
10 12 
10 18 
10 29 
10 32 
10 41 
10 43 
11 16 
11 25 
11 44 
11 46 
11 47 
11 53 
11 56 
12 17 
12 20 
12 21 
12 29 
12 31 
12 32 
12 33 
12 44 
12 45 
12 52 
12 53 
13 18 
13 20 
13 23 
13 27 
13 36 
13 40 
13 41 
13 42 
13 43 
13 49 
13 50 
13 58 
14 15 
14 17 
14 19 
14 21 
14 25 
14 30 
14 32 
14 58 
15 17 
15 23 
15 28 
15 36 
15 40 
15 41 
15 51 
15 52 
15 54 
15 59 
16 19 
16 23 
16 34 
16 38 
16 39 
16 47 
16 55 
16 60 
17 20 
17 23 
17 30 
17 34 
17 36 
17 40 
17 49 
17 57 
18 21 
18 24 
18 31 
18 32 
18 33 
18 43 
18 44 
18 50 
18 56 
18 58 
19 22 
19 24 
19 26 
19 28 
19 32 
19 34 
19 40 
19 41 
19 49 
19 51 
19 53 
19 55 
19 59 
20 35 
20 38 
20 44 
20 47 
20 57 
20 58 
21 25 
21 39 
21 41 
21 42 
21 45 
21 49 
21 50 
22 23 
22 26 
22 29 
22 30 
22 33 
22 35 
22 37 
22 40 
22 46 
22 54 
22 57 
23 25 
23 29 
23 39 
23 40 
23 43 
23 48 
23 50 
23 54 
23 59 
24 29 
24 32 
24 46 
24 48 
25 27 
25 47 
25 55 
25 56 
26 31 
26 33 
26 44 
26 50 
26 57 
27 31 
27 33 
27 40 
27 41 
27 47 
27 54 
27 57 
28 31 
28 47 
29 35 
29 37 
29 39 
29 56 
30 38 
30 43 
30 47 
30 49 
30 54 
30 59 
31 38 
31 39 
31 41 
31 46 
31 49 
31 52 
31 54 
32 35 
32 37 
32 39 
32 41 
32 42 
32 49 
32 51 
32 52 
33 45 
33 57 
33 59 
33 60 
34 42 
34 44 
34 46 
34 47 
34 48 
34 54 
34 56 
35 37 
35 40 
35 47 
36 43 
36 45 
37 41 
37 45 
37 49 
37 53 
37 57 
37 58 
38 47 
38 59 
39 41 
39 47 
39 48 
39 51 
40 41 
40 46 
40 50 
40 51 
40 52 
40 59 
41 44 
41 47 
41 52 
41 54 
41 55 
41 56 
42 48 
43 44 
43 49 
43 51 
43 52 
43 55 
43 58 
43 59 
44 51 
45 53 
45 56 
45 60 
46 54 
47 53 
47 56 
47 57 
47 58 
48 50 
49 53 
49 58 
50 53 
51 58 
52 56 
52 60 
53 54 
54 56 
55 60 
56 60 
57 60 
