nNodes=60;
 nPairs=343;
Cost=

61  0  61  0  61  0  0  0  0  0  0  0  0  61  0  0  0  0  61  0  0  0  0  0  0  0  0  0  0  0  0  0  0  61  0  0  61  0  0  0  0  61  0  0  0  0  0  61  61  0  0  61  0  0  0  0  0  0  0  0  

0  61  0  0  0  0  0  0  0  0  0  0  0  0  61  0  0  0  0  0  0  0  0  61  0  0  0  0  0  0  0  0  0  61  0  0  0  0  61  0  0  0  0  61  61  0  61  0  0  0  0  0  61  0  0  0  0  61  0  61  

61  0  61  0  61  0  0  0  0  0  0  61  0  0  0  61  0  0  0  0  0  61  0  0  0  0  0  0  61  61  0  0  0  0  61  0  61  0  0  0  0  0  61  61  0  0  0  0  0  0  0  61  61  61  0  0  0  0  0  0  

0  0  0  61  0  0  0  0  0  61  61  0  0  0  61  0  61  61  0  61  0  0  61  0  61  0  0  0  0  0  0  0  0  0  0  0  0  0  0  0  0  0  61  0  0  61  0  0  61  0  61  0  0  0  0  0  0  61  0  61  

61  0  61  0  61  0  0  0  0  0  0  0  0  0  0  0  0  0  0  0  0  0  61  0  0  61  0  0  0  61  0  0  0  0  0  0  0  0  0  0  0  61  0  61  0  61  0  0  0  61  61  61  0  0  0  61  0  0  0  0  

0  0  0  0  0  61  0  0  0  0  0  0  0  0  61  0  0  61  61  0  0  0  0  0  61  0  61  0  0  0  0  61  0  0  0  0  0  0  61  0  0  0  0  0  0  0  0  0  61  0  0  0  0  0  0  0  0  0  0  0  

0  0  0  0  0  0  61  61  61  0  0  0  0  0  0  0  0  0  61  0  61  61  0  0  0  0  0  0  0  0  0  0  61  0  0  0  0  61  0  0  0  0  0  0  61  0  0  61  0  0  0  61  61  61  0  0  0  0  0  61  

0  0  0  0  0  0  61  61  0  0  0  0  0  0  0  0  0  61  61  0  0  0  0  0  0  0  0  0  0  0  0  61  0  0  61  61  0  0  0  0  0  0  0  61  0  61  0  0  0  0  0  61  0  0  0  0  61  0  0  0  

0  0  0  0  0  0  61  0  61  61  0  0  0  0  61  0  0  0  0  0  0  0  61  0  0  0  0  0  0  0  0  0  0  0  61  0  0  61  0  0  0  61  0  0  61  0  61  0  0  0  0  0  0  0  61  0  0  0  0  0  

0  0  0  61  0  0  0  0  61  61  0  0  0  0  0  0  61  0  0  0  0  61  61  0  61  0  0  0  0  61  0  61  0  0  0  61  61  0  61  0  61  61  0  0  61  0  0  0  61  61  0  0  0  61  0  0  0  0  0  0  

0  0  0  61  0  0  0  0  0  0  61  0  0  61  0  0  0  0  0  0  0  0  61  0  0  61  0  61  61  0  0  61  0  0  0  0  0  0  61  0  0  0  0  0  0  0  61  0  61  0  61  0  0  0  0  0  0  0  0  0  

0  0  61  0  0  0  0  0  0  0  0  61  0  0  61  0  0  0  0  61  0  0  0  61  0  0  0  61  61  0  61  0  0  61  0  0  0  0  61  0  0  0  61  0  61  0  0  0  0  61  0  0  0  0  61  0  0  0  0  61  

0  0  0  0  0  0  0  0  0  0  0  0  61  0  0  61  0  61  0  0  0  0  0  0  61  0  0  0  0  0  61  61  61  61  0  61  0  0  0  0  0  0  0  0  61  0  0  61  0  61  0  0  0  61  61  0  0  61  61  0  

61  0  0  0  0  0  0  0  0  0  61  0  0  61  0  61  0  0  0  61  0  61  0  0  61  0  0  0  0  0  0  0  61  0  0  0  0  0  0  0  0  61  0  0  0  61  0  0  0  0  0  0  0  0  0  61  0  0  0  0  

0  61  0  61  0  61  0  0  61  0  0  61  0  0  61  61  0  0  61  0  61  0  0  0  0  0  0  0  0  0  0  0  0  0  0  61  0  0  0  0  0  0  0  0  61  0  0  0  0  0  0  0  0  0  0  0  0  0  0  61  

0  0  61  0  0  0  0  0  0  0  0  0  61  61  61  61  61  0  61  0  0  61  0  0  0  0  61  0  0  0  0  0  0  0  0  0  0  0  0  61  0  0  0  0  0  0  0  0  0  61  0  0  61  0  61  0  0  0  0  0  

0  0  0  61  0  0  0  0  0  61  0  0  0  0  0  61  61  0  0  0  0  0  0  0  0  0  0  0  61  0  0  0  0  0  0  0  0  0  61  0  0  0  0  0  0  0  0  61  0  0  0  0  0  0  0  0  0  0  61  0  

0  0  0  61  0  61  0  61  0  0  0  0  61  0  0  0  0  61  0  0  0  0  0  0  0  0  0  0  0  0  0  61  0  0  61  0  0  61  0  0  0  61  0  0  0  0  0  0  0  0  0  61  61  0  0  0  0  0  61  0  

61  0  0  0  0  61  61  61  0  0  0  0  0  0  61  61  0  0  61  61  0  0  0  0  61  0  0  0  0  61  0  61  61  0  61  0  0  0  0  0  61  0  0  0  0  0  0  61  0  0  0  0  0  0  0  61  0  0  0  0  

0  0  0  61  0  0  0  0  0  0  0  61  0  61  0  0  0  0  61  61  0  0  0  0  0  0  0  0  0  61  0  0  61  61  0  0  0  0  0  61  0  0  0  0  61  0  0  61  0  0  61  0  61  0  0  0  0  0  0  0  

0  0  0  0  0  0  61  0  0  0  0  0  0  0  61  0  0  0  0  0  61  0  0  0  0  61  0  0  0  0  0  0  0  61  0  61  61  0  0  0  61  0  61  0  0  0  0  0  0  0  0  0  0  61  0  0  61  0  61  0  

0  0  61  0  0  0  61  0  0  61  0  0  0  61  0  61  0  0  0  0  0  61  0  0  61  61  0  0  0  0  0  0  0  0  0  0  0  61  0  0  0  61  0  0  0  61  0  0  61  61  0  0  0  0  0  0  0  61  0  0  

0  0  0  61  61  0  0  0  61  61  61  0  0  0  0  0  0  0  0  0  0  0  61  0  0  0  0  0  0  0  0  0  0  61  61  0  61  61  0  0  0  0  0  0  0  0  0  61  61  0  61  0  0  0  0  0  0  0  0  0  

0  61  0  0  0  0  0  0  0  0  0  61  0  0  0  0  0  0  0  0  0  0  0  61  0  0  61  0  0  0  61  0  61  0  0  0  0  61  0  61  0  61  0  0  0  0  0  0  0  0  0  61  61  0  0  0  0  0  61  0  

0  0  0  61  0  61  0  0  0  61  0  0  61  61  0  0  0  0  61  0  0  61  0  0  61  0  0  0  0  61  0  0  61  0  0  0  61  0  0  0  0  0  0  61  0  0  0  0  0  0  0  0  61  0  0  61  0  0  0  0  

0  0  0  0  61  0  0  0  0  0  61  0  0  0  0  0  0  0  0  0  61  61  0  0  0  61  61  0  0  0  0  0  61  0  0  0  0  0  0  61  61  61  0  0  0  61  0  0  61  0  0  0  0  61  0  0  0  0  61  0  

0  0  0  0  0  61  0  0  0  0  0  0  0  0  0  61  0  0  0  0  0  0  0  61  0  61  61  0  0  0  0  0  0  0  0  0  0  61  0  0  0  0  0  0  0  0  61  61  0  61  0  0  0  0  0  0  0  0  0  0  

0  0  0  0  0  0  0  0  0  0  61  61  0  0  0  0  0  0  0  0  0  0  0  0  0  0  0  61  0  0  0  0  0  0  0  0  0  0  0  0  0  0  0  0  0  0  0  0  0  0  61  0  61  0  0  0  0  0  0  61  

0  0  61  0  0  0  0  0  0  0  61  61  0  0  0  0  61  0  0  0  0  0  0  0  0  0  0  0  61  0  61  0  0  0  61  0  61  0  0  0  0  0  0  0  0  0  61  61  0  0  0  0  0  0  61  0  0  0  0  0  

0  0  61  0  61  0  0  0  0  61  0  0  0  0  0  0  0  0  61  61  0  0  0  0  61  0  0  0  0  61  0  0  0  61  0  61  61  0  0  61  0  0  0  0  0  0  0  0  0  0  61  61  0  61  0  0  0  61  0  61  

0  0  0  0  0  0  0  0  0  0  0  61  61  0  0  0  0  0  0  0  0  0  0  61  0  0  0  0  61  0  61  0  0  0  0  0  0  0  0  0  0  61  0  0  0  61  0  0  0  0  0  61  0  0  0  0  0  0  0  0  

0  0  0  0  0  61  0  61  0  61  61  0  61  0  0  0  0  61  61  0  0  0  0  0  0  0  0  0  0  0  0  61  0  61  0  0  0  0  0  0  0  0  0  0  0  0  0  0  0  0  0  0  0  0  0  0  0  0  0  0  

0  0  0  0  0  0  61  0  0  0  0  0  61  61  0  0  0  0  61  61  0  0  0  61  61  61  0  0  0  0  0  0  61  0  0  0  0  0  0  61  0  0  0  61  61  0  0  61  0  0  0  0  0  0  0  61  0  61  0  0  

61  61  0  0  0  0  0  0  0  0  0  61  61  0  0  0  0  0  0  61  61  0  61  0  0  0  0  0  0  61  0  61  0  61  0  0  0  0  61  61  0  0  0  61  0  0  0  0  0  0  0  0  61  61  61  0  0  61  61  0  

0  0  61  0  0  0  0  61  61  0  0  0  0  0  0  0  0  61  61  0  0  0  61  0  0  0  0  0  61  0  0  0  0  0  61  0  0  61  0  0  0  0  0  0  0  0  0  0  0  0  0  61  0  0  61  0  0  0  0  0  

0  0  0  0  0  0  0  61  0  61  0  0  61  0  61  0  0  0  0  0  61  0  0  0  0  0  0  0  0  61  0  0  0  0  0  61  61  0  0  61  0  0  0  0  0  61  0  0  0  0  0  0  61  0  0  61  0  0  0  0  

61  0  61  0  0  0  0  0  0  61  0  0  0  0  0  0  0  0  0  0  61  0  61  0  61  0  0  0  61  61  0  0  0  0  0  61  61  0  0  0  0  0  0  61  0  0  0  0  0  0  61  0  0  0  0  0  61  0  0  0  

0  0  0  0  0  0  61  0  61  0  0  0  0  0  0  0  0  61  0  0  0  61  61  61  0  0  61  0  0  0  0  0  0  0  61  0  0  61  0  61  0  0  61  0  61  0  0  0  0  0  0  0  0  61  0  0  61  0  0  0  

0  61  0  0  0  61  0  0  0  61  61  61  0  0  0  0  61  0  0  0  0  0  0  0  0  0  0  0  0  0  0  0  0  61  0  0  0  0  61  0  0  0  0  0  0  61  0  0  0  61  61  0  0  0  0  0  0  61  0  61  

0  0  0  0  0  0  0  0  0  0  0  0  0  0  0  61  0  0  0  61  0  0  0  61  0  61  0  0  0  61  0  0  61  61  0  61  0  61  0  61  61  61  0  0  0  61  0  0  0  0  0  0  0  0  0  0  0  0  0  0  

0  0  0  0  0  0  0  0  0  61  0  0  0  0  0  0  0  0  61  0  61  0  0  0  0  61  0  0  0  0  0  0  0  0  0  0  0  0  0  61  61  0  61  0  61  0  0  61  0  61  0  0  0  61  0  61  0  0  0  0  

61  0  0  0  61  0  0  0  61  61  0  0  0  61  0  0  0  61  0  0  0  61  0  61  0  61  0  0  0  0  61  0  0  0  0  0  0  0  0  61  0  61  0  0  0  0  0  0  0  0  0  0  61  0  0  61  0  0  0  0  

0  0  61  61  0  0  0  0  0  0  0  61  0  0  0  0  0  0  0  0  61  0  0  0  0  0  0  0  0  0  0  0  0  0  0  0  0  61  0  0  61  0  61  0  0  61  0  0  0  61  0  0  0  61  0  0  0  0  0  0  

0  61  61  0  61  0  0  61  0  0  0  0  0  0  0  0  0  0  0  0  0  0  0  0  61  0  0  0  0  0  0  0  61  61  0  0  61  0  0  0  0  0  0  61  0  0  61  0  61  0  0  61  0  0  0  0  0  61  0  0  

0  61  0  0  0  0  61  0  61  61  0  61  61  0  61  0  0  0  0  61  0  0  0  0  0  0  0  0  0  0  0  0  61  0  0  0  0  61  0  0  61  0  0  0  61  0  61  0  0  0  0  0  0  0  0  0  0  0  0  0  

0  0  0  61  61  0  0  61  0  0  0  0  0  61  0  0  0  0  0  0  0  61  0  0  0  61  0  0  0  0  61  0  0  0  0  61  0  0  61  61  0  0  61  0  0  61  0  0  0  0  0  0  0  0  0  0  0  61  61  0  

0  61  0  0  0  0  0  0  61  0  61  0  0  0  0  0  0  0  0  0  0  0  0  0  0  0  61  0  61  0  0  0  0  0  0  0  0  0  0  0  0  0  0  61  61  0  61  0  0  0  0  0  0  0  0  0  0  0  0  0  

61  0  0  0  0  0  61  0  0  0  0  0  61  0  0  0  61  0  61  61  0  0  61  0  0  0  61  0  61  0  0  0  61  0  0  0  0  0  0  0  61  0  0  0  0  0  0  61  0  0  0  0  0  0  0  0  0  61  0  0  

61  0  0  61  0  61  0  0  0  61  61  0  0  0  0  0  0  0  0  0  0  61  61  0  0  61  0  0  0  0  0  0  0  0  0  0  0  0  0  0  0  0  0  61  0  0  0  0  61  0  0  0  61  0  0  0  0  61  0  61  

0  0  0  0  61  0  0  0  0  61  0  61  61  0  0  61  0  0  0  0  0  61  0  0  0  0  61  0  0  0  0  0  0  0  0  0  0  0  61  0  61  0  61  0  0  0  0  0  0  61  0  0  0  0  61  61  0  61  61  0  

0  0  0  61  61  0  0  0  0  0  61  0  0  0  0  0  0  0  0  61  0  0  61  0  0  0  0  61  0  61  0  0  0  0  0  0  61  0  61  0  0  0  0  0  0  0  0  0  0  0  61  0  0  0  61  0  0  0  0  0  

61  0  61  0  61  0  61  61  0  0  0  0  0  0  0  0  0  61  0  0  0  0  0  61  0  0  0  0  0  61  61  0  0  0  61  0  0  0  0  0  0  0  0  61  0  0  0  0  0  0  0  61  61  0  0  0  61  0  0  0  

0  61  61  0  0  0  61  0  0  0  0  0  0  0  0  61  0  61  0  61  0  0  0  61  61  0  0  61  0  0  0  0  0  61  0  61  0  0  0  0  0  61  0  0  0  0  0  0  61  0  0  61  61  0  0  0  0  0  0  0  

0  0  61  0  0  0  61  0  0  61  0  0  61  0  0  0  0  0  0  0  61  0  0  0  0  61  0  0  0  61  0  0  0  61  0  0  0  61  0  0  61  0  61  0  0  0  0  0  0  0  0  0  0  61  0  0  0  0  0  0  

0  0  0  0  0  0  0  0  61  0  0  61  61  0  0  61  0  0  0  0  0  0  0  0  0  0  0  0  61  0  0  0  0  61  61  0  0  0  0  0  0  0  0  0  0  0  0  0  0  61  61  0  0  0  61  0  61  61  0  61  

0  0  0  0  61  0  0  0  0  0  0  0  0  61  0  0  0  0  61  0  0  0  0  0  61  0  0  0  0  0  0  0  61  0  0  61  0  0  0  0  61  61  0  0  0  0  0  0  0  61  0  0  0  0  0  61  0  0  0  0  

0  0  0  0  0  0  0  61  0  0  0  0  0  0  0  0  0  0  0  0  61  0  0  0  0  0  0  0  0  0  0  0  0  0  0  0  61  61  0  0  0  0  0  0  0  0  0  0  0  0  0  61  0  0  61  0  61  0  0  0  

0  61  0  61  0  0  0  0  0  0  0  0  61  0  0  0  0  0  0  0  0  61  0  0  0  0  0  0  0  61  0  0  61  61  0  0  0  0  61  0  0  0  0  61  0  61  0  61  61  61  0  0  0  0  61  0  0  61  0  0  

0  0  0  0  0  0  0  0  0  0  0  0  61  0  0  0  61  61  0  0  61  0  0  61  0  61  0  0  0  0  0  0  0  61  0  0  0  0  0  0  0  0  0  0  0  61  0  0  0  61  0  0  0  0  0  0  0  0  61  0  

0  61  0  61  0  0  61  0  0  0  0  61  0  0  61  0  0  0  0  0  0  0  0  0  0  0  0  61  0  61  0  0  0  0  0  0  0  0  61  0  0  0  0  0  0  0  0  0  61  0  0  0  0  0  61  0  0  0  0  61  

UnPairedArc=
1 3 
1 5 
1 14 
1 19 
1 34 
1 37 
1 42 
1 48 
1 49 
1 52 
2 15 
2 24 
2 34 
2 39 
2 44 
2 45 
2 47 
2 53 
2 58 
2 60 
3 5 
3 12 
3 16 
3 22 
3 29 
3 30 
3 35 
3 37 
3 43 
3 44 
3 52 
3 53 
3 54 
4 10 
4 11 
4 15 
4 17 
4 18 
4 20 
4 23 
4 25 
4 43 
4 46 
4 49 
4 51 
4 58 
4 60 
5 23 
5 26 
5 30 
5 42 
5 44 
5 46 
5 50 
5 51 
5 52 
5 56 
6 15 
6 18 
6 19 
6 25 
6 27 
6 32 
6 39 
6 49 
7 8 
7 9 
7 19 
7 21 
7 22 
7 33 
7 38 
7 45 
7 48 
7 52 
7 53 
7 54 
7 60 
8 18 
8 19 
8 32 
8 35 
8 36 
8 44 
8 46 
8 52 
8 57 
9 10 
9 15 
9 23 
9 35 
9 38 
9 42 
9 45 
9 47 
9 55 
10 17 
10 22 
10 23 
10 25 
10 30 
10 32 
10 36 
10 37 
10 39 
10 41 
10 42 
10 45 
10 49 
10 50 
10 54 
11 14 
11 23 
11 26 
11 28 
11 29 
11 32 
11 39 
11 47 
11 49 
11 51 
12 15 
12 20 
12 24 
12 28 
12 29 
12 31 
12 34 
12 39 
12 43 
12 45 
12 50 
12 55 
12 60 
13 16 
13 18 
13 25 
13 31 
13 32 
13 33 
13 34 
13 36 
13 45 
13 48 
13 50 
13 54 
13 55 
13 58 
13 59 
14 16 
14 20 
14 22 
14 25 
14 33 
14 42 
14 46 
14 56 
15 16 
15 19 
15 21 
15 36 
15 45 
15 60 
16 17 
16 19 
16 22 
16 27 
16 40 
16 50 
16 53 
16 55 
17 29 
17 39 
17 48 
17 59 
18 32 
18 35 
18 38 
18 42 
18 52 
18 53 
18 59 
19 20 
19 25 
19 30 
19 32 
19 33 
19 35 
19 41 
19 48 
19 56 
20 30 
20 33 
20 34 
20 40 
20 45 
20 48 
20 51 
20 53 
21 26 
21 34 
21 36 
21 37 
21 41 
21 43 
21 54 
21 57 
21 59 
22 25 
22 26 
22 38 
22 42 
22 46 
22 49 
22 50 
22 58 
23 34 
23 35 
23 37 
23 38 
23 48 
23 49 
23 51 
24 27 
24 31 
24 33 
24 38 
24 40 
24 42 
24 52 
24 53 
24 59 
25 30 
25 33 
25 37 
25 44 
25 53 
25 56 
26 27 
26 33 
26 40 
26 41 
26 42 
26 46 
26 49 
26 54 
26 59 
27 38 
27 47 
27 48 
27 50 
28 51 
28 53 
28 60 
29 31 
29 35 
29 37 
29 47 
29 48 
29 55 
30 34 
30 36 
30 37 
30 40 
30 51 
30 52 
30 54 
30 58 
30 60 
31 42 
31 46 
31 52 
32 34 
33 40 
33 44 
33 45 
33 48 
33 56 
33 58 
34 39 
34 40 
34 44 
34 53 
34 54 
34 55 
34 58 
34 59 
35 38 
35 52 
35 55 
36 37 
36 40 
36 46 
36 53 
36 56 
37 44 
37 51 
37 57 
38 40 
38 43 
38 45 
38 54 
38 57 
39 46 
39 50 
39 51 
39 58 
39 60 
40 41 
40 42 
40 46 
41 43 
41 45 
41 48 
41 50 
41 54 
41 56 
42 53 
42 56 
43 46 
43 50 
43 54 
44 47 
44 49 
44 52 
44 58 
45 47 
46 58 
46 59 
48 58 
49 53 
49 58 
49 60 
50 55 
50 56 
50 58 
50 59 
51 55 
52 53 
52 57 
55 57 
55 58 
55 60 
