nNodes=40;
 nPairs=371;
Cost=

41  0  41  41  0  41  0  41  41  0  41  0  0  41  41  41  41  41  0  41  41  41  41  41  41  41  0  0  0  0  41  41  0  0  41  41  41  41  0  0  

0  41  41  41  41  41  41  41  41  41  0  41  0  0  0  41  0  41  0  41  41  0  41  0  41  41  0  41  0  0  0  0  41  41  41  0  0  0  41  41  

41  41  41  41  0  41  41  0  0  41  41  41  0  41  0  41  41  41  41  41  0  41  0  0  41  41  0  41  0  0  0  41  0  0  0  41  0  41  41  0  

41  41  41  41  0  41  0  41  0  0  41  0  0  0  0  41  0  41  0  41  0  0  41  0  0  0  41  0  41  0  0  41  41  41  0  0  0  41  0  41  

0  41  0  0  41  0  0  41  0  0  0  0  0  41  0  0  0  41  41  0  41  41  0  41  0  0  0  0  41  0  0  0  0  0  41  41  0  0  41  41  

41  41  41  41  0  41  41  41  0  41  0  41  0  41  41  41  41  0  41  41  41  41  41  0  0  0  0  0  41  0  0  0  0  0  0  0  41  41  41  0  

0  41  41  0  0  41  41  41  0  0  41  41  0  41  0  0  41  0  0  41  0  41  41  0  41  0  41  41  41  41  41  0  0  0  0  0  0  0  41  41  

41  41  0  41  41  41  41  41  0  41  0  41  0  41  41  0  0  41  0  41  41  0  41  0  0  0  0  0  0  0  0  0  0  41  0  41  41  0  0  41  

41  41  0  0  0  0  0  0  41  0  0  41  0  0  0  41  41  0  41  41  0  0  41  0  41  0  41  0  0  41  0  0  0  0  41  41  0  41  41  41  

0  41  41  0  0  41  0  41  0  41  41  41  41  0  41  0  0  41  0  0  0  41  0  0  0  0  41  41  0  41  0  0  41  41  41  0  41  0  0  41  

41  0  41  41  0  0  41  0  0  41  41  0  0  41  41  0  0  41  41  41  41  0  41  41  0  41  41  0  0  0  41  41  41  41  41  0  0  0  0  0  

0  41  41  0  0  41  41  41  41  41  0  41  0  0  41  0  0  0  41  41  41  41  41  0  41  41  41  0  0  0  0  41  0  41  0  0  41  0  0  41  

0  0  0  0  0  0  0  0  0  41  0  0  41  0  41  41  41  41  41  0  0  41  41  0  41  41  0  0  0  41  0  0  41  41  0  0  0  0  0  0  

41  0  41  0  41  41  41  41  0  0  41  0  0  41  0  41  0  0  41  0  0  41  41  41  41  0  0  41  41  41  41  41  0  41  0  41  41  0  41  0  

41  0  0  0  0  41  0  41  0  41  41  41  41  0  41  41  0  0  0  0  0  41  0  0  41  41  0  41  0  0  41  0  0  0  0  0  41  41  41  0  

41  41  41  41  0  41  0  0  41  0  0  0  41  41  41  41  0  41  0  41  0  0  0  41  0  41  41  0  41  41  41  0  41  41  0  41  0  0  41  0  

41  0  41  0  0  41  41  0  41  0  0  0  41  0  0  0  41  0  0  0  41  41  0  0  0  0  41  0  0  41  0  41  0  41  0  41  0  41  0  0  

41  41  41  41  41  0  0  41  0  41  41  0  41  0  0  41  0  41  0  41  41  41  0  41  0  0  0  0  0  41  0  0  41  0  41  41  41  0  41  0  

0  0  41  0  41  41  0  0  41  0  41  41  41  41  0  0  0  0  41  41  41  0  0  41  41  0  0  41  0  41  0  0  0  41  0  0  41  0  41  0  

41  41  41  41  0  41  41  41  41  0  41  41  0  0  0  41  0  41  41  41  0  41  41  0  0  0  41  0  41  0  0  0  41  41  0  0  0  0  0  41  

41  41  0  0  41  41  0  41  0  0  41  41  0  0  0  0  41  41  41  0  41  41  0  41  41  0  0  41  0  41  41  0  0  0  0  41  41  41  0  0  

41  0  41  0  41  41  41  0  0  41  0  41  41  41  41  0  41  41  0  41  41  41  41  41  41  41  0  41  0  0  0  41  41  0  0  0  41  0  0  0  

41  41  0  41  0  41  41  41  41  0  41  41  41  41  0  0  0  0  0  41  0  41  41  41  41  0  41  0  41  41  0  0  41  41  0  0  0  0  41  41  

41  0  0  0  41  0  0  0  0  0  41  0  0  41  0  41  0  41  41  0  41  41  41  41  0  0  41  0  0  0  41  0  0  41  41  41  41  0  41  41  

41  41  41  0  0  0  41  0  41  0  0  41  41  41  41  0  0  0  41  0  41  41  41  0  41  41  41  41  41  41  0  41  0  0  0  0  41  0  0  41  

41  41  41  0  0  0  0  0  0  0  41  41  41  0  41  41  0  0  0  0  0  41  0  0  41  41  0  0  41  41  0  41  0  41  0  0  41  41  0  0  

0  0  0  41  0  0  41  0  41  41  41  41  0  0  0  41  41  0  0  41  0  0  41  41  41  0  41  0  41  41  41  0  41  0  41  0  41  41  0  0  

0  41  41  0  0  0  41  0  0  41  0  0  0  41  41  0  0  0  41  0  41  41  0  0  41  0  0  41  41  41  0  0  0  0  41  0  41  0  0  0  

0  0  0  41  41  41  41  0  0  0  0  0  0  41  0  41  0  0  0  41  0  0  41  0  41  41  41  41  41  0  0  41  41  41  41  0  41  41  0  0  

0  0  0  0  0  0  41  0  41  41  0  0  41  41  0  41  41  41  41  0  41  0  41  0  41  41  41  41  0  41  41  41  41  41  41  0  41  41  41  41  

41  0  0  0  0  0  41  0  0  0  41  0  0  41  41  41  0  0  0  0  41  0  0  41  0  0  41  0  0  41  41  41  41  0  41  0  41  41  41  0  

41  0  41  41  0  0  0  0  0  0  41  41  0  41  0  0  41  0  0  0  0  41  0  0  41  41  0  0  41  41  41  41  0  0  0  41  41  41  41  41  

0  41  0  41  0  0  0  0  0  41  41  0  41  0  0  41  0  41  0  41  0  41  41  0  0  0  41  0  41  41  41  0  41  41  0  41  0  0  0  0  

0  41  0  41  0  0  0  41  0  41  41  41  41  41  0  41  41  0  41  41  0  0  41  41  0  41  0  0  41  41  0  0  41  41  0  41  0  0  0  0  

41  41  0  0  41  0  0  0  41  41  41  0  0  0  0  0  0  41  0  0  0  0  0  41  0  0  41  41  41  41  41  0  0  0  41  0  41  41  41  0  

41  0  41  0  41  0  0  41  41  0  0  0  0  41  0  41  41  41  0  0  41  0  0  41  0  0  0  0  0  0  0  41  41  41  0  41  0  0  41  41  

41  0  0  0  0  41  0  41  0  41  0  41  0  41  41  0  0  41  41  0  41  41  0  41  41  41  41  41  41  41  41  41  0  0  41  0  41  41  0  0  

41  0  41  41  0  41  0  0  41  0  0  0  0  0  41  0  41  0  0  0  41  0  0  0  0  41  41  0  41  41  41  41  0  0  41  0  41  41  0  41  

0  41  41  0  41  41  41  0  41  0  0  0  0  41  41  41  0  41  41  0  0  0  41  41  0  0  0  0  0  41  41  41  0  0  41  41  0  0  41  41  

0  41  0  41  41  0  41  41  41  41  0  41  0  0  0  0  0  0  0  41  0  0  41  41  41  0  0  0  0  41  0  41  0  0  0  41  0  41  41  41  

UnPairedArc=
1 3 
1 4 
1 6 
1 8 
1 9 
1 11 
1 14 
1 15 
1 16 
1 17 
1 18 
1 20 
1 21 
1 22 
1 23 
1 24 
1 25 
1 26 
1 31 
1 32 
1 35 
1 36 
1 37 
1 38 
2 3 
2 4 
2 5 
2 6 
2 7 
2 8 
2 9 
2 10 
2 12 
2 16 
2 18 
2 20 
2 21 
2 23 
2 25 
2 26 
2 28 
2 33 
2 34 
2 35 
2 39 
2 40 
3 4 
3 6 
3 7 
3 10 
3 11 
3 12 
3 14 
3 16 
3 17 
3 18 
3 19 
3 20 
3 22 
3 25 
3 26 
3 28 
3 32 
3 36 
3 38 
3 39 
4 6 
4 8 
4 11 
4 16 
4 18 
4 20 
4 23 
4 27 
4 29 
4 32 
4 33 
4 34 
4 38 
4 40 
5 8 
5 14 
5 18 
5 19 
5 21 
5 22 
5 24 
5 29 
5 35 
5 36 
5 39 
5 40 
6 7 
6 8 
6 10 
6 12 
6 14 
6 15 
6 16 
6 17 
6 19 
6 20 
6 21 
6 22 
6 23 
6 29 
6 37 
6 38 
6 39 
7 8 
7 11 
7 12 
7 14 
7 17 
7 20 
7 22 
7 23 
7 25 
7 27 
7 28 
7 29 
7 30 
7 31 
7 39 
7 40 
8 10 
8 12 
8 14 
8 15 
8 18 
8 20 
8 21 
8 23 
8 34 
8 36 
8 37 
8 40 
9 12 
9 16 
9 17 
9 19 
9 20 
9 23 
9 25 
9 27 
9 30 
9 35 
9 36 
9 38 
9 39 
9 40 
10 11 
10 12 
10 13 
10 15 
10 18 
10 22 
10 27 
10 28 
10 30 
10 33 
10 34 
10 35 
10 37 
10 40 
11 14 
11 15 
11 18 
11 19 
11 20 
11 21 
11 23 
11 24 
11 26 
11 27 
11 31 
11 32 
11 33 
11 34 
11 35 
12 15 
12 19 
12 20 
12 21 
12 22 
12 23 
12 25 
12 26 
12 27 
12 32 
12 34 
12 37 
12 40 
13 15 
13 16 
13 17 
13 18 
13 19 
13 22 
13 23 
13 25 
13 26 
13 30 
13 33 
13 34 
14 16 
14 19 
14 22 
14 23 
14 24 
14 25 
14 28 
14 29 
14 30 
14 31 
14 32 
14 34 
14 36 
14 37 
14 39 
15 16 
15 22 
15 25 
15 26 
15 28 
15 31 
15 37 
15 38 
15 39 
16 18 
16 20 
16 24 
16 26 
16 27 
16 29 
16 30 
16 31 
16 33 
16 34 
16 36 
16 39 
17 21 
17 22 
17 27 
17 30 
17 32 
17 34 
17 36 
17 38 
18 20 
18 21 
18 22 
18 24 
18 30 
18 33 
18 35 
18 36 
18 37 
18 39 
19 20 
19 21 
19 24 
19 25 
19 28 
19 30 
19 34 
19 37 
19 39 
20 22 
20 23 
20 27 
20 29 
20 33 
20 34 
20 40 
21 22 
21 24 
21 25 
21 28 
21 30 
21 31 
21 36 
21 37 
21 38 
22 23 
22 24 
22 25 
22 26 
22 28 
22 32 
22 33 
22 37 
23 24 
23 25 
23 27 
23 29 
23 30 
23 33 
23 34 
23 39 
23 40 
24 27 
24 31 
24 34 
24 35 
24 36 
24 37 
24 39 
24 40 
25 26 
25 27 
25 28 
25 29 
25 30 
25 32 
25 37 
25 40 
26 29 
26 30 
26 32 
26 34 
26 37 
26 38 
27 29 
27 30 
27 31 
27 33 
27 35 
27 37 
27 38 
28 29 
28 30 
28 35 
28 37 
29 32 
29 33 
29 34 
29 35 
29 37 
29 38 
30 31 
30 32 
30 33 
30 34 
30 35 
30 37 
30 38 
30 39 
30 40 
31 32 
31 33 
31 35 
31 37 
31 38 
31 39 
32 36 
32 37 
32 38 
32 39 
32 40 
33 34 
33 36 
34 36 
35 37 
35 38 
35 39 
36 39 
36 40 
37 38 
38 40 
39 40 
