nNodes=40;
 nPairs=149;
Cost=

41  0  0  0  0  0  0  0  0  0  0  0  0  41  0  0  41  0  0  0  41  0  0  0  0  0  0  0  0  41  0  0  0  0  41  0  0  0  0  0  

0  41  41  0  0  0  0  0  0  0  41  0  0  0  41  0  41  0  0  41  41  0  0  41  0  0  0  0  0  0  0  41  41  0  0  0  0  0  0  0  

0  41  41  0  0  0  0  0  0  0  0  0  0  0  0  0  0  0  41  0  0  0  0  0  0  0  41  41  0  0  0  0  0  41  41  0  41  41  0  0  

0  0  0  41  0  0  0  0  0  0  0  0  0  41  41  0  0  0  0  0  41  0  0  0  0  41  0  0  0  0  0  0  0  41  0  41  41  41  0  0  

0  0  0  0  41  41  0  0  0  0  0  0  0  0  0  0  0  0  0  0  0  0  0  0  41  0  0  0  41  0  0  0  0  0  0  0  0  0  0  0  

0  0  0  0  41  41  0  0  0  0  0  0  0  41  0  41  0  41  41  0  0  0  41  0  0  0  0  0  0  0  0  0  0  0  0  0  0  0  0  0  

0  0  0  0  0  0  41  0  41  0  0  41  0  0  0  0  0  0  0  41  41  0  0  0  0  0  0  0  0  0  0  41  0  41  0  0  0  0  0  0  

0  0  0  0  0  0  0  41  41  0  0  0  41  0  0  0  0  0  0  41  0  0  0  0  41  0  41  0  0  0  0  0  0  0  0  0  0  0  0  0  

0  0  0  0  0  0  41  41  41  41  0  0  41  0  41  0  0  0  0  0  41  0  0  0  0  0  0  0  0  0  0  0  0  0  0  0  0  0  0  41  

0  0  0  0  0  0  0  0  41  41  0  41  0  0  0  0  0  0  0  0  0  0  0  0  41  0  41  0  41  0  0  41  0  0  0  0  41  41  0  0  

0  41  0  0  0  0  0  0  0  0  41  0  0  0  41  0  0  0  41  41  0  0  0  0  0  0  0  0  0  41  0  0  0  0  0  41  0  0  0  0  

0  0  0  0  0  0  41  0  0  41  0  41  0  41  0  41  41  0  0  0  0  0  0  0  0  0  0  0  0  0  41  0  0  0  0  0  0  0  0  41  

0  0  0  0  0  0  0  41  41  0  0  0  41  0  0  41  0  0  41  41  0  41  0  0  0  0  0  0  0  0  0  0  0  0  0  0  0  0  0  0  

41  0  0  41  0  41  0  0  0  0  0  41  0  41  0  0  0  0  41  0  0  0  0  41  0  0  0  0  41  0  0  0  41  0  0  41  0  0  0  41  

0  41  0  41  0  0  0  0  41  0  41  0  0  0  41  0  0  0  0  0  0  0  0  41  0  0  41  0  0  0  0  0  0  0  0  0  0  0  0  0  

0  0  0  0  0  41  0  0  0  0  0  41  41  0  0  41  0  0  0  0  41  0  41  0  0  0  0  0  0  0  0  0  0  41  0  0  0  41  0  41  

41  41  0  0  0  0  0  0  0  0  0  41  0  0  0  0  41  0  0  0  0  0  0  41  41  0  0  41  0  0  0  0  0  0  0  0  41  41  0  0  

0  0  0  0  0  41  0  0  0  0  0  0  0  0  0  0  0  41  0  41  0  0  0  41  0  0  41  0  0  41  0  0  41  41  41  0  41  0  0  0  

0  0  41  0  0  41  0  0  0  0  41  0  41  41  0  0  0  0  41  0  0  0  0  0  0  41  0  0  0  41  0  0  0  0  0  0  0  41  41  0  

0  41  0  0  0  0  41  41  0  0  41  0  41  0  0  0  0  41  0  41  0  0  0  0  0  0  0  41  41  0  41  0  0  0  41  0  0  0  0  0  

41  41  0  41  0  0  41  0  41  0  0  0  0  0  0  41  0  0  0  0  41  0  0  0  0  0  0  41  0  0  0  0  0  41  41  0  41  0  0  0  

0  0  0  0  0  0  0  0  0  0  0  0  41  0  0  0  0  0  0  0  0  41  0  0  0  41  0  0  0  0  0  0  0  0  0  0  0  0  0  0  

0  0  0  0  0  41  0  0  0  0  0  0  0  0  0  41  0  0  0  0  0  0  41  0  0  41  0  0  0  41  0  41  0  0  41  41  0  0  0  0  

0  41  0  0  0  0  0  0  0  0  0  0  0  41  41  0  41  41  0  0  0  0  0  41  41  0  0  0  0  0  0  0  0  0  0  0  0  0  0  0  

0  0  0  0  41  0  0  41  0  41  0  0  0  0  0  0  41  0  0  0  0  0  0  41  41  41  0  0  0  0  0  0  0  0  41  0  41  0  0  0  

0  0  0  41  0  0  0  0  0  0  0  0  0  0  0  0  0  0  41  0  0  41  41  0  41  41  0  41  0  0  41  0  0  0  0  0  0  0  0  0  

0  0  41  0  0  0  0  41  0  41  0  0  0  0  41  0  0  41  0  0  0  0  0  0  0  0  41  41  0  0  0  0  0  41  0  0  0  0  0  0  

0  0  41  0  0  0  0  0  0  0  0  0  0  0  0  0  41  0  0  41  41  0  0  0  0  41  41  41  0  41  41  0  0  41  0  0  0  0  0  0  

0  0  0  0  41  0  0  0  0  41  0  0  0  41  0  0  0  0  0  41  0  0  0  0  0  0  0  0  41  0  0  41  0  41  41  0  0  0  41  0  

41  0  0  0  0  0  0  0  0  0  41  0  0  0  0  0  0  41  41  0  0  0  41  0  0  0  0  41  0  41  41  0  0  41  0  0  0  0  41  41  

0  0  0  0  0  0  0  0  0  0  0  41  0  0  0  0  0  0  0  41  0  0  0  0  0  41  0  41  0  41  41  0  41  0  41  0  0  0  41  0  

0  41  0  0  0  0  41  0  0  41  0  0  0  0  0  0  0  0  0  0  0  0  41  0  0  0  0  0  41  0  0  41  0  41  41  0  0  41  0  0  

0  41  0  0  0  0  0  0  0  0  0  0  0  41  0  0  0  41  0  0  0  0  0  0  0  0  0  0  0  0  41  0  41  0  0  0  0  0  0  41  

0  0  41  41  0  0  41  0  0  0  0  0  0  0  0  41  0  41  0  0  41  0  0  0  0  0  41  41  41  41  0  41  0  41  0  0  41  41  0  41  

41  0  41  0  0  0  0  0  0  0  0  0  0  0  0  0  0  41  0  41  41  0  41  0  41  0  0  0  41  0  41  41  0  0  41  0  0  41  0  0  

0  0  0  41  0  0  0  0  0  0  41  0  0  41  0  0  0  0  0  0  0  0  41  0  0  0  0  0  0  0  0  0  0  0  0  41  0  0  0  0  

0  0  41  41  0  0  0  0  0  41  0  0  0  0  0  0  41  41  0  0  41  0  0  0  41  0  0  0  0  0  0  0  0  41  0  0  41  0  0  0  

0  0  41  41  0  0  0  0  0  41  0  0  0  0  0  41  41  0  41  0  0  0  0  0  0  0  0  0  0  0  0  41  0  41  41  0  0  41  0  0  

0  0  0  0  0  0  0  0  0  0  0  0  0  0  0  0  0  0  41  0  0  0  0  0  0  0  0  0  41  41  41  0  0  0  0  0  0  0  41  41  

0  0  0  0  0  0  0  0  41  0  0  41  0  41  0  41  0  0  0  0  0  0  0  0  0  0  0  0  0  41  0  0  41  41  0  0  0  0  41  41  

UnPairedArc=
1 14 
1 17 
1 21 
1 30 
1 35 
2 3 
2 11 
2 15 
2 17 
2 20 
2 21 
2 24 
2 32 
2 33 
3 19 
3 27 
3 28 
3 34 
3 35 
3 37 
3 38 
4 14 
4 15 
4 21 
4 26 
4 34 
4 36 
4 37 
4 38 
5 6 
5 25 
5 29 
6 14 
6 16 
6 18 
6 19 
6 23 
7 9 
7 12 
7 20 
7 21 
7 32 
7 34 
8 9 
8 13 
8 20 
8 25 
8 27 
9 10 
9 13 
9 15 
9 21 
9 40 
10 12 
10 25 
10 27 
10 29 
10 32 
10 37 
10 38 
11 15 
11 19 
11 20 
11 30 
11 36 
12 14 
12 16 
12 17 
12 31 
12 40 
13 16 
13 19 
13 20 
13 22 
14 19 
14 24 
14 29 
14 33 
14 36 
14 40 
15 24 
15 27 
16 21 
16 23 
16 34 
16 38 
16 40 
17 24 
17 25 
17 28 
17 37 
17 38 
18 20 
18 24 
18 27 
18 30 
18 33 
18 34 
18 35 
18 37 
19 26 
19 30 
19 38 
19 39 
20 28 
20 29 
20 31 
20 35 
21 28 
21 34 
21 35 
21 37 
22 26 
23 26 
23 30 
23 32 
23 35 
23 36 
24 25 
25 26 
25 35 
25 37 
26 28 
26 31 
27 28 
27 34 
28 30 
28 31 
28 34 
29 32 
29 34 
29 35 
29 39 
30 31 
30 34 
30 39 
30 40 
31 33 
31 35 
31 39 
32 34 
32 35 
32 38 
33 40 
34 37 
34 38 
34 40 
35 38 
39 40 
