nNodes=40;
 nPairs=445;
Cost=

41  41  0  41  0  41  0  41  0  0  0  41  41  0  0  0  0  0  0  41  0  41  41  0  0  41  0  41  0  0  0  0  0  41  41  41  41  0  41  0  

41  41  41  0  41  0  0  0  41  41  41  0  41  41  41  0  41  0  0  41  41  41  0  41  41  41  41  0  41  41  41  41  0  41  41  41  41  41  41  0  

0  41  41  41  0  0  41  41  41  41  0  41  41  41  41  41  41  0  41  0  41  0  0  0  41  0  41  41  41  0  41  41  0  0  0  41  41  41  0  0  

41  0  41  41  41  41  0  0  41  0  41  41  41  0  41  0  41  41  41  41  0  0  41  0  41  0  0  0  41  0  0  0  0  41  41  0  0  0  41  0  

0  41  0  41  41  0  41  0  0  41  41  0  41  0  41  0  41  41  0  41  41  0  41  0  41  41  41  0  0  41  41  41  0  41  41  41  0  0  41  41  

41  0  0  41  0  41  0  0  0  0  0  0  41  0  41  41  41  41  0  41  41  41  0  41  0  41  0  41  0  41  0  41  0  41  0  0  41  0  41  41  

0  0  41  0  41  0  41  0  0  0  41  41  41  41  41  41  41  41  41  41  41  0  0  0  0  0  0  0  0  41  0  0  0  0  0  41  41  0  0  41  

41  0  41  0  0  0  0  41  41  41  41  41  0  0  41  41  0  0  41  0  41  41  41  0  41  0  41  41  0  0  0  0  0  0  41  0  0  41  41  0  

0  41  41  41  0  0  0  41  41  41  41  41  0  41  41  0  41  0  41  41  41  0  0  41  41  0  41  41  0  41  0  41  41  41  41  0  41  41  0  0  

0  41  41  0  41  0  0  41  41  41  41  41  0  41  0  0  0  41  41  41  41  41  0  41  0  41  41  0  41  41  41  41  41  41  0  41  0  0  0  41  

0  41  0  41  41  0  41  41  41  41  41  0  0  0  41  41  0  41  41  0  41  41  0  0  41  41  41  41  0  41  41  41  41  0  0  41  0  0  41  0  

41  0  41  41  0  0  41  41  41  41  0  41  41  0  41  41  0  41  0  0  0  0  41  41  41  41  41  0  41  0  0  0  0  41  0  0  41  0  41  41  

41  41  41  41  41  41  41  0  0  0  0  41  41  41  41  41  0  0  0  41  0  41  0  0  0  0  0  0  41  41  41  41  41  0  0  41  41  41  41  41  

0  41  41  0  0  0  41  0  41  41  0  0  41  41  41  41  0  41  0  0  0  41  41  0  0  0  41  0  41  0  41  41  41  0  0  41  41  41  41  41  

0  41  41  41  41  41  41  41  41  0  41  41  41  41  41  41  41  0  0  0  0  41  41  0  0  41  41  41  0  41  41  41  41  0  0  41  41  41  0  0  

0  0  41  0  0  41  41  41  0  0  41  41  41  41  41  41  41  0  41  0  41  41  0  41  0  41  41  0  41  0  41  41  41  0  0  41  0  0  41  41  

0  41  41  41  41  41  41  0  41  0  0  0  0  0  41  41  41  41  41  0  41  41  0  41  41  41  41  0  0  41  0  41  41  0  41  0  0  41  41  41  

0  0  0  41  41  41  41  0  0  41  41  41  0  41  0  0  41  41  0  0  41  0  41  41  41  41  0  41  0  41  41  41  41  0  0  0  41  41  41  41  

0  0  41  41  0  0  41  41  41  41  41  0  0  0  0  41  41  0  41  41  41  41  0  41  41  41  0  41  41  0  41  41  0  0  41  41  41  41  41  41  

41  41  0  41  41  41  41  0  41  41  0  0  41  0  0  0  0  0  41  41  41  0  41  41  0  0  0  41  0  41  0  0  0  41  41  41  41  0  0  41  

0  41  41  0  41  41  41  41  41  41  41  0  0  0  0  41  41  41  41  41  41  0  41  0  41  0  0  41  41  41  41  0  0  0  41  0  0  41  41  41  

41  41  0  0  0  41  0  41  0  41  41  0  41  41  41  41  41  0  41  0  0  41  0  0  0  0  41  41  0  41  41  0  0  41  0  41  41  0  41  41  

41  0  0  41  41  0  0  41  0  0  0  41  0  41  41  0  0  41  0  41  41  0  41  41  41  41  41  0  41  41  41  0  0  41  41  41  0  0  41  0  

0  41  0  0  0  41  0  0  41  41  0  41  0  0  0  41  41  41  41  41  0  0  41  41  41  41  0  41  0  41  0  41  41  0  41  41  0  41  0  0  

0  41  41  41  41  0  0  41  41  0  41  41  0  0  0  0  41  41  41  0  41  0  41  41  41  41  41  41  41  41  41  41  41  0  41  41  41  41  41  0  

41  41  0  0  41  41  0  0  0  41  41  41  0  0  41  41  41  41  41  0  0  0  41  41  41  41  41  41  0  0  41  41  41  41  41  0  41  41  0  41  

0  41  41  0  41  0  0  41  41  41  41  41  0  41  41  41  41  0  0  0  0  41  41  0  41  41  41  0  41  0  41  0  41  0  0  41  0  0  41  0  

41  0  41  0  0  41  0  41  41  0  41  0  0  0  41  0  0  41  41  41  41  41  0  41  41  41  0  41  41  0  41  41  0  41  41  0  41  0  0  41  

0  41  41  41  0  0  0  0  0  41  0  41  41  41  0  41  0  0  41  0  41  0  41  0  41  0  41  41  41  0  41  41  41  0  41  0  41  41  41  0  

0  41  0  0  41  41  41  0  41  41  41  0  41  0  41  0  41  41  0  41  41  41  41  41  41  0  0  0  0  41  0  0  0  41  41  0  0  41  41  41  

0  41  41  0  41  0  0  0  0  41  41  0  41  41  41  41  0  41  41  0  41  41  41  0  41  41  41  41  41  0  41  0  41  0  41  41  41  41  41  41  

0  41  41  0  41  41  0  0  41  41  41  0  41  41  41  41  41  41  41  0  0  0  0  41  41  41  0  41  41  0  0  41  41  41  41  0  41  0  0  41  

0  0  0  0  0  0  0  0  41  41  41  0  41  41  41  41  41  41  0  0  0  0  0  41  41  41  41  0  41  0  41  41  41  0  0  41  41  0  0  41  

41  41  0  41  41  41  0  0  41  41  0  41  0  0  0  0  0  0  0  41  0  41  41  0  0  41  0  41  0  41  0  41  0  41  0  0  41  41  0  41  

41  41  0  41  41  0  0  41  41  0  0  0  0  0  0  0  41  0  41  41  41  0  41  41  41  41  0  41  41  41  41  41  0  0  41  41  41  0  41  0  

41  41  41  0  41  0  41  0  0  41  41  0  41  41  41  41  0  0  41  41  0  41  41  41  41  0  41  0  0  0  41  0  41  0  41  41  41  0  0  41  

41  41  41  0  0  41  41  0  41  0  0  41  41  41  41  0  0  41  41  41  0  41  0  0  41  41  0  41  41  0  41  41  41  41  41  41  41  41  0  0  

0  41  41  0  0  0  0  41  41  0  0  0  41  41  41  0  41  41  41  0  41  0  0  41  41  41  0  0  41  41  41  0  0  41  0  0  41  41  41  41  

41  41  0  41  41  41  0  41  0  0  41  41  41  41  0  41  41  41  41  0  41  41  41  0  41  0  41  0  41  41  41  0  0  0  41  0  0  41  41  41  

0  0  0  0  41  41  41  0  0  41  0  41  41  41  0  41  41  41  41  41  41  41  0  0  0  41  0  41  0  41  41  41  41  41  0  41  0  41  41  41  

UnPairedArc=
1 2 
1 4 
1 6 
1 8 
1 12 
1 13 
1 20 
1 22 
1 23 
1 26 
1 28 
1 34 
1 35 
1 36 
1 37 
1 39 
2 3 
2 5 
2 9 
2 10 
2 11 
2 13 
2 14 
2 15 
2 17 
2 20 
2 21 
2 22 
2 24 
2 25 
2 26 
2 27 
2 29 
2 30 
2 31 
2 32 
2 34 
2 35 
2 36 
2 37 
2 38 
2 39 
3 4 
3 7 
3 8 
3 9 
3 10 
3 12 
3 13 
3 14 
3 15 
3 16 
3 17 
3 19 
3 21 
3 25 
3 27 
3 28 
3 29 
3 31 
3 32 
3 36 
3 37 
3 38 
4 5 
4 6 
4 9 
4 11 
4 12 
4 13 
4 15 
4 17 
4 18 
4 19 
4 20 
4 23 
4 25 
4 29 
4 34 
4 35 
4 39 
5 7 
5 10 
5 11 
5 13 
5 15 
5 17 
5 18 
5 20 
5 21 
5 23 
5 25 
5 26 
5 27 
5 30 
5 31 
5 32 
5 34 
5 35 
5 36 
5 39 
5 40 
6 13 
6 15 
6 16 
6 17 
6 18 
6 20 
6 21 
6 22 
6 24 
6 26 
6 28 
6 30 
6 32 
6 34 
6 37 
6 39 
6 40 
7 11 
7 12 
7 13 
7 14 
7 15 
7 16 
7 17 
7 18 
7 19 
7 20 
7 21 
7 30 
7 36 
7 37 
7 40 
8 9 
8 10 
8 11 
8 12 
8 15 
8 16 
8 19 
8 21 
8 22 
8 23 
8 25 
8 27 
8 28 
8 35 
8 38 
8 39 
9 10 
9 11 
9 12 
9 14 
9 15 
9 17 
9 19 
9 20 
9 21 
9 24 
9 25 
9 27 
9 28 
9 30 
9 32 
9 33 
9 34 
9 35 
9 37 
9 38 
10 11 
10 12 
10 14 
10 18 
10 19 
10 20 
10 21 
10 22 
10 24 
10 26 
10 27 
10 29 
10 30 
10 31 
10 32 
10 33 
10 34 
10 36 
10 40 
11 15 
11 16 
11 18 
11 19 
11 21 
11 22 
11 25 
11 26 
11 27 
11 28 
11 30 
11 31 
11 32 
11 33 
11 36 
11 39 
12 13 
12 15 
12 16 
12 18 
12 23 
12 24 
12 25 
12 26 
12 27 
12 29 
12 34 
12 37 
12 39 
12 40 
13 14 
13 15 
13 16 
13 20 
13 22 
13 29 
13 30 
13 31 
13 32 
13 33 
13 36 
13 37 
13 38 
13 39 
13 40 
14 15 
14 16 
14 18 
14 22 
14 23 
14 27 
14 29 
14 31 
14 32 
14 33 
14 36 
14 37 
14 38 
14 39 
14 40 
15 16 
15 17 
15 22 
15 23 
15 26 
15 27 
15 28 
15 30 
15 31 
15 32 
15 33 
15 36 
15 37 
15 38 
16 17 
16 19 
16 21 
16 22 
16 24 
16 26 
16 27 
16 29 
16 31 
16 32 
16 33 
16 36 
16 39 
16 40 
17 18 
17 19 
17 21 
17 22 
17 24 
17 25 
17 26 
17 27 
17 30 
17 32 
17 33 
17 35 
17 38 
17 39 
17 40 
18 21 
18 23 
18 24 
18 25 
18 26 
18 28 
18 30 
18 31 
18 32 
18 33 
18 37 
18 38 
18 39 
18 40 
19 20 
19 21 
19 22 
19 24 
19 25 
19 26 
19 28 
19 29 
19 31 
19 32 
19 35 
19 36 
19 37 
19 38 
19 39 
19 40 
20 21 
20 23 
20 24 
20 28 
20 30 
20 34 
20 35 
20 36 
20 37 
20 40 
21 23 
21 25 
21 28 
21 29 
21 30 
21 31 
21 35 
21 38 
21 39 
21 40 
22 27 
22 28 
22 30 
22 31 
22 34 
22 36 
22 37 
22 39 
22 40 
23 24 
23 25 
23 26 
23 27 
23 29 
23 30 
23 31 
23 34 
23 35 
23 36 
23 39 
24 25 
24 26 
24 28 
24 30 
24 32 
24 33 
24 35 
24 36 
24 38 
25 26 
25 27 
25 28 
25 29 
25 30 
25 31 
25 32 
25 33 
25 35 
25 36 
25 37 
25 38 
25 39 
26 27 
26 28 
26 31 
26 32 
26 33 
26 34 
26 35 
26 37 
26 38 
26 40 
27 29 
27 31 
27 33 
27 36 
27 39 
28 29 
28 31 
28 32 
28 34 
28 35 
28 37 
28 40 
29 31 
29 32 
29 33 
29 35 
29 37 
29 38 
29 39 
30 34 
30 35 
30 38 
30 39 
30 40 
31 33 
31 35 
31 36 
31 37 
31 38 
31 39 
31 40 
32 33 
32 34 
32 35 
32 37 
32 40 
33 36 
33 37 
33 40 
34 37 
34 38 
34 40 
35 36 
35 37 
35 39 
36 37 
36 40 
37 38 
38 39 
38 40 
39 40 
