nNodes=80;
 nPairs=309;
Cost=

81  0  0  0  0  0  81  0  0  0  0  0  0  81  0  0  0  0  0  0  81  0  0  81  0  0  0  0  0  0  0  0  0  0  0  0  0  0  0  0  0  0  0  0  0  0  81  0  0  81  0  0  81  0  0  0  81  0  0  0  0  0  0  0  0  0  0  0  0  81  0  0  0  0  0  0  0  0  0  0  

0  81  0  0  81  0  0  0  0  0  0  0  0  0  0  0  0  81  0  0  0  0  0  0  0  0  0  0  0  0  0  0  0  0  0  0  0  0  0  0  0  0  0  0  0  0  0  0  0  0  0  0  0  0  81  0  0  0  0  0  0  0  0  0  81  0  0  0  0  0  0  0  0  0  81  81  0  0  0  0  

0  0  81  0  0  0  0  0  0  0  0  0  0  0  0  0  0  0  0  0  0  0  0  0  0  0  0  0  0  0  0  0  0  0  0  0  0  0  0  0  0  81  0  0  81  0  81  81  0  0  0  0  0  0  0  0  0  0  0  0  0  0  0  0  0  0  0  0  0  0  0  0  0  0  0  0  0  0  0  81  

0  0  0  81  0  0  0  0  0  0  0  0  0  0  0  81  0  0  0  0  0  0  0  0  0  0  0  0  0  0  0  81  0  0  81  0  0  0  0  0  0  0  0  0  0  0  0  0  0  81  0  81  0  0  0  0  0  0  0  0  81  0  81  0  0  0  0  0  0  0  0  0  0  0  0  0  0  0  0  0  

0  81  0  0  81  0  0  0  81  0  0  0  0  0  0  0  0  0  0  0  0  0  0  81  0  0  0  0  0  0  81  0  0  0  0  0  0  0  0  0  0  0  0  0  81  0  0  81  0  0  0  0  0  0  0  0  0  81  0  0  81  0  0  0  0  0  0  0  81  0  0  0  81  0  81  0  0  0  81  0  

0  0  0  0  0  81  0  0  0  81  0  0  0  0  0  0  0  0  0  0  0  0  0  0  0  0  0  81  81  0  0  0  81  0  81  0  81  0  0  0  0  0  0  81  0  0  0  0  0  0  0  81  0  0  0  0  0  0  81  0  0  0  81  0  0  0  81  0  0  0  0  0  0  0  0  0  81  0  0  0  

81  0  0  0  0  0  81  81  0  0  0  0  0  0  0  0  0  0  0  0  0  0  0  0  0  81  0  81  0  0  0  0  0  0  0  0  81  0  0  0  0  0  0  0  0  81  0  0  0  0  0  0  81  0  81  0  0  0  0  0  0  0  0  81  0  0  0  0  0  0  0  0  0  0  81  0  81  0  0  0  

0  0  0  0  0  0  81  81  0  0  0  0  0  0  0  0  81  0  0  0  81  0  0  0  0  0  0  0  0  0  0  0  0  0  0  0  0  0  0  0  0  0  0  0  0  81  0  81  0  0  0  0  0  0  0  0  0  0  0  0  0  0  0  0  0  0  0  0  0  0  0  0  0  0  0  0  0  0  0  0  

0  0  0  0  81  0  0  0  81  81  0  0  0  0  0  0  0  0  0  0  0  0  0  0  0  0  0  0  81  0  0  0  0  0  0  0  0  0  0  0  0  0  0  0  0  0  0  0  0  0  0  0  0  0  0  0  0  0  0  0  0  0  81  0  0  0  0  0  0  0  0  0  0  0  0  0  81  0  0  0  

0  0  0  0  0  81  0  0  81  81  0  0  0  0  0  0  0  0  81  0  0  81  0  0  81  0  0  0  0  81  81  0  0  0  0  0  0  0  0  81  0  0  0  0  81  0  0  0  0  0  0  0  0  0  0  0  81  0  0  0  0  0  0  0  81  0  0  0  0  0  0  0  0  0  0  0  81  0  81  0  

0  0  0  0  0  0  0  0  0  0  81  0  0  81  0  81  0  0  0  0  0  0  0  0  0  0  0  0  0  81  0  0  0  81  0  0  0  0  0  0  0  81  0  0  0  0  81  0  0  0  0  81  81  0  0  0  0  0  81  0  0  0  0  0  0  0  0  0  0  81  0  0  0  0  0  0  0  81  0  0  

0  0  0  0  0  0  0  0  0  0  0  81  0  0  0  0  0  0  0  0  81  0  0  0  0  81  81  0  0  0  81  0  0  81  0  0  0  0  0  0  81  0  81  0  0  0  0  0  81  0  0  0  81  0  0  0  0  0  0  0  0  0  0  0  0  0  81  0  0  0  0  0  0  0  0  0  81  0  0  0  

0  0  0  0  0  0  0  0  0  0  0  0  81  0  0  0  0  0  0  0  0  0  0  0  0  0  0  0  0  0  0  0  0  0  0  0  0  0  81  0  0  0  0  0  0  81  0  81  0  81  0  0  0  0  0  0  0  0  0  0  0  0  0  0  0  0  0  81  0  0  0  0  81  0  0  0  81  0  0  0  

81  0  0  0  0  0  0  0  0  0  81  0  0  81  0  0  0  0  0  0  81  0  0  0  0  0  81  0  0  0  0  0  0  0  0  0  0  0  81  0  0  81  0  0  0  0  81  0  0  81  0  0  0  81  0  0  0  0  0  0  0  0  0  0  0  0  0  0  0  0  0  0  0  0  0  0  0  0  0  0  

0  0  0  0  0  0  0  0  0  0  0  0  0  0  81  0  0  0  0  0  0  0  0  0  0  0  0  81  0  0  0  0  0  0  0  0  0  0  0  0  0  0  0  0  0  0  0  0  0  0  0  0  0  0  0  81  0  0  0  0  0  0  0  0  0  0  0  0  0  0  0  0  0  0  0  0  0  0  81  0  

0  0  0  81  0  0  0  0  0  0  81  0  0  0  0  81  0  0  0  0  0  0  0  0  0  81  0  0  0  0  0  0  0  0  0  0  0  0  0  0  0  0  0  0  0  0  0  0  0  81  81  0  81  81  0  0  0  0  0  0  0  0  81  81  0  0  0  0  0  0  0  0  0  0  0  0  0  0  0  0  

0  0  0  0  0  0  0  81  0  0  0  0  0  0  0  0  81  0  0  0  0  0  0  81  0  0  0  0  0  81  0  0  0  0  0  0  0  0  0  81  0  0  0  0  0  0  0  0  0  0  0  0  0  0  0  0  0  0  0  0  0  0  0  0  0  0  0  0  0  0  0  0  0  0  0  0  0  0  0  0  

0  81  0  0  0  0  0  0  0  0  0  0  0  0  0  0  0  81  0  81  0  0  0  0  0  0  0  0  0  0  0  0  0  0  0  0  81  0  0  0  0  0  0  0  0  81  0  0  0  0  0  0  0  81  0  0  0  0  0  0  0  0  0  0  0  0  81  81  0  0  0  0  0  0  0  0  0  0  0  0  

0  0  0  0  0  0  0  0  0  81  0  0  0  0  0  0  0  0  81  0  0  0  0  0  0  0  0  0  0  0  0  81  0  0  0  0  0  0  0  81  0  0  81  0  0  0  0  0  0  0  0  0  0  81  0  0  81  0  0  0  0  0  0  0  0  0  0  81  0  0  0  0  0  0  0  0  0  0  0  0  

0  0  0  0  0  0  0  0  0  0  0  0  0  0  0  0  0  81  0  81  0  0  0  0  0  0  0  0  0  81  0  0  0  0  0  0  0  0  0  0  0  81  0  0  0  0  0  0  0  0  0  0  0  0  0  0  0  0  0  0  0  0  0  0  0  81  0  0  0  0  0  0  0  0  0  0  0  0  0  0  

81  0  0  0  0  0  0  81  0  0  0  81  0  81  0  0  0  0  0  0  81  0  0  0  0  0  0  0  0  81  0  0  0  0  0  0  0  0  0  0  0  0  0  0  0  0  0  0  0  0  0  0  0  0  0  0  0  0  0  0  0  0  0  0  0  0  0  0  0  0  0  0  0  0  0  0  0  81  0  0  

0  0  0  0  0  0  0  0  0  81  0  0  0  0  0  0  0  0  0  0  0  81  0  0  0  0  0  0  0  0  0  0  0  81  0  0  0  0  0  0  0  0  81  0  0  0  0  0  81  0  0  0  0  0  0  0  0  0  0  0  0  81  0  0  0  0  0  0  0  0  0  0  0  0  0  0  0  81  0  0  

0  0  0  0  0  0  0  0  0  0  0  0  0  0  0  0  0  0  0  0  0  0  81  0  81  0  0  81  0  0  81  0  0  0  0  0  0  0  0  0  0  0  0  81  0  0  0  0  0  0  0  81  0  81  0  0  0  0  0  0  0  0  81  0  0  0  0  0  0  0  0  0  81  0  0  0  0  0  0  0  

81  0  0  0  81  0  0  0  0  0  0  0  0  0  0  0  81  0  0  0  0  0  0  81  0  0  0  81  0  0  0  0  0  0  0  0  0  0  0  0  0  0  0  0  0  0  0  0  0  0  0  0  0  0  0  0  0  0  0  0  81  81  0  0  0  0  0  0  0  0  0  0  0  0  0  0  0  0  0  0  

0  0  0  0  0  0  0  0  0  81  0  0  0  0  0  0  0  0  0  0  0  0  81  0  81  0  81  0  0  81  0  0  0  0  0  0  0  0  81  0  0  81  0  0  0  0  0  81  0  0  0  0  0  81  0  0  0  0  0  81  0  81  81  0  0  0  0  0  0  0  0  0  0  0  81  0  0  0  0  0  

0  0  0  0  0  0  81  0  0  0  0  81  0  0  0  81  0  0  0  0  0  0  0  0  0  81  81  0  0  81  0  0  0  81  0  0  0  81  0  0  0  0  0  0  0  0  0  0  0  81  81  81  0  0  0  81  81  0  0  0  0  0  81  0  0  0  0  81  0  0  0  0  0  0  81  0  0  81  0  81  

0  0  0  0  0  0  0  0  0  0  0  81  0  81  0  0  0  0  0  0  0  0  0  0  81  81  81  0  0  0  0  0  0  0  0  0  0  0  0  0  0  0  0  0  81  0  81  0  0  0  0  0  0  0  0  0  0  0  0  0  0  0  0  0  0  0  0  0  0  0  0  0  0  0  0  0  0  0  81  0  

0  0  0  0  0  81  81  0  0  0  0  0  0  0  81  0  0  0  0  0  0  0  81  81  0  0  0  81  0  0  0  0  0  0  0  0  0  0  0  0  0  0  0  0  0  0  0  0  0  0  0  0  0  0  0  0  0  0  0  0  81  0  81  0  0  81  0  0  81  0  0  0  0  0  0  0  0  0  0  0  

0  0  0  0  0  81  0  0  81  0  0  0  0  0  0  0  0  0  0  0  0  0  0  0  0  0  0  0  81  0  0  0  0  0  0  0  0  0  0  0  0  0  0  0  0  0  0  0  0  0  0  81  0  0  0  0  0  0  0  0  0  0  0  81  0  0  0  0  0  0  0  0  0  0  0  0  0  0  0  0  

0  0  0  0  0  0  0  0  0  81  81  0  0  0  0  0  81  0  0  81  81  0  0  0  81  81  0  0  0  81  0  0  0  0  0  0  0  0  0  0  0  0  0  0  0  81  0  0  0  0  0  0  0  0  0  0  0  0  81  0  0  0  0  0  0  0  0  0  0  0  0  0  0  0  0  0  0  0  0  0  

0  0  0  0  81  0  0  0  0  81  0  81  0  0  0  0  0  0  0  0  0  0  81  0  0  0  0  0  0  0  81  0  0  0  0  0  0  0  0  0  0  0  0  0  0  0  0  0  0  0  0  0  0  0  0  81  0  0  0  0  0  0  0  0  0  0  0  0  0  81  0  0  0  0  0  0  0  0  0  0  

0  0  0  81  0  0  0  0  0  0  0  0  0  0  0  0  0  0  81  0  0  0  0  0  0  0  0  0  0  0  0  81  0  0  0  0  81  0  0  0  0  0  0  0  0  0  0  0  0  0  0  0  0  0  0  81  0  0  0  0  0  0  0  0  0  0  0  0  0  0  0  0  0  0  0  0  0  0  0  0  

0  0  0  0  0  81  0  0  0  0  0  0  0  0  0  0  0  0  0  0  0  0  0  0  0  0  0  0  0  0  0  0  81  0  81  0  0  0  0  0  0  0  0  0  0  0  0  0  0  81  0  0  0  0  0  0  0  0  81  0  0  0  0  0  0  0  0  0  81  0  0  0  0  0  0  0  81  0  0  0  

0  0  0  0  0  0  0  0  0  0  81  81  0  0  0  0  0  0  0  0  0  81  0  0  0  81  0  0  0  0  0  0  0  81  0  0  0  0  0  0  0  0  0  0  0  0  0  81  0  0  81  0  0  0  0  0  0  0  0  0  0  0  0  0  0  0  0  0  0  81  0  0  0  81  0  0  0  0  0  0  

0  0  0  81  0  81  0  0  0  0  0  0  0  0  0  0  0  0  0  0  0  0  0  0  0  0  0  0  0  0  0  0  81  0  81  0  0  0  0  0  0  0  81  0  81  81  0  0  0  0  0  0  0  0  0  0  81  0  0  0  0  0  81  0  0  0  0  0  0  0  0  0  0  0  0  0  0  0  0  0  

0  0  0  0  0  0  0  0  0  0  0  0  0  0  0  0  0  0  0  0  0  0  0  0  0  0  0  0  0  0  0  0  0  0  0  81  0  0  0  0  0  0  0  81  0  0  81  0  0  0  0  81  0  0  81  81  0  0  0  0  0  0  0  0  0  0  0  0  0  81  81  0  0  0  81  0  0  0  0  0  

0  0  0  0  0  81  81  0  0  0  0  0  0  0  0  0  0  81  0  0  0  0  0  0  0  0  0  0  0  0  0  81  0  0  0  0  81  0  0  0  0  0  0  0  0  0  0  0  0  0  0  0  0  0  0  0  0  0  0  0  0  0  0  0  0  0  0  0  0  0  0  0  0  0  0  0  0  0  0  0  

0  0  0  0  0  0  0  0  0  0  0  0  0  0  0  0  0  0  0  0  0  0  0  0  0  81  0  0  0  0  0  0  0  0  0  0  0  81  0  0  0  0  0  0  0  0  0  0  81  0  0  0  81  0  0  0  0  0  0  81  81  81  0  0  0  0  0  0  0  0  0  0  0  0  0  0  0  0  0  0  

0  0  0  0  0  0  0  0  0  0  0  0  81  81  0  0  0  0  0  0  0  0  0  0  81  0  0  0  0  0  0  0  0  0  0  0  0  0  81  0  0  0  0  0  0  0  0  0  0  0  0  0  0  0  0  0  0  0  0  81  0  0  0  0  0  0  0  0  0  0  0  0  0  0  0  0  0  0  0  0  

0  0  0  0  0  0  0  0  0  81  0  0  0  0  0  0  81  0  81  0  0  0  0  0  0  0  0  0  0  0  0  0  0  0  0  0  0  0  0  81  0  0  81  0  81  81  0  0  81  0  0  0  0  0  81  0  0  0  81  0  0  0  0  0  0  0  0  0  0  0  81  0  81  81  0  0  0  0  81  81  

0  0  0  0  0  0  0  0  0  0  0  81  0  0  0  0  0  0  0  0  0  0  0  0  0  0  0  0  0  0  0  0  0  0  0  0  0  0  0  0  81  0  0  81  0  81  0  0  0  0  0  0  0  0  0  0  81  0  0  0  0  0  0  81  0  0  0  0  0  0  0  0  0  0  0  0  0  0  81  0  

0  0  81  0  0  0  0  0  0  0  81  0  0  81  0  0  0  0  0  81  0  0  0  0  81  0  0  0  0  0  0  0  0  0  0  0  0  0  0  0  0  81  0  0  0  81  0  0  0  0  0  0  0  0  0  0  0  0  0  0  0  0  0  0  0  0  0  81  0  0  81  81  0  0  0  0  0  0  0  0  

0  0  0  0  0  0  0  0  0  0  0  81  0  0  0  0  0  0  81  0  0  81  0  0  0  0  0  0  0  0  0  0  0  0  81  0  0  0  0  81  0  0  81  0  0  0  0  0  0  0  0  0  0  0  0  0  0  0  0  0  0  0  0  0  0  0  0  0  0  81  0  0  0  0  0  81  0  0  0  0  

0  0  0  0  0  81  0  0  0  0  0  0  0  0  0  0  0  0  0  0  0  0  81  0  0  0  0  0  0  0  0  0  0  0  0  81  0  0  0  0  81  0  0  81  0  0  0  0  0  0  0  81  0  0  0  0  0  0  0  0  0  0  0  81  0  0  81  0  0  0  0  0  0  0  0  0  0  0  0  0  

0  0  81  0  81  0  0  0  0  81  0  0  0  0  0  0  0  0  0  0  0  0  0  0  0  0  81  0  0  0  0  0  0  0  81  0  0  0  0  81  0  0  0  0  81  0  0  0  0  0  0  0  0  0  81  0  0  0  0  0  0  0  0  0  0  0  0  0  0  0  0  0  0  0  81  0  0  0  0  0  

0  0  0  0  0  0  81  81  0  0  0  0  81  0  0  0  0  81  0  0  0  0  0  0  0  0  0  0  0  81  0  0  0  0  81  0  0  0  0  81  81  81  0  0  0  81  0  0  0  0  0  0  0  0  0  0  0  81  0  0  0  0  0  0  0  0  0  0  0  0  0  81  0  0  0  0  0  0  0  0  

81  0  81  0  0  0  0  0  0  0  81  0  0  81  0  0  0  0  0  0  0  0  0  0  0  0  81  0  0  0  0  0  0  0  0  81  0  0  0  0  0  0  0  0  0  0  81  0  0  0  0  0  0  81  0  0  0  81  0  0  0  0  0  0  0  0  0  0  0  0  0  81  0  0  0  0  0  0  0  81  

0  0  81  0  81  0  0  81  0  0  0  0  81  0  0  0  0  0  0  0  0  0  0  0  81  0  0  0  0  0  0  0  0  81  0  0  0  0  0  0  0  0  0  0  0  0  0  81  81  0  0  0  81  0  0  0  0  0  81  0  0  0  0  0  0  0  0  0  0  0  0  0  81  0  0  0  0  0  0  0  

0  0  0  0  0  0  0  0  0  0  0  81  0  0  0  0  0  0  0  0  0  81  0  0  0  0  0  0  0  0  0  0  0  0  0  0  0  81  0  81  0  0  0  0  0  0  0  81  81  0  0  0  0  0  0  0  0  0  0  0  0  81  0  0  0  0  0  0  0  0  0  0  0  0  0  0  0  0  0  0  

81  0  0  81  0  0  0  0  0  0  0  0  81  81  0  81  0  0  0  0  0  0  0  0  0  81  0  0  0  0  0  0  81  0  0  0  0  0  0  0  0  0  0  0  0  0  0  0  0  81  0  0  0  0  0  0  0  0  0  0  0  0  0  0  0  0  0  0  0  0  0  0  0  0  81  0  0  0  81  0  

0  0  0  0  0  0  0  0  0  0  0  0  0  0  0  81  0  0  0  0  0  0  0  0  0  81  0  0  0  0  0  0  0  81  0  0  0  0  0  0  0  0  0  0  0  0  0  0  0  0  81  0  0  0  0  0  0  0  0  0  0  0  0  0  0  0  0  0  0  0  0  0  0  0  0  0  0  0  0  81  

0  0  0  81  0  81  0  0  0  0  81  0  0  0  0  0  0  0  0  0  0  0  81  0  0  81  0  0  81  0  0  0  0  0  0  81  0  0  0  0  0  0  0  81  0  0  0  0  0  0  0  81  0  81  0  0  0  0  0  81  0  81  0  0  0  0  0  0  81  0  0  0  0  0  0  0  0  0  81  0  

81  0  0  0  0  0  81  0  0  0  81  81  0  0  0  81  0  0  0  0  0  0  0  0  0  0  0  0  0  0  0  0  0  0  0  0  0  81  0  0  0  0  0  0  0  0  0  81  0  0  0  0  81  0  0  0  0  0  0  0  0  0  81  0  0  0  0  0  0  0  0  0  0  0  0  0  0  0  81  0  

0  0  0  0  0  0  0  0  0  0  0  0  0  81  0  81  0  81  81  0  0  0  81  0  81  0  0  0  0  0  0  0  0  0  0  0  0  0  0  0  0  0  0  0  0  0  81  0  0  0  0  81  0  81  0  0  0  0  0  0  0  0  0  0  0  0  0  81  0  81  0  0  0  0  0  0  0  0  0  0  

0  81  0  0  0  0  81  0  0  0  0  0  0  0  0  0  0  0  0  0  0  0  0  0  0  0  0  0  0  0  0  0  0  0  0  81  0  0  0  81  0  0  0  0  81  0  0  0  0  0  0  0  0  0  81  0  0  0  81  0  0  0  0  0  81  0  0  0  0  0  0  0  0  0  0  0  81  0  0  0  

0  0  0  0  0  0  0  0  0  0  0  0  0  0  81  0  0  0  0  0  0  0  0  0  0  81  0  0  0  0  81  81  0  0  0  81  0  0  0  0  0  0  0  0  0  0  0  0  0  0  0  0  0  0  0  81  0  0  0  0  0  0  81  0  0  0  0  0  0  0  0  0  0  0  0  0  0  0  0  0  

81  0  0  0  0  0  0  0  0  81  0  0  0  0  0  0  0  0  81  0  0  0  0  0  0  81  0  0  0  0  0  0  0  0  81  0  0  0  0  0  81  0  0  0  0  0  0  0  0  0  0  0  0  0  0  0  81  0  0  0  0  0  0  0  0  81  0  0  0  0  0  0  0  0  81  0  0  0  0  0  

0  0  0  0  81  0  0  0  0  0  0  0  0  0  0  0  0  0  0  0  0  0  0  0  0  0  0  0  0  0  0  0  0  0  0  0  0  0  0  0  0  0  0  0  0  81  81  0  0  0  0  0  0  0  0  0  0  81  0  0  0  0  0  0  81  0  0  0  0  0  0  0  0  0  0  81  0  0  0  0  

0  0  0  0  0  81  0  0  0  0  81  0  0  0  0  0  0  0  0  0  0  0  0  0  0  0  0  0  0  81  0  0  81  0  0  0  0  0  0  81  0  0  0  0  0  0  0  81  0  0  0  0  0  0  81  0  0  0  81  0  0  0  0  0  0  0  0  0  0  0  0  0  0  0  0  0  0  81  0  0  

0  0  0  0  0  0  0  0  0  0  0  0  0  0  0  0  0  0  0  0  0  0  0  0  81  0  0  0  0  0  0  0  0  0  0  0  0  81  81  0  0  0  0  0  0  0  0  0  0  0  0  81  0  0  0  0  0  0  0  81  0  0  0  0  0  0  0  81  0  0  0  0  0  0  81  0  0  0  0  0  

0  0  0  81  81  0  0  0  0  0  0  0  0  0  0  0  0  0  0  0  0  0  0  81  0  0  0  81  0  0  0  0  0  0  0  0  0  81  0  0  0  0  0  0  0  0  0  0  0  0  0  0  0  0  0  0  0  0  0  0  81  0  0  0  0  0  0  0  0  0  0  0  0  0  0  0  81  0  0  0  

0  0  0  0  0  0  0  0  0  0  0  0  0  0  0  0  0  0  0  0  0  81  0  81  81  0  0  0  0  0  0  0  0  0  0  0  0  81  0  0  0  0  0  0  0  0  0  0  81  0  0  81  0  0  0  0  0  0  0  0  0  81  0  0  0  0  81  0  0  0  0  0  0  0  0  0  0  0  0  0  

0  0  0  81  0  81  0  0  81  0  0  0  0  0  0  81  0  0  0  0  0  0  81  0  81  81  0  81  0  0  0  0  0  0  81  0  0  0  0  0  0  0  0  0  0  0  0  0  0  0  0  0  81  0  0  81  0  0  0  0  0  0  81  0  0  0  0  0  0  0  0  81  0  0  0  0  0  0  0  0  

0  0  0  0  0  0  81  0  0  0  0  0  0  0  0  81  0  0  0  0  0  0  0  0  0  0  0  0  81  0  0  0  0  0  0  0  0  0  0  0  81  0  0  81  0  0  0  0  0  0  0  0  0  0  0  0  0  0  0  0  0  0  0  81  0  0  0  0  0  0  81  0  0  81  0  0  0  0  0  81  

0  81  0  0  0  0  0  0  0  81  0  0  0  0  0  0  0  0  0  0  0  0  0  0  0  0  0  0  0  0  0  0  0  0  0  0  0  0  0  0  0  0  0  0  0  0  0  0  0  0  0  0  0  0  81  0  0  81  0  0  0  0  0  0  81  0  0  81  0  0  0  81  0  0  0  0  0  0  0  0  

0  0  0  0  0  0  0  0  0  0  0  0  0  0  0  0  0  0  0  81  0  0  0  0  0  0  0  81  0  0  0  0  0  0  0  0  0  0  0  0  0  0  0  0  0  0  0  0  0  0  0  0  0  0  0  0  81  0  0  0  0  0  0  0  0  81  0  0  0  0  81  0  81  0  0  0  0  81  0  0  

0  0  0  0  0  81  0  0  0  0  0  81  0  0  0  0  0  81  0  0  0  0  0  0  0  0  0  0  0  0  0  0  0  0  0  0  0  0  0  0  0  0  0  81  0  0  0  0  0  0  0  0  0  0  0  0  0  0  0  0  0  81  0  0  0  0  81  0  0  0  0  0  0  0  0  0  81  0  0  0  

0  0  0  0  0  0  0  0  0  0  0  0  81  0  0  0  0  81  81  0  0  0  0  0  0  81  0  0  0  0  0  0  0  0  0  0  0  0  0  0  0  81  0  0  0  0  0  0  0  0  0  0  0  81  0  0  0  0  0  81  0  0  0  0  81  0  0  81  0  0  0  0  81  0  0  0  0  0  0  0  

0  0  0  0  81  0  0  0  0  0  0  0  0  0  0  0  0  0  0  0  0  0  0  0  0  0  0  81  0  0  0  0  81  0  0  0  0  0  0  0  0  0  0  0  0  0  0  0  0  0  0  81  0  0  0  0  0  0  0  0  0  0  0  0  0  0  0  0  81  0  0  0  0  0  0  81  0  0  0  0  

81  0  0  0  0  0  0  0  0  0  81  0  0  0  0  0  0  0  0  0  0  0  0  0  0  0  0  0  0  0  81  0  0  81  0  81  0  0  0  0  0  0  81  0  0  0  0  0  0  0  0  0  0  81  0  0  0  0  0  0  0  0  0  0  0  0  0  0  0  81  0  0  0  0  0  0  0  0  0  0  

0  0  0  0  0  0  0  0  0  0  0  0  0  0  0  0  0  0  0  0  0  0  0  0  0  0  0  0  0  0  0  0  0  0  0  81  0  0  0  81  0  81  0  0  0  0  0  0  0  0  0  0  0  0  0  0  0  0  0  0  0  0  0  81  0  81  0  0  0  0  81  0  0  0  81  0  0  0  0  81  

0  0  0  0  0  0  0  0  0  0  0  0  0  0  0  0  0  0  0  0  0  0  0  0  0  0  0  0  0  0  0  0  0  0  0  0  0  0  0  0  0  81  0  0  0  81  81  0  0  0  0  0  0  0  0  0  0  0  0  0  0  0  81  0  81  0  0  0  0  0  0  81  0  0  0  0  0  0  0  0  

0  0  0  0  81  0  0  0  0  0  0  0  81  0  0  0  0  0  0  0  0  0  81  0  0  0  0  0  0  0  0  0  0  0  0  0  0  0  0  81  0  0  0  0  0  0  0  81  0  0  0  0  0  0  0  0  0  0  0  0  0  0  0  0  0  81  0  81  0  0  0  0  81  81  0  81  0  0  0  0  

0  0  0  0  0  0  0  0  0  0  0  0  0  0  0  0  0  0  0  0  0  0  0  0  0  0  0  0  0  0  0  0  0  81  0  0  0  0  0  81  0  0  0  0  0  0  0  0  0  0  0  0  0  0  0  0  0  0  0  0  0  0  0  81  0  0  0  0  0  0  0  0  81  81  0  0  0  0  0  0  

0  81  0  0  81  0  81  0  0  0  0  0  0  0  0  0  0  0  0  0  0  0  0  0  81  81  0  0  0  0  0  0  0  0  0  81  0  0  0  0  0  0  0  0  81  0  0  0  0  81  0  0  0  0  0  0  81  0  0  81  0  0  0  0  0  0  0  0  0  0  81  0  0  0  81  0  0  0  0  0  

0  81  0  0  0  0  0  0  0  0  0  0  0  0  0  0  0  0  0  0  0  0  0  0  0  0  0  0  0  0  0  0  0  0  0  0  0  0  0  0  0  0  81  0  0  0  0  0  0  0  0  0  0  0  0  0  0  81  0  0  0  0  0  0  0  0  0  0  81  0  0  0  81  0  0  81  0  0  0  0  

0  0  0  0  0  81  81  0  81  81  0  81  81  0  0  0  0  0  0  0  0  0  0  0  0  0  0  0  0  0  0  0  81  0  0  0  0  0  0  0  0  0  0  0  0  0  0  0  0  0  0  0  0  0  81  0  0  0  0  0  81  0  0  0  0  0  81  0  0  0  0  0  0  0  0  0  81  0  0  81  

0  0  0  0  0  0  0  0  0  0  81  0  0  0  0  0  0  0  0  0  81  81  0  0  0  81  0  0  0  0  0  0  0  0  0  0  0  0  0  0  0  0  0  0  0  0  0  0  0  0  0  0  0  0  0  0  0  0  81  0  0  0  0  0  0  81  0  0  0  0  0  0  0  0  0  0  0  81  81  0  

0  0  0  0  81  0  0  0  0  81  0  0  0  0  81  0  0  0  0  0  0  0  0  0  0  0  81  0  0  0  0  0  0  0  0  0  0  0  0  81  81  0  0  0  0  0  0  0  0  81  0  81  81  0  0  0  0  0  0  0  0  0  0  0  0  0  0  0  0  0  0  0  0  0  0  0  0  81  81  0  

0  0  81  0  0  0  0  0  0  0  0  0  0  0  0  0  0  0  0  0  0  0  0  0  0  81  0  0  0  0  0  0  0  0  0  0  0  0  0  81  0  0  0  0  0  0  81  0  0  0  81  0  0  0  0  0  0  0  0  0  0  0  0  81  0  0  0  0  0  0  81  0  0  0  0  0  81  0  0  81  

UnPairedArc=
1 7 
1 14 
1 21 
1 24 
1 47 
1 50 
1 53 
1 57 
1 70 
2 5 
2 18 
2 55 
2 65 
2 75 
2 76 
3 42 
3 45 
3 47 
3 48 
3 80 
4 16 
4 32 
4 35 
4 50 
4 52 
4 61 
4 63 
5 9 
5 24 
5 31 
5 45 
5 48 
5 58 
5 61 
5 69 
5 73 
5 75 
5 79 
6 10 
6 28 
6 29 
6 33 
6 35 
6 37 
6 44 
6 52 
6 59 
6 63 
6 67 
6 77 
7 8 
7 26 
7 28 
7 37 
7 46 
7 53 
7 55 
7 64 
7 75 
7 77 
8 17 
8 21 
8 46 
8 48 
9 10 
9 29 
9 63 
9 77 
10 19 
10 22 
10 25 
10 30 
10 31 
10 40 
10 45 
10 57 
10 65 
10 77 
10 79 
11 14 
11 16 
11 30 
11 34 
11 42 
11 47 
11 52 
11 53 
11 59 
11 70 
11 78 
12 21 
12 26 
12 27 
12 31 
12 34 
12 41 
12 43 
12 49 
12 53 
12 67 
12 77 
13 39 
13 46 
13 48 
13 50 
13 68 
13 73 
13 77 
14 21 
14 27 
14 39 
14 42 
14 47 
14 50 
14 54 
15 28 
15 56 
15 79 
16 26 
16 50 
16 51 
16 53 
16 54 
16 63 
16 64 
17 24 
17 30 
17 40 
18 20 
18 37 
18 46 
18 54 
18 67 
18 68 
19 32 
19 40 
19 43 
19 54 
19 57 
19 68 
20 30 
20 42 
20 66 
21 30 
21 78 
22 34 
22 43 
22 49 
22 62 
22 78 
23 25 
23 28 
23 31 
23 44 
23 52 
23 54 
23 63 
23 73 
24 28 
24 61 
24 62 
25 27 
25 30 
25 39 
25 42 
25 48 
25 54 
25 60 
25 62 
25 63 
25 75 
26 27 
26 30 
26 34 
26 38 
26 50 
26 51 
26 52 
26 56 
26 57 
26 63 
26 68 
26 75 
26 78 
26 80 
27 45 
27 47 
27 79 
28 61 
28 63 
28 66 
28 69 
29 52 
29 64 
30 46 
30 59 
31 56 
31 70 
32 37 
32 56 
33 35 
33 50 
33 59 
33 69 
33 77 
34 48 
34 51 
34 70 
34 74 
35 43 
35 45 
35 46 
35 57 
35 63 
36 44 
36 47 
36 52 
36 55 
36 56 
36 70 
36 71 
36 75 
38 49 
38 53 
38 60 
38 61 
38 62 
39 60 
40 43 
40 45 
40 46 
40 49 
40 55 
40 59 
40 71 
40 73 
40 74 
40 79 
40 80 
41 44 
41 46 
41 57 
41 64 
41 79 
42 46 
42 68 
42 71 
42 72 
43 70 
43 76 
44 52 
44 64 
44 67 
45 55 
45 75 
46 58 
46 72 
47 54 
47 58 
47 72 
47 80 
48 49 
48 53 
48 59 
48 73 
49 62 
50 75 
50 79 
51 80 
52 54 
52 60 
52 62 
52 69 
52 79 
53 63 
53 79 
54 68 
54 70 
55 59 
55 65 
55 77 
56 63 
57 66 
57 75 
58 65 
58 76 
59 78 
60 68 
60 75 
61 77 
62 67 
63 72 
64 71 
64 74 
64 80 
65 68 
65 72 
66 71 
66 73 
66 78 
67 77 
68 73 
69 76 
71 75 
71 80 
73 74 
73 76 
77 80 
78 79 
