nNodes=40;
 nPairs=223;
Cost=

41  0  0  0  41  0  0  0  41  41  0  0  0  0  0  0  41  0  41  0  0  41  41  41  0  0  41  0  41  0  0  0  41  0  41  41  41  0  0  41  

0  41  41  0  41  0  0  0  0  0  0  0  0  0  0  0  0  41  0  0  0  0  0  0  41  0  0  0  41  41  41  41  0  0  41  0  41  41  0  0  

0  41  41  41  0  0  0  41  0  0  0  0  0  0  0  0  0  0  41  0  0  0  41  0  0  0  0  0  41  0  0  41  41  0  0  0  41  0  41  41  

0  0  41  41  0  0  0  0  0  0  0  0  0  0  0  0  0  0  0  0  0  0  0  0  0  0  0  0  0  0  41  41  0  41  0  0  0  0  0  41  

41  41  0  0  41  41  0  0  0  0  0  0  0  0  41  0  0  0  0  41  0  41  0  41  0  0  0  0  0  41  0  0  41  0  0  0  0  0  0  41  

0  0  0  0  41  41  0  41  0  41  0  0  41  41  0  0  0  0  0  0  0  41  41  0  0  0  0  0  0  0  0  0  41  0  0  41  0  41  0  0  

0  0  0  0  0  0  41  41  0  41  0  0  0  0  0  0  0  41  0  41  0  0  0  41  0  0  41  0  41  0  0  0  0  41  41  41  0  41  41  0  

0  0  41  0  0  41  41  41  41  0  41  0  0  0  41  0  41  0  41  41  0  0  0  0  0  41  0  0  41  0  0  0  41  0  41  41  0  41  41  0  

41  0  0  0  0  0  0  41  41  0  0  0  0  0  0  0  0  0  0  41  0  0  0  0  0  0  41  41  0  0  0  41  41  41  0  0  0  41  0  41  

41  0  0  0  0  41  41  0  0  41  41  0  0  41  0  41  0  0  0  41  0  0  0  0  0  0  0  0  0  0  41  0  0  0  41  0  0  41  0  0  

0  0  0  0  0  0  0  41  0  41  41  41  0  41  0  0  0  0  41  0  41  41  0  0  0  41  0  41  0  0  0  41  41  0  0  0  0  0  41  0  

0  0  0  0  0  0  0  0  0  0  41  41  41  41  0  0  41  0  41  0  0  41  0  0  0  41  0  41  0  0  0  41  41  0  0  0  0  0  0  0  

0  0  0  0  0  41  0  0  0  0  0  41  41  0  0  0  0  41  0  0  41  0  0  0  0  41  41  0  0  0  0  0  0  0  41  0  0  0  0  41  

0  0  0  0  0  41  0  0  0  41  41  41  0  41  0  0  41  0  0  0  41  41  0  0  41  0  0  0  0  0  41  0  0  41  0  0  0  0  0  0  

0  0  0  0  41  0  0  41  0  0  0  0  0  0  41  41  41  0  0  0  41  41  0  0  0  0  0  0  0  0  41  41  0  41  41  0  0  41  41  0  

0  0  0  0  0  0  0  0  0  41  0  0  0  0  41  41  41  41  0  0  41  0  0  0  0  0  41  0  0  41  0  41  0  41  0  0  0  0  0  0  

41  0  0  0  0  0  0  41  0  0  0  41  0  41  41  41  41  0  0  41  0  0  0  41  0  0  0  41  41  0  0  0  0  0  0  0  0  0  0  41  

0  41  0  0  0  0  41  0  0  0  0  0  41  0  0  41  0  41  41  0  41  41  41  0  0  0  0  0  0  0  41  41  41  41  0  41  41  0  0  0  

41  0  41  0  0  0  0  41  0  0  41  41  0  0  0  0  0  41  41  0  0  0  0  41  41  41  41  41  0  41  0  0  0  0  0  0  0  0  41  0  

0  0  0  0  41  0  41  41  41  41  0  0  0  0  0  0  41  0  0  41  0  0  0  41  41  0  41  41  41  0  0  0  0  0  0  41  0  0  0  41  

0  0  0  0  0  0  0  0  0  0  41  0  41  41  41  41  0  41  0  0  41  0  41  0  41  0  0  41  0  0  41  0  0  0  0  41  0  0  0  0  

41  0  0  0  41  41  0  0  0  0  41  41  0  41  41  0  0  41  0  0  0  41  0  0  41  41  0  41  0  0  0  41  41  0  0  0  0  0  0  0  

41  0  41  0  0  41  0  0  0  0  0  0  0  0  0  0  0  41  0  0  41  0  41  0  41  0  41  41  41  41  0  0  0  0  41  41  0  0  41  41  

41  0  0  0  41  0  41  0  0  0  0  0  0  0  0  0  41  0  41  41  0  0  0  41  41  0  41  41  0  0  41  0  0  0  0  0  0  0  0  0  

0  41  0  0  0  0  0  0  0  0  0  0  0  41  0  0  0  0  41  41  41  41  41  41  41  0  0  41  0  0  0  0  0  0  0  0  0  0  0  41  

0  0  0  0  0  0  0  41  0  0  41  41  41  0  0  0  0  0  41  0  0  41  0  0  0  41  0  0  0  0  0  0  0  41  0  0  0  0  0  0  

41  0  0  0  0  0  41  0  41  0  0  0  41  0  0  41  0  0  41  41  0  0  41  41  0  0  41  0  0  0  0  41  0  0  0  0  0  41  41  0  

0  0  0  0  0  0  0  0  41  0  41  41  0  0  0  0  41  0  41  41  41  41  41  41  41  0  0  41  0  41  0  0  0  0  0  0  0  0  41  0  

41  41  41  0  0  0  41  41  0  0  0  0  0  0  0  0  41  0  0  41  0  0  41  0  0  0  0  0  41  0  0  41  0  0  41  0  0  0  41  41  

0  41  0  0  41  0  0  0  0  0  0  0  0  0  0  41  0  0  41  0  0  0  41  0  0  0  0  41  0  41  0  41  41  0  0  0  0  41  0  41  

0  41  0  41  0  0  0  0  0  41  0  0  0  41  41  0  0  41  0  0  41  0  0  41  0  0  0  0  0  0  41  0  0  0  0  0  41  0  0  0  

0  41  41  41  0  0  0  0  41  0  41  41  0  0  41  41  0  41  0  0  0  41  0  0  0  0  41  0  41  41  0  41  0  0  0  0  41  41  41  0  

41  0  41  0  41  41  0  41  41  0  41  41  0  0  0  0  0  41  0  0  0  41  0  0  0  0  0  0  0  41  0  0  41  0  0  0  0  0  0  41  

0  0  0  41  0  0  41  0  41  0  0  0  0  41  41  41  0  41  0  0  0  0  0  0  0  41  0  0  0  0  0  0  0  41  41  0  0  0  0  0  

41  41  0  0  0  0  41  41  0  41  0  0  41  0  41  0  0  0  0  0  0  0  41  0  0  0  0  0  41  0  0  0  0  41  41  0  0  0  0  0  

41  0  0  0  0  41  41  41  0  0  0  0  0  0  0  0  0  41  0  41  41  0  41  0  0  0  0  0  0  0  0  0  0  0  0  41  0  0  41  0  

41  41  41  0  0  0  0  0  0  0  0  0  0  0  0  0  0  41  0  0  0  0  0  0  0  0  0  0  0  0  41  41  0  0  0  0  41  0  0  41  

0  41  0  0  0  41  41  41  41  41  0  0  0  0  41  0  0  0  0  0  0  0  0  0  0  0  41  0  0  41  0  41  0  0  0  0  0  41  0  41  

0  0  41  0  0  0  41  41  0  0  41  0  0  0  41  0  0  0  41  0  0  0  41  0  0  0  41  41  41  0  0  41  0  0  0  41  0  0  41  41  

41  0  41  41  41  0  0  0  41  0  0  0  41  0  0  0  41  0  0  41  0  0  41  0  41  0  0  0  41  41  0  0  41  0  0  0  41  41  41  41  

UnPairedArc=
1 5 
1 9 
1 10 
1 17 
1 19 
1 22 
1 23 
1 24 
1 27 
1 29 
1 33 
1 35 
1 36 
1 37 
1 40 
2 3 
2 5 
2 18 
2 25 
2 29 
2 30 
2 31 
2 32 
2 35 
2 37 
2 38 
3 4 
3 8 
3 19 
3 23 
3 29 
3 32 
3 33 
3 37 
3 39 
3 40 
4 31 
4 32 
4 34 
4 40 
5 6 
5 15 
5 20 
5 22 
5 24 
5 30 
5 33 
5 40 
6 8 
6 10 
6 13 
6 14 
6 22 
6 23 
6 33 
6 36 
6 38 
7 8 
7 10 
7 18 
7 20 
7 24 
7 27 
7 29 
7 34 
7 35 
7 36 
7 38 
7 39 
8 9 
8 11 
8 15 
8 17 
8 19 
8 20 
8 26 
8 29 
8 33 
8 35 
8 36 
8 38 
8 39 
9 20 
9 27 
9 28 
9 32 
9 33 
9 34 
9 38 
9 40 
10 11 
10 14 
10 16 
10 20 
10 31 
10 35 
10 38 
11 12 
11 14 
11 19 
11 21 
11 22 
11 26 
11 28 
11 32 
11 33 
11 39 
12 13 
12 14 
12 17 
12 19 
12 22 
12 26 
12 28 
12 32 
12 33 
13 18 
13 21 
13 26 
13 27 
13 35 
13 40 
14 17 
14 21 
14 22 
14 25 
14 31 
14 34 
15 16 
15 17 
15 21 
15 22 
15 31 
15 32 
15 34 
15 35 
15 38 
15 39 
16 17 
16 18 
16 21 
16 27 
16 30 
16 32 
16 34 
17 20 
17 24 
17 28 
17 29 
17 40 
18 19 
18 21 
18 22 
18 23 
18 31 
18 32 
18 33 
18 34 
18 36 
18 37 
19 24 
19 25 
19 26 
19 27 
19 28 
19 30 
19 39 
20 24 
20 25 
20 27 
20 28 
20 29 
20 36 
20 40 
21 23 
21 25 
21 28 
21 31 
21 36 
22 25 
22 26 
22 28 
22 32 
22 33 
23 25 
23 27 
23 28 
23 29 
23 30 
23 35 
23 36 
23 39 
23 40 
24 25 
24 27 
24 28 
24 31 
25 28 
25 40 
26 34 
27 32 
27 38 
27 39 
28 30 
28 39 
29 32 
29 35 
29 39 
29 40 
30 32 
30 33 
30 38 
30 40 
31 37 
32 37 
32 38 
32 39 
33 40 
34 35 
36 39 
37 40 
38 40 
39 40 
