nNodes=80;
 nPairs=1541;
Cost=

81  0  0  81  0  0  0  0  0  81  0  0  81  81  81  81  81  81  81  0  81  81  81  0  81  0  81  81  0  0  81  0  0  0  81  0  81  0  0  0  81  81  0  0  0  81  0  0  0  0  81  81  81  81  0  0  81  81  81  81  0  81  81  81  81  81  81  81  0  0  0  81  81  81  81  81  0  81  0  81  

0  81  81  81  0  0  0  81  81  81  0  81  0  81  81  81  81  81  0  81  81  81  81  81  0  0  0  0  0  81  81  0  0  0  0  81  81  81  0  0  0  0  0  81  81  0  81  81  0  81  0  0  0  81  81  0  0  81  81  0  0  81  0  81  81  81  81  0  81  0  81  81  81  81  0  0  0  81  81  0  

0  81  81  0  81  81  81  81  0  81  0  81  0  81  81  0  81  81  0  0  0  81  81  0  81  0  81  0  0  0  0  0  0  0  81  81  0  0  0  0  0  81  0  0  0  0  0  0  81  81  81  0  81  81  0  81  0  0  81  81  0  81  81  0  0  0  0  0  81  81  0  0  81  81  81  0  0  0  81  81  

81  81  0  81  81  81  0  81  81  0  81  81  0  0  0  81  81  0  81  81  81  0  81  0  0  0  81  81  81  0  81  0  0  0  0  81  81  81  0  81  0  0  81  81  81  0  0  81  0  81  81  81  0  81  0  0  0  81  81  81  0  0  0  81  81  81  81  81  81  0  0  81  81  0  0  0  0  81  0  0  

0  0  81  81  81  81  81  0  0  81  0  0  0  81  0  81  0  81  81  81  0  0  0  81  81  0  81  0  81  0  0  0  0  0  0  81  81  0  0  81  81  81  81  0  0  0  81  81  0  81  81  81  0  81  0  81  81  0  81  0  81  0  81  81  0  0  81  0  0  0  0  81  81  0  0  81  81  0  0  0  

0  0  81  81  81  81  81  0  0  81  0  0  0  0  81  81  0  0  0  0  0  81  81  0  81  0  81  0  81  0  81  81  81  0  0  81  81  0  81  81  0  81  81  81  0  81  0  0  81  0  81  81  0  0  0  0  0  0  0  81  0  0  0  81  81  0  81  81  0  0  0  81  81  0  0  81  0  0  81  81  

0  0  81  0  81  81  81  0  0  81  81  0  81  0  0  0  0  0  0  81  81  0  0  0  81  0  0  81  0  81  0  0  81  0  0  0  81  81  81  0  0  0  81  0  0  81  81  0  81  81  0  81  81  81  81  0  81  81  0  0  0  0  0  0  81  0  81  81  0  0  81  0  0  81  0  0  0  0  0  81  

0  81  81  81  0  0  0  81  0  81  0  0  81  81  0  81  81  81  81  81  0  0  81  81  81  81  81  81  81  0  0  81  81  0  0  81  81  0  81  0  0  81  0  81  0  0  81  0  0  0  0  0  0  0  81  81  81  0  81  81  81  0  0  0  81  0  81  0  0  81  0  0  81  81  81  0  81  81  0  81  

0  81  0  81  0  0  0  0  81  81  0  81  0  81  0  81  81  0  0  81  81  0  81  0  81  0  81  81  0  0  81  0  81  0  81  81  0  81  0  0  81  0  81  0  81  0  0  0  81  0  81  0  0  81  0  0  81  81  0  81  81  81  81  81  0  81  81  81  0  81  81  81  81  0  81  81  0  81  0  0  

81  81  81  0  81  81  81  81  81  81  0  0  0  81  0  0  81  81  81  0  0  81  81  0  0  81  81  0  81  81  0  0  0  0  81  81  0  0  81  81  0  81  0  0  0  81  0  81  0  81  81  81  0  0  81  0  81  81  0  0  0  81  0  0  81  0  81  0  0  0  81  81  81  0  0  0  81  0  81  81  

0  0  0  81  0  0  81  0  0  0  81  0  0  81  81  81  0  81  81  0  0  81  0  0  0  0  81  81  0  0  0  0  81  81  0  0  0  81  81  0  81  81  81  81  81  0  0  0  0  0  81  0  0  81  0  81  0  0  81  81  81  0  0  0  0  0  81  81  81  0  81  0  0  0  0  0  0  81  81  0  

0  81  81  81  0  0  0  0  81  0  0  81  0  81  0  81  81  81  81  81  0  0  81  0  0  81  0  81  0  0  0  0  0  81  0  81  81  81  0  0  0  81  0  81  0  0  81  0  0  81  81  81  81  81  81  0  0  0  81  0  0  81  81  81  81  81  81  0  81  81  0  81  81  81  81  0  81  81  81  81  

81  0  0  0  0  0  81  81  0  0  0  0  81  0  81  0  81  81  81  81  0  81  0  81  81  81  0  0  0  0  0  0  0  81  0  0  81  81  81  81  81  0  81  81  0  81  0  81  81  81  0  0  0  0  0  81  81  0  81  0  81  81  81  81  0  81  0  81  81  81  81  0  81  81  81  0  0  81  81  81  

81  81  81  0  81  0  0  81  81  81  81  81  0  81  0  0  81  81  81  0  0  0  81  0  0  81  0  0  0  0  0  0  0  0  0  81  81  81  0  0  0  81  81  0  0  0  0  81  81  0  81  0  81  0  0  81  81  0  81  81  81  0  81  0  81  0  81  0  0  0  0  81  81  0  81  0  81  81  81  81  

81  81  81  0  0  81  0  0  0  0  81  0  81  0  81  81  0  81  81  0  0  81  0  0  81  81  0  81  81  0  0  81  0  0  0  81  81  81  0  81  0  0  81  0  81  81  0  81  0  0  81  0  81  81  81  81  0  81  0  0  81  81  0  81  81  81  81  0  81  0  0  81  0  0  0  0  0  81  0  81  

81  81  0  81  81  81  0  81  81  0  81  81  0  0  81  81  81  81  81  0  81  0  81  81  81  0  81  81  81  0  0  0  81  81  81  0  81  81  0  81  81  0  0  81  81  81  81  81  81  81  0  0  0  0  0  81  81  81  81  0  81  81  0  81  0  0  0  0  81  0  0  81  0  81  0  81  0  81  81  0  

81  81  81  81  0  0  0  81  81  81  0  81  81  81  0  81  81  81  81  0  81  81  0  0  81  81  81  81  81  81  81  0  81  81  0  0  81  0  0  0  81  81  81  0  0  0  81  81  0  0  0  0  0  0  81  81  81  0  81  0  81  81  0  0  0  0  0  81  81  0  0  0  81  0  81  81  81  0  0  0  

81  81  81  0  81  0  0  81  0  81  81  81  81  81  81  81  81  81  81  81  0  0  81  0  0  81  0  81  0  0  81  81  0  0  0  81  0  81  0  81  0  0  0  81  0  0  81  0  81  0  81  0  0  81  0  0  0  0  81  0  0  0  81  81  0  0  81  81  81  0  0  81  0  0  0  81  81  81  0  81  

81  0  0  81  81  0  0  81  0  81  81  81  81  81  81  81  81  81  81  81  0  81  81  81  0  0  81  81  81  81  81  0  0  0  0  0  0  0  81  0  81  0  81  0  0  81  81  81  81  81  0  0  0  81  81  0  81  81  81  81  0  0  0  81  81  81  81  0  0  81  81  81  0  0  0  81  0  81  0  0  

0  81  0  81  81  0  81  81  81  0  0  81  81  0  0  0  0  81  81  81  81  81  0  0  0  81  0  0  0  0  0  81  0  0  0  0  0  0  0  81  0  0  0  81  0  0  81  0  0  0  0  81  0  0  0  81  0  81  0  0  0  81  0  0  0  81  81  81  81  81  0  0  0  81  0  0  81  0  0  0  

81  81  0  81  0  0  81  0  81  0  0  0  0  0  0  81  81  0  0  81  81  81  0  0  81  81  81  0  0  0  81  81  81  81  81  81  0  0  0  81  0  0  81  0  0  81  0  81  0  81  0  0  0  0  81  0  0  0  0  0  0  81  0  0  0  0  81  0  81  81  81  81  0  81  81  81  81  0  0  81  

81  81  81  0  0  81  0  0  0  81  81  0  81  0  81  0  81  0  81  81  81  81  81  0  0  81  0  81  81  0  81  0  0  0  0  81  0  0  81  0  0  81  81  0  0  81  81  81  0  0  0  0  81  81  0  81  0  0  81  0  81  0  81  0  0  0  81  0  81  0  81  81  0  0  0  81  0  81  0  0  

81  81  81  81  0  81  0  81  81  81  0  81  0  81  0  81  0  81  81  0  0  81  81  0  0  0  81  81  0  0  81  81  0  81  81  0  81  81  81  81  81  81  0  0  0  0  81  0  81  81  0  0  0  0  0  0  0  0  0  0  0  81  0  0  81  0  0  0  81  81  81  81  0  81  0  0  81  81  0  81  

0  81  0  0  81  0  0  81  0  0  0  0  81  0  0  81  0  0  81  0  0  0  0  81  0  81  81  81  0  0  0  0  81  0  0  0  81  81  81  0  81  81  0  0  81  0  0  0  81  81  81  0  81  81  81  81  0  0  81  81  0  81  0  0  81  0  0  0  81  81  81  81  0  0  81  0  0  81  81  81  

81  0  81  0  81  81  81  81  81  0  0  0  81  0  81  81  81  0  0  0  81  0  0  0  81  81  0  0  0  81  81  0  0  0  81  0  81  0  0  81  81  81  81  0  81  0  0  0  0  81  0  81  0  81  81  81  81  81  81  81  81  81  0  0  0  81  81  81  0  0  81  81  81  81  0  0  0  0  0  81  

0  0  0  0  0  0  0  81  0  81  0  81  81  81  81  0  81  81  0  81  81  81  0  81  81  81  81  81  0  0  0  0  0  0  0  0  0  81  0  0  81  0  0  81  81  81  81  0  81  0  81  0  81  0  0  0  81  81  81  81  0  0  0  0  81  81  81  0  81  0  81  81  0  0  0  0  0  0  81  81  

81  0  81  81  81  81  0  81  81  81  81  0  0  0  0  81  81  0  81  0  81  0  81  81  0  81  81  0  0  0  0  81  0  0  81  81  81  81  0  81  0  0  0  0  0  0  81  81  0  81  81  81  0  0  81  0  0  81  0  81  81  81  0  81  81  81  81  0  81  0  0  81  81  81  0  0  0  81  0  81  

81  0  0  81  0  0  81  81  81  0  81  81  0  0  81  81  81  81  81  0  0  81  81  81  0  81  0  81  81  81  0  81  81  0  0  0  0  0  81  0  0  81  81  81  81  0  0  81  0  0  81  0  0  0  0  0  81  0  0  81  0  0  0  0  81  0  81  0  81  81  0  81  0  0  0  81  0  0  81  0  

0  0  0  81  81  81  0  81  0  81  0  0  0  0  81  81  81  0  81  0  0  81  0  0  0  0  0  81  81  0  81  0  81  0  81  81  0  81  81  81  0  0  81  0  0  81  0  0  81  0  0  81  0  81  81  0  0  81  81  0  81  0  0  81  81  81  81  0  81  0  0  0  0  81  81  81  81  81  0  0  

0  81  0  0  0  0  81  0  0  81  0  0  0  0  0  0  81  0  81  0  0  0  0  0  81  0  0  81  0  81  81  81  0  0  0  81  81  81  0  81  0  0  81  0  81  0  0  0  0  0  81  0  81  81  0  0  81  81  81  0  81  0  0  0  0  0  81  81  0  0  0  0  0  81  81  0  81  0  0  0  

81  81  0  81  0  81  0  0  81  0  0  0  0  0  0  0  81  81  81  0  81  81  81  0  81  0  0  0  81  81  81  0  0  0  0  81  81  0  0  0  0  0  0  81  81  0  0  81  0  81  0  81  81  81  81  81  0  81  0  0  0  81  0  81  0  0  0  0  0  81  81  81  0  0  81  0  0  0  0  81  

0  0  0  0  0  81  0  81  0  0  0  0  0  0  81  0  0  81  0  81  81  0  81  0  0  0  81  81  0  81  0  81  81  81  81  81  0  0  0  81  0  81  81  0  0  0  0  81  0  81  0  81  81  0  81  81  81  0  81  0  81  81  81  81  81  81  81  81  81  81  0  81  81  0  81  81  0  0  0  0  

0  0  0  0  0  81  81  81  81  0  81  0  0  0  0  81  81  0  0  0  81  0  0  81  0  0  0  81  81  0  0  81  81  81  81  81  0  81  0  0  0  81  81  81  0  81  81  0  81  81  81  81  81  81  0  0  0  81  81  81  81  0  81  0  0  0  81  0  81  0  0  81  81  81  81  81  0  0  0  0  

0  0  0  0  0  0  0  0  0  0  81  81  81  0  0  81  81  0  0  0  81  0  81  0  0  0  0  0  0  0  0  81  81  81  0  81  81  81  0  81  81  81  81  0  81  0  81  0  81  0  0  81  0  0  81  0  0  0  81  0  81  0  81  81  81  81  81  81  81  0  0  81  81  81  0  81  0  0  81  0  

81  0  81  0  0  0  0  0  81  81  0  0  0  0  0  81  0  0  0  0  81  0  81  0  81  0  81  0  81  0  0  81  81  0  81  81  81  0  81  81  81  0  81  81  81  81  0  81  81  0  81  0  81  81  81  0  81  0  0  81  0  0  81  0  81  81  81  81  0  0  0  81  0  0  81  81  0  0  0  81  

0  81  81  81  81  81  0  81  81  81  0  81  0  81  81  0  0  81  0  0  81  81  0  0  0  0  81  0  81  81  81  81  81  81  81  81  81  0  81  81  81  0  0  0  0  81  0  81  81  81  0  0  0  0  0  81  0  81  81  81  81  81  0  0  0  81  0  81  81  0  0  0  81  0  0  81  81  81  81  0  

81  81  0  81  81  81  81  81  0  0  0  81  81  81  81  81  81  0  0  0  0  0  81  81  81  0  81  0  0  81  81  0  0  81  81  81  81  81  81  0  0  81  81  81  0  81  81  81  81  81  0  0  81  81  81  81  81  0  0  81  0  0  0  0  81  81  0  0  0  0  81  0  0  0  81  0  81  0  0  0  

0  81  0  81  0  0  81  0  81  0  81  81  81  81  81  81  0  81  0  0  0  0  81  81  0  81  81  0  81  81  0  0  81  81  0  0  81  81  0  81  0  0  0  81  81  0  0  0  81  81  0  81  0  81  0  81  0  81  81  0  81  0  0  81  81  0  81  81  0  81  81  0  0  81  81  0  0  0  0  81  

0  0  0  0  0  81  81  81  0  81  81  0  81  0  0  0  0  0  81  0  0  81  81  81  0  0  0  81  81  0  0  0  0  0  81  81  81  0  81  81  81  81  81  81  0  0  81  0  0  0  0  0  81  81  81  0  81  0  0  81  0  81  0  0  81  0  0  81  0  0  0  0  0  81  81  0  0  81  0  81  

0  0  0  81  81  81  0  0  0  81  0  0  81  0  81  81  0  81  0  81  81  0  81  0  81  0  81  0  81  81  0  81  0  81  81  81  0  81  81  81  81  81  81  81  0  81  81  0  81  0  0  81  0  81  0  0  81  0  81  0  0  81  81  0  0  0  0  0  0  81  81  0  81  81  81  81  0  0  81  81  

81  0  0  0  81  0  0  0  81  0  81  0  81  0  0  81  81  0  81  0  0  0  81  81  81  81  0  0  0  0  0  0  0  81  81  81  0  0  81  81  81  81  81  0  0  0  0  81  81  0  81  0  81  0  0  81  0  0  0  0  81  0  81  81  81  0  0  0  0  0  81  81  81  81  81  81  81  0  81  81  

81  0  81  0  81  81  0  81  0  81  81  81  0  81  0  0  81  0  0  0  0  81  81  81  81  0  0  81  0  0  0  81  81  81  0  0  81  0  81  81  81  81  0  81  0  0  81  0  0  0  81  0  81  0  0  81  81  0  81  0  81  81  81  0  0  0  81  0  81  81  0  81  81  0  0  0  81  81  81  81  

0  0  0  81  81  81  81  0  81  0  81  0  81  81  81  0  81  0  81  0  81  81  0  0  81  0  0  81  81  81  0  81  81  81  81  0  81  0  81  81  81  0  81  0  81  81  0  81  0  0  0  81  81  81  0  0  0  81  0  81  81  81  0  81  0  0  0  81  0  81  81  81  0  0  81  0  0  81  0  81  

0  81  0  81  0  81  0  81  0  0  81  81  81  0  0  81  0  81  0  81  0  0  0  0  0  81  0  81  0  0  81  0  81  0  81  0  81  81  81  81  0  81  0  81  81  0  81  81  0  0  0  0  0  0  81  81  81  0  81  0  81  0  81  0  81  0  81  81  81  0  81  81  0  81  81  81  0  81  81  81  

0  81  0  81  0  0  0  0  81  0  81  0  0  0  81  81  0  0  0  0  0  0  0  81  81  81  0  81  0  81  81  0  0  81  81  0  0  81  0  0  0  0  81  81  81  81  0  0  0  81  81  81  0  81  0  0  0  81  0  0  81  0  0  81  81  0  0  0  0  0  0  0  0  0  0  81  81  0  0  0  

81  0  0  0  0  81  81  0  0  81  0  0  81  0  81  81  0  0  81  0  81  81  0  0  0  81  0  0  81  0  0  0  81  0  81  81  81  0  0  81  0  0  81  0  81  81  0  81  81  81  0  0  81  81  0  0  81  0  0  81  81  81  81  81  81  81  81  81  0  0  81  81  0  81  81  81  0  81  81  81  

0  81  0  0  81  0  81  81  0  0  0  81  0  0  0  81  81  81  81  81  0  81  81  0  0  81  81  0  0  0  0  0  81  81  0  0  81  0  81  81  0  81  0  81  0  0  81  81  0  0  0  0  81  81  81  81  81  0  81  81  0  81  0  0  0  0  81  0  0  81  81  0  81  81  0  81  0  81  81  81  

0  81  0  81  81  0  0  0  0  81  0  0  81  81  81  81  81  0  81  0  81  81  0  0  0  0  81  81  0  0  81  81  0  0  81  81  81  0  0  0  81  0  81  81  0  81  81  81  81  81  0  0  0  0  0  0  0  81  81  81  81  81  81  0  81  0  0  81  81  0  81  0  81  0  0  81  81  0  0  0  

0  0  81  0  0  81  81  0  81  0  0  0  81  81  0  81  0  81  81  0  0  0  81  81  0  81  0  0  81  0  0  0  81  81  81  81  81  81  0  81  81  0  0  0  0  81  0  81  81  81  81  81  0  0  0  0  0  0  81  81  81  81  81  0  0  81  0  0  0  81  81  81  81  0  0  81  0  81  0  0  

0  81  81  81  81  0  81  0  0  81  0  81  81  0  0  81  0  0  81  0  81  0  81  81  81  0  81  0  0  0  81  81  81  0  0  81  81  81  0  0  0  0  0  0  81  81  0  81  81  81  81  0  0  81  0  81  81  0  0  81  81  0  0  0  0  81  0  81  0  81  0  0  0  0  0  0  81  81  81  81  

81  0  81  81  81  81  0  0  81  81  81  81  0  81  81  0  0  81  0  0  0  0  0  81  0  81  81  81  0  81  0  0  81  0  81  0  0  0  0  0  81  81  0  0  81  0  0  0  81  81  81  0  81  81  81  81  81  0  0  81  81  0  0  81  0  81  81  0  0  81  0  81  81  0  81  81  81  81  81  0  

81  0  0  81  81  81  81  0  0  81  0  81  0  0  0  0  0  0  0  81  0  0  0  0  81  0  81  0  81  0  81  81  81  81  0  0  0  81  0  81  0  0  81  0  81  0  0  0  81  0  0  81  0  81  81  81  81  0  0  0  0  81  0  81  0  0  0  0  81  0  81  81  0  81  81  81  0  0  0  81  

81  0  81  0  0  0  81  0  0  0  0  81  0  81  81  0  0  0  0  0  0  81  0  81  0  81  0  0  0  81  81  81  81  0  81  0  81  0  81  0  81  81  81  0  0  81  81  0  0  0  81  0  81  81  81  0  0  81  81  0  0  81  0  0  0  0  0  0  81  0  81  81  81  81  0  0  81  0  0  0  

81  81  81  81  81  0  81  0  81  0  81  81  0  0  81  0  0  81  81  0  0  81  0  81  81  0  0  0  81  81  81  0  81  0  81  0  81  81  81  81  0  0  81  0  81  81  81  0  0  81  81  81  81  81  0  0  81  0  0  81  0  81  0  81  0  0  0  81  0  0  81  81  81  81  0  0  81  81  81  0  

0  81  0  0  0  0  81  81  0  81  0  81  0  0  81  0  81  0  81  0  81  0  0  81  81  0  81  0  81  0  81  81  0  81  81  0  81  0  81  0  0  0  0  81  0  0  81  0  0  0  81  81  81  0  81  0  81  0  81  81  0  81  0  81  0  81  0  0  81  81  0  81  81  0  0  81  0  0  0  0  

0  0  81  0  81  0  0  81  0  0  81  0  81  81  81  81  81  0  0  81  0  81  0  81  81  0  0  0  0  0  81  81  0  0  0  81  81  81  0  0  81  81  0  81  0  0  81  0  0  81  81  81  0  0  0  81  81  81  0  0  81  0  0  81  0  0  0  0  0  0  0  0  0  81  81  0  0  81  81  0  

81  0  0  0  81  0  81  81  81  81  0  0  81  81  0  81  81  0  81  0  0  0  0  0  81  81  0  81  0  81  0  81  0  0  81  0  81  0  81  81  0  81  0  81  0  81  81  0  0  81  81  81  0  81  81  81  81  81  0  0  81  81  81  81  81  81  81  81  0  0  81  81  81  0  0  0  0  81  81  0  

81  81  0  81  0  0  81  0  81  81  0  0  0  0  81  81  0  0  81  81  0  0  0  0  81  81  81  0  81  81  81  0  81  0  0  81  0  81  0  0  0  0  81  0  81  0  0  81  0  0  0  0  81  0  0  81  81  81  81  0  0  81  0  0  81  81  0  0  81  0  81  0  81  81  0  81  0  81  81  0  

81  81  81  81  81  0  0  81  0  0  81  81  81  81  0  81  81  81  81  0  0  81  0  81  81  81  0  0  81  81  0  81  81  81  0  81  0  81  0  81  0  81  0  81  0  0  81  81  81  0  0  0  81  0  81  0  0  81  81  81  0  0  81  0  81  81  81  81  81  0  0  0  81  81  81  81  81  81  0  81  

81  0  81  81  0  81  0  81  81  0  81  0  0  81  0  0  0  0  81  0  0  0  0  81  81  81  81  81  0  0  0  0  81  0  81  81  81  0  81  0  0  0  81  0  0  81  81  81  81  81  81  0  0  81  81  0  0  0  81  81  81  81  81  0  0  0  81  0  0  0  81  0  0  0  0  81  0  0  0  81  

0  0  0  0  81  0  0  81  81  0  81  0  81  81  81  81  81  0  0  0  0  81  0  0  81  0  81  0  81  81  0  81  81  81  0  81  0  81  0  0  81  81  81  81  81  81  0  81  81  81  81  0  0  0  0  81  81  0  0  81  81  81  81  0  0  0  81  0  81  81  81  81  81  81  0  0  81  81  0  0  

81  81  81  0  0  0  0  0  81  81  0  81  81  0  81  81  81  0  0  81  81  0  81  81  81  0  81  0  0  0  81  81  0  0  0  81  0  0  81  81  0  81  81  0  0  81  81  81  81  0  0  81  81  81  81  0  81  81  0  81  81  81  0  0  81  0  0  81  0  81  81  81  0  81  0  0  0  81  0  81  

81  0  81  0  81  0  0  0  81  0  0  81  81  81  0  0  0  81  0  0  0  81  0  0  0  0  0  0  0  0  0  81  81  81  81  0  0  0  0  81  81  81  0  81  0  81  0  81  81  0  0  0  0  0  0  0  81  0  81  81  81  0  81  81  0  81  81  0  81  0  0  0  0  81  0  0  0  81  0  81  

81  81  0  81  81  81  0  0  81  0  0  81  81  0  81  81  0  81  81  0  0  0  0  0  0  0  81  0  81  0  81  81  0  81  0  0  0  81  0  0  81  0  81  0  81  81  0  0  0  0  81  81  0  81  81  81  81  0  0  0  0  0  81  81  81  81  81  0  0  81  81  81  81  81  0  0  81  81  81  81  

81  81  0  81  0  81  81  81  0  81  0  81  0  81  81  0  0  0  81  0  0  0  81  81  0  81  81  81  81  0  0  81  0  81  81  0  81  81  81  0  81  0  0  81  81  81  0  81  0  0  0  0  0  0  0  0  81  81  81  0  0  81  0  81  81  81  81  81  81  0  81  0  0  0  0  81  0  0  0  0  

81  81  0  81  0  0  0  0  81  0  0  81  81  0  81  0  0  0  81  81  0  0  0  0  81  81  81  0  81  0  0  81  0  81  81  81  81  0  0  0  0  0  0  0  0  81  0  0  81  81  81  0  0  0  81  0  81  81  81  0  0  0  81  81  81  81  81  81  81  81  0  81  81  81  81  0  0  81  81  81  

81  81  0  81  81  81  81  81  81  81  81  81  0  81  81  0  0  81  81  81  81  81  0  0  81  81  81  81  81  81  0  81  81  81  81  0  0  81  0  0  0  81  0  81  0  81  81  0  0  0  81  0  0  0  0  0  81  0  81  81  81  0  81  81  81  81  81  81  0  81  0  0  0  0  0  0  81  0  81  0  

81  0  0  81  0  81  81  0  81  0  81  0  81  0  0  0  81  81  0  81  0  0  0  0  81  0  0  0  0  81  0  81  0  81  81  81  0  81  81  0  0  0  81  81  0  81  0  81  0  81  0  0  0  81  0  0  81  0  81  0  0  81  0  0  81  81  81  81  0  81  0  81  81  0  81  81  0  81  0  0  

0  81  81  81  0  0  0  0  0  0  81  81  81  0  81  81  81  81  0  81  81  81  81  81  0  81  81  81  81  0  0  81  81  81  0  81  0  0  0  0  0  81  0  81  0  0  0  81  0  0  0  81  81  0  81  0  0  81  81  0  81  0  81  0  81  81  0  0  81  0  81  0  81  81  0  0  0  0  0  0  

0  0  81  0  0  0  0  81  81  0  0  81  81  0  0  0  0  0  81  81  81  0  81  81  0  0  0  81  0  0  81  81  0  0  0  0  0  81  0  81  0  81  81  0  0  0  81  0  81  81  81  0  0  0  81  0  0  0  0  0  81  81  0  81  0  81  81  81  0  81  81  0  0  0  0  81  0  0  0  0  

0  81  0  0  0  0  81  0  81  81  81  0  81  0  0  0  0  0  81  0  81  81  81  81  81  81  0  0  0  0  81  0  0  0  0  0  81  81  0  81  81  0  81  81  0  81  81  81  81  0  0  81  81  81  0  0  81  81  0  81  81  81  0  81  81  0  0  0  81  81  81  81  0  81  81  81  0  0  0  81  

81  81  0  81  81  81  0  0  81  81  0  81  0  81  81  81  0  81  81  0  81  81  81  81  81  81  81  81  0  0  81  81  81  81  81  0  0  0  0  0  81  81  81  81  0  81  0  0  81  0  81  81  81  81  81  0  81  0  0  0  81  81  0  81  0  81  0  81  0  0  81  81  81  0  0  81  0  0  81  0  

81  81  81  81  81  81  0  81  81  81  0  81  81  81  0  0  81  0  0  0  0  0  0  0  81  0  81  0  0  0  0  81  81  81  0  81  0  0  0  81  81  81  0  0  0  0  81  81  81  0  81  0  81  81  81  0  81  81  81  0  81  0  0  81  0  81  0  81  81  0  0  81  81  81  81  81  0  81  0  81  

81  81  81  0  0  0  81  81  0  0  0  81  81  0  0  81  0  0  0  81  81  0  81  0  81  0  81  0  81  81  0  0  81  81  0  0  0  81  81  81  81  0  0  81  0  81  81  0  0  0  0  81  81  81  0  81  0  81  81  0  81  81  81  81  0  81  0  0  81  0  81  0  81  81  81  0  81  81  81  81  

81  0  81  0  0  0  0  81  81  0  0  81  81  81  0  0  81  0  0  0  81  0  0  81  0  0  0  0  81  81  81  81  81  0  81  0  81  81  81  81  81  0  81  81  0  81  0  0  0  0  81  81  0  0  0  81  0  0  81  0  0  0  0  0  0  81  0  81  0  0  81  0  81  81  81  81  0  0  0  81  

81  0  0  0  81  81  0  0  81  0  0  0  0  0  0  81  81  81  81  0  81  81  0  0  0  0  0  81  81  0  0  81  81  81  81  81  0  0  0  81  81  0  0  81  81  81  81  81  81  0  81  81  0  0  81  0  0  81  81  81  0  0  0  0  81  0  0  81  0  81  81  81  81  0  81  81  0  81  0  0  

0  0  0  0  81  0  0  81  0  81  0  81  0  81  0  0  81  81  0  81  81  0  81  0  0  0  0  0  81  81  0  0  0  0  0  81  81  0  0  0  81  81  0  0  81  0  0  81  0  81  81  0  81  81  0  0  0  0  81  0  81  0  0  81  0  0  81  0  0  0  0  0  0  81  0  0  81  81  0  0  

81  81  0  81  0  0  0  81  81  0  81  81  81  81  81  81  0  81  81  0  0  81  81  81  0  0  81  0  81  0  0  0  0  0  0  81  0  0  81  0  0  81  81  81  0  81  81  0  81  81  81  0  0  81  0  81  81  81  81  0  81  81  81  81  0  81  0  81  0  0  0  0  81  81  0  81  81  81  81  0  

0  81  81  0  0  81  0  0  0  81  81  81  81  81  0  81  0  0  0  0  0  0  0  81  0  81  0  81  0  0  0  0  0  81  0  81  0  0  0  81  81  81  0  81  0  81  81  0  0  81  81  0  0  81  0  81  81  81  0  0  0  0  0  81  0  81  81  0  0  0  0  81  0  81  0  0  0  81  81  0  

81  0  81  0  0  81  81  81  0  81  0  81  81  81  81  0  0  81  0  0  81  0  81  81  81  81  81  0  0  0  81  0  0  0  81  0  0  81  81  81  81  81  81  81  0  81  81  0  0  81  0  81  0  0  0  0  0  0  81  81  0  81  81  81  0  81  0  0  0  0  81  0  81  81  81  0  0  0  0  81  

UnPairedArc=
1 4 
1 10 
1 13 
1 14 
1 15 
1 16 
1 17 
1 18 
1 19 
1 21 
1 22 
1 23 
1 25 
1 27 
1 28 
1 31 
1 35 
1 37 
1 41 
1 42 
1 46 
1 51 
1 52 
1 53 
1 54 
1 57 
1 58 
1 59 
1 60 
1 62 
1 63 
1 64 
1 65 
1 66 
1 67 
1 68 
1 72 
1 73 
1 74 
1 75 
1 76 
1 78 
1 80 
2 3 
2 4 
2 8 
2 9 
2 10 
2 12 
2 14 
2 15 
2 16 
2 17 
2 18 
2 20 
2 21 
2 22 
2 23 
2 24 
2 30 
2 31 
2 36 
2 37 
2 38 
2 44 
2 45 
2 47 
2 48 
2 50 
2 54 
2 55 
2 58 
2 59 
2 62 
2 64 
2 65 
2 66 
2 67 
2 69 
2 71 
2 72 
2 73 
2 74 
2 78 
2 79 
3 5 
3 6 
3 7 
3 8 
3 10 
3 12 
3 14 
3 15 
3 17 
3 18 
3 22 
3 23 
3 25 
3 27 
3 35 
3 36 
3 42 
3 49 
3 50 
3 51 
3 53 
3 54 
3 56 
3 59 
3 60 
3 62 
3 63 
3 69 
3 70 
3 73 
3 74 
3 75 
3 79 
3 80 
4 5 
4 6 
4 8 
4 9 
4 11 
4 12 
4 16 
4 17 
4 19 
4 20 
4 21 
4 23 
4 27 
4 28 
4 29 
4 31 
4 36 
4 37 
4 38 
4 40 
4 43 
4 44 
4 45 
4 48 
4 50 
4 51 
4 52 
4 54 
4 58 
4 59 
4 60 
4 64 
4 65 
4 66 
4 67 
4 68 
4 69 
4 72 
4 73 
4 78 
5 6 
5 7 
5 10 
5 14 
5 16 
5 18 
5 19 
5 20 
5 24 
5 25 
5 27 
5 29 
5 36 
5 37 
5 40 
5 41 
5 42 
5 43 
5 47 
5 48 
5 50 
5 51 
5 52 
5 54 
5 56 
5 57 
5 59 
5 61 
5 63 
5 64 
5 67 
5 72 
5 73 
5 76 
5 77 
6 7 
6 10 
6 15 
6 16 
6 22 
6 23 
6 25 
6 27 
6 29 
6 31 
6 32 
6 33 
6 36 
6 37 
6 39 
6 40 
6 42 
6 43 
6 44 
6 46 
6 49 
6 51 
6 52 
6 60 
6 64 
6 65 
6 67 
6 68 
6 72 
6 73 
6 76 
6 79 
6 80 
7 10 
7 11 
7 13 
7 20 
7 21 
7 25 
7 28 
7 30 
7 33 
7 37 
7 38 
7 39 
7 43 
7 46 
7 47 
7 49 
7 50 
7 52 
7 53 
7 54 
7 55 
7 57 
7 58 
7 65 
7 67 
7 68 
7 71 
7 74 
7 80 
8 10 
8 13 
8 14 
8 16 
8 17 
8 18 
8 19 
8 20 
8 23 
8 24 
8 25 
8 26 
8 27 
8 28 
8 29 
8 32 
8 33 
8 36 
8 37 
8 39 
8 42 
8 44 
8 47 
8 55 
8 56 
8 57 
8 59 
8 60 
8 61 
8 65 
8 67 
8 70 
8 73 
8 74 
8 75 
8 77 
8 78 
8 80 
9 10 
9 12 
9 14 
9 16 
9 17 
9 20 
9 21 
9 23 
9 25 
9 27 
9 28 
9 31 
9 33 
9 35 
9 36 
9 38 
9 41 
9 43 
9 45 
9 49 
9 51 
9 54 
9 57 
9 58 
9 60 
9 61 
9 62 
9 63 
9 64 
9 66 
9 67 
9 68 
9 70 
9 71 
9 72 
9 73 
9 75 
9 76 
9 78 
10 14 
10 17 
10 18 
10 19 
10 22 
10 23 
10 26 
10 27 
10 29 
10 30 
10 35 
10 36 
10 39 
10 40 
10 42 
10 46 
10 48 
10 50 
10 51 
10 52 
10 55 
10 57 
10 58 
10 62 
10 65 
10 67 
10 71 
10 72 
10 73 
10 77 
10 79 
10 80 
11 14 
11 15 
11 16 
11 18 
11 19 
11 22 
11 27 
11 28 
11 33 
11 34 
11 38 
11 39 
11 41 
11 42 
11 43 
11 44 
11 45 
11 51 
11 54 
11 56 
11 59 
11 60 
11 61 
11 67 
11 68 
11 69 
11 71 
11 78 
11 79 
12 14 
12 16 
12 17 
12 18 
12 19 
12 20 
12 23 
12 26 
12 28 
12 34 
12 36 
12 37 
12 38 
12 42 
12 44 
12 47 
12 50 
12 51 
12 52 
12 53 
12 54 
12 55 
12 59 
12 62 
12 63 
12 64 
12 65 
12 66 
12 67 
12 69 
12 70 
12 72 
12 73 
12 74 
12 75 
12 77 
12 78 
12 79 
12 80 
13 15 
13 17 
13 18 
13 19 
13 20 
13 22 
13 24 
13 25 
13 26 
13 34 
13 37 
13 38 
13 39 
13 40 
13 41 
13 43 
13 44 
13 46 
13 48 
13 49 
13 50 
13 56 
13 57 
13 59 
13 61 
13 62 
13 63 
13 64 
13 66 
13 68 
13 69 
13 70 
13 71 
13 73 
13 74 
13 75 
13 78 
13 79 
13 80 
14 17 
14 18 
14 19 
14 23 
14 26 
14 36 
14 37 
14 38 
14 42 
14 43 
14 48 
14 49 
14 51 
14 53 
14 56 
14 57 
14 59 
14 60 
14 61 
14 63 
14 65 
14 67 
14 72 
14 73 
14 75 
14 77 
14 78 
14 79 
14 80 
15 16 
15 18 
15 19 
15 22 
15 25 
15 26 
15 28 
15 29 
15 32 
15 36 
15 37 
15 38 
15 40 
15 43 
15 45 
15 46 
15 48 
15 51 
15 53 
15 54 
15 55 
15 56 
15 58 
15 61 
15 62 
15 64 
15 65 
15 66 
15 67 
15 69 
15 72 
15 78 
15 80 
16 17 
16 18 
16 19 
16 21 
16 23 
16 24 
16 25 
16 27 
16 28 
16 29 
16 33 
16 34 
16 35 
16 37 
16 38 
16 40 
16 41 
16 44 
16 45 
16 46 
16 47 
16 48 
16 49 
16 50 
16 56 
16 57 
16 58 
16 59 
16 61 
16 62 
16 64 
16 69 
16 72 
16 74 
16 76 
16 78 
16 79 
17 18 
17 19 
17 21 
17 22 
17 25 
17 26 
17 27 
17 28 
17 29 
17 30 
17 31 
17 33 
17 34 
17 37 
17 41 
17 42 
17 43 
17 47 
17 48 
17 55 
17 56 
17 57 
17 59 
17 61 
17 62 
17 68 
17 69 
17 73 
17 75 
17 76 
17 77 
18 19 
18 20 
18 23 
18 26 
18 28 
18 31 
18 32 
18 36 
18 38 
18 40 
18 44 
18 47 
18 49 
18 51 
18 54 
18 59 
18 63 
18 64 
18 67 
18 68 
18 69 
18 72 
18 76 
18 77 
18 78 
18 80 
19 20 
19 22 
19 23 
19 24 
19 27 
19 28 
19 29 
19 30 
19 31 
19 39 
19 41 
19 43 
19 46 
19 47 
19 48 
19 49 
19 50 
19 54 
19 55 
19 57 
19 58 
19 59 
19 60 
19 64 
19 65 
19 66 
19 67 
19 70 
19 71 
19 72 
19 76 
19 78 
20 21 
20 22 
20 26 
20 32 
20 40 
20 44 
20 47 
20 52 
20 56 
20 58 
20 62 
20 66 
20 67 
20 68 
20 69 
20 70 
20 74 
20 77 
21 22 
21 25 
21 26 
21 27 
21 31 
21 32 
21 33 
21 34 
21 35 
21 36 
21 40 
21 43 
21 46 
21 48 
21 50 
21 55 
21 62 
21 67 
21 69 
21 70 
21 71 
21 72 
21 74 
21 75 
21 76 
21 77 
21 80 
22 23 
22 26 
22 28 
22 29 
22 31 
22 36 
22 39 
22 42 
22 43 
22 46 
22 47 
22 48 
22 53 
22 54 
22 56 
22 59 
22 61 
22 63 
22 67 
22 69 
22 71 
22 72 
22 76 
22 78 
23 27 
23 28 
23 31 
23 32 
23 34 
23 35 
23 37 
23 38 
23 39 
23 40 
23 41 
23 42 
23 47 
23 49 
23 50 
23 62 
23 65 
23 69 
23 70 
23 71 
23 72 
23 74 
23 77 
23 78 
23 80 
24 26 
24 27 
24 28 
24 33 
24 37 
24 38 
24 39 
24 41 
24 42 
24 45 
24 49 
24 50 
24 51 
24 53 
24 54 
24 55 
24 56 
24 59 
24 60 
24 62 
24 65 
24 69 
24 70 
24 71 
24 72 
24 75 
24 78 
24 79 
24 80 
25 26 
25 30 
25 31 
25 35 
25 37 
25 40 
25 41 
25 42 
25 43 
25 45 
25 50 
25 52 
25 54 
25 55 
25 56 
25 57 
25 58 
25 59 
25 60 
25 61 
25 62 
25 66 
25 67 
25 68 
25 71 
25 72 
25 73 
25 74 
25 80 
26 27 
26 28 
26 38 
26 41 
26 44 
26 45 
26 46 
26 47 
26 49 
26 51 
26 53 
26 57 
26 58 
26 59 
26 60 
26 65 
26 66 
26 67 
26 69 
26 71 
26 72 
26 79 
26 80 
27 32 
27 35 
27 36 
27 37 
27 38 
27 40 
27 47 
27 48 
27 50 
27 51 
27 52 
27 55 
27 58 
27 60 
27 61 
27 62 
27 64 
27 65 
27 66 
27 67 
27 69 
27 72 
27 73 
27 74 
27 78 
27 80 
28 29 
28 30 
28 32 
28 33 
28 39 
28 42 
28 43 
28 44 
28 45 
28 48 
28 51 
28 57 
28 60 
28 65 
28 67 
28 69 
28 70 
28 72 
28 76 
28 79 
29 31 
29 33 
29 35 
29 36 
29 38 
29 39 
29 40 
29 43 
29 46 
29 49 
29 52 
29 54 
29 55 
29 58 
29 59 
29 61 
29 64 
29 65 
29 66 
29 67 
29 69 
29 74 
29 75 
29 76 
29 77 
29 78 
30 31 
30 32 
30 36 
30 37 
30 38 
30 40 
30 43 
30 45 
30 51 
30 53 
30 54 
30 57 
30 58 
30 59 
30 61 
30 67 
30 68 
30 74 
30 75 
30 77 
31 36 
31 37 
31 44 
31 45 
31 48 
31 50 
31 52 
31 53 
31 54 
31 55 
31 56 
31 58 
31 62 
31 64 
31 70 
31 71 
31 72 
31 75 
31 80 
32 33 
32 34 
32 35 
32 36 
32 40 
32 42 
32 43 
32 48 
32 50 
32 52 
32 53 
32 55 
32 56 
32 57 
32 59 
32 61 
32 62 
32 63 
32 64 
32 65 
32 66 
32 67 
32 68 
32 69 
32 70 
32 72 
32 73 
32 75 
32 76 
33 34 
33 35 
33 36 
33 38 
33 42 
33 43 
33 44 
33 46 
33 47 
33 49 
33 50 
33 51 
33 52 
33 53 
33 54 
33 58 
33 59 
33 60 
33 61 
33 63 
33 67 
33 69 
33 72 
33 73 
33 74 
33 75 
33 76 
34 36 
34 37 
34 38 
34 40 
34 41 
34 42 
34 43 
34 45 
34 47 
34 49 
34 52 
34 55 
34 59 
34 61 
34 63 
34 64 
34 65 
34 66 
34 67 
34 68 
34 69 
34 72 
34 73 
34 74 
34 76 
34 79 
35 36 
35 37 
35 39 
35 40 
35 41 
35 43 
35 44 
35 45 
35 46 
35 48 
35 49 
35 51 
35 53 
35 54 
35 55 
35 57 
35 60 
35 63 
35 65 
35 66 
35 67 
35 68 
35 72 
35 75 
35 76 
35 80 
36 37 
36 39 
36 40 
36 41 
36 46 
36 48 
36 49 
36 50 
36 56 
36 58 
36 59 
36 60 
36 61 
36 62 
36 66 
36 68 
36 69 
36 73 
36 76 
36 77 
36 78 
36 79 
37 38 
37 39 
37 42 
37 43 
37 44 
37 46 
37 47 
37 48 
37 49 
37 50 
37 53 
37 54 
37 55 
37 56 
37 57 
37 60 
37 65 
37 66 
37 71 
37 75 
37 77 
38 40 
38 44 
38 45 
38 49 
38 50 
38 52 
38 54 
38 56 
38 58 
38 59 
38 61 
38 64 
38 65 
38 67 
38 68 
38 70 
38 71 
38 74 
38 75 
38 80 
39 40 
39 41 
39 42 
39 43 
39 44 
39 47 
39 53 
39 54 
39 55 
39 57 
39 60 
39 62 
39 65 
39 68 
39 74 
39 75 
39 78 
39 80 
40 41 
40 42 
40 43 
40 44 
40 46 
40 47 
40 49 
40 52 
40 54 
40 57 
40 59 
40 62 
40 63 
40 70 
40 71 
40 73 
40 74 
40 75 
40 76 
40 79 
40 80 
41 42 
41 43 
41 48 
41 49 
41 51 
41 53 
41 56 
41 61 
41 63 
41 64 
41 65 
41 71 
41 72 
41 73 
41 74 
41 75 
41 76 
41 77 
41 79 
41 80 
42 44 
42 47 
42 51 
42 53 
42 56 
42 57 
42 59 
42 61 
42 62 
42 63 
42 67 
42 69 
42 70 
42 72 
42 73 
42 77 
42 78 
42 79 
42 80 
43 45 
43 46 
43 48 
43 52 
43 53 
43 54 
43 58 
43 60 
43 61 
43 62 
43 64 
43 68 
43 70 
43 71 
43 72 
43 75 
43 78 
43 80 
44 45 
44 47 
44 48 
44 55 
44 56 
44 57 
44 59 
44 61 
44 63 
44 65 
44 67 
44 68 
44 69 
44 71 
44 72 
44 74 
44 75 
44 76 
44 78 
44 79 
44 80 
45 46 
45 50 
45 51 
45 52 
45 54 
45 58 
45 61 
45 64 
45 65 
45 76 
45 77 
46 48 
46 49 
46 50 
46 53 
46 54 
46 57 
46 60 
46 61 
46 62 
46 63 
46 64 
46 65 
46 66 
46 67 
46 68 
46 71 
46 72 
46 74 
46 75 
46 76 
46 78 
46 79 
46 80 
47 48 
47 53 
47 54 
47 55 
47 56 
47 57 
47 59 
47 60 
47 62 
47 67 
47 70 
47 71 
47 73 
47 74 
47 76 
47 78 
47 79 
47 80 
48 49 
48 50 
48 58 
48 59 
48 60 
48 61 
48 62 
48 63 
48 65 
48 68 
48 69 
48 71 
48 73 
48 76 
48 77 
49 50 
49 51 
49 52 
49 59 
49 60 
49 61 
49 62 
49 63 
49 66 
49 70 
49 71 
49 72 
49 73 
49 76 
49 78 
50 51 
50 54 
50 56 
50 57 
50 60 
50 61 
50 66 
50 68 
50 70 
50 77 
50 78 
50 79 
50 80 
51 53 
51 54 
51 55 
51 56 
51 57 
51 60 
51 61 
51 64 
51 66 
51 67 
51 70 
51 72 
51 73 
51 75 
51 76 
51 77 
51 78 
51 79 
52 54 
52 55 
52 56 
52 57 
52 62 
52 64 
52 69 
52 71 
52 72 
52 74 
52 75 
52 76 
52 80 
53 54 
53 55 
53 58 
53 59 
53 62 
53 69 
53 71 
53 72 
53 73 
53 74 
53 77 
54 57 
54 60 
54 62 
54 64 
54 68 
54 71 
54 72 
54 73 
54 74 
54 77 
54 78 
54 79 
55 57 
55 59 
55 60 
55 62 
55 64 
55 66 
55 69 
55 70 
55 72 
55 73 
55 76 
56 57 
56 58 
56 61 
56 64 
56 74 
56 75 
56 78 
56 79 
57 58 
57 61 
57 62 
57 63 
57 64 
57 65 
57 66 
57 67 
57 68 
57 71 
57 72 
57 73 
57 78 
57 79 
58 59 
58 62 
58 65 
58 66 
58 69 
58 71 
58 73 
58 74 
58 76 
58 78 
58 79 
59 60 
59 63 
59 65 
59 66 
59 67 
59 68 
59 69 
59 73 
59 74 
59 75 
59 76 
59 77 
59 78 
59 80 
60 61 
60 62 
60 63 
60 67 
60 71 
60 76 
60 80 
61 62 
61 63 
61 67 
61 69 
61 70 
61 71 
61 72 
61 73 
61 74 
61 77 
61 78 
62 65 
62 68 
62 70 
62 71 
62 72 
62 74 
62 78 
62 80 
63 64 
63 66 
63 67 
63 69 
63 74 
63 78 
63 80 
64 65 
64 66 
64 67 
64 70 
64 71 
64 72 
64 73 
64 74 
64 77 
64 78 
64 79 
64 80 
65 66 
65 67 
65 68 
65 69 
65 71 
65 76 
66 67 
66 68 
66 69 
66 70 
66 72 
66 73 
66 74 
66 75 
66 78 
66 79 
66 80 
67 68 
67 70 
67 77 
67 79 
68 70 
68 72 
68 73 
68 75 
68 76 
68 78 
69 71 
69 73 
69 74 
70 71 
70 76 
71 72 
71 74 
71 75 
71 76 
71 80 
72 73 
72 76 
72 79 
73 74 
73 75 
73 76 
73 78 
73 80 
74 75 
74 77 
74 78 
74 79 
74 80 
75 76 
75 80 
76 78 
77 78 
78 79 
