nNodes=80;
 nPairs=617;
Cost=

81  0  81  0  0  0  0  0  0  0  81  0  81  0  0  0  0  81  0  0  0  81  0  0  0  0  0  0  81  81  0  81  0  0  0  0  81  0  0  0  0  0  0  0  0  0  0  0  0  0  0  81  0  0  0  0  0  0  0  0  0  81  0  0  0  0  81  0  0  0  0  0  0  0  0  0  81  0  0  0  

0  81  0  0  0  0  0  0  0  0  0  0  0  0  0  0  0  81  0  0  81  81  0  0  0  0  0  81  0  0  0  0  0  0  0  0  0  0  0  0  0  81  0  0  0  0  0  0  81  0  0  0  0  0  0  0  0  81  81  0  0  0  0  81  0  0  0  0  0  81  0  0  0  0  0  0  81  0  0  0  

81  0  81  0  0  81  81  81  81  0  0  0  0  0  0  0  0  81  0  81  0  0  0  0  0  0  0  0  0  0  81  0  0  0  0  0  0  81  0  0  0  0  0  81  0  0  0  0  0  0  0  0  0  0  81  0  0  0  0  0  0  0  0  81  0  0  0  0  0  0  0  0  81  0  0  0  0  0  0  0  

0  0  0  81  0  0  0  0  0  0  0  0  81  0  0  0  81  0  0  81  81  0  0  0  0  0  0  0  0  0  0  0  0  0  0  0  0  0  0  0  0  0  0  81  0  0  0  0  0  0  0  0  81  0  81  0  0  0  0  0  81  0  0  0  0  81  0  0  0  0  0  0  0  81  0  0  81  0  0  81  

0  0  0  0  81  81  0  0  0  0  0  81  0  0  0  0  81  0  81  0  0  0  0  81  0  0  0  0  0  0  0  0  0  81  0  0  0  81  0  81  0  0  81  0  0  0  81  81  0  0  81  0  0  0  0  81  0  0  0  0  0  0  0  0  81  0  0  0  0  0  0  0  81  0  0  81  0  0  0  0  

0  0  81  0  81  81  81  0  0  0  0  0  0  0  81  0  0  0  0  0  81  0  81  0  0  0  0  81  0  0  0  0  81  0  0  0  0  0  0  0  81  0  0  0  81  81  0  0  0  0  81  0  0  0  0  0  81  81  0  81  0  81  0  0  0  81  0  0  0  0  0  0  0  0  0  0  0  0  0  81  

0  0  81  0  0  81  81  0  0  0  0  0  0  0  81  0  0  0  0  81  81  0  0  0  0  0  0  0  0  0  0  0  0  81  81  0  0  81  81  0  0  0  0  0  81  0  0  81  81  0  0  0  0  0  81  0  0  0  0  0  81  81  81  0  81  81  0  0  0  81  0  0  0  0  0  0  81  0  0  0  

0  0  81  0  0  0  0  81  81  0  0  81  0  0  0  81  0  0  0  81  0  0  0  81  0  0  0  81  0  0  0  81  0  0  81  0  0  0  0  0  0  0  0  0  0  0  0  0  81  0  0  0  0  81  81  0  0  81  0  0  0  0  0  81  81  0  0  0  0  81  81  0  0  0  81  0  0  0  81  0  

0  0  81  0  0  0  0  81  81  0  0  0  81  0  0  0  81  0  0  0  0  81  0  0  0  0  0  0  0  0  0  0  0  0  0  81  0  81  0  0  0  0  0  0  0  0  81  0  0  0  81  81  0  0  0  0  0  0  81  0  0  0  0  0  0  81  81  0  81  0  0  0  81  81  0  0  0  81  0  0  

0  0  0  0  0  0  0  0  0  81  0  0  0  0  81  0  81  0  0  0  81  0  0  0  0  0  0  0  0  0  0  0  0  0  0  81  0  0  81  0  81  81  0  0  81  0  0  0  0  0  0  0  81  0  0  0  0  0  0  0  0  81  0  0  0  0  0  81  0  0  0  81  0  0  0  0  0  0  0  0  

81  0  0  0  0  0  0  0  0  0  81  0  0  0  0  0  0  81  0  0  0  0  0  0  0  0  0  0  0  0  0  0  0  0  81  81  0  0  81  0  0  0  0  0  81  0  81  0  0  0  0  81  0  0  0  0  81  0  0  0  0  0  81  0  0  0  0  0  0  0  0  81  0  0  0  0  0  0  0  0  

0  0  0  0  81  0  0  81  0  0  0  81  0  0  0  0  0  81  0  0  0  0  0  0  81  0  0  81  0  0  0  0  0  0  0  81  0  0  81  0  0  0  0  81  0  0  81  0  81  0  81  81  0  0  81  0  0  0  81  0  0  0  0  0  0  0  0  81  0  0  0  81  0  81  0  0  0  0  0  0  

81  0  0  81  0  0  0  0  81  0  0  0  81  0  81  0  0  0  0  0  81  81  0  0  0  0  0  81  0  0  0  0  0  0  0  0  0  81  0  0  0  0  81  0  0  0  81  0  0  0  0  0  0  0  0  0  0  0  0  0  0  0  81  81  0  0  0  0  81  0  0  81  0  0  0  81  0  0  0  0  

0  0  0  0  0  0  0  0  0  0  0  0  0  81  81  0  0  0  0  0  0  0  0  0  0  0  0  0  0  0  0  0  0  0  0  81  0  0  0  0  81  0  81  0  0  81  0  81  81  0  81  0  0  0  81  81  0  81  0  0  0  81  0  0  0  0  0  0  0  81  81  0  81  0  0  0  0  0  0  0  

0  0  0  0  0  81  81  0  0  81  0  0  81  81  81  0  81  0  0  0  0  0  0  0  81  0  0  0  0  0  81  0  0  0  0  0  0  0  81  0  0  0  0  0  0  0  81  81  0  0  0  81  81  81  0  81  0  0  0  0  0  0  0  0  0  0  0  0  81  0  0  0  0  0  0  81  0  0  0  0  

0  0  0  0  0  0  0  81  0  0  0  0  0  0  0  81  0  81  0  81  0  0  0  0  0  0  0  0  0  0  0  0  81  0  0  0  81  0  0  81  0  0  0  0  0  0  81  0  81  0  0  0  81  81  0  0  0  0  0  81  81  81  0  0  0  0  0  0  0  0  81  0  81  0  81  81  0  0  0  81  

0  0  0  81  81  0  0  0  81  81  0  0  0  0  81  0  81  0  0  0  0  0  0  81  0  0  81  81  0  0  0  0  0  0  0  0  0  0  0  0  81  0  0  0  0  81  0  0  0  0  0  0  0  0  0  0  0  0  0  81  0  0  81  81  0  0  0  0  0  0  0  0  0  0  0  0  0  0  81  0  

81  81  81  0  0  0  0  0  0  0  81  81  0  0  0  81  0  81  0  81  0  0  81  0  0  0  0  81  0  81  81  0  0  81  0  0  0  0  0  0  0  0  81  0  0  0  0  0  0  0  0  81  0  0  81  0  0  0  0  81  0  0  81  0  0  0  81  0  0  0  0  0  0  81  0  0  0  0  0  0  

0  0  0  0  81  0  0  0  0  0  0  0  0  0  0  0  0  0  81  0  0  0  0  0  0  81  0  0  0  0  0  0  0  0  81  0  81  0  0  0  0  0  0  81  81  0  0  0  0  81  0  0  0  0  0  81  81  0  81  0  0  0  81  0  0  0  81  81  81  0  81  0  0  0  0  0  0  0  0  0  

0  0  81  81  0  0  81  81  0  0  0  0  0  0  0  81  0  81  0  81  0  0  0  0  81  0  0  0  0  0  0  0  0  0  0  81  0  0  81  0  0  0  0  0  0  0  0  0  81  0  0  0  0  81  81  0  0  0  81  0  0  0  81  0  81  81  0  0  0  0  0  0  81  0  0  81  0  0  81  0  

0  81  0  81  0  81  81  0  0  81  0  0  81  0  0  0  0  0  0  0  81  0  81  0  0  0  81  0  0  0  0  0  0  0  0  0  0  0  0  0  0  0  0  0  81  0  0  0  81  0  0  0  0  0  0  81  0  0  0  0  0  0  0  0  0  81  0  81  0  0  0  0  0  0  81  0  0  0  0  0  

81  81  0  0  0  0  0  0  81  0  0  0  81  0  0  0  0  0  0  0  0  81  0  0  81  0  0  0  81  0  0  81  0  0  0  0  0  0  0  0  0  0  0  0  0  0  81  0  0  0  0  0  0  0  0  0  0  0  81  0  0  0  0  81  0  0  0  0  81  81  0  81  0  0  0  0  0  0  0  0  

0  0  0  0  0  81  0  0  0  0  0  0  0  0  0  0  0  81  0  0  81  0  81  81  0  0  0  81  0  0  0  0  0  0  0  0  0  81  81  0  0  0  0  0  0  0  0  0  0  0  0  0  81  0  81  0  81  0  0  0  0  81  81  81  0  81  0  0  0  0  0  0  0  81  0  0  81  0  0  81  

0  0  0  0  81  0  0  81  0  0  0  0  0  0  0  0  81  0  0  0  0  0  81  81  0  0  0  81  0  0  81  0  0  0  0  0  0  0  0  0  0  0  0  0  0  0  0  0  0  0  0  0  0  0  0  0  0  81  0  0  81  0  0  81  0  0  81  0  0  81  81  0  0  0  81  0  81  0  0  81  

0  0  0  0  0  0  0  0  0  0  0  81  0  0  81  0  0  0  0  81  0  81  0  0  81  0  0  0  81  0  0  0  0  0  0  0  0  0  81  0  81  0  81  0  0  0  0  0  0  81  0  81  0  0  0  0  0  81  0  0  0  0  0  0  0  0  0  0  0  0  0  81  0  0  0  0  0  0  0  0  

0  0  0  0  0  0  0  0  0  0  0  0  0  0  0  0  0  0  81  0  0  0  0  0  0  81  0  0  0  0  0  0  0  0  81  0  0  81  0  81  0  81  0  0  0  0  0  81  0  0  0  0  0  0  81  0  0  81  0  0  81  0  0  0  0  0  81  0  0  0  0  0  81  0  0  81  81  0  0  0  

0  0  0  0  0  0  0  0  0  0  0  0  0  0  0  0  81  0  0  0  81  0  0  0  0  0  81  0  0  0  81  0  0  0  0  81  81  81  0  0  0  81  81  81  81  0  0  0  81  0  0  81  0  81  0  0  0  0  0  0  81  0  81  81  0  81  0  0  0  0  0  0  0  0  0  0  0  81  0  0  

0  81  0  0  0  81  0  81  0  0  0  81  81  0  0  0  81  81  0  0  0  0  81  81  0  0  0  81  0  0  0  0  0  0  81  0  0  0  0  0  0  81  0  0  0  0  81  0  0  0  0  0  0  0  0  0  0  81  0  0  0  0  0  81  0  0  81  81  0  81  81  0  0  0  0  0  0  0  0  0  

81  0  0  0  0  0  0  0  0  0  0  0  0  0  0  0  0  0  0  0  0  81  0  0  81  0  0  0  81  81  0  0  0  0  0  0  0  0  0  81  0  81  81  81  0  0  0  81  0  0  0  0  0  0  0  81  0  0  0  0  0  81  0  0  81  0  0  0  0  0  81  0  0  0  0  0  81  0  0  0  

81  0  0  0  0  0  0  0  0  0  0  0  0  0  0  0  0  81  0  0  0  0  0  0  0  0  0  0  81  81  0  81  0  0  0  0  0  0  0  0  0  0  0  0  0  0  0  0  0  81  0  0  0  0  0  0  0  0  81  0  0  0  0  0  81  81  81  0  81  0  0  81  0  0  0  0  0  0  0  81  

0  0  81  0  0  0  0  0  0  0  0  0  0  0  81  0  0  81  0  0  0  0  0  81  0  0  81  0  0  0  81  0  0  81  0  0  0  0  0  0  81  0  0  0  0  81  0  81  0  81  0  0  0  0  81  0  81  0  0  0  0  0  81  0  0  0  0  0  0  0  0  0  0  0  0  0  0  0  0  0  

81  0  0  0  0  0  0  81  0  0  0  0  0  0  0  0  0  0  0  0  0  81  0  0  0  0  0  0  0  81  0  81  81  0  0  0  0  0  0  0  0  0  0  0  0  0  0  0  81  0  0  81  0  81  81  81  0  81  0  0  81  0  0  0  0  81  81  0  0  0  0  0  0  0  0  0  0  0  0  0  

0  0  0  0  0  81  0  0  0  0  0  0  0  0  0  81  0  0  0  0  0  0  0  0  0  0  0  0  0  0  0  81  81  0  81  0  81  0  81  81  0  0  0  0  0  0  0  0  0  81  81  0  0  0  0  0  0  0  0  0  0  0  0  0  0  0  0  81  0  0  0  0  0  81  0  0  81  0  0  0  

0  0  0  0  81  0  81  0  0  0  0  0  0  0  0  0  0  81  0  0  0  0  0  0  0  0  0  0  0  0  81  0  0  81  0  0  81  0  81  0  0  0  0  0  0  0  0  81  81  81  0  0  0  0  0  0  0  0  0  0  0  81  81  0  0  0  81  0  0  0  0  81  81  0  81  0  0  0  0  0  

0  0  0  0  0  0  81  81  0  0  81  0  0  0  0  0  0  0  81  0  0  0  0  0  0  81  0  81  0  0  0  0  81  0  81  0  0  0  0  81  0  0  0  0  0  0  0  81  0  0  0  0  0  81  0  0  0  81  0  0  0  81  0  0  0  0  81  81  0  0  0  0  0  0  0  0  0  0  0  0  

0  0  0  0  0  0  0  0  81  81  81  81  0  81  0  0  0  0  0  81  0  0  0  0  0  0  81  0  0  0  0  0  0  0  0  81  0  0  0  0  0  0  0  0  0  81  0  0  0  0  81  0  0  0  0  0  0  0  0  0  81  0  0  0  0  0  0  81  0  0  0  0  81  0  0  0  0  0  0  81  

81  0  0  0  0  0  0  0  0  0  0  0  0  0  0  81  0  0  81  0  0  0  0  0  0  0  81  0  0  0  0  0  81  81  0  0  81  0  0  0  0  81  0  0  0  0  0  0  0  0  0  0  0  81  0  0  0  0  0  0  0  0  0  0  81  0  0  0  0  0  0  0  0  0  81  81  0  81  81  0  

0  0  81  0  81  0  81  0  81  0  0  0  81  0  0  0  0  0  0  0  0  0  81  0  0  81  81  0  0  0  0  0  0  0  0  0  0  81  0  0  0  81  0  0  81  0  0  0  81  81  81  0  0  0  0  0  0  0  0  0  0  0  0  0  81  0  0  0  0  0  81  81  0  0  0  81  0  0  81  0  

0  0  0  0  0  0  81  0  0  81  81  81  0  0  81  0  0  0  0  81  0  0  81  0  81  0  0  0  0  0  0  0  81  81  0  0  0  0  81  0  0  0  0  0  0  0  0  0  0  0  81  0  0  0  0  0  0  0  0  0  0  0  0  0  81  0  0  0  81  0  0  0  0  81  0  0  0  0  0  0  

0  0  0  0  81  0  0  0  0  0  0  0  0  0  0  81  0  0  0  0  0  0  0  0  0  81  0  0  81  0  0  0  81  0  81  0  0  0  0  81  81  0  0  0  0  0  0  0  0  0  0  0  0  0  81  0  0  0  0  0  81  0  0  0  0  0  0  0  0  0  0  0  0  0  0  0  0  0  0  0  

0  0  0  0  0  81  0  0  0  81  0  0  0  81  0  0  81  0  0  0  0  0  0  0  81  0  0  0  0  0  81  0  0  0  0  0  0  0  0  81  81  0  0  0  0  0  0  0  0  0  0  0  81  0  0  81  0  0  0  0  81  0  0  81  0  81  81  81  0  0  81  0  81  81  0  81  81  0  81  0  

0  81  0  0  0  0  0  0  0  81  0  0  0  0  0  0  0  0  0  0  0  0  0  0  0  81  81  81  81  0  0  0  0  0  0  0  81  81  0  0  0  81  0  0  0  0  0  0  0  0  0  0  81  0  81  0  81  0  0  0  81  0  81  0  0  0  0  0  81  0  81  0  0  0  0  0  0  0  0  0  

0  0  0  0  81  0  0  0  0  0  0  0  81  81  0  0  0  81  0  0  0  0  0  0  81  0  81  0  81  0  0  0  0  0  0  0  0  0  0  0  0  0  81  0  0  0  81  0  0  0  0  0  0  0  0  81  0  0  81  0  0  0  0  0  0  0  0  81  0  0  0  0  0  0  0  0  81  0  81  0  

0  0  81  81  0  0  0  0  0  0  0  81  0  0  0  0  0  0  81  0  0  0  0  0  0  0  81  0  81  0  0  0  0  0  0  0  0  0  0  0  0  0  0  81  0  0  0  0  0  0  81  0  0  81  0  0  0  81  81  0  0  0  0  0  0  0  0  81  0  0  0  0  0  0  0  81  81  0  0  0  

0  0  0  0  0  81  81  0  0  81  81  0  0  0  0  0  0  0  81  0  81  0  0  0  0  0  81  0  0  0  0  0  0  0  0  0  0  81  0  0  0  0  0  0  81  0  0  0  0  0  0  0  81  0  0  0  0  0  0  81  0  0  0  0  0  0  0  81  0  0  81  0  81  0  0  0  0  0  0  0  

0  0  0  0  0  81  0  0  0  0  0  0  0  81  0  0  81  0  0  0  0  0  0  0  0  0  0  0  0  0  81  0  0  0  0  81  0  0  0  0  0  0  0  0  0  81  81  0  0  0  0  0  0  0  0  0  81  0  0  81  0  0  0  0  0  0  0  81  0  0  0  0  81  0  0  0  0  0  81  0  

0  0  0  0  81  0  0  0  81  0  81  81  81  0  81  81  0  0  0  0  0  81  0  0  0  0  0  81  0  0  0  0  0  0  0  0  0  0  0  0  0  0  81  0  0  81  81  0  0  0  0  0  0  81  81  0  81  0  0  0  81  81  0  0  81  0  0  81  0  0  0  0  0  81  0  0  0  0  81  0  

0  0  0  0  81  0  81  0  0  0  0  0  0  81  81  0  0  0  0  0  0  0  0  0  0  81  0  0  81  0  81  0  0  81  81  0  0  0  0  0  0  0  0  0  0  0  0  81  81  0  0  0  81  0  0  0  0  81  0  0  0  0  0  0  0  0  0  0  81  0  0  0  0  0  0  0  0  0  0  0  

0  81  0  0  0  0  81  81  0  0  0  81  0  81  0  81  0  0  0  81  81  0  0  0  0  0  81  0  0  0  0  81  0  81  0  0  0  81  0  0  0  0  0  0  0  0  0  81  81  0  0  0  0  0  0  0  0  0  0  81  0  0  0  81  81  0  81  81  0  0  0  0  0  81  0  0  0  0  81  0  

0  0  0  0  0  0  0  0  0  0  0  0  0  0  0  0  0  0  81  0  0  0  0  0  81  0  0  0  0  81  81  0  81  81  0  0  0  81  0  0  0  0  0  0  0  0  0  0  0  81  81  0  81  0  0  0  0  0  0  0  0  0  0  81  0  0  0  0  0  0  0  0  0  81  0  81  0  0  81  0  

0  0  0  0  81  81  0  0  81  0  0  81  0  81  0  0  0  0  0  0  0  0  0  0  0  0  0  0  0  0  0  0  81  0  0  81  0  81  81  0  0  0  0  81  0  0  0  0  0  81  81  0  0  0  0  0  0  0  0  0  81  0  81  0  81  0  0  0  81  0  0  0  0  0  0  0  0  81  0  0  

81  0  0  0  0  0  0  0  81  0  81  81  0  0  81  0  0  81  0  0  0  0  0  0  81  0  81  0  0  0  0  81  0  0  0  0  0  0  0  0  0  0  0  0  0  0  0  0  0  0  0  81  81  0  0  0  81  0  0  81  81  0  0  0  0  0  0  81  0  0  0  0  0  0  0  0  0  0  0  0  

0  0  0  81  0  0  0  0  0  81  0  0  0  0  81  81  0  0  0  0  0  0  81  0  0  0  0  0  0  0  0  0  0  0  0  0  0  0  0  0  81  81  0  0  81  0  0  81  0  81  0  81  81  0  0  81  81  81  0  0  0  0  81  0  0  0  0  0  0  0  0  81  0  0  0  0  0  0  0  0  

0  0  0  0  0  0  0  81  0  0  0  0  0  0  81  81  0  0  0  81  0  0  0  0  0  0  81  0  0  0  0  81  0  0  81  0  81  0  0  0  0  0  0  81  0  0  81  0  0  0  0  0  0  81  0  0  0  0  0  0  81  0  0  0  0  0  0  0  0  0  0  0  81  0  0  0  0  0  0  0  

0  0  81  81  0  0  81  81  0  0  0  81  0  81  0  0  0  81  0  81  0  0  81  0  0  81  0  0  0  0  81  81  0  0  0  0  0  0  0  81  0  81  0  0  0  0  81  0  0  0  0  0  0  0  81  0  0  81  0  0  81  81  0  0  81  0  81  0  81  0  0  0  0  81  0  0  0  0  81  0  

0  0  0  0  81  0  0  0  0  0  0  0  0  81  81  0  0  0  81  0  81  0  0  0  0  0  0  0  81  0  0  81  0  0  0  0  0  0  0  0  81  0  81  0  0  0  0  0  0  0  0  0  81  0  0  81  0  0  81  0  0  0  0  0  0  81  0  0  0  0  81  0  0  81  81  81  0  0  0  81  

0  0  0  0  0  81  0  0  0  0  81  0  0  0  0  0  0  0  81  0  0  0  81  0  0  0  0  0  0  0  81  0  0  0  0  0  0  0  0  0  0  81  0  0  0  81  81  0  0  0  0  81  81  0  0  0  81  0  0  0  0  0  0  0  81  0  81  0  0  0  0  0  0  81  81  0  0  0  81  81  

0  81  0  0  0  81  0  81  0  0  0  0  0  81  0  0  0  0  0  0  0  0  0  81  81  81  0  81  0  0  0  81  0  0  81  0  0  0  0  0  0  0  0  81  0  0  0  81  0  0  0  0  81  0  81  0  0  81  81  0  0  0  0  0  81  81  0  0  0  0  0  81  0  81  0  81  81  0  0  0  

0  81  0  0  0  0  0  0  81  0  0  81  0  0  0  0  0  0  81  81  0  81  0  0  0  0  0  0  0  81  0  0  0  0  0  0  0  0  0  0  0  0  81  81  0  0  0  0  0  0  0  0  0  0  0  81  0  81  81  0  0  0  0  81  81  0  81  0  81  0  81  0  0  0  81  81  0  0  0  0  

0  0  0  0  0  81  0  0  0  0  0  0  0  0  0  81  81  81  0  0  0  0  0  0  0  0  0  0  0  0  0  0  0  0  0  0  0  0  0  0  0  0  0  0  81  81  0  0  81  0  0  81  0  0  0  0  0  0  0  81  0  0  0  81  0  0  0  0  0  0  0  0  81  81  0  0  0  0  0  0  

0  0  0  81  0  0  81  0  0  0  0  0  0  0  0  81  0  0  0  0  0  0  0  81  0  81  81  0  0  0  0  81  0  0  0  81  0  0  0  81  81  81  0  0  0  0  81  0  0  0  81  81  0  81  81  0  0  0  0  0  81  0  81  81  81  0  0  0  0  0  81  81  0  0  0  81  0  81  0  0  

81  0  0  0  0  81  81  0  0  81  0  0  0  81  0  81  0  0  0  0  0  0  81  0  0  0  0  0  81  0  0  0  0  81  81  0  0  0  0  0  0  0  0  0  0  0  81  0  0  0  0  0  0  0  81  0  0  0  0  0  0  81  0  81  81  0  0  0  0  0  0  81  0  0  0  0  0  0  0  0  

0  0  0  0  0  0  81  0  0  0  81  0  81  0  0  0  81  81  81  81  0  0  81  0  0  0  81  0  0  0  81  0  0  81  0  0  0  0  0  0  0  81  0  0  0  0  0  0  0  0  81  0  81  0  0  0  0  0  0  0  81  0  81  81  0  0  0  0  81  0  0  0  0  0  0  0  0  0  81  0  

0  81  81  0  0  0  0  81  0  0  0  0  81  0  0  0  81  0  0  0  0  81  81  81  0  0  81  81  0  0  0  0  0  0  0  0  0  0  0  0  81  0  0  0  0  0  0  0  81  81  0  0  0  0  0  0  0  0  81  81  81  81  81  81  0  0  81  0  0  0  0  0  0  81  0  0  0  0  81  81  

0  0  0  0  81  0  81  81  0  0  0  0  0  0  0  0  0  0  0  81  0  0  0  0  0  0  0  0  81  81  0  0  0  0  0  0  81  81  81  0  0  0  0  0  0  0  81  0  81  0  81  0  0  0  81  0  81  81  81  0  81  81  0  0  81  0  0  0  81  0  0  81  0  0  0  0  0  0  0  0  

0  0  0  81  0  81  81  0  81  0  0  0  0  0  0  0  0  0  0  81  81  0  81  0  0  0  81  0  0  81  0  81  0  0  0  0  0  0  0  0  81  0  0  0  0  0  0  0  0  0  0  0  0  0  0  81  0  81  0  0  0  0  0  0  0  81  0  0  0  0  0  81  0  0  81  0  0  0  0  0  

81  0  0  0  0  0  0  0  81  0  0  0  0  0  0  0  0  81  81  0  0  0  0  81  0  81  0  81  0  81  0  81  0  81  81  0  0  0  0  0  81  0  0  0  0  0  0  0  81  0  0  0  0  0  81  0  81  0  81  0  0  0  0  81  0  0  81  81  0  0  0  0  81  81  0  0  0  0  81  0  

0  0  0  0  0  0  0  0  0  81  0  81  0  0  0  0  0  0  81  0  81  0  0  0  0  0  0  81  0  0  0  0  81  0  81  81  0  0  0  0  81  0  81  81  81  81  81  0  81  0  0  81  0  0  0  0  0  0  0  0  0  0  0  0  0  0  81  81  0  0  0  0  0  81  81  0  0  81  0  0  

0  0  0  0  0  0  0  0  81  0  0  0  81  0  81  0  0  0  81  0  0  81  0  0  0  0  0  0  0  81  0  0  0  0  0  0  0  0  81  0  0  81  0  0  0  0  0  81  0  0  81  0  0  0  81  0  0  0  81  0  0  0  81  0  81  0  0  0  81  0  0  0  0  81  0  0  0  0  0  0  

0  81  0  0  0  0  81  81  0  0  0  0  0  81  0  0  0  0  0  0  0  81  0  81  0  0  0  81  0  0  0  0  0  0  0  0  0  0  0  0  0  0  0  0  0  0  0  0  0  0  0  0  0  0  0  0  0  0  0  0  0  0  0  0  0  0  0  0  0  81  0  0  0  0  0  0  81  0  0  0  

0  0  0  0  0  0  0  81  0  0  0  0  0  81  0  81  0  0  81  0  0  0  0  81  0  0  0  81  81  0  0  0  0  0  0  0  0  81  0  0  81  81  0  0  81  0  0  0  0  0  0  0  0  0  0  81  0  0  81  0  81  0  0  0  0  0  0  0  0  0  81  81  0  0  81  0  0  0  81  0  

0  0  0  0  0  0  0  0  0  81  81  81  81  0  0  0  0  0  0  0  0  81  0  0  81  0  0  0  0  81  0  0  0  81  0  0  0  81  0  0  0  0  0  0  0  0  0  0  0  0  0  0  81  0  0  0  0  81  0  0  81  81  0  0  81  81  0  0  0  0  81  81  81  0  0  0  0  0  0  81  

0  0  81  0  81  0  0  0  81  0  0  0  0  81  0  81  0  0  0  81  0  0  0  0  0  81  0  0  0  0  0  0  0  81  0  81  0  0  0  0  81  0  0  0  81  81  0  0  0  0  0  0  0  81  0  0  0  0  0  81  0  0  0  0  0  0  81  0  0  0  0  81  81  0  0  0  0  0  0  0  

0  0  0  81  0  0  0  0  81  0  0  81  0  0  0  0  0  81  0  0  0  0  81  0  0  0  0  0  0  0  0  0  81  0  0  0  0  0  81  0  81  0  0  0  0  0  81  0  81  81  0  0  0  0  81  81  81  81  0  81  0  0  0  81  0  0  81  81  81  0  0  0  0  81  0  0  0  0  81  0  

0  0  0  0  0  0  0  81  0  0  0  0  0  0  0  81  0  0  0  0  81  0  0  81  0  0  0  0  0  0  0  0  0  81  0  0  81  0  0  0  0  0  0  0  0  0  0  0  0  0  0  0  0  0  0  81  81  0  81  0  0  0  0  0  0  81  0  81  0  0  81  0  0  0  81  0  0  0  0  0  

0  0  0  0  81  0  0  0  0  0  0  0  81  0  81  81  0  0  0  81  0  0  0  0  0  81  0  0  0  0  0  0  0  0  0  0  81  81  0  0  81  0  0  81  0  0  0  0  0  81  0  0  0  0  0  81  0  81  81  0  81  0  0  0  0  0  0  0  0  0  0  0  0  0  0  81  0  0  0  81  

81  81  0  81  0  0  81  0  0  0  0  0  0  0  0  0  0  0  0  0  0  0  81  81  0  81  0  0  81  0  0  0  81  0  0  0  0  0  0  0  81  0  81  81  0  0  0  0  0  0  0  0  0  0  0  0  0  81  0  0  0  0  0  0  0  0  0  0  0  81  0  0  0  0  0  0  81  0  0  0  

0  0  0  0  0  0  0  0  81  0  0  0  0  0  0  0  0  0  0  0  0  0  0  0  0  0  81  0  0  0  0  0  0  0  0  0  81  0  0  0  0  0  0  0  0  0  0  0  0  0  81  0  0  0  0  0  0  0  0  0  81  0  0  0  0  0  0  81  0  0  0  0  0  0  0  0  0  81  0  0  

0  0  0  0  0  0  0  81  0  0  0  0  0  0  0  0  81  0  0  81  0  0  0  0  0  0  0  0  0  0  0  0  0  0  0  0  81  81  0  0  81  0  81  0  0  81  81  0  81  81  0  0  0  0  81  0  81  0  0  0  0  0  81  81  0  0  81  0  0  0  81  0  0  81  0  0  0  0  81  0  

0  0  0  81  0  81  0  0  0  0  0  0  0  0  0  81  0  0  0  0  0  0  81  81  0  0  0  0  0  81  0  0  0  0  0  81  0  0  0  0  0  0  0  0  0  0  0  0  0  0  0  0  0  0  0  81  81  0  0  0  0  0  0  81  0  0  0  0  0  0  0  81  0  0  0  81  0  0  0  81  

UnPairedArc=
1 3 
1 11 
1 13 
1 18 
1 22 
1 29 
1 30 
1 32 
1 37 
1 52 
1 62 
1 67 
1 77 
2 18 
2 21 
2 22 
2 28 
2 42 
2 49 
2 58 
2 59 
2 64 
2 70 
2 77 
3 6 
3 7 
3 8 
3 9 
3 18 
3 20 
3 31 
3 38 
3 44 
3 55 
3 64 
3 73 
4 13 
4 17 
4 20 
4 21 
4 44 
4 53 
4 55 
4 61 
4 66 
4 74 
4 77 
4 80 
5 6 
5 12 
5 17 
5 19 
5 24 
5 34 
5 38 
5 40 
5 43 
5 47 
5 48 
5 51 
5 56 
5 65 
5 73 
5 76 
6 7 
6 15 
6 21 
6 23 
6 28 
6 33 
6 41 
6 45 
6 46 
6 51 
6 57 
6 58 
6 60 
6 62 
6 66 
6 80 
7 15 
7 20 
7 21 
7 34 
7 35 
7 38 
7 39 
7 45 
7 48 
7 49 
7 55 
7 61 
7 62 
7 63 
7 65 
7 66 
7 70 
7 77 
8 9 
8 12 
8 16 
8 20 
8 24 
8 28 
8 32 
8 35 
8 49 
8 54 
8 55 
8 58 
8 64 
8 65 
8 70 
8 71 
8 75 
8 79 
9 13 
9 17 
9 22 
9 36 
9 38 
9 47 
9 51 
9 52 
9 59 
9 66 
9 67 
9 69 
9 73 
9 74 
9 78 
10 15 
10 17 
10 21 
10 36 
10 39 
10 41 
10 42 
10 45 
10 53 
10 62 
10 68 
10 72 
11 18 
11 35 
11 36 
11 39 
11 45 
11 47 
11 52 
11 57 
11 63 
11 72 
12 18 
12 25 
12 28 
12 36 
12 39 
12 44 
12 47 
12 49 
12 51 
12 52 
12 55 
12 59 
12 68 
12 72 
12 74 
13 15 
13 21 
13 22 
13 28 
13 38 
13 43 
13 47 
13 63 
13 64 
13 69 
13 72 
13 76 
14 15 
14 36 
14 41 
14 43 
14 46 
14 48 
14 49 
14 51 
14 55 
14 56 
14 58 
14 62 
14 70 
14 71 
14 73 
15 17 
15 25 
15 31 
15 39 
15 47 
15 48 
15 52 
15 53 
15 54 
15 56 
15 69 
15 76 
16 18 
16 20 
16 33 
16 37 
16 40 
16 47 
16 49 
16 53 
16 54 
16 60 
16 61 
16 62 
16 71 
16 73 
16 75 
16 76 
16 80 
17 24 
17 27 
17 28 
17 41 
17 46 
17 60 
17 63 
17 64 
17 79 
18 20 
18 23 
18 28 
18 30 
18 31 
18 34 
18 43 
18 52 
18 55 
18 60 
18 63 
18 67 
18 74 
19 26 
19 35 
19 37 
19 44 
19 45 
19 50 
19 56 
19 57 
19 59 
19 63 
19 67 
19 68 
19 69 
19 71 
20 25 
20 36 
20 39 
20 49 
20 54 
20 55 
20 59 
20 63 
20 65 
20 66 
20 73 
20 76 
20 79 
21 23 
21 27 
21 45 
21 49 
21 56 
21 66 
21 68 
21 75 
22 25 
22 29 
22 32 
22 47 
22 59 
22 64 
22 69 
22 70 
22 72 
23 24 
23 28 
23 38 
23 39 
23 53 
23 55 
23 57 
23 62 
23 63 
23 64 
23 66 
23 74 
23 77 
23 80 
24 28 
24 31 
24 58 
24 61 
24 64 
24 67 
24 70 
24 71 
24 75 
24 77 
24 80 
25 29 
25 39 
25 41 
25 43 
25 50 
25 52 
25 58 
25 72 
26 35 
26 38 
26 40 
26 42 
26 48 
26 55 
26 58 
26 61 
26 67 
26 73 
26 76 
26 77 
27 31 
27 36 
27 37 
27 38 
27 42 
27 43 
27 44 
27 45 
27 49 
27 52 
27 54 
27 61 
27 63 
27 64 
27 66 
27 78 
28 35 
28 42 
28 47 
28 58 
28 64 
28 67 
28 68 
28 70 
28 71 
29 30 
29 40 
29 42 
29 43 
29 44 
29 48 
29 56 
29 62 
29 65 
29 71 
29 77 
30 32 
30 50 
30 59 
30 65 
30 66 
30 67 
30 69 
30 72 
30 80 
31 34 
31 41 
31 46 
31 48 
31 50 
31 55 
31 57 
31 63 
32 33 
32 49 
32 52 
32 54 
32 55 
32 56 
32 58 
32 61 
32 66 
32 67 
33 35 
33 37 
33 39 
33 40 
33 50 
33 51 
33 68 
33 74 
33 77 
34 37 
34 39 
34 48 
34 49 
34 50 
34 62 
34 63 
34 67 
34 72 
34 73 
34 75 
35 40 
35 48 
35 54 
35 58 
35 62 
35 67 
35 68 
36 46 
36 51 
36 61 
36 68 
36 73 
36 80 
37 42 
37 54 
37 65 
37 75 
37 76 
37 78 
37 79 
38 42 
38 45 
38 49 
38 50 
38 51 
38 65 
38 71 
38 72 
38 76 
38 79 
39 51 
39 65 
39 69 
39 74 
40 41 
40 55 
40 61 
41 53 
41 56 
41 61 
41 64 
41 66 
41 67 
41 68 
41 71 
41 73 
41 74 
41 76 
41 77 
41 79 
42 53 
42 55 
42 57 
42 61 
42 63 
42 69 
42 71 
43 47 
43 56 
43 59 
43 68 
43 77 
43 79 
44 51 
44 54 
44 58 
44 59 
44 68 
44 76 
44 77 
45 53 
45 60 
45 68 
45 71 
45 73 
46 47 
46 57 
46 60 
46 68 
46 73 
46 79 
47 54 
47 55 
47 57 
47 61 
47 62 
47 65 
47 68 
47 74 
47 79 
48 49 
48 53 
48 58 
48 69 
49 60 
49 64 
49 65 
49 67 
49 68 
49 74 
49 79 
50 51 
50 53 
50 64 
50 74 
50 76 
50 79 
51 61 
51 63 
51 65 
51 69 
51 78 
52 53 
52 57 
52 60 
52 61 
52 68 
53 56 
53 57 
53 58 
53 63 
53 72 
54 61 
54 73 
55 58 
55 61 
55 62 
55 65 
55 67 
55 69 
55 74 
55 79 
56 59 
56 66 
56 71 
56 74 
56 75 
56 76 
56 80 
57 65 
57 67 
57 74 
57 75 
57 79 
57 80 
58 59 
58 65 
58 66 
58 72 
58 74 
58 76 
58 77 
59 64 
59 65 
59 67 
59 69 
59 71 
59 75 
59 76 
60 64 
60 73 
60 74 
61 63 
61 64 
61 65 
61 71 
61 72 
61 76 
61 78 
62 64 
62 65 
62 72 
63 64 
63 69 
63 79 
64 67 
64 74 
64 79 
64 80 
65 69 
65 72 
66 72 
66 75 
67 68 
67 73 
67 74 
67 79 
68 74 
68 75 
68 78 
69 74 
70 77 
71 72 
71 75 
71 79 
72 73 
72 80 
74 79 
76 80 
