nNodes=60;
 nPairs=514;
Cost=

61  0  0  61  0  0  0  0  0  0  0  0  61  0  0  0  0  0  61  0  0  0  0  0  61  0  61  0  0  0  0  0  61  61  0  0  0  0  61  61  0  0  0  0  0  0  0  0  61  61  0  61  0  0  61  0  0  61  0  0  

0  61  0  0  0  61  0  0  0  0  61  0  61  61  61  61  0  0  0  0  0  61  0  0  61  0  0  61  0  0  0  0  0  61  0  0  61  0  0  61  0  0  0  0  61  0  61  0  61  61  61  0  61  61  0  0  0  61  61  0  

0  0  61  0  61  61  0  0  0  61  0  0  0  0  61  0  0  61  0  0  0  61  0  0  0  61  0  61  0  0  0  0  0  0  0  0  0  0  0  0  0  61  0  61  61  61  61  61  61  61  0  0  0  0  61  61  0  0  0  61  

61  0  0  61  61  61  0  61  61  0  0  0  0  0  0  61  0  0  61  0  61  0  61  0  0  0  61  61  61  61  0  0  0  61  61  61  0  0  0  0  0  0  0  0  0  0  61  0  0  0  0  0  0  61  61  0  0  61  0  61  

0  0  61  61  61  0  61  0  0  61  0  0  0  0  0  0  0  0  61  0  61  61  0  0  0  0  61  0  0  61  61  61  61  0  0  0  0  0  0  61  0  0  0  0  0  61  61  0  61  0  0  61  0  0  61  0  0  0  61  61  

0  61  61  61  0  61  0  0  0  0  0  0  0  61  61  0  61  0  0  0  0  0  0  61  61  0  61  0  61  0  0  0  61  61  0  61  61  0  61  61  0  61  0  0  0  0  0  0  61  0  0  0  0  61  61  0  0  0  0  0  

0  0  0  0  61  0  61  0  0  0  0  61  0  0  0  0  61  0  0  0  0  0  61  0  0  0  0  0  0  0  61  0  61  0  0  0  0  0  0  0  0  0  61  0  61  61  0  61  0  61  0  0  0  0  61  61  0  0  0  0  

0  0  0  61  0  0  0  61  61  0  0  0  0  0  61  0  61  0  0  0  61  61  61  0  0  0  0  0  0  0  61  0  61  0  0  61  0  61  0  0  0  61  0  61  0  0  61  0  0  61  0  0  61  0  0  0  0  0  61  0  

0  0  0  61  0  0  0  61  61  0  0  0  0  0  0  0  61  61  0  0  61  61  0  0  61  61  0  0  61  0  0  61  0  0  0  61  61  61  61  0  0  61  0  0  0  0  0  0  0  0  0  61  61  0  0  0  0  0  0  0  

0  0  61  0  61  0  0  0  0  61  0  0  0  0  61  0  0  0  0  0  61  61  0  0  0  0  61  0  0  0  0  0  0  61  0  61  61  0  61  61  61  0  0  0  0  61  0  0  0  0  0  0  0  0  0  0  61  0  0  0  

0  61  0  0  0  0  0  0  0  0  61  0  0  0  61  0  61  61  0  61  0  0  61  0  0  0  61  0  0  0  61  61  0  0  61  0  0  61  0  0  0  0  0  61  0  0  0  0  0  0  61  0  61  0  61  0  0  0  61  61  

0  0  0  0  0  0  61  0  0  0  0  61  0  0  0  0  61  0  0  0  0  61  0  61  0  0  0  61  61  0  0  0  0  0  0  0  0  0  61  0  0  61  0  0  0  0  0  0  0  0  61  0  0  61  61  0  0  0  0  0  

61  61  0  0  0  0  0  0  0  0  0  0  61  0  61  0  0  0  0  0  61  0  0  0  0  0  0  61  0  0  0  0  0  61  0  0  0  0  0  0  0  0  0  61  0  0  0  61  61  0  0  61  0  0  61  0  61  0  61  0  

0  61  0  0  0  61  0  0  0  0  0  0  0  61  0  61  0  0  0  0  0  0  0  61  61  0  0  0  0  0  0  0  0  0  0  0  61  0  0  0  0  0  0  0  0  0  0  0  0  61  0  0  0  0  0  0  0  61  61  0  

0  61  61  0  0  61  0  61  0  61  61  0  61  0  61  61  0  0  0  0  61  61  0  0  0  61  0  0  61  0  0  0  0  0  0  0  61  0  61  0  61  0  0  61  61  0  61  0  0  61  0  0  0  0  61  0  61  0  61  0  

0  61  0  61  0  0  0  0  0  0  0  0  0  61  61  61  0  0  0  0  0  0  61  61  0  61  0  61  61  0  61  0  0  0  0  0  0  0  0  0  61  0  61  0  61  0  0  0  0  61  0  61  0  0  0  61  0  61  0  0  

0  0  0  0  0  61  61  61  61  0  61  61  0  0  0  0  61  0  61  0  0  0  61  0  61  0  0  61  0  61  0  0  0  0  0  0  61  61  0  0  0  61  0  0  0  0  61  0  0  61  0  0  0  61  0  0  0  0  0  61  

0  0  61  0  0  0  0  0  61  0  61  0  0  0  0  0  0  61  0  0  0  0  0  0  0  61  0  0  61  0  61  61  0  0  61  0  0  0  0  0  0  0  0  0  0  0  0  0  0  0  61  0  0  61  61  61  0  61  0  0  

61  0  0  61  61  0  0  0  0  0  0  0  0  0  0  0  61  0  61  0  0  0  0  0  0  61  0  0  0  61  61  0  0  0  0  0  0  0  0  61  0  61  0  0  0  0  0  0  0  0  0  0  0  0  61  0  0  61  0  0  

0  0  0  0  0  0  0  0  0  0  61  0  0  0  0  0  0  0  0  61  0  0  0  61  61  0  61  0  61  0  0  0  61  61  0  0  0  61  61  61  0  0  0  61  61  0  0  0  0  61  61  61  0  0  61  0  61  61  0  0  

0  0  0  61  61  0  0  61  61  61  0  0  61  0  61  0  0  0  0  0  61  0  0  0  0  61  0  0  0  0  0  61  0  0  0  61  61  0  0  0  61  0  0  0  0  0  0  0  0  0  0  61  0  0  0  0  61  0  0  61  

0  61  61  0  61  0  0  61  61  61  0  61  0  0  61  0  0  0  0  0  0  61  0  61  61  0  0  61  0  0  0  61  0  0  61  0  0  0  0  0  0  0  0  0  0  0  61  0  0  0  0  0  0  0  61  0  0  0  0  61  

0  0  0  61  0  0  61  61  0  0  61  0  0  0  0  61  61  0  0  0  0  0  61  0  0  61  0  0  0  61  0  0  0  0  0  61  0  0  0  61  61  61  61  0  0  0  0  0  0  0  0  0  61  61  61  61  0  0  0  0  

0  0  0  0  0  61  0  0  0  0  0  61  0  61  0  61  0  0  0  61  0  61  0  61  0  61  61  61  61  0  0  0  61  0  0  61  0  0  0  0  61  0  61  0  0  61  0  0  0  0  0  0  61  0  61  0  0  61  0  0  

61  61  0  0  0  61  0  0  61  0  0  0  0  61  0  0  61  0  0  61  0  61  0  0  61  0  61  61  0  61  61  0  0  0  0  0  0  61  0  61  0  61  0  0  0  61  61  0  61  0  0  0  0  61  0  61  61  61  61  0  

0  0  61  0  0  0  0  0  61  0  0  0  0  0  61  61  0  61  61  0  61  0  61  61  0  61  61  0  61  61  61  0  0  61  0  0  0  0  61  0  61  0  0  61  0  61  0  0  61  0  0  0  0  0  61  0  0  0  0  0  

61  0  0  61  61  61  0  0  0  61  61  0  0  0  0  0  0  0  0  61  0  0  0  61  61  61  61  0  0  0  61  0  0  61  0  0  61  0  61  0  0  0  61  61  61  0  0  61  0  61  0  0  0  0  0  0  0  61  0  0  

0  61  61  61  0  0  0  0  0  0  0  61  61  0  0  61  61  0  0  0  0  61  0  61  61  0  0  61  0  0  0  0  0  61  0  61  0  0  0  61  0  0  0  0  61  0  61  0  0  0  61  0  0  61  0  0  0  0  0  61  

0  0  0  61  0  61  0  0  61  0  0  61  0  0  61  61  0  61  0  61  0  0  0  61  0  61  0  0  61  61  0  0  0  0  61  0  61  0  0  0  0  0  0  61  0  0  0  0  0  0  0  0  61  0  61  61  0  0  0  61  

0  0  0  61  61  0  0  0  0  0  0  0  0  0  0  0  61  0  61  0  0  0  61  0  61  61  0  0  61  61  61  0  0  0  0  0  0  0  0  0  61  0  0  0  0  0  0  0  0  0  61  0  61  0  0  61  0  0  61  61  

0  0  0  0  61  0  61  61  0  0  61  0  0  0  0  61  0  61  61  0  0  0  0  0  61  61  61  0  0  61  61  61  61  0  61  61  61  61  0  0  61  61  61  0  0  0  61  0  0  61  0  61  61  61  0  0  0  0  61  0  

0  0  0  0  61  0  0  0  61  0  61  0  0  0  0  0  0  61  0  0  61  61  0  0  0  0  0  0  0  0  61  61  0  61  61  0  61  61  0  61  0  0  0  0  0  0  61  0  61  0  0  61  0  61  61  61  61  0  0  0  

61  0  0  0  61  61  61  61  0  0  0  0  0  0  0  0  0  0  0  61  0  0  0  61  0  0  0  0  0  0  61  0  61  61  0  0  61  0  0  0  0  0  0  0  0  61  0  0  0  61  0  0  0  0  0  0  0  61  61  61  

61  61  0  61  0  61  0  0  0  61  0  0  61  0  0  0  0  0  0  61  0  0  0  0  0  61  61  61  0  0  0  61  61  61  0  0  0  0  0  0  61  0  0  61  0  61  0  0  61  0  0  0  0  61  0  0  61  61  0  0  

0  0  0  61  0  0  0  0  0  0  61  0  0  0  0  0  0  61  0  0  0  61  0  0  0  0  0  0  61  0  61  61  0  0  61  61  61  0  0  0  61  0  0  0  61  0  61  0  61  0  0  0  0  0  0  0  0  0  0  0  

0  0  0  61  0  61  0  61  61  61  0  0  0  0  0  0  0  0  0  0  61  0  61  61  0  0  0  61  0  0  61  0  0  0  61  61  0  61  0  0  61  61  0  61  0  0  0  0  0  0  61  0  0  0  0  0  0  0  0  0  

0  61  0  0  0  61  0  0  61  61  0  0  0  61  61  0  61  0  0  0  61  0  0  0  0  0  61  0  61  0  61  61  61  0  61  0  61  0  0  0  61  0  0  0  61  0  61  0  0  0  0  0  61  0  0  61  0  0  61  0  

0  0  0  0  0  0  0  61  61  0  61  0  0  0  0  0  61  0  0  61  0  0  0  0  61  0  0  0  0  0  61  61  0  0  0  61  0  61  0  0  0  61  0  0  0  0  0  61  0  0  61  61  0  0  0  61  0  61  61  0  

61  0  0  0  0  61  0  0  61  61  0  61  0  0  61  0  0  0  0  61  0  0  0  0  0  61  61  0  0  0  0  0  0  0  0  0  0  0  61  61  61  0  61  61  61  61  61  0  0  61  61  0  0  61  61  0  61  0  61  0  

61  61  0  0  61  61  0  0  0  61  0  0  0  0  0  0  0  0  61  61  0  0  61  0  61  0  0  61  0  0  0  61  0  0  0  0  0  0  61  61  0  0  61  0  61  0  0  0  0  0  0  61  61  0  0  0  61  61  61  0  

0  0  0  0  0  0  0  0  0  61  0  0  0  0  61  61  0  0  0  0  61  0  61  61  0  61  0  0  0  61  61  0  0  61  61  61  61  0  61  0  61  0  0  0  0  0  0  0  0  0  0  0  0  0  0  0  0  0  61  0  

0  0  61  0  0  61  0  61  61  0  0  61  0  0  0  0  61  0  61  0  0  0  61  0  61  0  0  0  0  0  61  0  0  0  0  61  0  61  0  0  0  61  0  61  0  61  61  0  61  0  0  0  0  61  61  0  61  0  0  61  

0  0  0  0  0  0  61  0  0  0  0  0  0  0  0  61  0  0  0  0  0  0  61  61  0  0  61  0  0  0  61  0  0  0  0  0  0  0  61  61  0  0  61  0  61  0  0  0  0  0  0  0  0  0  0  61  0  0  0  0  

0  0  61  0  0  0  0  61  0  0  61  0  61  0  61  0  0  0  0  61  0  0  0  0  0  61  61  0  61  0  0  0  0  61  0  61  0  0  61  0  0  61  0  61  61  61  61  0  61  0  61  0  61  61  0  0  0  0  0  0  

0  61  61  0  0  0  61  0  0  0  0  0  0  0  61  61  0  0  0  61  0  0  0  0  0  0  61  61  0  0  0  0  0  0  61  0  61  0  61  61  0  0  61  61  61  0  0  0  0  0  0  0  61  0  0  0  0  0  0  0  

0  0  61  0  61  0  61  0  0  61  0  0  0  0  0  0  0  0  0  0  0  0  0  61  61  61  0  0  0  0  0  0  61  61  0  0  0  0  61  0  0  61  0  61  0  61  0  0  0  0  0  0  0  0  0  0  0  0  0  0  

0  61  61  61  61  0  0  61  0  0  0  0  0  0  61  0  61  0  0  0  0  61  0  0  61  0  0  61  0  0  61  61  0  0  61  0  61  0  61  0  0  61  0  61  0  0  61  0  0  0  0  0  0  0  0  61  0  0  0  0  

0  0  61  0  0  0  61  0  0  0  0  0  61  0  0  0  0  0  0  0  0  0  0  0  0  0  61  0  0  0  0  0  0  0  0  0  0  61  0  0  0  0  0  0  0  0  0  61  0  0  0  61  61  61  0  0  0  0  0  0  

61  61  61  0  61  61  0  0  0  0  0  0  61  0  0  0  0  0  0  0  0  0  0  0  61  61  0  0  0  0  0  61  0  61  61  0  0  0  0  0  0  61  0  61  0  0  0  0  61  0  0  0  0  61  61  0  0  0  61  61  

61  61  61  0  0  0  61  61  0  0  0  0  0  61  61  61  61  0  0  61  0  0  0  0  0  0  61  0  0  0  61  0  61  0  0  0  0  0  61  0  0  0  0  0  0  0  0  0  0  61  61  0  61  0  0  0  61  0  0  0  

0  61  0  0  0  0  0  0  0  0  61  61  0  0  0  0  0  61  0  61  0  0  0  0  0  0  0  61  0  61  0  0  0  0  0  61  0  61  61  0  0  0  0  61  0  0  0  0  0  61  61  0  0  0  61  61  61  0  61  0  

61  0  0  0  61  0  0  0  61  0  0  0  61  0  0  61  0  0  0  61  61  0  0  0  0  0  0  0  0  0  61  61  0  0  0  0  0  61  0  61  0  0  0  0  0  0  0  61  0  0  0  61  0  0  0  61  0  61  61  0  

0  61  0  0  0  0  0  61  61  0  61  0  0  0  0  0  0  0  0  0  0  0  61  61  0  0  0  0  61  61  61  0  0  0  0  0  61  0  0  61  0  0  0  61  61  0  0  61  0  61  0  0  61  0  61  0  0  0  61  0  

0  61  0  61  0  61  0  0  0  0  0  61  0  0  0  0  61  61  0  0  0  0  61  0  61  0  0  61  0  0  61  61  0  61  0  0  0  0  61  0  0  61  0  61  0  0  0  61  61  0  0  0  0  61  0  61  61  61  61  61  

61  0  61  61  61  61  61  0  0  0  61  61  61  0  61  0  0  61  61  61  0  61  61  61  0  61  0  0  61  0  0  61  0  0  0  0  0  0  61  0  0  61  0  0  0  0  0  0  61  0  61  0  61  0  61  61  61  0  0  0  

0  0  61  0  0  0  61  0  0  0  0  0  0  0  0  61  0  61  0  0  0  0  61  0  61  0  0  0  61  61  0  61  0  0  0  0  61  61  0  0  0  0  61  0  0  0  61  0  0  0  61  61  0  61  61  61  61  0  0  0  

0  0  0  0  0  0  0  0  0  61  0  0  61  0  61  0  0  0  0  61  61  0  0  0  61  0  0  0  0  0  0  61  0  61  0  0  0  0  61  61  0  61  0  0  0  0  0  0  0  61  61  0  0  61  61  61  61  0  0  0  

61  61  0  61  0  0  0  0  0  0  0  0  0  61  0  61  0  61  61  61  0  0  0  61  61  0  61  0  0  0  0  0  61  61  0  0  0  61  0  61  0  0  0  0  0  0  0  0  0  0  0  61  0  61  0  0  0  61  61  61  

0  61  0  0  61  0  0  61  0  0  61  0  61  61  61  0  0  0  0  0  0  0  0  0  61  0  0  0  0  61  61  0  61  0  0  0  61  61  61  61  61  0  0  0  0  0  0  0  61  0  61  61  61  61  0  0  0  61  61  0  

0  0  61  61  61  0  0  0  0  0  61  0  0  0  0  0  61  0  0  0  61  61  0  0  0  0  0  61  61  61  0  0  61  0  0  0  0  0  0  0  0  61  0  0  0  0  0  0  61  0  0  0  0  61  0  0  0  61  0  61  

UnPairedArc=
1 4 
1 13 
1 19 
1 25 
1 27 
1 33 
1 34 
1 39 
1 40 
1 49 
1 50 
1 52 
1 55 
1 58 
2 6 
2 11 
2 13 
2 14 
2 15 
2 16 
2 22 
2 25 
2 28 
2 34 
2 37 
2 40 
2 45 
2 47 
2 49 
2 50 
2 51 
2 53 
2 54 
2 58 
2 59 
3 5 
3 6 
3 10 
3 15 
3 18 
3 22 
3 26 
3 28 
3 42 
3 44 
3 45 
3 46 
3 47 
3 48 
3 49 
3 50 
3 55 
3 56 
3 60 
4 5 
4 6 
4 8 
4 9 
4 16 
4 19 
4 21 
4 23 
4 27 
4 28 
4 29 
4 30 
4 34 
4 35 
4 36 
4 47 
4 54 
4 55 
4 58 
4 60 
5 7 
5 10 
5 19 
5 21 
5 22 
5 27 
5 30 
5 31 
5 32 
5 33 
5 40 
5 46 
5 47 
5 49 
5 52 
5 55 
5 59 
5 60 
6 14 
6 15 
6 17 
6 24 
6 25 
6 27 
6 29 
6 33 
6 34 
6 36 
6 37 
6 39 
6 40 
6 42 
6 49 
6 54 
6 55 
7 12 
7 17 
7 23 
7 31 
7 33 
7 43 
7 45 
7 46 
7 48 
7 50 
7 55 
7 56 
8 9 
8 15 
8 17 
8 21 
8 22 
8 23 
8 31 
8 33 
8 36 
8 38 
8 42 
8 44 
8 47 
8 50 
8 53 
8 59 
9 17 
9 18 
9 21 
9 22 
9 25 
9 26 
9 29 
9 32 
9 36 
9 37 
9 38 
9 39 
9 42 
9 52 
9 53 
10 15 
10 21 
10 22 
10 27 
10 34 
10 36 
10 37 
10 39 
10 40 
10 41 
10 46 
10 57 
11 15 
11 17 
11 18 
11 20 
11 23 
11 27 
11 31 
11 32 
11 35 
11 38 
11 44 
11 51 
11 53 
11 55 
11 59 
11 60 
12 17 
12 22 
12 24 
12 28 
12 29 
12 39 
12 42 
12 51 
12 54 
12 55 
13 15 
13 21 
13 28 
13 34 
13 44 
13 48 
13 49 
13 52 
13 55 
13 57 
13 59 
14 16 
14 24 
14 25 
14 37 
14 50 
14 58 
14 59 
15 16 
15 21 
15 22 
15 26 
15 29 
15 37 
15 39 
15 41 
15 44 
15 45 
15 47 
15 50 
15 55 
15 57 
15 59 
16 23 
16 24 
16 26 
16 28 
16 29 
16 31 
16 41 
16 43 
16 45 
16 50 
16 52 
16 56 
16 58 
17 19 
17 23 
17 25 
17 28 
17 30 
17 37 
17 38 
17 42 
17 47 
17 50 
17 54 
17 60 
18 26 
18 29 
18 31 
18 32 
18 35 
18 51 
18 54 
18 55 
18 56 
18 58 
19 26 
19 30 
19 31 
19 40 
19 42 
19 55 
19 58 
20 24 
20 25 
20 27 
20 29 
20 33 
20 34 
20 38 
20 39 
20 40 
20 44 
20 45 
20 50 
20 51 
20 52 
20 55 
20 57 
20 58 
21 26 
21 32 
21 36 
21 37 
21 41 
21 52 
21 57 
21 60 
22 24 
22 25 
22 28 
22 32 
22 35 
22 47 
22 55 
22 60 
23 26 
23 30 
23 36 
23 40 
23 41 
23 42 
23 43 
23 53 
23 54 
23 55 
23 56 
24 26 
24 27 
24 28 
24 29 
24 33 
24 36 
24 41 
24 43 
24 46 
24 53 
24 55 
24 58 
25 27 
25 28 
25 30 
25 31 
25 38 
25 40 
25 42 
25 46 
25 47 
25 49 
25 54 
25 56 
25 57 
25 58 
25 59 
26 27 
26 29 
26 30 
26 31 
26 34 
26 39 
26 41 
26 44 
26 46 
26 49 
26 55 
27 31 
27 34 
27 37 
27 39 
27 43 
27 44 
27 45 
27 48 
27 50 
27 58 
28 34 
28 36 
28 40 
28 45 
28 47 
28 51 
28 54 
28 60 
29 30 
29 35 
29 37 
29 44 
29 53 
29 55 
29 56 
29 60 
30 31 
30 41 
30 51 
30 53 
30 56 
30 59 
30 60 
31 32 
31 33 
31 35 
31 36 
31 37 
31 38 
31 41 
31 42 
31 43 
31 47 
31 50 
31 52 
31 53 
31 54 
31 59 
32 34 
32 35 
32 37 
32 38 
32 40 
32 47 
32 49 
32 52 
32 54 
32 55 
32 56 
32 57 
33 34 
33 37 
33 46 
33 50 
33 58 
33 59 
33 60 
34 41 
34 44 
34 46 
34 49 
34 54 
34 57 
34 58 
35 36 
35 37 
35 41 
35 45 
35 47 
35 49 
36 38 
36 41 
36 42 
36 44 
36 51 
37 41 
37 45 
37 47 
37 53 
37 56 
37 59 
38 42 
38 48 
38 51 
38 52 
38 56 
38 58 
38 59 
39 40 
39 41 
39 43 
39 44 
39 45 
39 46 
39 47 
39 50 
39 51 
39 54 
39 55 
39 57 
39 59 
40 43 
40 45 
40 52 
40 53 
40 57 
40 58 
40 59 
41 59 
42 44 
42 46 
42 47 
42 49 
42 54 
42 55 
42 57 
42 60 
43 45 
43 56 
44 45 
44 46 
44 47 
44 49 
44 51 
44 53 
44 54 
45 53 
47 56 
48 52 
48 53 
48 54 
49 54 
49 55 
49 59 
49 60 
50 51 
50 53 
50 57 
51 55 
51 56 
51 57 
51 59 
52 56 
52 58 
52 59 
53 55 
53 59 
54 56 
54 57 
54 58 
54 59 
54 60 
55 56 
55 57 
56 57 
58 59 
58 60 
