nNodes=60;
 nPairs=514;
Cost=

61  0  0  0  0  0  61  61  0  0  0  61  0  0  0  0  0  0  0  61  0  0  0  61  0  0  0  0  0  61  61  61  61  61  0  61  61  0  61  0  61  0  0  0  0  0  61  61  61  0  0  0  0  61  0  61  0  0  0  0  

0  61  0  0  0  0  61  0  0  0  61  0  61  0  0  0  0  61  0  0  0  0  0  0  61  0  0  61  0  61  61  0  0  0  0  61  0  61  0  0  0  0  0  0  0  0  0  0  0  61  0  0  61  0  0  0  0  0  0  61  

0  0  61  0  61  0  0  61  0  0  0  0  0  61  0  61  61  61  61  0  0  0  0  0  61  0  0  0  61  0  0  0  0  0  61  0  0  61  0  61  61  0  0  0  0  61  61  0  0  61  0  61  0  0  0  0  61  0  0  0  

0  0  0  61  0  0  0  0  61  0  0  0  0  0  61  0  0  0  0  0  61  0  0  0  0  0  61  0  0  0  61  0  61  0  61  61  0  0  0  61  0  0  0  0  0  0  0  61  61  0  0  61  0  61  61  0  0  61  61  61  

0  0  61  0  61  61  61  0  0  0  61  0  0  0  61  0  0  0  0  61  0  61  0  0  61  0  0  61  61  61  0  0  0  0  0  0  0  0  61  0  0  61  61  0  0  0  0  0  0  0  0  0  0  0  0  0  61  0  0  61  

0  0  0  0  61  61  0  61  0  0  0  0  0  0  61  0  61  0  61  61  61  61  61  0  61  61  0  0  0  0  0  0  61  0  0  0  0  61  0  61  0  61  61  0  0  0  0  0  0  0  0  0  61  0  0  0  0  61  0  0  

61  61  0  0  61  0  61  0  61  0  61  61  0  61  0  0  0  0  61  0  0  61  0  0  0  0  0  61  0  0  0  61  0  61  61  0  61  0  0  0  61  0  0  61  0  61  0  61  0  0  0  61  0  0  0  0  0  0  61  0  

61  0  61  0  0  61  0  61  61  0  0  0  61  0  0  0  0  0  0  0  0  0  0  61  0  61  0  0  0  0  61  0  0  61  0  0  0  0  61  0  61  61  0  0  0  0  0  0  0  61  0  0  0  0  61  0  0  61  0  0  

0  0  0  61  0  0  61  61  61  0  0  0  0  0  0  0  0  0  61  0  0  0  0  0  0  0  61  61  0  0  0  0  0  0  61  0  0  0  61  0  0  0  0  0  0  0  61  0  0  0  61  0  0  61  61  0  0  0  0  61  

0  0  0  0  0  0  0  0  0  61  0  0  61  0  61  0  0  0  61  0  0  0  0  0  61  0  0  61  0  0  61  0  61  61  0  0  0  61  0  61  0  0  0  0  0  0  0  0  0  0  61  0  0  61  0  61  61  61  0  0  

0  61  0  0  61  0  61  0  0  0  61  0  61  0  61  0  0  0  0  0  0  61  0  0  61  0  61  61  61  0  61  0  0  0  61  0  0  61  0  0  0  0  61  61  0  0  0  0  0  61  0  0  0  0  0  0  0  0  0  61  

61  0  0  0  0  0  61  0  0  0  0  61  0  0  61  61  0  0  61  0  0  0  0  0  61  61  61  0  0  0  0  61  0  0  0  0  61  61  61  0  0  0  0  0  61  0  0  0  0  0  0  0  0  61  0  0  0  0  0  0  

0  61  0  0  0  0  0  61  0  61  61  0  61  0  0  0  0  0  61  0  61  0  61  0  0  0  61  0  0  61  0  0  61  0  61  61  0  0  0  0  0  0  0  0  61  0  0  0  0  0  0  61  0  61  0  61  0  0  0  0  

0  0  61  0  0  0  61  0  0  0  0  0  0  61  0  61  0  61  0  0  61  61  0  0  61  0  0  0  0  0  0  0  0  61  0  0  0  0  61  0  0  0  0  61  61  0  0  61  61  61  0  0  61  0  0  61  0  0  0  0  

0  0  0  61  61  61  0  0  0  61  61  61  0  0  61  61  61  61  61  61  61  0  0  0  0  0  0  0  61  61  0  0  61  61  0  61  61  0  0  0  0  0  0  61  0  61  0  0  61  61  0  0  0  61  0  61  61  61  61  0  

0  0  61  0  0  0  0  0  0  0  0  61  0  61  61  61  0  0  61  0  0  61  61  61  0  0  0  0  0  0  0  61  0  0  0  0  61  61  0  61  61  61  0  61  0  61  0  61  0  0  61  0  0  61  61  0  0  0  0  61  

0  0  61  0  0  61  0  0  0  0  0  0  0  0  61  0  61  0  0  0  0  0  61  61  0  61  0  0  0  0  0  0  0  61  0  0  0  0  61  61  0  0  0  0  0  0  0  61  0  61  0  0  61  0  61  61  0  0  61  0  

0  61  61  0  0  0  0  0  0  0  0  0  0  61  61  0  0  61  0  0  0  61  0  0  0  61  0  61  61  0  0  0  0  0  0  61  0  0  0  61  0  0  61  61  0  0  0  0  0  0  0  61  0  0  61  0  61  0  61  0  

0  0  61  0  0  61  61  0  61  61  0  61  61  0  61  61  0  0  61  0  0  0  0  61  0  61  0  0  0  0  0  61  0  61  0  0  0  0  0  0  0  0  61  61  61  0  0  0  0  0  61  0  61  61  0  0  0  0  61  0  

61  0  0  0  61  61  0  0  0  0  0  0  0  0  61  0  0  0  0  61  0  0  0  0  0  0  0  0  0  0  0  0  61  0  0  0  0  0  61  61  0  0  0  0  61  61  0  61  0  61  0  0  61  0  0  61  0  0  0  0  

0  0  0  61  0  61  0  0  0  0  0  0  61  61  61  0  0  0  0  0  61  0  0  0  0  61  61  0  0  0  0  0  0  61  0  61  0  61  0  0  0  0  0  0  0  61  0  0  0  61  0  0  0  61  0  0  0  0  61  0  

0  0  0  0  61  61  61  0  0  0  61  0  0  61  0  61  0  61  0  0  0  61  0  0  61  0  61  61  61  0  61  0  61  0  0  0  61  0  61  61  0  0  0  0  0  61  0  61  0  61  0  0  0  0  0  0  0  0  0  0  

0  0  0  0  0  61  0  0  0  0  0  0  61  0  0  61  61  0  0  0  0  0  61  61  61  0  61  0  61  0  0  0  0  0  0  61  0  61  0  0  0  0  0  61  0  61  61  0  61  61  0  61  0  0  0  0  61  0  0  61  

61  0  0  0  0  0  0  61  0  0  0  0  0  0  0  61  61  0  61  0  0  0  61  61  0  61  0  61  0  0  0  61  61  0  0  0  61  0  0  0  61  0  61  61  61  61  0  0  0  61  61  61  0  61  61  61  0  0  0  0  

0  61  61  0  61  61  0  0  0  61  61  61  0  61  0  0  0  0  0  0  0  61  61  0  61  61  61  0  0  61  61  0  61  0  0  0  0  0  0  0  0  61  0  0  0  0  61  0  0  61  0  0  0  61  0  0  61  0  61  0  

0  0  0  0  0  61  0  61  0  0  0  61  0  0  0  0  61  61  61  0  61  0  0  61  61  61  61  0  61  0  0  0  61  61  0  0  0  0  0  0  61  61  0  0  0  61  0  61  0  61  61  0  0  0  61  0  0  0  61  0  

0  0  0  61  0  0  0  0  61  0  61  61  61  0  0  0  0  0  0  0  61  61  61  0  61  61  61  0  61  0  0  0  61  61  0  0  61  0  61  0  0  61  0  0  0  61  0  0  0  0  61  61  61  0  0  61  0  0  61  61  

0  61  0  0  61  0  61  0  61  61  61  0  0  0  0  0  0  61  0  0  0  61  0  61  0  0  0  61  0  61  61  0  0  0  0  61  0  61  0  0  0  0  61  0  61  61  0  0  61  61  0  0  0  61  61  61  0  61  0  61  

0  0  61  0  61  0  0  0  0  0  61  0  0  0  61  0  0  61  0  0  0  61  61  0  0  61  61  0  61  0  61  61  0  0  0  61  0  0  0  0  0  0  61  61  0  0  0  0  0  61  0  0  0  61  0  0  0  0  0  61  

61  61  0  0  61  0  0  0  0  0  0  0  61  0  61  0  0  0  0  0  0  0  0  0  61  0  0  61  0  61  0  0  0  0  0  0  0  61  61  0  0  0  61  0  0  0  0  0  0  0  0  0  0  0  0  0  61  0  0  0  

61  61  0  61  0  0  0  61  0  61  61  0  0  0  0  0  0  0  0  0  0  61  0  0  61  0  0  61  61  0  61  0  61  0  0  0  0  0  0  61  0  61  0  0  0  0  0  0  0  0  61  0  0  61  61  0  0  0  61  61  

61  0  0  0  0  0  61  0  0  0  0  61  0  0  0  61  0  0  61  0  0  0  0  61  0  0  0  0  61  0  0  61  0  61  61  0  0  0  61  0  61  0  61  0  0  0  0  61  0  61  61  0  0  0  0  61  61  0  0  0  

61  0  0  61  0  61  0  0  0  61  0  0  61  0  61  0  0  0  0  61  0  61  0  61  61  61  61  0  0  0  61  0  61  0  61  61  61  61  0  61  61  0  61  0  0  0  0  61  0  0  0  61  0  61  61  0  0  61  0  0  

61  0  0  0  0  0  61  61  0  61  0  0  0  61  61  0  61  0  61  0  61  0  0  0  0  61  61  0  0  0  0  61  0  61  61  0  0  61  0  0  0  61  0  0  0  0  61  0  0  0  61  61  0  0  0  61  61  61  0  61  

0  0  61  61  0  0  61  0  61  0  61  0  61  0  0  0  0  0  0  0  0  0  0  0  0  0  0  0  0  0  0  61  61  61  61  0  0  0  0  0  0  0  61  0  61  0  0  0  0  0  0  0  0  61  61  0  0  61  0  0  

61  61  0  61  0  0  0  0  0  0  0  0  61  0  61  0  0  61  0  0  61  0  61  0  0  0  0  61  61  0  0  0  61  0  0  61  0  0  0  0  0  0  0  0  0  61  0  0  61  0  0  0  0  0  0  0  0  0  0  0  

61  0  0  0  0  0  61  0  0  0  0  61  0  0  61  61  0  0  0  0  0  61  0  61  0  0  61  0  0  0  0  0  61  0  0  0  61  0  0  0  0  0  61  0  61  0  0  0  0  0  61  0  0  0  61  0  0  0  0  0  

0  61  61  0  0  61  0  0  0  61  61  61  0  0  0  61  0  0  0  0  61  0  61  0  0  0  0  61  0  61  0  0  61  61  0  0  0  61  0  0  0  0  61  0  61  61  0  61  0  61  0  0  0  0  0  0  0  0  0  0  

61  0  0  0  61  0  0  61  61  0  0  61  0  61  0  0  61  0  0  61  0  61  0  0  0  0  61  0  0  61  0  61  0  0  0  0  0  0  61  0  0  0  61  0  61  0  61  0  61  0  0  0  0  0  0  0  0  61  61  0  

0  0  61  61  0  61  0  0  0  61  0  0  0  0  0  61  61  61  0  61  0  61  0  0  0  0  0  0  0  0  61  0  61  0  0  0  0  0  0  61  0  61  0  61  61  0  61  61  61  61  0  0  0  0  0  0  0  0  0  0  

61  0  61  0  0  0  61  61  0  0  0  0  0  0  0  61  0  0  0  0  0  0  0  61  0  61  0  0  0  0  0  61  61  0  0  0  0  0  0  0  61  0  0  0  0  0  0  61  61  0  61  0  0  0  0  0  0  0  0  0  

0  0  0  0  61  61  0  61  0  0  0  0  0  0  0  61  0  0  0  0  0  0  0  0  61  61  61  0  0  0  61  0  0  61  0  0  0  0  0  61  0  61  61  61  0  0  0  0  0  0  61  61  0  0  0  61  0  0  0  0  

0  0  0  0  61  61  0  0  0  0  61  0  0  0  0  0  0  61  61  0  0  0  0  61  0  0  0  61  61  61  0  61  61  0  61  0  61  61  61  0  0  61  61  0  0  61  0  61  61  0  0  0  0  61  0  0  61  0  0  61  

0  0  0  0  0  0  61  0  0  0  61  0  0  61  61  61  0  61  61  0  0  0  61  61  0  0  0  0  61  0  0  0  0  0  0  0  0  0  0  61  0  61  0  61  0  61  0  0  0  61  61  0  0  0  0  0  0  0  61  61  

0  0  0  0  0  0  0  0  0  0  0  61  61  61  0  0  0  0  61  61  0  0  0  61  0  0  0  61  0  0  0  0  0  0  61  0  61  61  61  61  0  0  0  0  61  0  0  0  0  0  0  0  0  61  0  61  0  0  0  0  

0  0  61  0  0  0  61  0  0  0  0  0  0  0  61  61  0  0  0  61  61  61  61  61  0  61  61  61  0  0  0  0  0  0  0  61  0  61  0  0  0  0  61  61  0  61  0  0  61  61  0  61  0  0  61  0  61  61  0  0  

61  0  61  0  0  0  0  0  61  0  0  0  0  0  0  0  0  0  0  0  0  0  61  0  61  0  0  0  0  0  0  0  0  61  0  0  0  0  61  61  0  0  0  0  0  0  61  0  0  0  61  0  0  0  0  0  0  0  0  0  

61  0  0  61  0  0  61  0  0  0  0  0  0  61  0  61  61  0  0  61  0  61  0  0  0  61  0  0  0  0  0  61  61  0  0  0  0  61  0  61  61  0  61  0  0  0  0  61  0  0  0  61  0  0  61  0  0  61  0  61  

61  0  0  61  0  0  0  0  0  0  0  0  0  61  61  0  0  0  0  0  0  0  61  0  0  0  0  61  0  0  0  0  0  0  0  61  0  0  61  61  61  0  61  0  0  61  0  0  61  0  0  0  0  0  0  0  0  0  0  0  

0  61  61  0  0  0  0  61  0  0  61  0  0  61  61  0  61  0  0  61  61  61  61  61  61  61  0  61  61  0  0  61  0  0  0  0  0  61  0  61  0  0  0  61  0  61  0  0  0  61  0  0  0  61  0  0  61  61  61  0  

0  0  0  0  0  0  0  0  61  61  0  0  0  0  0  61  0  0  61  0  0  0  0  61  0  61  61  0  0  0  61  61  0  61  0  0  61  0  0  0  61  61  0  61  0  0  61  0  0  0  61  61  0  61  0  0  0  0  61  0  

0  0  61  61  0  0  61  0  0  0  0  0  61  0  0  0  0  61  0  0  0  0  61  61  0  0  61  0  0  0  0  0  61  61  0  0  0  0  0  0  0  61  0  0  0  61  0  61  0  0  61  61  0  61  0  0  61  0  61  61  

0  61  0  0  0  61  0  0  0  0  0  0  0  61  0  0  61  0  61  61  0  0  0  0  0  0  61  0  0  0  0  0  0  0  0  0  0  0  0  0  0  0  0  0  0  0  0  0  0  0  0  0  61  0  0  0  0  0  0  0  

61  0  0  61  0  0  0  0  61  61  0  61  61  0  61  61  0  0  61  0  61  0  0  61  61  0  0  61  61  0  61  0  61  0  61  0  0  0  0  0  0  0  61  0  61  0  0  0  0  61  61  61  0  61  0  0  0  0  0  0  

0  0  0  61  0  0  0  61  61  0  0  0  0  0  0  61  61  61  0  0  0  0  0  61  0  61  0  61  0  0  61  0  61  0  61  0  61  0  0  0  0  0  0  0  0  61  0  61  0  0  0  0  0  0  61  0  61  0  0  0  

61  0  0  0  0  0  0  0  0  61  0  0  61  61  61  0  61  0  0  61  0  0  0  61  0  0  61  61  0  0  0  61  0  61  0  0  0  0  0  0  0  61  0  0  61  0  0  0  0  0  0  0  0  0  0  61  0  0  0  0  

0  0  61  0  61  0  0  0  0  61  0  0  0  0  61  0  0  61  0  0  0  0  61  0  61  0  0  0  0  61  0  61  0  61  0  0  0  0  0  0  0  0  61  0  0  61  0  0  0  61  0  61  0  0  61  0  61  0  61  0  

0  0  0  61  0  61  0  61  0  61  0  0  0  0  61  0  0  0  0  0  0  0  0  0  0  0  0  61  0  0  0  0  61  61  61  0  0  0  61  0  0  0  0  0  0  61  0  61  0  61  0  0  0  0  0  0  0  61  0  0  

0  0  0  61  0  0  61  0  0  0  0  0  0  0  61  0  61  61  61  0  61  0  0  0  61  61  61  0  0  0  61  0  0  0  0  0  0  0  61  0  0  0  0  61  0  0  0  0  0  61  61  61  0  0  0  0  61  0  61  0  

0  61  0  61  61  0  0  0  61  0  61  0  0  0  0  61  0  0  0  0  0  0  61  0  0  0  61  61  61  0  61  0  0  61  0  0  0  0  0  0  0  0  61  61  0  0  0  61  0  0  0  61  0  0  0  0  0  0  0  61  

UnPairedArc=
1 7 
1 8 
1 12 
1 20 
1 24 
1 30 
1 31 
1 32 
1 33 
1 34 
1 36 
1 37 
1 39 
1 41 
1 47 
1 48 
1 49 
1 54 
1 56 
2 7 
2 11 
2 13 
2 18 
2 25 
2 28 
2 30 
2 31 
2 36 
2 38 
2 50 
2 53 
2 60 
3 5 
3 8 
3 14 
3 16 
3 17 
3 18 
3 19 
3 25 
3 29 
3 35 
3 38 
3 40 
3 41 
3 46 
3 47 
3 50 
3 52 
3 57 
4 9 
4 15 
4 21 
4 27 
4 31 
4 33 
4 35 
4 36 
4 40 
4 48 
4 49 
4 52 
4 54 
4 55 
4 58 
4 59 
4 60 
5 6 
5 7 
5 11 
5 15 
5 20 
5 22 
5 25 
5 28 
5 29 
5 30 
5 39 
5 42 
5 43 
5 57 
5 60 
6 8 
6 15 
6 17 
6 19 
6 20 
6 21 
6 22 
6 23 
6 25 
6 26 
6 33 
6 38 
6 40 
6 42 
6 43 
6 53 
6 58 
7 9 
7 11 
7 12 
7 14 
7 19 
7 22 
7 28 
7 32 
7 34 
7 35 
7 37 
7 41 
7 44 
7 46 
7 48 
7 52 
7 59 
8 9 
8 13 
8 24 
8 26 
8 31 
8 34 
8 39 
8 41 
8 42 
8 50 
8 55 
8 58 
9 19 
9 27 
9 28 
9 35 
9 39 
9 47 
9 51 
9 54 
9 55 
9 60 
10 13 
10 15 
10 19 
10 25 
10 28 
10 31 
10 33 
10 34 
10 38 
10 40 
10 51 
10 54 
10 56 
10 57 
10 58 
11 13 
11 15 
11 22 
11 25 
11 27 
11 28 
11 29 
11 31 
11 35 
11 38 
11 43 
11 44 
11 50 
11 60 
12 15 
12 16 
12 19 
12 25 
12 26 
12 27 
12 32 
12 37 
12 38 
12 39 
12 45 
12 54 
13 19 
13 21 
13 23 
13 27 
13 30 
13 33 
13 35 
13 36 
13 45 
13 52 
13 54 
13 56 
14 16 
14 18 
14 21 
14 22 
14 25 
14 34 
14 39 
14 44 
14 45 
14 48 
14 49 
14 50 
14 53 
14 56 
15 16 
15 17 
15 18 
15 19 
15 20 
15 21 
15 29 
15 30 
15 33 
15 34 
15 36 
15 37 
15 44 
15 46 
15 49 
15 50 
15 54 
15 56 
15 57 
15 58 
15 59 
16 19 
16 22 
16 23 
16 24 
16 32 
16 37 
16 38 
16 40 
16 41 
16 42 
16 44 
16 46 
16 48 
16 51 
16 54 
16 55 
16 60 
17 23 
17 24 
17 26 
17 34 
17 39 
17 40 
17 48 
17 50 
17 53 
17 55 
17 56 
17 59 
18 22 
18 26 
18 28 
18 29 
18 36 
18 40 
18 43 
18 44 
18 52 
18 55 
18 57 
18 59 
19 24 
19 26 
19 32 
19 34 
19 43 
19 44 
19 45 
19 51 
19 53 
19 54 
19 59 
20 33 
20 39 
20 40 
20 45 
20 46 
20 48 
20 50 
20 53 
20 56 
21 26 
21 27 
21 34 
21 36 
21 38 
21 46 
21 50 
21 54 
21 59 
22 25 
22 27 
22 28 
22 29 
22 31 
22 33 
22 37 
22 39 
22 40 
22 46 
22 48 
22 50 
23 24 
23 25 
23 27 
23 29 
23 36 
23 38 
23 44 
23 46 
23 47 
23 49 
23 50 
23 52 
23 57 
23 60 
24 26 
24 28 
24 32 
24 33 
24 37 
24 41 
24 43 
24 44 
24 45 
24 46 
24 50 
24 51 
24 52 
24 54 
24 55 
24 56 
25 26 
25 27 
25 30 
25 31 
25 33 
25 42 
25 47 
25 50 
25 54 
25 57 
25 59 
26 27 
26 29 
26 33 
26 34 
26 41 
26 42 
26 46 
26 48 
26 50 
26 51 
26 55 
26 59 
27 29 
27 33 
27 34 
27 37 
27 39 
27 42 
27 46 
27 51 
27 52 
27 53 
27 56 
27 59 
27 60 
28 30 
28 31 
28 36 
28 38 
28 43 
28 45 
28 46 
28 49 
28 50 
28 54 
28 55 
28 56 
28 58 
28 60 
29 31 
29 32 
29 36 
29 43 
29 44 
29 50 
29 54 
29 60 
30 38 
30 39 
30 43 
30 57 
31 33 
31 40 
31 42 
31 51 
31 54 
31 55 
31 59 
31 60 
32 34 
32 35 
32 39 
32 41 
32 43 
32 48 
32 50 
32 51 
32 56 
32 57 
33 35 
33 36 
33 37 
33 38 
33 40 
33 41 
33 43 
33 48 
33 52 
33 54 
33 55 
33 58 
34 35 
34 38 
34 42 
34 47 
34 51 
34 52 
34 56 
34 57 
34 58 
34 60 
35 43 
35 45 
35 54 
35 55 
35 58 
36 46 
36 49 
37 43 
37 45 
37 51 
37 55 
38 43 
38 45 
38 46 
38 48 
38 50 
39 43 
39 45 
39 47 
39 49 
39 58 
39 59 
40 42 
40 44 
40 45 
40 47 
40 48 
40 49 
40 50 
41 48 
41 49 
41 51 
42 43 
42 44 
42 51 
42 52 
42 56 
43 46 
43 48 
43 49 
43 54 
43 57 
43 60 
44 46 
44 50 
44 51 
44 59 
44 60 
45 54 
45 56 
46 49 
46 50 
46 52 
46 55 
46 57 
46 58 
47 51 
48 52 
48 55 
48 58 
48 60 
50 54 
50 57 
50 58 
50 59 
51 52 
51 54 
51 59 
52 54 
52 57 
52 59 
52 60 
55 57 
57 59 
