nNodes=80;
 nPairs=1849;
Cost=

81  0  81  0  81  81  81  0  81  0  0  81  81  81  81  81  81  81  81  0  81  0  81  81  81  0  0  81  81  81  81  0  0  0  0  0  81  81  81  81  0  81  0  0  0  81  0  81  0  0  0  81  81  81  81  81  0  81  0  81  0  81  0  0  81  81  81  81  0  81  81  81  0  81  0  0  81  0  81  81  

0  81  0  81  81  0  0  81  0  0  81  0  81  81  0  81  0  0  81  81  81  81  81  81  81  0  81  0  0  0  81  0  81  81  81  81  0  0  0  0  0  81  0  0  0  0  81  81  0  0  81  81  0  0  81  81  0  81  81  81  81  81  81  81  0  0  81  0  81  81  0  0  81  0  0  0  81  81  0  0  

81  0  81  81  81  81  0  81  0  81  81  81  81  81  81  0  81  0  0  81  81  0  81  0  0  81  81  0  81  81  81  81  81  0  0  0  81  0  0  81  81  81  0  0  0  81  81  0  81  0  81  81  81  0  81  81  81  0  0  0  0  81  81  81  81  81  0  81  81  81  81  0  81  0  0  81  81  0  0  0  

0  81  81  81  0  0  0  0  0  0  81  0  0  81  0  0  0  0  0  0  0  81  81  81  81  81  0  0  81  81  0  81  81  0  81  81  0  81  0  81  0  81  81  81  0  0  0  0  0  0  0  81  81  0  81  81  81  81  0  81  81  81  81  0  81  0  81  0  81  0  0  81  0  81  0  0  0  81  81  0  

81  81  81  0  81  81  81  81  81  0  0  0  0  81  0  81  81  0  0  81  0  81  81  0  81  81  81  81  0  0  81  81  81  0  81  81  0  0  81  81  81  81  81  0  81  0  81  0  81  0  81  81  0  81  81  81  0  81  0  81  81  81  0  0  0  81  81  0  81  0  0  0  0  81  81  0  0  0  81  81  

81  0  81  0  81  81  0  0  81  81  81  0  81  0  81  81  81  0  0  0  81  81  0  0  0  0  81  81  81  81  0  0  81  81  0  0  81  0  81  81  0  0  0  81  0  0  81  81  0  0  0  81  81  81  81  0  81  81  0  81  0  81  0  0  81  81  81  81  81  81  0  81  81  81  81  81  81  0  81  81  

81  0  0  0  81  0  81  81  0  81  81  0  0  81  0  0  81  81  81  81  0  81  0  81  0  81  0  0  0  81  81  0  0  0  0  81  81  0  0  81  81  81  81  81  81  0  0  81  81  0  0  81  81  81  81  0  0  0  0  0  81  0  81  0  0  0  0  81  81  81  81  0  81  0  81  0  81  81  81  81  

0  81  81  0  81  0  81  81  81  0  81  81  0  81  81  81  81  0  81  81  81  0  81  81  81  0  81  81  81  81  81  0  0  81  0  0  81  0  81  81  81  81  0  0  81  81  81  81  81  0  81  0  0  0  81  81  81  81  81  81  81  0  0  0  0  81  81  0  81  0  81  81  0  81  81  81  0  81  81  0  

81  0  0  0  81  81  0  81  81  81  81  81  81  0  0  0  81  81  81  81  0  0  0  0  0  81  81  0  81  0  0  81  81  0  0  81  0  81  0  0  81  0  0  0  81  81  81  81  0  0  81  0  81  81  81  81  81  81  81  81  81  0  81  0  0  0  81  0  81  0  81  81  0  81  81  81  81  81  81  81  

0  0  81  0  0  81  81  0  81  81  0  81  0  0  0  0  0  81  81  0  0  81  0  81  0  81  81  81  0  0  81  81  0  81  0  81  0  0  81  0  81  81  0  0  0  81  0  81  0  81  0  81  81  81  0  81  0  0  81  0  0  81  81  0  0  0  81  81  0  81  0  81  0  0  0  0  0  81  81  0  

0  81  81  81  0  81  81  81  81  0  81  0  81  81  0  0  0  0  81  81  0  81  0  81  81  81  0  0  0  81  0  81  0  81  81  0  81  81  81  81  0  81  81  0  0  0  81  0  0  81  0  0  0  81  0  0  0  81  81  0  81  81  81  81  0  0  0  0  81  0  0  0  81  81  0  81  81  81  81  81  

81  0  81  0  0  0  0  81  81  81  0  81  0  81  0  81  0  81  81  81  0  81  81  0  81  0  81  81  81  0  81  0  81  81  81  0  0  81  0  81  81  0  81  0  81  81  81  0  81  81  81  81  0  0  81  81  81  0  81  81  0  81  81  0  0  0  81  0  81  81  0  0  81  0  0  81  0  0  0  81  

81  81  81  0  0  81  0  0  81  0  81  0  81  0  81  81  81  0  81  0  81  0  81  0  81  81  0  0  81  81  81  81  0  0  81  81  0  81  81  0  81  81  81  81  81  81  81  81  81  81  81  81  81  81  0  81  0  0  0  0  81  81  81  81  0  0  81  0  81  0  0  81  81  81  0  81  81  81  0  0  

81  81  81  81  81  0  81  81  0  0  81  81  0  81  81  0  81  81  81  81  0  0  81  81  0  81  81  81  81  0  81  0  81  81  0  81  0  81  81  0  81  81  0  81  81  81  81  0  81  0  81  0  81  0  81  81  0  81  0  81  0  0  81  0  0  81  81  81  81  81  0  81  81  0  0  81  81  81  81  81  

81  0  81  0  0  81  0  81  0  0  0  0  81  81  81  0  0  0  0  81  81  81  81  0  81  81  81  81  0  81  81  81  81  81  0  0  0  0  0  0  0  81  0  81  0  0  81  81  81  0  81  81  81  81  0  0  0  81  0  81  0  0  81  0  0  81  81  81  81  0  81  0  0  0  81  81  81  81  0  0  

81  81  0  0  81  81  0  81  0  0  0  81  81  0  0  81  0  0  81  0  81  0  81  81  0  81  81  81  0  81  0  0  81  0  81  81  0  0  0  0  0  0  0  81  0  81  81  0  81  0  0  81  0  81  81  81  0  81  81  81  81  0  81  81  0  81  0  0  0  81  0  81  0  81  0  81  0  81  81  81  

81  0  81  0  81  81  81  81  81  0  0  0  81  81  0  0  81  81  81  0  0  81  81  81  81  0  81  81  81  81  0  81  81  81  0  81  0  81  81  81  81  81  81  0  81  0  0  0  81  81  81  81  81  81  81  81  81  0  0  0  81  0  81  81  0  0  81  0  0  81  81  0  0  81  81  0  81  81  81  0  

81  0  0  0  0  0  81  0  81  81  0  81  0  81  0  0  81  81  81  81  0  81  0  81  0  0  81  81  81  81  0  0  81  0  81  0  0  0  0  0  81  81  81  81  0  81  81  0  0  0  0  81  81  81  81  0  81  81  0  81  81  81  0  81  0  81  81  81  81  81  0  81  81  0  81  0  81  81  81  0  

81  81  0  0  0  0  81  81  81  81  81  81  81  81  0  81  81  81  81  81  0  81  0  81  81  81  81  0  81  0  81  0  81  81  0  0  81  81  81  81  81  0  0  0  81  81  0  0  81  81  0  81  81  81  0  0  81  81  0  81  81  81  81  81  81  81  81  81  0  81  0  0  81  81  0  0  0  81  81  0  

0  81  81  0  81  0  81  81  81  0  81  81  0  81  81  0  0  81  81  81  81  0  0  81  81  81  0  81  81  81  0  81  81  81  81  0  81  0  0  81  0  81  0  0  81  0  81  81  0  81  81  81  81  0  0  81  81  81  81  81  0  81  81  81  81  81  81  0  81  81  81  81  81  0  81  0  81  0  81  81  

81  81  81  0  0  81  0  81  0  0  0  0  81  0  81  81  0  0  0  81  81  81  0  81  81  0  81  81  81  81  0  0  0  0  81  81  81  81  0  81  81  81  0  81  81  81  81  81  0  0  81  81  0  81  0  0  0  0  81  0  0  0  81  81  81  81  0  81  81  0  81  81  0  81  81  81  81  81  81  0  

0  81  0  81  81  81  81  0  0  81  81  81  0  0  81  0  81  81  81  0  81  81  81  0  81  0  81  81  81  0  81  81  81  0  0  0  0  0  81  0  0  0  0  81  0  81  81  81  0  81  81  0  0  81  81  81  81  81  0  81  81  0  81  81  81  0  0  0  0  81  81  81  81  81  0  81  81  81  0  81  

81  81  81  81  81  0  0  81  0  0  0  81  81  81  81  81  81  0  0  0  0  81  81  81  0  0  0  0  0  81  81  0  81  81  81  81  81  0  81  0  0  0  81  0  0  81  81  81  81  81  81  81  81  0  81  81  0  81  0  0  0  81  0  0  0  81  81  0  81  0  0  0  0  81  81  81  81  81  0  0  

81  81  0  81  0  0  81  81  0  81  81  0  0  81  0  81  81  81  81  81  81  0  81  81  81  0  0  81  81  81  81  81  81  0  81  81  81  0  81  81  0  81  81  81  81  0  81  0  0  0  81  0  81  81  81  81  81  81  0  81  0  0  81  0  81  81  0  0  0  81  81  81  0  81  81  81  0  0  81  0  

81  81  0  81  81  0  0  81  0  0  81  81  81  0  81  0  81  0  81  81  81  81  0  81  81  81  0  0  81  0  81  81  0  81  0  81  0  0  0  0  0  81  81  0  0  81  0  81  81  0  81  0  81  0  81  81  81  81  0  0  0  0  81  81  0  81  81  0  81  81  81  81  81  0  81  81  81  0  0  81  

0  0  81  81  81  0  81  0  81  81  81  0  81  81  81  81  0  0  81  81  0  0  0  0  81  81  81  81  81  81  81  0  0  81  81  81  81  0  81  0  81  81  0  81  81  81  0  0  81  0  81  0  81  81  81  81  0  0  0  81  0  81  81  0  81  0  0  0  81  0  0  0  0  81  0  0  81  0  81  81  

0  81  81  0  81  81  0  81  81  81  0  81  0  81  81  81  81  81  81  0  81  81  0  0  0  81  81  81  0  0  81  0  81  0  0  81  81  81  81  81  0  0  81  0  81  81  0  0  81  0  81  81  0  81  81  0  81  0  81  81  81  0  81  81  81  81  81  0  81  81  0  81  81  0  0  0  81  81  81  81  

81  0  0  0  81  81  0  81  0  81  0  81  0  81  81  81  81  81  0  81  81  81  0  81  0  81  81  81  0  81  0  0  0  0  81  0  81  81  0  81  0  0  81  81  81  81  81  81  81  0  81  81  81  81  81  81  81  0  81  0  0  0  0  81  81  0  0  0  0  0  0  81  81  0  81  81  0  0  81  81  

81  0  81  81  0  81  0  81  81  0  0  81  81  81  0  0  81  81  81  81  81  81  0  81  81  81  0  0  81  0  81  0  0  81  0  0  81  81  0  0  81  0  81  81  0  81  81  0  0  81  81  81  0  0  0  81  81  81  0  0  81  0  81  81  81  0  81  81  81  81  81  81  81  81  81  81  0  0  81  81  

81  0  81  81  0  81  81  81  0  0  81  0  81  0  81  81  81  81  0  81  81  0  81  81  0  81  0  81  0  81  0  81  81  0  81  0  81  81  81  81  81  0  81  81  0  0  81  0  81  0  81  81  81  0  81  81  81  81  0  0  81  81  0  0  0  81  0  0  0  0  0  81  0  81  81  0  81  0  81  0  

81  81  81  0  81  0  81  81  0  81  0  81  81  81  81  0  0  0  81  0  0  81  81  81  81  81  81  0  81  0  81  0  0  0  81  81  0  81  81  0  81  81  81  0  81  81  0  0  81  0  81  0  0  81  81  81  0  81  81  0  0  0  81  0  0  81  0  81  81  0  81  81  81  81  81  0  81  81  81  0  

0  0  81  81  81  0  0  0  81  81  81  0  81  0  81  0  81  0  0  81  0  81  0  81  81  0  0  0  0  81  0  81  0  81  81  81  81  81  81  81  81  81  0  0  0  81  0  0  0  81  81  0  81  0  0  0  81  81  0  81  0  81  0  0  81  81  81  81  0  81  81  81  81  81  81  81  81  81  0  81  

0  81  81  81  81  81  0  0  81  0  0  81  0  81  81  81  81  81  81  81  0  81  81  81  0  0  81  0  0  81  0  0  81  0  81  81  81  81  0  0  0  81  0  0  81  0  81  0  81  0  81  81  81  0  81  81  81  81  81  81  0  0  0  0  81  81  81  0  0  0  81  81  0  81  0  81  81  81  0  0  

0  81  0  0  0  81  0  81  0  81  81  81  0  81  81  0  81  0  81  81  0  0  81  0  81  81  0  0  81  0  0  81  0  81  81  81  81  81  0  81  0  81  0  81  0  81  81  0  0  81  81  81  81  81  81  81  81  81  81  81  81  81  0  81  81  81  0  81  0  81  81  81  81  0  0  81  81  81  81  0  

0  81  0  81  81  0  0  0  0  0  81  81  81  0  0  81  0  81  0  81  81  0  81  81  0  81  0  81  0  81  81  81  81  81  81  0  81  0  81  0  0  0  0  81  81  0  81  81  81  0  81  81  81  81  81  81  0  81  81  81  81  81  81  81  81  0  0  81  81  0  0  0  0  81  81  0  0  81  81  0  

0  81  0  81  81  0  81  0  81  81  0  0  81  81  0  81  81  0  0  0  81  0  81  81  81  81  81  0  0  0  81  81  81  81  0  81  0  81  81  81  81  81  0  81  81  81  0  81  0  0  0  81  81  81  81  0  81  81  81  81  0  81  81  81  81  81  0  0  81  81  81  81  81  0  81  0  81  81  0  0  

81  0  81  0  0  81  81  81  0  0  81  0  0  0  0  0  0  0  81  81  81  0  81  81  0  81  81  81  81  81  0  81  81  81  81  0  81  0  0  0  81  0  0  0  81  81  81  0  81  81  81  0  0  81  0  81  81  0  81  81  0  81  81  81  81  0  81  0  0  81  0  0  81  0  0  0  81  0  0  81  

81  0  0  81  0  0  0  0  81  0  81  81  81  81  0  0  81  0  81  0  81  0  0  0  0  0  81  81  81  81  81  81  81  81  0  81  0  81  0  81  0  81  81  0  0  0  0  81  0  81  0  0  0  81  0  81  0  81  81  81  0  81  0  81  81  81  0  81  81  81  81  81  81  0  81  81  0  81  0  81  

81  0  0  0  81  81  0  81  0  81  81  0  81  81  0  0  81  0  81  0  0  81  81  81  0  81  81  0  0  81  81  81  0  0  81  81  0  0  81  81  81  81  81  0  81  81  0  81  0  81  81  0  81  81  81  81  81  0  81  0  81  81  81  0  0  0  81  81  0  0  0  0  81  81  0  81  0  81  0  81  

81  0  81  81  81  81  81  81  0  0  81  81  0  0  0  0  81  0  81  81  81  0  0  81  0  0  81  81  0  81  0  81  0  81  0  81  0  81  81  81  0  81  0  0  0  81  0  0  0  81  81  81  0  81  0  0  81  0  0  81  81  81  0  81  81  0  81  81  81  81  81  81  0  81  81  0  81  0  81  0  

0  0  81  0  81  0  81  81  81  81  0  81  81  81  0  0  81  81  81  0  81  0  0  0  0  81  0  0  81  81  81  81  0  0  0  81  81  0  81  0  81  81  81  81  0  81  0  0  81  81  81  0  81  81  81  0  81  81  81  81  81  0  81  81  81  81  81  0  81  81  0  81  81  81  0  0  81  0  81  81  

81  81  81  81  81  0  81  81  0  81  81  0  81  81  81  0  81  81  0  81  81  0  0  81  81  81  0  0  0  0  81  81  81  81  0  81  0  81  81  81  81  81  81  81  81  81  0  0  81  0  81  0  0  0  81  81  0  0  0  0  81  81  81  0  81  81  0  81  81  81  81  81  81  0  81  81  0  81  0  81  

0  0  0  81  81  0  81  0  0  0  81  81  81  0  0  0  81  81  0  0  0  0  81  81  81  0  81  81  81  81  81  0  0  0  0  0  0  81  81  0  81  81  81  81  0  81  81  0  81  81  81  81  81  81  0  0  81  0  81  81  81  0  81  81  81  0  81  81  81  0  0  0  0  81  0  0  81  81  0  81  

0  0  0  81  0  81  81  0  0  0  0  0  81  81  81  81  0  81  0  0  81  81  0  81  0  81  0  81  81  81  0  0  0  81  81  81  0  0  0  0  81  81  81  81  0  0  0  0  81  0  81  81  81  81  81  0  81  0  81  0  81  81  0  0  0  0  81  81  81  0  0  81  81  0  81  0  0  0  81  81  

0  0  0  0  81  0  81  81  81  0  0  81  81  81  0  0  81  0  81  81  81  0  0  81  0  81  81  81  0  0  81  0  81  0  81  81  81  0  81  0  0  81  0  0  81  81  81  81  0  81  0  0  0  81  81  81  81  81  0  81  81  81  81  81  81  81  0  81  0  81  81  81  81  81  0  0  81  81  81  81  

81  0  81  0  0  0  0  81  81  81  0  81  81  81  0  81  0  81  81  0  81  81  81  0  81  81  81  81  81  0  81  81  0  81  0  81  81  0  81  81  81  81  81  0  81  81  0  0  0  0  0  0  81  0  81  0  0  81  0  0  0  0  0  81  81  81  81  81  81  0  81  0  0  81  81  0  0  81  81  81  

0  81  81  0  81  81  0  81  81  0  81  81  81  81  81  81  0  81  0  81  81  81  81  81  0  0  0  81  81  81  0  0  81  81  81  0  81  0  0  0  0  0  81  0  81  0  81  0  81  0  0  81  81  81  0  0  81  0  81  81  0  81  81  0  0  0  81  0  0  81  81  81  0  81  0  0  0  81  0  81  

81  81  0  0  0  81  81  81  81  81  0  0  81  0  81  0  0  0  0  81  81  81  81  0  81  0  0  81  0  0  0  0  0  0  81  81  0  81  81  0  0  0  0  0  81  0  0  81  81  0  81  81  0  81  0  81  0  0  81  81  81  0  0  81  81  81  81  0  81  81  81  0  0  81  81  0  81  0  0  81  

0  0  81  0  81  0  81  81  0  0  0  81  81  81  81  81  81  0  81  0  0  0  81  0  81  81  81  81  0  81  81  0  81  0  81  0  81  0  0  0  81  81  81  81  0  0  81  81  81  0  81  81  0  81  81  81  0  0  0  81  81  81  81  81  0  81  81  0  81  0  81  0  81  81  81  81  81  0  0  0  

0  0  0  0  0  0  0  0  0  81  81  81  81  0  0  0  81  0  81  81  0  81  81  0  0  0  0  0  81  0  0  81  0  81  0  0  81  81  81  81  81  0  81  0  81  0  0  0  0  81  81  81  81  0  81  0  0  81  81  81  0  81  0  81  0  81  81  0  0  81  81  81  81  81  0  81  81  81  0  0  

0  81  81  0  81  0  0  81  81  0  0  81  81  81  81  0  81  0  0  81  81  81  81  81  81  81  81  81  81  81  81  81  81  81  81  0  81  0  81  81  81  81  81  81  0  0  0  81  81  81  81  0  0  81  81  0  0  81  81  0  81  81  81  81  81  0  0  0  81  0  81  0  0  81  0  81  0  81  0  81  

81  81  81  81  81  81  81  0  0  81  0  81  81  0  81  81  81  81  81  81  81  0  81  0  0  0  81  81  81  81  0  0  81  81  81  81  0  0  0  81  0  0  81  81  0  0  81  81  81  81  0  81  81  0  81  81  81  81  0  81  81  81  81  81  0  81  81  0  81  0  81  0  81  81  81  0  0  81  81  81  

81  0  81  81  0  81  81  0  81  81  0  0  81  81  81  0  81  81  81  81  0  0  81  81  81  81  0  81  0  81  0  81  81  81  81  81  0  0  81  0  81  0  81  81  0  81  81  0  0  81  0  81  81  0  81  81  81  81  0  81  0  0  81  81  81  0  81  0  81  0  0  81  0  0  81  81  81  81  0  81  

81  0  0  0  81  81  81  0  81  81  81  0  81  0  81  81  81  81  81  0  81  81  0  81  0  81  81  81  0  0  81  0  0  81  81  81  81  81  81  81  81  0  81  81  81  0  81  81  81  0  81  0  0  81  81  0  0  0  81  0  81  81  0  81  0  81  81  81  81  0  81  81  81  81  0  81  81  0  81  0  

81  81  81  81  81  81  81  81  81  0  0  81  0  81  0  81  81  81  0  0  0  81  81  81  81  81  81  81  0  81  81  0  81  81  81  81  0  0  81  0  81  81  0  81  81  81  0  0  81  81  81  81  81  81  81  81  81  81  81  0  81  81  0  81  81  81  0  81  81  0  81  0  81  0  0  0  0  81  0  81  

81  81  81  81  81  0  0  81  81  81  0  81  81  81  0  81  81  0  0  81  0  81  81  81  81  81  0  81  81  81  81  0  81  81  81  0  81  81  81  0  0  81  0  0  81  0  0  81  81  0  0  81  81  0  81  81  81  0  81  81  0  0  0  0  0  0  81  0  0  81  0  81  0  0  81  81  81  0  0  81  

0  0  81  81  0  81  0  81  81  0  0  81  0  0  0  0  81  81  81  81  0  81  0  81  81  0  81  81  81  81  0  81  81  81  0  81  81  0  81  81  81  0  81  81  81  0  81  0  0  0  0  81  81  0  81  81  81  0  81  0  0  81  81  81  81  81  0  81  81  81  0  0  81  81  81  0  81  0  81  0  

81  81  0  81  81  81  0  81  81  0  81  0  0  81  81  81  0  81  81  81  0  81  81  81  81  0  0  0  81  81  81  81  81  81  81  81  0  81  0  0  81  0  0  0  81  81  0  0  0  81  81  81  81  0  81  0  0  81  81  0  81  81  81  81  81  0  81  81  81  0  81  0  81  0  0  81  81  81  81  81  

0  81  0  0  0  0  0  81  81  81  81  81  0  0  0  81  0  0  0  81  81  0  0  0  0  0  81  81  0  0  81  0  81  81  81  81  81  81  81  0  81  0  81  81  0  0  81  81  0  81  81  0  0  81  81  81  81  81  81  81  0  0  81  81  0  81  81  81  81  81  0  0  81  81  81  81  81  0  81  81  

81  81  0  81  81  81  0  81  81  0  0  81  0  81  81  81  0  81  81  81  0  81  0  81  0  81  81  0  0  0  0  81  81  81  81  81  81  81  0  81  81  0  81  0  81  0  81  81  81  81  0  81  81  0  0  81  0  0  81  81  81  0  0  81  81  81  0  81  81  0  81  0  0  0  81  0  81  81  0  0  

0  81  0  81  81  0  81  81  81  0  81  0  81  0  0  81  81  81  81  0  0  81  0  0  0  0  81  0  81  81  0  0  0  81  81  0  0  0  81  81  81  81  81  81  81  0  0  81  81  0  81  81  0  81  81  0  0  81  0  81  81  81  0  0  81  81  0  0  81  81  0  0  81  81  0  81  81  81  81  0  

81  81  81  81  81  81  0  0  0  81  81  81  81  0  0  0  0  81  81  81  0  0  81  0  0  81  0  0  0  81  0  81  0  81  81  81  81  81  81  81  0  81  0  81  81  0  81  0  81  81  81  81  0  81  81  0  81  81  0  0  81  81  0  0  0  81  0  0  81  81  81  0  0  0  81  81  81  81  81  0  

0  81  81  81  0  0  81  0  81  81  81  81  81  81  81  81  81  0  81  81  81  81  0  81  81  81  81  0  81  0  81  0  0  0  81  81  81  0  81  0  81  81  81  0  81  0  81  0  81  0  81  81  81  0  0  0  81  81  81  0  0  0  81  81  81  81  81  0  81  81  81  81  0  81  81  81  0  81  0  81  

0  81  81  0  0  0  0  0  0  0  81  0  81  0  0  81  81  81  81  81  81  81  0  0  81  0  81  81  81  0  0  0  0  81  81  81  81  81  0  81  81  0  81  0  81  81  0  81  81  81  81  81  81  81  81  0  81  81  81  81  0  0  81  81  81  0  81  0  81  81  81  81  81  81  81  81  81  81  0  0  

81  0  81  81  0  81  0  0  0  0  0  0  0  0  0  0  0  0  81  81  81  81  0  81  0  81  81  81  81  0  0  81  81  81  81  81  81  81  0  81  81  81  81  0  81  81  0  81  0  0  81  0  81  0  81  0  81  81  0  81  81  0  81  81  81  81  81  81  81  81  81  81  81  0  81  81  0  0  0  81  

81  0  81  0  81  81  0  81  0  0  0  0  0  81  81  81  0  81  81  81  81  0  81  81  81  0  81  0  0  81  81  81  81  81  0  81  0  81  0  0  81  81  0  0  81  81  0  81  81  81  0  81  0  81  81  0  81  0  81  81  81  81  81  0  81  81  0  81  81  0  81  0  0  0  0  0  81  0  81  0  

81  81  0  81  81  81  0  81  81  81  0  81  81  81  81  0  81  81  81  81  0  0  81  0  81  0  81  0  81  0  0  81  81  0  0  0  81  0  81  81  81  0  81  81  0  81  81  81  81  81  0  81  81  81  0  81  0  81  81  0  0  0  81  81  81  0  81  81  81  81  81  81  81  81  0  0  81  81  81  81  

81  0  81  0  0  81  81  0  0  81  0  0  0  81  81  0  0  81  81  0  81  0  0  0  0  0  0  0  81  0  81  81  0  81  81  0  0  81  81  81  0  81  81  81  81  81  0  0  0  0  0  0  0  81  81  0  81  81  81  81  0  0  0  0  81  81  81  81  0  81  81  0  81  81  81  0  81  0  81  0  

0  81  81  81  81  81  81  81  81  0  81  81  81  81  81  0  0  81  0  81  81  0  81  0  81  81  81  0  81  0  81  0  0  0  81  81  0  81  0  81  81  81  81  81  0  81  0  81  81  0  81  81  81  81  81  0  81  81  81  81  81  81  81  81  81  81  81  0  81  81  0  0  0  81  0  0  81  81  81  0  

81  81  81  0  0  81  81  0  0  81  0  81  0  81  0  81  81  81  81  81  0  81  0  81  81  0  81  0  81  0  0  81  0  81  0  81  81  81  0  81  81  81  0  0  81  0  81  81  0  81  0  0  0  0  0  81  81  0  81  0  81  81  81  81  81  0  81  81  81  81  81  81  0  81  81  0  81  0  81  81  

81  0  81  0  0  0  81  81  81  0  0  0  0  0  81  0  81  0  0  81  81  81  0  81  81  0  0  0  81  0  81  81  81  81  0  81  0  81  0  81  0  81  0  0  81  81  81  81  81  81  81  81  0  81  81  0  0  81  0  81  0  81  81  81  81  81  81  81  0  81  81  0  81  81  0  81  81  81  81  0  

81  0  0  81  0  81  0  81  81  81  0  0  81  81  0  81  0  81  0  81  81  81  0  81  81  0  81  81  81  81  81  81  81  81  0  81  0  81  0  81  81  81  0  81  81  0  81  0  0  81  0  0  81  81  0  81  0  0  0  0  0  0  81  81  81  0  81  0  0  81  0  81  81  0  0  0  81  0  81  0  

0  81  81  0  0  81  81  0  0  0  81  81  81  81  0  0  0  81  81  81  0  81  0  0  81  0  81  81  81  0  81  81  0  81  0  81  81  81  81  0  81  81  0  81  81  0  0  0  81  81  0  81  0  81  81  0  81  81  81  0  81  0  0  81  81  0  81  81  0  0  81  81  81  81  0  81  0  0  0  0  

81  0  0  81  81  81  0  81  81  0  81  0  81  0  0  81  81  0  81  0  81  81  81  81  0  81  0  0  81  81  81  81  81  0  81  0  0  0  81  81  81  0  81  0  81  81  81  81  81  81  81  81  0  81  0  0  81  0  81  0  81  0  81  81  0  0  81  81  81  81  81  0  81  81  81  0  81  0  81  81  

0  0  0  0  81  81  81  81  81  0  0  0  0  0  81  0  81  81  0  81  81  0  81  81  81  0  0  81  81  81  81  81  0  0  81  81  0  81  0  81  0  81  0  81  0  81  0  81  81  0  0  81  81  0  0  81  81  0  81  81  0  81  81  81  81  0  0  81  0  81  0  0  0  81  81  81  0  81  0  81  

0  0  81  0  0  81  0  81  81  0  81  81  81  81  81  81  0  0  0  0  81  81  81  81  81  0  0  81  81  0  0  81  81  81  0  0  0  81  81  0  0  81  0  0  0  0  0  0  81  81  81  0  81  81  0  81  0  81  81  0  81  81  81  81  81  0  0  0  0  0  81  0  81  0  81  81  0  81  0  81  

81  81  81  0  0  81  81  0  81  0  81  0  81  81  81  0  81  81  0  81  81  81  81  0  81  81  81  0  0  81  81  81  81  81  0  81  81  0  0  81  81  0  81  0  81  0  0  81  81  81  0  0  81  81  0  81  81  81  81  81  81  81  0  81  0  81  81  81  81  81  81  81  0  81  0  0  81  0  81  81  

0  81  0  81  0  0  81  81  81  81  81  0  81  81  81  81  81  81  81  0  81  81  81  0  0  0  81  0  0  0  81  81  81  81  81  81  0  81  81  0  0  81  81  0  81  81  81  0  0  81  81  81  81  0  81  0  0  81  0  81  81  81  81  81  0  0  81  0  81  0  81  0  0  0  81  81  0  81  81  81  

81  0  0  81  81  81  81  81  81  81  81  0  0  81  0  81  81  81  81  81  81  0  0  81  0  81  81  81  81  81  81  0  0  81  81  0  0  0  0  81  81  0  0  81  81  81  0  0  0  0  0  81  0  81  0  0  81  81  81  0  81  81  0  0  0  81  81  81  81  81  81  81  0  81  0  0  81  81  81  81  

81  0  0  0  81  81  81  0  81  0  81  81  0  81  0  81  0  0  0  81  0  81  0  0  81  81  81  81  81  0  0  81  0  0  0  0  81  81  81  0  81  81  81  81  81  81  81  81  0  0  81  81  81  0  81  81  0  81  81  0  0  0  81  0  81  0  81  0  0  81  0  0  0  81  81  81  81  81  81  81  

UnPairedArc=
1 3 
1 5 
1 6 
1 7 
1 9 
1 12 
1 13 
1 14 
1 15 
1 16 
1 17 
1 18 
1 19 
1 21 
1 23 
1 24 
1 25 
1 28 
1 29 
1 30 
1 31 
1 37 
1 38 
1 39 
1 40 
1 42 
1 46 
1 48 
1 52 
1 53 
1 54 
1 55 
1 56 
1 58 
1 60 
1 62 
1 65 
1 66 
1 67 
1 68 
1 70 
1 71 
1 72 
1 74 
1 77 
1 79 
1 80 
2 4 
2 5 
2 8 
2 11 
2 13 
2 14 
2 16 
2 19 
2 20 
2 21 
2 22 
2 23 
2 24 
2 25 
2 27 
2 31 
2 33 
2 34 
2 35 
2 36 
2 42 
2 47 
2 48 
2 51 
2 52 
2 55 
2 56 
2 58 
2 59 
2 60 
2 61 
2 62 
2 63 
2 64 
2 67 
2 69 
2 70 
2 73 
2 77 
2 78 
3 4 
3 5 
3 6 
3 8 
3 10 
3 11 
3 12 
3 13 
3 14 
3 15 
3 17 
3 20 
3 21 
3 23 
3 26 
3 27 
3 29 
3 30 
3 31 
3 32 
3 33 
3 37 
3 40 
3 41 
3 42 
3 46 
3 47 
3 49 
3 51 
3 52 
3 53 
3 55 
3 56 
3 57 
3 62 
3 63 
3 64 
3 65 
3 66 
3 68 
3 69 
3 70 
3 71 
3 73 
3 76 
3 77 
4 11 
4 14 
4 22 
4 23 
4 24 
4 25 
4 26 
4 29 
4 30 
4 32 
4 33 
4 35 
4 36 
4 38 
4 40 
4 42 
4 43 
4 44 
4 52 
4 53 
4 55 
4 56 
4 57 
4 58 
4 60 
4 61 
4 62 
4 63 
4 65 
4 67 
4 69 
4 72 
4 74 
4 78 
4 79 
5 6 
5 7 
5 8 
5 9 
5 14 
5 16 
5 17 
5 20 
5 22 
5 23 
5 25 
5 26 
5 27 
5 28 
5 31 
5 32 
5 33 
5 35 
5 36 
5 39 
5 40 
5 41 
5 42 
5 43 
5 45 
5 47 
5 49 
5 51 
5 52 
5 54 
5 55 
5 56 
5 58 
5 60 
5 61 
5 62 
5 66 
5 67 
5 69 
5 74 
5 75 
5 79 
5 80 
6 9 
6 10 
6 11 
6 13 
6 15 
6 16 
6 17 
6 21 
6 22 
6 27 
6 28 
6 29 
6 30 
6 33 
6 34 
6 37 
6 39 
6 40 
6 44 
6 47 
6 48 
6 52 
6 53 
6 54 
6 55 
6 57 
6 58 
6 60 
6 62 
6 65 
6 66 
6 67 
6 68 
6 69 
6 70 
6 72 
6 73 
6 74 
6 75 
6 76 
6 77 
6 79 
6 80 
7 8 
7 10 
7 11 
7 14 
7 17 
7 18 
7 19 
7 20 
7 22 
7 24 
7 26 
7 30 
7 31 
7 36 
7 37 
7 40 
7 41 
7 42 
7 43 
7 44 
7 45 
7 48 
7 49 
7 52 
7 53 
7 54 
7 55 
7 61 
7 63 
7 68 
7 69 
7 70 
7 71 
7 73 
7 75 
7 77 
7 78 
7 79 
7 80 
8 9 
8 11 
8 12 
8 14 
8 15 
8 16 
8 17 
8 19 
8 20 
8 21 
8 23 
8 24 
8 25 
8 27 
8 28 
8 29 
8 30 
8 31 
8 34 
8 37 
8 39 
8 40 
8 41 
8 42 
8 45 
8 46 
8 47 
8 48 
8 49 
8 51 
8 55 
8 56 
8 57 
8 58 
8 59 
8 60 
8 61 
8 66 
8 67 
8 69 
8 71 
8 72 
8 74 
8 75 
8 76 
8 78 
8 79 
9 10 
9 11 
9 12 
9 13 
9 17 
9 18 
9 19 
9 20 
9 26 
9 27 
9 29 
9 32 
9 33 
9 36 
9 38 
9 41 
9 45 
9 46 
9 47 
9 48 
9 51 
9 53 
9 54 
9 55 
9 56 
9 57 
9 58 
9 59 
9 60 
9 61 
9 63 
9 67 
9 69 
9 71 
9 72 
9 74 
9 75 
9 76 
9 77 
9 78 
9 79 
9 80 
10 12 
10 18 
10 19 
10 22 
10 24 
10 26 
10 27 
10 28 
10 31 
10 32 
10 34 
10 36 
10 39 
10 41 
10 42 
10 46 
10 48 
10 50 
10 52 
10 53 
10 54 
10 56 
10 59 
10 62 
10 63 
10 67 
10 68 
10 70 
10 72 
10 78 
10 79 
11 13 
11 14 
11 19 
11 20 
11 22 
11 24 
11 25 
11 26 
11 30 
11 32 
11 34 
11 35 
11 37 
11 38 
11 39 
11 40 
11 42 
11 43 
11 47 
11 50 
11 54 
11 58 
11 59 
11 61 
11 62 
11 63 
11 64 
11 69 
11 73 
11 74 
11 76 
11 77 
11 78 
11 79 
11 80 
12 14 
12 16 
12 18 
12 19 
12 20 
12 22 
12 23 
12 25 
12 27 
12 28 
12 29 
12 31 
12 33 
12 34 
12 35 
12 38 
12 40 
12 41 
12 43 
12 45 
12 46 
12 47 
12 49 
12 50 
12 51 
12 52 
12 55 
12 56 
12 57 
12 59 
12 60 
12 62 
12 63 
12 67 
12 69 
12 70 
12 73 
12 76 
12 80 
13 15 
13 16 
13 17 
13 19 
13 21 
13 23 
13 25 
13 26 
13 29 
13 30 
13 31 
13 32 
13 35 
13 36 
13 38 
13 39 
13 41 
13 42 
13 43 
13 44 
13 45 
13 46 
13 47 
13 48 
13 49 
13 50 
13 51 
13 52 
13 53 
13 54 
13 56 
13 61 
13 62 
13 63 
13 64 
13 67 
13 69 
13 72 
13 73 
13 74 
13 76 
13 77 
13 78 
14 15 
14 17 
14 18 
14 19 
14 20 
14 23 
14 24 
14 26 
14 27 
14 28 
14 29 
14 31 
14 33 
14 34 
14 36 
14 38 
14 39 
14 41 
14 42 
14 44 
14 45 
14 46 
14 47 
14 49 
14 51 
14 53 
14 55 
14 56 
14 58 
14 60 
14 63 
14 66 
14 67 
14 68 
14 69 
14 70 
14 72 
14 73 
14 76 
14 77 
14 78 
14 79 
14 80 
15 20 
15 21 
15 22 
15 23 
15 25 
15 26 
15 27 
15 28 
15 30 
15 31 
15 32 
15 33 
15 34 
15 42 
15 44 
15 47 
15 48 
15 49 
15 51 
15 52 
15 53 
15 54 
15 58 
15 60 
15 63 
15 66 
15 67 
15 68 
15 69 
15 71 
15 75 
15 76 
15 77 
15 78 
16 19 
16 21 
16 23 
16 24 
16 26 
16 27 
16 28 
16 30 
16 33 
16 35 
16 36 
16 44 
16 46 
16 47 
16 49 
16 52 
16 54 
16 55 
16 56 
16 58 
16 59 
16 60 
16 61 
16 63 
16 64 
16 66 
16 70 
16 72 
16 74 
16 76 
16 78 
16 79 
16 80 
17 18 
17 19 
17 22 
17 23 
17 24 
17 25 
17 27 
17 28 
17 29 
17 30 
17 32 
17 33 
17 34 
17 36 
17 38 
17 39 
17 40 
17 41 
17 42 
17 43 
17 45 
17 49 
17 50 
17 51 
17 52 
17 53 
17 54 
17 55 
17 56 
17 57 
17 61 
17 63 
17 64 
17 67 
17 70 
17 71 
17 74 
17 75 
17 77 
17 78 
17 79 
18 19 
18 20 
18 22 
18 24 
18 27 
18 28 
18 29 
18 30 
18 33 
18 35 
18 41 
18 42 
18 43 
18 44 
18 46 
18 47 
18 52 
18 53 
18 54 
18 55 
18 57 
18 58 
18 60 
18 61 
18 62 
18 64 
18 66 
18 67 
18 68 
18 69 
18 70 
18 72 
18 73 
18 75 
18 77 
18 78 
18 79 
19 20 
19 22 
19 24 
19 25 
19 26 
19 27 
19 29 
19 31 
19 33 
19 34 
19 37 
19 38 
19 39 
19 40 
19 41 
19 45 
19 46 
19 49 
19 50 
19 52 
19 53 
19 54 
19 57 
19 58 
19 60 
19 61 
19 62 
19 63 
19 64 
19 65 
19 66 
19 67 
19 68 
19 70 
19 73 
19 74 
19 78 
19 79 
20 21 
20 24 
20 25 
20 26 
20 28 
20 29 
20 30 
20 32 
20 33 
20 34 
20 35 
20 37 
20 40 
20 42 
20 45 
20 47 
20 48 
20 50 
20 51 
20 52 
20 53 
20 56 
20 57 
20 58 
20 59 
20 60 
20 62 
20 63 
20 64 
20 65 
20 66 
20 67 
20 69 
20 70 
20 71 
20 72 
20 73 
20 75 
20 77 
20 79 
20 80 
21 22 
21 24 
21 25 
21 27 
21 28 
21 29 
21 30 
21 35 
21 36 
21 37 
21 38 
21 40 
21 41 
21 42 
21 44 
21 45 
21 46 
21 47 
21 48 
21 51 
21 52 
21 54 
21 59 
21 63 
21 64 
21 65 
21 66 
21 68 
21 69 
21 71 
21 72 
21 74 
21 75 
21 76 
21 77 
21 78 
21 79 
22 23 
22 25 
22 27 
22 28 
22 29 
22 31 
22 32 
22 33 
22 39 
22 44 
22 46 
22 47 
22 48 
22 50 
22 51 
22 54 
22 55 
22 56 
22 57 
22 58 
22 60 
22 61 
22 63 
22 64 
22 65 
22 70 
22 71 
22 72 
22 73 
22 74 
22 76 
22 77 
22 78 
22 80 
23 24 
23 30 
23 31 
23 33 
23 34 
23 35 
23 36 
23 37 
23 39 
23 43 
23 46 
23 47 
23 48 
23 49 
23 50 
23 51 
23 52 
23 53 
23 55 
23 56 
23 58 
23 62 
23 66 
23 67 
23 69 
23 74 
23 75 
23 76 
23 77 
23 78 
24 25 
24 28 
24 29 
24 30 
24 31 
24 32 
24 33 
24 35 
24 36 
24 37 
24 39 
24 40 
24 42 
24 43 
24 44 
24 45 
24 47 
24 51 
24 53 
24 54 
24 55 
24 56 
24 57 
24 58 
24 60 
24 63 
24 65 
24 66 
24 70 
24 71 
24 72 
24 74 
24 75 
24 76 
24 79 
25 26 
25 29 
25 31 
25 32 
25 34 
25 36 
25 42 
25 43 
25 46 
25 48 
25 49 
25 51 
25 53 
25 55 
25 56 
25 57 
25 58 
25 63 
25 64 
25 66 
25 67 
25 69 
25 70 
25 71 
25 72 
25 73 
25 75 
25 76 
25 77 
25 80 
26 27 
26 28 
26 29 
26 30 
26 31 
26 34 
26 35 
26 36 
26 37 
26 39 
26 41 
26 42 
26 44 
26 45 
26 46 
26 49 
26 51 
26 53 
26 54 
26 55 
26 56 
26 60 
26 62 
26 63 
26 65 
26 69 
26 74 
26 77 
26 79 
26 80 
27 28 
27 31 
27 33 
27 36 
27 37 
27 38 
27 39 
27 40 
27 43 
27 45 
27 46 
27 49 
27 51 
27 52 
27 54 
27 55 
27 57 
27 59 
27 60 
27 61 
27 63 
27 64 
27 65 
27 66 
27 67 
27 69 
27 70 
27 72 
27 73 
27 77 
27 78 
27 79 
27 80 
28 30 
28 35 
28 37 
28 38 
28 40 
28 43 
28 44 
28 45 
28 46 
28 47 
28 48 
28 49 
28 51 
28 52 
28 53 
28 54 
28 55 
28 56 
28 57 
28 59 
28 64 
28 65 
28 72 
28 73 
28 75 
28 76 
28 79 
28 80 
29 31 
29 34 
29 37 
29 38 
29 41 
29 43 
29 44 
29 46 
29 47 
29 50 
29 51 
29 52 
29 56 
29 57 
29 58 
29 61 
29 63 
29 64 
29 65 
29 67 
29 68 
29 69 
29 70 
29 71 
29 72 
29 73 
29 74 
29 75 
29 76 
29 79 
29 80 
30 32 
30 33 
30 35 
30 37 
30 38 
30 39 
30 40 
30 41 
30 43 
30 44 
30 47 
30 49 
30 51 
30 52 
30 53 
30 55 
30 56 
30 57 
30 58 
30 61 
30 62 
30 66 
30 72 
30 74 
30 75 
30 77 
30 79 
31 35 
31 36 
31 38 
31 39 
31 41 
31 42 
31 43 
31 45 
31 46 
31 49 
31 51 
31 54 
31 55 
31 56 
31 58 
31 59 
31 63 
31 66 
31 68 
31 69 
31 71 
31 72 
31 73 
31 74 
31 75 
31 77 
31 78 
31 79 
32 34 
32 35 
32 36 
32 37 
32 38 
32 39 
32 40 
32 41 
32 42 
32 46 
32 50 
32 51 
32 53 
32 57 
32 58 
32 60 
32 62 
32 65 
32 66 
32 67 
32 68 
32 70 
32 71 
32 72 
32 73 
32 74 
32 75 
32 76 
32 77 
32 78 
32 80 
33 35 
33 36 
33 37 
33 38 
33 42 
33 45 
33 47 
33 49 
33 51 
33 52 
33 53 
33 55 
33 56 
33 57 
33 58 
33 59 
33 60 
33 65 
33 66 
33 67 
33 71 
33 72 
33 74 
33 76 
33 77 
33 78 
34 35 
34 36 
34 37 
34 38 
34 40 
34 42 
34 44 
34 46 
34 47 
34 50 
34 51 
34 52 
34 53 
34 54 
34 55 
34 56 
34 57 
34 58 
34 59 
34 60 
34 61 
34 62 
34 64 
34 65 
34 66 
34 68 
34 70 
34 71 
34 72 
34 73 
34 76 
34 77 
34 78 
34 79 
35 37 
35 39 
35 44 
35 45 
35 47 
35 48 
35 49 
35 51 
35 52 
35 53 
35 54 
35 55 
35 56 
35 58 
35 59 
35 60 
35 61 
35 62 
35 63 
35 64 
35 65 
35 68 
35 69 
35 74 
35 75 
35 78 
35 79 
36 38 
36 39 
36 40 
36 41 
36 42 
36 44 
36 45 
36 46 
36 48 
36 52 
36 53 
36 54 
36 55 
36 57 
36 58 
36 59 
36 60 
36 62 
36 63 
36 64 
36 65 
36 66 
36 69 
36 70 
36 71 
36 72 
36 73 
36 75 
36 77 
36 78 
37 41 
37 45 
37 46 
37 47 
37 49 
37 50 
37 51 
37 54 
37 56 
37 57 
37 59 
37 60 
37 62 
37 63 
37 64 
37 65 
37 67 
37 70 
37 73 
37 77 
37 80 
38 40 
38 42 
38 43 
38 48 
38 50 
38 54 
38 56 
38 58 
38 59 
38 60 
38 62 
38 64 
38 65 
38 66 
38 68 
38 69 
38 70 
38 71 
38 72 
38 73 
38 75 
38 76 
38 78 
38 80 
39 40 
39 41 
39 42 
39 43 
39 45 
39 46 
39 48 
39 50 
39 51 
39 53 
39 54 
39 55 
39 56 
39 57 
39 59 
39 61 
39 62 
39 63 
39 67 
39 68 
39 73 
39 74 
39 76 
39 78 
39 80 
40 42 
40 46 
40 50 
40 51 
40 52 
40 54 
40 57 
40 60 
40 61 
40 62 
40 64 
40 65 
40 67 
40 68 
40 69 
40 70 
40 71 
40 72 
40 74 
40 75 
40 77 
40 79 
41 42 
41 43 
41 44 
41 46 
41 49 
41 50 
41 51 
41 53 
41 54 
41 55 
41 57 
41 58 
41 59 
41 60 
41 61 
41 63 
41 64 
41 65 
41 66 
41 67 
41 69 
41 70 
41 72 
41 73 
41 74 
41 77 
41 79 
41 80 
42 43 
42 44 
42 45 
42 46 
42 49 
42 51 
42 55 
42 56 
42 61 
42 62 
42 63 
42 65 
42 66 
42 68 
42 69 
42 70 
42 71 
42 72 
42 73 
42 75 
42 76 
42 78 
42 80 
43 44 
43 46 
43 47 
43 49 
43 50 
43 51 
43 52 
43 53 
43 54 
43 57 
43 59 
43 60 
43 61 
43 63 
43 64 
43 65 
43 67 
43 68 
43 69 
43 74 
43 77 
43 78 
43 80 
44 49 
44 51 
44 52 
44 53 
44 54 
44 55 
44 57 
44 59 
44 61 
44 62 
44 67 
44 68 
44 69 
44 72 
44 73 
44 75 
44 79 
44 80 
45 46 
45 47 
45 48 
45 50 
45 54 
45 55 
45 56 
45 57 
45 58 
45 60 
45 61 
45 62 
45 63 
45 64 
45 65 
45 66 
45 68 
45 70 
45 71 
45 72 
45 73 
45 74 
45 77 
45 78 
45 79 
45 80 
46 53 
46 55 
46 58 
46 64 
46 65 
46 66 
46 67 
46 68 
46 69 
46 71 
46 74 
46 75 
46 78 
46 79 
46 80 
47 49 
47 52 
47 53 
47 54 
47 57 
47 59 
47 60 
47 62 
47 63 
47 67 
47 70 
47 71 
47 72 
47 74 
47 78 
47 80 
48 49 
48 51 
48 52 
48 54 
48 56 
48 59 
48 60 
48 61 
48 64 
48 65 
48 66 
48 67 
48 69 
48 70 
48 71 
48 74 
48 75 
48 77 
48 80 
49 51 
49 52 
49 54 
49 55 
49 56 
49 60 
49 61 
49 62 
49 63 
49 64 
49 66 
49 67 
49 69 
49 71 
49 73 
49 74 
49 75 
49 76 
49 77 
50 51 
50 52 
50 53 
50 55 
50 58 
50 59 
50 60 
50 62 
50 64 
50 66 
50 67 
50 70 
50 71 
50 72 
50 73 
50 74 
50 76 
50 77 
50 78 
51 54 
51 55 
51 58 
51 59 
51 61 
51 62 
51 63 
51 64 
51 65 
51 69 
51 71 
51 74 
51 76 
51 78 
51 80 
52 53 
52 55 
52 56 
52 57 
52 58 
52 60 
52 61 
52 62 
52 63 
52 64 
52 66 
52 67 
52 69 
52 71 
52 73 
52 74 
52 75 
52 78 
52 79 
52 80 
53 55 
53 56 
53 57 
53 58 
53 60 
53 63 
53 64 
53 65 
53 67 
53 69 
53 72 
53 75 
53 76 
53 77 
53 78 
53 80 
54 55 
54 59 
54 61 
54 62 
54 64 
54 66 
54 67 
54 68 
54 69 
54 71 
54 72 
54 73 
54 74 
54 76 
54 77 
54 79 
55 56 
55 57 
55 58 
55 59 
55 61 
55 62 
55 64 
55 65 
55 66 
55 68 
55 69 
55 71 
55 73 
55 78 
55 80 
56 57 
56 59 
56 60 
56 67 
56 70 
56 72 
56 75 
56 76 
56 77 
56 80 
57 59 
57 62 
57 63 
57 64 
57 65 
57 66 
57 68 
57 69 
57 70 
57 73 
57 74 
57 75 
57 77 
57 79 
58 59 
58 61 
58 62 
58 63 
58 64 
58 65 
58 67 
58 68 
58 69 
58 71 
58 73 
58 76 
58 77 
58 78 
58 79 
58 80 
59 60 
59 63 
59 64 
59 66 
59 67 
59 68 
59 69 
59 70 
59 73 
59 74 
59 75 
59 76 
59 77 
59 79 
59 80 
60 61 
60 64 
60 65 
60 66 
60 68 
60 69 
60 71 
60 75 
60 77 
60 78 
61 62 
61 65 
61 66 
61 69 
61 70 
61 73 
61 74 
61 76 
61 77 
61 78 
61 79 
62 66 
62 69 
62 70 
62 71 
62 75 
62 76 
62 77 
62 78 
62 79 
63 64 
63 65 
63 66 
63 67 
63 69 
63 70 
63 71 
63 72 
63 74 
63 75 
63 76 
63 78 
63 80 
64 65 
64 67 
64 69 
64 70 
64 71 
64 72 
64 73 
64 74 
64 75 
64 76 
64 77 
64 78 
65 66 
65 67 
65 68 
65 69 
65 70 
65 71 
65 72 
65 73 
65 75 
65 76 
65 80 
66 68 
66 69 
66 71 
66 77 
66 79 
67 68 
67 69 
67 70 
67 71 
67 72 
67 73 
67 74 
67 77 
67 78 
67 79 
67 80 
68 70 
68 71 
68 73 
68 74 
68 75 
68 77 
68 79 
69 70 
69 74 
69 77 
69 78 
69 79 
70 71 
70 72 
70 74 
70 75 
70 77 
70 79 
70 80 
71 73 
71 74 
71 76 
71 77 
71 78 
71 79 
72 73 
72 77 
72 79 
73 74 
73 76 
74 75 
74 77 
74 79 
74 80 
75 76 
75 78 
75 80 
76 78 
76 80 
77 79 
77 80 
78 79 
78 80 
79 80 
