nNodes=80;
 nPairs=617;
Cost=

81  0  0  0  0  0  81  0  0  0  0  0  0  0  0  0  0  0  0  0  0  0  0  0  81  0  81  0  0  0  0  0  0  0  0  0  0  81  0  0  0  81  81  0  0  0  81  0  0  0  0  0  0  0  0  0  0  0  0  0  0  0  0  0  81  81  0  81  0  81  0  0  0  0  81  0  0  0  0  81  

0  81  0  0  0  0  81  0  0  0  0  0  81  81  0  0  81  0  81  0  0  81  81  0  0  81  0  81  0  81  0  0  0  0  0  0  0  0  81  81  81  0  0  0  0  0  0  0  0  0  81  0  81  0  0  81  0  81  0  0  0  0  0  0  0  81  81  0  81  81  0  0  0  81  0  0  0  0  0  0  

0  0  81  0  0  0  0  0  0  0  0  81  81  0  0  0  0  0  0  0  0  0  0  0  81  0  0  0  0  0  81  0  0  0  0  81  0  0  0  0  0  0  81  0  0  0  0  0  0  0  0  0  0  0  81  0  0  0  0  0  81  81  81  0  0  0  0  0  0  0  0  0  0  0  81  81  0  0  0  0  

0  0  0  81  81  0  81  0  0  0  81  0  0  0  0  0  0  0  81  81  0  0  0  0  0  0  0  0  0  0  0  0  0  0  81  0  0  0  0  0  0  0  0  0  0  0  0  0  0  0  0  81  0  81  0  0  0  0  0  0  0  0  81  81  0  81  0  0  0  0  0  0  81  0  81  0  0  0  0  0  

0  0  0  81  81  0  0  0  0  81  81  0  0  0  0  0  0  81  0  0  0  0  0  0  0  0  0  0  0  0  0  0  0  0  0  0  0  0  0  0  0  0  0  0  0  0  81  0  0  0  0  0  0  0  81  0  0  0  0  0  81  81  0  0  0  0  81  0  0  0  0  0  0  0  0  0  0  0  0  0  

0  0  0  0  0  81  0  81  0  0  0  0  0  0  0  0  0  0  0  0  0  81  81  0  0  0  0  81  0  0  0  0  0  81  0  81  0  81  0  0  0  0  0  0  0  81  0  0  0  0  0  0  0  0  0  81  0  0  81  0  0  0  81  0  81  0  81  0  0  0  0  0  0  0  0  0  0  0  0  81  

81  81  0  81  0  0  81  0  0  0  81  0  81  0  0  0  0  0  0  0  0  81  81  0  0  0  0  0  81  0  0  0  0  0  0  0  0  81  0  0  0  81  81  0  0  0  0  0  0  0  0  0  0  0  81  0  81  0  0  0  0  0  0  0  0  0  0  81  0  0  0  0  0  0  0  0  0  0  0  0  

0  0  0  0  0  81  0  81  81  0  81  0  0  81  81  0  0  0  0  0  0  0  0  0  0  0  81  0  0  81  0  0  0  0  0  0  0  81  81  0  0  0  0  81  0  0  0  81  0  0  0  0  81  0  0  0  0  0  0  0  0  0  0  0  0  0  0  0  0  0  0  0  0  0  0  81  0  0  0  81  

0  0  0  0  0  0  0  81  81  0  0  0  0  0  0  0  0  0  0  81  81  0  0  81  0  81  0  0  0  0  0  81  0  0  81  0  0  0  0  0  81  0  0  0  0  81  0  0  0  0  0  0  0  81  0  0  0  0  0  0  81  0  0  0  81  0  81  0  0  0  0  0  81  0  0  0  0  81  0  0  

0  0  0  0  81  0  0  0  0  81  0  0  81  0  0  81  0  0  0  0  0  0  0  0  0  81  0  81  0  0  0  0  0  0  0  0  81  81  0  0  0  0  0  81  81  0  0  81  0  81  0  0  0  0  0  0  0  0  0  0  0  0  0  0  81  0  0  0  0  0  81  0  81  0  81  0  0  0  81  81  

0  0  0  81  81  0  81  81  0  0  81  0  0  0  81  81  0  81  0  0  0  81  81  0  0  81  0  81  0  0  0  0  81  0  0  0  0  0  0  0  81  0  0  0  0  0  0  0  81  0  0  81  0  0  0  0  0  81  0  0  0  0  0  0  0  0  0  0  0  0  0  0  0  81  0  0  0  0  0  0  

0  0  81  0  0  0  0  0  0  0  0  81  81  0  0  0  81  0  0  0  0  0  0  0  0  0  81  0  0  0  0  0  0  0  0  0  0  0  0  81  0  0  0  0  81  0  0  0  0  81  81  0  81  0  81  0  0  0  0  0  0  0  81  81  0  0  0  0  0  0  0  81  0  0  0  0  0  81  0  81  

0  81  81  0  0  0  81  0  0  81  0  81  81  0  0  0  81  0  0  0  0  0  0  81  81  0  0  0  0  0  81  81  0  0  0  81  0  0  81  0  0  0  0  0  0  0  0  0  81  0  0  0  81  0  0  0  0  0  0  0  0  0  0  0  0  81  81  0  0  0  0  0  0  0  0  0  0  0  0  81  

0  81  0  0  0  0  0  81  0  0  0  0  0  81  81  81  0  0  0  0  0  0  0  0  0  81  0  0  0  0  0  0  0  81  81  81  0  0  0  0  81  81  0  0  0  0  0  0  0  81  81  81  0  0  81  0  0  0  0  0  0  0  0  0  0  0  0  0  81  0  81  0  0  0  0  0  0  0  0  0  

0  0  0  0  0  0  0  81  0  0  81  0  0  81  81  0  81  0  0  0  0  0  81  0  0  0  0  0  0  0  0  0  0  0  0  0  81  0  0  0  0  0  0  0  0  0  81  0  81  0  0  0  81  81  0  0  0  0  0  0  81  0  0  0  0  81  0  0  81  0  81  0  81  81  0  81  81  0  0  0  

0  0  0  0  0  0  0  0  0  81  81  0  0  81  0  81  0  0  0  0  0  0  0  0  0  0  0  0  0  0  0  0  0  0  0  0  0  81  0  0  0  81  81  0  0  0  0  81  0  0  0  0  81  0  0  0  0  81  0  81  0  0  0  0  0  0  0  0  0  0  0  0  0  0  0  81  0  0  0  81  

0  81  0  0  0  0  0  0  0  0  0  81  81  0  81  0  81  81  81  0  81  0  0  0  0  0  0  0  0  81  0  0  0  0  0  0  0  81  0  0  81  0  0  0  0  0  81  0  0  0  0  0  0  81  0  0  81  81  0  0  81  0  0  0  81  0  81  81  0  0  0  0  0  0  0  0  0  0  0  0  

0  0  0  0  81  0  0  0  0  0  81  0  0  0  0  0  81  81  0  0  0  81  81  0  0  0  0  0  0  0  0  0  0  0  0  0  0  0  0  81  0  81  0  0  81  0  81  0  0  81  81  0  0  0  0  0  0  0  81  0  0  0  0  0  0  0  0  0  0  81  0  0  81  0  81  0  81  0  0  0  

0  81  0  81  0  0  0  0  0  0  0  0  0  0  0  0  81  0  81  0  0  0  81  0  0  81  0  0  0  0  0  0  0  81  0  0  0  0  0  0  0  0  0  0  0  0  0  0  81  0  0  81  0  81  81  0  0  81  0  0  81  81  0  0  0  0  0  0  0  0  0  0  0  0  0  0  0  0  81  0  

0  0  0  81  0  0  0  0  81  0  0  0  0  0  0  0  0  0  0  81  0  81  0  0  0  0  0  0  0  0  0  81  81  0  0  0  0  0  0  0  0  0  0  81  0  81  0  0  0  81  0  0  0  0  0  0  81  0  0  0  81  0  0  0  0  0  0  0  81  0  0  0  0  0  0  0  0  81  0  0  

0  0  0  0  0  0  0  0  81  0  0  0  0  0  0  0  81  0  0  0  81  0  0  81  0  81  0  0  0  0  0  81  0  81  0  81  0  0  81  0  0  0  0  0  0  0  0  0  0  0  0  0  0  0  0  0  0  0  0  0  0  0  0  81  0  0  0  81  0  81  0  0  0  0  0  0  0  0  0  0  

0  81  0  0  0  81  81  0  0  0  81  0  0  0  0  0  0  81  0  81  0  81  0  81  0  0  81  0  0  0  0  81  81  0  0  0  0  0  0  0  0  0  81  0  0  0  0  0  0  0  0  0  81  81  0  81  0  0  0  0  81  81  0  0  0  0  0  0  81  81  81  0  81  0  0  81  0  0  0  0  

0  81  0  0  0  81  81  0  0  0  81  0  0  0  81  0  0  81  81  0  0  0  81  0  0  0  0  0  0  0  0  81  0  0  0  0  0  81  0  81  0  0  0  0  0  0  0  0  0  0  81  0  81  0  81  0  81  0  0  0  81  0  81  0  81  0  81  81  0  0  81  81  0  81  0  0  0  0  81  0  

0  0  0  0  0  0  0  0  81  0  0  0  81  0  0  0  0  0  0  0  81  81  0  81  81  0  0  0  0  0  0  0  81  0  81  0  0  0  0  81  0  0  0  0  0  0  0  0  0  0  0  0  0  0  0  0  0  0  0  0  0  0  0  0  0  0  0  0  0  0  0  0  0  81  0  0  81  0  81  81  

81  0  81  0  0  0  0  0  0  0  0  0  81  0  0  0  0  0  0  0  0  0  0  81  81  0  81  0  0  81  0  0  0  0  81  0  0  0  0  0  0  0  81  0  0  0  81  0  81  0  0  81  0  0  0  0  0  0  0  0  0  0  0  0  0  0  81  0  0  0  0  0  0  0  0  81  81  0  0  81  

0  81  0  0  0  0  0  0  81  81  81  0  0  81  0  0  0  0  81  0  81  0  0  0  0  81  0  0  0  0  0  0  81  0  0  0  81  0  0  0  0  0  0  81  0  0  81  0  0  0  0  0  0  0  0  0  0  0  0  0  0  0  0  0  0  0  81  0  0  0  0  0  0  0  0  0  0  0  0  0  

81  0  0  0  0  0  0  81  0  0  0  81  0  0  0  0  0  0  0  0  0  81  0  0  81  0  81  0  0  0  0  0  0  0  0  0  81  0  0  0  0  81  0  0  0  0  0  0  0  0  81  0  0  0  0  81  81  0  0  0  81  0  81  0  0  0  0  0  0  81  0  81  0  81  81  0  0  81  81  81  

0  81  0  0  0  81  0  0  0  81  81  0  0  0  0  0  0  0  0  0  0  0  0  0  0  0  0  81  0  81  0  81  0  0  0  0  0  0  0  0  0  0  0  0  0  0  0  81  0  0  0  0  0  0  0  81  0  0  0  81  0  0  0  0  0  0  0  0  0  0  81  0  0  0  0  81  81  0  0  0  

0  0  0  0  0  0  81  0  0  0  0  0  0  0  0  0  0  0  0  0  0  0  0  0  0  0  0  0  81  81  0  0  0  0  0  0  0  0  0  0  81  0  81  0  0  0  0  0  0  0  0  0  0  0  0  0  81  0  0  81  81  81  81  81  0  0  0  0  0  0  0  81  0  0  0  0  0  81  0  81  

0  81  0  0  0  0  0  81  0  0  0  0  0  0  0  0  81  0  0  0  0  0  0  0  81  0  0  81  81  81  0  0  0  0  0  81  0  0  0  0  0  0  0  0  0  0  0  0  0  0  0  0  0  0  0  0  0  0  0  0  0  0  0  0  0  81  0  81  0  0  0  0  0  0  0  81  0  0  0  0  

0  0  81  0  0  0  0  0  0  0  0  0  81  0  0  0  0  0  0  0  0  0  0  0  0  0  0  0  0  0  81  0  0  0  0  0  0  0  0  0  0  0  81  0  81  0  0  81  0  0  0  0  0  0  81  0  81  0  0  0  0  0  0  81  0  0  81  0  0  0  0  0  0  81  0  81  0  0  0  0  

0  0  0  0  0  0  0  0  81  0  0  0  81  0  0  0  0  0  0  81  81  81  81  0  0  0  0  81  0  0  0  81  0  81  81  0  0  0  81  0  0  0  0  0  0  0  0  81  0  0  0  0  0  0  0  0  0  0  0  81  0  81  0  0  0  0  0  0  0  81  81  0  0  0  0  0  0  0  0  0  

0  0  0  0  0  0  0  0  0  0  81  0  0  0  0  0  0  0  0  81  0  81  0  81  0  81  0  0  0  0  0  0  81  0  0  81  0  0  0  81  0  0  0  0  0  0  0  0  0  0  0  0  0  81  0  0  0  0  0  0  81  0  0  0  0  0  0  0  0  0  0  0  0  0  0  0  0  0  0  81  

0  0  0  0  0  81  0  0  0  0  0  0  0  81  0  0  0  0  81  0  81  0  0  0  0  0  0  0  0  0  0  81  0  81  0  81  81  0  81  81  0  0  0  0  0  0  0  81  0  0  0  0  81  0  0  81  0  0  0  0  0  0  0  0  0  81  0  0  0  81  0  0  0  0  81  0  0  0  0  0  

0  0  0  81  0  0  0  0  81  0  0  0  0  81  0  0  0  0  0  0  0  0  0  81  81  0  0  0  0  0  0  81  0  0  81  81  81  0  0  81  0  0  0  0  0  0  0  0  81  0  0  0  0  0  0  81  0  0  0  81  0  0  0  81  0  0  0  81  0  0  0  81  0  0  0  0  0  0  81  81  

0  0  81  0  0  81  0  0  0  0  0  0  81  81  0  0  0  0  0  0  81  0  0  0  0  0  0  0  0  81  0  0  81  81  81  81  0  0  0  0  0  0  81  81  0  0  0  0  81  0  81  0  81  0  81  81  0  0  0  0  81  0  81  0  0  0  0  81  0  0  0  0  0  81  0  0  0  0  0  0  

0  0  0  0  0  0  0  0  0  81  0  0  0  0  81  0  0  0  0  0  0  0  0  0  0  81  81  0  0  0  0  0  0  81  81  0  81  0  0  0  81  81  0  0  0  0  81  0  0  81  0  81  0  0  0  0  0  0  0  0  0  0  0  81  0  0  0  0  81  0  81  0  0  81  0  0  0  0  0  0  

81  0  0  0  0  81  81  81  0  81  0  0  0  0  0  81  81  0  0  0  0  0  81  0  0  0  0  0  0  0  0  0  0  0  0  0  0  81  0  0  81  0  0  81  0  0  0  0  0  0  0  81  0  0  0  0  0  0  0  0  0  81  81  81  0  0  0  0  0  0  0  0  0  0  0  81  0  0  0  0  

0  81  0  0  0  0  0  81  0  0  0  0  81  0  0  0  0  0  0  0  81  0  0  0  0  0  0  0  0  0  0  81  0  81  0  0  0  0  81  0  0  0  0  81  0  0  0  81  0  0  0  81  0  0  0  0  0  0  0  81  0  0  0  0  0  0  0  81  0  0  81  0  0  81  0  0  0  0  0  0  

0  81  0  0  0  0  0  0  0  0  0  81  0  0  0  0  0  81  0  0  0  0  81  81  0  0  0  0  0  0  0  0  81  81  81  0  0  0  0  81  0  0  0  0  81  0  0  0  0  0  0  0  0  0  0  0  81  0  81  81  0  0  0  0  0  81  0  0  0  81  0  0  0  0  0  0  81  81  0  0  

0  81  0  0  0  0  0  0  81  0  81  0  0  81  0  0  81  0  0  0  0  0  0  0  0  0  0  0  81  0  0  0  0  0  0  0  81  81  0  0  81  0  0  0  0  0  0  0  0  0  81  81  81  0  0  0  81  0  0  0  81  81  81  0  0  0  81  0  0  0  81  0  81  81  0  81  0  0  81  0  

81  0  0  0  0  0  81  0  0  0  0  0  0  81  0  81  0  81  0  0  0  0  0  0  0  0  81  0  0  0  0  0  0  0  0  0  81  0  0  0  0  81  0  0  0  0  0  0  0  0  81  0  0  81  0  0  0  0  0  0  0  81  0  0  0  0  0  0  0  0  0  81  0  0  0  81  81  0  81  81  

81  0  81  0  0  0  81  0  0  0  0  0  0  0  0  81  0  0  0  0  0  81  0  0  81  0  0  0  81  0  81  0  0  0  0  81  0  0  0  0  0  0  81  0  0  0  0  0  81  0  0  0  0  81  0  0  0  0  81  81  81  0  0  0  0  81  0  81  0  0  0  0  0  0  0  0  0  0  0  0  

0  0  0  0  0  0  0  81  0  81  0  0  0  0  0  0  0  0  0  81  0  0  0  0  0  81  0  0  0  0  0  0  0  0  0  81  0  81  81  0  0  0  0  81  0  0  0  0  0  0  81  0  0  0  81  0  0  0  0  0  0  0  0  0  0  0  0  0  0  0  81  0  0  0  0  0  0  0  0  0  

0  0  0  0  0  0  0  0  0  81  0  81  0  0  0  0  0  81  0  0  0  0  0  0  0  0  0  0  0  0  81  0  0  0  0  0  0  0  0  81  0  0  0  0  81  81  0  0  0  0  81  0  0  81  0  0  0  81  0  0  81  0  0  81  81  0  81  81  81  0  0  0  81  0  0  81  0  81  0  0  

0  0  0  0  0  81  0  0  81  0  0  0  0  0  0  0  0  0  0  81  0  0  0  0  0  0  0  0  0  0  0  0  0  0  0  0  0  0  0  0  0  0  0  0  81  81  81  0  0  0  0  0  81  0  0  0  0  0  81  81  0  81  0  0  0  0  81  0  0  0  0  0  0  0  81  0  0  0  0  0  

81  0  0  0  81  0  0  0  0  0  0  0  0  0  81  0  81  81  0  0  0  0  0  0  81  81  0  0  0  0  0  0  0  0  0  0  81  0  0  0  0  0  0  0  0  81  81  81  81  81  0  0  0  81  0  0  0  0  0  0  0  0  0  0  0  0  0  81  0  0  0  0  0  0  0  0  0  0  81  0  

0  0  0  0  0  0  0  81  0  81  0  0  0  0  0  81  0  0  0  0  0  0  0  0  0  0  0  81  0  0  81  81  0  81  0  0  0  0  81  0  0  0  0  0  0  0  81  81  0  81  0  81  0  0  0  0  0  81  0  0  81  0  0  0  0  0  0  0  0  0  0  0  81  0  81  0  0  0  0  0  

0  0  0  0  0  0  0  0  0  0  81  0  81  0  81  0  0  0  81  0  0  0  0  0  81  0  0  0  0  0  0  0  0  0  81  81  0  0  0  0  0  0  81  0  0  0  81  0  81  0  0  0  0  0  0  0  0  0  0  0  0  0  0  0  0  81  0  0  0  0  0  0  0  0  0  0  0  0  0  0  

0  0  0  0  0  0  0  0  0  81  0  81  0  81  0  0  0  81  0  81  0  0  0  0  0  0  0  0  0  0  0  0  0  0  0  0  81  0  0  0  0  0  0  0  0  0  81  81  0  81  0  0  81  0  0  0  0  81  0  0  0  0  0  0  81  81  0  81  0  0  0  0  0  0  0  0  81  81  81  0  

0  81  0  0  0  0  0  0  0  0  0  81  0  81  0  0  0  81  0  0  0  0  81  0  0  0  81  0  0  0  0  0  0  0  0  81  0  0  0  0  81  81  0  81  81  0  0  0  0  0  81  81  0  81  0  0  81  0  0  0  81  0  0  0  0  0  0  0  0  81  81  0  0  0  81  0  0  81  0  0  

0  0  0  81  0  0  0  0  0  0  81  0  0  81  0  0  0  0  81  0  0  0  0  0  81  0  0  0  0  0  0  0  0  0  0  0  81  81  81  0  81  0  0  0  0  0  0  81  0  0  81  81  0  0  0  0  0  0  81  0  0  81  0  0  0  0  0  0  0  81  0  81  0  0  0  0  0  0  0  0  

0  81  0  0  0  0  0  81  0  0  0  81  81  0  81  81  0  0  0  0  0  81  81  0  0  0  0  0  0  0  0  0  0  81  0  81  0  0  0  0  81  0  0  0  0  81  0  0  0  81  0  0  81  81  0  81  0  0  0  0  0  81  81  0  0  0  0  0  0  0  0  0  81  0  81  0  0  0  0  0  

0  0  0  81  0  0  0  0  81  0  0  0  0  0  81  0  81  0  81  0  0  81  0  0  0  0  0  0  0  0  0  0  81  0  0  0  0  0  0  0  0  81  81  0  81  0  81  0  0  0  81  0  81  81  0  81  0  0  0  0  0  81  0  0  81  0  0  0  0  0  0  0  0  81  0  81  0  0  0  0  

0  0  81  0  81  0  81  0  0  0  0  81  0  81  0  0  0  0  81  0  0  0  81  0  0  0  0  0  0  0  81  0  0  0  0  81  0  0  0  0  0  0  0  81  0  0  0  0  0  0  0  0  0  0  81  0  0  0  0  0  0  0  81  0  0  0  81  81  81  0  81  0  0  0  81  81  0  0  0  0  

0  81  0  0  0  81  0  0  0  0  0  0  0  0  0  0  0  0  0  0  0  81  0  0  0  0  81  81  0  0  0  0  0  81  81  81  0  0  0  0  0  0  0  0  0  0  0  0  0  0  0  0  81  81  0  81  81  0  0  0  81  0  0  0  0  0  0  0  0  0  0  0  0  0  81  0  81  0  0  0  

0  0  0  0  0  0  81  0  0  0  0  0  0  0  0  0  81  0  0  81  0  0  81  0  0  0  81  0  81  0  81  0  0  0  0  0  0  0  0  81  81  0  0  0  0  0  0  0  0  0  81  0  0  0  0  81  81  81  81  0  0  0  0  81  81  0  0  0  0  81  0  0  0  0  0  0  0  0  0  81  

0  81  0  0  0  0  0  0  0  0  81  0  0  0  0  81  81  0  81  0  0  0  0  0  0  0  0  0  0  0  0  0  0  0  0  0  0  0  0  0  0  0  0  0  81  0  0  81  0  81  0  0  0  0  0  0  81  81  0  0  81  0  0  81  81  0  0  0  81  0  0  81  0  0  0  0  0  81  81  81  

0  0  0  0  0  81  0  0  0  0  0  0  0  0  0  0  0  81  0  0  0  0  0  0  0  0  0  0  0  0  0  0  0  0  0  0  0  0  0  81  0  0  81  0  0  81  0  0  0  0  0  81  0  0  0  0  81  0  81  81  0  0  0  81  81  0  0  0  0  81  0  81  0  0  0  0  0  0  0  81  

0  0  0  0  0  0  0  0  0  0  0  0  0  0  0  81  0  0  0  0  0  0  0  0  0  0  0  81  81  0  0  81  0  0  81  0  0  0  81  81  0  0  81  0  0  81  0  0  0  0  0  0  0  0  0  0  0  0  81  81  0  0  0  0  0  0  0  0  0  81  0  0  0  0  0  0  0  0  81  0  

0  0  81  0  81  0  0  0  81  0  0  0  0  0  81  0  81  0  81  81  0  81  81  0  0  0  81  0  81  0  0  0  81  0  0  81  0  0  0  0  81  0  81  0  81  0  0  81  0  0  81  0  0  0  0  81  0  81  0  0  81  81  0  0  81  0  0  0  81  0  0  0  0  0  0  0  0  81  0  0  

0  0  81  0  81  0  0  0  0  0  0  0  0  0  0  0  0  0  81  0  0  81  0  0  0  0  0  0  81  0  0  81  0  0  0  0  0  81  0  0  81  81  0  0  0  81  0  0  0  0  0  81  81  81  0  0  0  0  0  0  81  81  0  0  81  0  0  0  0  0  0  0  0  0  0  81  0  0  0  81  

0  0  81  81  0  81  0  0  0  0  0  81  0  0  0  0  0  0  0  0  0  0  81  0  0  0  81  0  81  0  0  0  0  0  0  81  0  81  0  0  81  0  0  0  0  0  0  0  0  0  0  0  81  0  81  0  0  0  0  0  0  0  81  0  0  81  81  0  0  0  0  0  0  81  0  0  0  0  0  0  

0  0  0  81  0  0  0  0  0  0  0  81  0  0  0  0  0  0  0  0  81  0  0  0  0  0  0  0  81  0  81  0  0  0  81  0  81  81  0  0  0  0  0  0  81  0  0  0  0  0  0  0  0  0  0  0  81  81  81  0  0  0  0  81  0  0  0  0  0  81  0  81  0  0  0  0  0  0  0  81  

81  0  0  0  0  81  0  0  81  81  0  0  0  0  0  0  81  0  0  0  0  0  81  0  0  0  0  0  0  0  0  0  0  0  0  0  0  0  0  0  0  0  0  0  81  0  0  0  0  81  0  0  0  81  0  0  81  81  81  0  81  81  0  0  81  0  0  0  0  0  0  0  0  0  0  0  81  0  0  81  

81  81  0  81  0  0  0  0  0  0  0  0  81  0  81  0  0  0  0  0  0  0  0  0  0  0  0  0  0  81  0  0  0  81  0  0  0  0  0  81  0  0  81  0  0  0  0  0  81  81  0  0  0  0  0  0  0  0  0  0  0  0  81  0  0  81  0  0  81  0  0  0  0  0  81  0  0  0  81  81  

0  81  0  0  81  81  0  0  81  0  0  0  81  0  0  0  81  0  0  0  0  0  81  0  81  81  0  0  0  0  81  0  0  0  0  0  0  0  0  0  81  0  0  0  81  81  0  0  0  0  0  0  0  0  81  0  0  0  0  0  0  0  81  0  0  0  81  0  0  0  0  0  0  81  0  0  0  81  0  0  

81  0  0  0  0  0  81  0  0  0  0  0  0  0  0  0  81  0  0  0  81  0  81  0  0  0  0  0  0  81  0  0  0  0  81  81  0  0  81  0  0  0  81  0  81  0  81  0  0  81  0  0  0  0  81  0  0  0  0  0  0  0  0  0  0  0  0  81  0  0  0  0  0  0  0  0  81  0  0  0  

0  81  0  0  0  0  0  0  0  0  0  0  0  81  81  0  0  0  0  81  0  81  0  0  0  0  0  0  0  0  0  0  0  0  0  0  81  0  0  0  0  0  0  0  81  0  0  0  0  0  0  0  0  0  81  0  0  81  0  0  81  0  0  0  0  81  0  0  81  0  0  0  0  81  81  81  81  0  0  0  

81  81  0  0  0  0  0  0  0  0  0  0  0  0  0  0  0  81  0  0  81  81  0  0  0  0  81  0  0  0  0  81  0  81  0  0  0  0  0  81  0  0  0  0  0  0  0  0  0  0  81  81  0  0  0  0  81  0  81  81  0  0  0  81  0  0  0  0  0  81  0  0  81  0  81  0  0  0  0  0  

0  0  0  0  0  0  0  0  0  81  0  0  0  81  81  0  0  0  0  0  0  81  81  0  0  0  0  81  0  0  0  81  0  0  0  0  81  0  81  0  81  0  0  81  0  0  0  0  0  0  81  0  0  0  81  0  0  0  0  0  0  0  0  0  0  0  0  0  0  0  81  0  0  0  0  0  0  0  0  0  

0  0  0  0  0  0  0  0  0  0  0  81  0  0  0  0  0  0  0  0  0  0  81  0  0  0  81  0  81  0  0  0  0  0  81  0  0  0  0  0  0  81  0  0  0  0  0  0  0  0  0  81  0  0  0  0  0  81  81  0  0  0  0  81  0  0  0  0  0  0  0  81  81  81  0  0  0  81  0  81  

0  0  0  81  0  0  0  0  81  81  0  0  0  0  81  0  0  81  0  0  0  81  0  0  0  0  0  0  0  0  0  0  0  0  0  0  0  0  0  0  81  0  0  0  81  0  0  81  0  0  0  0  81  0  0  0  0  0  0  0  0  0  0  0  0  0  0  0  0  81  0  81  81  81  0  81  0  0  81  0  

0  81  0  0  0  0  0  0  0  0  81  0  0  0  81  0  0  0  0  0  0  0  81  81  0  0  81  0  0  0  81  0  0  0  0  81  81  0  81  0  81  0  0  0  0  0  0  0  0  0  0  0  0  81  0  0  0  0  0  0  0  0  81  0  0  0  81  0  81  0  0  81  81  81  0  0  0  0  0  0  

81  0  81  81  0  0  0  0  0  81  0  0  0  0  0  0  0  81  0  0  0  0  0  0  0  0  81  0  0  0  0  0  0  81  0  0  0  0  0  0  0  0  0  0  0  81  0  81  0  0  81  0  81  0  81  81  0  0  0  0  0  0  0  0  0  81  0  0  81  81  0  0  0  0  81  0  0  0  0  81  

0  0  81  0  0  0  0  81  0  0  0  0  0  0  81  81  0  0  0  0  0  81  0  0  81  0  0  81  0  81  81  0  0  0  0  0  0  81  0  0  81  81  0  0  81  0  0  0  0  0  0  0  0  81  81  0  0  0  0  0  0  81  0  0  0  0  0  0  81  0  0  0  81  0  0  81  0  0  81  0  

0  0  0  0  0  0  0  0  0  0  0  0  0  0  81  0  0  81  0  0  0  0  0  81  81  0  0  81  0  0  0  0  0  0  0  0  0  0  0  81  0  81  0  0  0  0  0  0  0  81  0  0  0  0  0  81  0  0  0  0  0  0  0  0  81  0  0  81  81  0  0  0  0  0  0  0  81  0  81  81  

0  0  0  0  0  0  0  0  81  0  0  81  0  0  0  0  0  0  0  81  0  0  0  0  0  0  81  0  81  0  0  0  0  0  0  0  0  0  0  81  0  0  0  0  81  0  0  0  0  81  81  0  0  0  0  0  0  81  0  0  81  0  0  0  0  0  81  0  0  0  0  81  0  0  0  0  0  81  81  81  

0  0  0  0  0  0  0  0  0  81  0  0  0  0  0  0  0  0  81  0  0  0  81  81  0  0  81  0  0  0  0  0  0  0  81  0  0  0  0  0  81  81  0  0  0  0  81  0  0  81  0  0  0  0  0  0  0  81  0  81  0  0  0  0  0  81  0  0  0  0  0  0  81  0  0  81  81  81  81  0  

81  0  0  0  0  81  0  81  0  81  0  81  81  0  0  81  0  0  0  0  0  0  0  81  81  0  81  0  81  0  0  0  81  0  81  0  0  0  0  0  0  81  0  0  0  0  0  0  0  0  0  0  0  0  0  0  81  81  81  0  0  81  0  81  81  81  0  0  0  0  0  81  0  0  81  0  81  81  0  81  

UnPairedArc=
1 7 
1 25 
1 27 
1 38 
1 42 
1 43 
1 47 
1 65 
1 66 
1 68 
1 70 
1 75 
1 80 
2 7 
2 13 
2 14 
2 17 
2 19 
2 22 
2 23 
2 26 
2 28 
2 30 
2 39 
2 40 
2 41 
2 51 
2 53 
2 56 
2 58 
2 66 
2 67 
2 69 
2 70 
2 74 
3 12 
3 13 
3 25 
3 31 
3 36 
3 43 
3 55 
3 61 
3 62 
3 63 
3 75 
3 76 
4 5 
4 7 
4 11 
4 19 
4 20 
4 35 
4 52 
4 54 
4 63 
4 64 
4 66 
4 73 
4 75 
5 10 
5 11 
5 18 
5 47 
5 55 
5 61 
5 62 
5 67 
6 8 
6 22 
6 23 
6 28 
6 34 
6 36 
6 38 
6 46 
6 56 
6 59 
6 63 
6 65 
6 67 
6 80 
7 11 
7 13 
7 22 
7 23 
7 29 
7 38 
7 42 
7 43 
7 55 
7 57 
7 68 
8 9 
8 11 
8 14 
8 15 
8 27 
8 30 
8 38 
8 39 
8 44 
8 48 
8 53 
8 76 
8 80 
9 20 
9 21 
9 24 
9 26 
9 32 
9 35 
9 41 
9 46 
9 54 
9 61 
9 65 
9 67 
9 73 
9 78 
10 13 
10 16 
10 26 
10 28 
10 37 
10 38 
10 44 
10 45 
10 48 
10 50 
10 65 
10 71 
10 73 
10 75 
10 79 
10 80 
11 15 
11 16 
11 18 
11 22 
11 23 
11 26 
11 28 
11 33 
11 41 
11 49 
11 52 
11 58 
11 74 
12 13 
12 17 
12 27 
12 40 
12 45 
12 50 
12 51 
12 53 
12 55 
12 63 
12 64 
12 72 
12 78 
12 80 
13 17 
13 24 
13 25 
13 31 
13 32 
13 36 
13 39 
13 49 
13 53 
13 66 
13 67 
13 80 
14 15 
14 16 
14 26 
14 34 
14 35 
14 36 
14 41 
14 42 
14 50 
14 51 
14 52 
14 55 
14 69 
14 71 
15 17 
15 23 
15 37 
15 47 
15 49 
15 53 
15 54 
15 61 
15 66 
15 69 
15 71 
15 73 
15 74 
15 76 
15 77 
16 38 
16 42 
16 43 
16 48 
16 53 
16 58 
16 60 
16 76 
16 80 
17 18 
17 19 
17 21 
17 30 
17 38 
17 41 
17 47 
17 54 
17 57 
17 58 
17 61 
17 65 
17 67 
17 68 
18 22 
18 23 
18 40 
18 42 
18 45 
18 47 
18 50 
18 51 
18 59 
18 70 
18 73 
18 75 
18 77 
19 23 
19 26 
19 34 
19 49 
19 52 
19 54 
19 55 
19 58 
19 61 
19 62 
19 79 
20 22 
20 32 
20 33 
20 44 
20 46 
20 50 
20 57 
20 61 
20 69 
20 78 
21 24 
21 26 
21 32 
21 34 
21 36 
21 39 
21 64 
21 68 
21 70 
22 24 
22 27 
22 32 
22 33 
22 43 
22 53 
22 54 
22 56 
22 61 
22 62 
22 69 
22 70 
22 71 
22 73 
22 76 
23 32 
23 38 
23 40 
23 51 
23 53 
23 55 
23 57 
23 61 
23 63 
23 65 
23 67 
23 68 
23 71 
23 72 
23 74 
23 79 
24 25 
24 33 
24 35 
24 40 
24 74 
24 77 
24 79 
24 80 
25 27 
25 30 
25 35 
25 43 
25 47 
25 49 
25 52 
25 67 
25 76 
25 77 
25 80 
26 33 
26 37 
26 44 
26 47 
26 67 
27 37 
27 42 
27 51 
27 56 
27 57 
27 61 
27 63 
27 70 
27 72 
27 74 
27 75 
27 78 
27 79 
27 80 
28 30 
28 32 
28 48 
28 56 
28 60 
28 71 
28 76 
28 77 
29 30 
29 41 
29 43 
29 57 
29 60 
29 61 
29 62 
29 63 
29 64 
29 72 
29 78 
29 80 
30 36 
30 66 
30 68 
30 76 
31 43 
31 45 
31 48 
31 55 
31 57 
31 64 
31 67 
31 74 
31 76 
32 34 
32 35 
32 39 
32 48 
32 60 
32 62 
32 70 
32 71 
33 36 
33 40 
33 54 
33 61 
33 80 
34 36 
34 37 
34 39 
34 40 
34 48 
34 53 
34 56 
34 66 
34 70 
34 75 
35 36 
35 37 
35 40 
35 49 
35 56 
35 60 
35 64 
35 68 
35 72 
35 79 
35 80 
36 43 
36 44 
36 49 
36 51 
36 53 
36 55 
36 56 
36 61 
36 63 
36 68 
36 74 
37 41 
37 42 
37 47 
37 50 
37 52 
37 64 
37 69 
37 71 
37 74 
38 41 
38 44 
38 52 
38 62 
38 63 
38 64 
38 76 
39 44 
39 48 
39 52 
39 60 
39 68 
39 71 
39 74 
40 45 
40 57 
40 59 
40 60 
40 66 
40 70 
40 77 
40 78 
41 51 
41 52 
41 53 
41 57 
41 61 
41 62 
41 63 
41 67 
41 71 
41 73 
41 74 
41 76 
41 79 
42 51 
42 54 
42 62 
42 72 
42 76 
42 77 
42 79 
42 80 
43 49 
43 54 
43 59 
43 60 
43 61 
43 66 
43 68 
44 51 
44 55 
44 71 
45 46 
45 51 
45 54 
45 58 
45 61 
45 64 
45 65 
45 67 
45 68 
45 69 
45 73 
45 76 
45 78 
46 47 
46 53 
46 59 
46 60 
46 62 
46 67 
46 75 
47 48 
47 49 
47 50 
47 54 
47 68 
47 79 
48 50 
48 52 
48 58 
48 61 
48 73 
48 75 
49 66 
50 53 
50 58 
50 65 
50 66 
50 68 
50 77 
50 78 
50 79 
51 52 
51 54 
51 57 
51 61 
51 70 
51 71 
51 75 
51 78 
52 59 
52 62 
52 70 
52 72 
53 54 
53 56 
53 62 
53 63 
53 73 
53 75 
54 56 
54 62 
54 65 
54 74 
54 76 
55 63 
55 67 
55 68 
55 69 
55 71 
55 75 
55 76 
56 57 
56 61 
56 75 
56 77 
57 58 
57 59 
57 64 
57 65 
57 70 
57 80 
58 61 
58 64 
58 65 
58 69 
58 72 
58 78 
58 79 
58 80 
59 60 
59 64 
59 65 
59 70 
59 72 
59 80 
60 70 
60 79 
61 62 
61 65 
61 69 
61 78 
62 65 
62 76 
62 80 
63 66 
63 67 
63 74 
64 70 
64 72 
64 80 
65 77 
65 80 
66 69 
66 75 
66 79 
66 80 
67 74 
67 78 
68 77 
69 74 
69 75 
69 76 
69 77 
70 73 
70 75 
72 73 
72 74 
72 78 
72 80 
73 74 
73 76 
73 79 
75 80 
76 79 
77 79 
77 80 
78 79 
78 80 
