nNodes=80;
 nPairs=2157;
Cost=

81  81  0  81  0  81  0  81  81  81  0  81  0  81  0  0  81  81  81  81  81  81  81  81  81  0  81  0  0  0  0  81  81  81  81  81  81  81  81  81  81  81  81  81  81  81  81  81  81  0  0  0  0  81  0  81  81  0  81  0  0  81  81  81  81  81  81  81  0  0  81  0  0  81  0  81  81  81  81  81  

81  81  81  81  81  81  81  81  0  81  81  81  81  81  0  0  81  81  81  0  81  0  0  0  81  81  81  81  0  81  81  81  81  81  81  81  81  81  81  0  81  81  81  81  81  0  0  81  81  0  0  81  81  81  81  0  0  81  81  0  0  81  81  81  81  81  0  81  81  81  0  0  81  81  0  81  0  81  81  81  

0  81  81  81  81  0  81  81  0  0  0  81  81  81  81  0  0  0  0  0  81  0  81  81  81  81  0  81  81  81  81  0  81  81  81  81  81  81  81  81  81  0  0  0  81  81  81  0  81  0  81  81  0  81  81  0  81  81  81  81  81  81  0  0  0  81  81  81  81  81  0  81  81  81  81  81  81  81  0  0  

81  81  81  81  81  0  0  81  0  81  81  81  81  81  81  0  81  81  0  81  0  81  81  81  81  81  0  81  81  81  81  81  81  81  81  81  81  81  0  81  81  0  0  0  81  81  0  0  81  81  81  81  81  0  81  81  0  81  81  81  0  0  81  81  0  81  81  81  0  0  81  0  81  81  81  81  81  81  0  81  

0  81  81  81  81  0  0  81  0  81  0  81  81  0  81  0  81  81  81  81  81  0  81  0  81  81  81  81  81  0  81  81  81  81  0  81  81  81  81  81  0  81  0  0  0  81  0  0  81  81  81  81  81  0  0  81  81  81  81  81  0  0  81  81  81  81  81  0  81  0  81  0  81  81  0  81  0  0  81  81  

81  81  0  0  0  81  0  0  81  81  0  81  0  0  0  81  81  81  0  0  81  81  81  81  0  0  0  0  0  81  81  0  81  0  81  81  0  81  81  0  81  81  81  81  81  81  81  81  81  0  81  81  81  81  81  81  81  81  81  0  0  81  0  81  81  81  0  81  0  0  81  0  81  0  81  81  81  81  81  0  

0  81  81  0  0  0  81  0  0  81  81  81  81  0  0  81  81  81  81  0  81  81  81  81  0  81  81  81  0  0  0  0  81  81  81  81  81  81  81  81  0  81  0  81  81  81  81  0  81  81  81  81  81  0  81  0  0  0  81  81  81  81  81  81  81  0  0  81  81  81  81  0  81  81  0  81  81  81  81  81  

81  81  81  81  81  0  0  81  81  81  81  81  0  81  0  0  81  81  81  81  81  81  0  81  0  0  81  81  81  81  81  81  81  81  81  81  81  81  81  81  81  0  81  81  81  0  81  0  81  81  81  0  0  81  0  81  81  0  0  81  0  0  0  81  81  81  81  0  81  0  81  81  81  81  81  81  0  0  0  81  

81  0  0  0  0  81  0  81  81  81  81  81  81  81  81  81  0  0  0  81  0  0  81  0  81  81  81  0  0  0  0  81  0  81  81  81  0  81  0  81  0  0  81  81  0  0  81  81  81  81  0  81  81  81  81  81  0  81  81  81  81  81  81  81  81  81  81  81  0  81  81  0  81  81  0  81  0  81  0  0  

81  81  0  81  81  81  81  81  81  81  0  81  0  81  81  81  81  81  81  0  81  81  81  81  81  81  0  81  81  0  81  81  81  81  81  0  81  81  0  81  81  81  0  81  81  81  81  0  81  81  81  0  81  81  0  0  81  0  0  81  0  81  81  81  0  0  81  81  0  81  81  81  81  81  0  81  0  81  81  81  

0  81  0  81  0  0  81  81  81  0  81  0  0  81  81  81  81  81  81  81  81  0  0  81  81  81  81  81  0  0  0  0  0  81  81  0  81  81  81  81  0  81  81  81  81  0  81  0  81  81  81  0  81  81  81  81  81  81  0  0  81  81  81  81  81  0  81  81  81  81  81  0  0  0  81  81  0  0  0  0  

81  81  81  81  81  81  81  81  81  81  0  81  81  81  0  81  81  0  81  81  81  81  0  81  81  81  81  81  81  81  81  81  81  81  0  0  81  81  81  81  81  81  81  81  0  0  0  81  81  0  0  0  0  81  81  0  0  81  0  0  81  81  0  81  81  81  0  81  0  81  81  81  0  81  81  0  81  0  0  81  

0  81  81  81  81  0  81  0  81  0  0  81  81  81  81  81  0  81  81  81  81  81  81  81  81  81  0  81  81  0  81  81  0  0  81  81  0  0  81  81  0  0  0  81  81  81  0  0  81  81  0  0  81  81  81  81  81  0  0  81  0  81  0  81  81  81  81  81  0  81  81  0  0  0  81  81  81  81  81  0  

81  81  81  81  0  0  0  81  81  81  81  81  81  81  81  81  0  81  81  0  81  0  81  81  81  0  81  0  0  81  81  81  81  0  0  81  0  0  0  81  0  81  81  81  81  81  81  81  81  0  81  81  0  0  0  81  0  81  81  81  81  81  0  0  81  81  81  81  0  81  81  0  81  81  81  81  0  81  81  0  

0  0  81  81  81  0  0  0  81  81  81  0  81  81  81  81  81  81  81  0  0  81  81  0  81  81  81  0  81  81  81  0  81  0  0  81  81  81  0  81  81  0  81  0  81  81  81  0  0  81  0  81  81  81  81  81  81  0  81  81  0  81  81  0  81  81  81  81  81  81  81  0  0  0  81  81  81  0  81  0  

0  0  0  0  0  81  81  0  81  81  81  81  81  81  81  81  0  81  81  81  81  0  81  81  0  0  81  81  81  0  0  81  0  0  81  81  81  0  81  81  81  81  0  0  0  0  0  81  0  81  81  81  81  81  81  81  0  81  0  81  81  0  81  81  81  0  0  81  81  81  81  0  81  81  81  81  81  81  81  81  

81  81  0  81  81  81  81  81  0  81  81  81  0  0  81  0  81  0  0  81  81  81  81  81  81  81  81  81  81  81  81  81  81  81  81  0  81  81  81  81  0  81  81  81  81  0  81  81  81  0  0  81  0  81  0  81  81  81  0  81  81  81  81  81  81  81  81  81  0  0  81  81  81  81  0  0  0  81  81  81  

81  81  0  81  81  81  81  81  0  81  81  0  81  81  81  81  0  81  0  81  81  81  81  81  0  0  81  81  81  81  81  81  81  0  81  81  81  81  81  81  81  81  81  0  81  0  0  81  81  0  0  81  81  0  81  0  81  0  81  81  81  81  0  81  0  0  81  0  0  0  81  81  0  0  81  0  0  0  81  81  

81  81  0  0  81  0  81  81  0  81  81  81  81  81  81  81  0  0  81  0  81  81  81  81  81  81  81  81  81  0  0  81  0  81  0  81  0  81  81  0  0  0  81  81  81  81  81  0  0  81  81  81  81  0  0  81  81  0  81  81  0  0  0  81  81  0  81  81  81  81  81  81  81  0  81  81  81  81  81  0  

81  0  0  81  81  0  0  81  81  0  81  81  81  0  0  81  81  81  0  81  0  81  81  0  0  81  81  81  0  0  0  0  81  81  81  0  81  81  81  81  81  0  81  81  81  81  81  0  0  81  0  81  81  81  81  81  81  81  81  0  81  0  81  0  81  0  81  81  0  81  81  81  81  81  81  81  81  81  81  81  

81  81  81  0  81  81  81  81  0  81  81  81  81  81  0  81  81  81  81  0  81  81  81  81  0  0  0  81  81  0  0  81  81  81  81  81  0  81  81  81  81  0  81  81  0  81  81  81  81  81  0  81  81  81  0  81  81  81  0  81  0  81  0  0  81  81  81  0  81  81  0  0  81  0  81  0  81  81  81  81  

81  0  0  81  0  81  81  81  0  81  0  81  81  0  81  0  81  81  81  81  81  81  0  0  81  81  81  81  0  81  81  0  0  81  81  0  0  81  0  81  81  81  81  0  81  0  0  0  0  0  81  0  81  0  0  0  81  0  81  81  81  81  0  81  81  0  81  81  0  81  0  81  81  0  81  0  81  81  81  81  

81  0  81  81  81  81  81  0  81  81  0  0  81  81  81  81  81  81  81  81  81  0  81  81  81  81  81  0  81  0  81  81  0  81  0  0  81  81  81  81  0  0  81  0  0  0  0  81  81  0  0  0  0  0  81  81  0  81  81  0  0  81  81  81  81  0  0  81  0  81  0  0  81  81  0  0  81  0  81  81  

81  0  81  81  0  81  81  81  0  81  81  81  81  81  0  81  81  81  81  0  81  0  81  81  81  0  81  81  0  0  81  81  81  0  81  0  81  81  0  81  81  81  0  81  81  81  0  81  81  81  0  81  81  0  81  81  0  81  81  0  81  81  81  81  0  81  0  0  81  81  0  81  81  0  81  0  81  81  0  0  

81  81  81  81  81  0  0  0  81  81  81  81  81  81  81  0  81  0  81  0  0  81  81  81  81  81  0  0  81  81  81  81  81  81  81  81  0  81  0  81  81  0  81  0  81  81  81  0  0  81  0  0  81  81  81  0  81  81  0  81  81  81  81  81  81  0  81  81  81  0  0  81  81  81  0  81  81  81  81  0  

0  81  81  81  81  0  81  0  81  81  81  81  81  0  81  0  81  0  81  81  0  81  81  0  81  81  81  81  81  81  81  0  81  0  81  81  81  0  81  81  81  81  0  0  81  81  81  81  0  81  81  0  81  0  81  81  81  81  81  0  81  81  81  81  0  81  81  81  0  81  81  81  81  81  81  81  81  81  81  81  

81  81  0  0  81  0  81  81  81  0  81  81  0  81  81  81  81  81  81  81  0  81  81  81  0  81  81  0  81  81  0  81  0  81  0  81  0  0  81  81  0  81  81  0  81  81  81  81  81  0  0  81  81  0  81  0  81  81  0  81  0  0  81  81  0  81  81  0  81  81  81  81  81  0  81  81  81  0  81  0  

0  81  81  81  81  0  81  81  0  81  81  81  81  0  0  81  81  81  81  81  81  81  0  81  0  81  0  81  81  81  81  0  81  81  81  81  81  81  0  0  81  81  81  0  81  81  81  81  81  81  81  81  81  81  0  81  81  0  81  0  81  81  81  81  81  0  0  81  81  0  0  0  0  0  81  81  81  81  81  0  

0  0  81  81  81  0  0  81  0  81  0  81  81  0  81  81  81  81  81  0  81  0  81  0  81  81  81  81  81  81  81  0  81  0  81  0  81  81  81  0  81  0  0  81  81  81  81  0  81  81  0  81  0  81  0  0  0  81  81  0  0  0  81  81  0  81  0  81  81  81  81  0  81  81  0  81  0  81  81  81  

0  81  81  81  0  81  0  81  0  0  0  81  0  81  81  0  81  81  0  0  0  81  0  0  81  81  81  81  81  81  81  81  81  0  81  81  81  81  81  0  81  0  0  81  0  81  81  81  0  81  0  81  0  81  0  81  81  81  0  81  0  81  81  81  0  81  81  0  0  0  0  81  0  0  0  0  81  0  81  0  

0  81  81  81  81  81  0  81  0  81  0  81  81  81  81  0  81  81  0  0  0  81  81  81  81  81  0  81  81  81  81  81  81  81  0  81  0  0  81  81  81  81  81  81  0  81  81  81  81  0  81  81  81  81  81  0  81  81  81  81  0  0  0  81  81  81  0  0  0  0  0  81  0  81  81  81  0  81  0  81  

81  81  0  81  81  0  0  81  81  81  0  81  81  81  0  81  81  81  81  0  81  0  81  81  81  0  81  0  0  81  81  81  81  81  81  81  81  0  81  0  0  81  81  81  0  0  0  81  0  81  0  0  81  0  81  81  81  81  81  0  81  81  81  81  81  81  81  81  0  0  81  81  81  0  81  81  0  81  81  81  

81  81  81  81  81  81  81  81  0  81  0  81  0  81  81  0  81  81  0  81  81  0  0  81  81  81  0  81  81  81  81  81  81  81  0  81  81  81  81  0  81  81  81  0  0  0  81  81  81  81  81  0  81  81  0  81  81  81  81  81  81  81  81  81  81  81  0  81  0  0  81  81  0  81  81  81  81  0  81  81  

81  81  81  81  81  0  81  81  81  81  81  81  0  0  0  0  81  0  81  81  81  81  81  0  81  0  81  81  0  0  81  81  81  81  0  81  81  81  81  81  81  0  81  0  81  0  81  81  81  81  81  81  0  81  81  81  81  0  0  0  81  0  0  81  81  81  81  81  0  81  81  0  81  81  0  81  81  81  81  81  

81  81  81  81  0  81  81  81  81  81  81  0  81  0  0  81  81  81  0  81  81  81  0  81  81  81  0  81  81  81  0  81  0  0  81  0  81  81  81  81  81  0  81  81  81  81  81  0  81  0  0  81  81  81  0  0  81  0  0  0  81  81  81  81  0  81  0  81  81  81  0  0  0  81  81  81  0  0  81  0  

81  81  81  81  81  81  81  81  81  0  0  0  81  81  81  81  0  81  81  0  81  0  0  0  81  81  81  81  0  81  81  81  81  81  0  81  0  81  81  81  81  81  81  0  81  81  81  0  81  81  0  81  0  81  81  81  81  0  81  81  81  0  0  81  81  81  81  81  0  81  0  0  81  81  81  0  81  0  81  81  

81  81  81  81  81  0  81  81  0  81  81  81  0  0  81  81  81  81  0  81  0  0  81  81  0  81  0  81  81  81  0  81  81  81  81  0  81  81  81  81  0  81  81  0  81  81  81  81  0  81  0  0  81  0  81  81  81  0  81  81  81  81  81  81  81  0  81  81  0  81  81  0  0  81  0  81  81  0  81  0  

81  81  81  81  81  81  81  81  81  81  81  81  0  0  81  0  81  81  81  81  81  81  81  81  81  0  0  81  81  81  0  0  81  81  81  81  81  81  81  0  81  81  0  0  81  0  81  81  0  81  81  81  0  0  81  81  0  81  81  0  81  81  0  81  81  0  81  81  0  81  81  81  81  81  81  0  0  81  81  81  

81  81  81  0  81  81  81  81  0  0  81  81  81  0  0  81  81  81  81  81  81  0  81  0  0  81  81  0  81  81  81  81  81  81  81  81  81  81  81  81  0  0  81  81  0  0  81  81  0  81  81  81  81  81  0  81  0  0  81  81  81  81  81  0  81  81  81  0  81  81  81  81  0  81  81  0  0  81  81  0  

81  0  81  81  81  0  81  81  81  81  81  81  81  81  81  81  81  81  0  81  81  81  81  81  81  81  81  0  0  0  81  0  0  81  81  81  81  0  81  81  0  0  81  81  81  81  0  81  0  81  81  81  81  81  0  81  81  81  81  81  81  81  81  81  0  81  0  0  81  0  81  81  81  81  81  81  81  0  81  0  

81  81  81  81  0  81  0  81  0  81  0  81  0  0  81  81  0  81  0  81  81  81  0  81  81  81  0  81  81  81  81  0  81  81  81  81  0  81  0  0  81  81  81  81  81  81  81  0  81  0  81  0  81  81  0  81  0  81  81  0  81  81  81  81  81  81  81  81  81  81  81  81  81  81  81  81  0  0  81  0  

81  81  0  0  81  81  81  0  0  81  81  81  0  81  0  81  81  81  0  0  0  81  0  81  0  81  81  81  0  0  81  81  81  0  0  81  81  81  0  0  81  81  81  81  81  81  81  0  0  0  0  81  0  81  81  0  0  81  0  81  81  0  81  81  0  0  0  81  0  81  81  81  81  0  81  81  81  81  0  81  

81  81  0  0  0  81  0  81  81  0  81  81  0  81  81  0  81  81  81  81  81  81  81  0  81  0  81  81  0  0  81  81  81  81  81  81  81  0  81  81  81  81  81  81  81  81  0  81  0  0  81  0  0  0  81  81  0  81  81  81  0  0  81  81  81  0  0  81  81  81  81  81  81  0  81  0  81  81  81  0  

81  81  0  0  0  81  81  81  81  81  81  81  81  81  0  0  81  0  81  81  81  0  0  81  0  0  0  0  81  81  81  81  0  0  81  0  0  0  81  81  81  81  81  81  81  81  81  0  81  0  81  81  81  0  81  0  81  0  81  81  0  0  81  81  81  81  0  81  0  81  81  81  81  0  81  0  81  81  81  81  

81  81  81  81  0  81  81  81  0  81  81  0  81  81  81  0  81  81  81  81  0  81  0  81  81  81  81  81  81  0  0  0  0  81  81  81  81  81  0  81  81  81  81  81  81  0  81  0  81  81  0  0  0  81  0  81  81  0  81  81  81  81  81  81  0  81  0  81  81  0  81  81  81  0  81  81  81  81  0  0  

81  0  81  81  81  81  81  0  0  81  0  0  81  81  81  0  0  0  81  81  81  0  0  81  81  81  81  81  81  81  81  0  0  0  81  81  81  0  0  81  81  81  81  81  0  81  81  81  81  0  81  81  0  81  81  81  81  81  81  0  0  81  81  0  81  0  0  81  81  0  81  0  81  81  81  81  0  81  0  0  

81  0  81  0  0  81  81  81  81  81  81  0  0  81  81  0  81  0  81  81  81  0  0  0  81  81  81  81  81  81  81  0  81  81  81  81  81  81  81  0  81  81  0  81  81  81  81  81  81  0  0  0  81  81  0  81  81  81  81  81  81  81  81  0  81  0  0  81  0  0  81  0  81  0  0  0  81  81  81  0  

81  81  0  0  0  81  0  0  81  0  0  81  0  81  0  81  81  81  0  0  81  0  81  81  0  81  81  81  0  81  81  81  81  81  0  0  81  81  81  81  0  0  81  0  0  81  81  81  81  81  81  0  81  81  81  81  81  81  0  81  0  81  81  81  81  81  81  81  81  81  81  81  81  81  0  81  81  81  81  81  

81  81  81  81  81  81  81  81  81  81  81  81  81  81  0  0  81  81  0  0  81  0  81  81  0  0  81  81  81  0  81  0  81  81  81  81  0  0  0  0  81  0  0  81  81  81  81  81  81  81  0  81  0  81  81  81  81  0  0  0  81  0  81  81  81  0  81  0  81  0  0  81  81  0  81  0  81  0  81  81  

0  0  0  81  81  0  81  81  81  81  81  0  81  0  81  81  0  0  81  81  81  0  0  81  81  81  0  81  81  81  0  81  81  81  0  81  81  81  81  81  0  0  0  0  81  0  0  81  81  81  81  81  81  0  0  81  81  81  81  0  0  0  81  81  0  81  0  0  81  81  81  0  81  81  81  81  81  81  0  81  

0  0  81  81  81  81  81  81  0  81  81  0  0  81  0  81  0  0  81  0  0  81  0  0  0  81  0  81  0  0  81  0  81  81  0  0  0  81  81  81  81  0  81  81  0  81  0  81  0  81  81  81  81  0  81  81  81  81  0  0  81  0  0  81  81  81  0  81  0  81  81  81  81  81  0  81  81  81  0  81  

0  81  81  81  81  81  81  0  81  0  0  0  0  81  81  81  81  81  81  81  81  0  0  81  0  0  81  81  81  81  81  0  0  81  81  81  0  81  81  81  0  81  0  81  0  81  0  0  81  81  81  81  81  81  0  81  0  81  81  81  81  81  81  81  0  81  81  81  81  81  81  0  0  0  0  0  81  81  81  81  

0  81  0  81  81  81  81  0  81  81  81  0  81  0  81  81  0  81  81  81  81  81  0  81  81  81  81  81  0  0  81  81  81  0  81  0  81  0  81  81  81  0  0  81  0  0  81  81  0  81  81  81  81  81  81  0  81  81  81  0  81  81  81  0  0  0  81  81  81  81  81  0  81  81  81  81  81  81  81  0  

81  81  81  0  0  81  0  81  81  81  81  81  81  0  81  81  81  0  0  81  81  0  0  0  81  0  0  81  81  81  81  0  81  81  81  81  0  0  81  81  81  81  0  0  81  81  81  81  81  0  0  81  81  81  81  81  81  0  81  81  81  81  81  0  81  81  81  81  0  81  81  0  81  81  81  81  81  0  81  81  

0  81  81  81  0  81  81  0  81  0  81  81  81  0  81  81  0  81  0  81  0  0  81  81  81  81  81  0  0  0  81  81  0  81  0  81  81  81  0  0  0  81  81  81  0  81  0  81  81  0  81  0  81  81  81  81  81  81  81  0  81  81  81  0  81  81  81  81  0  81  81  81  81  0  0  81  81  81  81  81  

81  0  0  81  81  81  0  81  81  0  81  0  81  81  81  81  81  0  81  81  81  0  81  81  0  81  0  81  0  81  0  81  81  81  0  81  81  81  81  81  81  0  81  0  81  81  81  81  81  81  81  81  0  81  81  81  81  81  0  81  81  81  81  81  81  81  81  0  81  81  81  81  81  81  81  81  81  81  0  0  

81  0  81  0  81  81  0  81  0  81  81  0  81  0  81  0  81  81  81  81  81  81  0  0  81  81  81  81  0  81  81  81  81  81  81  81  81  0  0  81  0  0  0  81  81  81  81  81  81  81  81  0  81  81  81  81  81  0  0  81  81  81  81  81  81  0  0  81  81  81  81  81  81  81  81  81  81  81  81  0  

0  81  81  81  81  81  0  0  81  0  81  81  0  81  0  81  81  0  0  81  81  0  81  81  81  81  81  0  81  81  81  81  81  0  0  0  0  81  0  81  81  81  81  0  0  81  81  81  0  81  81  81  81  0  81  81  0  81  81  81  81  0  81  81  81  81  0  81  81  81  81  0  81  81  81  0  81  0  81  81  

81  81  81  81  81  81  81  0  81  0  0  0  0  81  81  0  0  81  81  81  0  81  81  81  0  81  0  81  81  0  81  81  81  0  0  81  81  81  81  81  81  0  81  81  81  81  81  0  0  81  0  81  81  81  81  0  0  81  81  81  81  0  81  81  81  81  81  81  81  81  81  0  81  81  0  0  81  81  0  81  

0  0  81  81  81  0  81  81  81  81  0  0  81  81  81  81  81  81  81  0  81  81  0  0  81  0  81  0  0  81  81  0  81  0  0  81  81  0  81  81  0  81  81  81  81  0  81  81  0  0  0  81  0  81  0  81  81  81  81  81  81  81  81  81  81  81  81  81  0  81  81  0  0  0  81  81  81  81  0  0  

0  0  81  0  0  0  81  0  81  0  81  81  0  81  0  81  81  81  0  81  0  81  0  81  81  81  0  81  0  0  0  81  81  81  81  81  81  81  81  81  81  81  0  0  81  0  81  0  81  0  81  81  81  81  81  81  81  81  81  81  81  81  81  0  81  81  81  81  81  81  81  81  81  81  81  0  81  81  0  81  

81  81  81  0  0  81  81  0  81  81  81  81  81  81  81  0  81  81  0  0  81  81  81  81  81  81  0  81  0  81  0  81  81  0  81  0  81  81  81  81  81  0  0  0  81  81  81  81  0  0  0  81  81  81  81  81  81  0  0  81  81  81  0  81  0  0  81  81  81  81  81  81  81  0  81  81  81  0  81  81  

81  81  0  81  81  0  81  0  81  81  81  0  0  0  81  81  81  0  0  81  0  0  81  81  81  81  81  81  81  81  0  81  81  0  81  0  81  0  81  81  81  81  81  81  81  81  81  81  81  81  0  81  81  81  81  81  81  81  81  81  81  0  81  81  81  0  81  81  81  81  0  81  0  0  81  81  81  81  81  0  

81  81  0  81  81  81  81  81  81  81  81  81  81  0  0  81  81  81  81  0  0  81  81  81  81  81  81  81  81  81  81  81  81  81  81  81  81  81  0  81  81  81  81  81  81  0  0  81  81  81  81  81  0  0  0  81  81  81  81  81  0  81  81  81  81  81  81  81  81  81  81  81  81  81  81  0  0  81  81  81  

81  81  0  0  81  81  81  81  81  0  81  81  81  81  81  81  81  0  81  81  81  81  81  0  81  0  0  81  0  0  81  81  81  81  0  81  81  81  81  0  81  0  81  81  0  81  81  81  81  0  81  0  0  81  81  81  81  81  81  81  81  0  81  81  81  81  0  0  81  81  81  81  0  81  81  81  0  81  81  81  

81  81  81  81  81  81  0  81  81  0  0  81  81  81  81  0  81  0  0  0  81  0  0  81  0  81  81  0  81  81  81  81  81  81  81  81  0  0  81  81  81  0  0  81  81  0  0  81  0  81  81  81  0  81  81  81  0  81  81  81  81  0  0  81  81  81  81  0  81  81  0  81  0  81  81  0  81  0  0  81  

81  0  81  81  81  0  0  81  81  81  81  0  81  81  81  0  81  81  81  81  81  81  0  0  81  81  81  0  0  81  0  81  0  81  0  81  81  81  81  0  81  0  0  0  0  0  0  81  81  0  0  81  81  81  81  81  0  0  81  81  81  81  81  81  0  81  81  81  81  81  81  81  81  81  81  81  0  81  0  81  

81  81  81  81  0  81  81  0  81  81  81  81  81  81  81  81  81  0  81  81  0  81  81  0  81  81  0  81  81  0  0  81  81  81  81  81  81  81  0  0  81  81  81  81  81  81  81  81  0  0  81  81  81  81  81  0  81  81  81  81  81  81  81  81  0  0  81  81  0  81  81  81  0  0  0  81  81  0  81  0  

0  81  81  0  81  0  81  81  0  0  81  0  0  0  81  81  0  0  81  0  81  0  0  81  81  0  81  81  81  0  0  0  0  0  81  0  0  0  81  81  81  0  81  0  81  81  0  81  81  81  0  81  81  0  0  81  81  81  81  0  81  81  81  81  81  81  81  0  81  81  81  0  81  81  81  81  81  81  0  81  

0  81  81  0  0  0  81  0  81  81  81  81  81  81  81  81  0  0  81  81  81  81  81  81  0  81  81  0  81  0  0  0  0  81  81  81  81  81  81  0  81  81  81  81  0  0  0  81  0  81  81  81  81  81  81  81  81  81  81  81  81  81  81  81  81  81  81  81  81  81  81  81  81  81  0  81  81  81  81  81  

81  0  0  81  81  81  81  81  81  81  81  81  81  81  81  81  81  81  81  81  0  0  0  0  0  81  81  0  81  0  0  81  81  81  0  0  81  81  81  81  81  81  81  81  81  81  81  81  0  81  81  81  81  81  81  81  81  81  81  81  81  81  0  81  81  0  81  81  81  81  81  0  81  81  81  81  0  0  81  0  

0  0  81  0  0  0  0  81  0  81  0  81  0  0  0  0  81  81  81  81  0  81  0  81  81  81  81  0  0  81  81  81  81  0  0  0  0  81  81  81  81  81  81  81  81  0  0  81  81  0  81  0  0  0  81  81  81  0  0  0  81  81  81  81  81  81  81  81  0  81  0  81  81  81  81  81  0  81  81  0  

0  81  81  81  81  81  81  81  81  81  0  0  0  81  0  81  81  0  81  81  81  81  81  81  81  81  81  0  81  0  0  81  0  81  0  81  0  81  0  81  81  81  81  81  81  81  81  81  81  81  81  0  81  81  81  81  81  81  81  0  81  81  0  81  0  0  81  0  81  81  81  81  81  81  0  81  81  81  81  81  

81  81  81  81  81  0  81  81  81  81  0  81  0  81  0  81  81  0  0  81  0  0  81  0  81  81  0  0  81  0  81  0  81  81  81  81  81  81  81  81  81  0  0  0  0  81  0  81  0  81  81  0  81  81  0  81  81  81  81  0  81  0  0  81  81  81  81  0  81  81  81  81  81  81  81  0  81  81  81  81  

0  0  81  81  0  81  0  81  0  0  81  81  81  81  81  81  0  81  81  81  81  81  0  81  0  81  81  81  0  0  81  81  81  0  81  81  0  81  81  81  81  81  81  81  81  81  0  0  81  81  0  0  81  81  0  81  81  81  0  81  81  81  81  81  81  81  81  0  81  0  81  81  0  81  81  0  81  0  81  81  

81  81  81  81  81  81  81  81  81  81  81  0  81  81  81  81  0  0  81  81  0  0  0  0  81  81  81  81  81  0  81  81  81  81  81  0  81  0  0  81  81  81  0  0  81  81  0  81  0  81  81  0  81  81  81  81  81  0  0  81  0  81  81  0  81  0  81  81  81  81  81  81  81  0  0  81  0  81  81  81  

81  0  81  81  0  81  81  0  0  0  0  81  81  0  81  81  0  0  81  81  81  81  81  81  81  81  81  81  0  81  0  0  81  81  0  81  81  0  0  81  0  81  81  81  81  0  81  81  81  81  81  81  81  81  81  81  81  81  81  81  81  81  81  0  0  81  0  81  81  81  0  0  81  81  81  0  81  81  81  81  

81  81  81  81  0  81  81  0  81  81  0  0  81  81  0  81  81  0  81  81  81  81  0  81  81  81  0  81  81  0  81  81  0  81  0  0  0  81  81  0  0  81  81  81  81  81  81  81  0  81  81  81  81  0  81  81  81  0  81  81  81  0  81  81  81  0  81  0  81  81  0  81  81  81  0  81  81  81  81  81  

81  81  0  0  81  81  81  0  0  81  0  0  81  81  81  81  81  81  81  81  81  81  81  0  81  81  81  81  81  81  0  81  81  81  81  81  81  81  81  81  81  0  81  81  0  0  81  81  81  0  0  81  81  81  81  0  81  81  0  0  0  81  81  81  81  0  0  81  0  81  81  81  81  81  81  81  81  81  81  81  

81  81  0  81  81  0  81  81  0  81  0  81  0  0  0  81  81  81  0  81  81  81  81  0  0  81  0  0  81  0  81  81  81  81  0  81  0  81  0  0  0  81  0  81  0  0  0  81  81  81  81  81  0  81  81  0  0  81  81  0  81  81  0  81  81  81  81  0  81  81  0  0  81  81  81  81  81  81  81  81  

UnPairedArc=
1 2 
1 4 
1 6 
1 8 
1 9 
1 10 
1 12 
1 14 
1 17 
1 18 
1 19 
1 20 
1 21 
1 22 
1 23 
1 24 
1 25 
1 27 
1 32 
1 33 
1 34 
1 35 
1 36 
1 37 
1 38 
1 39 
1 40 
1 41 
1 42 
1 43 
1 44 
1 45 
1 46 
1 47 
1 48 
1 49 
1 54 
1 56 
1 57 
1 59 
1 62 
1 63 
1 64 
1 65 
1 66 
1 67 
1 68 
1 71 
1 74 
1 76 
1 77 
1 78 
1 79 
1 80 
2 3 
2 4 
2 5 
2 6 
2 7 
2 8 
2 10 
2 11 
2 12 
2 13 
2 14 
2 17 
2 18 
2 19 
2 21 
2 25 
2 26 
2 27 
2 28 
2 30 
2 31 
2 32 
2 33 
2 34 
2 35 
2 36 
2 37 
2 38 
2 39 
2 41 
2 42 
2 43 
2 44 
2 45 
2 48 
2 49 
2 52 
2 53 
2 54 
2 55 
2 58 
2 59 
2 62 
2 63 
2 64 
2 65 
2 66 
2 68 
2 69 
2 70 
2 73 
2 74 
2 76 
2 78 
2 79 
2 80 
3 4 
3 5 
3 7 
3 8 
3 12 
3 13 
3 14 
3 15 
3 21 
3 23 
3 24 
3 25 
3 26 
3 28 
3 29 
3 30 
3 31 
3 33 
3 34 
3 35 
3 36 
3 37 
3 38 
3 39 
3 40 
3 41 
3 45 
3 46 
3 47 
3 49 
3 51 
3 52 
3 54 
3 55 
3 57 
3 58 
3 59 
3 60 
3 61 
3 62 
3 66 
3 67 
3 68 
3 69 
3 70 
3 72 
3 73 
3 74 
3 75 
3 76 
3 77 
3 78 
4 5 
4 8 
4 10 
4 11 
4 12 
4 13 
4 14 
4 15 
4 17 
4 18 
4 20 
4 22 
4 23 
4 24 
4 25 
4 26 
4 28 
4 29 
4 30 
4 31 
4 32 
4 33 
4 34 
4 35 
4 36 
4 37 
4 38 
4 40 
4 41 
4 45 
4 46 
4 49 
4 50 
4 51 
4 52 
4 53 
4 55 
4 56 
4 58 
4 59 
4 60 
4 63 
4 64 
4 66 
4 67 
4 68 
4 71 
4 73 
4 74 
4 75 
4 76 
4 77 
4 78 
4 80 
5 8 
5 10 
5 12 
5 13 
5 15 
5 17 
5 18 
5 19 
5 20 
5 21 
5 23 
5 25 
5 26 
5 27 
5 28 
5 29 
5 31 
5 32 
5 33 
5 34 
5 36 
5 37 
5 38 
5 39 
5 40 
5 42 
5 46 
5 49 
5 50 
5 51 
5 52 
5 53 
5 56 
5 57 
5 58 
5 59 
5 60 
5 63 
5 64 
5 65 
5 66 
5 67 
5 69 
5 71 
5 73 
5 74 
5 76 
5 79 
5 80 
6 9 
6 10 
6 12 
6 16 
6 17 
6 18 
6 21 
6 22 
6 23 
6 24 
6 30 
6 31 
6 33 
6 35 
6 36 
6 38 
6 39 
6 41 
6 42 
6 43 
6 44 
6 45 
6 46 
6 47 
6 48 
6 49 
6 51 
6 52 
6 53 
6 54 
6 55 
6 56 
6 57 
6 58 
6 59 
6 62 
6 64 
6 65 
6 66 
6 68 
6 71 
6 73 
6 75 
6 76 
6 77 
6 78 
6 79 
7 10 
7 11 
7 12 
7 13 
7 16 
7 17 
7 18 
7 19 
7 21 
7 22 
7 23 
7 24 
7 26 
7 27 
7 28 
7 33 
7 34 
7 35 
7 36 
7 37 
7 38 
7 39 
7 40 
7 42 
7 44 
7 45 
7 46 
7 47 
7 49 
7 50 
7 51 
7 52 
7 53 
7 55 
7 59 
7 60 
7 61 
7 62 
7 63 
7 64 
7 65 
7 68 
7 69 
7 70 
7 71 
7 73 
7 74 
7 76 
7 77 
7 78 
7 79 
7 80 
8 9 
8 10 
8 11 
8 12 
8 14 
8 17 
8 18 
8 19 
8 20 
8 21 
8 22 
8 24 
8 27 
8 28 
8 29 
8 30 
8 31 
8 32 
8 33 
8 34 
8 35 
8 36 
8 37 
8 38 
8 39 
8 40 
8 41 
8 43 
8 44 
8 45 
8 47 
8 49 
8 50 
8 51 
8 54 
8 56 
8 57 
8 60 
8 64 
8 65 
8 66 
8 67 
8 69 
8 71 
8 72 
8 73 
8 74 
8 75 
8 76 
8 80 
9 10 
9 11 
9 12 
9 13 
9 14 
9 15 
9 16 
9 20 
9 23 
9 25 
9 26 
9 27 
9 32 
9 34 
9 35 
9 36 
9 38 
9 40 
9 43 
9 44 
9 47 
9 48 
9 49 
9 50 
9 52 
9 53 
9 54 
9 55 
9 56 
9 58 
9 59 
9 60 
9 61 
9 62 
9 63 
9 64 
9 65 
9 66 
9 67 
9 68 
9 70 
9 71 
9 73 
9 74 
9 76 
9 78 
10 12 
10 14 
10 15 
10 16 
10 17 
10 18 
10 19 
10 21 
10 22 
10 23 
10 24 
10 25 
10 26 
10 28 
10 29 
10 31 
10 32 
10 33 
10 34 
10 35 
10 37 
10 38 
10 40 
10 41 
10 42 
10 44 
10 45 
10 46 
10 47 
10 49 
10 50 
10 51 
10 53 
10 54 
10 57 
10 60 
10 62 
10 63 
10 64 
10 67 
10 68 
10 70 
10 71 
10 72 
10 73 
10 74 
10 76 
10 78 
10 79 
10 80 
11 14 
11 15 
11 16 
11 17 
11 18 
11 19 
11 20 
11 21 
11 24 
11 25 
11 26 
11 27 
11 28 
11 34 
11 35 
11 37 
11 38 
11 39 
11 40 
11 42 
11 43 
11 44 
11 45 
11 47 
11 49 
11 50 
11 51 
11 53 
11 54 
11 55 
11 56 
11 57 
11 58 
11 61 
11 62 
11 63 
11 64 
11 65 
11 67 
11 68 
11 69 
11 70 
11 71 
11 75 
11 76 
12 13 
12 14 
12 16 
12 17 
12 19 
12 20 
12 21 
12 22 
12 24 
12 25 
12 26 
12 27 
12 28 
12 29 
12 30 
12 31 
12 32 
12 33 
12 34 
12 37 
12 38 
12 39 
12 40 
12 41 
12 42 
12 43 
12 44 
12 48 
12 49 
12 54 
12 55 
12 58 
12 61 
12 62 
12 64 
12 65 
12 66 
12 68 
12 70 
12 71 
12 72 
12 74 
12 75 
12 77 
12 80 
13 14 
13 15 
13 16 
13 18 
13 19 
13 20 
13 21 
13 22 
13 23 
13 24 
13 25 
13 26 
13 28 
13 29 
13 31 
13 32 
13 35 
13 36 
13 39 
13 40 
13 44 
13 45 
13 46 
13 49 
13 50 
13 53 
13 54 
13 55 
13 56 
13 57 
13 60 
13 62 
13 64 
13 65 
13 66 
13 67 
13 68 
13 70 
13 71 
13 75 
13 76 
13 77 
13 78 
13 79 
14 15 
14 16 
14 18 
14 19 
14 21 
14 23 
14 24 
14 25 
14 27 
14 30 
14 31 
14 32 
14 33 
14 36 
14 40 
14 42 
14 43 
14 44 
14 45 
14 46 
14 47 
14 48 
14 49 
14 51 
14 52 
14 56 
14 58 
14 59 
14 60 
14 61 
14 62 
14 65 
14 66 
14 67 
14 68 
14 70 
14 71 
14 73 
14 74 
14 75 
14 76 
14 78 
14 79 
15 16 
15 17 
15 18 
15 19 
15 22 
15 23 
15 25 
15 26 
15 27 
15 29 
15 30 
15 31 
15 33 
15 36 
15 37 
15 38 
15 40 
15 41 
15 43 
15 45 
15 46 
15 47 
15 50 
15 52 
15 53 
15 54 
15 55 
15 56 
15 57 
15 59 
15 60 
15 62 
15 63 
15 65 
15 66 
15 67 
15 68 
15 69 
15 70 
15 71 
15 75 
15 76 
15 77 
15 79 
16 18 
16 19 
16 20 
16 21 
16 23 
16 24 
16 27 
16 28 
16 29 
16 32 
16 35 
16 36 
16 37 
16 39 
16 40 
16 41 
16 42 
16 48 
16 50 
16 51 
16 52 
16 53 
16 54 
16 55 
16 56 
16 58 
16 60 
16 61 
16 63 
16 64 
16 65 
16 68 
16 69 
16 70 
16 71 
16 73 
16 74 
16 75 
16 76 
16 77 
16 78 
16 79 
16 80 
17 20 
17 21 
17 22 
17 23 
17 24 
17 25 
17 26 
17 27 
17 28 
17 29 
17 30 
17 31 
17 32 
17 33 
17 34 
17 35 
17 37 
17 38 
17 39 
17 40 
17 42 
17 43 
17 44 
17 45 
17 47 
17 48 
17 49 
17 52 
17 54 
17 56 
17 57 
17 58 
17 60 
17 61 
17 62 
17 63 
17 64 
17 65 
17 66 
17 67 
17 68 
17 71 
17 72 
17 73 
17 74 
17 78 
17 79 
17 80 
18 20 
18 21 
18 22 
18 23 
18 24 
18 27 
18 28 
18 29 
18 30 
18 31 
18 32 
18 33 
18 35 
18 36 
18 37 
18 38 
18 39 
18 40 
18 41 
18 42 
18 43 
18 45 
18 48 
18 49 
18 52 
18 53 
18 55 
18 57 
18 59 
18 60 
18 61 
18 62 
18 64 
18 67 
18 71 
18 72 
18 75 
18 79 
18 80 
19 21 
19 22 
19 23 
19 24 
19 25 
19 26 
19 27 
19 28 
19 29 
19 32 
19 34 
19 36 
19 38 
19 39 
19 43 
19 44 
19 45 
19 46 
19 47 
19 50 
19 51 
19 52 
19 53 
19 56 
19 57 
19 59 
19 60 
19 64 
19 65 
19 67 
19 68 
19 69 
19 70 
19 71 
19 72 
19 73 
19 75 
19 76 
19 77 
19 78 
19 79 
20 22 
20 23 
20 26 
20 27 
20 28 
20 33 
20 34 
20 35 
20 37 
20 38 
20 39 
20 40 
20 41 
20 43 
20 44 
20 45 
20 46 
20 47 
20 50 
20 52 
20 53 
20 54 
20 55 
20 56 
20 57 
20 58 
20 59 
20 61 
20 63 
20 65 
20 67 
20 68 
20 70 
20 71 
20 72 
20 73 
20 74 
20 75 
20 76 
20 77 
20 78 
20 79 
20 80 
21 22 
21 23 
21 24 
21 28 
21 29 
21 32 
21 33 
21 34 
21 35 
21 36 
21 38 
21 39 
21 40 
21 41 
21 43 
21 44 
21 46 
21 47 
21 48 
21 49 
21 50 
21 52 
21 53 
21 54 
21 56 
21 57 
21 58 
21 60 
21 62 
21 65 
21 66 
21 67 
21 69 
21 70 
21 73 
21 75 
21 77 
21 78 
21 79 
21 80 
22 25 
22 26 
22 27 
22 28 
22 30 
22 31 
22 34 
22 35 
22 38 
22 40 
22 41 
22 42 
22 43 
22 45 
22 51 
22 53 
22 57 
22 59 
22 60 
22 61 
22 62 
22 64 
22 65 
22 67 
22 68 
22 70 
22 72 
22 73 
22 75 
22 77 
22 78 
22 79 
22 80 
23 24 
23 25 
23 26 
23 27 
23 29 
23 31 
23 32 
23 34 
23 37 
23 38 
23 39 
23 40 
23 43 
23 48 
23 49 
23 55 
23 56 
23 58 
23 59 
23 62 
23 63 
23 64 
23 65 
23 68 
23 70 
23 73 
23 74 
23 77 
23 79 
23 80 
24 25 
24 27 
24 28 
24 31 
24 32 
24 33 
24 35 
24 37 
24 38 
24 40 
24 41 
24 42 
24 44 
24 45 
24 46 
24 48 
24 49 
24 50 
24 52 
24 53 
24 55 
24 56 
24 58 
24 59 
24 61 
24 62 
24 63 
24 64 
24 66 
24 69 
24 70 
24 72 
24 73 
24 75 
24 77 
24 78 
25 26 
25 29 
25 30 
25 31 
25 32 
25 33 
25 34 
25 35 
25 36 
25 38 
25 40 
25 41 
25 43 
25 45 
25 46 
25 47 
25 50 
25 53 
25 54 
25 55 
25 57 
25 58 
25 60 
25 61 
25 62 
25 63 
25 64 
25 65 
25 67 
25 68 
25 69 
25 72 
25 73 
25 74 
25 76 
25 77 
25 78 
25 79 
26 27 
26 28 
26 29 
26 30 
26 31 
26 33 
26 35 
26 36 
26 37 
26 39 
26 40 
26 41 
26 42 
26 45 
26 46 
26 47 
26 48 
26 50 
26 51 
26 53 
26 55 
26 56 
26 57 
26 58 
26 59 
26 61 
26 62 
26 63 
26 64 
26 66 
26 67 
26 68 
26 70 
26 71 
26 72 
26 73 
26 74 
26 75 
26 76 
26 77 
26 78 
26 79 
26 80 
27 29 
27 30 
27 32 
27 34 
27 36 
27 39 
27 40 
27 42 
27 43 
27 45 
27 46 
27 47 
27 48 
27 49 
27 52 
27 53 
27 55 
27 57 
27 58 
27 60 
27 63 
27 64 
27 66 
27 67 
27 69 
27 70 
27 71 
27 72 
27 73 
27 75 
27 76 
27 77 
27 79 
28 29 
28 30 
28 31 
28 33 
28 34 
28 35 
28 36 
28 37 
28 38 
28 41 
28 42 
28 43 
28 45 
28 46 
28 47 
28 48 
28 49 
28 50 
28 51 
28 52 
28 53 
28 54 
28 56 
28 57 
28 59 
28 61 
28 62 
28 63 
28 64 
28 65 
28 68 
28 69 
28 75 
28 76 
28 77 
28 78 
28 79 
29 30 
29 31 
29 33 
29 35 
29 37 
29 38 
29 39 
29 41 
29 44 
29 45 
29 46 
29 47 
29 49 
29 50 
29 52 
29 54 
29 58 
29 59 
29 63 
29 64 
29 66 
29 68 
29 69 
29 70 
29 71 
29 73 
29 74 
29 76 
29 78 
29 79 
29 80 
30 31 
30 32 
30 33 
30 35 
30 36 
30 37 
30 38 
30 39 
30 41 
30 44 
30 46 
30 47 
30 48 
30 50 
30 52 
30 54 
30 56 
30 57 
30 58 
30 60 
30 62 
30 63 
30 64 
30 66 
30 67 
30 72 
30 77 
30 79 
31 32 
31 33 
31 34 
31 36 
31 39 
31 40 
31 41 
31 42 
31 43 
31 44 
31 46 
31 47 
31 48 
31 49 
31 51 
31 52 
31 53 
31 54 
31 55 
31 57 
31 58 
31 59 
31 60 
31 64 
31 65 
31 66 
31 72 
31 74 
31 75 
31 76 
31 78 
31 80 
32 33 
32 34 
32 35 
32 36 
32 37 
32 39 
32 42 
32 43 
32 44 
32 48 
32 50 
32 53 
32 55 
32 56 
32 57 
32 58 
32 59 
32 61 
32 62 
32 63 
32 64 
32 65 
32 66 
32 67 
32 68 
32 71 
32 72 
32 73 
32 75 
32 76 
32 78 
32 79 
32 80 
33 34 
33 36 
33 37 
33 38 
33 39 
33 41 
33 42 
33 43 
33 47 
33 48 
33 49 
33 50 
33 51 
33 53 
33 54 
33 56 
33 57 
33 58 
33 59 
33 60 
33 61 
33 62 
33 63 
33 64 
33 65 
33 66 
33 68 
33 71 
33 72 
33 74 
33 75 
33 76 
33 77 
33 79 
33 80 
34 36 
34 37 
34 38 
34 39 
34 40 
34 41 
34 43 
34 45 
34 47 
34 48 
34 49 
34 50 
34 51 
34 52 
34 54 
34 55 
34 56 
34 57 
34 61 
34 64 
34 65 
34 66 
34 67 
34 68 
34 70 
34 71 
34 73 
34 74 
34 76 
34 77 
34 78 
34 79 
34 80 
35 37 
35 38 
35 39 
35 40 
35 41 
35 43 
35 44 
35 45 
35 46 
35 47 
35 49 
35 52 
35 53 
35 54 
35 57 
35 61 
35 62 
35 63 
35 64 
35 66 
35 68 
35 69 
35 70 
35 74 
35 75 
35 76 
35 79 
36 38 
36 39 
36 40 
36 41 
36 42 
36 43 
36 45 
36 46 
36 47 
36 49 
36 50 
36 52 
36 54 
36 55 
36 56 
36 57 
36 59 
36 60 
36 61 
36 64 
36 65 
36 66 
36 67 
36 68 
36 70 
36 73 
36 74 
36 75 
36 77 
36 79 
36 80 
37 38 
37 39 
37 40 
37 42 
37 43 
37 45 
37 46 
37 47 
37 48 
37 50 
37 53 
37 55 
37 56 
37 57 
37 59 
37 60 
37 61 
37 62 
37 63 
37 64 
37 65 
37 67 
37 68 
37 70 
37 71 
37 74 
37 76 
37 77 
37 79 
38 39 
38 41 
38 42 
38 45 
38 47 
38 48 
38 50 
38 51 
38 52 
38 55 
38 56 
38 58 
38 59 
38 61 
38 62 
38 64 
38 65 
38 67 
38 68 
38 70 
38 71 
38 72 
38 73 
38 74 
38 75 
38 78 
38 79 
38 80 
39 40 
39 43 
39 44 
39 47 
39 48 
39 50 
39 51 
39 52 
39 53 
39 54 
39 56 
39 59 
39 60 
39 61 
39 62 
39 63 
39 65 
39 66 
39 67 
39 69 
39 70 
39 71 
39 72 
39 74 
39 75 
39 78 
39 79 
40 43 
40 44 
40 45 
40 46 
40 48 
40 50 
40 51 
40 52 
40 53 
40 54 
40 56 
40 57 
40 58 
40 59 
40 60 
40 61 
40 62 
40 63 
40 64 
40 66 
40 69 
40 71 
40 72 
40 73 
40 74 
40 75 
40 76 
40 77 
40 79 
41 42 
41 43 
41 44 
41 45 
41 46 
41 47 
41 49 
41 51 
41 53 
41 54 
41 56 
41 58 
41 59 
41 61 
41 62 
41 63 
41 64 
41 65 
41 66 
41 67 
41 68 
41 69 
41 70 
41 71 
41 72 
41 73 
41 74 
41 75 
41 76 
41 79 
42 43 
42 44 
42 45 
42 46 
42 47 
42 52 
42 54 
42 55 
42 58 
42 60 
42 61 
42 63 
42 64 
42 68 
42 70 
42 71 
42 72 
42 73 
42 75 
42 76 
42 77 
42 78 
42 80 
43 44 
43 45 
43 46 
43 48 
43 51 
43 55 
43 56 
43 58 
43 59 
43 60 
43 63 
43 64 
43 65 
43 68 
43 69 
43 70 
43 71 
43 72 
43 73 
43 75 
43 77 
43 78 
43 79 
44 45 
44 46 
44 47 
44 49 
44 51 
44 52 
44 53 
44 55 
44 57 
44 59 
44 60 
44 63 
44 64 
44 65 
44 66 
44 68 
44 70 
44 71 
44 72 
44 73 
44 75 
44 77 
44 78 
44 79 
44 80 
45 47 
45 49 
45 50 
45 54 
45 56 
45 57 
45 59 
45 60 
45 61 
45 62 
45 63 
45 64 
45 66 
45 68 
45 69 
45 71 
45 72 
45 73 
45 75 
45 76 
45 77 
45 78 
46 47 
46 48 
46 49 
46 51 
46 52 
46 54 
46 55 
46 56 
46 57 
46 58 
46 59 
46 62 
46 63 
46 65 
46 68 
46 69 
46 71 
46 73 
46 74 
46 75 
46 76 
46 78 
47 48 
47 49 
47 53 
47 54 
47 56 
47 57 
47 58 
47 59 
47 60 
47 61 
47 62 
47 63 
47 65 
47 68 
47 71 
47 73 
47 77 
47 78 
47 79 
48 49 
48 50 
48 51 
48 53 
48 54 
48 55 
48 56 
48 57 
48 58 
48 60 
48 62 
48 63 
48 64 
48 65 
48 66 
48 67 
48 68 
48 69 
48 70 
48 71 
48 72 
48 73 
48 74 
48 76 
48 77 
48 78 
48 79 
48 80 
49 50 
49 52 
49 54 
49 55 
49 56 
49 57 
49 61 
49 63 
49 64 
49 65 
49 67 
49 69 
49 72 
49 73 
49 75 
49 77 
49 79 
49 80 
50 51 
50 52 
50 53 
50 56 
50 57 
50 58 
50 59 
50 63 
50 64 
50 66 
50 69 
50 70 
50 71 
50 73 
50 74 
50 75 
50 76 
50 77 
50 78 
50 80 
51 52 
51 53 
51 55 
51 56 
51 57 
51 58 
51 61 
51 64 
51 65 
51 66 
51 68 
51 70 
51 71 
51 72 
51 73 
51 74 
51 76 
51 77 
51 78 
51 80 
52 53 
52 54 
52 56 
52 58 
52 59 
52 60 
52 61 
52 62 
52 63 
52 64 
52 66 
52 67 
52 68 
52 69 
52 70 
52 71 
52 77 
52 78 
52 79 
52 80 
53 54 
53 55 
53 57 
53 58 
53 59 
53 61 
53 62 
53 63 
53 67 
53 68 
53 69 
53 70 
53 71 
53 73 
53 74 
53 75 
53 76 
53 77 
53 78 
53 79 
54 55 
54 56 
54 57 
54 59 
54 60 
54 61 
54 62 
54 63 
54 65 
54 66 
54 67 
54 68 
54 70 
54 71 
54 73 
54 74 
54 75 
54 76 
54 77 
54 79 
54 80 
55 56 
55 57 
55 58 
55 59 
55 61 
55 62 
55 63 
55 65 
55 66 
55 67 
55 68 
55 70 
55 71 
55 72 
55 73 
55 76 
55 77 
55 78 
55 79 
55 80 
56 57 
56 58 
56 60 
56 61 
56 62 
56 63 
56 64 
56 65 
56 66 
56 67 
56 69 
56 70 
56 71 
56 72 
56 73 
56 74 
56 75 
56 76 
56 77 
56 78 
57 60 
57 61 
57 62 
57 63 
57 64 
57 65 
57 68 
57 69 
57 70 
57 71 
57 72 
57 73 
57 74 
57 75 
57 76 
57 77 
57 78 
57 79 
58 59 
58 60 
58 61 
58 63 
58 64 
58 65 
58 66 
58 68 
58 69 
58 70 
58 71 
58 73 
58 74 
58 75 
58 77 
58 79 
58 80 
59 60 
59 61 
59 63 
59 64 
59 65 
59 66 
59 67 
59 68 
59 69 
59 70 
59 71 
59 73 
59 74 
59 77 
59 78 
59 80 
60 61 
60 62 
60 63 
60 64 
60 65 
60 66 
60 67 
60 68 
60 70 
60 71 
60 75 
60 76 
60 77 
60 78 
61 62 
61 63 
61 65 
61 66 
61 67 
61 68 
61 69 
61 70 
61 71 
61 72 
61 73 
61 74 
61 75 
61 77 
61 78 
61 80 
62 64 
62 67 
62 68 
62 69 
62 70 
62 71 
62 72 
62 73 
62 75 
62 76 
62 77 
62 79 
62 80 
63 64 
63 65 
63 67 
63 68 
63 69 
63 70 
63 72 
63 75 
63 76 
63 77 
63 78 
63 79 
64 65 
64 66 
64 67 
64 68 
64 69 
64 70 
64 71 
64 72 
64 73 
64 74 
64 75 
64 78 
64 79 
64 80 
65 66 
65 69 
65 70 
65 71 
65 72 
65 74 
65 75 
65 76 
65 78 
65 79 
65 80 
66 67 
66 69 
66 70 
66 72 
66 74 
66 75 
66 77 
66 80 
67 68 
67 69 
67 70 
67 71 
67 72 
67 73 
67 74 
67 75 
67 76 
67 78 
67 80 
68 70 
68 71 
68 72 
68 76 
68 77 
68 79 
69 70 
69 71 
69 73 
69 74 
69 75 
69 76 
69 77 
69 78 
69 80 
70 71 
70 72 
70 73 
70 74 
70 76 
70 77 
70 78 
70 79 
70 80 
71 73 
71 74 
71 75 
71 76 
71 79 
72 73 
72 74 
72 75 
72 76 
72 78 
72 79 
73 74 
73 76 
73 77 
73 78 
73 79 
73 80 
74 75 
74 77 
74 78 
74 79 
74 80 
75 77 
75 79 
75 80 
76 78 
76 79 
76 80 
77 78 
77 79 
77 80 
78 79 
78 80 
79 80 
