nNodes=60;
 nPairs=343;
Cost=

61  0  0  0  0  0  0  0  0  61  0  0  0  0  0  0  61  0  0  0  0  0  0  0  0  0  0  0  0  0  61  61  0  61  0  0  0  0  0  0  0  61  0  0  0  61  61  0  61  0  61  0  0  61  0  0  0  61  0  0  

0  61  0  0  0  0  61  0  61  0  61  0  61  0  61  0  0  0  0  0  0  61  0  61  0  61  61  0  0  0  0  0  61  0  0  0  0  61  0  61  0  0  0  0  0  0  0  0  61  0  0  0  0  0  0  0  0  0  0  61  

0  0  61  61  0  0  0  0  0  61  0  0  0  0  0  0  61  0  0  61  0  0  61  61  0  0  0  0  0  0  0  0  0  61  61  0  0  0  0  61  0  0  0  0  0  0  0  61  0  0  61  61  0  0  61  61  0  0  0  61  

0  0  61  61  0  0  0  0  0  0  0  0  0  0  0  0  0  61  0  0  61  61  0  0  0  61  0  0  0  61  0  0  0  0  61  61  0  61  0  0  0  0  0  0  0  61  61  0  61  0  61  0  0  61  0  61  0  0  0  61  

0  0  0  0  61  0  61  0  0  0  0  0  0  61  0  0  0  0  61  0  0  0  61  0  0  0  0  0  0  0  0  0  0  0  61  0  0  0  0  61  0  61  0  0  0  0  0  0  0  0  61  0  0  61  0  0  61  0  0  0  

0  0  0  0  0  61  0  0  61  0  61  0  0  61  0  0  0  0  0  0  0  0  61  0  0  0  0  0  0  61  61  0  0  0  61  0  0  61  0  61  0  0  61  0  0  0  61  0  0  0  0  0  0  61  0  0  61  61  0  0  

0  61  0  0  61  0  61  0  0  0  0  61  0  0  61  0  0  0  0  0  0  0  0  0  0  0  0  0  61  0  0  0  0  0  0  0  0  61  0  0  0  61  0  0  0  0  0  0  0  0  0  0  0  0  0  0  0  0  0  0  

0  0  0  0  0  0  0  61  0  0  0  0  61  0  0  0  0  61  0  61  61  0  0  0  0  0  0  0  0  0  61  61  0  0  61  0  61  0  0  0  0  0  0  0  0  0  61  0  0  61  61  61  61  0  0  0  0  0  0  0  

0  61  0  0  0  61  0  0  61  0  0  0  0  0  0  61  0  0  61  0  0  0  0  61  0  0  0  0  61  0  0  0  0  0  0  0  0  0  0  0  0  0  0  0  0  61  61  0  61  61  61  61  61  61  0  0  0  0  61  0  

61  0  61  0  0  0  0  0  0  61  61  0  0  0  0  0  61  0  0  0  61  0  0  0  61  0  61  0  0  61  0  61  61  0  0  0  0  0  61  61  61  0  0  0  0  0  0  61  0  0  0  0  0  0  0  0  0  0  0  0  

0  61  0  0  0  61  0  0  0  61  61  0  0  61  0  0  0  61  0  61  0  0  0  0  0  0  61  0  0  0  0  0  61  0  0  0  0  0  0  0  0  0  0  61  0  0  0  0  0  0  0  0  61  0  0  0  61  61  0  0  

0  0  0  0  0  0  61  0  0  0  0  61  0  0  0  0  0  0  0  0  0  0  0  61  0  0  0  0  0  0  0  0  0  0  0  0  0  61  0  61  0  0  0  0  0  0  61  0  0  0  0  0  0  0  0  0  0  61  0  0  

0  61  0  0  0  0  0  61  0  0  0  0  61  0  61  61  0  61  0  0  0  0  0  61  0  0  0  0  0  0  0  0  0  61  0  0  0  0  0  0  0  0  61  0  0  0  0  61  0  0  0  0  61  0  0  0  0  61  0  0  

0  0  0  0  61  61  0  0  0  0  61  0  0  61  0  0  0  0  0  0  0  61  0  0  0  0  0  61  0  0  0  0  0  0  0  0  0  0  61  61  0  0  0  61  0  0  0  0  0  0  61  0  0  61  0  0  0  61  0  0  

0  61  0  0  0  0  61  0  0  0  0  0  61  0  61  0  0  0  0  61  0  0  0  0  0  0  0  61  0  61  0  0  0  0  61  0  0  0  0  0  0  0  0  0  0  61  61  0  61  0  0  0  0  0  61  0  0  0  0  0  

0  0  0  0  0  0  0  0  61  0  0  0  61  0  0  61  0  0  0  61  0  0  0  0  0  0  0  0  0  0  0  0  0  0  0  0  0  61  0  0  0  61  0  0  61  61  0  0  0  0  0  0  0  0  0  0  0  0  0  61  

61  0  61  0  0  0  0  0  0  61  0  0  0  0  0  0  61  0  0  0  0  0  0  0  0  61  0  61  0  0  0  0  0  0  0  0  0  0  0  0  0  61  0  0  0  0  0  61  0  0  0  0  0  61  0  0  61  0  0  0  

0  0  0  61  0  0  0  61  0  0  61  0  61  0  0  0  0  61  0  0  0  0  61  61  0  0  0  0  0  0  0  61  0  0  0  0  0  0  0  0  61  0  0  0  0  61  0  0  0  0  0  0  0  0  0  0  0  0  0  61  

0  0  0  0  61  0  0  0  61  0  0  0  0  0  0  0  0  0  61  0  0  0  61  0  0  61  0  0  0  61  0  0  0  0  0  0  0  0  61  0  0  0  0  61  0  0  61  0  0  0  0  0  0  0  0  0  0  0  0  61  

0  0  61  0  0  0  0  61  0  0  61  0  0  0  61  61  0  0  0  61  0  0  0  0  0  0  0  0  0  0  0  61  61  0  61  0  0  0  61  0  0  0  0  0  0  0  0  0  61  0  0  0  0  0  0  61  0  61  0  0  

0  0  0  61  0  0  0  61  0  61  0  0  0  0  0  0  0  0  0  0  61  0  61  0  0  0  0  0  0  0  0  0  0  0  0  0  61  0  0  61  0  0  0  0  0  0  0  0  0  0  0  0  0  0  0  61  61  0  61  0  

0  61  0  61  0  0  0  0  0  0  0  0  0  61  0  0  0  0  0  0  0  61  0  0  0  0  61  0  0  0  0  0  0  61  0  0  0  0  0  0  0  0  0  0  0  0  0  0  0  0  0  61  0  0  0  0  0  61  0  61  

0  0  61  0  61  61  0  0  0  0  0  0  0  0  0  0  0  61  61  0  61  0  61  0  0  0  0  0  0  0  0  61  0  61  61  0  0  0  61  0  0  0  0  0  0  0  0  61  0  0  0  61  0  0  61  61  0  0  0  0  

0  61  61  0  0  0  0  0  61  0  0  61  61  0  0  0  0  61  0  0  0  0  0  61  0  0  0  0  0  0  0  0  0  0  0  0  0  0  0  0  0  0  0  0  0  0  0  0  61  0  0  0  0  61  0  0  0  0  0  61  

0  0  0  0  0  0  0  0  0  61  0  0  0  0  0  0  0  0  0  0  0  0  0  0  61  0  0  0  0  0  0  0  0  0  61  0  0  61  0  61  0  0  0  0  0  0  0  61  61  61  0  0  0  0  61  0  0  61  0  0  

0  61  0  61  0  0  0  0  0  0  0  0  0  0  0  0  61  0  61  0  0  0  0  0  0  61  0  0  0  0  0  0  0  0  0  0  0  0  0  0  61  0  0  0  0  61  0  61  61  0  0  0  0  0  61  61  61  0  0  0  

0  61  0  0  0  0  0  0  0  61  61  0  0  0  0  0  0  0  0  0  0  61  0  0  0  0  61  0  0  0  0  61  0  61  0  0  0  0  0  61  0  0  0  0  61  61  0  61  0  0  61  0  0  0  61  61  0  0  0  0  

0  0  0  0  0  0  0  0  0  0  0  0  0  61  61  0  61  0  0  0  0  0  0  0  0  0  0  61  0  0  0  0  61  0  0  0  0  61  0  61  0  61  0  0  0  0  0  61  0  0  0  0  0  0  0  0  0  61  0  0  

0  0  0  0  0  0  61  0  61  0  0  0  0  0  0  0  0  0  0  0  0  0  0  0  0  0  0  0  61  0  0  0  0  61  0  61  0  61  61  0  0  0  0  0  0  0  0  0  61  0  0  0  61  0  0  0  61  0  0  0  

0  0  0  61  0  61  0  0  0  61  0  0  0  0  61  0  0  0  61  0  0  0  0  0  0  0  0  0  0  61  61  0  0  0  0  0  0  0  61  0  0  0  61  0  61  0  0  0  0  0  0  0  0  0  0  0  0  0  61  0  

61  0  0  0  0  61  0  61  0  0  0  0  0  0  0  0  0  0  0  0  0  0  0  0  0  0  0  0  0  61  61  0  0  0  0  0  61  0  0  0  0  0  0  61  0  0  61  61  0  0  0  0  0  0  61  0  0  0  0  0  

61  0  0  0  0  0  0  61  0  61  0  0  0  0  0  0  0  61  0  61  0  0  61  0  0  0  61  0  0  0  0  61  0  0  0  0  0  0  0  61  0  0  0  0  0  0  0  0  0  0  61  0  0  0  0  0  0  0  0  0  

0  61  0  0  0  0  0  0  0  61  61  0  0  0  0  0  0  0  0  61  0  0  0  0  0  0  0  61  0  0  0  0  61  61  0  0  0  0  61  0  0  61  0  61  0  61  61  61  0  0  0  0  0  0  0  61  0  0  0  0  

61  0  61  0  0  0  0  0  0  0  0  0  61  0  0  0  0  0  0  0  0  61  61  0  0  0  61  0  61  0  0  0  61  61  0  0  61  0  0  0  0  0  61  0  0  0  0  0  0  0  61  0  61  61  0  0  61  0  0  0  

0  0  61  61  61  61  0  61  0  0  0  0  0  0  61  0  0  0  0  61  0  0  61  0  61  0  0  0  0  0  0  0  0  0  61  0  61  0  0  0  61  61  0  0  0  0  0  0  0  0  0  0  0  0  0  0  0  0  0  0  

0  0  0  61  0  0  0  0  0  0  0  0  0  0  0  0  0  0  0  0  0  0  0  0  0  0  0  0  61  0  0  0  0  0  0  61  0  61  0  61  0  61  0  0  61  0  0  0  0  0  0  0  0  0  0  0  61  0  0  0  

0  0  0  0  0  0  0  61  0  0  0  0  0  0  0  0  0  0  0  0  61  0  0  0  0  0  0  0  0  0  61  0  0  61  61  0  61  0  0  0  0  0  61  0  0  0  0  0  61  0  61  0  0  0  61  61  61  0  0  0  

0  61  0  61  0  61  61  0  0  0  0  61  0  0  0  61  0  0  0  0  0  0  0  0  61  0  0  61  61  0  0  0  0  0  0  61  0  61  0  0  61  0  61  0  0  61  0  0  61  61  0  61  0  0  0  61  0  0  0  0  

0  0  0  0  0  0  0  0  0  61  0  0  0  61  0  0  0  0  61  61  0  0  61  0  0  0  0  0  61  61  0  0  61  0  0  0  0  0  61  0  0  0  0  0  0  0  61  0  0  0  0  0  0  0  0  61  0  61  0  0  

0  61  61  0  61  61  0  0  0  61  0  61  0  61  0  0  0  0  0  0  61  0  0  0  61  0  61  61  0  0  0  61  0  0  0  61  0  0  0  61  61  0  0  0  0  0  0  0  61  0  0  0  0  0  61  61  0  0  0  0  

0  0  0  0  0  0  0  0  0  61  0  0  0  0  0  0  0  61  0  0  0  0  0  0  0  61  0  0  0  0  0  0  0  0  61  0  0  61  0  61  61  0  0  0  0  0  61  0  61  0  0  0  0  0  0  0  0  0  0  61  

61  0  0  0  61  0  61  0  0  0  0  0  0  0  0  61  61  0  0  0  0  0  0  0  0  0  0  61  0  0  0  0  61  0  61  61  0  0  0  0  0  61  0  0  61  0  61  0  0  0  0  0  0  0  0  61  0  61  0  61  

0  0  0  0  0  61  0  0  0  0  0  0  61  0  0  0  0  0  0  0  0  0  0  0  0  0  0  0  0  61  0  0  0  61  0  0  61  61  0  0  0  0  61  61  0  0  0  0  0  0  0  0  0  0  61  61  0  0  0  0  

0  0  0  0  0  0  0  0  0  0  61  0  0  61  0  0  0  0  61  0  0  0  0  0  0  0  0  0  0  0  61  0  61  0  0  0  0  0  0  0  0  0  61  61  61  0  0  0  0  0  0  0  0  0  0  0  0  0  0  61  

0  0  0  0  0  0  0  0  0  0  0  0  0  0  0  61  0  0  0  0  0  0  0  0  0  0  61  0  0  61  0  0  0  0  0  61  0  0  0  0  0  61  0  61  61  61  0  0  0  0  0  0  0  0  0  61  0  0  0  0  

61  0  0  61  0  0  0  0  61  0  0  0  0  0  61  61  0  61  0  0  0  0  0  0  0  61  61  0  0  0  0  0  61  0  0  0  0  61  0  0  0  0  0  0  61  61  0  0  0  0  61  0  0  61  61  61  0  61  61  0  

61  0  0  61  0  61  0  61  61  0  0  61  0  0  61  0  0  0  61  0  0  0  0  0  0  0  0  0  0  0  61  0  61  0  0  0  0  0  61  0  61  61  0  0  0  0  61  61  0  61  0  61  0  0  0  0  61  0  61  0  

0  0  61  0  0  0  0  0  0  61  0  0  61  0  0  0  61  0  0  0  0  0  61  0  61  61  61  61  0  0  61  0  61  0  0  0  0  0  0  0  0  0  0  0  0  0  61  61  0  0  0  0  0  61  0  0  0  61  0  61  

61  61  0  61  0  0  0  0  61  0  0  0  0  0  61  0  0  0  0  61  0  0  0  61  61  61  0  0  61  0  0  0  0  0  0  0  61  61  0  61  61  0  0  0  0  0  0  0  61  0  0  0  0  61  0  0  61  0  0  0  

0  0  0  0  0  0  0  61  61  0  0  0  0  0  0  0  0  0  0  0  0  0  0  0  61  0  0  0  0  0  0  0  0  0  0  0  0  61  0  0  0  0  0  0  0  0  61  0  0  61  0  61  0  0  0  0  0  0  0  0  

61  0  61  61  61  0  0  61  61  0  0  0  0  61  0  0  0  0  0  0  0  0  0  0  0  0  61  0  0  0  0  61  0  61  0  0  61  0  0  0  0  0  0  0  0  61  0  0  0  0  61  61  0  0  0  61  0  0  0  0  

0  0  61  0  0  0  0  61  61  0  0  0  0  0  0  0  0  0  0  0  0  61  61  0  0  0  0  0  0  0  0  0  0  0  0  0  0  61  0  0  0  0  0  0  0  0  61  0  0  61  61  61  0  0  0  0  0  0  0  0  

0  0  0  0  0  0  0  61  61  0  61  0  61  0  0  0  0  0  0  0  0  0  0  0  0  0  0  0  61  0  0  0  0  61  0  0  0  0  0  0  0  0  0  0  0  0  0  0  0  0  0  0  61  0  0  0  0  0  0  0  

61  0  0  61  61  61  0  0  61  0  0  0  0  61  0  0  61  0  0  0  0  0  0  61  0  0  0  0  0  0  0  0  0  61  0  0  0  0  0  0  0  0  0  0  0  61  0  61  61  0  0  0  0  61  0  0  61  0  0  0  

0  0  61  0  0  0  0  0  0  0  0  0  0  0  61  0  0  0  0  0  0  0  61  0  61  61  61  0  0  0  61  0  0  0  0  0  61  0  0  61  0  0  61  0  0  61  0  0  0  0  0  0  0  0  61  0  0  0  0  0  

0  0  61  61  0  0  0  0  0  0  0  0  0  0  0  0  0  0  0  61  61  0  61  0  0  61  61  0  0  0  0  0  61  0  0  0  61  61  61  61  0  61  61  0  61  61  0  0  0  0  61  0  0  0  0  61  0  0  0  0  

0  0  0  0  61  61  0  0  0  0  61  0  0  0  0  0  61  0  0  0  61  0  0  0  0  61  0  0  61  0  0  0  0  61  0  61  61  0  0  0  0  0  0  0  0  0  61  0  61  0  0  0  0  61  0  0  61  0  61  0  

61  0  0  0  0  61  0  0  0  0  61  61  61  61  0  0  0  0  0  61  0  61  0  0  61  0  0  61  0  0  0  0  0  0  0  0  0  0  61  0  0  61  0  0  0  61  0  61  0  0  0  0  0  0  0  0  0  61  0  0  

0  0  0  0  0  0  0  0  61  0  0  0  0  0  0  0  0  0  0  0  61  0  0  0  0  0  0  0  0  61  0  0  0  0  0  0  0  0  0  0  0  0  0  0  0  61  61  0  0  0  0  0  0  0  0  0  61  0  61  0  

0  61  61  61  0  0  0  0  0  0  0  0  0  0  0  61  0  61  61  0  0  61  0  61  0  0  0  0  0  0  0  0  0  0  0  0  0  0  0  0  61  61  0  61  0  0  0  61  0  0  0  0  0  0  0  0  0  0  0  61  

UnPairedArc=
1 10 
1 17 
1 31 
1 32 
1 34 
1 42 
1 46 
1 47 
1 49 
1 51 
1 54 
1 58 
2 7 
2 9 
2 11 
2 13 
2 15 
2 22 
2 24 
2 26 
2 27 
2 33 
2 38 
2 40 
2 49 
2 60 
3 4 
3 10 
3 17 
3 20 
3 23 
3 24 
3 34 
3 35 
3 40 
3 48 
3 51 
3 52 
3 55 
3 56 
3 60 
4 18 
4 21 
4 22 
4 26 
4 30 
4 35 
4 36 
4 38 
4 46 
4 47 
4 49 
4 51 
4 54 
4 56 
4 60 
5 7 
5 14 
5 19 
5 23 
5 35 
5 40 
5 42 
5 51 
5 54 
5 57 
6 9 
6 11 
6 14 
6 23 
6 30 
6 31 
6 35 
6 38 
6 40 
6 43 
6 47 
6 54 
6 57 
6 58 
7 12 
7 15 
7 29 
7 38 
7 42 
8 13 
8 18 
8 20 
8 21 
8 31 
8 32 
8 35 
8 37 
8 47 
8 50 
8 51 
8 52 
8 53 
9 16 
9 19 
9 24 
9 29 
9 46 
9 47 
9 49 
9 50 
9 51 
9 52 
9 53 
9 54 
9 59 
10 11 
10 17 
10 21 
10 25 
10 27 
10 30 
10 32 
10 33 
10 39 
10 40 
10 41 
10 48 
11 14 
11 18 
11 20 
11 27 
11 33 
11 44 
11 53 
11 57 
11 58 
12 24 
12 38 
12 40 
12 47 
12 58 
13 15 
13 16 
13 18 
13 24 
13 34 
13 43 
13 48 
13 53 
13 58 
14 22 
14 28 
14 39 
14 40 
14 44 
14 51 
14 54 
14 58 
15 20 
15 28 
15 30 
15 35 
15 46 
15 47 
15 49 
15 55 
16 20 
16 38 
16 42 
16 45 
16 46 
16 60 
17 26 
17 28 
17 42 
17 48 
17 54 
17 57 
18 23 
18 24 
18 32 
18 41 
18 46 
18 60 
19 23 
19 26 
19 30 
19 39 
19 44 
19 47 
19 60 
20 32 
20 33 
20 35 
20 39 
20 49 
20 56 
20 58 
21 23 
21 37 
21 40 
21 56 
21 57 
21 59 
22 27 
22 34 
22 52 
22 58 
22 60 
23 32 
23 34 
23 35 
23 39 
23 48 
23 52 
23 55 
23 56 
24 49 
24 54 
24 60 
25 35 
25 38 
25 40 
25 48 
25 49 
25 50 
25 55 
25 58 
26 41 
26 46 
26 48 
26 49 
26 55 
26 56 
26 57 
27 32 
27 34 
27 40 
27 45 
27 46 
27 48 
27 51 
27 55 
27 56 
28 33 
28 38 
28 40 
28 42 
28 48 
28 58 
29 34 
29 36 
29 38 
29 39 
29 49 
29 53 
29 57 
30 31 
30 39 
30 43 
30 45 
30 59 
31 37 
31 44 
31 47 
31 48 
31 55 
32 40 
32 51 
33 34 
33 39 
33 42 
33 44 
33 46 
33 47 
33 48 
33 56 
34 37 
34 43 
34 51 
34 53 
34 54 
34 57 
35 37 
35 41 
35 42 
36 38 
36 40 
36 42 
36 45 
36 57 
37 43 
37 49 
37 51 
37 55 
37 56 
37 57 
38 41 
38 43 
38 46 
38 49 
38 50 
38 52 
38 56 
39 47 
39 56 
39 58 
40 41 
40 49 
40 55 
40 56 
41 47 
41 49 
41 60 
42 45 
42 47 
42 56 
42 58 
42 60 
43 44 
43 55 
43 56 
44 45 
44 60 
45 46 
45 56 
46 51 
46 54 
46 55 
46 56 
46 58 
46 59 
47 48 
47 50 
47 52 
47 57 
47 59 
48 54 
48 58 
48 60 
49 54 
49 57 
50 52 
51 52 
51 56 
54 57 
57 59 
