nNodes=100;
 nPairs=2426;
Cost=

101  101  0  0  101  0  101  101  101  101  101  0  101  0  0  101  0  101  0  101  0  0  101  101  0  0  0  101  101  101  0  101  101  101  101  101  101  0  101  101  0  101  101  0  0  101  101  0  101  0  0  101  101  101  0  0  0  0  101  0  101  101  0  101  101  0  101  0  101  101  0  0  0  0  101  101  0  0  0  101  0  0  101  101  0  0  0  0  101  0  0  101  0  101  0  101  101  0  0  0  

101  101  0  101  101  101  101  101  101  0  101  0  101  0  101  101  101  0  0  101  101  0  0  0  101  0  101  101  0  101  101  0  0  0  0  101  101  0  101  0  0  101  0  0  0  0  0  101  101  0  0  0  101  0  0  0  0  101  101  101  0  0  0  101  101  101  101  101  101  101  101  101  101  0  0  101  0  0  101  101  0  0  101  0  0  0  101  101  101  101  0  101  101  0  101  0  0  0  101  101  

0  0  101  0  0  101  0  0  0  101  101  0  0  0  0  0  101  0  0  0  0  0  101  0  101  0  0  0  0  101  101  0  0  101  101  101  101  0  0  0  101  101  0  0  101  101  101  101  0  101  101  101  0  0  101  0  0  101  0  101  0  0  0  0  0  101  0  101  101  101  101  101  0  101  0  101  101  101  101  101  0  101  101  0  0  0  101  0  101  0  101  101  101  101  101  0  101  101  101  0  

0  101  0  101  101  0  101  101  0  0  101  0  0  0  0  101  0  0  101  101  101  0  0  0  0  0  101  0  101  0  101  101  0  0  101  0  0  101  0  0  0  0  0  0  0  101  0  0  101  0  0  101  0  0  0  0  101  0  101  101  101  101  101  0  0  101  101  0  101  101  101  101  0  0  0  101  101  101  101  101  101  101  101  101  101  0  0  101  0  101  101  0  101  101  101  0  0  101  101  101  

101  101  0  101  101  101  101  101  101  0  0  101  0  101  0  0  101  101  0  101  101  0  101  0  0  101  0  101  0  0  101  101  0  0  0  101  101  0  0  101  0  0  101  101  101  101  0  101  101  0  101  101  101  0  0  0  101  101  0  0  0  101  101  0  101  0  0  0  0  0  101  0  0  0  101  101  0  0  101  0  101  0  101  101  0  0  101  101  101  0  101  101  101  0  101  0  101  101  101  101  

0  101  101  0  101  101  0  0  101  0  101  101  0  101  101  0  0  0  101  101  101  0  0  101  101  0  101  101  0  0  101  0  101  101  0  101  0  0  101  101  0  0  0  101  101  0  101  101  0  101  101  0  101  101  0  101  101  0  101  101  0  101  0  101  0  101  101  101  101  101  101  0  0  0  0  0  101  101  0  0  101  0  0  0  0  0  0  0  0  101  0  0  101  0  0  0  0  0  101  0  

101  101  0  101  101  0  101  101  0  0  101  0  101  101  101  0  0  0  0  0  101  101  0  101  0  0  101  0  0  101  101  0  0  101  0  0  101  101  0  0  101  0  101  0  101  0  0  101  101  101  101  0  0  101  101  0  0  0  101  0  0  101  101  0  0  0  101  0  0  101  0  101  101  0  101  101  0  101  101  0  0  0  101  101  101  0  0  101  101  0  0  101  101  101  0  101  101  101  0  0  

101  101  0  101  101  0  101  101  101  101  0  101  101  101  101  101  0  0  0  0  0  101  0  0  0  0  101  101  0  101  0  0  101  0  0  101  0  101  0  0  101  0  0  101  101  0  0  101  101  101  0  101  101  0  0  101  101  101  0  101  0  101  101  101  101  0  0  101  0  101  0  101  0  0  101  101  101  101  0  101  101  0  0  101  101  101  0  101  101  0  101  101  0  0  101  0  0  0  0  0  

101  101  0  0  101  101  0  101  101  0  101  101  101  101  101  0  0  101  101  0  101  101  0  0  0  0  101  0  0  0  101  101  101  0  101  0  101  0  101  0  0  101  101  101  101  101  101  0  101  101  101  0  0  101  0  101  101  101  101  101  101  101  0  0  0  101  0  0  101  101  0  101  101  101  0  101  0  0  101  101  0  101  0  0  0  101  0  101  101  0  101  101  0  101  101  0  0  0  101  0  

101  0  101  0  0  0  0  101  0  101  0  101  0  101  0  0  0  101  101  101  0  101  101  0  0  101  101  101  101  0  101  101  101  0  0  0  101  101  0  0  101  101  0  0  101  101  0  101  0  0  101  0  0  101  101  101  0  101  101  101  0  0  0  101  101  0  0  101  0  0  101  101  101  101  101  101  0  0  101  0  101  101  101  101  0  0  0  101  101  0  0  0  101  101  101  101  0  101  101  101  

101  101  101  101  0  101  101  0  101  0  101  0  101  101  0  0  101  101  0  101  0  101  101  0  0  0  0  0  0  101  101  101  101  101  0  0  101  101  101  0  0  0  0  0  0  0  0  101  101  0  101  0  0  101  101  101  101  0  0  0  0  101  0  0  101  0  0  101  101  0  0  101  101  0  101  0  0  0  0  0  0  101  0  0  0  0  0  0  0  101  101  101  101  0  101  101  101  101  101  0  

0  0  0  0  101  101  0  101  101  101  0  101  101  0  101  0  0  0  101  101  0  101  101  101  0  0  0  101  0  0  0  0  101  0  101  101  0  0  0  101  101  0  0  101  0  101  101  101  101  101  101  0  0  101  101  101  0  0  0  101  0  101  0  0  101  0  101  0  101  0  0  0  0  101  101  0  0  101  0  0  0  101  101  0  101  0  0  101  0  101  101  101  0  0  101  101  101  101  0  0  

101  101  0  0  0  0  101  101  101  0  101  101  101  101  0  0  0  0  101  101  101  0  0  0  0  101  0  0  101  101  101  0  101  0  101  0  101  101  0  0  101  101  0  0  0  101  101  0  0  101  0  101  0  101  0  0  0  101  101  0  0  101  0  101  0  0  101  101  101  0  0  101  101  0  0  0  0  0  101  0  101  101  0  101  101  0  0  0  0  101  101  101  101  101  101  0  101  101  101  0  

0  0  0  0  101  101  101  101  101  101  101  0  101  101  101  0  0  0  101  101  101  0  0  0  0  0  101  0  0  101  0  0  0  0  101  101  0  0  0  0  0  101  0  101  0  0  0  101  0  0  0  0  101  101  0  0  101  0  101  0  0  0  101  0  101  101  0  101  0  101  101  0  101  0  101  101  101  101  0  0  101  101  0  0  0  101  101  101  0  101  0  0  0  101  0  0  101  0  0  0  

0  101  0  0  0  101  101  101  101  0  0  101  0  101  101  0  101  0  0  0  101  0  0  0  0  0  101  0  0  101  0  101  0  0  0  101  101  0  0  0  101  101  101  101  0  0  0  0  101  101  101  101  101  0  0  101  0  101  101  0  0  0  101  101  0  0  101  101  101  0  0  101  101  0  0  101  101  101  0  0  0  0  0  0  0  101  0  0  101  0  0  101  101  101  0  101  101  0  0  0  

101  101  0  101  0  0  0  101  0  0  0  0  0  0  0  101  101  0  0  101  0  101  0  0  101  101  0  0  101  101  0  0  101  0  0  101  101  0  101  0  101  101  0  101  0  101  101  101  0  0  0  0  101  101  101  0  101  101  0  101  101  101  101  0  101  101  101  101  0  101  0  0  0  101  101  0  101  0  0  0  0  101  0  101  0  0  0  101  101  101  0  101  101  101  0  101  101  0  101  101  

0  101  101  0  101  0  0  0  0  0  101  0  0  0  101  101  101  101  0  0  0  101  101  101  101  101  101  101  0  101  101  0  0  0  101  0  101  0  0  101  0  101  0  101  101  101  0  0  0  101  101  101  101  101  101  0  0  0  0  101  0  0  0  101  101  0  101  101  101  101  101  0  0  0  101  0  0  101  0  0  0  0  0  0  0  0  101  101  0  101  101  101  0  0  101  101  0  101  101  101  

101  0  0  0  101  0  0  0  101  101  101  0  0  0  0  0  101  101  101  0  0  101  0  0  101  101  101  0  0  101  101  101  101  0  0  0  101  0  101  0  0  101  101  0  0  101  0  0  0  0  0  101  101  101  0  0  101  0  0  0  101  0  101  101  101  101  101  0  101  101  101  0  101  0  0  0  101  101  101  0  0  101  101  0  0  0  0  101  101  101  101  0  0  101  101  101  0  0  0  101  

0  0  0  101  0  101  0  0  101  101  0  101  101  101  0  0  0  101  101  0  101  0  101  101  0  0  0  101  101  0  101  0  0  101  101  0  101  101  101  101  101  101  101  0  101  101  0  101  0  101  101  101  0  0  101  0  0  101  0  101  101  101  101  101  101  0  101  101  101  101  0  101  101  0  0  101  0  101  101  0  101  0  0  0  0  101  0  101  0  101  0  101  0  0  101  0  0  101  101  0  

101  101  0  101  101  101  0  0  0  101  101  101  101  101  0  101  0  0  0  101  101  0  0  0  0  0  101  0  0  0  101  101  101  101  101  0  0  101  0  101  101  101  101  101  0  0  101  0  101  0  0  0  0  0  0  0  0  0  0  101  101  101  0  0  101  101  0  0  0  0  101  101  0  101  0  101  101  101  0  101  0  0  0  101  0  101  101  0  101  0  101  101  101  0  0  0  0  0  101  0  

0  101  0  101  101  101  101  0  101  0  0  0  101  101  101  0  0  0  101  101  101  0  0  0  101  101  0  0  0  0  0  101  101  101  0  0  101  0  0  101  0  101  0  0  101  0  101  0  101  0  0  101  0  0  0  0  101  101  0  101  0  101  101  101  0  0  101  0  0  0  101  101  101  101  0  101  0  101  101  101  101  101  0  101  0  101  0  0  101  0  0  101  101  101  101  0  0  101  101  0  

0  0  0  0  0  0  101  101  101  101  101  101  0  0  0  101  101  101  0  0  0  101  0  0  101  0  101  0  101  101  101  101  0  101  0  101  101  0  101  101  0  101  0  101  101  101  0  0  101  0  101  101  101  0  0  101  101  0  0  0  0  101  0  0  0  101  101  101  0  0  0  101  0  0  0  0  0  101  101  0  0  0  101  0  0  101  101  0  0  0  101  0  0  0  101  0  0  101  0  0  

101  0  101  0  101  0  0  0  0  101  101  101  0  0  0  0  101  0  101  0  0  0  101  0  0  101  101  0  101  101  101  101  0  101  101  0  0  101  101  101  0  101  101  101  101  0  101  0  101  0  0  0  101  0  101  101  101  0  101  101  101  0  101  101  101  101  101  0  101  101  101  0  0  0  0  0  0  0  101  0  0  101  101  101  0  0  0  101  0  101  101  101  0  101  0  101  0  0  0  0  

101  0  0  0  0  101  101  0  0  0  0  101  0  0  0  0  101  0  101  0  0  0  0  101  101  0  101  0  0  0  101  101  0  101  0  101  101  0  0  101  101  0  0  0  0  101  101  0  0  0  0  101  101  101  101  0  101  101  0  0  101  0  0  0  101  101  0  0  0  101  101  101  0  101  0  0  0  0  101  0  0  101  0  0  101  0  101  101  0  0  101  0  0  0  101  0  101  0  101  0  

0  101  101  0  0  101  0  0  0  0  0  0  0  0  0  101  101  101  0  0  101  101  0  101  101  0  0  101  101  0  0  101  101  101  0  0  101  101  0  0  0  0  101  101  0  0  0  101  101  0  101  0  0  0  0  0  101  0  101  0  0  0  0  101  101  0  101  0  101  0  101  101  0  101  101  101  0  101  0  0  101  101  0  0  101  0  101  0  101  101  101  0  101  101  0  0  0  0  0  101  

0  0  0  0  101  0  0  0  0  101  0  0  101  0  0  101  101  101  0  0  101  0  101  0  0  101  101  101  101  0  101  101  101  0  101  101  0  0  0  0  101  101  101  0  101  101  0  0  101  101  101  101  0  101  0  0  101  101  101  101  0  0  101  0  0  0  0  101  101  0  101  0  0  101  0  0  101  0  101  0  0  101  0  101  101  101  0  101  101  101  0  0  0  101  101  0  101  0  101  101  

0  101  0  101  0  101  101  101  101  101  0  0  0  101  101  0  101  101  0  101  0  101  101  101  0  101  101  101  101  0  101  101  0  0  101  0  0  0  0  0  101  0  0  0  0  101  101  101  0  101  101  101  101  0  101  101  101  101  101  0  0  101  0  101  101  0  0  101  0  101  101  101  0  0  101  101  0  101  101  0  101  101  0  101  0  101  101  0  0  0  0  0  0  0  0  0  101  0  101  0  

101  101  0  0  101  101  0  101  0  101  0  101  0  0  0  0  101  0  101  0  0  0  0  0  101  101  101  101  0  0  101  0  0  101  101  101  101  101  101  101  0  0  0  0  101  101  0  0  101  101  101  0  101  101  0  0  0  101  101  101  0  0  101  101  101  101  101  101  0  101  0  0  0  0  101  101  0  0  101  0  101  101  101  101  0  101  101  0  101  101  0  101  101  0  0  0  0  0  0  0  

101  0  0  101  0  0  0  0  0  101  0  0  101  0  0  101  0  0  101  0  0  101  101  0  101  101  101  0  101  0  0  0  0  101  0  101  0  0  0  101  101  0  0  101  101  0  101  0  101  101  101  101  0  101  0  101  101  0  0  0  0  101  101  101  101  101  0  101  101  0  101  0  101  0  101  101  0  101  101  0  0  0  101  101  0  0  0  101  0  101  0  101  101  101  0  101  0  101  101  101  

101  101  101  0  0  0  101  101  0  0  101  0  101  101  101  101  101  101  0  0  0  101  101  0  0  0  0  0  0  101  101  101  0  101  0  0  101  101  0  0  0  0  101  0  0  0  0  0  101  0  0  0  0  101  101  0  0  101  0  0  101  0  0  101  101  0  101  101  0  0  0  101  0  0  0  0  101  0  0  0  0  101  0  101  0  0  0  101  0  0  101  0  101  101  0  101  101  0  101  101  

0  101  101  101  101  101  101  0  101  101  101  0  101  0  0  0  101  101  101  101  0  101  101  101  0  101  101  101  0  101  101  0  101  0  0  101  101  0  101  101  0  101  0  101  0  101  0  101  101  0  0  0  0  0  0  0  0  101  0  0  0  0  101  0  101  101  101  0  0  101  101  101  101  0  101  101  0  0  0  101  101  0  101  0  101  0  101  101  101  101  101  101  0  101  101  101  0  0  101  101  

101  0  0  101  101  0  0  0  101  101  101  0  0  0  101  0  0  101  0  101  101  101  101  101  101  101  101  0  0  101  0  101  0  0  0  101  101  0  0  101  101  0  101  0  101  101  0  101  101  101  0  0  101  0  101  101  0  101  0  101  0  101  0  101  0  0  101  0  0  0  0  101  101  101  101  101  0  101  101  0  0  101  0  101  101  0  101  0  0  0  101  0  0  101  0  101  101  101  101  0  

101  0  0  0  0  101  0  101  101  101  101  101  101  0  0  101  0  101  0  101  101  0  0  0  101  101  0  0  0  0  101  0  101  0  101  0  0  101  101  101  0  0  101  101  101  0  0  101  101  101  0  0  101  101  101  101  101  0  101  101  101  0  0  0  0  101  0  101  101  0  0  101  0  101  0  0  0  0  0  101  0  101  0  101  0  101  0  0  0  101  0  101  101  101  0  101  101  0  0  0  

101  0  101  0  0  101  101  0  0  0  101  0  0  0  0  0  0  0  101  101  101  101  101  101  101  0  0  101  101  101  0  0  0  101  101  0  101  101  101  101  101  101  101  101  0  101  0  0  101  101  0  0  101  101  0  0  101  0  0  0  101  101  101  101  0  0  0  101  101  101  101  0  0  0  0  101  101  0  0  101  101  101  0  0  101  101  101  101  101  0  101  101  0  0  101  101  0  101  0  0  

101  0  101  101  0  0  0  0  101  0  0  101  101  101  0  0  101  0  101  101  0  0  101  0  0  101  101  101  0  0  0  0  101  101  101  101  0  0  101  101  0  0  0  101  0  0  0  101  101  0  0  0  101  101  101  0  0  0  101  0  101  0  0  101  0  0  101  101  0  0  101  0  0  0  101  101  101  101  0  101  101  0  101  0  101  101  0  0  101  0  0  101  0  0  0  101  101  101  0  0  

101  101  101  0  101  101  0  101  0  0  0  101  0  101  101  101  0  0  0  0  0  101  0  101  0  101  0  101  101  0  101  101  0  0  101  101  0  0  0  101  101  101  0  0  101  0  0  0  101  0  101  0  101  0  101  0  0  0  0  101  0  101  101  0  101  0  101  101  0  0  0  101  0  101  101  0  0  101  0  101  101  101  101  0  101  0  101  0  0  101  101  0  0  101  101  101  0  0  101  101  

101  101  101  0  101  0  101  0  101  101  101  0  101  0  101  101  101  101  101  0  101  101  0  101  101  0  0  101  0  101  101  101  0  101  0  0  101  0  0  0  0  101  0  101  101  0  101  101  101  101  101  0  0  101  101  101  101  101  101  101  0  101  101  0  0  0  0  101  101  101  101  0  0  0  0  101  0  0  101  0  0  0  101  101  0  101  101  101  0  0  0  101  101  0  101  101  101  0  101  0  

0  0  0  101  0  0  101  101  0  101  101  0  101  0  0  0  0  0  101  101  0  0  101  0  101  0  0  101  0  101  0  0  101  101  0  0  0  101  101  101  0  0  101  101  0  101  101  101  101  0  101  101  101  0  101  0  101  101  0  0  0  0  0  0  101  0  101  0  101  101  0  0  101  101  101  0  0  0  0  101  0  101  0  101  101  101  0  0  0  101  0  101  101  0  101  101  101  0  101  101  

101  101  0  0  0  101  0  0  101  0  101  0  0  0  0  101  0  101  101  0  0  101  101  0  0  0  0  101  0  0  101  0  101  101  101  0  0  101  101  0  0  0  101  101  0  0  0  101  101  0  0  0  101  0  101  0  0  101  0  0  101  0  0  101  101  0  101  101  0  101  0  0  0  0  101  0  0  101  101  101  101  0  0  0  101  0  101  101  0  0  0  101  101  101  0  101  0  101  0  101  

101  0  0  0  101  101  0  0  0  0  0  101  0  0  0  0  101  0  101  101  101  101  101  101  0  0  0  101  101  0  101  101  101  101  101  101  0  101  0  101  101  101  0  0  101  101  101  0  0  0  0  0  0  0  0  0  101  101  101  0  101  101  0  0  101  0  101  101  0  0  0  0  0  101  0  101  101  0  101  0  0  0  101  0  101  0  0  0  101  101  0  101  101  0  0  101  0  0  101  101  

0  0  101  0  0  0  101  101  0  101  0  101  101  0  101  101  0  0  101  101  0  0  0  101  0  101  101  0  101  0  0  101  0  101  0  101  0  0  0  101  101  0  101  0  101  101  0  0  0  101  0  0  0  0  0  0  101  0  0  0  101  101  0  0  0  101  0  101  0  0  0  101  0  0  101  101  0  0  101  101  101  101  101  101  0  101  0  0  0  0  101  0  101  0  0  0  0  0  101  101  

101  101  101  0  0  0  0  0  101  101  0  0  101  101  101  101  101  101  101  101  101  101  101  0  0  101  0  0  0  0  101  0  0  101  0  101  101  0  0  101  0  101  101  0  101  0  0  101  101  101  0  101  0  101  101  0  0  101  101  101  101  0  0  0  101  101  0  0  0  0  101  0  101  0  0  101  101  0  0  0  0  101  101  101  0  0  101  0  0  0  0  101  0  101  0  0  0  101  101  101  

101  0  0  0  101  0  101  0  101  0  0  0  0  0  101  0  0  101  101  101  0  0  101  0  101  101  0  0  0  101  0  101  101  101  0  0  0  101  101  0  101  101  101  0  0  0  101  101  101  101  101  101  0  0  0  0  0  101  101  101  0  101  101  0  101  0  101  0  101  0  0  101  101  0  101  0  0  0  0  101  0  0  0  101  0  101  101  0  0  101  101  0  101  101  101  101  0  101  0  101  

0  0  0  0  101  101  0  101  101  0  0  101  0  101  101  101  101  0  0  101  0  101  101  0  101  0  0  0  101  0  101  0  101  101  101  0  101  101  101  0  0  0  0  101  101  0  101  0  101  0  101  0  0  101  0  0  0  101  101  0  101  0  0  101  0  0  101  101  101  0  0  0  101  0  101  0  101  0  101  0  0  101  101  101  101  101  101  101  101  101  0  101  101  0  101  0  0  0  101  101  

0  0  101  0  101  101  101  101  101  101  0  0  0  0  0  0  101  0  101  0  101  101  101  0  0  101  0  101  101  0  0  101  101  0  0  101  101  0  0  101  101  101  0  101  101  0  0  0  101  101  0  101  0  101  0  101  101  0  101  0  101  0  101  101  101  0  101  101  0  101  101  101  0  0  0  0  0  0  101  101  101  0  101  101  101  101  101  101  101  101  0  0  0  101  0  0  101  0  0  0  

101  0  101  101  101  0  0  0  101  101  0  101  101  0  0  101  101  101  101  0  0  101  0  101  0  101  101  101  0  0  101  101  0  101  0  0  0  101  0  101  101  0  0  0  0  101  0  101  0  0  101  101  0  0  0  101  0  0  0  0  101  101  0  101  0  0  101  101  0  101  0  0  101  101  101  0  0  0  101  101  0  101  101  0  101  101  101  0  0  0  0  101  0  0  101  0  0  0  101  0  

101  0  101  0  0  101  0  0  101  0  0  101  101  0  0  101  0  0  0  101  101  0  101  101  0  0  101  0  101  0  0  0  0  0  0  0  101  101  0  101  0  0  101  101  0  0  101  0  0  101  0  0  101  101  0  101  101  0  0  0  0  0  101  0  0  101  101  101  0  0  101  0  0  0  101  101  0  0  101  101  0  0  101  101  101  101  101  101  0  101  0  101  101  0  101  0  101  0  0  101  

0  101  101  0  101  101  101  101  0  101  101  101  0  101  0  101  0  0  101  0  0  0  0  0  101  0  101  0  0  0  101  101  101  0  101  0  101  101  101  0  0  101  101  0  0  101  0  101  101  0  0  0  101  0  0  101  0  0  0  0  101  101  101  0  0  101  0  0  101  0  101  0  101  101  0  101  0  101  0  101  0  101  101  0  101  0  0  101  0  101  0  0  101  0  101  0  0  0  0  101  

101  101  0  101  101  0  101  101  101  0  101  101  0  0  101  0  0  0  0  101  101  101  101  0  101  101  0  101  101  101  101  101  101  101  101  101  101  101  101  0  0  101  101  101  101  0  0  101  101  0  101  0  0  0  101  0  101  0  0  101  101  0  0  0  0  0  0  0  101  0  101  0  101  101  0  101  0  101  101  101  101  101  0  101  0  0  0  0  101  101  101  101  101  0  0  0  0  0  101  0  

0  0  101  0  0  101  101  101  101  0  0  101  101  0  101  0  101  0  101  0  0  0  0  0  0  101  101  101  101  0  0  101  101  101  0  0  101  0  0  0  101  101  101  0  101  0  101  0  0  101  101  0  101  101  101  101  101  101  101  0  101  0  0  0  101  101  0  0  101  0  0  0  101  0  101  0  101  101  101  101  0  0  0  101  101  0  101  0  0  101  0  0  101  101  0  0  101  101  101  101  

0  0  101  0  101  101  101  0  101  101  101  101  0  0  101  0  101  0  101  0  0  101  0  0  101  101  101  101  101  0  0  0  0  0  0  101  101  101  0  0  0  0  101  101  0  101  0  0  101  101  101  0  101  101  101  0  0  101  0  0  0  101  0  0  0  101  101  0  0  101  101  101  0  101  0  0  101  101  0  0  0  0  101  101  101  101  101  101  0  0  101  0  101  0  0  0  0  101  101  0  

101  0  101  101  101  0  0  101  0  0  0  0  101  0  101  0  101  101  101  0  101  101  0  101  0  101  101  0  101  0  0  0  0  0  0  0  0  101  0  0  0  101  101  0  101  101  0  0  0  0  0  101  101  0  0  0  0  0  101  0  0  101  101  0  101  101  101  101  101  101  101  101  0  0  101  101  101  101  101  0  101  0  0  0  0  101  0  0  0  101  101  0  101  101  101  101  101  0  0  101  

101  101  0  0  101  101  0  101  0  0  0  0  0  101  101  101  101  101  0  0  0  101  101  101  0  0  101  101  0  0  0  101  101  101  101  101  0  101  101  0  0  0  0  0  0  0  101  101  0  101  101  101  101  101  0  0  101  101  0  0  0  101  0  101  101  101  101  101  101  0  0  0  101  101  101  0  0  0  0  101  0  0  0  101  101  0  101  101  101  0  101  101  101  101  101  0  101  0  0  101  

101  0  0  0  0  101  101  0  101  101  101  101  101  101  0  101  101  101  0  0  0  0  0  101  0  101  0  101  101  101  0  0  101  101  101  0  101  0  0  0  0  101  0  101  101  0  101  0  0  101  101  0  101  101  0  101  101  101  0  0  101  0  101  0  101  101  0  101  0  101  101  0  0  101  101  101  0  0  101  101  0  0  101  101  0  0  0  0  101  101  0  0  0  101  0  0  101  101  0  0  

0  0  101  0  0  0  101  0  0  101  101  101  0  0  0  101  101  0  101  0  0  0  101  101  0  0  101  0  0  101  0  101  101  0  101  101  101  101  101  0  0  101  0  0  0  0  0  0  101  101  101  0  0  0  101  101  0  101  101  101  0  0  0  0  101  101  101  101  0  0  0  101  101  0  0  101  101  0  0  0  0  101  101  0  101  101  101  0  0  0  0  101  101  101  0  0  0  0  101  0  

0  0  0  0  0  101  0  101  101  101  101  101  0  0  101  0  0  0  0  0  0  101  101  0  0  0  101  0  101  0  0  101  101  0  0  0  101  0  0  0  0  0  0  0  101  101  101  101  0  101  0  0  0  101  101  101  0  101  101  101  0  0  0  101  0  0  0  0  101  101  0  101  0  0  101  101  0  0  101  0  0  0  101  101  101  101  101  101  0  101  101  0  101  101  0  101  0  0  101  0  

0  0  0  101  101  101  0  101  101  0  101  0  0  101  0  101  0  101  0  0  101  101  101  101  101  101  101  0  101  0  0  0  101  101  0  0  101  101  0  101  101  0  0  0  101  0  101  0  101  101  0  0  101  101  0  0  101  101  0  0  0  0  0  0  0  101  0  101  0  101  0  0  101  0  101  0  0  101  0  101  0  101  101  0  101  101  0  101  101  0  101  101  0  101  0  101  0  0  0  0  

0  101  101  0  101  0  0  101  101  101  0  0  101  0  101  101  0  0  101  0  101  0  0  101  0  101  101  101  0  101  101  101  0  0  0  0  101  101  101  101  0  101  101  101  0  0  0  0  0  101  101  0  101  101  101  101  101  101  101  101  101  0  101  101  101  0  101  101  101  101  0  0  101  0  101  101  101  0  0  101  0  0  0  0  0  101  0  0  0  101  0  0  101  101  101  0  101  0  101  0  

101  101  0  101  0  101  101  0  101  101  0  0  101  101  101  0  0  0  0  0  0  0  101  0  101  101  101  101  0  0  0  0  101  0  101  0  101  0  0  101  0  101  101  101  101  0  0  0  0  101  0  101  0  0  101  101  0  101  101  101  101  0  101  101  0  0  101  0  101  0  0  101  101  101  101  0  0  101  101  0  101  101  0  0  0  0  101  101  0  101  0  0  0  101  0  101  101  101  101  101  

0  101  101  101  0  101  0  101  101  101  0  101  0  0  0  101  101  0  101  101  101  0  101  0  0  101  0  101  0  0  0  101  101  0  0  101  101  0  0  0  0  101  101  0  0  0  0  0  101  0  0  0  0  0  101  101  0  101  101  101  0  101  101  101  0  101  101  101  0  101  0  101  0  0  0  0  101  0  101  101  0  0  101  0  101  0  0  101  101  101  0  0  0  101  0  0  101  0  101  0  

101  0  0  101  0  0  0  0  101  0  0  0  0  0  0  101  0  101  101  101  0  0  101  101  0  0  0  0  0  101  0  0  101  101  101  0  0  0  101  101  101  101  0  101  101  101  0  101  101  101  0  0  0  101  0  0  0  101  101  0  101  101  0  0  0  0  101  0  101  0  101  0  0  0  101  0  101  0  0  0  101  0  0  0  0  101  0  101  0  101  0  101  0  0  0  0  0  101  0  0  

101  0  0  101  101  101  101  101  101  0  101  101  101  0  0  101  0  0  101  101  101  101  0  0  0  0  101  0  101  0  0  101  0  101  0  101  101  0  0  101  101  0  101  0  0  101  0  101  0  0  101  101  101  0  0  0  0  0  0  101  101  101  0  0  101  101  101  0  101  101  0  101  0  0  101  101  0  0  101  101  101  0  101  101  101  101  101  0  101  101  0  0  101  0  0  0  0  101  101  0  

0  0  0  101  101  0  101  101  0  0  0  0  0  101  101  101  0  101  101  0  101  0  101  0  0  101  0  101  101  0  101  0  0  101  0  101  101  0  0  0  0  0  101  0  101  0  101  101  0  0  0  101  0  101  0  0  0  101  101  101  0  0  101  101  0  0  101  101  0  0  101  101  0  101  101  0  0  0  101  101  0  0  0  101  101  101  0  101  0  101  101  101  101  101  0  0  101  101  0  0  

101  101  0  0  0  101  0  101  0  101  0  0  101  0  101  0  101  101  101  0  101  0  101  0  101  0  101  101  101  101  0  101  0  101  101  0  0  0  101  0  0  0  0  101  101  101  0  0  0  0  0  0  101  0  0  101  0  101  101  101  0  0  101  101  0  0  101  0  101  101  101  101  0  101  101  101  0  0  0  0  101  101  0  101  101  101  101  0  0  0  0  0  0  0  0  0  0  0  0  101  

101  101  0  0  101  0  0  101  0  101  101  101  0  101  0  101  101  101  101  101  0  0  101  101  101  0  101  101  101  101  101  0  0  0  0  101  0  101  101  101  0  101  101  0  101  0  0  0  0  101  0  101  101  101  101  0  0  101  0  0  0  101  0  0  101  0  0  0  101  0  101  101  0  101  0  101  101  101  0  101  0  0  0  0  101  101  101  0  0  0  0  0  0  101  0  101  0  0  0  0  

0  101  101  101  0  101  0  0  101  0  0  0  0  101  0  101  0  101  0  101  0  101  101  101  0  0  0  101  101  0  101  0  101  0  0  0  0  0  0  0  101  101  0  0  0  0  101  101  0  101  101  101  101  101  101  0  101  0  0  101  0  101  0  0  0  101  101  0  101  101  0  0  0  0  101  0  0  0  101  0  101  0  0  101  0  101  101  0  101  101  0  0  0  101  0  101  101  101  0  0  

101  101  0  101  0  101  101  0  0  0  0  101  101  0  101  101  101  101  101  0  101  101  101  0  101  0  0  101  0  101  101  101  0  0  101  101  0  101  101  101  0  0  101  101  101  101  101  0  0  0  101  101  101  0  101  0  0  101  101  101  101  101  101  101  0  101  101  101  0  101  0  0  101  101  101  0  101  101  0  101  0  0  101  0  0  0  101  101  101  101  101  101  0  101  101  0  0  0  0  101  

0  101  101  0  0  101  0  101  0  101  101  0  101  101  101  101  101  0  101  0  0  101  0  0  0  101  101  101  101  101  0  0  101  101  101  101  101  0  101  101  101  0  0  101  101  101  101  0  0  0  0  101  101  101  101  0  101  101  0  101  0  0  101  0  0  0  101  101  101  0  101  101  0  0  0  101  101  101  101  101  101  0  0  101  101  0  0  0  0  101  0  101  101  101  0  0  0  101  101  0  

101  101  101  101  0  101  0  0  101  0  101  101  101  0  101  0  101  101  101  0  0  0  101  0  101  101  0  0  101  0  0  0  101  101  0  0  101  101  0  0  0  0  101  101  0  0  0  101  101  101  0  101  101  0  0  101  0  101  101  0  101  101  0  101  101  101  0  101  101  101  101  0  0  0  0  101  101  0  0  0  101  0  0  0  0  0  101  101  0  0  0  0  0  101  0  0  0  101  101  101  

101  101  101  101  0  101  101  101  101  0  0  0  0  101  0  101  101  101  101  0  0  0  101  101  0  0  101  101  0  0  101  0  0  101  0  0  101  101  101  0  0  0  0  0  101  101  0  0  0  0  101  101  0  101  0  101  101  101  0  101  0  101  0  101  0  101  101  0  101  101  101  101  0  0  101  0  101  0  0  101  0  101  101  0  101  0  0  0  0  0  0  0  101  101  0  101  0  0  0  0  

0  101  101  101  101  101  0  0  0  101  0  0  0  101  0  0  101  101  0  101  101  0  101  101  101  101  101  0  101  0  101  0  0  101  101  0  101  0  0  0  0  101  0  0  101  0  101  101  101  0  101  101  0  101  0  0  0  0  0  0  101  0  101  101  101  0  0  101  101  101  101  0  101  101  0  0  0  101  101  0  0  0  101  0  101  101  0  0  101  101  0  0  0  0  101  0  101  101  101  0  

0  101  101  101  0  0  101  101  101  101  101  0  101  0  101  0  0  0  101  101  101  101  0  101  101  0  101  0  0  101  101  101  101  0  0  101  0  0  0  0  101  0  101  0  101  0  0  0  0  0  101  101  0  0  101  101  0  0  101  101  0  101  101  101  101  0  0  101  0  101  0  101  101  0  0  0  0  101  101  101  101  101  101  0  0  101  0  101  0  101  0  101  0  101  0  101  101  0  0  101  

0  101  0  0  0  0  101  0  101  101  101  0  101  101  101  0  0  101  101  0  101  0  0  0  0  0  0  0  101  0  101  101  0  0  0  0  0  101  0  0  0  101  101  101  0  101  0  101  101  101  0  0  101  0  101  0  101  101  101  0  0  0  0  0  0  0  101  0  0  0  101  101  101  101  0  0  101  0  101  0  0  101  101  101  101  101  101  0  0  101  101  0  101  101  0  101  0  0  0  0  

0  0  101  0  0  0  0  0  101  101  0  101  0  0  0  101  0  0  0  101  101  0  0  101  101  101  0  0  0  0  0  101  101  0  0  101  0  101  0  101  0  0  0  0  0  101  0  101  101  0  101  0  101  101  0  0  0  0  101  0  0  0  101  101  101  0  101  0  0  0  101  0  101  101  0  0  0  101  0  0  0  0  101  101  101  101  101  0  101  0  101  0  101  0  0  101  101  0  0  0  

101  0  0  0  101  0  101  101  0  101  101  101  0  101  0  101  101  0  0  0  0  0  0  0  101  0  101  101  101  0  101  101  0  0  101  101  0  101  101  0  101  0  101  101  0  101  101  0  0  101  0  101  101  101  0  101  101  101  101  0  101  101  101  101  0  101  101  0  0  101  0  0  0  0  101  0  0  0  0  0  101  101  101  101  101  101  101  0  0  101  0  0  0  0  101  101  0  0  101  101  

101  101  101  101  101  0  101  101  101  101  0  0  0  101  101  0  0  0  101  101  101  0  0  0  101  0  101  101  101  0  101  101  0  101  101  0  101  0  0  101  101  101  0  0  0  0  101  101  101  0  0  101  0  101  101  101  0  101  0  0  0  101  0  101  101  0  0  101  101  0  0  0  0  0  0  101  101  101  0  0  101  101  0  0  101  101  101  101  0  0  0  101  0  0  101  101  101  0  101  0  

0  0  101  101  0  101  0  101  0  0  0  0  0  101  101  101  0  101  0  101  0  0  0  0  0  101  0  0  0  101  0  0  0  101  101  0  0  0  0  101  0  101  0  101  0  0  0  0  0  101  101  101  0  0  101  0  0  101  0  101  101  0  0  0  101  0  101  101  101  101  0  0  101  0  0  101  101  101  101  0  0  0  101  101  0  0  0  101  101  101  101  101  0  101  0  101  0  0  101  101  

0  0  101  101  0  101  101  101  0  0  0  101  0  101  101  0  101  101  101  101  101  101  0  0  101  0  101  0  101  0  0  101  0  0  101  101  0  0  101  0  0  0  0  0  0  0  0  101  101  101  101  101  0  0  0  0  101  0  101  0  0  0  0  0  101  0  101  101  0  0  101  101  0  101  0  101  101  101  0  101  101  101  101  0  101  101  101  0  0  0  101  0  0  0  0  101  0  101  101  101  

0  101  101  101  101  0  101  0  101  101  0  0  101  0  0  0  0  101  101  0  101  101  101  101  0  101  101  101  101  0  0  101  0  0  0  0  101  0  101  101  101  0  0  101  101  101  101  0  101  101  0  101  0  101  0  101  0  0  101  101  0  101  101  0  0  101  0  101  0  0  101  101  101  0  0  0  101  0  101  0  101  101  101  101  101  101  101  0  0  101  101  0  101  101  101  101  101  0  101  0  

101  101  101  101  0  0  0  101  101  0  0  0  0  0  0  0  0  0  0  101  101  0  0  0  0  0  0  0  0  0  101  0  101  101  101  101  0  101  101  0  101  0  101  0  101  101  101  101  101  101  0  0  101  101  0  0  101  101  0  101  0  101  101  0  101  0  101  101  0  101  0  101  0  0  0  0  0  101  0  101  101  101  0  0  0  0  101  101  0  0  101  0  0  101  0  101  101  0  0  0  

0  0  0  101  101  101  0  101  0  101  0  0  101  101  0  0  0  0  101  0  101  0  0  0  101  0  101  101  0  0  101  0  0  101  101  101  0  0  101  0  101  0  0  0  101  0  0  0  101  0  0  101  0  0  0  0  0  0  101  0  101  101  0  101  0  101  0  101  101  0  0  101  0  0  101  101  0  101  101  101  101  0  0  101  101  101  0  101  0  101  0  0  0  101  101  0  101  0  101  101  

0  0  101  101  0  0  0  0  101  101  101  101  101  101  0  101  0  101  0  0  101  0  101  101  101  101  101  101  0  101  0  101  101  101  0  101  0  101  0  0  101  101  0  101  0  101  0  101  101  0  0  0  0  0  101  0  101  0  101  0  0  0  0  101  0  0  0  0  0  101  0  101  101  0  101  101  0  101  101  101  0  101  0  101  101  0  0  101  0  0  101  101  0  101  0  101  101  101  101  101  

101  101  101  101  101  0  101  0  0  101  0  101  0  0  0  0  0  101  0  0  0  101  101  0  0  0  0  101  101  0  101  0  0  0  101  101  101  0  0  101  101  101  0  101  101  101  101  101  0  0  101  0  0  101  101  101  101  0  0  101  0  101  0  0  0  0  101  0  0  101  101  101  101  101  101  0  101  101  101  0  0  0  101  0  101  101  101  0  101  0  0  0  101  101  0  101  101  101  0  0  

101  0  0  101  101  0  101  101  0  101  0  0  101  0  0  101  0  0  0  101  101  0  101  0  0  101  101  101  101  101  0  101  101  0  0  0  101  101  0  0  101  101  101  101  101  0  101  0  101  101  101  0  101  101  0  101  0  0  0  0  0  101  101  101  0  101  0  101  0  0  0  0  101  101  101  0  101  0  101  0  101  101  0  101  101  0  101  0  101  0  101  101  0  101  101  0  101  101  0  101  

0  0  0  101  0  0  101  101  0  0  0  101  101  0  0  0  0  0  0  0  0  0  0  101  101  101  0  0  0  0  101  101  0  101  101  101  0  101  101  101  0  0  0  101  101  101  101  101  0  101  101  0  101  0  101  101  101  0  0  101  0  101  101  101  101  0  0  101  0  101  101  0  101  101  101  101  0  101  101  0  101  101  101  101  101  0  101  0  0  101  101  101  101  0  0  101  0  0  0  101  

0  0  0  0  0  0  0  101  101  0  0  0  0  101  101  0  0  0  101  101  101  101  0  0  0  101  101  101  0  0  0  0  101  101  101  0  101  101  0  0  101  0  101  101  101  101  101  0  0  0  101  101  0  0  101  101  101  101  0  0  101  101  101  101  101  101  0  0  0  0  101  101  101  101  101  101  0  101  101  0  101  0  101  0  0  101  101  101  0  101  101  0  0  0  101  0  0  101  0  0  

0  101  101  0  101  0  0  0  0  0  0  0  0  101  0  0  101  0  0  101  0  101  0  101  101  0  101  101  0  0  101  101  0  101  0  101  101  0  101  0  0  101  101  101  101  101  101  0  0  101  101  0  101  0  101  101  0  0  101  0  0  101  0  101  101  101  101  0  101  0  0  0  101  101  101  101  0  101  101  101  0  0  101  101  101  101  101  101  101  0  101  0  0  0  101  0  101  0  101  0  

0  101  0  101  101  0  101  101  101  101  0  101  0  101  0  101  101  101  101  0  0  0  101  101  0  101  0  0  101  101  101  0  0  101  0  0  101  0  101  0  0  0  0  101  101  0  101  101  0  0  101  0  101  0  0  101  101  0  101  101  101  0  101  0  0  0  101  0  101  0  0  101  0  0  0  101  101  0  0  101  101  101  0  0  0  101  101  101  101  101  0  0  0  0  0  0  0  101  0  0  

101  101  101  0  101  0  101  101  101  101  0  0  0  0  101  101  0  101  0  101  101  0  0  0  101  101  0  101  0  0  101  0  0  101  101  0  0  0  0  101  0  0  0  101  101  0  0  0  101  0  0  0  101  101  0  0  101  0  0  101  0  101  0  0  0  101  101  0  0  0  101  0  0  101  0  0  101  0  0  0  0  0  101  101  0  0  101  101  101  0  101  101  101  101  0  101  0  101  101  101  

0  101  0  101  0  101  0  0  0  0  101  101  101  101  0  101  101  101  101  0  0  0  101  0  101  101  0  101  101  0  101  0  101  0  0  101  0  101  0  101  0  0  101  101  101  0  101  101  101  101  0  101  0  101  0  101  0  101  101  101  101  101  101  0  0  101  101  101  0  0  101  101  101  0  101  0  101  0  101  0  101  0  0  0  101  101  0  101  0  101  0  101  0  0  101  0  0  0  0  101  

0  0  101  101  101  0  0  101  101  0  101  101  101  0  0  0  101  101  0  101  0  101  101  101  101  0  0  0  0  101  101  101  0  101  0  101  0  0  0  0  101  0  101  0  0  0  0  0  101  0  101  101  101  0  0  101  101  0  0  0  0  0  101  0  0  0  101  0  0  0  0  0  101  101  0  0  101  101  101  101  0  101  0  101  101  101  101  0  101  0  101  101  101  0  101  0  0  101  101  0  

101  101  101  0  101  0  101  101  101  0  101  101  101  0  101  101  101  0  101  101  101  0  101  0  0  0  0  101  101  0  101  0  101  101  101  0  101  101  101  101  0  101  0  101  0  101  101  0  101  0  0  0  101  0  101  0  101  0  0  0  101  0  101  0  0  0  101  101  0  0  0  101  0  0  0  101  101  0  0  0  0  101  0  101  101  0  0  0  101  101  101  101  101  0  0  0  0  101  101  0  

0  101  101  101  101  101  101  0  0  101  101  0  101  0  101  101  0  0  0  101  101  0  0  0  101  0  0  101  101  101  0  0  101  0  0  0  101  101  101  101  101  0  101  101  0  0  101  101  101  101  101  101  101  0  101  101  0  101  0  0  0  101  101  0  0  0  0  101  0  101  0  0  101  101  0  0  0  0  101  0  0  0  101  0  101  0  0  0  101  0  101  101  101  101  0  0  101  0  101  0  

101  0  101  101  0  0  101  0  101  101  0  0  101  101  101  101  0  101  0  0  101  0  101  0  101  101  0  0  101  101  101  101  101  0  0  101  0  0  101  0  0  101  101  0  101  0  0  0  0  101  0  101  101  101  101  101  101  101  101  101  0  0  101  0  101  101  101  101  101  101  0  101  101  0  0  0  101  0  101  101  101  101  101  101  0  0  0  0  101  0  0  0  101  101  0  101  101  0  0  0  

0  101  101  101  101  0  0  101  101  101  101  101  101  0  0  0  101  101  101  0  101  101  0  101  0  101  0  0  0  0  101  0  0  101  0  101  101  101  0  0  0  0  101  101  0  101  101  101  0  0  0  101  101  0  0  0  0  101  0  0  0  0  0  0  0  0  101  0  0  0  101  0  0  0  101  101  0  0  101  0  101  0  0  101  0  101  101  0  0  101  101  0  0  0  101  0  101  101  101  0  

101  0  0  0  0  0  101  0  0  101  101  101  0  0  101  101  101  101  0  0  0  0  101  0  0  0  0  0  101  101  101  101  101  101  101  101  101  101  101  101  0  0  101  0  0  0  0  0  0  0  0  101  0  0  0  101  101  0  101  0  0  0  0  0  101  101  0  0  0  101  0  101  101  101  101  101  101  101  101  101  0  101  101  0  101  0  0  0  101  0  0  0  0  101  0  101  0  101  101  0  

101  0  101  0  101  0  101  0  0  0  101  101  101  101  101  101  0  0  0  0  0  0  0  101  0  101  101  0  0  101  0  101  101  0  101  0  101  101  0  0  0  0  0  0  101  0  101  0  0  101  0  101  101  101  0  0  0  101  101  101  0  0  101  0  0  101  0  0  0  0  101  101  0  101  0  101  0  0  101  101  101  101  101  101  0  0  101  0  0  0  0  0  101  101  101  0  101  0  0  101  

0  0  101  101  101  0  101  0  0  101  101  101  101  0  0  0  101  0  101  0  101  101  0  0  0  0  0  0  101  0  0  101  0  101  101  0  0  0  101  0  0  101  101  0  0  0  0  0  0  101  101  0  0  101  0  0  0  0  101  0  101  101  101  0  0  101  0  101  101  0  101  0  0  0  0  0  0  101  0  0  0  101  101  101  0  101  0  101  101  0  101  101  0  0  101  101  0  101  0  0  

0  101  101  101  101  101  0  0  101  101  101  0  101  0  0  101  101  0  101  101  101  0  0  101  0  101  101  0  101  101  101  101  0  0  0  101  101  101  0  101  101  101  0  101  0  101  0  0  101  101  101  0  0  0  101  101  0  101  101  101  0  101  0  0  0  0  0  101  101  0  101  0  0  0  101  101  101  101  101  0  101  101  0  0  0  0  101  0  101  0  101  101  101  0  101  101  0  0  101  0  

0  101  0  101  101  0  0  0  0  101  0  0  0  0  0  101  101  101  0  0  0  0  0  0  101  101  0  0  101  101  101  0  0  0  0  101  0  101  101  101  101  101  101  101  0  0  101  101  0  101  0  101  101  0  0  0  0  0  101  0  0  0  0  101  0  0  101  0  101  0  0  101  0  0  101  0  101  101  0  0  101  101  0  101  101  0  0  0  101  101  0  0  0  0  0  0  101  0  0  101  

UnPairedArc=
1 2 
1 5 
1 7 
1 8 
1 9 
1 10 
1 11 
1 13 
1 16 
1 18 
1 20 
1 23 
1 24 
1 28 
1 29 
1 30 
1 32 
1 33 
1 34 
1 35 
1 36 
1 37 
1 39 
1 40 
1 42 
1 43 
1 46 
1 47 
1 49 
1 52 
1 53 
1 54 
1 59 
1 61 
1 62 
1 64 
1 65 
1 67 
1 69 
1 70 
1 75 
1 76 
1 80 
1 83 
1 84 
1 89 
1 92 
1 94 
1 96 
1 97 
2 4 
2 5 
2 6 
2 7 
2 8 
2 9 
2 11 
2 13 
2 15 
2 16 
2 17 
2 20 
2 21 
2 25 
2 27 
2 28 
2 30 
2 31 
2 36 
2 37 
2 39 
2 42 
2 48 
2 49 
2 53 
2 58 
2 59 
2 60 
2 64 
2 65 
2 66 
2 67 
2 68 
2 69 
2 70 
2 71 
2 72 
2 73 
2 76 
2 79 
2 80 
2 83 
2 87 
2 88 
2 89 
2 90 
2 92 
2 93 
2 95 
2 99 
2 100 
3 6 
3 10 
3 11 
3 17 
3 23 
3 25 
3 30 
3 31 
3 34 
3 35 
3 36 
3 37 
3 41 
3 42 
3 45 
3 46 
3 47 
3 48 
3 50 
3 51 
3 52 
3 55 
3 58 
3 60 
3 66 
3 68 
3 69 
3 70 
3 71 
3 72 
3 74 
3 76 
3 77 
3 78 
3 79 
3 80 
3 82 
3 83 
3 87 
3 89 
3 91 
3 92 
3 93 
3 94 
3 95 
3 97 
3 98 
3 99 
4 5 
4 7 
4 8 
4 11 
4 16 
4 19 
4 20 
4 21 
4 27 
4 29 
4 31 
4 32 
4 35 
4 38 
4 46 
4 49 
4 52 
4 57 
4 59 
4 60 
4 61 
4 62 
4 63 
4 66 
4 67 
4 69 
4 70 
4 71 
4 72 
4 76 
4 77 
4 78 
4 79 
4 80 
4 81 
4 82 
4 83 
4 84 
4 85 
4 88 
4 90 
4 91 
4 93 
4 94 
4 95 
4 98 
4 99 
4 100 
5 6 
5 7 
5 8 
5 9 
5 12 
5 14 
5 17 
5 18 
5 20 
5 21 
5 23 
5 26 
5 28 
5 31 
5 32 
5 36 
5 37 
5 40 
5 43 
5 44 
5 45 
5 46 
5 48 
5 49 
5 51 
5 52 
5 53 
5 57 
5 58 
5 62 
5 63 
5 65 
5 71 
5 75 
5 76 
5 79 
5 81 
5 83 
5 84 
5 87 
5 88 
5 89 
5 91 
5 92 
5 93 
5 95 
5 97 
5 98 
5 99 
5 100 
6 9 
6 11 
6 12 
6 14 
6 15 
6 19 
6 20 
6 21 
6 24 
6 25 
6 27 
6 28 
6 31 
6 33 
6 34 
6 36 
6 39 
6 40 
6 44 
6 45 
6 47 
6 48 
6 50 
6 51 
6 53 
6 54 
6 56 
6 57 
6 59 
6 60 
6 62 
6 64 
6 66 
6 67 
6 68 
6 69 
6 70 
6 71 
6 77 
6 78 
6 81 
6 90 
6 93 
6 99 
7 8 
7 11 
7 13 
7 14 
7 15 
7 21 
7 22 
7 24 
7 27 
7 30 
7 31 
7 34 
7 37 
7 38 
7 41 
7 43 
7 45 
7 48 
7 49 
7 50 
7 51 
7 54 
7 55 
7 59 
7 62 
7 63 
7 67 
7 70 
7 72 
7 73 
7 75 
7 76 
7 78 
7 79 
7 83 
7 84 
7 85 
7 88 
7 89 
7 92 
7 93 
7 94 
7 96 
7 97 
7 98 
8 9 
8 10 
8 12 
8 13 
8 14 
8 15 
8 16 
8 22 
8 27 
8 28 
8 30 
8 33 
8 36 
8 38 
8 41 
8 44 
8 45 
8 48 
8 49 
8 50 
8 52 
8 53 
8 56 
8 57 
8 58 
8 60 
8 62 
8 63 
8 64 
8 65 
8 68 
8 70 
8 72 
8 75 
8 76 
8 77 
8 78 
8 80 
8 81 
8 84 
8 85 
8 86 
8 88 
8 89 
8 91 
8 92 
8 95 
9 11 
9 12 
9 13 
9 14 
9 15 
9 18 
9 19 
9 21 
9 22 
9 27 
9 31 
9 32 
9 33 
9 35 
9 37 
9 39 
9 42 
9 43 
9 44 
9 45 
9 46 
9 47 
9 49 
9 50 
9 51 
9 54 
9 56 
9 57 
9 58 
9 59 
9 60 
9 61 
9 62 
9 66 
9 69 
9 70 
9 72 
9 73 
9 74 
9 76 
9 79 
9 80 
9 82 
9 86 
9 88 
9 89 
9 91 
9 92 
9 94 
9 95 
9 99 
10 12 
10 14 
10 18 
10 19 
10 20 
10 22 
10 23 
10 26 
10 27 
10 28 
10 29 
10 31 
10 32 
10 33 
10 37 
10 38 
10 41 
10 42 
10 45 
10 46 
10 48 
10 51 
10 54 
10 55 
10 56 
10 58 
10 59 
10 60 
10 64 
10 65 
10 68 
10 71 
10 72 
10 73 
10 74 
10 75 
10 76 
10 79 
10 81 
10 82 
10 83 
10 84 
10 88 
10 89 
10 93 
10 94 
10 95 
10 96 
10 98 
10 99 
10 100 
11 13 
11 14 
11 17 
11 18 
11 20 
11 22 
11 23 
11 30 
11 31 
11 32 
11 33 
11 34 
11 37 
11 38 
11 39 
11 48 
11 49 
11 51 
11 54 
11 55 
11 56 
11 57 
11 62 
11 65 
11 68 
11 69 
11 72 
11 73 
11 75 
11 82 
11 90 
11 91 
11 92 
11 93 
11 95 
11 96 
11 97 
11 98 
11 99 
12 13 
12 15 
12 19 
12 20 
12 22 
12 23 
12 24 
12 28 
12 33 
12 35 
12 36 
12 40 
12 41 
12 44 
12 46 
12 47 
12 48 
12 49 
12 50 
12 51 
12 54 
12 55 
12 56 
12 60 
12 62 
12 65 
12 67 
12 69 
12 74 
12 75 
12 78 
12 82 
12 83 
12 85 
12 88 
12 90 
12 91 
12 92 
12 95 
12 96 
12 97 
12 98 
13 14 
13 19 
13 20 
13 21 
13 26 
13 29 
13 30 
13 31 
13 33 
13 35 
13 37 
13 38 
13 41 
13 42 
13 46 
13 47 
13 50 
13 52 
13 54 
13 58 
13 59 
13 62 
13 64 
13 67 
13 68 
13 69 
13 72 
13 73 
13 79 
13 81 
13 82 
13 84 
13 85 
13 90 
13 91 
13 92 
13 93 
13 94 
13 95 
13 97 
13 98 
13 99 
14 15 
14 19 
14 20 
14 21 
14 27 
14 30 
14 35 
14 36 
14 42 
14 44 
14 48 
14 53 
14 54 
14 57 
14 59 
14 63 
14 65 
14 66 
14 68 
14 70 
14 71 
14 73 
14 75 
14 76 
14 77 
14 78 
14 81 
14 82 
14 86 
14 87 
14 88 
14 90 
14 94 
14 97 
15 17 
15 21 
15 27 
15 30 
15 32 
15 36 
15 37 
15 41 
15 42 
15 43 
15 44 
15 49 
15 50 
15 51 
15 52 
15 53 
15 56 
15 58 
15 59 
15 63 
15 64 
15 67 
15 68 
15 69 
15 72 
15 73 
15 76 
15 77 
15 78 
15 86 
15 89 
15 92 
15 93 
15 94 
15 96 
15 97 
16 17 
16 20 
16 22 
16 25 
16 26 
16 29 
16 30 
16 33 
16 36 
16 37 
16 39 
16 41 
16 42 
16 44 
16 46 
16 47 
16 48 
16 53 
16 54 
16 55 
16 57 
16 58 
16 60 
16 61 
16 62 
16 63 
16 65 
16 66 
16 67 
16 68 
16 70 
16 74 
16 75 
16 77 
16 82 
16 84 
16 88 
16 89 
16 90 
16 92 
16 93 
16 94 
16 96 
16 97 
16 99 
16 100 
17 18 
17 22 
17 23 
17 24 
17 25 
17 26 
17 27 
17 28 
17 30 
17 31 
17 35 
17 37 
17 40 
17 42 
17 44 
17 45 
17 46 
17 50 
17 51 
17 52 
17 53 
17 54 
17 55 
17 60 
17 64 
17 65 
17 67 
17 68 
17 69 
17 70 
17 71 
17 75 
17 78 
17 87 
17 88 
17 90 
17 91 
17 92 
17 95 
17 96 
17 98 
17 99 
17 100 
18 19 
18 22 
18 25 
18 26 
18 27 
18 30 
18 31 
18 32 
18 33 
18 37 
18 39 
18 42 
18 43 
18 46 
18 52 
18 53 
18 54 
18 57 
18 61 
18 63 
18 64 
18 65 
18 66 
18 67 
18 69 
18 70 
18 71 
18 73 
18 77 
18 78 
18 79 
18 82 
18 83 
18 88 
18 89 
18 90 
18 91 
18 94 
18 95 
18 96 
18 100 
19 21 
19 23 
19 24 
19 28 
19 29 
19 31 
19 34 
19 35 
19 37 
19 38 
19 39 
19 40 
19 41 
19 42 
19 43 
19 45 
19 46 
19 48 
19 50 
19 51 
19 52 
19 55 
19 58 
19 60 
19 61 
19 62 
19 63 
19 64 
19 65 
19 67 
19 68 
19 69 
19 70 
19 72 
19 73 
19 76 
19 78 
19 79 
19 81 
19 86 
19 88 
19 90 
19 92 
19 95 
19 98 
19 99 
20 21 
20 27 
20 31 
20 32 
20 33 
20 34 
20 35 
20 38 
20 40 
20 41 
20 42 
20 43 
20 44 
20 47 
20 49 
20 60 
20 61 
20 62 
20 65 
20 66 
20 71 
20 72 
20 74 
20 76 
20 77 
20 78 
20 80 
20 84 
20 86 
20 87 
20 89 
20 91 
20 92 
20 93 
20 99 
21 25 
21 26 
21 32 
21 33 
21 34 
21 37 
21 40 
21 42 
21 45 
21 47 
21 49 
21 52 
21 57 
21 58 
21 60 
21 62 
21 63 
21 64 
21 67 
21 71 
21 72 
21 73 
21 74 
21 76 
21 78 
21 79 
21 80 
21 81 
21 82 
21 84 
21 86 
21 89 
21 92 
21 93 
21 94 
21 95 
21 98 
21 99 
22 25 
22 27 
22 29 
22 30 
22 31 
22 32 
22 34 
22 36 
22 37 
22 39 
22 40 
22 42 
22 44 
22 45 
22 46 
22 49 
22 51 
22 52 
22 53 
22 56 
22 57 
22 62 
22 66 
22 67 
22 68 
22 72 
22 78 
22 79 
22 83 
22 86 
22 87 
22 91 
22 95 
22 98 
23 26 
23 27 
23 29 
23 30 
23 31 
23 32 
23 34 
23 35 
23 38 
23 39 
23 40 
23 42 
23 43 
23 44 
23 45 
23 47 
23 49 
23 53 
23 55 
23 56 
23 57 
23 59 
23 60 
23 61 
23 63 
23 64 
23 65 
23 66 
23 67 
23 69 
23 70 
23 71 
23 79 
23 82 
23 83 
23 84 
23 88 
23 90 
23 91 
23 92 
23 94 
23 96 
24 25 
24 27 
24 31 
24 32 
24 34 
24 36 
24 37 
24 40 
24 41 
24 46 
24 47 
24 52 
24 53 
24 54 
24 55 
24 57 
24 58 
24 61 
24 65 
24 66 
24 70 
24 71 
24 72 
24 74 
24 79 
24 82 
24 85 
24 87 
24 88 
24 91 
24 95 
24 97 
24 99 
25 28 
25 29 
25 32 
25 33 
25 34 
25 37 
25 38 
25 43 
25 44 
25 48 
25 49 
25 51 
25 57 
25 59 
25 64 
25 65 
25 67 
25 69 
25 71 
25 72 
25 74 
25 75 
25 76 
25 78 
25 81 
25 82 
25 85 
25 87 
25 89 
25 90 
25 91 
25 93 
25 94 
25 100 
26 27 
26 28 
26 29 
26 31 
26 32 
26 33 
26 35 
26 36 
26 41 
26 42 
26 43 
26 45 
26 46 
26 49 
26 50 
26 51 
26 52 
26 54 
26 57 
26 58 
26 59 
26 60 
26 63 
26 68 
26 69 
26 71 
26 74 
26 77 
26 79 
26 82 
26 84 
26 85 
26 86 
26 88 
26 89 
26 90 
26 94 
26 95 
26 97 
26 99 
26 100 
27 28 
27 29 
27 31 
27 32 
27 35 
27 41 
27 46 
27 47 
27 48 
27 50 
27 51 
27 52 
27 53 
27 55 
27 56 
27 57 
27 58 
27 59 
27 62 
27 64 
27 65 
27 68 
27 70 
27 71 
27 72 
27 75 
27 76 
27 78 
27 79 
27 81 
27 82 
27 84 
27 86 
27 87 
27 97 
27 99 
28 31 
28 34 
28 35 
28 36 
28 37 
28 38 
28 39 
28 40 
28 45 
28 46 
28 49 
28 50 
28 51 
28 53 
28 54 
28 58 
28 59 
28 60 
28 63 
28 64 
28 65 
28 66 
28 67 
28 68 
28 70 
28 75 
28 76 
28 79 
28 81 
28 82 
28 83 
28 84 
28 86 
28 87 
28 89 
28 90 
28 92 
28 93 
29 34 
29 36 
29 40 
29 41 
29 44 
29 45 
29 47 
29 49 
29 50 
29 51 
29 52 
29 54 
29 56 
29 57 
29 62 
29 63 
29 64 
29 65 
29 66 
29 68 
29 69 
29 71 
29 73 
29 75 
29 76 
29 78 
29 79 
29 83 
29 84 
29 88 
29 90 
29 92 
29 93 
29 94 
29 96 
29 98 
29 99 
29 100 
30 31 
30 32 
30 34 
30 37 
30 38 
30 43 
30 49 
30 54 
30 55 
30 58 
30 61 
30 64 
30 65 
30 67 
30 68 
30 72 
30 77 
30 82 
30 84 
30 88 
30 91 
30 93 
30 94 
30 96 
30 97 
30 99 
30 100 
31 33 
31 36 
31 37 
31 39 
31 40 
31 42 
31 44 
31 46 
31 48 
31 49 
31 58 
31 63 
31 65 
31 66 
31 67 
31 70 
31 71 
31 72 
31 73 
31 75 
31 76 
31 80 
31 81 
31 83 
31 85 
31 87 
31 88 
31 89 
31 90 
31 91 
31 92 
31 94 
31 95 
31 96 
31 99 
31 100 
32 36 
32 37 
32 40 
32 41 
32 43 
32 45 
32 46 
32 48 
32 49 
32 50 
32 53 
32 55 
32 56 
32 58 
32 60 
32 62 
32 64 
32 67 
32 72 
32 73 
32 74 
32 75 
32 76 
32 78 
32 79 
32 82 
32 84 
32 85 
32 87 
32 91 
32 94 
32 96 
32 97 
32 98 
32 99 
33 35 
33 38 
33 39 
33 40 
33 43 
33 44 
33 45 
33 48 
33 49 
33 50 
33 53 
33 54 
33 55 
33 56 
33 57 
33 59 
33 60 
33 61 
33 66 
33 68 
33 69 
33 72 
33 74 
33 80 
33 82 
33 84 
33 86 
33 90 
33 92 
33 93 
33 94 
33 96 
33 97 
34 35 
34 37 
34 38 
34 39 
34 40 
34 41 
34 42 
34 43 
34 44 
34 46 
34 49 
34 50 
34 53 
34 54 
34 57 
34 61 
34 62 
34 63 
34 64 
34 68 
34 69 
34 70 
34 71 
34 76 
34 77 
34 80 
34 81 
34 82 
34 85 
34 86 
34 87 
34 88 
34 89 
34 91 
34 92 
34 95 
34 96 
34 98 
35 36 
35 39 
35 40 
35 44 
35 48 
35 49 
35 53 
35 54 
35 55 
35 59 
35 61 
35 64 
35 67 
35 68 
35 71 
35 75 
35 76 
35 77 
35 78 
35 80 
35 81 
35 83 
35 85 
35 86 
35 89 
35 92 
35 96 
35 97 
35 98 
36 40 
36 41 
36 42 
36 45 
36 49 
36 51 
36 53 
36 55 
36 60 
36 62 
36 63 
36 65 
36 67 
36 68 
36 72 
36 74 
36 75 
36 78 
36 80 
36 81 
36 82 
36 83 
36 85 
36 87 
36 90 
36 91 
36 94 
36 95 
36 96 
36 99 
36 100 
37 42 
37 44 
37 45 
37 47 
37 48 
37 49 
37 50 
37 51 
37 54 
37 55 
37 56 
37 57 
37 58 
37 59 
37 60 
37 62 
37 63 
37 68 
37 69 
37 70 
37 71 
37 76 
37 79 
37 83 
37 84 
37 86 
37 87 
37 88 
37 92 
37 93 
37 95 
37 96 
37 97 
37 99 
38 39 
38 40 
38 43 
38 44 
38 46 
38 47 
38 48 
38 49 
38 51 
38 52 
38 53 
38 55 
38 57 
38 58 
38 65 
38 67 
38 69 
38 70 
38 73 
38 74 
38 75 
38 80 
38 82 
38 84 
38 85 
38 86 
38 90 
38 92 
38 93 
38 95 
38 96 
38 97 
38 99 
38 100 
39 43 
39 44 
39 48 
39 49 
39 53 
39 55 
39 58 
39 61 
39 64 
39 65 
39 67 
39 68 
39 70 
39 75 
39 78 
39 79 
39 80 
39 81 
39 85 
39 87 
39 88 
39 92 
39 93 
39 94 
39 96 
39 98 
39 100 
40 41 
40 42 
40 45 
40 46 
40 47 
40 57 
40 58 
40 59 
40 61 
40 62 
40 65 
40 67 
40 68 
40 74 
40 76 
40 77 
40 79 
40 83 
40 85 
40 89 
40 90 
40 92 
40 93 
40 96 
40 99 
40 100 
41 43 
41 45 
41 46 
41 50 
41 57 
41 61 
41 62 
41 66 
41 68 
41 72 
41 75 
41 76 
41 79 
41 80 
41 81 
41 82 
41 83 
41 84 
41 86 
41 91 
41 93 
41 99 
41 100 
42 43 
42 45 
42 48 
42 49 
42 50 
42 52 
42 54 
42 55 
42 58 
42 59 
42 60 
42 61 
42 65 
42 66 
42 71 
42 73 
42 76 
42 77 
42 82 
42 83 
42 84 
42 87 
42 92 
42 94 
42 98 
42 99 
42 100 
43 47 
43 48 
43 49 
43 50 
43 51 
43 52 
43 58 
43 59 
43 60 
43 62 
43 63 
43 65 
43 67 
43 69 
43 72 
43 73 
43 75 
43 80 
43 84 
43 86 
43 87 
43 90 
43 91 
43 93 
43 94 
43 95 
43 96 
43 98 
43 100 
44 45 
44 47 
44 49 
44 51 
44 54 
44 58 
44 59 
44 61 
44 64 
44 67 
44 68 
44 69 
44 73 
44 75 
44 77 
44 79 
44 82 
44 83 
44 84 
44 85 
44 86 
44 87 
44 88 
44 89 
44 90 
44 92 
44 93 
44 95 
44 99 
44 100 
45 49 
45 50 
45 52 
45 54 
45 56 
45 57 
45 59 
45 61 
45 63 
45 64 
45 65 
45 67 
45 68 
45 70 
45 71 
45 72 
45 79 
45 80 
45 81 
45 83 
45 84 
45 85 
45 86 
45 87 
45 88 
45 89 
45 90 
45 94 
45 97 
46 48 
46 51 
46 52 
46 56 
46 61 
46 62 
46 64 
46 67 
46 68 
46 70 
46 73 
46 74 
46 75 
46 79 
46 80 
46 82 
46 83 
46 85 
46 86 
46 87 
46 92 
46 95 
46 99 
47 50 
47 53 
47 54 
47 56 
47 57 
47 63 
47 66 
47 67 
47 68 
47 71 
47 75 
47 76 
47 79 
47 80 
47 83 
47 84 
47 85 
47 86 
47 87 
47 88 
47 90 
47 92 
47 93 
47 95 
47 97 
47 100 
48 49 
48 53 
48 56 
48 61 
48 62 
48 63 
48 66 
48 69 
48 71 
48 73 
48 74 
48 76 
48 78 
48 80 
48 82 
48 83 
48 85 
48 88 
48 90 
48 93 
48 95 
48 100 
49 51 
49 55 
49 57 
49 60 
49 61 
49 69 
49 71 
49 73 
49 74 
49 76 
49 78 
49 79 
49 80 
49 81 
49 82 
49 84 
49 89 
49 90 
49 91 
49 92 
49 93 
49 99 
50 51 
50 53 
50 54 
50 55 
50 56 
50 57 
50 58 
50 59 
50 61 
50 65 
50 66 
50 69 
50 73 
50 75 
50 77 
50 78 
50 79 
50 80 
50 84 
50 85 
50 87 
50 90 
50 93 
50 94 
50 97 
50 98 
50 99 
50 100 
51 53 
51 54 
51 55 
51 58 
51 62 
51 66 
51 67 
51 70 
51 71 
51 72 
51 74 
51 77 
51 78 
51 83 
51 84 
51 85 
51 86 
51 87 
51 88 
51 91 
51 93 
51 98 
51 99 
52 53 
52 59 
52 62 
52 63 
52 65 
52 66 
52 67 
52 68 
52 69 
52 70 
52 71 
52 72 
52 75 
52 76 
52 77 
52 78 
52 79 
52 81 
52 86 
52 90 
52 91 
52 93 
52 94 
52 95 
52 96 
52 97 
52 100 
53 54 
53 57 
53 58 
53 62 
53 64 
53 65 
53 66 
53 67 
53 68 
53 69 
53 73 
53 74 
53 75 
53 80 
53 84 
53 85 
53 87 
53 88 
53 89 
53 91 
53 92 
53 93 
53 94 
53 95 
53 97 
53 100 
54 56 
54 57 
54 58 
54 61 
54 63 
54 65 
54 66 
54 68 
54 70 
54 71 
54 74 
54 75 
54 76 
54 79 
54 80 
54 83 
54 84 
54 89 
54 90 
54 94 
54 97 
54 98 
55 56 
55 58 
55 59 
55 60 
55 65 
55 66 
55 67 
55 68 
55 72 
55 73 
55 76 
55 77 
55 82 
55 83 
55 85 
55 86 
55 87 
55 92 
55 93 
55 94 
55 99 
56 58 
56 59 
56 60 
56 64 
56 69 
56 70 
56 72 
56 75 
56 76 
56 79 
56 83 
56 84 
56 85 
56 86 
56 87 
56 88 
56 90 
56 91 
56 93 
56 94 
56 96 
56 99 
57 58 
57 66 
57 68 
57 70 
57 73 
57 75 
57 78 
57 80 
57 82 
57 83 
57 85 
57 86 
57 88 
57 89 
57 91 
57 92 
57 94 
57 96 
58 59 
58 60 
58 61 
58 63 
58 64 
58 65 
58 67 
58 68 
58 69 
58 70 
58 73 
58 75 
58 76 
58 77 
58 80 
58 86 
58 90 
58 93 
58 94 
58 95 
58 97 
58 99 
59 60 
59 61 
59 63 
59 64 
59 67 
59 69 
59 72 
59 73 
59 74 
59 75 
59 78 
59 79 
59 81 
59 82 
59 87 
59 88 
59 90 
59 94 
59 96 
59 97 
59 98 
59 99 
59 100 
60 62 
60 63 
60 64 
60 66 
60 67 
60 68 
60 70 
60 72 
60 77 
60 79 
60 80 
60 83 
60 85 
60 88 
60 89 
60 90 
60 94 
60 97 
60 99 
61 62 
61 67 
61 69 
61 71 
61 75 
61 77 
61 81 
61 86 
61 88 
61 90 
61 92 
61 98 
62 65 
62 66 
62 67 
62 69 
62 70 
62 72 
62 75 
62 76 
62 79 
62 80 
62 81 
62 83 
62 84 
62 85 
62 86 
62 87 
62 89 
62 90 
62 93 
62 98 
62 99 
63 64 
63 67 
63 68 
63 71 
63 72 
63 74 
63 75 
63 79 
63 80 
63 84 
63 85 
63 86 
63 88 
63 90 
63 91 
63 92 
63 93 
63 94 
63 97 
63 98 
64 67 
64 69 
64 70 
64 71 
64 72 
64 74 
64 75 
64 76 
64 81 
64 82 
64 84 
64 85 
64 86 
64 87 
64 100 
65 69 
65 71 
65 72 
65 74 
65 76 
65 77 
65 78 
65 80 
65 85 
65 86 
65 87 
65 94 
65 96 
66 67 
66 69 
66 70 
66 75 
66 79 
66 81 
66 84 
66 86 
66 87 
66 89 
66 90 
66 94 
66 96 
66 97 
66 98 
67 68 
67 70 
67 73 
67 74 
67 75 
67 77 
67 78 
67 80 
67 83 
67 87 
67 88 
67 89 
67 90 
67 91 
67 92 
67 94 
67 95 
67 100 
68 69 
68 71 
68 72 
68 76 
68 77 
68 78 
68 79 
68 80 
68 81 
68 84 
68 85 
68 90 
68 92 
68 93 
68 94 
68 98 
68 99 
69 70 
69 71 
69 76 
69 77 
69 81 
69 87 
69 88 
69 94 
69 98 
69 99 
69 100 
70 71 
70 72 
70 75 
70 77 
70 80 
70 82 
70 83 
70 85 
70 93 
70 94 
70 96 
71 73 
71 74 
71 78 
71 79 
71 83 
71 85 
71 86 
71 89 
71 90 
71 95 
71 97 
71 98 
71 99 
72 73 
72 78 
72 79 
72 80 
72 81 
72 82 
72 83 
72 86 
72 88 
72 90 
72 92 
72 94 
72 96 
72 97 
72 100 
73 74 
73 77 
73 79 
73 82 
73 83 
73 84 
73 85 
73 86 
73 87 
73 90 
73 91 
73 93 
73 94 
73 96 
74 78 
74 83 
74 84 
74 85 
74 86 
74 87 
74 89 
74 91 
74 93 
74 96 
74 97 
75 81 
75 82 
75 83 
75 84 
75 85 
75 86 
75 87 
75 90 
75 95 
75 96 
75 99 
75 100 
76 77 
76 78 
76 81 
76 82 
76 85 
76 86 
76 87 
76 88 
76 92 
76 95 
76 96 
76 97 
76 99 
77 78 
77 79 
77 83 
77 84 
77 88 
77 89 
77 90 
77 91 
77 92 
77 94 
77 96 
77 99 
77 100 
78 80 
78 81 
78 82 
78 83 
78 85 
78 86 
78 87 
78 91 
78 96 
78 98 
78 99 
78 100 
79 81 
79 82 
79 83 
79 84 
79 85 
79 86 
79 87 
79 90 
79 91 
79 93 
79 94 
79 95 
79 96 
79 97 
79 99 
80 81 
80 82 
80 87 
80 88 
80 91 
80 94 
80 96 
80 97 
81 84 
81 85 
81 86 
81 88 
81 90 
81 94 
81 95 
81 97 
81 99 
81 100 
82 84 
82 85 
82 88 
82 91 
82 92 
82 94 
82 96 
82 97 
82 98 
82 99 
82 100 
83 85 
83 86 
83 87 
83 89 
83 93 
83 94 
83 96 
83 97 
83 98 
84 85 
84 87 
84 89 
84 91 
84 92 
84 94 
84 95 
84 97 
84 98 
84 100 
85 87 
85 90 
85 91 
85 92 
85 93 
85 96 
85 100 
86 87 
86 88 
86 90 
86 91 
86 95 
86 98 
87 88 
87 89 
87 91 
87 95 
87 97 
87 99 
88 89 
88 90 
88 98 
89 91 
89 92 
89 93 
89 94 
89 96 
89 98 
89 99 
89 100 
90 92 
90 95 
90 100 
91 92 
91 93 
91 95 
91 98 
91 99 
92 93 
92 98 
92 99 
93 94 
93 97 
93 99 
94 96 
94 97 
95 97 
95 98 
95 99 
96 98 
96 99 
97 100 
