nNodes=100;
 nPairs=1941;
Cost=

101  101  0  101  0  0  0  0  101  0  0  0  0  0  0  0  0  101  0  0  101  0  0  0  0  0  0  0  0  0  0  101  101  101  101  0  0  0  0  0  0  101  0  0  0  101  0  101  0  0  0  101  101  0  101  0  0  0  101  0  0  0  0  101  101  101  0  0  101  101  0  0  101  101  0  101  101  0  0  0  0  101  0  101  0  101  101  101  0  101  101  0  0  0  0  0  0  101  0  0  

101  101  0  0  0  0  0  101  0  0  0  101  0  0  0  0  0  0  101  0  0  101  101  0  0  101  0  101  0  0  0  101  0  101  0  0  101  0  101  0  101  0  0  0  0  0  0  0  0  101  0  0  0  0  0  0  0  0  0  0  101  101  0  101  101  101  101  101  101  0  101  0  0  101  0  101  0  0  0  101  101  0  0  101  0  0  0  0  101  101  101  101  0  0  0  101  0  0  0  101  

0  0  101  0  0  101  101  0  0  0  101  0  0  0  0  0  0  0  0  0  0  101  0  0  101  0  101  101  0  0  101  0  101  101  101  0  0  101  101  101  0  0  101  101  0  0  0  0  0  0  0  0  0  101  0  0  0  101  0  0  0  101  101  0  0  0  101  0  0  101  101  0  101  101  0  101  101  101  101  0  0  0  101  0  101  101  0  0  101  0  0  0  101  101  0  0  101  101  101  0  

101  0  0  101  101  101  101  0  0  0  0  0  0  0  101  101  0  0  101  101  0  0  101  101  0  0  0  101  101  0  0  0  0  101  101  0  101  0  101  0  0  0  0  101  0  101  0  0  0  0  0  0  101  101  0  101  101  0  0  101  101  101  0  0  101  101  101  0  0  0  0  0  101  0  0  101  0  101  0  101  0  101  101  0  101  0  101  0  0  0  0  0  0  0  0  0  101  0  0  0  

0  0  0  101  101  0  0  101  0  101  101  0  0  0  0  0  0  0  0  0  101  101  0  0  101  0  101  0  0  0  0  0  0  0  0  0  0  101  0  0  101  0  101  101  0  0  101  101  0  101  101  0  101  0  0  0  101  0  0  0  0  0  0  0  0  0  101  0  101  0  0  0  0  101  0  0  0  0  0  101  0  101  101  0  0  101  0  0  101  101  0  0  0  101  0  0  0  101  0  101  

0  0  101  101  0  101  0  0  101  0  101  0  0  101  101  101  0  101  101  101  0  0  0  0  101  101  0  0  101  0  0  101  101  101  101  0  101  101  101  0  101  0  101  101  101  0  0  0  0  0  101  0  0  101  101  0  0  0  0  0  0  0  0  101  0  101  101  0  0  0  0  101  101  0  0  0  0  101  101  101  0  101  101  0  101  0  0  0  101  0  101  101  0  101  0  0  0  101  101  0  

0  0  101  101  0  0  101  0  0  0  0  0  0  101  101  0  0  0  101  101  101  0  101  0  101  101  0  0  0  0  101  0  0  101  0  0  101  0  101  0  0  0  0  0  101  0  0  101  0  101  0  0  101  101  101  0  0  101  0  101  0  0  0  0  101  0  0  101  0  0  101  101  0  0  0  101  0  0  101  0  0  0  101  101  101  101  101  101  101  0  0  101  101  101  0  0  0  0  0  0  

0  101  0  0  101  0  0  101  0  0  0  0  101  0  0  101  0  0  101  0  0  101  0  0  101  0  0  101  101  0  101  101  0  0  0  0  101  101  101  101  0  0  0  0  0  101  0  101  0  101  101  101  0  101  101  101  0  101  0  101  0  0  101  0  0  101  0  0  101  0  0  0  0  101  0  0  101  101  0  101  101  101  101  0  101  101  0  101  0  101  0  0  101  0  0  0  0  0  101  101  

101  0  0  0  0  101  0  0  101  101  0  0  0  0  0  101  0  0  0  0  101  101  101  0  0  0  101  0  0  0  101  0  0  101  0  101  101  0  101  0  0  101  101  0  0  0  101  101  0  0  0  101  0  0  0  0  0  101  101  0  101  101  101  101  0  0  0  0  101  0  101  101  101  0  0  101  101  101  0  0  101  0  0  0  101  101  101  101  0  101  0  101  101  0  0  101  0  0  0  101  

0  0  0  0  101  0  0  0  101  101  101  101  101  0  101  101  101  0  0  101  0  101  101  101  0  0  0  101  0  101  0  101  101  101  0  101  101  101  0  0  101  101  101  101  0  0  0  0  101  101  0  0  0  101  0  101  0  101  0  0  101  0  0  0  0  0  0  0  101  101  101  0  101  0  101  0  101  0  0  0  101  0  101  101  101  0  0  101  101  101  0  0  0  0  0  0  0  0  0  0  

0  0  101  0  101  101  0  0  0  101  101  0  0  0  101  101  101  0  0  101  0  0  101  101  101  101  101  0  101  101  0  0  101  0  0  0  0  0  101  101  0  0  101  0  0  0  101  101  0  0  0  0  101  0  101  0  0  0  0  101  0  0  0  0  101  0  101  0  0  0  101  0  101  0  101  0  101  0  101  101  0  0  101  101  0  101  0  101  0  101  0  0  101  0  0  101  101  0  0  0  

0  101  0  0  0  0  0  0  0  101  0  101  101  0  0  101  0  101  0  0  0  101  0  101  0  101  101  0  0  0  0  101  0  101  0  0  0  0  101  0  0  0  101  101  0  101  0  0  0  0  101  101  101  0  101  0  0  0  0  0  0  0  101  0  101  0  0  101  101  0  101  0  101  0  101  0  0  0  0  101  0  0  0  0  0  101  101  101  0  0  101  0  0  0  101  101  0  0  0  101  

0  0  0  0  0  0  0  101  0  101  0  101  101  0  0  101  0  0  0  0  0  101  0  101  101  101  0  101  0  0  101  0  0  101  0  101  0  101  101  0  0  0  0  0  101  0  0  101  101  101  0  101  0  101  0  101  101  0  0  0  101  101  0  101  0  101  101  0  0  0  0  0  0  0  0  101  101  101  0  0  101  101  0  101  0  0  101  0  0  0  0  101  101  0  0  0  0  0  0  0  

0  0  0  0  0  101  101  0  0  0  0  0  0  101  101  0  101  0  0  0  101  0  0  101  101  0  0  101  0  101  101  101  0  0  101  0  101  101  101  0  0  101  0  0  0  101  0  0  101  0  101  0  0  0  0  0  101  101  0  0  0  0  0  0  0  101  101  101  101  0  0  101  0  0  0  0  101  0  0  0  0  0  0  0  101  0  101  101  101  101  0  101  0  101  101  101  0  101  0  0  

0  0  0  101  0  101  101  0  0  101  101  0  0  101  101  0  0  0  0  101  0  0  101  0  101  0  0  0  0  0  101  0  0  0  0  0  0  0  0  101  0  101  0  101  0  101  0  0  0  0  101  0  0  101  0  101  0  0  0  101  0  0  0  0  0  0  101  0  101  0  0  101  0  0  101  0  0  0  101  101  101  101  0  0  101  101  101  0  0  0  0  101  0  0  101  0  0  0  0  0  

0  0  0  101  0  101  0  101  101  101  101  101  101  0  0  101  0  101  0  101  0  0  0  0  0  101  0  0  0  101  0  0  0  0  0  0  0  101  101  0  101  0  101  0  101  101  0  0  101  0  0  101  101  101  0  0  101  0  0  0  101  0  0  101  0  0  101  101  101  101  101  0  101  101  101  101  0  0  0  101  0  0  0  101  0  101  0  0  0  0  101  101  0  0  0  101  101  0  0  101  

0  0  0  0  0  0  0  0  0  101  101  0  0  101  0  0  101  0  101  101  101  101  101  101  0  0  0  0  101  0  0  101  0  101  0  0  0  101  101  101  101  101  0  101  0  0  0  0  0  101  0  0  101  0  0  0  0  0  101  0  101  101  0  101  0  101  101  0  0  101  0  0  101  0  101  0  0  0  101  0  101  0  0  0  101  0  0  0  0  0  0  0  0  101  101  101  101  0  0  101  

101  0  0  0  0  101  0  0  0  0  0  101  0  0  0  101  0  101  0  101  0  0  101  0  0  101  101  0  0  101  101  0  101  101  101  0  101  101  101  101  0  0  0  0  101  101  101  101  101  101  101  101  101  101  0  101  0  101  101  101  101  101  101  0  101  101  0  101  0  0  0  0  0  0  0  0  0  101  0  101  0  101  101  0  0  0  0  101  0  0  101  0  0  101  0  0  101  0  101  0  

0  101  0  101  0  101  101  101  0  0  0  0  0  0  0  0  101  0  101  0  101  101  0  0  0  0  0  0  0  0  101  0  0  0  0  0  101  0  101  0  0  0  0  0  101  0  101  101  0  0  101  101  0  0  0  0  0  101  101  101  0  0  0  101  101  0  101  101  0  0  0  0  101  101  0  101  101  0  101  101  101  0  0  0  101  101  101  0  101  101  101  0  101  0  101  101  0  101  101  101  

0  0  0  101  0  101  101  0  0  101  101  0  0  0  101  101  101  101  0  101  0  101  0  101  0  101  0  0  101  101  101  0  101  0  101  0  0  0  101  0  101  101  0  101  0  0  0  101  101  0  101  101  101  101  0  101  101  0  0  101  101  0  0  101  101  0  0  0  0  0  101  0  0  101  101  0  0  101  101  0  101  0  101  0  0  0  0  0  0  101  0  0  0  101  0  0  0  0  0  0  

101  0  0  0  101  0  101  0  101  0  0  0  0  101  0  0  101  0  101  0  101  0  0  0  0  0  0  101  0  0  0  0  0  0  0  101  101  0  101  0  0  101  0  101  0  101  0  101  0  101  101  0  0  0  0  0  0  0  101  0  101  0  0  0  0  0  0  0  0  101  0  101  101  101  0  0  0  101  0  0  0  0  0  101  101  0  0  101  0  0  0  0  0  101  0  0  101  101  0  101  

0  101  101  0  101  0  0  101  101  101  0  101  101  0  0  0  101  0  101  101  0  101  0  101  0  0  0  101  0  0  0  0  0  101  0  0  101  0  101  101  0  101  101  0  101  101  101  101  101  0  0  0  0  101  101  101  0  0  101  0  0  0  0  0  0  101  0  0  0  0  0  101  0  0  0  0  0  0  0  101  101  0  101  0  0  101  0  101  101  0  101  101  101  0  101  0  0  101  101  0  

0  101  0  101  0  0  101  0  101  101  101  0  0  0  101  0  101  101  0  0  0  0  101  0  0  101  101  0  0  0  101  101  101  101  101  0  0  0  0  0  101  0  101  101  0  0  0  0  0  0  0  0  101  0  0  0  0  0  0  0  101  0  0  0  101  101  0  101  0  0  0  101  0  101  0  101  0  0  101  101  0  101  101  0  0  0  0  0  0  101  0  101  0  101  101  101  0  101  0  0  

0  0  0  101  0  0  0  0  0  101  101  101  101  101  0  0  101  0  0  101  0  101  0  101  0  0  0  101  0  101  101  0  101  0  101  101  0  101  101  0  0  0  101  101  101  0  0  101  0  0  101  0  101  0  0  101  0  0  0  0  0  0  0  0  0  0  0  0  0  101  101  101  0  101  101  0  101  101  0  0  0  101  101  101  0  0  101  101  101  101  0  0  101  101  0  101  0  0  0  101  

0  0  101  0  101  101  101  101  0  0  101  0  101  101  101  0  0  0  0  0  0  0  0  0  101  0  101  0  0  101  101  101  0  101  101  101  101  0  0  101  0  101  0  0  0  101  101  0  0  0  101  101  101  101  101  0  101  0  0  101  0  101  0  0  101  0  101  101  101  101  101  0  101  0  0  101  0  0  101  0  0  101  101  0  101  101  0  101  101  101  101  101  101  0  101  0  0  0  0  0  

0  101  0  0  0  101  101  0  0  0  101  101  101  0  0  101  0  101  0  101  0  0  101  0  0  101  101  0  0  0  0  101  101  0  101  101  0  101  0  0  0  0  101  0  0  0  101  0  0  101  101  0  0  0  101  101  101  0  0  0  101  101  101  0  0  0  0  101  101  101  0  0  0  0  101  101  101  0  101  101  0  101  0  0  0  0  101  0  101  0  101  0  0  101  0  0  0  101  0  0  

0  0  101  0  101  0  0  0  101  0  101  101  0  0  0  0  0  101  0  0  0  0  101  0  101  101  101  0  0  0  0  101  101  101  0  101  101  101  0  0  101  0  101  0  0  0  101  101  0  0  0  101  0  101  0  101  0  101  0  101  101  101  0  101  101  0  101  101  0  0  101  101  0  0  0  0  101  101  101  0  0  0  101  101  0  0  101  101  0  101  101  0  101  0  0  101  0  101  0  0  

0  101  101  101  0  0  0  101  0  101  0  0  101  101  0  0  0  0  0  0  101  101  0  101  0  0  0  101  0  0  101  0  0  101  0  101  0  0  0  101  0  0  0  101  101  101  101  0  0  101  0  0  101  0  0  101  101  101  0  101  0  0  0  101  0  101  0  0  0  0  101  101  101  0  101  0  101  101  101  0  101  0  101  0  0  0  0  0  0  101  0  0  0  101  0  101  101  0  101  101  

0  0  0  101  0  101  0  101  0  0  101  0  0  0  0  0  101  0  0  101  0  0  0  0  0  0  0  0  101  0  101  0  101  0  101  101  101  0  0  101  101  101  101  101  0  0  101  101  0  101  101  0  0  0  0  101  0  0  0  101  0  0  0  0  0  101  0  101  0  0  0  0  0  101  0  0  0  101  101  0  101  0  0  0  0  101  101  0  0  0  0  101  101  101  101  0  101  0  0  101  

0  0  0  0  0  0  0  0  0  101  101  0  0  101  0  101  0  101  0  101  0  0  0  101  101  0  0  0  0  101  0  0  0  0  0  0  101  101  101  0  0  101  101  0  0  0  101  0  0  101  101  0  0  101  101  101  0  0  0  0  0  0  101  0  0  0  101  0  101  0  0  0  0  101  101  0  0  101  0  0  101  101  101  101  0  0  0  101  101  0  0  0  0  0  101  0  0  0  0  0  

0  0  101  0  0  0  101  101  101  0  0  0  101  101  101  0  0  101  101  101  0  0  101  101  101  0  0  101  101  0  101  101  0  101  0  0  0  101  101  0  0  101  0  101  101  101  101  101  101  0  0  101  101  0  0  101  0  0  0  0  0  101  0  0  0  0  101  0  101  101  0  0  101  0  0  0  0  0  101  0  0  101  0  0  0  101  0  0  0  0  0  0  0  101  101  0  101  0  0  101  

101  101  0  0  0  101  0  101  0  101  0  101  0  101  0  0  101  0  0  0  0  0  101  0  101  101  101  0  0  0  101  101  0  101  0  0  0  101  101  101  101  0  0  101  101  0  101  0  0  0  0  101  101  0  0  0  101  0  0  0  0  0  0  0  0  0  0  101  0  0  0  101  101  101  0  0  101  0  101  0  0  0  101  101  101  0  101  0  101  0  0  0  0  0  101  0  0  101  0  0  

101  0  101  0  0  101  0  0  0  101  101  0  0  0  0  0  0  101  0  101  0  0  101  101  0  101  101  0  101  0  0  0  101  101  0  0  0  101  0  0  101  0  0  0  101  0  0  101  0  101  0  101  101  0  101  0  101  0  0  101  101  101  0  0  101  0  0  0  101  0  0  0  101  101  0  0  101  0  101  0  101  0  101  101  0  0  0  0  0  0  0  0  0  101  0  101  0  101  0  0  

101  101  101  101  0  101  101  0  101  101  0  101  101  0  0  0  101  101  0  0  0  101  101  0  101  0  101  101  0  0  101  101  101  101  101  0  101  0  101  101  0  101  0  101  101  0  0  0  0  101  0  101  0  0  0  101  0  101  0  101  101  0  0  101  101  101  0  0  101  0  101  0  0  0  0  101  0  0  101  0  0  0  0  101  0  101  0  101  101  0  0  0  101  101  101  0  101  0  101  101  

101  0  101  101  0  101  0  0  0  0  0  0  0  101  0  0  0  101  0  101  0  0  101  101  101  101  0  0  101  0  0  0  0  101  101  0  0  0  101  0  0  0  0  0  0  0  101  101  0  0  0  0  101  0  101  101  0  101  101  101  0  0  101  0  0  101  0  0  0  101  0  0  101  0  0  0  0  0  101  0  101  0  0  0  0  0  0  101  0  101  101  0  101  101  0  0  0  0  0  0  

0  0  0  0  0  0  0  0  101  101  0  0  101  0  0  0  0  0  0  0  101  0  0  101  101  101  101  101  101  0  0  0  0  0  0  101  0  0  0  0  101  0  0  0  101  0  0  0  0  0  101  101  0  101  0  0  101  101  0  0  0  0  0  0  101  101  0  0  101  101  101  101  0  0  0  0  0  0  0  0  0  101  101  101  101  101  0  0  101  0  0  0  101  101  101  0  0  101  101  0  

0  101  0  101  0  101  101  101  101  101  0  0  0  101  0  0  0  101  101  0  101  101  0  0  101  0  101  0  101  101  0  0  0  101  0  0  101  101  101  0  0  0  101  0  0  101  0  101  0  101  0  0  0  0  0  101  0  0  0  101  0  0  101  0  0  0  0  101  0  0  0  0  101  0  0  0  0  101  101  101  101  0  0  101  0  101  0  101  101  0  0  101  101  0  0  101  101  0  101  0  

0  0  101  0  101  101  0  101  0  101  0  0  101  101  0  101  101  101  0  0  0  0  0  101  0  101  101  0  0  101  101  101  101  0  0  0  101  101  0  0  0  0  0  101  0  0  0  0  0  101  0  101  101  0  101  0  0  101  101  101  0  101  101  101  0  0  101  101  0  101  101  0  0  101  0  101  0  101  0  101  0  0  101  0  101  0  0  0  0  101  101  101  101  101  101  0  0  101  101  0  

0  101  101  101  0  101  101  101  101  0  101  101  101  101  0  101  101  101  101  101  101  101  0  101  0  0  0  0  0  101  101  101  0  101  101  0  101  0  101  101  101  101  101  0  0  101  101  101  101  0  0  0  0  101  101  0  101  0  101  101  0  0  0  0  0  0  0  0  0  0  0  0  101  0  0  0  0  0  0  101  0  101  0  0  101  101  0  0  0  101  101  0  101  0  0  0  101  101  101  0  

0  0  101  0  0  0  0  101  0  0  101  0  0  0  101  0  101  101  0  0  0  101  0  0  101  0  0  101  101  0  0  101  0  101  0  0  0  0  101  101  0  101  0  101  0  101  0  0  0  101  101  101  0  101  101  0  101  0  101  101  0  0  0  101  101  0  101  0  0  101  0  0  101  0  101  101  0  0  101  0  0  0  0  0  101  0  0  101  0  0  0  0  101  0  0  101  0  0  0  0  

0  101  0  0  101  101  0  0  0  101  0  0  0  0  0  101  101  0  0  101  0  0  101  0  0  0  101  0  101  0  0  101  101  0  0  101  0  0  101  0  101  101  0  101  101  0  0  101  0  101  0  0  0  0  0  101  101  0  0  0  101  101  101  0  0  0  101  101  0  0  101  101  101  0  0  0  0  101  0  101  0  0  101  101  0  0  0  0  0  0  0  101  0  101  101  0  0  0  0  0  

101  0  0  0  0  0  0  0  101  101  0  0  0  101  101  0  101  0  0  101  101  101  0  0  101  0  0  0  101  101  101  0  0  101  0  0  0  0  101  101  101  101  101  0  0  0  0  0  0  0  0  101  0  0  0  0  0  0  0  0  0  0  0  101  101  0  101  101  101  0  0  101  0  101  101  0  101  101  101  101  0  101  101  101  101  101  0  0  101  101  101  101  0  0  101  101  0  0  0  0  

0  0  101  0  101  101  0  0  101  101  101  101  0  0  0  101  0  0  0  0  0  101  101  101  0  101  101  0  101  101  0  0  0  0  0  0  101  0  101  0  0  101  101  0  0  0  0  0  101  0  101  0  101  101  0  0  101  101  0  0  101  0  0  0  101  0  0  101  101  0  101  0  0  101  0  0  101  101  0  101  101  0  0  101  0  0  0  0  101  0  0  0  0  0  101  0  0  0  0  101  

0  0  101  101  101  101  0  0  0  101  0  101  0  0  101  0  101  0  0  101  101  0  101  101  0  0  0  101  101  0  101  101  0  101  0  0  0  101  0  101  101  0  0  101  0  101  0  0  0  0  0  0  101  0  0  0  101  0  101  0  0  0  0  101  0  0  101  0  101  101  0  101  0  0  101  0  101  101  0  101  101  0  101  101  101  0  0  101  0  0  0  101  0  0  101  0  0  0  101  0  

0  0  0  0  0  101  101  0  0  0  0  0  101  0  0  101  0  101  101  0  0  101  0  101  0  0  0  101  0  0  101  101  101  101  0  101  0  0  0  0  101  0  0  0  101  0  101  0  0  101  0  0  0  0  0  0  0  101  0  0  0  0  0  0  0  101  101  101  0  101  0  101  101  101  0  0  0  0  101  101  0  0  0  101  101  0  101  0  0  0  0  101  0  0  0  0  0  0  0  0  

101  0  0  101  0  0  0  101  0  0  0  101  0  101  101  101  0  101  0  0  101  101  0  0  101  0  0  101  0  0  101  0  0  0  0  0  101  0  101  101  0  0  0  101  0  101  0  0  101  101  101  0  101  0  0  0  101  101  0  0  0  0  0  101  101  0  101  0  0  101  101  0  101  101  0  0  0  0  0  0  0  0  0  101  0  101  0  0  0  101  0  101  0  0  0  0  0  0  101  0  

0  0  0  0  101  0  0  0  101  0  101  0  0  0  0  0  0  101  101  0  0  101  0  0  101  101  101  101  101  101  101  101  0  0  101  0  0  0  101  0  0  0  0  0  101  0  101  101  0  101  0  101  0  0  101  0  0  0  0  0  101  101  101  0  0  101  101  101  0  101  101  101  0  0  0  0  101  101  101  101  0  0  0  101  101  0  0  0  0  101  101  0  101  0  0  0  0  0  0  0  

101  0  0  0  101  0  101  101  101  0  101  0  101  0  0  0  0  101  101  101  101  101  0  101  0  0  101  0  101  0  101  0  101  0  101  0  101  0  101  0  101  0  0  0  0  0  101  101  0  101  0  0  0  0  0  0  101  101  0  101  0  0  0  0  0  0  0  0  101  0  0  0  101  0  0  0  0  0  101  0  0  101  0  0  101  101  101  0  0  0  101  0  0  101  101  0  0  0  0  0  

0  0  0  0  0  0  0  0  0  101  0  0  101  101  0  101  0  101  0  101  0  101  0  0  0  0  0  0  0  0  101  0  0  0  0  0  0  0  101  0  0  0  101  0  0  101  0  0  101  101  0  0  101  101  0  0  0  101  0  101  0  0  101  0  101  0  0  101  101  101  0  0  101  0  101  0  0  0  101  0  101  101  101  0  101  101  0  0  0  0  0  101  101  0  0  0  0  101  101  101  

0  101  0  0  101  0  101  101  0  101  0  0  101  0  0  0  101  101  0  0  101  0  0  0  0  101  0  101  101  101  0  0  101  101  0  0  101  101  0  101  101  0  0  0  101  101  101  101  101  101  0  101  0  0  101  0  101  0  0  101  101  101  0  101  0  101  0  101  101  0  0  101  101  0  0  101  0  101  0  0  0  0  0  0  0  0  101  101  0  0  0  0  0  101  101  0  0  0  101  0  

0  0  0  0  101  101  0  101  0  0  0  101  0  101  101  0  0  101  101  101  101  0  0  101  101  101  0  0  101  101  0  0  0  0  0  101  0  0  0  101  0  0  101  0  0  101  0  0  0  0  101  0  0  0  101  101  0  101  0  0  101  0  101  101  0  0  0  0  101  101  0  101  0  101  0  101  0  0  101  0  101  101  0  0  0  101  101  0  0  0  0  0  0  0  0  101  101  101  101  0  

101  0  0  0  0  0  0  101  101  0  0  101  101  0  0  101  0  101  101  101  0  0  0  0  101  0  101  0  0  0  101  101  101  101  0  101  0  101  0  101  0  101  0  0  0  0  101  0  0  101  0  101  0  101  0  0  101  101  0  101  0  0  0  101  101  0  0  101  0  0  101  0  0  0  0  0  0  101  0  101  101  101  0  0  101  101  0  101  0  0  101  0  101  0  0  0  0  101  0  0  

101  0  0  101  101  0  101  0  0  0  101  101  0  0  0  101  101  101  0  101  0  0  101  101  101  0  0  101  0  0  101  101  101  0  101  0  0  101  0  0  0  0  101  101  0  101  0  0  101  0  0  0  101  101  0  0  101  0  101  0  0  101  0  0  101  0  0  101  0  0  0  101  0  0  0  0  0  0  0  101  0  0  0  0  0  0  0  0  0  101  0  101  0  0  101  101  0  101  101  101  

0  0  101  101  0  101  101  101  0  101  0  0  101  0  101  101  0  101  0  101  0  101  0  0  101  0  101  0  0  101  0  0  0  0  0  101  0  0  101  101  0  0  101  0  0  0  0  0  101  0  0  101  101  101  0  101  0  0  101  0  101  0  0  0  0  0  0  0  101  101  101  0  0  101  101  101  101  0  0  0  0  101  0  0  0  0  101  0  101  0  0  101  0  101  101  101  0  101  0  101  

101  0  0  0  0  101  101  101  0  0  101  101  0  0  0  0  0  0  0  0  0  101  0  0  101  101  0  0  0  101  0  0  101  0  101  0  0  101  101  101  0  0  0  0  0  0  101  0  0  101  101  0  0  0  101  101  0  101  0  101  101  0  0  0  0  0  0  101  0  101  0  0  0  0  101  0  0  0  0  101  0  101  0  0  0  101  101  0  0  101  0  0  0  101  101  0  101  101  0  0  

0  0  0  101  0  0  0  101  0  101  0  0  101  0  101  0  0  101  0  101  0  101  0  101  0  101  101  101  101  101  101  0  0  101  101  0  101  0  0  0  101  0  0  0  0  0  0  0  0  0  101  0  0  101  101  101  0  0  0  101  0  101  101  101  101  0  101  101  0  0  0  0  101  101  101  0  0  101  101  0  0  101  0  101  0  0  0  0  101  101  101  101  101  0  101  0  0  101  0  101  

0  0  0  101  101  0  0  0  0  0  0  0  101  101  0  101  0  0  0  101  0  0  0  0  101  101  0  101  0  0  0  101  101  0  0  101  0  0  101  101  101  0  101  101  0  101  0  101  0  101  0  101  101  0  0  0  101  101  101  101  0  0  0  0  101  0  0  101  101  101  0  0  0  101  101  101  0  101  101  101  101  101  0  101  0  101  101  0  101  101  101  101  0  101  101  0  101  101  0  0  

0  0  101  0  0  0  101  101  101  101  0  0  0  101  0  0  0  101  101  0  0  0  0  0  0  0  101  101  0  0  0  0  0  101  101  101  0  101  0  0  0  0  101  0  101  101  0  101  101  0  101  101  0  0  101  0  101  101  101  0  0  101  101  101  0  0  101  0  0  0  0  0  0  101  0  0  0  0  0  0  0  0  0  0  0  0  0  101  0  0  101  0  0  0  0  0  0  101  101  101  

101  0  0  0  0  0  0  0  101  0  0  0  0  0  0  0  101  101  101  0  101  101  0  0  0  0  0  0  0  0  0  0  0  0  101  0  0  101  101  101  0  0  0  101  0  0  0  0  0  0  0  0  101  101  0  0  101  101  101  0  0  0  101  0  101  101  101  0  0  0  101  0  101  0  0  0  0  0  0  0  0  101  0  101  0  101  0  0  0  0  101  0  0  0  0  0  0  0  101  0  

0  0  0  101  0  0  101  101  0  0  101  0  0  0  101  0  0  101  101  101  0  0  0  0  101  0  101  101  101  0  0  0  101  101  101  0  101  101  101  101  0  0  0  0  0  0  0  101  101  101  0  101  0  0  101  101  101  0  0  101  0  101  0  0  101  0  0  0  0  101  101  101  0  101  101  101  101  101  101  101  101  0  101  101  0  101  0  0  0  0  101  101  0  101  101  101  101  101  0  0  

0  101  0  101  0  0  0  0  101  101  0  0  101  0  0  101  101  101  0  101  101  0  101  0  0  101  101  0  0  0  0  0  101  101  0  0  0  0  0  0  101  0  101  0  0  0  101  0  0  101  101  0  0  101  101  0  0  0  0  0  101  0  0  0  0  0  0  0  0  101  0  101  0  101  0  101  0  0  0  101  101  0  0  101  0  101  0  101  0  0  0  0  0  0  0  0  101  0  101  101  

0  101  101  101  0  0  0  0  101  0  0  0  101  0  0  0  101  101  0  0  0  0  0  0  101  101  101  0  0  0  101  0  101  0  0  0  0  101  0  0  101  0  0  0  0  0  101  0  0  101  0  0  101  0  0  101  0  101  0  101  0  101  0  0  101  0  0  0  0  101  101  101  0  0  0  101  101  0  0  101  101  0  0  0  101  0  0  0  101  0  101  0  101  0  101  101  0  101  0  101  

0  0  101  0  0  0  0  101  101  0  0  101  0  0  0  0  0  101  0  0  0  0  0  0  0  101  0  0  0  101  0  0  0  0  101  0  101  101  0  0  101  0  0  0  0  0  101  0  101  0  101  0  0  0  0  101  0  101  101  0  0  0  101  101  0  101  0  0  0  101  101  0  0  101  0  0  0  101  0  101  0  0  0  0  101  0  0  101  0  0  0  0  0  101  0  0  0  0  0  0  

101  101  0  0  0  101  0  0  101  0  0  0  101  0  0  101  101  0  101  101  0  0  0  0  0  0  101  101  0  0  0  0  0  101  0  0  0  101  0  101  0  101  0  101  0  101  0  0  0  101  101  101  0  0  0  101  0  101  0  0  0  0  101  101  101  101  101  0  0  101  0  0  0  101  0  0  0  0  0  101  0  101  101  0  0  101  0  0  0  0  101  0  0  0  0  0  0  0  0  0  

101  101  0  101  0  0  101  0  0  0  101  101  0  0  0  0  0  101  101  101  0  0  101  0  101  0  101  0  0  0  0  0  101  101  0  101  0  0  0  101  0  101  101  0  0  101  0  0  101  0  0  101  101  0  0  101  101  0  101  101  0  101  0  101  101  0  101  101  101  0  0  101  0  0  0  101  0  0  0  101  0  101  0  0  101  101  0  101  0  0  0  101  0  101  101  0  0  101  0  0  

101  101  0  101  0  101  0  101  0  0  0  0  101  101  0  0  101  101  0  0  0  101  101  0  0  0  0  101  101  0  0  0  0  101  101  101  0  0  0  0  0  0  0  0  101  0  101  0  0  101  0  0  0  0  0  0  0  0  101  0  0  0  101  101  0  101  0  0  0  0  0  101  0  0  0  0  0  101  0  0  0  101  101  0  0  101  101  0  101  101  0  0  0  0  0  101  0  0  0  101  

0  101  101  101  101  101  0  0  0  0  101  0  101  101  101  101  101  0  101  0  0  0  0  0  101  0  101  0  0  101  101  0  0  0  0  0  0  101  0  101  101  101  0  101  101  101  101  0  0  0  0  0  0  0  0  101  0  101  101  0  0  0  0  101  101  0  101  101  0  0  0  101  101  0  0  101  0  0  101  101  0  0  101  101  0  0  0  101  0  0  101  0  0  0  0  0  101  0  0  0  

0  101  0  0  0  0  101  0  0  0  0  101  0  101  0  101  0  101  101  0  0  0  101  0  101  101  101  0  101  0  0  101  0  0  0  0  101  101  0  0  101  101  101  0  101  0  101  0  101  101  0  101  101  0  101  101  101  0  0  0  0  0  0  0  101  0  101  101  0  101  101  0  0  101  101  101  0  0  0  101  101  0  0  101  0  0  0  0  101  0  0  0  101  101  101  0  101  0  101  101  

101  101  0  0  101  0  0  101  101  101  0  101  0  101  101  101  0  0  0  0  0  0  0  0  101  101  0  0  0  101  101  0  101  101  0  101  0  0  0  0  0  101  101  101  0  0  0  101  101  101  101  0  0  101  0  0  101  0  0  0  0  0  0  0  101  0  0  0  101  0  0  0  0  0  0  101  0  0  101  0  0  0  0  101  0  101  0  101  0  101  101  0  101  0  101  101  101  0  0  0  

101  0  101  0  0  0  0  0  0  101  0  0  0  0  0  101  101  0  0  0  101  0  0  101  101  101  0  0  0  0  101  0  0  0  101  101  0  101  0  101  0  0  0  101  101  101  101  0  101  0  101  0  0  101  101  0  101  0  0  101  101  101  101  101  0  0  0  101  0  101  101  0  0  0  0  0  0  101  0  0  0  101  101  0  0  0  101  0  0  0  101  0  101  0  0  101  101  0  101  101  

0  101  101  0  0  0  101  0  101  101  101  101  0  0  0  101  0  0  0  101  0  0  0  101  101  0  101  101  0  0  0  0  0  101  0  101  0  101  0  0  101  0  101  0  0  101  101  0  0  0  0  101  0  101  0  0  0  0  101  101  0  101  101  0  0  0  0  101  0  101  101  0  0  0  0  101  0  0  0  0  0  101  101  0  0  0  0  0  0  101  0  0  0  101  0  101  101  101  101  0  

0  0  0  0  0  101  101  0  101  0  0  0  0  101  101  0  0  0  0  0  101  101  101  101  0  0  101  101  0  0  0  101  0  0  0  101  0  0  0  0  101  101  0  101  101  0  101  0  0  101  101  0  101  0  0  0  0  0  0  101  101  101  0  0  101  101  101  0  0  0  0  101  0  0  0  0  0  0  101  0  0  0  0  0  0  0  101  101  101  0  0  101  101  0  101  101  0  0  0  0  

101  0  101  101  0  101  0  0  101  101  101  101  0  0  0  101  101  0  101  0  101  0  0  0  101  0  0  101  0  0  101  101  101  0  101  0  101  0  101  101  101  0  0  0  101  101  0  101  101  101  0  0  0  0  0  101  0  0  101  0  0  0  0  0  0  0  101  0  0  0  0  0  101  0  101  0  101  0  101  101  101  101  0  101  101  0  0  101  0  0  0  101  0  0  0  0  101  0  101  0  

101  101  101  0  101  0  0  101  0  0  0  0  0  0  0  101  0  0  101  101  101  0  101  101  0  0  0  0  101  101  0  101  101  0  0  0  0  101  0  0  0  101  101  0  101  101  0  0  0  0  101  0  0  101  0  101  101  101  0  101  101  0  101  101  0  0  0  101  0  0  0  0  0  101  101  0  101  101  0  101  101  101  101  0  0  101  0  101  0  101  101  0  0  101  0  101  0  0  0  0  

0  0  0  0  0  0  0  0  0  101  101  101  0  0  101  101  101  0  0  101  0  0  0  101  0  101  0  101  0  101  0  0  0  0  0  0  0  0  0  101  0  101  0  101  0  0  0  0  101  0  0  0  0  101  101  101  101  0  0  101  0  0  0  0  0  0  0  101  0  0  0  0  101  101  101  101  101  0  0  0  101  0  101  101  0  101  0  101  101  0  101  0  0  101  0  0  0  101  0  0  

101  101  101  101  0  0  101  0  101  0  0  0  101  0  0  101  0  0  101  0  0  0  101  0  101  101  0  0  0  0  0  0  0  101  0  0  0  101  0  101  0  0  0  0  0  0  0  0  0  101  101  0  0  101  0  0  101  0  0  101  101  101  0  0  101  0  101  101  101  0  101  0  0  0  101  101  101  0  0  101  0  101  0  0  0  0  0  101  0  101  0  101  0  101  101  0  0  101  0  0  

101  0  101  0  0  0  0  101  101  101  101  0  101  101  0  0  0  0  101  0  0  0  0  101  0  101  101  101  0  0  0  101  101  0  0  0  0  0  0  0  0  101  101  101  0  0  101  0  0  0  0  0  0  101  0  0  0  0  0  101  0  101  0  0  0  0  0  0  0  0  0  0  101  101  101  101  101  0  101  0  0  101  0  0  101  101  101  0  101  0  101  101  101  101  0  101  0  0  101  0  

0  0  101  101  0  101  0  101  101  0  0  0  101  0  0  0  0  101  0  101  101  0  0  101  0  0  101  101  101  101  0  0  0  0  0  0  101  101  0  0  101  101  101  101  0  0  101  0  0  101  0  101  0  0  0  101  101  0  0  101  0  0  101  0  0  101  0  0  0  101  0  0  0  101  0  0  0  101  0  0  0  0  0  101  0  101  0  101  0  0  0  0  0  101  0  0  0  101  101  101  

0  0  101  0  0  101  101  0  0  0  101  0  0  0  101  0  101  0  101  101  0  0  101  0  101  101  101  101  101  0  101  101  101  101  101  0  101  0  0  101  0  101  0  0  101  0  101  101  101  0  101  0  0  0  0  101  101  0  0  101  0  0  0  0  0  0  101  0  101  0  0  101  101  0  0  0  101  0  101  101  101  0  0  0  101  0  0  101  0  101  0  0  0  0  101  0  0  0  0  0  

0  101  0  101  101  101  0  101  0  0  101  101  0  0  101  101  0  101  101  0  0  101  101  0  0  101  0  0  0  0  0  0  0  0  0  0  101  101  101  0  101  101  101  101  101  0  101  0  0  0  0  101  101  0  101  0  101  0  0  101  101  101  101  101  101  0  101  101  0  0  0  0  101  101  0  101  0  0  101  101  0  101  101  0  101  101  0  101  0  101  0  101  0  101  101  0  101  101  101  0  

0  101  0  0  0  0  0  101  101  101  0  0  101  0  101  0  101  0  101  101  0  101  0  0  0  0  0  101  101  101  0  0  101  0  101  0  101  0  0  0  0  0  101  101  0  0  0  0  101  0  101  101  0  0  0  0  101  0  0  101  101  101  0  0  0  0  0  101  0  0  0  0  101  101  101  0  0  0  101  0  101  0  101  0  0  101  0  0  0  0  0  0  0  0  101  101  101  101  0  101  

101  0  0  101  101  101  0  101  0  0  0  0  101  0  101  0  0  101  0  0  0  0  101  101  101  101  0  0  0  101  101  0  0  0  0  101  0  0  101  0  0  101  0  0  0  0  0  101  101  0  101  101  0  101  101  101  101  0  101  0  0  0  0  101  101  101  0  0  0  101  101  0  101  101  0  101  101  0  0  101  0  101  0  101  0  101  101  101  0  0  101  101  0  101  101  101  0  0  0  0  

0  0  101  101  101  101  101  101  0  101  101  0  0  0  0  0  0  101  0  101  0  101  101  101  101  0  101  101  0  101  0  101  101  0  0  101  0  101  0  0  101  101  0  101  0  0  0  0  101  0  0  0  0  0  0  0  0  0  0  101  0  0  0  101  0  101  101  0  0  101  101  0  0  101  101  0  0  0  0  101  101  0  101  101  101  0  0  101  101  0  0  0  101  0  0  0  101  0  101  0  

101  101  0  0  0  0  101  0  0  101  101  0  101  0  0  101  0  0  0  0  101  0  0  101  0  0  101  0  0  101  0  101  101  101  0  101  101  0  0  0  101  101  101  101  101  101  101  0  0  0  0  0  0  0  0  101  101  0  101  101  101  0  0  0  0  0  101  101  101  0  0  0  101  0  101  0  0  101  0  0  0  101  101  101  0  0  101  0  101  0  101  101  0  101  0  0  101  0  101  0  

0  0  101  101  0  101  101  101  101  101  0  0  0  101  101  0  101  0  101  0  101  0  0  0  101  0  0  0  0  0  0  101  0  0  0  101  0  101  101  101  0  101  0  101  101  0  101  101  101  0  0  101  0  0  0  0  0  0  0  0  0  101  101  0  101  0  0  0  0  0  0  0  101  0  0  0  101  0  101  101  0  0  101  0  101  101  0  0  0  0  0  101  0  0  101  0  101  0  101  101  

101  0  101  0  101  0  101  101  101  0  101  101  0  0  101  101  0  0  101  0  0  101  0  0  101  0  0  0  101  0  101  0  0  101  0  101  101  0  101  0  0  101  0  0  0  101  0  101  101  0  101  101  0  0  101  0  101  0  101  101  101  0  0  101  101  101  0  0  101  0  0  0  0  101  101  0  101  101  0  101  101  101  0  0  101  101  101  0  0  101  101  0  0  0  0  101  0  0  101  0  

101  0  0  101  0  0  101  0  101  0  0  101  101  101  101  0  0  0  101  0  0  0  0  101  0  101  101  0  101  0  0  101  0  0  0  0  0  0  0  0  0  0  0  0  101  0  0  101  0  101  101  0  0  101  101  0  101  0  0  0  0  0  0  0  0  101  0  0  0  101  0  101  0  0  0  0  101  0  0  0  0  101  0  101  0  101  101  101  0  101  0  0  0  101  0  101  101  0  0  101  

101  0  0  0  0  0  101  101  101  101  101  101  0  101  0  0  0  101  0  0  101  101  0  101  101  0  101  0  0  101  0  0  0  101  101  0  101  0  0  101  0  0  0  101  0  0  0  0  0  101  0  101  0  0  0  0  0  101  0  0  101  0  101  0  101  0  101  0  101  0  0  101  101  101  101  101  0  101  101  101  0  101  101  0  0  0  101  101  0  101  101  101  0  0  101  0  0  101  101  101  

0  101  101  0  101  101  101  0  0  101  0  0  0  101  0  0  0  0  101  0  0  101  0  101  101  101  0  0  0  101  0  101  0  101  0  101  101  0  0  0  0  101  101  0  0  0  0  0  0  0  0  0  0  101  0  101  101  0  0  0  0  101  0  0  0  101  0  101  0  0  0  101  0  0  101  0  101  0  0  0  0  0  101  101  0  0  0  0  101  101  0  0  101  0  101  0  101  0  101  101  

101  101  0  0  101  0  0  101  101  101  101  0  0  101  0  0  0  0  101  101  0  0  101  101  101  0  101  101  0  0  0  0  0  0  101  0  0  101  101  0  0  101  0  0  0  101  101  0  0  0  0  0  101  0  101  101  101  0  0  0  0  0  0  0  0  101  0  0  101  0  101  0  0  101  0  101  0  0  101  101  0  0  0  0  0  101  101  101  101  101  0  0  101  0  0  101  101  0  0  0  

101  101  0  0  0  101  0  0  0  0  0  101  0  0  0  101  0  101  101  0  0  101  0  0  101  101  101  0  0  0  0  0  0  0  101  0  0  101  101  0  0  101  0  0  0  0  101  101  0  0  0  101  0  0  0  101  101  101  101  101  0  101  0  101  0  0  101  0  101  101  0  0  0  101  101  0  101  0  0  0  0  101  0  101  0  101  0  101  0  0  101  101  0  0  0  0  101  0  0  0  

0  101  0  0  0  101  101  0  101  0  0  0  101  101  101  101  0  0  0  0  0  101  101  0  101  0  0  0  101  0  0  0  0  0  0  0  101  101  0  0  101  101  0  101  101  101  0  0  101  0  0  0  101  101  0  101  101  0  0  101  0  0  0  0  101  0  0  0  0  0  0  101  101  0  0  101  101  0  0  101  0  101  0  101  101  0  0  101  0  0  101  101  101  0  0  101  0  0  0  101  

0  0  101  0  0  0  101  101  101  0  101  0  101  0  0  0  0  0  101  0  0  101  0  101  101  0  101  0  101  0  0  0  0  101  101  101  101  101  101  101  0  0  0  0  0  0  101  0  101  0  0  101  0  0  0  101  0  0  0  0  0  101  0  0  0  0  0  101  101  101  0  101  0  0  0  0  101  0  0  0  0  0  101  0  0  0  0  0  101  101  0  101  101  101  0  101  0  0  0  101  

0  0  101  0  101  101  101  0  0  0  0  0  0  101  0  0  101  101  0  101  101  0  101  101  0  101  0  101  101  0  101  0  101  101  101  101  0  101  0  0  101  0  0  0  0  0  0  101  0  101  0  0  0  101  101  0  101  0  0  101  0  0  101  0  101  0  0  101  0  0  101  0  0  101  101  101  101  101  0  101  0  101  0  101  0  0  101  0  0  0  0  0  101  101  0  0  0  0  101  101  

0  0  0  0  0  0  0  0  0  0  0  101  0  101  101  0  101  0  101  0  0  101  101  0  101  0  0  0  101  101  101  101  0  101  0  101  0  101  0  0  101  101  101  101  0  0  0  101  0  101  0  0  101  101  101  101  101  0  0  101  0  101  0  0  101  0  0  101  101  0  0  101  0  0  0  101  0  0  101  101  101  101  0  0  101  0  0  101  101  0  0  0  0  0  101  0  101  0  101  101  

0  101  0  0  0  0  0  0  101  0  101  101  0  101  0  101  101  0  101  0  0  0  101  101  0  0  101  101  0  0  0  0  101  0  0  0  101  0  0  101  0  101  0  0  0  0  0  0  0  0  101  0  101  101  0  0  0  0  0  101  0  101  0  0  0  101  0  0  101  101  101  101  0  101  0  0  101  0  0  0  101  101  0  0  0  101  101  0  0  101  0  101  101  0  0  101  0  0  0  101  

0  0  101  101  0  0  0  0  0  0  101  0  0  0  0  101  101  101  0  0  101  0  0  0  0  0  0  101  101  0  101  0  0  101  0  0  101  0  101  0  0  0  0  0  0  0  0  0  0  0  101  0  0  0  101  0  101  0  0  101  101  0  0  0  0  0  101  101  101  101  101  0  101  0  0  0  0  0  0  101  101  0  101  101  101  0  101  0  101  101  101  0  0  0  101  0  101  101  0  0  

101  0  101  0  101  101  0  0  0  0  0  0  0  101  0  0  0  0  101  0  101  101  101  0  0  101  101  0  0  0  0  101  101  0  0  101  0  101  101  0  0  0  0  0  0  0  0  0  101  0  101  101  101  101  101  101  101  101  0  101  0  101  0  0  101  0  0  0  0  0  101  0  0  0  101  101  0  101  0  101  101  0  0  0  0  0  0  101  0  0  0  0  0  0  0  0  101  101  101  0  

0  0  101  0  0  101  0  101  0  0  0  0  0  0  0  0  0  101  101  0  0  101  0  0  0  0  0  101  0  0  0  0  0  101  0  101  101  101  101  0  0  0  0  101  0  101  0  0  101  101  101  0  101  0  0  0  0  101  101  0  101  0  0  0  0  0  0  101  0  101  101  0  101  0  0  0  101  101  0  101  0  0  101  101  101  101  0  101  101  0  0  0  0  101  101  0  0  101  101  0  

0  101  0  0  101  0  0  101  101  0  0  101  0  0  0  101  101  0  101  0  101  0  0  101  0  0  0  101  101  0  101  0  0  101  0  0  0  0  0  0  0  0  101  0  0  0  0  0  101  0  0  0  101  101  0  101  0  101  0  0  101  101  0  0  0  101  0  101  0  101  0  0  0  0  0  0  0  101  0  0  101  0  0  0  101  0  101  101  101  0  0  101  101  101  101  101  0  0  0  101  

UnPairedArc=
1 2 
1 4 
1 9 
1 18 
1 21 
1 32 
1 33 
1 34 
1 35 
1 42 
1 46 
1 48 
1 52 
1 53 
1 55 
1 59 
1 64 
1 65 
1 66 
1 69 
1 70 
1 73 
1 74 
1 76 
1 77 
1 82 
1 84 
1 86 
1 87 
1 88 
1 90 
1 91 
1 98 
2 8 
2 12 
2 19 
2 22 
2 23 
2 26 
2 28 
2 32 
2 34 
2 37 
2 39 
2 41 
2 50 
2 61 
2 62 
2 64 
2 65 
2 66 
2 67 
2 68 
2 69 
2 71 
2 74 
2 76 
2 80 
2 81 
2 84 
2 89 
2 90 
2 91 
2 92 
2 96 
2 100 
3 6 
3 7 
3 11 
3 22 
3 25 
3 27 
3 28 
3 31 
3 33 
3 34 
3 35 
3 38 
3 39 
3 40 
3 43 
3 44 
3 54 
3 58 
3 62 
3 63 
3 67 
3 70 
3 71 
3 73 
3 74 
3 76 
3 77 
3 78 
3 79 
3 83 
3 85 
3 86 
3 89 
3 93 
3 94 
3 97 
3 98 
3 99 
4 5 
4 6 
4 7 
4 15 
4 16 
4 19 
4 20 
4 23 
4 24 
4 28 
4 29 
4 34 
4 35 
4 37 
4 39 
4 44 
4 46 
4 53 
4 54 
4 56 
4 57 
4 60 
4 61 
4 62 
4 65 
4 66 
4 67 
4 73 
4 76 
4 78 
4 80 
4 82 
4 83 
4 85 
4 87 
4 97 
5 8 
5 10 
5 11 
5 21 
5 22 
5 25 
5 27 
5 38 
5 41 
5 43 
5 44 
5 47 
5 48 
5 50 
5 51 
5 53 
5 57 
5 67 
5 69 
5 74 
5 80 
5 82 
5 83 
5 86 
5 89 
5 90 
5 94 
5 98 
5 100 
6 9 
6 11 
6 14 
6 15 
6 16 
6 18 
6 19 
6 20 
6 25 
6 26 
6 29 
6 32 
6 33 
6 34 
6 35 
6 37 
6 38 
6 39 
6 41 
6 43 
6 44 
6 45 
6 51 
6 54 
6 55 
6 64 
6 66 
6 67 
6 72 
6 73 
6 78 
6 79 
6 80 
6 82 
6 83 
6 85 
6 89 
6 91 
6 92 
6 94 
6 98 
6 99 
7 14 
7 15 
7 19 
7 20 
7 21 
7 23 
7 25 
7 26 
7 31 
7 34 
7 37 
7 39 
7 45 
7 48 
7 50 
7 53 
7 54 
7 55 
7 58 
7 60 
7 65 
7 68 
7 71 
7 72 
7 76 
7 79 
7 83 
7 84 
7 85 
7 86 
7 87 
7 88 
7 89 
7 92 
7 93 
7 94 
8 13 
8 16 
8 19 
8 22 
8 25 
8 28 
8 29 
8 31 
8 32 
8 37 
8 38 
8 39 
8 40 
8 46 
8 48 
8 50 
8 51 
8 52 
8 54 
8 55 
8 56 
8 58 
8 60 
8 63 
8 66 
8 69 
8 74 
8 77 
8 78 
8 80 
8 81 
8 82 
8 83 
8 85 
8 86 
8 88 
8 90 
8 93 
8 99 
8 100 
9 10 
9 16 
9 21 
9 22 
9 23 
9 27 
9 31 
9 34 
9 36 
9 37 
9 39 
9 42 
9 43 
9 47 
9 48 
9 52 
9 58 
9 59 
9 61 
9 62 
9 63 
9 64 
9 69 
9 71 
9 72 
9 73 
9 76 
9 77 
9 78 
9 81 
9 85 
9 86 
9 87 
9 88 
9 90 
9 92 
9 93 
9 96 
9 100 
10 11 
10 12 
10 13 
10 15 
10 16 
10 17 
10 20 
10 22 
10 23 
10 24 
10 28 
10 30 
10 32 
10 33 
10 34 
10 36 
10 37 
10 38 
10 41 
10 42 
10 43 
10 44 
10 49 
10 50 
10 54 
10 56 
10 58 
10 61 
10 69 
10 70 
10 71 
10 73 
10 75 
10 77 
10 81 
10 83 
10 84 
10 85 
10 88 
10 89 
10 90 
11 15 
11 16 
11 17 
11 20 
11 23 
11 24 
11 25 
11 26 
11 27 
11 29 
11 30 
11 33 
11 39 
11 40 
11 43 
11 47 
11 48 
11 53 
11 55 
11 60 
11 65 
11 67 
11 71 
11 73 
11 75 
11 77 
11 79 
11 80 
11 83 
11 84 
11 86 
11 88 
11 90 
11 93 
11 96 
11 97 
12 13 
12 16 
12 18 
12 22 
12 24 
12 26 
12 27 
12 32 
12 34 
12 39 
12 43 
12 44 
12 46 
12 51 
12 52 
12 53 
12 55 
12 63 
12 65 
12 68 
12 69 
12 71 
12 73 
12 75 
12 80 
12 86 
12 87 
12 88 
12 91 
12 95 
12 96 
12 100 
13 16 
13 22 
13 24 
13 25 
13 26 
13 28 
13 31 
13 34 
13 36 
13 38 
13 39 
13 45 
13 48 
13 49 
13 50 
13 52 
13 54 
13 56 
13 57 
13 61 
13 62 
13 64 
13 66 
13 67 
13 76 
13 77 
13 78 
13 81 
13 82 
13 84 
13 87 
13 92 
13 93 
14 15 
14 17 
14 21 
14 24 
14 25 
14 28 
14 30 
14 31 
14 32 
14 35 
14 37 
14 38 
14 39 
14 42 
14 46 
14 49 
14 51 
14 57 
14 58 
14 66 
14 67 
14 68 
14 69 
14 72 
14 77 
14 85 
14 87 
14 88 
14 89 
14 90 
14 92 
14 94 
14 95 
14 96 
14 98 
15 20 
15 23 
15 25 
15 31 
15 40 
15 42 
15 44 
15 46 
15 51 
15 54 
15 56 
15 60 
15 67 
15 69 
15 72 
15 75 
15 79 
15 80 
15 81 
15 82 
15 85 
15 86 
15 87 
15 92 
15 95 
16 18 
16 20 
16 26 
16 30 
16 38 
16 39 
16 41 
16 43 
16 45 
16 46 
16 49 
16 52 
16 53 
16 54 
16 57 
16 61 
16 64 
16 67 
16 68 
16 69 
16 70 
16 71 
16 73 
16 74 
16 75 
16 76 
16 80 
16 84 
16 86 
16 91 
16 92 
16 96 
16 97 
16 100 
17 19 
17 20 
17 21 
17 22 
17 23 
17 24 
17 29 
17 32 
17 34 
17 38 
17 39 
17 40 
17 41 
17 42 
17 44 
17 50 
17 53 
17 59 
17 61 
17 62 
17 64 
17 66 
17 67 
17 70 
17 73 
17 75 
17 79 
17 81 
17 85 
17 94 
17 95 
17 96 
17 97 
17 100 
18 20 
18 23 
18 26 
18 27 
18 30 
18 31 
18 33 
18 34 
18 35 
18 37 
18 38 
18 39 
18 40 
18 45 
18 46 
18 47 
18 48 
18 49 
18 50 
18 51 
18 52 
18 53 
18 54 
18 56 
18 58 
18 59 
18 60 
18 61 
18 62 
18 63 
18 65 
18 66 
18 68 
18 78 
18 80 
18 82 
18 83 
18 88 
18 91 
18 94 
18 97 
18 99 
19 21 
19 22 
19 31 
19 37 
19 39 
19 45 
19 47 
19 48 
19 51 
19 52 
19 58 
19 59 
19 60 
19 64 
19 65 
19 67 
19 68 
19 73 
19 74 
19 76 
19 77 
19 79 
19 80 
19 81 
19 85 
19 86 
19 87 
19 89 
19 90 
19 91 
19 93 
19 95 
19 96 
19 98 
19 99 
19 100 
20 22 
20 24 
20 26 
20 29 
20 30 
20 31 
20 33 
20 35 
20 39 
20 41 
20 42 
20 44 
20 48 
20 49 
20 51 
20 52 
20 53 
20 54 
20 56 
20 57 
20 60 
20 61 
20 64 
20 65 
20 71 
20 74 
20 75 
20 78 
20 79 
20 81 
20 83 
20 90 
20 94 
21 28 
21 36 
21 37 
21 39 
21 42 
21 44 
21 46 
21 48 
21 50 
21 51 
21 59 
21 61 
21 70 
21 72 
21 73 
21 74 
21 78 
21 84 
21 85 
21 88 
21 94 
21 97 
21 98 
21 100 
22 24 
22 28 
22 34 
22 37 
22 39 
22 40 
22 42 
22 43 
22 45 
22 46 
22 47 
22 48 
22 49 
22 54 
22 55 
22 56 
22 59 
22 66 
22 72 
22 80 
22 81 
22 83 
22 86 
22 88 
22 89 
22 91 
22 92 
22 93 
22 95 
22 98 
22 99 
23 26 
23 27 
23 31 
23 32 
23 33 
23 34 
23 35 
23 41 
23 43 
23 44 
23 53 
23 61 
23 65 
23 66 
23 68 
23 72 
23 74 
23 76 
23 79 
23 80 
23 82 
23 83 
23 90 
23 92 
23 94 
23 95 
23 96 
23 98 
24 28 
24 30 
24 31 
24 33 
24 35 
24 36 
24 38 
24 39 
24 43 
24 44 
24 45 
24 48 
24 51 
24 53 
24 56 
24 70 
24 71 
24 72 
24 74 
24 75 
24 77 
24 78 
24 82 
24 83 
24 84 
24 87 
24 88 
24 89 
24 90 
24 93 
24 94 
24 96 
24 100 
25 27 
25 30 
25 31 
25 32 
25 34 
25 35 
25 36 
25 37 
25 40 
25 42 
25 46 
25 47 
25 51 
25 52 
25 53 
25 54 
25 55 
25 57 
25 60 
25 62 
25 65 
25 67 
25 68 
25 69 
25 70 
25 71 
25 73 
25 76 
25 79 
25 82 
25 83 
25 85 
25 86 
25 88 
25 89 
25 90 
25 91 
25 92 
25 93 
25 95 
26 27 
26 32 
26 33 
26 35 
26 36 
26 38 
26 43 
26 47 
26 50 
26 51 
26 55 
26 56 
26 57 
26 61 
26 62 
26 63 
26 68 
26 69 
26 70 
26 75 
26 76 
26 77 
26 79 
26 80 
26 82 
26 87 
26 89 
26 91 
26 94 
26 98 
27 32 
27 33 
27 34 
27 36 
27 37 
27 38 
27 41 
27 43 
27 47 
27 48 
27 52 
27 54 
27 56 
27 58 
27 60 
27 61 
27 62 
27 64 
27 65 
27 67 
27 68 
27 71 
27 72 
27 77 
27 78 
27 79 
27 83 
27 84 
27 87 
27 88 
27 90 
27 91 
27 93 
27 96 
27 98 
28 31 
28 34 
28 36 
28 40 
28 44 
28 45 
28 46 
28 47 
28 50 
28 53 
28 56 
28 57 
28 58 
28 60 
28 64 
28 66 
28 71 
28 72 
28 73 
28 75 
28 77 
28 78 
28 79 
28 81 
28 83 
28 90 
28 94 
28 96 
28 97 
28 99 
28 100 
29 31 
29 33 
29 35 
29 36 
29 37 
29 40 
29 41 
29 42 
29 43 
29 44 
29 47 
29 48 
29 50 
29 51 
29 56 
29 60 
29 66 
29 68 
29 74 
29 78 
29 79 
29 81 
29 86 
29 87 
29 92 
29 93 
29 94 
29 95 
29 97 
29 100 
30 37 
30 38 
30 39 
30 42 
30 43 
30 47 
30 50 
30 51 
30 54 
30 55 
30 56 
30 63 
30 67 
30 69 
30 74 
30 75 
30 78 
30 81 
30 82 
30 83 
30 84 
30 88 
30 89 
30 95 
31 32 
31 34 
31 38 
31 39 
31 42 
31 44 
31 45 
31 46 
31 47 
31 48 
31 49 
31 52 
31 53 
31 56 
31 62 
31 67 
31 69 
31 70 
31 73 
31 79 
31 82 
31 86 
31 94 
31 95 
31 97 
31 100 
32 34 
32 38 
32 39 
32 40 
32 41 
32 44 
32 45 
32 47 
32 52 
32 53 
32 57 
32 68 
32 72 
32 73 
32 74 
32 77 
32 79 
32 83 
32 84 
32 85 
32 87 
32 89 
32 95 
32 98 
33 34 
33 38 
33 41 
33 45 
33 48 
33 50 
33 52 
33 53 
33 55 
33 57 
33 60 
33 61 
33 62 
33 65 
33 69 
33 73 
33 74 
33 77 
33 79 
33 81 
33 83 
33 84 
33 94 
33 96 
33 98 
34 35 
34 37 
34 39 
34 40 
34 42 
34 44 
34 45 
34 50 
34 52 
34 56 
34 58 
34 60 
34 61 
34 64 
34 65 
34 66 
34 69 
34 71 
34 76 
34 79 
34 84 
34 86 
34 88 
34 89 
34 93 
34 94 
34 95 
34 97 
34 99 
34 100 
35 39 
35 47 
35 48 
35 53 
35 55 
35 56 
35 58 
35 59 
35 60 
35 63 
35 66 
35 70 
35 73 
35 79 
35 81 
35 88 
35 90 
35 91 
35 93 
35 94 
36 41 
36 45 
36 51 
36 52 
36 54 
36 57 
36 58 
36 65 
36 66 
36 69 
36 70 
36 71 
36 72 
36 82 
36 83 
36 84 
36 85 
36 86 
36 89 
36 93 
36 94 
36 95 
36 98 
36 99 
37 38 
37 39 
37 43 
37 46 
37 48 
37 50 
37 56 
37 60 
37 63 
37 68 
37 73 
37 78 
37 79 
37 80 
37 81 
37 84 
37 86 
37 88 
37 89 
37 92 
37 93 
37 96 
37 97 
37 99 
38 44 
38 50 
38 52 
38 53 
38 55 
38 58 
38 59 
38 60 
38 62 
38 63 
38 64 
38 67 
38 68 
38 70 
38 71 
38 74 
38 76 
38 78 
38 80 
38 83 
38 85 
38 90 
38 91 
38 92 
38 93 
38 94 
38 95 
38 98 
38 99 
39 40 
39 41 
39 42 
39 43 
39 46 
39 47 
39 48 
39 49 
39 54 
39 55 
39 57 
39 59 
39 60 
39 73 
39 80 
39 82 
39 85 
39 86 
39 90 
39 91 
39 93 
39 97 
39 98 
39 99 
40 42 
40 44 
40 46 
40 50 
40 51 
40 52 
40 54 
40 55 
40 57 
40 59 
40 60 
40 64 
40 65 
40 67 
40 70 
40 73 
40 75 
40 76 
40 79 
40 85 
40 88 
40 93 
40 96 
41 42 
41 44 
41 45 
41 48 
41 50 
41 56 
41 57 
41 61 
41 62 
41 63 
41 67 
41 68 
41 71 
41 72 
41 73 
41 78 
41 80 
41 83 
41 84 
41 92 
41 94 
41 95 
42 43 
42 52 
42 64 
42 65 
42 67 
42 68 
42 69 
42 72 
42 74 
42 75 
42 77 
42 78 
42 79 
42 80 
42 82 
42 83 
42 84 
42 85 
42 86 
42 89 
42 90 
42 91 
42 92 
42 95 
42 96 
43 49 
43 51 
43 53 
43 54 
43 57 
43 58 
43 61 
43 65 
43 68 
43 69 
43 71 
43 74 
43 77 
43 78 
43 80 
43 81 
43 84 
43 89 
43 95 
43 100 
44 46 
44 53 
44 57 
44 59 
44 64 
44 67 
44 69 
44 70 
44 72 
44 75 
44 77 
44 78 
44 80 
44 81 
44 83 
44 84 
44 85 
44 88 
44 92 
44 95 
44 99 
45 47 
45 50 
45 58 
45 66 
45 67 
45 68 
45 70 
45 72 
45 73 
45 74 
45 79 
45 80 
45 84 
45 85 
45 87 
45 92 
46 49 
46 50 
46 51 
46 53 
46 57 
46 58 
46 64 
46 65 
46 67 
46 70 
46 71 
46 73 
46 74 
46 84 
46 86 
46 90 
46 92 
46 99 
47 48 
47 50 
47 52 
47 55 
47 61 
47 62 
47 63 
47 66 
47 67 
47 68 
47 70 
47 71 
47 72 
47 77 
47 78 
47 79 
47 80 
47 84 
47 85 
47 90 
47 91 
47 93 
48 50 
48 57 
48 58 
48 60 
48 69 
48 73 
48 79 
48 82 
48 85 
48 86 
48 87 
48 91 
48 94 
48 95 
49 50 
49 53 
49 54 
49 58 
49 60 
49 63 
49 65 
49 68 
49 69 
49 70 
49 73 
49 75 
49 79 
49 81 
49 82 
49 83 
49 85 
49 86 
49 92 
49 93 
49 98 
49 99 
49 100 
50 52 
50 55 
50 57 
50 60 
50 61 
50 62 
50 64 
50 66 
50 68 
50 69 
50 72 
50 73 
50 76 
50 78 
50 87 
50 88 
50 94 
50 95 
50 99 
51 55 
51 56 
51 58 
51 61 
51 63 
51 64 
51 69 
51 70 
51 72 
51 74 
51 76 
51 79 
51 81 
51 82 
51 86 
51 87 
51 96 
51 97 
51 98 
51 99 
52 54 
52 57 
52 58 
52 60 
52 64 
52 65 
52 68 
52 71 
52 78 
52 80 
52 81 
52 82 
52 85 
52 86 
52 88 
52 91 
52 93 
52 98 
53 54 
53 57 
53 59 
53 62 
53 65 
53 68 
53 72 
53 80 
53 90 
53 92 
53 95 
53 96 
53 98 
53 99 
53 100 
54 56 
54 59 
54 61 
54 69 
54 70 
54 71 
54 74 
54 75 
54 76 
54 77 
54 82 
54 87 
54 89 
54 92 
54 94 
54 95 
54 96 
54 98 
54 100 
55 56 
55 58 
55 60 
55 61 
55 68 
55 70 
55 75 
55 80 
55 82 
55 86 
55 87 
55 90 
55 94 
55 95 
55 97 
55 98 
56 60 
56 62 
56 63 
56 64 
56 65 
56 67 
56 68 
56 73 
56 74 
56 75 
56 78 
56 79 
56 82 
56 84 
56 89 
56 90 
56 91 
56 92 
56 93 
56 95 
56 98 
56 100 
57 58 
57 59 
57 60 
57 65 
57 68 
57 69 
57 70 
57 74 
57 75 
57 76 
57 78 
57 79 
57 80 
57 81 
57 82 
57 84 
57 86 
57 87 
57 89 
57 90 
57 91 
57 92 
57 94 
57 95 
57 97 
57 98 
58 59 
58 62 
58 63 
58 64 
58 67 
58 74 
58 88 
58 91 
58 98 
58 99 
58 100 
59 63 
59 65 
59 66 
59 67 
59 71 
59 73 
59 82 
59 84 
59 86 
59 91 
59 99 
60 62 
60 65 
60 70 
60 71 
60 72 
60 74 
60 75 
60 76 
60 77 
60 78 
60 79 
60 80 
60 81 
60 83 
60 84 
60 86 
60 91 
60 92 
60 94 
60 95 
60 96 
60 97 
60 98 
61 70 
61 72 
61 74 
61 76 
61 80 
61 81 
61 84 
61 86 
61 88 
61 97 
61 99 
61 100 
62 65 
62 70 
62 71 
62 72 
62 76 
62 77 
62 80 
62 81 
62 85 
62 89 
62 91 
62 93 
62 95 
62 96 
62 98 
62 100 
63 64 
63 66 
63 70 
63 71 
63 74 
63 78 
63 80 
63 85 
63 88 
63 94 
64 65 
64 66 
64 67 
64 70 
64 74 
64 80 
64 82 
64 83 
64 86 
64 91 
65 67 
65 68 
65 69 
65 72 
65 76 
65 80 
65 82 
65 85 
65 86 
65 88 
65 92 
65 94 
65 95 
65 98 
66 72 
66 78 
66 82 
66 83 
66 86 
66 87 
66 89 
66 90 
66 96 
66 100 
67 68 
67 72 
67 73 
67 76 
67 79 
67 80 
67 83 
67 84 
67 88 
67 91 
67 97 
68 70 
68 71 
68 74 
68 75 
68 76 
68 80 
68 81 
68 84 
68 89 
68 93 
68 94 
68 95 
68 97 
68 99 
68 100 
69 76 
69 79 
69 84 
69 86 
69 88 
69 90 
69 91 
69 93 
69 95 
69 96 
69 97 
70 71 
70 78 
70 82 
70 83 
70 87 
70 91 
70 93 
70 96 
70 97 
70 99 
70 100 
71 76 
71 82 
71 83 
71 90 
71 94 
71 96 
71 97 
71 98 
71 99 
72 79 
72 87 
72 88 
72 89 
72 92 
72 93 
72 95 
72 96 
73 75 
73 77 
73 79 
73 80 
73 81 
73 82 
73 84 
73 85 
73 88 
73 92 
73 97 
73 99 
74 75 
74 77 
74 78 
74 80 
74 81 
74 82 
74 83 
74 86 
74 88 
74 90 
74 91 
74 94 
74 96 
75 76 
75 77 
75 81 
75 83 
75 84 
75 86 
75 88 
75 89 
75 91 
75 94 
75 98 
76 77 
76 80 
76 82 
76 88 
76 90 
76 92 
76 94 
76 95 
76 98 
77 79 
77 82 
77 85 
77 86 
77 87 
77 89 
77 91 
77 92 
77 93 
77 94 
77 96 
77 99 
78 84 
78 86 
78 88 
78 94 
78 98 
78 99 
78 100 
79 80 
79 81 
79 85 
79 88 
79 90 
79 95 
80 82 
80 83 
80 85 
80 86 
80 88 
80 90 
80 92 
80 94 
80 95 
80 97 
80 98 
80 99 
81 83 
81 86 
81 95 
81 96 
81 97 
81 98 
81 100 
82 84 
82 86 
82 87 
82 88 
82 91 
82 92 
82 94 
82 95 
82 96 
83 84 
83 85 
83 88 
83 89 
83 93 
83 97 
83 99 
84 87 
84 89 
84 91 
84 92 
84 94 
84 97 
84 99 
85 86 
85 92 
85 95 
85 97 
85 99 
85 100 
86 87 
86 90 
86 91 
86 96 
86 99 
87 88 
87 90 
87 94 
87 96 
87 97 
87 100 
88 90 
88 91 
88 92 
88 95 
88 98 
88 99 
88 100 
89 90 
89 93 
89 95 
89 97 
89 99 
89 100 
90 93 
90 96 
90 97 
91 92 
91 97 
92 93 
92 96 
92 100 
93 94 
93 96 
93 100 
94 99 
94 100 
95 97 
95 99 
95 100 
96 100 
97 98 
98 99 
