nNodes=100;
 nPairs=971;
Cost=

101  101  0  101  0  0  0  101  0  101  0  0  101  0  0  0  0  101  101  0  0  0  0  101  0  0  0  0  0  0  0  0  0  101  101  101  0  101  0  0  0  101  0  0  0  0  101  0  0  0  101  0  0  101  0  0  101  101  0  0  0  0  0  0  101  0  0  0  0  0  0  0  0  0  0  0  101  0  0  101  0  0  0  101  0  101  0  0  101  0  0  0  0  0  0  101  0  0  0  0  

101  101  0  0  0  0  0  101  0  101  0  101  101  0  101  0  0  0  0  0  0  0  0  101  101  101  101  101  101  0  0  0  0  0  0  0  0  0  0  0  0  0  0  0  101  0  0  0  0  0  0  0  0  0  0  0  0  0  0  101  0  0  0  0  0  0  0  101  0  0  0  0  101  101  101  0  0  0  0  101  0  0  0  0  0  0  0  0  0  0  0  0  0  0  0  101  0  0  0  0  

0  0  101  0  0  0  0  0  0  0  0  0  0  0  0  101  101  0  0  0  0  0  0  0  101  0  0  0  0  0  0  101  0  0  0  0  0  0  0  0  0  0  0  101  101  0  0  101  101  0  0  101  0  0  101  0  0  0  0  0  0  101  0  0  0  0  101  0  0  0  0  0  0  0  101  0  0  101  0  0  0  0  0  0  0  0  0  0  0  101  101  0  0  0  0  0  0  101  0  101  

101  0  0  101  0  101  0  0  0  0  0  0  0  0  101  0  0  0  0  101  0  0  0  101  0  0  101  0  101  0  0  0  101  0  0  0  0  101  0  0  0  0  0  0  0  0  0  0  0  0  101  0  0  0  0  0  0  0  0  101  0  0  0  0  101  0  0  0  0  0  0  0  0  101  0  0  0  0  0  0  0  0  0  0  101  101  0  0  101  101  0  0  0  0  0  101  101  0  0  101  

0  0  0  0  101  0  0  101  0  0  0  0  0  0  0  0  0  0  101  0  0  0  0  101  101  0  0  0  101  0  0  0  101  0  0  0  0  0  0  101  0  0  101  0  101  0  0  0  0  0  0  0  0  0  0  101  0  0  0  0  0  0  0  0  0  101  0  0  0  0  0  0  0  0  0  101  0  101  0  101  0  0  0  0  0  0  0  0  0  0  0  0  0  101  0  0  0  0  0  0  

0  0  0  101  0  101  0  0  0  0  101  0  0  0  0  0  0  0  0  101  0  0  0  0  0  0  0  0  0  0  101  0  0  0  0  0  0  0  0  0  0  101  0  101  0  101  0  0  0  0  0  0  101  0  0  0  0  0  0  0  0  0  0  0  0  0  0  0  0  0  0  101  0  0  101  0  0  0  0  0  101  0  0  0  0  0  101  0  0  0  101  0  0  0  0  0  0  0  0  0  

0  0  0  0  0  0  101  0  0  0  0  101  0  0  0  0  101  101  0  0  101  101  0  101  101  0  0  0  0  101  0  0  101  0  0  0  0  0  0  0  101  0  0  0  0  0  0  101  0  0  0  0  0  0  101  0  0  0  0  101  0  0  0  0  101  101  0  0  0  0  0  0  101  0  0  0  0  0  0  0  0  0  0  0  0  0  0  0  0  101  0  101  0  101  101  0  101  0  0  101  

101  101  0  0  101  0  0  101  0  0  0  0  101  0  0  0  0  0  0  101  0  0  101  101  0  101  101  0  0  0  101  101  0  0  0  101  0  0  101  101  0  0  0  0  0  0  0  101  0  0  101  0  0  0  0  0  0  0  0  0  0  0  0  0  0  0  0  101  0  0  101  0  0  0  0  0  0  0  101  101  0  0  101  0  101  0  0  101  0  0  0  101  0  0  0  0  0  0  0  0  

0  0  0  0  0  0  0  0  101  0  0  0  0  0  101  0  0  0  0  0  0  101  0  0  101  0  0  0  0  101  101  0  101  0  0  0  0  0  0  0  101  0  0  101  101  0  0  0  0  0  0  101  0  0  0  0  101  0  0  0  101  101  0  0  101  101  0  0  0  101  0  0  0  0  0  0  0  0  0  0  0  0  0  0  0  0  0  0  0  101  0  0  0  0  101  0  101  0  101  0  

101  101  0  0  0  0  0  0  0  101  0  0  0  0  0  0  0  0  0  0  0  0  0  101  101  0  0  0  0  0  0  0  0  0  0  0  0  0  101  0  0  0  101  0  0  0  101  0  0  0  101  0  0  0  0  0  0  0  0  101  0  0  0  101  101  101  0  0  0  0  0  0  0  0  0  0  0  0  0  0  0  0  0  0  101  101  101  0  0  0  0  0  0  0  0  0  101  0  0  0  

0  0  0  0  0  101  0  0  0  0  101  0  0  0  0  0  101  0  0  0  0  0  0  0  0  0  0  0  0  0  0  101  0  101  0  0  0  101  0  0  0  0  0  0  0  0  0  101  0  101  0  0  0  0  0  101  101  0  0  0  0  0  0  0  0  0  0  0  101  101  0  0  101  0  0  101  0  0  0  0  101  0  101  0  101  0  0  101  0  0  0  0  0  0  0  0  101  0  101  0  

0  101  0  0  0  0  101  0  0  0  0  101  0  101  0  0  0  0  101  0  0  0  0  0  0  0  0  0  0  0  0  0  0  0  0  0  101  101  0  0  0  101  0  0  0  0  0  0  101  0  0  101  0  0  0  0  0  0  0  0  101  0  0  101  0  0  0  0  0  0  0  0  0  0  0  0  101  0  101  0  0  0  0  0  101  0  0  0  0  0  0  0  0  0  101  0  0  101  0  0  

101  101  0  0  0  0  0  101  0  0  0  0  101  0  0  0  0  0  101  0  0  101  0  0  0  0  0  0  0  0  0  0  0  0  0  0  0  0  101  0  101  0  101  0  0  101  0  0  0  101  0  0  0  0  101  0  0  0  101  0  0  0  0  0  0  101  0  0  0  101  0  0  0  0  0  0  101  0  101  0  101  0  0  0  0  0  0  0  0  101  0  0  0  0  0  0  0  0  0  0  

0  0  0  0  0  0  0  0  0  0  0  101  0  101  101  0  0  0  101  101  0  0  0  0  0  101  0  0  0  0  0  101  0  101  0  0  0  0  101  101  0  0  0  0  0  0  101  0  0  0  0  0  0  0  0  0  0  0  0  0  0  0  0  0  0  0  0  0  0  101  0  0  101  0  0  0  0  0  0  101  0  0  0  0  0  0  0  0  0  0  101  0  101  0  0  0  0  0  0  101  

0  101  0  101  0  0  0  0  101  0  0  0  0  101  101  0  0  0  0  0  101  0  0  101  0  0  0  0  0  0  0  101  0  0  0  0  0  0  0  0  0  0  101  101  0  0  0  0  0  0  0  0  0  0  0  0  101  101  0  0  0  0  0  101  101  0  0  0  0  101  0  0  101  0  0  0  0  101  0  0  101  0  0  0  0  101  0  0  0  0  0  0  101  101  101  0  0  101  0  101  

0  0  101  0  0  0  0  0  0  0  0  0  0  0  0  101  0  0  0  0  101  101  0  0  101  0  0  101  101  0  0  0  101  0  0  0  101  0  0  0  0  0  0  101  0  0  0  0  0  0  0  0  0  0  0  0  101  101  0  0  0  101  0  0  0  0  0  101  0  0  0  0  101  0  0  101  0  0  101  0  0  0  0  0  101  0  101  0  0  101  101  0  0  0  0  0  0  0  101  0  

0  0  101  0  0  0  101  0  0  0  101  0  0  0  0  0  101  0  101  101  0  0  0  0  0  0  0  101  0  101  0  0  0  0  0  0  0  0  0  0  0  0  0  101  0  0  0  0  0  0  0  0  101  101  0  0  0  0  0  0  101  0  0  0  0  0  0  0  0  0  101  101  0  0  0  0  101  0  0  0  0  0  0  0  0  0  0  0  0  0  0  0  101  0  0  0  101  0  0  0  

101  0  0  0  0  0  101  0  0  0  0  0  0  0  0  0  0  101  0  0  0  0  0  0  0  101  0  0  0  0  0  0  0  0  0  0  0  0  0  0  0  101  0  0  0  0  101  101  0  0  0  0  0  0  101  0  0  0  0  0  0  0  0  101  0  0  0  0  0  0  101  0  0  101  0  0  0  0  0  0  0  0  0  0  101  0  0  0  0  0  0  0  0  0  0  0  101  101  0  0  

101  0  0  0  101  0  0  0  0  0  0  101  101  101  0  0  101  0  101  0  0  0  0  0  0  101  0  0  0  0  0  0  0  0  0  101  0  0  101  0  0  0  0  0  0  101  101  0  0  101  0  0  0  101  0  101  0  0  0  0  0  0  0  0  0  0  0  101  0  101  0  0  0  101  0  0  0  0  101  0  0  0  0  0  0  0  0  0  101  101  0  101  0  0  0  101  0  101  0  101  

0  0  0  101  0  101  0  101  0  0  0  0  0  101  0  0  101  0  0  101  0  0  0  0  101  0  0  0  0  0  0  0  0  0  101  101  0  0  0  101  0  101  101  0  0  0  0  0  0  0  101  101  0  0  0  0  0  101  0  101  101  0  0  0  0  0  0  0  101  0  0  101  0  101  101  101  0  101  101  0  101  0  0  0  0  0  0  0  0  101  0  101  0  0  101  0  0  0  0  0  

0  0  0  0  0  0  101  0  0  0  0  0  0  0  101  101  0  0  0  0  101  0  0  0  0  0  0  0  101  0  0  0  0  0  0  0  0  0  101  101  0  0  0  101  0  0  0  0  0  0  0  0  0  101  101  0  0  101  0  0  101  101  0  0  0  101  0  0  0  0  101  0  0  0  0  0  0  0  0  101  0  0  0  101  0  0  0  0  0  0  0  0  0  0  0  0  0  0  0  0  

0  0  0  0  0  0  101  0  101  0  0  0  101  0  0  101  0  0  0  0  0  101  0  0  0  0  0  0  0  0  0  0  0  101  101  101  101  101  0  0  0  0  101  0  0  101  0  0  0  0  0  0  0  0  0  101  0  0  0  0  0  0  0  0  0  0  0  0  0  0  0  0  0  0  0  0  0  0  0  101  0  0  0  101  0  0  101  0  0  0  0  0  0  0  0  101  101  101  0  101  

0  0  0  0  0  0  0  101  0  0  0  0  0  0  0  0  0  0  0  0  0  0  101  0  0  0  0  0  0  101  0  0  0  0  0  0  0  0  0  0  101  0  101  0  0  101  101  0  0  0  0  0  0  101  101  0  0  101  0  0  0  101  0  101  0  0  101  0  0  101  0  101  0  0  0  0  0  0  0  0  0  0  0  0  0  0  0  101  0  101  0  0  0  0  0  101  0  0  0  0  

101  101  0  101  101  0  101  101  0  101  0  0  0  0  101  0  0  0  0  0  0  0  0  101  0  0  0  0  101  0  0  0  0  0  0  101  0  0  0  0  0  0  0  0  0  0  0  0  0  101  0  0  0  0  0  0  0  0  101  0  101  101  0  0  0  101  0  0  0  101  101  0  0  0  0  0  0  0  0  0  0  101  0  101  101  0  101  0  0  0  0  101  0  101  101  101  0  0  0  101  

0  101  101  0  101  0  101  0  101  101  0  0  0  0  0  101  0  0  0  101  0  0  0  0  101  101  101  0  0  0  0  0  101  0  0  101  0  0  0  101  101  101  0  0  101  0  0  101  101  0  0  0  0  0  0  0  0  0  0  0  101  0  101  0  0  0  0  101  101  0  0  0  0  0  0  0  0  0  0  101  0  0  0  101  0  0  0  0  0  0  0  101  0  0  0  0  101  0  101  0  

0  101  0  0  0  0  0  101  0  0  0  0  0  101  0  0  0  101  101  0  0  0  0  0  101  101  0  101  0  0  0  101  0  0  0  0  0  0  101  0  101  0  0  101  101  101  0  0  101  0  0  101  101  0  0  0  101  0  0  0  0  0  0  0  0  101  0  0  101  0  0  0  0  0  0  0  101  0  0  0  0  0  0  0  0  0  0  0  0  0  0  101  0  0  0  0  0  0  0  0  

0  101  0  101  0  0  0  101  0  0  0  0  0  0  0  0  0  0  0  0  0  0  0  0  101  0  101  101  101  0  0  0  0  0  0  0  101  101  0  0  0  101  0  0  0  101  0  0  0  0  101  0  0  0  0  0  0  101  0  0  0  0  0  101  0  0  101  0  0  0  0  101  0  0  0  0  0  0  0  0  101  0  0  0  0  0  0  101  101  0  101  0  0  0  0  0  101  0  0  0  

0  101  0  0  0  0  0  0  0  0  0  0  0  0  0  101  101  0  0  0  0  0  0  0  0  101  101  101  0  0  0  101  101  101  0  0  0  101  0  0  101  0  0  0  0  0  0  0  0  0  0  101  101  101  0  0  0  0  101  0  0  0  0  0  0  0  0  0  0  0  0  0  101  0  0  0  0  0  101  0  0  0  101  0  0  101  101  0  0  0  101  101  0  0  101  101  0  0  0  0  

0  101  0  101  101  0  0  0  0  0  0  0  0  0  0  101  0  0  0  0  101  0  0  101  0  0  101  0  101  0  0  101  0  0  0  101  0  101  0  0  101  0  0  0  0  101  0  0  101  0  0  0  101  0  0  0  101  0  101  0  0  0  0  0  0  0  0  0  101  0  0  0  0  0  0  0  0  0  0  101  0  0  101  0  0  0  0  101  0  0  0  0  101  101  0  0  0  0  0  0  

0  0  0  0  0  0  101  0  101  0  0  0  0  0  0  0  101  0  0  0  0  0  101  0  0  0  0  0  0  101  101  0  0  101  0  0  0  0  101  0  0  101  0  0  101  0  0  0  0  101  0  0  0  0  0  0  101  101  0  101  101  0  101  0  0  0  0  0  0  0  0  0  0  0  101  101  0  0  101  101  0  0  0  0  0  0  0  101  0  0  0  0  0  0  0  0  0  0  0  0  

0  0  0  0  0  101  0  101  101  0  0  0  0  0  0  0  0  0  0  0  0  0  0  0  0  0  0  0  0  101  101  0  101  0  101  0  0  0  0  0  0  0  0  0  0  0  0  0  0  0  0  101  0  0  0  0  0  0  0  0  0  0  101  0  101  101  101  0  0  0  0  0  0  0  0  0  0  0  0  0  0  0  0  0  0  101  0  0  0  101  0  101  0  0  0  0  0  0  0  0  

0  0  101  0  0  0  0  101  0  0  101  0  0  101  101  0  0  0  0  0  0  0  0  0  0  101  0  101  101  0  0  101  0  0  0  0  0  0  101  0  0  0  0  0  0  0  0  0  0  0  0  0  0  0  0  0  0  101  101  0  0  0  0  0  101  0  0  0  0  0  0  0  0  0  101  0  0  0  0  101  101  0  0  101  0  0  0  0  0  0  0  0  0  101  0  0  101  0  0  0  

0  0  0  101  101  0  101  0  101  0  0  0  0  0  0  101  0  0  0  0  0  0  0  0  101  0  0  101  0  0  101  0  101  0  101  101  0  101  0  0  0  101  0  0  0  0  0  0  0  0  101  0  0  0  101  0  0  0  101  0  0  0  101  0  0  0  0  0  0  101  0  0  0  0  101  0  0  0  0  0  101  101  0  0  0  0  0  0  0  0  0  101  101  0  0  0  101  0  0  101  

101  0  0  0  0  0  0  0  0  0  101  0  0  101  0  0  0  0  0  0  0  101  0  0  0  0  0  101  0  101  0  0  0  101  101  0  101  0  0  0  101  101  0  0  0  0  0  0  0  101  0  101  101  0  0  0  101  0  0  0  101  0  0  0  0  0  0  0  101  0  0  101  101  0  0  101  0  0  0  0  0  0  0  101  0  0  0  0  0  0  101  101  0  101  0  0  0  0  101  0  

101  0  0  0  0  0  0  0  0  0  0  0  0  0  0  0  0  0  0  101  0  101  0  0  0  0  0  0  0  0  101  0  101  101  101  0  0  0  0  101  0  0  0  101  0  101  0  0  101  0  101  0  0  0  0  0  0  101  0  0  0  0  0  0  101  101  0  0  0  0  0  0  0  0  0  101  0  0  0  0  101  0  0  0  0  0  0  101  0  0  0  0  0  101  0  0  101  0  0  0  

101  0  0  0  0  0  0  101  0  0  0  0  0  0  0  0  0  0  101  101  0  101  0  101  101  0  0  0  101  0  0  0  101  0  0  101  0  0  0  0  0  0  0  0  0  0  0  0  0  101  0  0  0  0  0  101  0  101  0  0  101  0  0  0  0  0  0  0  0  0  0  0  0  101  101  0  101  0  101  0  0  101  0  0  101  0  0  0  0  0  0  0  0  0  0  0  101  101  0  0  

0  0  0  0  0  0  0  0  0  0  0  101  0  0  0  101  0  0  0  0  0  101  0  0  0  0  101  0  0  0  0  0  0  101  0  0  101  0  0  0  101  0  0  0  101  101  0  0  0  0  0  0  101  0  101  101  0  0  0  0  101  101  0  0  0  101  0  0  101  0  0  101  0  101  0  101  0  0  0  0  0  0  0  0  0  101  0  101  0  0  0  0  0  0  0  0  0  0  0  0  

101  0  0  101  0  0  0  0  0  0  101  101  0  0  0  0  0  0  0  0  0  101  0  0  0  0  101  101  101  0  0  0  101  0  0  0  0  101  101  0  0  0  0  0  0  0  101  0  101  0  0  0  0  0  0  0  0  0  0  0  0  101  0  0  0  0  0  0  101  0  0  0  0  0  0  101  0  0  0  0  101  0  101  0  0  0  0  0  0  0  0  0  0  0  0  0  0  0  101  0  

0  0  0  0  0  0  0  101  0  101  0  0  101  101  0  0  0  0  101  0  101  0  0  0  0  101  0  0  0  101  0  101  0  0  0  0  0  101  101  0  0  101  0  0  101  0  0  0  101  0  0  101  0  0  0  0  0  0  0  0  101  0  0  0  0  0  101  0  0  101  0  0  0  0  0  0  101  0  0  0  101  101  0  0  0  0  0  0  101  0  101  0  0  0  0  0  101  0  0  0  

0  0  0  0  101  0  0  101  0  0  0  0  0  101  0  0  0  0  0  101  101  0  0  0  101  0  0  0  0  0  0  0  0  0  101  0  0  0  0  101  101  0  101  101  0  0  101  0  0  0  0  0  101  0  0  0  0  101  0  0  0  0  0  0  0  0  101  0  0  0  0  0  0  0  0  0  101  0  101  0  101  0  0  0  0  101  101  0  0  0  0  0  0  0  0  0  101  0  0  0  

0  0  0  0  0  0  101  0  101  0  0  0  101  0  0  0  0  0  0  0  0  0  101  0  101  101  0  101  101  0  0  0  0  101  0  0  101  0  0  101  101  0  0  0  0  101  0  0  0  0  101  101  0  0  0  0  0  0  0  101  0  0  0  0  101  101  0  101  0  0  0  0  0  0  0  101  101  101  101  0  0  101  0  0  0  0  0  0  0  0  0  0  0  0  0  0  0  0  0  0  

101  0  0  0  0  101  0  0  0  0  0  101  0  0  0  0  0  101  0  101  0  0  0  0  101  0  101  0  0  101  0  0  101  101  0  0  0  0  101  0  0  101  0  101  0  0  101  0  0  0  101  101  0  101  0  0  0  0  0  0  0  0  101  0  101  0  0  0  101  0  101  0  101  0  0  101  0  0  0  0  0  0  0  0  0  0  0  0  0  0  0  0  101  0  0  0  0  0  0  0  

0  0  0  0  101  0  0  0  0  101  0  0  101  0  101  0  0  0  0  101  0  101  101  0  0  0  0  0  0  0  0  0  0  0  0  0  0  0  0  101  0  0  101  0  0  0  101  101  0  0  0  0  0  0  0  0  0  0  0  101  0  0  101  101  0  0  0  0  0  0  0  0  0  0  101  101  0  0  0  0  0  0  0  0  101  0  101  0  0  0  0  0  0  0  101  101  0  0  0  0  

0  0  101  0  0  101  0  0  101  0  0  0  0  0  101  101  101  0  0  0  101  0  0  0  0  101  0  0  0  0  0  0  0  0  101  0  0  0  0  101  0  101  0  101  0  0  0  0  101  0  0  0  0  0  0  0  0  0  101  0  101  0  0  0  0  0  0  0  0  0  0  0  0  0  101  0  0  101  0  0  0  0  0  0  0  0  0  0  101  0  0  101  0  0  0  0  101  101  0  0  

0  101  101  0  101  0  0  0  101  0  0  0  0  0  0  0  0  0  0  0  0  0  0  0  101  101  0  0  0  101  0  0  0  0  0  0  101  0  101  0  0  0  0  0  101  0  0  0  0  101  101  0  0  0  101  0  0  0  0  0  0  0  0  0  101  101  0  0  0  0  0  0  0  0  0  0  0  0  0  101  101  101  0  0  0  0  0  0  0  0  0  0  0  101  101  0  0  0  0  101  

0  0  0  0  0  101  0  0  0  0  0  0  101  0  0  0  0  0  101  0  0  101  101  0  0  101  101  0  101  0  0  0  0  0  101  0  101  0  0  0  101  0  0  0  0  101  0  101  0  0  0  0  0  0  0  0  0  0  0  0  0  0  0  0  0  0  0  0  0  0  0  101  0  0  0  0  0  101  101  0  0  0  0  101  101  0  0  101  0  0  101  0  0  0  101  101  101  0  0  0  

101  0  0  0  0  0  0  0  0  101  0  0  0  101  0  0  0  101  101  0  0  0  101  0  0  0  0  0  0  0  0  0  0  0  0  0  0  101  0  101  0  101  101  0  0  0  101  0  0  101  0  0  0  0  0  101  0  0  0  0  0  0  101  0  0  0  0  0  101  101  0  0  0  0  0  0  101  0  101  101  0  0  0  101  0  0  0  0  0  0  0  0  0  0  0  0  0  0  101  0  

0  0  101  0  0  0  101  101  0  0  101  0  0  0  0  0  0  101  0  0  0  0  0  0  101  0  0  0  0  0  0  0  0  0  0  0  0  0  0  0  0  0  101  0  0  101  0  101  0  101  0  0  0  0  0  0  0  0  0  0  0  0  101  0  0  0  0  101  0  101  0  0  0  0  0  0  0  0  101  0  0  0  101  101  0  101  0  0  0  0  0  0  0  0  0  101  0  0  0  0  

0  0  101  0  0  0  0  0  0  0  0  101  0  0  0  0  0  0  0  0  0  0  0  0  101  101  0  0  101  0  0  0  0  0  101  0  0  101  101  0  0  0  0  101  0  0  0  0  101  0  0  0  0  0  0  101  0  0  0  0  0  0  0  101  0  0  101  0  0  101  101  101  101  0  101  0  101  0  0  0  0  101  101  0  0  101  0  101  0  0  0  0  0  0  0  0  0  101  101  0  

0  0  0  0  0  0  0  0  0  0  101  0  101  0  0  0  0  0  101  0  0  0  0  101  0  0  0  0  0  101  0  0  0  101  0  101  0  0  0  0  0  0  0  0  101  0  101  101  0  101  0  0  101  0  0  0  0  0  101  0  0  0  0  101  0  0  0  0  0  0  0  0  0  0  0  0  0  0  0  0  101  0  0  101  101  0  0  0  0  0  101  0  0  0  101  0  0  0  0  0  

101  0  0  101  0  0  0  101  0  101  0  0  0  0  0  0  0  0  0  101  0  0  0  0  0  0  101  0  0  0  0  0  101  0  101  0  0  0  0  0  101  101  0  0  101  0  0  0  0  0  101  0  0  0  0  0  0  0  101  0  0  0  0  0  0  0  101  0  0  0  0  0  0  0  0  101  0  0  0  101  101  0  0  0  0  0  0  0  0  0  0  0  0  0  0  0  0  101  0  101  

0  0  101  0  0  0  0  0  101  0  0  101  0  0  0  0  0  0  0  101  0  0  0  0  0  101  0  101  0  0  101  0  0  101  0  0  0  0  101  0  101  101  0  0  0  0  0  0  0  0  0  101  0  0  0  101  0  0  0  101  0  101  0  0  0  0  0  101  0  0  101  0  101  0  0  0  0  0  0  101  0  0  0  0  0  101  0  0  0  0  0  0  101  0  101  101  0  0  0  101  

0  0  0  0  0  101  0  0  0  0  0  0  0  0  0  0  101  0  0  0  0  0  0  0  0  101  0  101  101  0  0  0  0  101  0  0  101  0  0  101  0  0  0  0  0  0  0  0  0  101  0  0  101  101  0  0  0  0  0  0  0  0  0  0  0  0  0  101  0  0  0  101  0  0  0  0  101  0  101  0  0  0  0  0  0  0  0  0  0  0  0  0  0  0  101  0  0  0  101  0  

101  0  0  0  0  0  0  0  0  0  0  0  0  0  0  0  101  0  101  0  101  0  101  0  0  0  0  101  0  0  0  0  0  0  0  0  0  0  0  0  0  101  0  0  0  0  0  0  0  0  0  0  101  101  0  0  0  0  0  0  0  0  0  0  0  0  101  101  0  0  0  0  101  101  0  0  0  0  101  0  0  0  0  0  0  0  101  0  0  0  0  0  0  0  0  101  0  0  0  0  

0  0  101  0  0  0  101  0  0  0  0  0  101  0  0  0  0  101  0  0  101  0  101  0  0  0  0  0  0  0  0  0  101  0  0  0  101  0  0  0  0  0  0  0  101  0  0  0  0  0  0  0  0  0  101  0  0  0  0  0  0  0  0  0  0  0  0  0  0  101  101  0  101  0  0  0  0  0  0  0  0  0  0  0  0  0  0  101  0  0  0  0  0  0  0  0  0  0  0  0  

0  0  0  0  101  0  0  0  0  0  101  0  0  0  0  0  0  0  101  0  0  101  0  0  0  0  0  0  0  0  0  0  0  0  0  101  101  0  0  0  0  0  0  0  0  0  101  0  101  0  0  101  0  0  0  101  0  0  0  0  0  0  0  0  0  0  0  0  101  0  0  101  0  0  101  0  0  0  0  101  0  0  0  0  101  0  101  0  0  101  0  101  0  0  101  101  0  101  0  101  

101  0  0  0  0  0  0  0  101  0  101  0  0  0  101  101  0  0  0  0  0  0  0  0  0  101  0  0  101  101  0  0  0  101  0  0  0  0  0  0  0  0  0  0  0  0  0  0  0  0  0  0  0  0  0  0  101  0  0  0  0  0  0  0  0  0  0  0  0  0  0  0  0  0  101  101  0  0  0  0  0  0  0  0  0  0  101  0  0  0  0  0  0  0  0  101  101  0  0  0  

101  0  0  0  0  0  0  0  0  0  0  0  0  0  101  101  0  0  0  101  101  0  101  0  0  0  101  0  0  101  0  101  0  0  101  101  0  0  0  101  0  0  0  0  0  0  0  0  0  0  0  0  0  0  0  0  0  101  101  0  0  0  0  0  0  0  0  0  0  0  0  0  0  0  0  101  101  101  101  101  101  0  0  0  101  101  101  0  101  0  101  0  0  0  0  0  0  0  0  0  

0  0  0  0  0  0  0  0  0  0  0  0  101  0  0  0  0  0  0  0  0  0  0  101  0  0  0  101  101  0  0  101  101  0  0  0  0  0  0  0  0  0  0  101  0  0  0  0  0  101  101  0  0  0  0  0  0  101  101  0  0  101  101  0  101  101  0  0  0  0  0  0  0  101  0  0  0  0  0  0  101  101  0  0  0  0  0  0  0  0  0  0  0  0  101  0  0  0  101  0  

0  101  0  101  0  0  101  0  0  101  0  0  0  0  0  0  0  0  0  101  0  0  0  0  0  0  0  0  0  101  0  0  0  0  0  0  0  0  0  0  101  0  101  0  0  0  0  0  0  0  0  101  0  0  0  0  0  0  0  101  0  0  0  0  101  0  0  0  0  0  0  0  0  0  0  0  0  0  101  0  0  0  0  0  0  0  0  0  0  0  101  0  0  101  0  0  101  0  0  0  

0  0  0  0  0  0  0  0  101  0  0  101  0  0  0  0  101  0  0  101  101  0  0  101  101  0  0  0  0  101  0  0  0  101  0  101  101  0  101  0  0  0  0  101  0  0  0  0  0  0  0  0  0  0  0  0  0  0  0  0  101  101  0  0  0  0  0  0  101  0  0  0  0  0  0  0  0  0  0  0  0  0  0  0  0  0  0  101  0  0  0  0  0  0  0  0  101  0  0  0  

0  0  101  0  0  0  0  0  101  0  0  0  0  0  0  101  0  0  0  0  101  0  101  101  0  0  0  0  0  0  0  0  0  0  0  0  101  101  0  0  0  0  0  0  0  0  0  0  0  0  0  101  0  0  0  0  0  0  101  0  101  101  0  101  0  0  0  0  0  0  0  0  0  0  0  0  0  101  0  0  0  0  101  0  0  0  0  101  0  0  0  101  0  0  101  101  0  0  0  0  

0  0  0  0  0  0  0  0  0  0  0  0  0  0  0  0  0  0  0  0  0  0  0  0  101  0  0  0  0  101  101  0  101  0  0  0  0  0  0  0  0  101  101  0  0  0  101  101  0  0  0  0  0  0  0  0  0  0  101  0  0  0  101  0  0  101  0  0  101  0  101  0  0  0  0  0  101  101  0  0  0  0  0  0  0  0  0  0  0  0  0  0  0  0  101  0  0  0  101  0  

0  0  0  0  0  0  0  0  0  101  0  101  0  0  101  0  0  101  0  0  0  0  101  0  0  0  101  0  0  0  0  0  0  0  0  0  0  0  0  0  0  0  101  0  0  0  0  0  101  101  0  0  0  0  0  0  0  0  0  0  0  101  0  101  0  101  0  0  101  0  0  0  0  0  0  0  0  101  101  0  0  101  0  101  0  0  101  0  0  0  101  101  0  101  0  0  101  0  101  0  

101  0  0  101  0  0  101  0  101  101  0  0  0  0  101  0  0  0  0  0  0  0  0  0  0  0  0  0  0  0  101  101  0  0  101  0  0  0  0  0  101  101  0  0  101  0  0  0  0  0  0  0  0  0  0  0  0  0  101  101  0  0  0  0  101  101  0  0  101  0  0  0  0  0  0  0  0  0  101  0  0  0  0  101  0  0  0  0  0  0  0  0  0  0  0  0  0  0  0  101  

0  0  0  0  101  0  101  0  101  101  0  0  101  0  0  0  0  0  0  0  101  0  0  101  0  101  0  0  0  0  101  0  0  0  101  0  101  0  0  0  101  0  0  0  101  0  0  0  0  0  0  0  0  0  0  0  0  0  101  0  0  0  101  101  101  101  0  0  0  0  101  101  0  0  0  0  0  0  0  0  0  0  0  0  101  101  0  0  101  0  0  0  0  0  0  0  0  0  101  0  

0  0  101  0  0  0  0  0  0  0  0  0  0  0  0  0  0  0  0  0  0  0  101  0  0  0  101  0  0  0  101  0  0  0  0  0  0  0  101  101  0  0  0  0  0  0  0  0  101  0  101  0  0  101  0  0  0  0  0  0  0  0  0  0  0  0  101  0  0  0  0  0  0  0  0  0  0  0  0  0  101  101  0  0  0  0  0  0  0  101  0  101  0  0  0  0  0  0  0  101  

0  101  0  0  0  0  0  101  0  0  0  0  0  0  0  101  0  0  101  0  0  0  0  0  101  0  0  0  0  0  0  0  0  0  0  0  0  0  0  0  101  0  0  0  0  0  0  101  0  0  0  101  101  101  0  0  0  0  0  0  0  0  0  0  0  0  0  101  0  101  0  0  101  0  101  0  101  0  101  0  0  0  0  0  0  0  0  0  0  0  0  0  0  0  0  0  101  101  0  0  

0  0  0  0  0  0  0  0  0  0  101  0  0  0  0  0  0  0  0  101  0  0  0  0  101  101  0  0  101  0  0  0  0  101  0  0  101  101  0  0  0  101  0  0  0  0  101  0  0  0  0  0  0  0  0  101  0  0  0  0  101  0  101  101  101  0  0  0  101  0  0  101  0  0  0  0  0  0  0  101  0  0  0  101  0  101  101  0  0  101  0  0  101  0  0  0  0  0  0  0  

0  0  0  0  0  0  0  0  101  0  101  0  101  101  101  0  0  0  101  0  0  0  101  101  0  0  0  0  0  0  0  0  101  0  0  0  0  0  101  0  0  0  0  0  0  0  101  101  101  0  0  0  0  0  101  0  0  0  0  0  0  0  0  0  0  0  0  101  0  101  0  0  0  0  101  0  0  0  0  101  0  0  0  0  101  0  0  0  0  101  0  0  101  0  0  0  101  0  0  0  

0  0  0  0  0  0  0  101  0  0  0  0  0  0  0  0  101  101  0  0  101  0  0  101  0  0  0  0  0  0  0  0  0  0  0  0  0  0  0  0  0  101  0  0  0  0  0  0  101  0  0  101  0  0  101  0  0  0  0  0  0  0  101  0  0  101  0  0  0  0  101  101  0  0  0  0  0  0  0  0  0  0  101  0  0  0  101  0  0  0  101  0  0  0  0  0  0  0  0  0  

0  0  0  0  0  101  0  0  0  0  0  0  0  0  0  0  101  0  0  101  0  0  101  0  0  0  101  0  0  0  0  0  0  101  0  0  101  0  0  0  0  0  0  0  0  101  0  0  101  0  0  0  101  0  0  101  0  0  0  0  0  0  0  0  0  101  0  0  101  0  101  101  101  0  0  0  101  0  0  0  101  0  0  0  0  0  0  0  0  0  0  0  0  0  0  101  0  0  0  0  

0  101  0  0  0  0  101  0  0  0  101  0  0  101  101  101  0  0  0  0  0  0  0  0  0  0  0  101  0  0  0  0  0  101  0  0  0  0  0  0  0  101  0  0  0  0  0  0  101  0  0  101  0  101  101  0  0  0  0  0  0  0  0  0  0  0  0  101  0  0  0  101  101  0  0  0  0  0  0  0  0  0  101  0  0  101  0  101  0  0  0  101  0  0  0  0  0  0  0  0  

0  101  0  101  0  0  0  0  0  0  0  0  0  0  0  0  0  101  101  101  0  0  0  0  0  0  0  0  0  0  0  0  0  0  0  101  101  0  0  0  0  0  0  0  0  0  0  0  0  0  0  0  0  101  0  0  0  0  101  0  0  0  0  0  0  0  0  0  0  0  0  0  0  101  0  0  0  0  0  0  0  0  0  0  0  0  0  0  101  0  0  0  0  0  0  0  0  101  0  0  

0  101  101  0  0  101  0  0  0  0  0  0  0  0  0  0  0  0  0  101  0  0  0  0  0  0  0  0  0  101  0  101  101  0  0  101  0  0  0  0  0  0  101  101  0  0  0  0  101  0  0  0  0  0  0  101  101  0  0  0  0  0  0  0  0  0  0  101  0  101  0  0  0  0  101  0  0  0  0  101  101  0  0  0  0  0  101  0  0  0  0  0  0  0  101  0  0  101  101  0  

0  0  0  0  101  0  0  0  0  0  101  0  0  0  0  101  0  0  0  101  0  0  0  0  0  0  0  0  0  101  0  0  0  101  101  0  101  101  0  0  101  101  101  0  0  0  0  0  0  0  101  0  0  0  0  0  101  101  0  0  0  0  0  0  0  0  0  0  0  0  0  0  0  0  0  101  0  0  0  101  101  0  0  0  0  101  101  0  0  101  101  101  0  0  0  101  101  0  0  0  

101  0  0  0  0  0  0  0  0  0  0  101  101  0  0  0  101  0  0  0  0  0  0  0  0  101  0  0  0  0  0  0  0  0  0  101  0  0  101  101  101  0  0  0  0  0  101  0  101  0  0  0  101  0  0  0  0  101  0  0  0  0  101  0  0  0  0  101  0  0  0  101  0  0  0  0  101  0  0  0  0  0  0  0  0  0  0  101  0  0  0  0  0  0  0  0  0  101  0  0  

0  0  101  0  101  0  0  0  0  0  0  0  0  0  101  0  0  0  0  101  0  0  0  0  0  0  0  0  0  0  0  0  0  0  0  0  0  0  0  0  101  0  0  101  0  101  0  0  0  0  0  0  0  0  0  0  0  101  0  0  0  101  101  101  0  0  0  0  0  0  0  0  0  0  0  0  0  101  0  0  0  0  0  0  0  0  0  0  0  0  101  0  101  0  0  101  101  0  0  0  

0  0  0  0  0  0  0  101  0  0  0  101  101  0  0  101  0  0  101  101  0  0  0  0  0  0  0  101  0  101  0  0  0  0  0  101  0  0  0  101  101  0  0  0  0  101  101  101  0  0  0  0  101  101  0  0  0  101  0  101  0  0  0  101  101  0  0  101  0  0  0  0  0  0  0  0  0  0  101  0  0  0  0  0  0  0  101  0  0  0  0  0  101  0  0  0  101  0  0  0  

101  101  0  0  101  0  0  101  0  0  0  0  0  101  0  0  0  0  0  0  101  101  0  0  101  0  0  0  101  101  0  101  0  0  0  0  0  0  0  0  0  0  0  0  101  0  101  0  0  0  101  101  0  0  0  101  0  101  0  0  0  0  0  0  0  0  0  0  101  101  0  0  0  0  101  101  0  0  0  101  101  0  0  0  0  0  101  0  0  0  0  101  0  0  0  0  0  0  0  101  

0  0  0  0  0  101  0  0  0  0  101  0  101  0  101  0  0  0  0  101  0  0  0  0  0  0  101  0  0  0  0  101  101  0  101  0  0  101  101  101  0  0  0  0  101  0  0  0  0  101  101  0  0  0  0  0  0  101  101  0  0  0  0  0  0  0  101  0  0  0  0  101  0  0  101  101  0  0  0  101  101  0  0  0  0  0  0  101  0  0  0  0  0  101  0  0  101  0  101  0  

0  0  0  0  0  0  0  0  0  0  0  0  0  0  0  0  0  0  0  0  0  0  0  101  0  0  0  0  0  0  0  0  101  0  0  101  0  0  101  0  101  0  0  0  101  0  0  0  101  0  0  0  0  0  0  0  0  0  101  0  0  0  0  101  0  0  101  0  0  0  0  0  0  0  0  0  0  0  0  0  0  101  0  0  101  0  0  101  0  101  0  101  0  0  0  0  0  0  0  0  

0  0  0  0  0  0  0  101  0  0  101  0  0  0  0  0  0  0  0  0  0  0  0  0  0  0  0  101  101  0  0  0  0  0  0  0  0  101  0  0  0  0  0  0  0  0  0  101  101  0  0  0  0  0  0  0  0  0  0  0  0  101  0  0  0  0  0  0  0  0  101  0  101  0  0  0  0  0  0  0  0  0  101  0  101  0  0  0  0  0  0  0  0  101  0  0  0  0  0  0  

101  0  0  0  0  0  0  0  0  0  0  0  0  0  0  0  0  0  0  0  101  101  0  101  101  0  0  0  0  0  0  101  0  101  0  0  0  0  0  0  0  0  0  0  0  101  101  101  0  101  0  0  0  0  0  0  0  0  0  0  0  0  0  101  101  0  0  0  101  0  0  0  0  0  0  0  0  0  0  0  0  0  0  101  0  0  101  0  0  101  0  0  101  0  0  0  0  0  0  101  

0  0  0  101  0  0  0  101  0  101  101  101  0  0  0  101  0  101  0  0  0  0  0  101  0  0  0  0  0  0  0  0  0  0  0  101  0  0  0  0  0  0  101  0  0  101  0  0  0  101  0  0  0  0  0  101  0  101  0  0  0  0  0  0  0  101  0  0  0  101  0  0  0  0  0  0  0  0  0  0  0  101  101  0  101  0  0  0  0  0  0  0  0  0  101  0  101  0  101  0  

101  0  0  101  0  0  0  0  0  101  0  0  0  0  101  0  0  0  0  0  0  0  0  0  0  0  0  101  0  0  101  0  0  0  0  0  101  0  0  101  0  0  0  0  0  0  0  101  101  0  0  101  0  0  0  0  0  101  0  0  0  0  0  0  0  101  0  0  101  0  0  0  101  0  0  101  0  0  0  0  0  0  0  0  0  101  0  0  0  101  101  0  0  0  0  0  0  101  0  0  

0  0  0  0  0  101  0  0  0  101  0  0  0  0  0  101  0  0  0  0  0  101  0  101  0  0  0  101  0  0  0  0  0  0  0  0  0  0  0  101  0  0  101  0  0  0  0  0  0  0  0  0  0  101  0  101  101  101  0  0  0  0  0  101  0  0  0  0  101  0  101  0  0  0  101  101  0  0  101  101  0  0  0  101  0  0  101  0  101  0  0  0  101  0  101  0  0  0  0  101  

0  0  0  0  0  0  0  101  0  0  101  0  0  0  0  0  0  0  0  0  0  0  101  0  0  0  101  0  101  101  0  0  0  0  101  0  101  0  0  0  0  0  0  0  0  101  0  0  101  0  0  0  0  0  101  0  0  0  0  0  101  101  0  0  0  0  0  0  0  0  0  0  101  0  0  0  101  0  0  0  101  101  0  0  0  0  0  101  0  0  0  0  0  0  0  0  0  0  101  0  

101  0  0  101  0  0  0  0  0  0  0  0  0  0  0  0  0  0  101  0  0  0  0  0  0  0  101  0  0  0  0  0  0  0  0  0  0  0  101  0  0  0  0  101  0  0  0  0  0  0  0  0  0  0  0  0  0  101  0  0  0  0  0  0  0  101  0  0  0  0  0  0  0  101  0  0  0  0  0  0  0  0  0  0  0  0  101  0  101  0  0  0  0  0  101  0  0  0  0  0  

0  0  101  101  0  0  101  0  101  0  0  0  101  0  0  101  0  0  101  101  0  0  101  0  0  0  0  0  0  0  101  0  0  0  0  0  0  0  0  0  0  0  0  0  0  0  0  0  0  0  0  0  0  0  0  101  0  0  0  0  0  0  0  0  0  0  101  0  101  101  0  0  0  0  0  101  0  0  0  0  0  101  0  101  0  101  0  0  0  101  101  0  0  0  0  0  0  0  0  101  

0  0  101  0  0  101  0  0  0  0  0  0  0  101  0  101  0  0  0  0  0  0  0  0  0  0  101  101  0  0  0  0  0  101  0  0  0  0  101  0  0  0  0  0  0  101  0  0  0  101  0  0  0  0  0  0  0  101  0  101  0  0  0  101  0  0  0  0  0  0  101  0  0  0  0  101  0  101  0  0  0  0  0  0  0  101  0  0  0  101  101  0  0  0  0  0  101  0  101  0  

0  0  0  0  0  0  101  101  0  0  0  0  0  0  0  0  0  0  101  101  0  0  0  101  101  101  0  101  0  0  101  0  101  101  0  0  0  0  0  0  0  0  0  101  0  0  0  0  0  0  0  0  0  0  0  101  0  0  0  0  0  101  0  101  0  0  101  0  0  0  0  0  101  0  0  101  0  0  0  101  0  101  0  0  0  0  0  0  0  0  0  101  0  0  0  0  0  0  0  0  

0  0  0  0  0  0  0  0  0  0  0  0  0  101  101  0  101  0  0  0  0  0  0  0  0  0  0  0  101  0  0  0  101  0  0  0  0  0  0  0  0  101  0  0  0  0  0  0  0  0  0  101  0  0  0  0  0  0  0  0  0  0  0  0  0  0  0  0  101  101  0  0  0  0  0  0  0  101  101  0  0  0  0  101  0  0  101  0  0  0  0  0  101  0  0  0  0  101  0  101  

0  0  0  0  101  0  101  0  0  0  0  0  0  0  101  0  0  0  0  0  0  0  0  101  0  0  0  0  101  0  0  101  0  101  101  0  0  0  0  0  0  0  0  0  101  0  0  0  0  0  0  0  0  0  0  0  0  0  0  101  0  0  0  101  0  0  0  0  0  0  0  0  0  0  0  0  0  0  0  0  101  0  101  0  0  0  0  0  0  0  0  0  0  101  0  0  0  0  0  0  

0  0  0  0  0  0  101  0  101  0  0  101  0  0  101  0  0  0  0  101  0  0  0  101  0  0  0  101  0  0  0  0  0  0  0  0  0  0  0  0  0  0  101  0  101  101  0  0  0  101  0  101  101  0  0  101  0  0  101  0  0  101  101  0  0  0  0  0  0  0  0  0  0  0  101  0  0  0  0  0  0  0  0  0  101  0  101  0  101  0  0  0  0  0  101  101  0  0  0  0  

101  101  0  101  0  0  0  0  0  0  0  0  0  0  0  0  0  0  101  0  0  101  101  101  0  0  0  101  0  0  0  0  0  0  0  0  0  0  0  0  0  0  101  0  0  101  0  101  0  0  0  101  0  101  0  101  101  0  0  0  0  101  0  0  0  0  0  0  0  0  0  101  0  0  0  101  0  101  0  0  0  0  0  0  0  0  0  0  0  0  0  0  0  0  101  101  0  0  0  0  

0  0  0  101  0  0  101  0  101  101  101  0  0  0  0  0  101  101  0  0  0  101  0  0  101  0  101  0  0  0  0  101  101  0  101  101  0  0  101  101  0  0  0  101  0  101  0  0  0  0  0  0  0  0  0  0  101  0  0  101  101  0  0  101  0  0  0  101  0  101  0  0  0  0  0  101  0  101  101  0  101  0  0  0  101  0  0  0  0  0  101  0  0  0  0  0  101  0  0  101  

0  0  101  0  0  0  0  0  0  0  0  101  0  0  101  0  0  101  101  0  0  101  0  0  0  0  0  0  0  0  0  0  0  0  0  101  0  0  0  0  0  0  0  101  0  0  0  0  101  0  101  0  0  0  0  101  0  0  0  0  0  0  0  0  0  0  0  101  0  0  0  0  0  101  101  0  101  0  0  0  0  0  0  0  0  101  0  0  0  0  0  0  101  0  0  0  0  101  101  0  

0  0  0  0  0  0  0  0  101  0  101  0  0  0  0  101  0  0  0  0  0  0  0  0  101  0  0  0  0  0  0  0  0  101  0  0  0  101  0  0  0  0  0  0  0  0  101  0  101  0  0  0  101  0  0  0  0  0  101  0  0  0  101  101  0  101  0  0  0  0  0  0  0  0  101  0  0  0  0  0  101  0  0  0  101  0  0  101  0  0  101  0  0  0  0  0  0  101  101  0  

0  0  101  101  0  0  101  0  0  0  0  0  0  101  101  0  0  0  101  0  0  101  0  101  0  0  0  0  0  0  0  0  101  0  0  0  0  0  0  0  0  0  0  0  101  0  0  0  0  0  101  101  0  0  0  101  0  0  0  0  0  0  0  0  101  0  101  0  0  0  0  0  0  0  0  0  0  0  0  101  0  0  0  101  0  0  101  0  0  101  0  0  101  0  0  0  101  0  0  101  

UnPairedArc=
1 2 
1 4 
1 8 
1 10 
1 13 
1 18 
1 19 
1 24 
1 34 
1 35 
1 36 
1 38 
1 42 
1 47 
1 51 
1 54 
1 57 
1 58 
1 65 
1 77 
1 80 
1 84 
1 86 
1 89 
1 96 
2 8 
2 10 
2 12 
2 13 
2 15 
2 24 
2 25 
2 26 
2 27 
2 28 
2 29 
2 45 
2 60 
2 68 
2 73 
2 74 
2 75 
2 80 
2 96 
3 16 
3 17 
3 25 
3 32 
3 44 
3 45 
3 48 
3 49 
3 52 
3 55 
3 62 
3 67 
3 75 
3 78 
3 90 
3 91 
3 98 
3 100 
4 6 
4 15 
4 20 
4 24 
4 27 
4 29 
4 33 
4 38 
4 51 
4 60 
4 65 
4 74 
4 85 
4 86 
4 89 
4 90 
4 96 
4 97 
4 100 
5 8 
5 19 
5 24 
5 25 
5 29 
5 33 
5 40 
5 43 
5 45 
5 56 
5 66 
5 76 
5 78 
5 80 
5 94 
6 11 
6 20 
6 31 
6 42 
6 44 
6 46 
6 53 
6 72 
6 75 
6 81 
6 87 
6 91 
7 12 
7 17 
7 18 
7 21 
7 22 
7 24 
7 25 
7 30 
7 33 
7 41 
7 48 
7 55 
7 60 
7 65 
7 66 
7 73 
7 90 
7 92 
7 94 
7 95 
7 97 
7 100 
8 13 
8 20 
8 23 
8 24 
8 26 
8 27 
8 31 
8 32 
8 36 
8 39 
8 40 
8 48 
8 51 
8 68 
8 71 
8 79 
8 80 
8 83 
8 85 
8 88 
8 92 
9 15 
9 22 
9 25 
9 30 
9 31 
9 33 
9 41 
9 44 
9 45 
9 52 
9 57 
9 61 
9 62 
9 65 
9 66 
9 70 
9 90 
9 95 
9 97 
9 99 
10 24 
10 25 
10 39 
10 43 
10 47 
10 51 
10 60 
10 64 
10 65 
10 66 
10 85 
10 86 
10 87 
10 97 
11 17 
11 32 
11 34 
11 38 
11 48 
11 50 
11 56 
11 57 
11 69 
11 70 
11 73 
11 76 
11 81 
11 83 
11 85 
11 88 
11 97 
11 99 
12 14 
12 19 
12 37 
12 38 
12 42 
12 49 
12 52 
12 61 
12 64 
12 77 
12 79 
12 85 
12 95 
12 98 
13 19 
13 22 
13 39 
13 41 
13 43 
13 46 
13 50 
13 55 
13 59 
13 66 
13 70 
13 77 
13 79 
13 81 
13 90 
14 15 
14 19 
14 20 
14 26 
14 32 
14 34 
14 39 
14 40 
14 47 
14 70 
14 73 
14 80 
14 91 
14 93 
14 100 
15 21 
15 24 
15 32 
15 43 
15 44 
15 57 
15 58 
15 64 
15 65 
15 70 
15 73 
15 78 
15 81 
15 86 
15 93 
15 94 
15 95 
15 98 
15 100 
16 21 
16 22 
16 25 
16 28 
16 29 
16 33 
16 37 
16 44 
16 57 
16 58 
16 62 
16 68 
16 73 
16 76 
16 79 
16 85 
16 87 
16 90 
16 91 
16 99 
17 19 
17 20 
17 28 
17 30 
17 44 
17 53 
17 54 
17 61 
17 71 
17 72 
17 77 
17 93 
17 97 
18 26 
18 42 
18 47 
18 48 
18 55 
18 64 
18 71 
18 74 
18 85 
18 97 
18 98 
19 26 
19 36 
19 39 
19 46 
19 47 
19 50 
19 54 
19 56 
19 68 
19 70 
19 74 
19 79 
19 89 
19 90 
19 92 
19 96 
19 98 
19 100 
20 25 
20 35 
20 36 
20 40 
20 42 
20 43 
20 51 
20 52 
20 58 
20 60 
20 61 
20 69 
20 72 
20 74 
20 75 
20 76 
20 78 
20 79 
20 81 
20 90 
20 92 
20 95 
21 29 
21 39 
21 40 
21 44 
21 54 
21 55 
21 58 
21 61 
21 62 
21 66 
21 71 
21 80 
21 84 
22 34 
22 35 
22 36 
22 37 
22 38 
22 43 
22 46 
22 56 
22 80 
22 84 
22 87 
22 96 
22 97 
22 98 
22 100 
23 30 
23 41 
23 43 
23 46 
23 47 
23 54 
23 55 
23 58 
23 62 
23 64 
23 67 
23 70 
23 72 
23 88 
23 90 
23 96 
24 29 
24 36 
24 50 
24 59 
24 61 
24 62 
24 66 
24 70 
24 71 
24 82 
24 84 
24 85 
24 87 
24 92 
24 94 
24 95 
24 96 
24 100 
25 26 
25 27 
25 33 
25 36 
25 40 
25 41 
25 42 
25 45 
25 48 
25 49 
25 61 
25 63 
25 68 
25 69 
25 80 
25 84 
25 92 
25 97 
25 99 
26 28 
26 32 
26 39 
26 41 
26 44 
26 45 
26 46 
26 49 
26 52 
26 53 
26 57 
26 66 
26 69 
26 77 
26 92 
27 28 
27 29 
27 37 
27 38 
27 42 
27 46 
27 51 
27 58 
27 64 
27 67 
27 72 
27 81 
27 88 
27 89 
27 91 
27 97 
28 32 
28 33 
28 34 
28 38 
28 41 
28 52 
28 53 
28 54 
28 59 
28 73 
28 79 
28 83 
28 86 
28 87 
28 91 
28 92 
28 95 
28 96 
29 32 
29 36 
29 38 
29 41 
29 46 
29 49 
29 53 
29 57 
29 59 
29 69 
29 80 
29 83 
29 88 
29 93 
29 94 
30 31 
30 34 
30 39 
30 42 
30 45 
30 50 
30 57 
30 58 
30 60 
30 61 
30 63 
30 75 
30 76 
30 79 
30 80 
30 88 
31 33 
31 35 
31 52 
31 63 
31 65 
31 66 
31 67 
31 86 
31 90 
31 92 
32 39 
32 58 
32 59 
32 65 
32 75 
32 80 
32 81 
32 84 
32 94 
32 97 
33 35 
33 36 
33 38 
33 42 
33 51 
33 55 
33 59 
33 63 
33 70 
33 75 
33 81 
33 82 
33 92 
33 93 
33 97 
33 100 
34 35 
34 37 
34 41 
34 42 
34 50 
34 52 
34 53 
34 57 
34 61 
34 69 
34 72 
34 73 
34 76 
34 84 
34 91 
34 92 
34 94 
34 99 
35 40 
35 44 
35 46 
35 49 
35 51 
35 58 
35 65 
35 66 
35 76 
35 81 
35 88 
35 94 
35 97 
36 50 
36 56 
36 58 
36 61 
36 74 
36 75 
36 77 
36 79 
36 82 
36 85 
36 97 
36 98 
37 41 
37 45 
37 46 
37 53 
37 55 
37 56 
37 61 
37 62 
37 66 
37 69 
37 72 
37 74 
37 76 
37 86 
37 88 
38 39 
38 47 
38 49 
38 62 
38 69 
38 76 
38 81 
38 83 
38 99 
39 42 
39 45 
39 49 
39 52 
39 61 
39 67 
39 70 
39 77 
39 81 
39 82 
39 89 
39 91 
39 97 
40 41 
40 43 
40 44 
40 47 
40 53 
40 58 
40 67 
40 77 
40 79 
40 81 
40 86 
40 87 
40 97 
41 46 
41 51 
41 52 
41 60 
41 65 
41 66 
41 68 
41 76 
41 77 
41 78 
41 79 
41 82 
42 44 
42 47 
42 51 
42 52 
42 54 
42 63 
42 65 
42 69 
42 71 
42 73 
42 76 
42 93 
43 47 
43 48 
43 60 
43 63 
43 64 
43 75 
43 76 
43 85 
43 87 
43 95 
43 96 
44 49 
44 59 
44 61 
44 75 
44 78 
44 89 
44 92 
44 97 
44 98 
45 50 
45 51 
45 55 
45 65 
45 66 
45 80 
45 81 
45 82 
45 94 
45 95 
45 100 
46 48 
46 72 
46 78 
46 79 
46 84 
46 85 
46 88 
46 91 
46 95 
46 96 
46 97 
47 50 
47 56 
47 63 
47 69 
47 70 
47 77 
47 79 
47 80 
47 84 
47 99 
48 50 
48 63 
48 68 
48 70 
48 79 
48 83 
48 84 
48 86 
48 96 
49 56 
49 64 
49 67 
49 70 
49 71 
49 72 
49 73 
49 75 
49 77 
49 82 
49 83 
49 86 
49 88 
49 98 
49 99 
50 53 
50 59 
50 64 
50 81 
50 84 
50 85 
50 91 
50 95 
51 59 
51 67 
51 76 
51 80 
51 81 
51 98 
51 100 
52 56 
52 60 
52 62 
52 68 
52 71 
52 73 
52 80 
52 86 
52 93 
52 95 
52 96 
52 100 
53 54 
53 68 
53 72 
53 77 
53 79 
53 95 
53 99 
54 67 
54 68 
54 73 
54 74 
54 79 
54 87 
54 96 
55 70 
55 71 
55 73 
55 88 
56 69 
56 72 
56 75 
56 80 
56 85 
56 87 
56 90 
56 92 
56 95 
56 96 
56 98 
56 100 
57 75 
57 76 
57 87 
57 96 
57 97 
58 59 
58 76 
58 77 
58 78 
58 79 
58 80 
58 81 
58 85 
58 86 
58 87 
58 89 
58 91 
59 62 
59 63 
59 65 
59 66 
59 74 
59 81 
59 82 
59 95 
59 99 
60 65 
60 79 
60 91 
60 94 
60 97 
61 62 
61 69 
61 88 
61 97 
62 64 
62 78 
62 83 
62 88 
62 92 
62 95 
62 96 
63 66 
63 69 
63 71 
63 77 
63 78 
63 95 
63 99 
64 66 
64 69 
64 78 
64 79 
64 82 
64 84 
64 87 
64 91 
64 92 
64 94 
64 97 
64 99 
65 66 
65 69 
65 79 
65 84 
65 100 
66 71 
66 72 
66 85 
66 86 
66 89 
66 99 
67 81 
67 82 
67 90 
67 92 
67 100 
68 70 
68 73 
68 75 
68 77 
68 79 
68 97 
68 98 
69 72 
69 80 
69 84 
69 86 
69 87 
69 90 
69 93 
70 75 
70 80 
70 85 
70 90 
70 93 
70 97 
71 72 
71 83 
71 87 
71 91 
72 73 
72 77 
72 81 
72 96 
73 83 
73 86 
73 88 
73 92 
74 89 
74 98 
75 80 
75 81 
75 87 
75 95 
75 98 
75 99 
76 80 
76 81 
76 86 
76 87 
76 90 
76 91 
76 92 
76 96 
76 97 
77 88 
77 98 
78 91 
78 93 
78 96 
78 97 
79 87 
79 93 
79 97 
80 81 
80 87 
80 92 
80 100 
81 88 
81 94 
81 97 
81 99 
82 85 
82 88 
82 90 
82 92 
83 85 
83 94 
84 87 
84 90 
84 93 
84 100 
85 95 
85 97 
85 99 
86 90 
86 91 
86 98 
87 89 
87 93 
87 95 
87 100 
88 99 
89 95 
90 91 
90 100 
91 97 
91 99 
93 98 
93 100 
95 96 
97 100 
98 99 
