nNodes=60;
 nPairs=685;
Cost=

61  0  61  61  0  0  0  0  61  0  0  61  61  0  0  61  61  0  61  0  61  0  61  0  0  61  0  0  0  61  61  0  61  0  61  0  0  0  0  0  0  61  61  0  0  0  0  0  0  0  0  61  0  0  0  0  0  61  61  0  

0  61  0  61  61  61  0  61  0  0  0  0  61  61  0  0  0  0  61  61  0  61  61  0  61  61  61  0  61  0  0  61  61  0  61  0  0  61  0  61  61  61  0  0  0  0  61  61  0  0  0  0  0  0  61  61  61  0  61  61  

61  0  61  0  61  61  0  0  0  0  0  61  61  0  61  61  0  0  0  0  0  61  61  0  61  0  0  0  0  0  61  0  61  61  61  0  61  0  61  0  61  0  0  0  0  0  0  61  0  61  0  61  0  61  0  0  61  61  0  61  

61  61  0  61  0  0  0  0  0  0  0  61  0  0  61  0  0  0  0  0  61  0  61  0  0  0  0  0  61  61  0  0  0  61  61  61  0  0  0  0  61  0  0  0  0  61  0  61  0  0  0  0  61  0  0  0  61  0  61  61  

0  61  61  0  61  0  0  0  0  0  0  0  0  61  0  61  61  0  61  61  61  0  0  0  0  0  61  61  0  0  0  0  0  61  0  0  61  61  0  61  61  0  0  61  0  0  0  61  0  61  0  61  0  0  61  0  0  61  0  0  

0  61  61  0  0  61  0  61  61  0  0  0  61  0  0  61  61  0  61  61  0  61  0  0  0  0  0  61  0  61  0  0  0  61  0  61  0  61  61  0  0  0  61  0  0  61  61  61  61  0  61  0  0  61  0  0  0  61  0  61  

0  0  0  0  0  0  61  0  0  61  0  0  0  0  0  0  0  0  0  0  0  0  0  61  61  0  0  0  0  0  0  0  0  61  61  61  0  0  61  61  0  61  61  0  0  0  0  0  0  0  0  61  0  61  0  0  0  61  61  61  

0  61  0  0  0  61  0  61  0  0  61  0  61  0  0  0  0  0  0  61  0  61  61  61  0  0  0  61  0  0  0  0  0  61  61  61  0  0  0  0  0  61  0  0  0  61  61  61  61  61  0  61  0  0  61  61  0  0  0  0  

61  0  0  0  0  61  0  0  61  0  0  0  0  0  0  61  0  0  0  0  0  0  61  61  61  0  0  61  0  0  61  0  0  0  0  61  0  0  0  0  0  61  0  61  61  0  61  61  0  61  61  61  61  0  61  0  61  0  0  0  

0  0  0  0  0  0  61  0  0  61  61  0  61  61  0  0  0  0  0  61  61  0  61  61  61  61  61  0  0  0  61  61  61  0  0  61  0  0  61  0  61  0  0  0  61  61  0  0  0  0  0  0  0  0  61  0  0  0  0  0  

0  0  0  0  0  0  0  61  0  61  61  0  61  0  0  61  0  0  0  61  0  61  0  0  0  61  0  0  0  0  61  61  0  0  0  0  0  0  0  61  0  61  0  0  0  61  0  0  0  0  61  0  0  0  0  61  0  0  0  0  

61  0  61  61  0  0  0  0  0  0  0  61  0  61  0  0  0  0  0  0  0  61  61  0  61  0  0  0  0  61  0  0  61  61  0  0  0  61  0  61  61  0  61  0  0  0  61  0  61  0  61  0  61  0  0  61  61  0  0  61  

61  61  61  0  0  61  0  61  0  61  61  0  61  61  61  0  0  0  61  0  61  61  61  61  0  0  61  0  61  61  0  61  61  61  0  61  0  0  0  61  61  61  61  0  61  0  0  0  61  61  0  0  61  61  0  0  0  61  0  61  

0  61  0  0  61  0  0  0  0  61  0  61  61  61  0  0  0  0  0  0  61  0  61  61  0  0  61  61  61  0  0  61  0  0  61  0  61  0  0  0  0  0  61  0  61  0  61  0  0  0  61  61  61  61  61  0  0  61  0  0  

0  0  61  61  0  0  0  0  0  0  0  0  61  0  61  0  61  61  0  0  0  0  0  61  0  0  61  0  61  61  0  0  0  0  61  61  0  0  61  0  61  0  0  61  0  61  61  0  0  61  0  0  61  0  0  0  61  0  0  0  

61  0  61  0  61  61  0  0  61  0  61  0  0  0  0  61  0  61  0  61  0  61  0  61  0  0  0  0  0  0  0  0  0  0  0  61  61  61  0  0  61  61  61  0  0  0  0  0  61  0  61  61  61  61  61  61  0  0  0  0  

61  0  0  0  61  61  0  0  0  0  0  0  0  0  61  0  61  0  61  0  61  61  61  0  0  0  0  0  61  0  61  0  0  61  0  61  61  0  61  61  0  61  61  61  0  61  0  0  0  0  61  0  61  0  0  0  61  0  0  0  

0  0  0  0  0  0  0  0  0  0  0  0  0  0  61  61  0  61  61  0  0  0  0  0  61  0  0  0  0  0  0  0  61  0  0  61  61  61  0  61  61  0  61  61  0  61  0  61  0  61  61  0  0  0  61  61  0  61  0  0  

61  61  0  0  61  61  0  0  0  0  0  0  61  0  0  0  61  61  61  0  0  0  61  0  0  61  0  0  0  61  61  0  61  0  0  61  0  0  61  61  61  0  0  61  61  0  0  61  0  61  61  61  0  61  61  61  0  0  0  61  

0  61  0  0  61  61  0  61  0  61  61  0  0  0  0  61  0  0  0  61  0  61  0  61  61  61  0  0  61  61  61  0  0  0  61  61  0  0  61  61  0  61  61  0  0  61  61  61  61  0  61  61  0  61  0  0  0  0  61  0  

61  0  0  61  61  0  0  0  0  61  0  0  61  61  0  0  61  0  0  0  61  0  61  61  0  0  61  0  0  0  0  61  0  61  61  61  0  0  0  0  0  61  0  0  61  61  61  0  0  61  61  0  0  61  61  61  0  0  61  61  

0  61  61  0  0  61  0  61  0  0  61  61  61  0  0  61  61  0  0  61  0  61  61  0  0  0  0  0  0  0  0  0  0  0  0  61  61  0  0  0  0  61  0  61  61  0  0  0  0  0  0  0  0  61  0  61  0  0  0  61  

61  61  61  61  0  0  0  61  61  61  0  61  61  61  0  0  61  0  61  0  61  61  61  61  0  61  61  61  0  61  61  0  61  61  61  0  0  61  61  0  61  61  0  0  0  0  61  61  0  0  0  0  61  61  0  61  0  0  61  0  

0  0  0  0  0  0  61  61  61  61  0  0  61  61  61  61  0  0  0  61  61  0  61  61  61  61  0  61  0  0  61  0  61  61  0  0  61  0  0  61  0  0  0  0  0  61  61  61  0  0  61  0  0  0  61  0  0  0  61  0  

0  61  61  0  0  0  61  0  61  61  0  61  0  0  0  0  0  61  0  61  0  0  0  61  61  0  61  0  0  0  0  0  0  61  0  0  0  0  0  61  0  61  0  0  0  0  61  0  61  0  0  61  61  0  61  61  0  61  0  61  

61  61  0  0  0  0  0  0  0  61  61  0  0  0  0  0  0  0  61  61  0  0  61  61  0  61  0  61  0  0  0  61  0  0  61  0  61  0  0  0  0  0  0  0  0  0  0  61  61  61  0  61  0  0  0  61  61  0  0  61  

0  61  0  0  61  0  0  0  0  61  0  0  61  61  61  0  0  0  0  0  61  0  61  0  61  0  61  0  0  0  61  61  0  0  0  61  0  61  61  0  61  0  0  0  61  0  0  0  61  0  0  0  61  61  0  0  0  61  0  61  

0  0  0  0  61  61  0  61  61  0  0  0  0  61  0  0  0  0  0  0  0  0  61  61  0  61  0  61  0  61  0  0  0  0  0  0  0  61  0  0  0  61  0  61  0  0  61  0  0  61  0  61  0  0  0  61  0  0  61  0  

0  61  0  61  0  0  0  0  0  0  0  0  61  61  61  0  61  0  0  61  0  0  0  0  0  0  0  0  61  61  0  61  0  61  0  61  61  61  0  0  0  61  0  0  61  0  0  61  0  0  0  61  0  61  61  61  0  0  0  0  

61  0  0  61  0  61  0  0  0  0  0  61  61  0  61  0  0  0  61  61  0  0  61  0  0  0  0  61  61  61  0  61  0  0  0  61  61  61  61  0  0  0  61  61  0  61  0  0  61  0  0  0  0  0  0  0  61  0  0  0  

61  0  61  0  0  0  0  0  61  61  61  0  0  0  0  0  61  0  61  61  0  0  61  61  0  0  61  0  0  0  61  61  61  0  0  0  0  61  61  0  61  0  0  0  0  0  61  0  0  0  0  0  61  0  0  61  0  61  61  0  

0  61  0  0  0  0  0  0  0  61  61  0  61  61  0  0  0  0  0  0  61  0  0  0  0  61  61  0  61  61  61  61  61  61  0  0  61  0  0  61  0  61  0  0  61  0  0  61  61  0  0  0  61  0  0  0  0  0  61  61  

61  61  61  0  0  0  0  0  0  61  0  61  61  0  0  0  0  61  61  0  0  0  61  61  0  0  0  0  0  0  61  61  61  0  0  61  0  0  0  0  0  0  0  0  0  61  61  61  61  0  0  61  0  61  0  61  0  61  0  61  

0  0  61  61  61  61  61  61  0  0  0  61  61  0  0  0  61  0  0  0  61  0  61  61  61  0  0  0  61  0  0  61  0  61  0  61  0  0  61  61  0  61  0  61  0  0  61  0  0  61  61  0  0  61  0  0  0  61  0  61  

61  61  61  61  0  0  61  61  0  0  0  0  0  61  61  0  0  0  0  61  61  0  61  0  0  61  0  0  0  0  0  0  0  0  61  61  61  0  0  61  0  61  61  61  0  0  0  61  0  0  0  61  0  0  61  61  0  0  61  61  

0  0  0  61  0  61  61  61  61  61  0  0  61  0  61  61  61  61  61  61  61  61  0  0  0  0  61  0  61  61  0  0  61  61  61  61  0  0  61  0  0  0  0  61  61  0  0  0  61  61  61  0  61  61  0  0  0  61  0  0  

0  0  61  0  61  0  0  0  0  0  0  0  0  61  0  61  61  61  0  0  0  61  0  61  0  61  0  0  61  61  0  61  0  0  61  0  61  0  61  61  0  0  61  0  61  61  0  0  0  0  61  61  0  0  0  0  0  61  61  0  

0  61  0  0  61  61  0  0  0  0  0  61  0  0  0  61  0  61  0  0  0  0  61  0  0  0  61  61  61  61  61  0  0  0  0  0  0  61  61  0  61  61  0  0  0  0  61  0  0  61  61  61  61  61  0  61  0  0  61  61  

0  0  61  0  0  61  61  0  0  61  0  0  0  0  61  0  61  0  61  61  0  0  61  0  0  0  61  0  0  61  61  0  0  61  0  61  61  61  61  0  61  61  61  0  61  61  0  0  61  0  0  0  0  61  0  0  0  61  61  61  

0  61  0  0  61  0  61  0  0  0  61  61  61  0  0  0  61  61  61  61  0  0  0  61  61  0  0  0  0  0  0  61  0  61  61  0  61  0  0  61  0  61  0  0  0  61  0  0  0  0  0  61  61  0  0  0  61  0  0  0  

0  61  61  61  61  0  0  0  0  61  0  61  61  0  61  61  0  61  61  0  0  0  61  0  0  0  61  0  0  0  61  0  0  0  0  0  0  61  61  0  61  0  61  61  0  61  61  61  0  0  61  0  0  0  0  0  61  0  61  0  

61  61  0  0  0  0  61  61  61  0  61  0  61  0  0  61  61  0  0  61  61  61  61  0  61  0  0  61  61  0  0  61  0  61  61  0  0  61  61  61  0  61  0  0  0  0  0  0  0  61  61  0  0  61  61  0  0  0  61  61  

61  0  0  0  0  61  61  0  0  0  0  61  61  61  0  61  61  61  0  61  0  0  0  0  0  0  0  0  0  61  0  0  0  0  61  0  61  0  61  0  61  0  61  61  0  0  61  0  0  0  61  61  61  0  61  0  0  0  61  61  

0  0  0  0  61  0  0  0  61  0  0  0  0  0  61  0  61  61  61  0  0  61  0  0  0  0  0  61  0  61  0  0  0  61  61  61  0  0  0  0  61  0  61  61  61  0  61  0  61  0  61  0  61  61  61  0  0  0  61  61  

0  0  0  0  0  0  0  0  61  61  0  0  61  61  0  0  0  0  61  0  61  61  0  0  0  0  61  0  61  0  0  61  0  0  0  61  61  0  61  0  0  0  0  61  61  61  0  0  61  0  0  0  0  0  0  0  0  0  61  0  

0  0  0  61  0  61  0  61  0  61  61  0  0  0  61  0  61  61  0  61  61  0  0  61  0  0  0  0  0  61  0  0  61  0  0  0  61  0  61  61  61  0  0  0  61  61  61  61  0  61  0  0  0  61  0  61  61  0  61  0  

0  61  0  0  0  61  0  61  61  0  0  61  0  61  61  0  0  0  0  61  61  0  61  61  61  0  0  61  0  0  61  0  61  61  0  0  0  61  0  0  61  0  61  61  0  61  61  0  0  61  0  0  0  0  61  0  0  0  0  61  

0  61  61  61  61  61  0  61  61  0  0  0  0  0  0  0  0  61  61  61  0  0  61  61  0  61  0  0  61  0  0  61  61  0  61  0  0  0  0  0  61  0  0  0  0  61  0  61  61  61  0  0  61  61  61  0  61  0  0  61  

0  0  0  0  0  61  0  61  0  0  0  61  61  0  0  61  0  0  0  61  0  0  0  0  61  61  61  0  0  61  0  61  61  0  0  61  0  0  61  0  0  0  0  61  61  0  0  61  61  0  61  61  61  0  0  0  61  0  0  61  

0  0  61  0  61  0  0  61  61  0  0  0  61  0  61  0  0  61  61  0  61  0  0  0  0  61  0  61  0  0  0  0  0  61  0  61  0  61  0  0  0  61  0  0  0  61  61  61  0  61  0  0  0  61  0  61  61  0  0  0  

0  0  0  0  0  61  0  0  61  0  61  61  0  61  0  61  61  61  61  61  61  0  0  61  0  0  0  0  0  0  0  0  0  61  0  61  61  61  0  0  61  61  61  61  0  0  0  0  61  0  61  0  61  0  61  61  61  61  61  0  

61  0  61  0  61  0  61  61  61  0  0  0  0  61  0  61  0  0  61  61  0  0  0  0  61  61  0  61  61  0  0  0  61  0  61  0  61  61  0  61  0  0  61  0  0  0  0  0  61  0  0  61  0  61  61  0  0  0  0  61  

0  0  0  61  0  0  0  0  61  0  0  61  61  61  61  61  61  0  0  0  0  0  61  0  61  0  61  0  0  0  61  61  0  0  0  61  0  61  0  61  0  0  61  61  0  0  0  61  61  0  61  0  61  0  0  61  0  0  0  61  

0  0  61  0  0  61  61  0  0  0  0  0  61  61  0  61  0  0  61  61  61  61  61  0  0  0  61  0  61  0  0  0  61  61  0  61  0  61  61  0  0  61  0  61  0  61  0  61  0  61  0  61  0  61  61  61  61  0  0  61  

0  61  0  0  61  0  0  61  61  61  0  0  0  61  0  61  0  61  61  0  61  0  0  61  61  0  0  0  61  0  0  0  0  0  61  0  0  0  0  0  0  61  61  61  0  0  61  61  0  0  61  61  0  61  61  0  0  61  0  0  

0  61  0  0  0  0  0  61  0  0  61  61  0  0  0  61  0  61  61  0  61  61  61  0  61  61  0  61  61  0  61  0  61  0  61  0  0  61  0  0  0  0  0  0  0  61  0  0  0  61  61  0  61  61  0  61  61  0  0  0  

0  61  61  61  0  0  0  0  61  0  0  61  0  0  61  0  61  0  0  0  0  0  0  0  0  61  0  0  0  61  0  0  0  0  0  0  0  0  0  61  61  0  0  0  0  61  0  61  61  61  61  0  0  61  0  61  61  61  0  0  

61  0  61  0  61  61  61  0  0  0  0  0  61  61  0  0  0  61  0  0  0  0  0  0  61  0  61  0  0  0  61  0  61  61  0  61  61  0  61  0  0  0  0  0  0  0  0  0  0  0  61  0  0  0  61  0  61  61  0  0  

61  61  0  61  0  0  61  0  0  0  0  0  0  0  0  0  0  0  0  61  61  0  61  61  0  0  0  61  0  0  61  61  0  0  61  0  61  61  61  0  61  61  61  61  61  61  0  0  0  0  61  0  0  0  0  0  0  0  61  61  

0  61  61  61  0  61  61  0  0  0  0  61  61  0  0  0  0  0  61  0  61  61  0  0  61  61  61  0  0  0  0  61  61  61  61  0  0  61  61  0  0  61  61  61  0  0  61  61  61  0  0  61  61  61  0  0  0  0  61  61  

UnPairedArc=
1 3 
1 4 
1 9 
1 12 
1 13 
1 16 
1 17 
1 19 
1 21 
1 23 
1 26 
1 30 
1 31 
1 33 
1 35 
1 42 
1 43 
1 52 
1 58 
1 59 
2 4 
2 5 
2 6 
2 8 
2 13 
2 14 
2 19 
2 20 
2 22 
2 23 
2 25 
2 26 
2 27 
2 29 
2 32 
2 33 
2 35 
2 38 
2 40 
2 41 
2 42 
2 47 
2 48 
2 55 
2 56 
2 57 
2 59 
2 60 
3 5 
3 6 
3 12 
3 13 
3 15 
3 16 
3 22 
3 23 
3 25 
3 31 
3 33 
3 34 
3 35 
3 37 
3 39 
3 41 
3 48 
3 50 
3 52 
3 54 
3 57 
3 58 
3 60 
4 12 
4 15 
4 21 
4 23 
4 29 
4 30 
4 34 
4 35 
4 36 
4 41 
4 46 
4 48 
4 53 
4 57 
4 59 
4 60 
5 14 
5 16 
5 17 
5 19 
5 20 
5 21 
5 27 
5 28 
5 34 
5 37 
5 38 
5 40 
5 41 
5 44 
5 48 
5 50 
5 52 
5 55 
5 58 
6 8 
6 9 
6 13 
6 16 
6 17 
6 19 
6 20 
6 22 
6 28 
6 30 
6 34 
6 36 
6 38 
6 39 
6 43 
6 46 
6 47 
6 48 
6 49 
6 51 
6 54 
6 58 
6 60 
7 10 
7 24 
7 25 
7 34 
7 35 
7 36 
7 39 
7 40 
7 42 
7 43 
7 52 
7 54 
7 58 
7 59 
7 60 
8 11 
8 13 
8 20 
8 22 
8 23 
8 24 
8 28 
8 34 
8 35 
8 36 
8 42 
8 46 
8 47 
8 48 
8 49 
8 50 
8 52 
8 55 
8 56 
9 16 
9 23 
9 24 
9 25 
9 28 
9 31 
9 36 
9 42 
9 44 
9 45 
9 47 
9 48 
9 50 
9 51 
9 52 
9 53 
9 55 
9 57 
10 11 
10 13 
10 14 
10 20 
10 21 
10 23 
10 24 
10 25 
10 26 
10 27 
10 31 
10 32 
10 33 
10 36 
10 39 
10 41 
10 45 
10 46 
10 55 
11 13 
11 16 
11 20 
11 22 
11 26 
11 31 
11 32 
11 40 
11 42 
11 46 
11 51 
11 56 
12 14 
12 22 
12 23 
12 25 
12 30 
12 33 
12 34 
12 38 
12 40 
12 41 
12 43 
12 47 
12 49 
12 51 
12 53 
12 56 
12 57 
12 60 
13 14 
13 15 
13 19 
13 21 
13 22 
13 23 
13 24 
13 27 
13 29 
13 30 
13 32 
13 33 
13 34 
13 36 
13 40 
13 41 
13 42 
13 43 
13 45 
13 49 
13 50 
13 53 
13 54 
13 58 
13 60 
14 21 
14 23 
14 24 
14 27 
14 28 
14 29 
14 32 
14 35 
14 37 
14 43 
14 45 
14 47 
14 51 
14 52 
14 53 
14 54 
14 55 
14 58 
15 17 
15 18 
15 24 
15 27 
15 29 
15 30 
15 35 
15 36 
15 39 
15 41 
15 44 
15 46 
15 47 
15 50 
15 53 
15 57 
16 18 
16 20 
16 22 
16 24 
16 36 
16 37 
16 38 
16 41 
16 42 
16 43 
16 49 
16 51 
16 52 
16 53 
16 54 
16 55 
16 56 
17 19 
17 21 
17 22 
17 23 
17 29 
17 31 
17 34 
17 36 
17 37 
17 39 
17 40 
17 42 
17 43 
17 44 
17 46 
17 51 
17 53 
17 57 
18 19 
18 25 
18 33 
18 36 
18 37 
18 38 
18 40 
18 41 
18 43 
18 44 
18 46 
18 48 
18 50 
18 51 
18 55 
18 56 
18 58 
19 23 
19 26 
19 30 
19 31 
19 33 
19 36 
19 39 
19 40 
19 41 
19 44 
19 45 
19 48 
19 50 
19 51 
19 52 
19 54 
19 55 
19 56 
19 60 
20 22 
20 24 
20 25 
20 26 
20 29 
20 30 
20 31 
20 35 
20 36 
20 39 
20 40 
20 42 
20 43 
20 46 
20 47 
20 48 
20 49 
20 51 
20 52 
20 54 
20 59 
21 23 
21 24 
21 27 
21 32 
21 34 
21 35 
21 36 
21 42 
21 45 
21 46 
21 47 
21 50 
21 51 
21 54 
21 55 
21 56 
21 59 
21 60 
22 23 
22 36 
22 37 
22 42 
22 44 
22 45 
22 54 
22 56 
22 60 
23 24 
23 26 
23 27 
23 28 
23 30 
23 31 
23 33 
23 34 
23 35 
23 38 
23 39 
23 41 
23 42 
23 47 
23 48 
23 53 
23 54 
23 56 
23 59 
24 25 
24 26 
24 28 
24 31 
24 33 
24 34 
24 37 
24 40 
24 46 
24 47 
24 48 
24 51 
24 55 
24 59 
25 27 
25 34 
25 40 
25 42 
25 47 
25 49 
25 52 
25 53 
25 55 
25 56 
25 58 
25 60 
26 28 
26 32 
26 35 
26 37 
26 48 
26 49 
26 50 
26 52 
26 56 
26 57 
26 60 
27 31 
27 32 
27 36 
27 38 
27 39 
27 41 
27 45 
27 49 
27 53 
27 54 
27 58 
27 60 
28 30 
28 38 
28 42 
28 44 
28 47 
28 50 
28 52 
28 56 
28 59 
29 30 
29 32 
29 34 
29 36 
29 37 
29 38 
29 42 
29 45 
29 48 
29 52 
29 54 
29 55 
29 56 
30 32 
30 36 
30 37 
30 38 
30 39 
30 43 
30 44 
30 46 
30 49 
30 57 
31 32 
31 33 
31 38 
31 39 
31 41 
31 47 
31 53 
31 56 
31 58 
31 59 
32 33 
32 34 
32 37 
32 40 
32 42 
32 45 
32 48 
32 49 
32 53 
32 59 
32 60 
33 36 
33 46 
33 47 
33 48 
33 49 
33 52 
33 54 
33 56 
33 58 
33 60 
34 36 
34 39 
34 40 
34 42 
34 44 
34 47 
34 50 
34 51 
34 54 
34 58 
34 60 
35 36 
35 37 
35 40 
35 42 
35 43 
35 44 
35 48 
35 52 
35 55 
35 56 
35 59 
35 60 
36 39 
36 44 
36 45 
36 49 
36 50 
36 51 
36 53 
36 54 
36 58 
37 39 
37 40 
37 43 
37 45 
37 46 
37 51 
37 52 
37 58 
37 59 
38 39 
38 41 
38 42 
38 47 
38 50 
38 51 
38 52 
38 53 
38 54 
38 56 
38 59 
38 60 
39 41 
39 42 
39 43 
39 45 
39 46 
39 49 
39 54 
39 58 
39 59 
39 60 
40 42 
40 46 
40 52 
40 53 
40 57 
41 43 
41 44 
41 46 
41 47 
41 48 
41 51 
41 57 
41 59 
42 50 
42 51 
42 54 
42 55 
42 59 
42 60 
43 44 
43 47 
43 51 
43 52 
43 53 
43 55 
43 59 
43 60 
44 45 
44 47 
44 49 
44 51 
44 53 
44 54 
44 55 
44 59 
44 60 
45 46 
45 49 
45 59 
46 47 
46 48 
46 50 
46 54 
46 56 
46 57 
46 59 
47 50 
47 55 
47 60 
48 49 
48 50 
48 53 
48 54 
48 55 
48 57 
48 60 
49 51 
49 52 
49 53 
49 57 
49 60 
50 54 
50 56 
50 57 
51 53 
51 55 
51 56 
51 57 
51 58 
51 59 
52 54 
52 55 
52 60 
53 56 
53 60 
54 55 
54 56 
54 57 
54 60 
55 58 
56 57 
57 58 
59 60 
