nNodes=80;
 nPairs=1541;
Cost=

81  81  0  81  81  81  81  81  81  81  0  81  0  0  0  81  0  0  81  81  81  81  0  81  0  0  81  81  81  81  81  81  0  0  0  81  0  0  0  0  0  0  0  0  81  0  81  0  81  81  81  0  0  81  81  0  0  81  0  81  0  0  0  81  81  81  81  81  81  81  81  0  0  0  0  0  81  81  81  81  

81  81  81  81  0  0  81  81  0  81  81  0  81  81  81  0  81  81  81  0  81  81  81  0  0  81  0  0  0  81  0  0  81  0  0  81  0  81  0  81  81  81  0  81  81  81  0  81  0  0  81  81  81  0  0  0  81  0  0  0  81  0  81  81  0  0  81  81  0  0  0  81  0  0  81  81  0  0  81  0  

0  81  81  0  0  0  81  81  0  81  81  81  0  81  0  81  0  0  0  81  81  0  81  0  81  0  0  0  81  81  0  81  81  0  81  81  81  81  81  81  0  0  81  0  81  0  0  81  81  0  81  81  81  81  81  0  81  0  0  0  0  0  81  81  0  81  81  0  0  0  0  81  0  81  81  0  0  0  81  0  

81  81  0  81  81  81  0  0  0  81  0  0  81  0  81  0  81  0  81  0  0  0  81  81  0  0  81  0  0  0  81  0  0  0  81  81  0  81  81  81  81  0  81  81  0  81  0  81  0  81  0  81  0  0  81  81  0  0  0  81  81  0  0  0  0  81  81  0  0  0  0  0  81  0  81  0  0  0  0  81  

81  0  0  81  81  0  0  81  81  81  81  0  81  0  0  81  81  81  81  81  0  81  0  81  0  81  0  81  81  81  0  81  0  0  81  81  81  81  0  0  0  0  0  81  0  81  81  0  0  81  81  0  0  0  81  0  0  0  0  81  81  81  81  81  0  81  81  0  81  0  0  0  81  0  0  0  81  81  81  81  

81  0  0  81  0  81  81  0  0  81  0  81  81  81  0  0  0  0  0  81  0  0  81  0  81  0  0  0  81  0  81  0  0  81  0  0  81  81  81  81  81  0  81  0  0  81  0  81  0  81  81  0  0  81  0  81  81  0  0  0  0  0  81  81  0  0  0  0  81  81  0  0  81  81  81  0  0  0  81  0  

81  81  81  0  0  81  81  81  0  0  81  81  81  81  81  0  0  0  81  0  81  0  0  0  0  0  0  0  81  0  0  0  81  0  81  0  81  0  0  0  81  0  81  0  81  81  0  81  81  0  81  0  0  0  0  81  81  81  0  0  81  81  0  81  81  0  0  0  81  81  81  0  81  81  0  0  0  0  0  0  

81  81  81  0  81  0  81  81  81  0  81  0  0  0  81  81  81  0  81  0  0  0  0  81  81  0  81  0  81  81  0  81  81  0  81  81  81  0  81  0  0  81  0  81  81  0  0  0  0  0  81  0  81  81  0  0  81  0  0  0  0  81  81  0  81  0  81  81  0  0  81  0  81  81  0  0  81  81  0  81  

81  0  0  0  81  0  0  81  81  0  81  0  0  81  81  0  0  0  0  81  81  0  81  81  0  0  0  81  81  0  0  0  81  81  0  81  81  0  81  81  0  0  81  81  0  81  0  81  0  81  0  0  0  0  0  0  81  0  81  0  0  0  81  0  81  0  81  0  81  81  81  81  81  0  81  0  0  81  81  81  

81  81  81  81  81  81  0  0  0  81  81  81  0  81  0  0  0  81  81  81  0  0  0  81  81  0  0  0  0  81  0  0  0  0  0  81  81  81  0  0  0  0  81  0  81  81  0  0  0  0  0  81  81  81  81  81  81  0  81  81  0  0  0  0  0  0  0  81  81  81  81  0  0  81  81  0  0  0  0  0  

0  81  81  0  81  0  81  81  81  81  81  0  81  81  0  0  81  81  81  0  0  0  81  0  81  0  81  81  81  81  0  81  81  81  81  81  81  81  81  81  81  81  0  81  0  81  0  0  81  0  81  0  81  0  81  81  0  81  81  0  81  0  0  0  81  0  81  0  0  0  0  81  81  81  81  81  81  81  0  81  

81  0  81  0  0  81  81  0  0  81  0  81  81  0  81  0  0  0  0  0  81  81  0  81  0  81  0  81  0  0  81  0  0  81  81  81  81  0  0  81  81  0  0  81  0  0  0  81  0  0  0  0  0  81  0  0  0  0  81  0  81  81  0  81  0  0  81  81  0  81  0  0  0  81  0  81  0  81  0  0  

0  81  0  81  81  81  81  0  0  0  81  81  81  81  0  0  81  0  0  0  81  0  81  81  0  0  81  81  81  81  81  81  81  81  0  81  81  0  0  81  81  0  0  81  0  81  81  81  81  0  0  0  81  0  0  0  0  81  0  81  0  0  81  81  81  0  81  81  81  81  0  81  0  0  81  81  0  0  0  0  

0  81  81  0  0  81  81  0  81  81  81  0  81  81  0  0  0  81  81  0  81  81  81  81  0  0  0  0  81  0  0  0  0  0  81  0  81  81  0  81  81  0  0  0  0  0  0  81  0  0  0  81  81  0  81  81  81  0  81  0  0  81  0  0  81  81  81  0  0  0  81  0  0  0  81  0  81  81  0  0  

0  81  0  81  0  0  81  81  81  0  0  81  0  0  81  81  0  0  81  81  81  81  81  0  81  81  81  81  0  0  0  0  81  0  81  0  0  81  0  0  81  81  81  0  0  0  81  81  0  81  81  81  81  81  0  0  0  0  0  81  81  0  81  81  0  81  0  0  81  81  0  0  81  0  0  0  0  81  0  81  

81  0  81  0  81  0  0  81  0  0  0  0  0  0  81  81  0  81  0  0  81  81  81  0  81  81  81  0  81  0  0  81  0  0  0  0  81  81  81  81  81  81  81  81  0  81  81  0  81  81  0  81  0  81  81  0  81  81  0  81  81  0  0  81  0  81  0  81  0  81  0  81  0  0  81  81  0  0  81  0  

0  81  0  81  81  0  0  81  0  0  81  0  81  0  0  0  81  0  0  81  0  0  81  81  0  0  0  81  81  81  81  0  81  81  81  0  0  81  0  0  0  0  0  0  81  81  81  81  81  0  0  0  81  81  0  81  0  0  0  81  81  81  81  81  0  0  0  0  0  0  81  81  81  0  0  0  0  81  81  81  

0  81  0  0  81  0  0  0  0  81  81  0  0  81  0  81  0  81  0  0  0  0  0  0  0  0  0  81  81  0  81  81  0  0  0  0  0  0  81  0  0  0  0  81  0  0  0  81  81  0  0  81  81  81  0  0  0  0  81  81  81  81  0  0  0  81  81  0  0  81  0  0  81  81  81  81  81  0  0  0  

81  81  0  81  81  0  81  81  0  81  81  0  0  81  81  0  0  0  81  81  0  81  81  81  0  0  81  81  0  0  81  0  0  81  0  0  81  81  0  0  81  81  0  0  0  81  0  81  81  0  0  81  0  81  0  0  81  81  0  81  81  0  81  81  0  0  81  81  0  81  81  0  0  0  0  81  0  0  0  0  

81  0  81  0  81  81  0  0  81  81  0  0  0  0  81  0  81  0  81  81  81  81  81  81  0  81  0  81  0  0  0  0  0  0  81  0  0  0  81  0  81  0  81  0  81  81  0  0  81  81  81  81  0  81  81  0  81  81  81  0  81  0  0  0  0  81  81  0  0  81  81  81  81  81  0  81  81  0  81  0  

81  81  81  0  0  0  81  0  81  0  0  81  81  81  81  81  0  0  0  81  81  0  0  81  81  81  0  81  0  0  0  81  81  0  81  0  0  0  81  81  0  81  81  81  81  0  0  81  0  0  0  0  81  0  0  0  81  0  81  81  0  0  0  81  81  81  81  0  81  81  81  0  0  0  81  0  0  0  0  81  

81  81  0  0  81  0  0  0  0  0  0  81  0  81  81  81  0  0  81  81  0  81  0  81  81  81  0  0  0  0  0  81  81  0  81  0  0  81  81  81  81  0  81  81  81  0  0  81  81  0  0  81  0  0  81  0  81  81  81  0  0  0  81  81  81  81  81  81  81  81  0  0  0  0  0  81  0  81  0  0  

0  81  81  81  0  81  0  0  81  0  81  0  81  81  81  81  81  0  81  81  0  0  81  0  0  81  81  0  81  0  0  81  0  0  0  0  81  81  0  81  81  81  0  81  0  81  81  81  0  81  81  0  0  81  0  0  81  81  81  0  81  0  81  0  0  0  0  81  0  0  81  0  81  81  0  81  0  0  81  81  

81  0  0  81  81  0  0  81  81  81  0  81  81  81  0  0  81  0  81  81  81  81  0  81  81  81  0  0  0  81  81  81  81  0  0  81  0  0  0  0  81  0  81  0  0  0  0  81  81  0  81  0  81  81  81  0  81  81  0  81  0  81  81  81  81  81  0  81  0  81  0  0  81  0  0  81  0  81  0  81  

0  0  81  0  0  81  0  81  0  81  81  0  0  0  81  81  0  0  0  0  81  81  0  81  81  81  0  0  81  81  0  0  81  0  0  81  0  0  81  0  81  81  0  81  81  81  81  0  0  81  0  0  81  0  0  81  0  0  0  81  81  81  0  0  0  0  0  0  0  81  0  0  81  0  81  0  0  0  81  0  

0  81  0  0  81  0  0  0  0  0  0  81  0  0  81  81  0  0  0  81  81  81  81  81  81  81  81  0  81  0  0  81  81  0  0  0  81  81  0  81  81  0  81  81  0  81  0  81  0  0  81  0  0  0  0  0  81  81  81  0  0  81  81  81  0  0  0  81  81  81  0  81  0  81  0  81  0  81  0  0  

81  0  0  81  0  0  0  81  0  0  81  0  81  0  81  81  0  0  81  0  0  0  81  0  0  81  81  81  81  0  81  0  0  81  81  81  81  0  81  0  0  81  81  81  0  81  81  81  0  81  0  0  0  0  0  0  81  0  0  81  0  81  81  0  81  81  81  81  0  81  81  0  81  0  0  0  0  81  0  0  

81  0  0  0  81  0  0  0  81  0  81  81  81  0  81  0  81  81  81  81  81  0  0  0  0  0  81  81  0  0  0  0  0  0  0  0  0  81  0  81  81  0  81  0  0  0  81  0  0  81  0  0  0  81  81  81  0  81  81  81  81  81  81  0  81  0  0  0  81  81  0  0  81  0  0  0  0  81  81  0  

81  0  81  0  81  81  81  81  81  0  81  0  81  81  0  81  81  81  0  0  0  0  81  0  81  81  81  0  81  0  0  81  81  81  81  81  81  0  81  81  81  81  81  0  0  0  0  0  0  81  81  81  0  0  0  81  0  81  0  81  0  81  81  81  81  81  0  0  0  81  0  81  81  0  0  0  0  81  0  0  

81  81  81  0  81  0  0  81  0  81  81  0  81  0  0  0  81  0  0  0  0  0  0  81  81  0  0  0  0  81  0  81  0  0  0  0  81  0  0  0  0  0  0  0  81  81  81  0  81  0  81  0  0  81  0  81  81  81  81  81  0  0  81  0  81  0  81  81  0  0  0  0  81  81  81  0  81  81  0  81  

81  0  0  81  0  81  0  0  0  0  0  81  81  0  0  0  81  81  81  0  0  0  0  81  0  0  81  0  0  0  81  0  81  81  81  0  0  81  81  81  0  0  0  0  0  0  0  0  81  0  81  81  81  81  0  0  81  0  0  81  0  0  0  81  81  81  0  0  81  0  81  0  81  81  0  81  0  81  0  0  

81  0  81  0  81  0  0  81  0  0  81  0  81  0  0  81  0  81  0  0  81  81  81  81  0  81  0  0  81  81  0  81  81  81  0  81  0  81  0  81  81  0  81  0  0  0  0  0  81  81  81  0  81  0  0  0  0  81  81  81  81  0  0  0  0  0  81  0  81  0  81  0  0  81  81  81  81  81  81  81  

0  81  81  0  0  0  81  81  81  0  81  0  81  0  81  0  81  0  0  0  81  81  0  81  81  81  0  0  81  0  81  81  81  0  0  81  81  0  0  0  0  81  81  81  0  0  0  81  81  81  0  81  81  81  0  81  0  0  81  81  81  81  81  0  81  81  81  81  0  0  81  81  0  81  0  0  81  0  81  81  

0  0  0  0  0  81  0  0  81  0  81  81  81  0  0  0  81  0  81  0  0  0  0  0  0  0  81  0  81  0  81  81  0  81  0  0  81  0  0  81  81  81  0  81  81  0  81  0  0  81  81  81  81  0  81  0  81  0  0  0  0  0  81  81  0  81  81  81  0  0  81  81  0  0  0  0  81  81  81  81  

0  0  81  81  81  0  81  81  0  0  81  81  0  81  81  0  81  0  0  81  81  81  0  0  0  0  81  0  81  0  81  0  0  0  81  81  0  0  0  81  0  81  81  0  0  81  0  0  0  0  0  81  0  0  81  81  0  81  81  81  0  81  81  81  0  81  0  81  81  0  81  0  81  0  0  81  81  81  0  81  

81  81  81  81  81  0  0  81  81  81  81  81  81  0  0  0  0  0  0  0  0  0  0  81  81  0  81  0  81  0  0  81  81  0  81  81  81  0  0  81  81  0  81  0  0  81  0  81  0  0  81  81  0  0  0  81  0  81  0  81  81  81  0  0  81  81  81  0  81  81  81  0  0  0  81  81  81  0  0  0  

0  0  81  0  81  81  81  81  81  81  81  81  81  81  0  81  0  0  81  0  0  0  81  0  0  81  81  0  81  81  0  0  81  81  0  81  81  0  0  0  0  0  0  0  0  0  0  0  81  0  0  0  0  81  81  0  81  81  81  81  0  81  0  0  0  81  0  0  0  0  0  81  81  0  0  81  81  0  0  81  

0  81  81  81  81  81  0  0  0  81  81  0  0  81  81  81  81  0  81  0  0  81  81  0  0  81  0  81  0  0  81  81  0  0  0  0  0  81  81  81  81  81  81  0  81  0  0  81  0  0  0  81  0  0  81  0  81  0  81  81  81  81  0  81  0  0  81  0  81  81  0  0  81  81  81  0  81  81  0  0  

0  0  81  81  0  81  0  81  81  0  81  0  0  0  0  81  0  81  0  81  81  81  0  0  81  0  81  0  81  0  81  0  0  0  0  0  0  81  81  0  0  0  81  81  0  81  81  81  0  0  81  0  81  0  81  81  0  0  81  0  81  0  81  81  81  0  0  81  0  0  81  0  0  81  0  81  0  0  81  0  

0  81  81  81  0  81  0  0  81  0  81  81  81  81  0  81  0  0  0  0  81  81  81  0  0  81  0  81  81  0  81  81  0  81  81  81  0  81  0  81  0  0  81  81  81  0  0  0  81  0  81  81  0  81  81  81  0  0  81  0  0  0  0  0  0  0  0  0  81  81  0  81  0  0  0  81  81  81  0  0  

0  81  0  81  0  81  81  0  0  0  81  81  81  81  81  81  0  0  81  81  0  81  81  81  81  81  0  81  81  0  0  81  0  81  0  81  0  81  0  0  81  81  81  0  0  0  81  81  81  0  81  81  81  81  0  81  0  81  0  0  0  0  0  0  81  0  0  0  0  0  0  81  81  81  81  81  0  81  0  81  

0  81  0  0  0  0  0  81  0  0  81  0  0  0  81  81  0  0  81  0  81  0  81  0  81  0  81  0  81  0  0  0  81  81  81  0  0  81  0  0  81  81  81  81  0  81  81  81  0  0  0  0  81  81  0  81  0  0  81  81  0  0  81  81  81  0  0  81  81  0  0  81  81  81  81  81  0  81  0  81  

0  0  81  81  0  81  81  0  81  81  0  0  0  0  81  81  0  0  0  81  81  81  0  81  0  81  81  81  81  0  0  81  81  0  81  81  0  81  81  81  81  81  81  81  0  81  0  0  0  81  0  0  0  0  0  81  81  81  81  0  81  81  81  81  0  0  81  81  81  81  0  81  0  81  81  81  81  81  81  81  

0  81  0  81  81  0  0  81  81  0  81  81  81  0  0  81  0  81  0  0  81  81  81  0  81  81  81  0  0  0  0  0  81  81  0  0  0  0  81  81  0  81  81  81  81  0  0  81  0  81  0  0  81  81  0  0  0  81  0  81  81  81  0  0  0  0  0  81  0  0  81  81  0  81  0  81  0  81  81  81  

81  81  81  0  0  0  81  81  0  81  0  0  0  0  0  0  81  0  0  81  81  81  0  0  81  0  0  0  0  81  0  0  0  81  0  0  0  81  0  81  0  0  0  81  81  0  0  0  0  0  0  0  81  81  0  0  81  81  0  0  81  81  81  0  81  0  81  81  81  0  0  0  81  81  0  81  0  0  81  81  

0  81  0  81  81  81  81  0  81  81  81  0  81  0  0  81  81  0  81  81  0  0  81  0  81  81  81  0  0  81  0  0  0  0  81  81  0  0  81  0  0  81  81  0  0  81  81  81  81  81  0  0  0  0  0  81  0  0  81  81  81  0  81  81  81  81  81  81  0  81  81  0  0  81  81  0  81  0  0  0  

81  0  0  0  81  0  0  0  0  0  0  0  81  0  81  81  81  0  0  0  0  0  81  0  81  0  81  81  0  81  0  0  0  81  0  0  0  0  81  0  81  81  0  0  0  81  81  0  81  0  81  0  81  81  0  0  0  0  81  0  81  81  0  0  81  81  81  81  81  81  0  0  0  0  0  81  81  0  81  0  

0  81  81  81  0  81  81  0  81  0  0  81  81  81  81  0  81  81  81  0  81  81  81  81  0  81  81  0  0  0  0  0  81  0  0  81  0  81  81  0  81  81  0  81  0  81  0  81  81  0  0  0  81  81  0  81  0  0  81  81  81  81  0  0  81  0  0  81  81  0  81  81  0  81  81  0  81  0  0  0  

81  0  81  0  0  0  81  0  0  0  81  0  81  0  0  81  81  81  81  81  0  81  0  81  0  0  0  0  0  81  81  81  81  0  0  0  81  0  0  81  81  0  0  0  0  81  81  81  81  81  81  0  81  81  0  0  81  81  0  81  81  0  81  0  0  0  81  0  81  0  0  81  0  81  0  0  0  0  81  81  

81  0  0  81  81  81  0  0  81  0  0  0  0  0  81  81  0  0  0  81  0  0  81  0  81  0  81  81  81  0  0  81  81  81  0  0  0  0  0  0  0  0  81  81  0  81  0  0  81  81  0  0  0  0  81  81  0  0  0  81  0  81  0  0  81  81  0  81  0  81  0  81  81  0  81  0  0  0  0  0  

81  81  81  0  81  81  81  81  0  0  81  0  0  0  81  0  0  0  0  81  0  0  81  81  0  81  0  0  81  81  81  81  0  81  0  81  0  0  81  81  81  0  0  0  0  0  81  0  81  0  81  0  0  81  81  0  81  0  81  81  81  0  81  81  81  81  81  81  81  0  81  81  0  81  0  81  81  0  0  0  

0  81  81  81  0  0  0  0  0  81  0  0  0  81  81  81  0  81  81  81  0  81  0  0  0  0  0  0  81  0  81  0  81  81  81  81  0  81  0  81  81  0  0  0  0  0  0  0  0  0  0  81  0  0  81  0  0  0  0  0  0  0  0  81  0  0  0  81  0  81  0  0  81  81  0  0  0  0  81  0  

0  81  81  0  0  0  0  81  0  81  81  0  81  81  81  0  81  81  0  0  81  0  0  81  81  0  0  0  0  0  81  81  81  81  0  0  0  0  81  0  81  81  0  81  81  0  81  81  81  0  0  0  81  81  81  81  0  81  0  81  81  81  81  81  0  0  81  81  0  81  81  0  0  0  81  81  81  81  0  81  

81  0  81  0  0  81  0  81  0  81  0  81  0  0  81  81  81  81  81  81  0  0  81  81  0  0  0  81  0  81  81  0  81  0  0  0  81  0  0  81  81  81  0  81  81  0  81  81  81  0  81  0  81  81  81  0  81  81  81  81  0  81  0  0  81  81  0  0  0  81  81  81  0  81  0  0  81  0  81  0  

81  0  81  81  81  0  0  0  0  81  81  0  0  81  0  81  0  0  0  81  0  81  0  81  0  0  0  81  0  0  0  0  0  81  81  0  81  81  81  81  0  0  0  0  0  0  0  0  0  81  81  81  81  81  81  0  0  0  0  0  81  81  81  0  81  0  81  81  0  0  81  0  0  0  81  0  0  0  81  81  

0  0  0  81  0  81  81  0  0  81  81  0  0  81  0  0  81  0  0  0  0  0  0  0  81  0  0  81  81  81  0  0  81  0  81  81  0  0  81  81  81  81  81  0  0  81  0  81  0  81  0  0  81  0  0  81  0  0  0  81  0  0  0  81  0  81  0  0  81  81  0  0  81  0  81  81  0  81  0  0  

0  81  81  0  0  81  81  81  81  81  0  0  0  81  0  81  0  0  81  81  81  81  81  81  0  81  81  0  0  81  81  0  0  81  0  0  81  81  0  0  0  0  81  0  81  0  0  0  81  0  81  0  0  81  0  0  81  0  0  81  81  81  81  0  0  0  81  0  81  81  81  81  0  81  81  81  0  81  0  81  

81  0  0  0  0  0  81  0  0  0  81  0  81  0  0  81  0  0  81  81  0  81  81  81  0  81  0  81  81  81  0  81  0  0  81  81  81  0  0  0  81  0  81  81  81  0  0  0  81  0  0  0  81  81  0  0  0  81  0  81  0  81  81  81  81  0  81  0  0  81  81  0  0  81  0  0  0  0  0  81  

0  0  0  0  0  0  0  0  81  81  81  81  0  81  0  0  0  81  0  81  81  81  81  0  0  81  0  81  0  81  0  81  81  0  81  0  81  81  81  81  0  81  81  0  0  81  81  81  0  0  81  0  0  81  0  0  0  0  81  0  81  81  81  81  81  81  0  0  81  81  81  81  0  81  0  81  81  0  0  0  

81  0  0  81  81  0  0  0  0  81  0  0  81  0  81  81  81  81  81  0  81  0  0  81  81  0  81  81  81  81  81  81  81  0  81  81  81  81  0  0  0  81  0  81  0  81  0  81  81  81  81  0  81  81  0  81  81  81  0  81  81  0  0  0  0  81  81  0  0  81  81  0  81  81  81  81  81  0  81  81  

0  81  0  81  81  0  81  0  0  0  81  81  0  0  81  81  81  81  81  81  0  0  81  0  81  0  0  81  0  0  0  81  81  0  0  81  0  81  81  0  0  0  81  81  81  81  81  81  81  0  81  0  81  0  81  0  81  0  81  81  81  0  81  81  81  81  0  81  0  0  81  0  0  81  0  0  81  81  81  0  

0  0  0  0  81  0  81  81  0  0  0  81  0  81  0  0  81  81  0  0  0  0  0  81  81  81  81  81  81  0  0  0  81  0  81  81  81  81  0  0  0  0  81  81  81  0  81  81  0  81  0  0  81  81  81  0  81  81  81  0  0  81  81  0  81  81  81  81  0  81  81  81  81  81  0  81  81  81  81  0  

0  81  81  0  81  81  0  81  81  0  0  0  81  0  81  0  81  0  81  0  0  81  81  81  0  81  81  81  81  81  0  0  81  81  81  0  0  0  81  0  0  81  81  0  81  81  0  0  81  0  81  0  81  0  81  0  81  81  81  0  81  81  81  81  81  0  81  0  81  81  81  0  81  81  81  0  0  0  0  0  

81  81  81  0  81  81  81  0  0  0  0  81  81  0  81  81  81  0  81  0  81  81  0  81  0  81  0  0  81  0  81  0  0  81  81  0  0  81  81  0  0  81  81  0  0  81  0  0  0  0  81  81  81  0  0  81  0  81  81  0  81  0  81  81  0  81  0  81  0  0  0  81  0  0  0  0  0  81  0  0  

81  0  0  0  0  0  81  81  81  0  81  0  81  81  0  0  0  0  0  0  81  81  0  81  0  0  81  81  81  81  81  0  81  0  0  81  0  0  81  0  81  81  0  0  81  81  81  81  0  81  81  0  0  81  81  0  0  81  81  0  81  81  81  0  81  0  0  81  0  81  81  0  0  81  81  0  0  0  0  0  

81  0  81  81  81  0  0  0  0  0  0  0  0  81  81  81  0  81  0  81  81  81  0  81  0  0  81  0  81  0  81  0  81  81  81  81  81  0  0  0  0  0  0  0  0  81  81  0  0  81  81  0  0  81  0  81  0  0  81  81  81  81  0  81  0  81  81  81  81  81  0  81  81  81  0  81  0  0  0  0  

81  81  81  81  81  0  0  81  81  0  81  81  81  81  0  0  0  81  81  81  81  81  0  0  0  0  81  0  0  81  0  81  81  81  0  81  0  81  0  0  0  0  81  0  81  81  81  0  81  0  81  0  81  0  81  0  81  81  0  81  0  81  81  0  0  81  81  81  81  0  0  81  0  0  81  81  81  81  81  0  

81  81  0  0  0  0  0  81  0  81  0  81  81  0  0  81  0  0  81  0  0  81  81  81  0  81  81  0  0  81  0  0  81  81  81  0  0  0  81  0  0  81  81  81  81  81  81  81  0  81  81  81  81  0  81  0  0  0  0  0  81  81  0  81  81  81  81  81  0  81  81  0  81  81  81  0  81  0  0  81  

81  0  0  0  81  81  81  0  81  81  0  0  81  0  81  0  0  0  0  0  81  81  0  0  0  81  0  81  0  0  81  81  0  0  81  81  0  81  0  81  0  81  81  0  81  0  81  81  81  0  81  0  0  0  0  81  81  0  81  0  0  0  81  0  0  81  81  0  81  0  0  0  0  0  81  0  81  0  81  0  

81  0  0  0  0  81  81  0  81  81  0  81  81  0  81  81  0  81  81  81  81  81  0  81  81  81  81  81  81  0  0  0  0  0  0  81  0  81  0  81  0  0  81  0  0  81  81  0  0  81  0  81  81  81  0  81  81  81  81  81  0  81  81  0  81  81  0  81  0  81  0  0  81  0  81  81  0  81  0  81  

81  0  0  0  0  0  81  81  81  81  0  0  0  81  0  0  81  0  81  81  81  0  81  0  0  0  81  0  0  0  81  81  81  81  81  81  0  0  81  0  0  0  0  81  0  81  0  81  0  0  81  0  81  81  81  0  81  81  81  81  81  81  81  0  81  0  0  81  0  0  81  0  0  0  0  81  0  81  81  81  

0  81  81  0  0  0  0  0  81  0  81  0  81  0  0  81  81  0  0  81  0  0  0  0  0  81  0  0  81  0  0  0  81  81  0  0  81  0  0  81  81  81  81  81  0  0  0  81  81  81  81  0  0  81  0  0  81  0  81  0  0  81  0  81  0  81  81  0  0  0  0  81  81  81  81  0  81  0  0  81  

0  0  0  81  81  81  81  81  81  0  81  0  0  0  81  0  81  81  0  81  0  0  81  81  81  0  81  81  81  81  81  0  0  0  81  0  81  81  0  0  81  81  0  0  81  0  0  0  0  81  0  81  0  0  0  81  0  0  0  81  0  81  81  0  0  81  0  81  0  81  0  81  81  81  81  81  81  81  81  81  

0  0  81  0  0  81  81  81  0  81  81  81  0  0  0  0  0  81  0  81  0  0  81  0  0  81  0  0  0  81  81  81  81  0  0  0  0  81  81  0  81  81  81  81  81  81  0  81  81  0  81  81  0  81  0  0  81  81  81  81  81  81  81  0  81  81  0  81  0  0  0  81  81  81  81  0  81  0  0  81  

0  81  81  81  0  81  0  0  81  81  81  0  81  81  0  81  0  81  0  0  81  0  0  0  81  0  0  0  0  81  0  81  0  0  0  81  0  81  0  0  81  81  81  0  0  81  0  81  0  81  0  0  81  0  81  81  81  0  0  81  0  0  81  0  81  0  81  81  81  81  0  81  81  81  81  0  81  81  0  81  

0  81  0  0  0  0  0  0  0  0  81  81  81  0  0  81  0  81  81  81  0  81  81  81  0  81  0  0  0  0  81  81  0  0  81  81  81  0  81  81  81  81  81  81  81  0  81  0  0  0  81  0  81  0  0  81  81  0  81  81  0  81  0  0  0  81  81  0  0  81  81  0  81  0  0  81  0  0  81  0  

81  0  0  0  81  0  0  81  0  0  81  0  0  81  0  0  0  81  0  81  0  0  0  0  0  0  0  0  0  81  0  81  81  81  81  81  81  81  0  81  0  0  81  0  0  81  81  81  0  0  81  0  81  81  0  0  0  0  81  81  81  81  0  0  0  0  81  81  81  0  0  81  81  81  81  0  81  0  81  81  

81  0  0  0  81  0  0  81  81  0  81  81  0  81  81  0  81  0  0  0  0  81  0  81  0  81  81  81  81  81  81  81  0  81  81  0  0  81  0  81  81  81  81  81  0  0  0  0  0  0  0  0  81  0  0  81  81  0  0  0  81  81  0  81  0  0  81  0  0  81  81  0  81  0  81  0  0  81  81  0  

81  81  81  0  81  81  0  0  81  0  0  0  0  0  0  81  81  0  0  81  0  0  81  0  81  0  0  81  0  0  0  81  81  81  0  0  0  0  81  0  0  0  81  81  81  0  81  0  81  0  0  81  0  81  81  0  0  0  0  81  81  81  0  0  0  0  81  0  81  0  81  0  81  0  0  81  81  81  81  81  

81  0  0  81  81  0  0  81  81  0  81  0  0  0  81  0  81  0  0  0  81  0  81  81  0  0  0  0  0  81  0  81  81  81  81  0  81  0  0  0  81  81  81  81  81  0  0  0  81  0  0  0  81  0  81  0  81  81  0  81  0  0  0  0  0  0  0  81  0  81  81  81  81  81  81  0  81  0  81  81  

UnPairedArc=
1 2 
1 4 
1 5 
1 6 
1 7 
1 8 
1 9 
1 10 
1 12 
1 16 
1 19 
1 20 
1 21 
1 22 
1 24 
1 27 
1 28 
1 29 
1 30 
1 31 
1 32 
1 36 
1 45 
1 47 
1 49 
1 50 
1 51 
1 54 
1 55 
1 58 
1 60 
1 64 
1 65 
1 66 
1 67 
1 68 
1 69 
1 70 
1 71 
1 77 
1 78 
1 79 
1 80 
2 3 
2 4 
2 7 
2 8 
2 10 
2 11 
2 13 
2 14 
2 15 
2 17 
2 18 
2 19 
2 21 
2 22 
2 23 
2 26 
2 30 
2 33 
2 36 
2 38 
2 40 
2 41 
2 42 
2 44 
2 45 
2 46 
2 48 
2 51 
2 52 
2 53 
2 57 
2 61 
2 63 
2 64 
2 67 
2 68 
2 72 
2 75 
2 76 
2 79 
3 7 
3 8 
3 10 
3 11 
3 12 
3 14 
3 16 
3 20 
3 21 
3 23 
3 25 
3 29 
3 30 
3 32 
3 33 
3 35 
3 36 
3 37 
3 38 
3 39 
3 40 
3 43 
3 45 
3 48 
3 49 
3 51 
3 52 
3 53 
3 54 
3 55 
3 57 
3 63 
3 64 
3 66 
3 67 
3 72 
3 74 
3 75 
3 79 
4 5 
4 6 
4 10 
4 13 
4 15 
4 17 
4 19 
4 23 
4 24 
4 27 
4 31 
4 35 
4 36 
4 38 
4 39 
4 40 
4 41 
4 43 
4 44 
4 46 
4 48 
4 50 
4 52 
4 55 
4 56 
4 60 
4 61 
4 66 
4 67 
4 73 
4 75 
4 80 
5 8 
5 9 
5 10 
5 11 
5 13 
5 16 
5 17 
5 18 
5 19 
5 20 
5 22 
5 24 
5 26 
5 28 
5 29 
5 30 
5 32 
5 35 
5 36 
5 37 
5 38 
5 44 
5 46 
5 47 
5 50 
5 51 
5 55 
5 60 
5 61 
5 62 
5 63 
5 64 
5 66 
5 67 
5 69 
5 73 
5 77 
5 78 
5 79 
5 80 
6 7 
6 10 
6 12 
6 13 
6 14 
6 20 
6 23 
6 25 
6 29 
6 31 
6 34 
6 37 
6 38 
6 39 
6 40 
6 41 
6 43 
6 46 
6 48 
6 50 
6 51 
6 54 
6 56 
6 57 
6 63 
6 64 
6 69 
6 70 
6 73 
6 74 
6 75 
6 79 
7 8 
7 11 
7 12 
7 13 
7 14 
7 15 
7 19 
7 21 
7 29 
7 33 
7 35 
7 37 
7 41 
7 43 
7 45 
7 46 
7 48 
7 49 
7 51 
7 56 
7 57 
7 58 
7 61 
7 62 
7 64 
7 65 
7 69 
7 70 
7 71 
7 73 
7 74 
8 9 
8 11 
8 15 
8 16 
8 17 
8 19 
8 24 
8 25 
8 27 
8 29 
8 30 
8 32 
8 33 
8 35 
8 36 
8 37 
8 39 
8 42 
8 44 
8 45 
8 51 
8 53 
8 54 
8 57 
8 62 
8 63 
8 65 
8 67 
8 68 
8 71 
8 73 
8 74 
8 77 
8 78 
8 80 
9 11 
9 14 
9 15 
9 20 
9 21 
9 23 
9 24 
9 28 
9 29 
9 33 
9 34 
9 36 
9 37 
9 39 
9 40 
9 43 
9 44 
9 46 
9 48 
9 50 
9 57 
9 59 
9 63 
9 65 
9 67 
9 69 
9 70 
9 71 
9 72 
9 73 
9 75 
9 78 
9 79 
9 80 
10 11 
10 12 
10 14 
10 18 
10 19 
10 20 
10 24 
10 25 
10 30 
10 36 
10 37 
10 38 
10 43 
10 45 
10 46 
10 52 
10 53 
10 54 
10 55 
10 56 
10 57 
10 59 
10 60 
10 68 
10 69 
10 70 
10 71 
10 74 
10 75 
11 13 
11 14 
11 17 
11 18 
11 19 
11 23 
11 25 
11 27 
11 28 
11 29 
11 30 
11 32 
11 33 
11 34 
11 35 
11 36 
11 37 
11 38 
11 39 
11 40 
11 41 
11 42 
11 44 
11 46 
11 49 
11 51 
11 53 
11 55 
11 56 
11 58 
11 59 
11 61 
11 65 
11 67 
11 72 
11 73 
11 74 
11 75 
11 76 
11 77 
11 78 
11 80 
12 13 
12 15 
12 21 
12 22 
12 24 
12 26 
12 28 
12 31 
12 34 
12 35 
12 36 
12 37 
12 40 
12 41 
12 44 
12 48 
12 54 
12 59 
12 61 
12 62 
12 64 
12 67 
12 68 
12 70 
12 74 
12 76 
12 78 
13 14 
13 17 
13 21 
13 23 
13 24 
13 27 
13 28 
13 29 
13 30 
13 31 
13 32 
13 33 
13 34 
13 36 
13 37 
13 40 
13 41 
13 44 
13 46 
13 47 
13 48 
13 49 
13 53 
13 58 
13 60 
13 63 
13 64 
13 65 
13 67 
13 68 
13 69 
13 70 
13 72 
13 75 
13 76 
14 18 
14 19 
14 21 
14 22 
14 23 
14 24 
14 29 
14 35 
14 37 
14 38 
14 40 
14 41 
14 48 
14 52 
14 53 
14 55 
14 56 
14 57 
14 59 
14 62 
14 65 
14 66 
14 67 
14 71 
14 75 
14 77 
14 78 
15 16 
15 19 
15 20 
15 21 
15 22 
15 23 
15 25 
15 26 
15 27 
15 28 
15 33 
15 35 
15 38 
15 41 
15 42 
15 43 
15 47 
15 48 
15 50 
15 51 
15 52 
15 53 
15 54 
15 60 
15 61 
15 63 
15 64 
15 66 
15 69 
15 70 
15 73 
15 78 
15 80 
16 18 
16 21 
16 22 
16 23 
16 25 
16 26 
16 27 
16 29 
16 32 
16 37 
16 38 
16 39 
16 40 
16 41 
16 42 
16 43 
16 44 
16 46 
16 47 
16 49 
16 50 
16 52 
16 54 
16 55 
16 57 
16 58 
16 60 
16 61 
16 64 
16 66 
16 68 
16 70 
16 72 
16 75 
16 76 
16 79 
17 20 
17 23 
17 24 
17 28 
17 29 
17 30 
17 31 
17 33 
17 34 
17 35 
17 38 
17 45 
17 46 
17 47 
17 48 
17 49 
17 53 
17 54 
17 56 
17 60 
17 61 
17 62 
17 63 
17 64 
17 71 
17 72 
17 73 
17 78 
17 79 
17 80 
18 28 
18 29 
18 31 
18 32 
18 39 
18 44 
18 48 
18 49 
18 52 
18 53 
18 54 
18 59 
18 60 
18 61 
18 62 
18 66 
18 67 
18 70 
18 73 
18 74 
18 75 
18 76 
18 77 
19 20 
19 22 
19 23 
19 24 
19 27 
19 28 
19 31 
19 34 
19 37 
19 38 
19 41 
19 42 
19 46 
19 48 
19 49 
19 52 
19 54 
19 57 
19 58 
19 60 
19 61 
19 63 
19 64 
19 67 
19 68 
19 70 
19 71 
19 76 
20 21 
20 22 
20 23 
20 24 
20 26 
20 28 
20 35 
20 39 
20 41 
20 43 
20 45 
20 46 
20 49 
20 50 
20 51 
20 52 
20 54 
20 55 
20 57 
20 58 
20 59 
20 61 
20 66 
20 67 
20 70 
20 71 
20 72 
20 73 
20 74 
20 76 
20 77 
20 79 
21 24 
21 25 
21 26 
21 28 
21 32 
21 33 
21 35 
21 39 
21 40 
21 42 
21 43 
21 44 
21 45 
21 48 
21 53 
21 57 
21 59 
21 60 
21 64 
21 65 
21 66 
21 67 
21 69 
21 70 
21 71 
21 75 
21 80 
22 24 
22 25 
22 26 
22 32 
22 33 
22 35 
22 38 
22 39 
22 40 
22 41 
22 43 
22 44 
22 45 
22 48 
22 49 
22 52 
22 55 
22 57 
22 58 
22 59 
22 63 
22 64 
22 65 
22 66 
22 67 
22 68 
22 69 
22 70 
22 76 
22 78 
23 26 
23 27 
23 29 
23 32 
23 37 
23 38 
23 40 
23 41 
23 42 
23 44 
23 46 
23 47 
23 48 
23 50 
23 51 
23 54 
23 57 
23 58 
23 59 
23 61 
23 63 
23 68 
23 71 
23 73 
23 74 
23 76 
23 79 
23 80 
24 25 
24 26 
24 30 
24 31 
24 32 
24 33 
24 36 
24 41 
24 43 
24 48 
24 49 
24 51 
24 53 
24 54 
24 55 
24 57 
24 58 
24 60 
24 62 
24 63 
24 64 
24 65 
24 66 
24 68 
24 70 
24 73 
24 76 
24 78 
24 80 
25 26 
25 29 
25 30 
25 33 
25 36 
25 39 
25 41 
25 42 
25 44 
25 45 
25 46 
25 47 
25 50 
25 53 
25 56 
25 60 
25 61 
25 62 
25 70 
25 73 
25 75 
25 79 
26 27 
26 29 
26 32 
26 33 
26 37 
26 38 
26 40 
26 41 
26 43 
26 44 
26 46 
26 48 
26 51 
26 57 
26 58 
26 59 
26 62 
26 63 
26 64 
26 68 
26 69 
26 70 
26 72 
26 74 
26 76 
26 78 
27 28 
27 29 
27 31 
27 34 
27 35 
27 36 
27 37 
27 39 
27 42 
27 43 
27 44 
27 46 
27 47 
27 48 
27 50 
27 57 
27 60 
27 62 
27 63 
27 65 
27 66 
27 67 
27 68 
27 70 
27 71 
27 73 
27 78 
28 38 
28 40 
28 41 
28 43 
28 47 
28 50 
28 54 
28 55 
28 56 
28 58 
28 59 
28 60 
28 61 
28 62 
28 63 
28 65 
28 69 
28 70 
28 73 
28 78 
28 79 
29 32 
29 33 
29 34 
29 35 
29 36 
29 37 
29 39 
29 40 
29 41 
29 42 
29 43 
29 50 
29 51 
29 52 
29 56 
29 58 
29 60 
29 62 
29 63 
29 64 
29 65 
29 66 
29 70 
29 72 
29 73 
29 78 
30 32 
30 37 
30 45 
30 46 
30 47 
30 49 
30 51 
30 54 
30 56 
30 57 
30 58 
30 59 
30 60 
30 63 
30 65 
30 67 
30 68 
30 73 
30 74 
30 75 
30 77 
30 78 
30 80 
31 33 
31 34 
31 35 
31 38 
31 39 
31 40 
31 49 
31 51 
31 52 
31 53 
31 54 
31 57 
31 60 
31 64 
31 65 
31 66 
31 69 
31 71 
31 73 
31 74 
31 76 
31 78 
32 33 
32 34 
32 36 
32 38 
32 40 
32 41 
32 43 
32 49 
32 50 
32 51 
32 53 
32 58 
32 59 
32 60 
32 61 
32 67 
32 69 
32 71 
32 74 
32 75 
32 76 
32 77 
32 78 
32 79 
32 80 
33 36 
33 37 
33 42 
33 43 
33 44 
33 48 
33 49 
33 50 
33 52 
33 53 
33 54 
33 56 
33 59 
33 60 
33 61 
33 62 
33 63 
33 65 
33 66 
33 67 
33 68 
33 71 
33 72 
33 74 
33 77 
33 79 
33 80 
34 37 
34 40 
34 41 
34 42 
34 44 
34 45 
34 47 
34 50 
34 51 
34 52 
34 53 
34 55 
34 57 
34 63 
34 64 
34 66 
34 67 
34 68 
34 71 
34 72 
34 77 
34 78 
34 79 
34 80 
35 36 
35 40 
35 42 
35 43 
35 46 
35 52 
35 55 
35 56 
35 58 
35 59 
35 60 
35 62 
35 63 
35 64 
35 66 
35 68 
35 69 
35 71 
35 73 
35 76 
35 77 
35 78 
35 80 
36 37 
36 40 
36 41 
36 43 
36 46 
36 48 
36 51 
36 52 
36 56 
36 58 
36 60 
36 61 
36 62 
36 65 
36 66 
36 67 
36 69 
36 70 
36 71 
36 75 
36 76 
36 77 
37 49 
37 54 
37 55 
37 57 
37 58 
37 59 
37 60 
37 62 
37 66 
37 72 
37 73 
37 76 
37 77 
37 80 
38 39 
38 40 
38 41 
38 42 
38 43 
38 45 
38 48 
38 52 
38 55 
38 57 
38 59 
38 60 
38 61 
38 62 
38 64 
38 67 
38 69 
38 70 
38 73 
38 74 
38 75 
38 77 
38 78 
39 43 
39 44 
39 46 
39 47 
39 48 
39 51 
39 53 
39 55 
39 56 
39 59 
39 61 
39 63 
39 64 
39 65 
39 68 
39 71 
39 74 
39 76 
39 79 
40 43 
40 44 
40 45 
40 49 
40 51 
40 52 
40 54 
40 55 
40 56 
40 59 
40 69 
40 70 
40 72 
40 76 
40 77 
40 78 
41 42 
41 43 
41 47 
41 48 
41 49 
41 51 
41 52 
41 53 
41 54 
41 56 
41 58 
41 65 
41 72 
41 73 
41 74 
41 75 
41 76 
41 78 
41 80 
42 43 
42 44 
42 46 
42 47 
42 48 
42 53 
42 54 
42 56 
42 59 
42 60 
42 63 
42 64 
42 65 
42 68 
42 69 
42 72 
42 73 
42 74 
42 75 
42 76 
42 78 
42 80 
43 44 
43 46 
43 50 
43 56 
43 57 
43 58 
43 59 
43 61 
43 62 
43 63 
43 64 
43 67 
43 68 
43 69 
43 70 
43 72 
43 74 
43 75 
43 76 
43 77 
43 78 
43 79 
43 80 
44 45 
44 48 
44 50 
44 53 
44 54 
44 58 
44 60 
44 61 
44 62 
44 68 
44 71 
44 72 
44 74 
44 76 
44 78 
44 79 
44 80 
45 53 
45 54 
45 57 
45 58 
45 61 
45 62 
45 63 
45 65 
45 67 
45 68 
45 69 
45 73 
45 74 
45 76 
45 79 
45 80 
46 47 
46 48 
46 49 
46 50 
46 56 
46 59 
46 60 
46 61 
46 63 
46 64 
46 65 
46 66 
46 67 
46 68 
46 70 
46 71 
46 74 
46 75 
46 77 
47 49 
47 51 
47 53 
47 54 
47 59 
47 61 
47 62 
47 65 
47 66 
47 67 
47 68 
47 69 
47 70 
47 76 
47 77 
47 79 
48 49 
48 53 
48 54 
48 56 
48 59 
48 60 
48 61 
48 62 
48 65 
48 68 
48 69 
48 71 
48 72 
48 74 
48 75 
48 77 
49 50 
49 51 
49 53 
49 54 
49 57 
49 58 
49 60 
49 61 
49 63 
49 67 
49 69 
49 72 
49 74 
49 79 
49 80 
50 55 
50 56 
50 60 
50 62 
50 65 
50 66 
50 68 
50 70 
50 72 
50 73 
50 75 
51 54 
51 55 
51 57 
51 59 
51 60 
51 61 
51 63 
51 64 
51 65 
51 66 
51 67 
51 68 
51 69 
51 71 
51 72 
51 74 
51 76 
51 77 
52 55 
52 64 
52 68 
52 70 
52 73 
52 74 
52 79 
53 54 
53 55 
53 56 
53 58 
53 60 
53 61 
53 62 
53 63 
53 64 
53 67 
53 68 
53 70 
53 71 
53 75 
53 76 
53 77 
53 78 
53 80 
54 55 
54 57 
54 58 
54 59 
54 60 
54 62 
54 65 
54 66 
54 70 
54 71 
54 72 
54 74 
54 77 
54 79 
55 61 
55 62 
55 63 
55 65 
55 67 
55 68 
55 71 
55 75 
55 79 
55 80 
56 60 
56 64 
56 66 
56 69 
56 70 
56 73 
56 75 
56 76 
56 78 
57 60 
57 61 
57 62 
57 63 
57 67 
57 69 
57 70 
57 71 
57 72 
57 74 
57 75 
57 76 
57 78 
57 80 
58 60 
58 62 
58 63 
58 64 
58 65 
58 67 
58 70 
58 71 
58 74 
58 80 
59 61 
59 62 
59 63 
59 64 
59 65 
59 66 
59 69 
59 70 
59 71 
59 72 
59 74 
59 76 
59 77 
60 61 
60 66 
60 67 
60 70 
60 71 
60 73 
60 74 
60 75 
60 76 
60 77 
60 79 
60 80 
61 63 
61 64 
61 65 
61 66 
61 68 
61 71 
61 74 
61 77 
61 78 
61 79 
62 63 
62 65 
62 66 
62 67 
62 68 
62 70 
62 71 
62 72 
62 73 
62 74 
62 76 
62 77 
62 78 
62 79 
63 64 
63 65 
63 67 
63 69 
63 70 
63 71 
63 73 
63 74 
63 75 
64 66 
64 68 
64 72 
64 78 
65 68 
65 70 
65 71 
65 74 
65 75 
66 67 
66 68 
66 69 
66 70 
66 72 
66 73 
66 74 
66 76 
67 68 
67 69 
67 72 
67 75 
67 76 
67 77 
67 78 
67 79 
68 70 
68 71 
68 73 
68 74 
68 75 
68 77 
68 80 
69 75 
69 77 
69 79 
70 73 
70 75 
70 76 
70 78 
70 80 
71 76 
71 78 
71 79 
71 80 
72 73 
72 74 
72 75 
72 77 
72 80 
73 74 
73 75 
73 76 
73 77 
73 78 
73 79 
73 80 
74 75 
74 77 
74 80 
75 77 
75 78 
75 80 
76 79 
77 79 
77 80 
78 79 
79 80 
