nNodes=80;
 nPairs=1849;
Cost=

81  81  0  81  81  0  0  0  81  81  0  0  81  81  81  0  0  0  81  81  81  0  0  81  0  81  81  81  0  0  81  81  81  81  0  0  81  0  81  81  0  81  0  0  81  81  81  0  0  81  81  0  0  0  81  0  81  0  81  0  81  81  81  81  81  0  0  81  0  81  0  0  0  81  81  0  0  0  0  81  

81  81  0  81  0  0  81  0  81  81  81  81  81  81  81  81  81  81  0  0  0  81  0  0  0  0  81  0  81  81  81  81  81  81  0  0  81  0  81  81  0  81  0  81  81  0  0  0  0  0  0  81  81  81  81  0  0  0  81  0  81  81  81  0  81  0  81  81  0  81  81  81  81  81  0  0  0  81  81  81  

0  0  81  81  81  81  0  81  81  81  81  81  0  81  81  0  81  81  81  0  0  81  81  81  81  81  81  81  0  0  0  81  81  0  0  81  0  0  81  81  81  81  81  81  0  81  0  81  0  81  0  0  81  0  0  81  81  81  0  81  0  0  0  0  0  0  81  0  81  81  0  81  0  0  0  81  81  81  81  81  

81  81  81  81  81  81  0  81  81  0  81  0  81  81  81  81  81  0  0  81  0  0  81  0  81  0  81  0  81  0  81  0  0  0  0  81  81  81  0  81  81  81  81  81  81  81  81  81  81  0  81  0  81  81  81  81  81  0  81  0  81  81  81  0  0  0  81  0  0  0  81  81  81  81  81  81  0  81  81  0  

81  0  81  81  81  0  81  81  81  81  81  81  0  81  0  0  0  81  81  0  0  0  81  81  0  81  0  81  81  81  81  0  0  0  81  81  81  0  81  81  0  0  81  0  81  81  0  81  0  81  81  0  0  0  81  0  81  0  0  81  81  81  0  81  0  81  81  81  81  0  81  81  81  81  81  0  81  81  81  0  

0  0  81  81  0  81  0  0  81  81  0  0  81  81  81  81  0  81  81  81  81  0  0  0  81  0  0  81  0  0  81  81  0  0  0  0  0  81  81  0  81  81  81  0  81  0  81  81  81  0  0  0  81  0  0  0  0  81  81  81  81  0  0  81  81  0  0  81  81  81  81  81  0  81  0  0  81  0  0  0  

0  81  0  0  81  0  81  0  0  81  0  0  81  81  0  0  0  0  0  0  81  81  0  0  81  0  81  81  0  81  81  81  81  81  81  81  81  0  81  0  0  0  0  81  0  81  81  0  81  0  81  0  81  0  81  81  81  81  0  81  81  0  0  0  81  0  0  0  0  0  81  81  81  81  81  81  81  81  81  81  

0  0  81  81  81  0  0  81  0  81  0  0  0  81  81  81  0  0  81  0  0  81  81  81  81  0  81  81  0  81  0  0  81  81  81  81  0  81  81  81  81  0  81  81  0  0  0  0  81  0  81  81  81  0  81  81  81  0  0  81  0  81  81  81  0  0  81  0  81  81  81  81  81  81  81  0  81  0  81  0  

81  81  81  81  81  81  0  0  81  0  81  81  0  0  81  0  81  0  81  81  0  81  0  0  0  81  81  81  0  0  0  81  81  81  0  0  81  0  0  0  81  0  0  81  0  81  81  81  81  81  0  81  81  81  0  0  81  81  81  81  81  0  81  81  81  81  81  81  81  81  81  81  0  0  81  0  81  81  0  81  

81  81  81  0  81  81  81  81  0  81  0  81  81  81  81  81  0  0  0  81  81  0  81  81  81  81  0  81  0  0  81  81  81  0  81  81  81  0  81  81  0  81  0  81  81  0  0  0  81  0  0  0  0  81  0  0  81  81  0  0  0  0  0  81  81  0  81  0  81  81  0  0  81  81  0  81  81  81  81  81  

0  81  81  81  81  0  0  0  81  0  81  81  81  81  81  0  0  81  81  0  0  0  0  81  81  81  81  81  81  81  81  81  0  0  81  81  81  81  81  81  81  81  0  0  81  81  0  81  81  81  0  81  0  81  81  81  81  0  0  0  0  81  81  81  81  81  0  81  81  81  81  81  0  81  0  81  0  81  0  0  

0  81  81  0  81  0  0  0  81  81  81  81  81  81  0  0  0  0  81  81  0  0  0  81  81  81  0  0  81  0  0  81  0  81  81  81  0  81  81  81  81  0  81  81  81  0  81  81  0  0  0  0  81  81  0  81  0  81  81  81  0  81  0  81  81  0  0  0  0  81  81  81  81  81  0  81  0  81  81  81  

81  81  0  81  0  81  81  0  0  81  81  81  81  0  81  0  81  0  81  81  81  0  81  81  81  81  0  81  81  81  0  81  81  81  81  81  0  0  81  81  81  81  0  81  81  0  81  81  81  0  0  0  0  81  81  81  81  0  81  81  81  81  81  81  81  0  81  81  81  81  81  0  0  81  0  81  81  81  0  81  

81  81  81  81  81  81  81  81  0  81  81  81  0  81  0  81  81  81  81  0  81  0  81  81  81  81  0  0  0  81  81  0  81  81  0  0  81  81  81  0  81  81  81  0  81  0  0  0  0  0  81  0  0  81  0  0  0  81  81  81  0  81  0  0  81  81  81  81  81  81  81  0  81  81  0  81  81  0  81  81  

81  81  81  81  0  81  0  81  81  81  81  0  81  0  81  81  0  0  0  81  0  81  0  0  81  0  81  0  0  0  81  81  81  0  81  0  0  81  0  0  81  0  81  0  81  0  0  81  81  81  0  81  81  81  81  0  0  81  81  0  0  81  81  81  0  0  0  0  0  81  0  81  0  81  0  81  81  0  0  81  

0  81  0  81  0  81  0  81  0  81  0  0  0  81  81  81  81  81  0  81  81  81  81  81  81  81  81  81  0  81  81  0  0  81  0  81  0  81  81  0  81  0  81  81  81  81  81  0  81  0  81  81  0  81  81  81  81  0  0  81  0  0  81  0  81  81  81  81  81  0  0  81  0  0  0  0  0  81  81  0  

0  81  81  81  0  0  0  0  81  0  0  0  81  81  0  81  81  81  81  81  81  81  0  81  81  0  0  81  0  0  81  81  0  0  81  81  0  81  0  0  0  81  81  0  0  81  81  81  81  0  81  81  81  81  81  81  81  0  0  0  81  0  81  81  81  0  81  0  81  0  81  0  81  0  81  81  0  81  0  0  

0  81  81  0  81  81  0  0  0  0  81  0  0  81  0  81  81  81  81  81  81  81  0  81  0  81  0  81  81  81  81  81  81  81  0  81  0  0  81  81  81  0  81  0  81  81  81  81  81  0  81  0  81  81  0  0  81  81  0  81  0  81  0  81  81  81  81  0  0  81  81  81  81  0  81  0  81  81  81  0  

81  0  81  0  81  81  0  81  81  0  81  81  81  81  0  0  81  81  81  81  81  0  0  81  0  0  81  81  0  81  81  81  0  81  81  0  0  0  81  81  0  81  0  81  81  81  0  81  0  0  0  81  0  81  0  81  0  81  81  81  81  0  81  0  81  0  0  0  81  0  0  81  81  81  0  81  0  0  0  81  

81  0  0  81  0  81  0  0  81  81  0  81  81  0  81  81  81  81  81  81  0  81  81  81  81  81  0  0  81  0  81  0  81  0  0  81  0  0  0  0  81  0  0  81  0  81  0  81  81  81  81  81  0  81  81  81  0  81  0  81  81  0  81  0  81  0  0  81  81  81  81  81  81  0  81  81  81  81  81  81  

81  0  0  0  0  81  81  0  0  81  0  0  81  81  0  81  81  81  81  0  81  0  81  81  0  0  0  0  0  0  81  0  81  0  81  81  0  81  0  81  0  81  0  0  0  0  81  81  81  81  81  0  0  81  81  81  0  81  0  81  0  0  0  81  81  81  81  0  81  0  0  81  0  81  0  0  0  81  81  0  

0  81  81  0  0  0  81  81  81  0  0  0  0  0  81  81  81  81  0  81  0  81  81  81  0  0  0  81  81  81  81  0  0  81  81  81  81  81  0  0  81  81  0  81  0  81  0  81  81  81  81  81  0  0  0  81  81  81  0  81  0  0  81  81  81  81  0  81  81  81  81  81  81  81  0  0  0  0  0  81  

0  0  81  81  81  0  0  81  0  81  0  0  81  81  0  81  0  0  0  81  81  81  81  81  81  81  81  81  0  81  0  0  81  0  0  0  81  81  0  81  81  0  0  81  0  81  0  81  81  81  81  81  81  81  81  0  81  0  0  81  0  81  0  0  81  81  81  81  81  0  81  81  0  81  81  81  81  0  0  0  

81  0  81  0  81  0  0  81  0  81  81  81  81  81  0  81  81  81  81  81  81  81  81  81  81  0  81  81  81  0  81  81  81  81  0  81  81  81  81  0  81  0  0  0  81  81  0  81  81  0  81  0  0  81  81  81  0  0  0  81  81  0  0  81  0  81  81  81  81  0  0  81  81  81  0  0  0  81  81  81  

0  0  81  81  0  81  81  81  0  81  81  81  81  81  81  81  81  0  0  81  0  0  81  81  81  81  81  0  81  0  0  81  81  81  81  0  81  81  0  81  81  0  81  0  81  0  81  0  81  0  81  81  81  81  81  81  81  81  81  0  0  0  81  0  81  0  81  81  0  81  0  81  81  81  0  81  81  81  81  0  

81  0  81  0  81  0  0  0  81  81  81  81  81  81  0  81  0  81  0  81  0  0  81  0  81  81  81  81  0  81  0  0  81  81  81  81  81  81  81  0  81  0  81  0  0  81  81  0  81  81  81  81  0  0  81  81  0  81  0  81  81  81  81  81  81  81  81  0  0  0  81  81  0  81  0  0  0  81  0  81  

81  81  81  81  0  0  81  81  81  0  81  0  0  0  81  81  0  0  81  0  0  0  81  81  81  81  81  0  0  81  0  81  0  81  81  81  0  81  0  81  81  81  0  81  81  0  81  0  0  0  81  81  81  0  81  0  81  81  0  81  81  81  81  81  81  81  81  0  0  81  0  0  81  0  0  81  0  0  81  81  

81  0  81  0  81  81  81  81  81  81  81  0  81  0  0  81  81  81  81  0  0  81  81  81  0  81  0  81  0  81  81  81  0  0  81  0  0  0  0  0  81  81  0  81  0  0  0  81  81  81  0  81  81  81  0  81  81  81  0  81  0  0  0  81  81  81  81  0  0  81  0  81  0  81  81  81  81  81  81  0  

0  81  0  81  81  0  0  0  0  0  81  81  81  0  0  0  0  81  0  81  0  81  0  81  81  0  0  0  81  0  81  0  81  0  0  0  81  81  81  81  0  81  81  81  0  0  0  81  0  81  81  0  81  0  0  0  0  0  0  81  81  81  0  81  81  0  81  0  0  81  81  81  81  81  0  0  81  81  0  81  

0  81  0  0  81  0  81  81  0  0  81  0  81  81  0  81  0  81  81  0  0  81  81  0  0  81  81  81  0  81  81  0  0  81  81  81  81  81  81  0  81  0  81  81  81  81  0  81  81  81  0  0  0  81  81  81  0  81  81  81  0  81  0  0  0  81  0  81  0  0  0  0  81  81  81  0  81  0  81  0  

81  81  0  81  81  81  81  0  0  81  81  0  0  81  81  81  81  81  81  81  81  81  0  81  0  0  0  81  81  81  81  0  81  81  0  81  81  81  0  81  81  81  81  81  81  0  81  81  81  81  81  81  81  81  81  81  0  81  81  81  0  81  0  0  0  81  81  81  81  0  81  81  0  0  81  0  0  81  81  0  

81  81  81  0  0  81  81  0  81  81  81  81  81  0  81  0  81  81  81  0  0  0  0  81  81  0  81  81  0  0  0  81  81  81  81  0  0  0  81  81  81  81  81  0  81  0  0  0  81  81  81  0  81  81  0  81  81  0  0  0  81  0  0  81  0  81  0  81  81  0  81  81  0  0  0  81  81  0  81  81  

81  81  81  0  0  0  81  81  81  81  0  0  81  81  81  0  0  81  0  81  81  0  81  81  81  81  0  0  81  0  81  81  81  0  0  81  81  0  81  81  81  81  0  81  0  0  81  0  81  81  0  81  81  0  81  0  81  0  0  81  0  0  81  0  81  81  0  81  0  81  0  81  81  0  0  81  81  81  81  81  

81  81  0  0  0  0  81  81  81  0  0  81  81  81  0  81  0  81  81  0  0  81  0  81  81  81  81  0  0  81  81  81  0  81  81  0  0  81  0  0  81  81  81  81  0  0  0  81  81  81  81  0  81  0  81  0  0  81  0  0  0  81  0  0  0  81  81  81  81  81  81  0  81  0  0  0  81  81  81  81  

0  0  0  0  81  0  81  81  0  81  81  81  81  0  81  0  81  0  81  0  81  81  0  0  81  81  81  81  0  81  0  81  0  81  81  81  81  81  81  0  0  81  81  81  81  0  81  0  81  81  81  81  81  0  81  81  81  0  81  81  81  81  0  0  81  0  81  81  0  81  81  0  0  81  81  0  81  0  81  0  

0  0  81  81  81  0  81  81  0  81  81  81  81  0  0  81  81  81  0  81  81  81  0  81  0  81  81  0  0  81  81  0  81  0  81  81  0  0  81  81  81  81  81  0  81  81  81  0  81  81  0  0  81  0  81  81  0  81  81  81  81  0  0  0  81  0  0  0  0  0  81  81  81  81  81  81  81  0  81  81  

81  81  0  81  81  0  81  0  81  81  81  0  0  81  0  0  0  0  0  0  0  81  81  81  81  81  0  0  81  81  81  0  81  0  81  0  81  81  81  81  81  81  81  0  0  0  81  81  81  81  81  81  81  81  0  0  81  81  81  0  0  0  81  0  81  81  0  81  0  81  0  0  0  81  0  0  0  81  81  0  

0  0  0  81  0  81  0  81  0  0  81  81  0  81  81  81  81  0  0  0  81  81  81  81  81  81  81  0  81  81  81  0  0  81  81  0  81  81  0  81  81  0  81  0  0  81  0  81  81  0  81  81  81  0  81  81  0  81  81  81  81  81  81  0  0  81  0  81  81  81  81  0  81  81  81  81  81  81  0  0  

81  81  81  0  81  81  81  81  0  81  81  81  81  81  0  81  0  81  81  0  0  0  0  81  0  81  0  0  81  81  0  81  81  0  81  81  81  0  81  81  81  81  81  0  0  0  81  81  0  81  81  0  81  0  81  0  0  81  0  81  81  81  81  0  81  81  81  0  81  81  0  0  81  81  81  0  81  81  0  81  

81  81  81  81  81  0  0  81  0  81  81  81  81  0  0  0  0  81  81  0  81  0  81  0  81  0  81  0  81  0  81  81  81  0  0  81  81  81  81  81  81  0  0  81  0  0  81  81  81  0  81  81  81  81  0  81  81  0  0  0  0  81  81  81  0  0  0  0  81  81  81  81  0  81  0  81  81  81  81  0  

0  0  81  81  0  81  0  81  81  0  81  81  81  81  81  81  0  81  0  81  0  81  81  81  81  81  81  81  0  81  81  81  81  81  0  81  81  81  81  81  81  81  81  0  0  0  0  0  81  81  0  81  81  81  81  81  0  81  81  81  0  0  0  81  0  81  0  0  81  0  0  81  81  0  0  0  0  81  81  0  

81  81  81  81  0  81  0  0  0  81  81  0  81  81  0  0  81  0  81  0  81  81  0  0  0  0  81  81  81  0  81  81  81  81  81  81  81  0  81  0  81  81  0  81  0  81  81  0  81  81  81  0  0  0  0  81  0  0  0  81  81  81  81  81  0  81  0  81  0  0  81  0  81  81  81  0  81  0  81  81  

0  0  81  81  81  81  0  81  0  0  0  81  0  81  81  81  81  81  0  0  0  0  0  0  81  81  0  0  81  81  81  81  0  81  81  81  81  81  81  0  81  0  81  81  81  81  81  81  0  81  0  81  0  0  0  0  0  81  0  81  81  0  81  0  81  81  0  81  0  0  81  0  81  0  0  0  0  0  81  81  

0  81  81  81  0  0  81  81  81  81  0  81  81  0  0  81  0  0  81  81  0  81  81  0  0  0  81  81  81  81  81  0  81  81  81  0  0  0  0  81  0  81  81  81  0  0  0  0  81  81  0  0  81  0  0  81  81  0  81  81  81  0  81  81  81  81  0  81  81  81  81  0  0  81  81  0  81  81  0  81  

81  81  0  81  81  81  0  0  0  81  81  81  81  81  81  81  0  81  81  0  0  0  0  81  81  0  81  0  0  81  81  81  0  0  81  81  0  0  0  0  0  0  81  0  81  81  0  81  81  0  81  81  0  0  0  81  0  0  81  81  0  0  81  81  81  81  0  81  0  81  81  0  0  0  81  81  81  81  81  81  

81  0  81  81  81  0  81  0  81  0  81  0  0  0  0  81  81  81  81  81  0  81  81  81  0  81  0  0  0  81  0  0  0  0  0  81  0  81  0  0  0  81  81  0  81  81  0  81  0  0  81  81  81  81  0  0  0  81  0  81  0  81  81  0  0  0  81  81  81  81  0  81  81  81  81  0  81  0  81  81  

81  0  0  81  0  81  81  0  81  0  0  81  81  0  0  81  81  81  0  0  81  0  0  0  81  81  81  0  0  0  81  0  81  0  81  81  81  0  81  81  0  81  81  0  0  0  81  81  81  81  0  81  0  0  81  0  81  81  81  81  0  81  0  81  81  81  81  81  0  81  0  81  81  81  0  0  81  81  81  81  

0  0  81  81  81  81  0  0  81  0  81  81  81  0  81  0  81  81  81  81  81  81  81  81  0  0  0  81  81  81  81  0  0  81  0  0  81  81  81  81  0  0  81  0  81  81  81  81  81  81  81  81  0  81  81  0  81  81  81  81  81  81  0  81  0  0  81  0  81  0  81  0  0  81  81  81  81  0  81  0  

0  0  0  81  0  81  81  81  81  81  81  0  81  0  81  81  81  81  0  81  81  81  81  81  81  81  0  81  0  81  81  81  81  81  81  81  81  81  0  81  81  81  0  81  81  0  81  81  81  81  81  81  81  81  81  81  81  0  81  81  81  0  81  0  81  0  0  81  81  81  81  81  81  81  81  0  81  81  0  81  

81  0  81  0  81  0  0  0  81  0  81  0  0  0  81  0  0  0  0  81  81  81  81  0  0  81  0  81  81  81  81  81  81  81  81  81  81  0  81  0  81  81  81  81  0  0  81  81  81  81  0  0  0  0  0  81  81  0  0  0  81  81  81  0  0  0  0  0  0  81  0  81  81  0  0  0  0  81  0  0  

81  0  0  81  81  0  81  81  0  0  0  0  0  81  0  81  81  81  0  81  81  81  81  81  81  81  81  0  81  0  81  81  0  81  81  0  81  81  81  81  0  81  0  0  81  81  0  81  81  0  81  0  0  0  0  81  81  81  81  81  0  0  0  0  81  81  81  81  81  81  0  0  0  0  0  81  0  81  81  81  

0  81  0  0  0  0  0  81  81  0  81  0  0  0  81  81  81  0  81  81  0  81  81  0  81  81  81  81  0  0  81  0  81  0  81  0  81  81  0  81  81  0  81  0  81  81  81  81  81  0  0  81  0  81  0  81  81  0  81  0  81  0  0  81  81  0  81  0  81  81  0  81  0  81  81  81  81  81  0  81  

0  81  81  81  0  81  81  81  81  0  0  81  0  0  81  0  81  81  0  0  0  0  81  0  81  0  81  81  81  0  81  81  81  81  81  81  81  81  81  81  81  0  0  81  0  81  0  0  81  0  0  0  81  81  0  0  81  0  0  81  81  81  81  0  81  0  81  81  81  81  81  0  81  0  81  81  81  81  0  81  

0  81  0  81  0  0  0  0  81  81  81  81  81  81  81  81  81  81  81  81  81  0  81  81  81  0  0  81  0  81  81  81  0  0  0  0  81  0  0  81  81  0  0  0  0  81  0  81  81  0  0  81  81  81  81  0  0  81  81  81  81  81  81  81  81  81  81  81  81  81  81  81  0  81  81  0  81  0  81  0  

81  81  0  81  81  0  81  81  0  0  81  0  81  0  81  81  81  0  0  81  81  0  81  81  81  81  81  0  0  81  81  0  81  81  81  81  0  81  81  0  81  0  0  0  0  0  81  81  81  0  0  0  0  81  81  81  81  81  0  0  81  81  0  81  0  81  81  0  81  0  0  81  0  0  0  81  0  81  81  0  

0  0  81  81  0  0  81  81  0  0  81  81  81  0  0  81  81  0  81  81  81  81  0  81  81  81  0  81  0  81  81  81  0  0  81  81  0  81  0  81  81  81  0  81  81  0  0  0  81  81  81  81  0  0  81  81  0  81  81  81  81  0  0  0  0  81  0  0  0  81  0  81  81  81  81  81  81  81  81  0  

81  0  81  81  81  0  81  81  81  81  81  0  81  0  0  81  81  81  0  0  0  81  81  0  81  0  81  81  0  0  0  81  81  0  81  0  81  0  0  81  0  0  0  81  0  0  81  81  81  81  81  81  81  0  81  0  81  81  81  81  0  0  81  0  81  81  81  0  0  81  81  0  0  81  0  0  0  0  0  0  

0  0  81  0  0  81  81  0  81  81  0  81  0  81  81  0  0  81  81  81  81  81  0  0  81  81  81  81  0  81  81  0  0  81  0  81  81  81  81  0  81  0  81  0  0  81  81  81  0  0  81  0  0  81  81  81  81  81  0  0  81  81  81  81  81  81  0  81  81  0  81  0  0  81  81  0  0  0  81  81  

81  81  0  81  0  81  0  0  81  0  0  81  81  81  81  0  0  0  81  0  0  0  0  0  81  0  0  0  0  81  81  0  0  0  81  81  81  81  0  0  81  0  0  81  81  0  81  81  81  0  81  81  0  81  0  81  81  0  81  0  81  0  0  81  81  81  81  81  0  0  0  81  0  0  0  0  81  81  0  0  

0  0  81  0  81  81  81  81  81  0  0  81  81  81  0  81  0  81  81  81  81  81  81  81  0  81  81  81  81  81  81  0  81  0  81  81  0  81  81  0  81  81  81  81  81  81  81  81  81  0  81  0  81  81  0  81  81  0  0  81  81  0  81  0  81  81  81  0  0  81  81  0  81  81  0  0  0  0  81  81  

81  81  0  81  81  81  81  0  81  0  0  0  81  0  0  0  81  0  81  81  0  0  0  81  0  81  81  0  81  0  0  81  0  0  81  81  0  81  81  0  0  81  81  81  0  0  0  81  81  81  0  81  81  81  81  81  0  81  81  81  81  81  81  0  81  81  81  0  81  0  81  81  0  0  81  81  81  81  81  81  

81  81  0  81  81  0  0  81  0  0  81  81  81  81  81  0  0  81  0  0  0  0  81  0  0  81  81  0  81  81  81  0  0  81  81  0  0  81  81  81  0  81  0  0  0  81  81  81  0  81  0  0  81  81  81  0  0  81  0  0  81  81  81  81  0  81  81  0  81  81  0  81  0  81  0  81  81  81  81  81  

81  81  0  81  0  0  0  81  81  0  81  0  81  0  81  81  81  0  81  81  0  81  0  0  81  81  81  0  0  0  0  0  81  0  0  0  81  81  81  81  0  81  81  81  81  81  0  0  81  81  0  0  81  81  0  0  81  81  0  81  81  81  81  0  81  81  81  0  0  81  81  81  81  81  0  0  81  0  0  81  

81  0  0  0  81  81  0  81  81  81  81  81  81  0  81  0  81  81  0  0  81  81  0  81  0  81  81  81  81  0  0  81  0  0  0  0  0  0  0  81  81  81  0  81  81  0  81  81  0  0  0  81  0  81  81  0  0  81  81  0  0  81  0  81  81  0  81  0  81  0  81  0  81  0  0  0  81  0  0  81  

81  81  0  0  0  81  81  0  81  81  81  81  81  81  0  81  81  81  81  81  81  81  81  0  81  81  81  81  81  0  0  0  81  0  81  81  81  0  81  0  0  0  81  81  81  0  81  0  81  0  81  81  81  81  0  0  81  81  81  81  81  0  81  81  81  0  0  0  0  0  0  81  0  0  0  0  81  81  81  81  

0  0  0  0  81  0  0  0  81  0  81  0  0  81  0  81  0  81  0  0  81  81  81  81  0  81  81  81  0  81  81  81  81  81  0  0  81  81  81  0  81  81  81  81  81  0  81  0  0  0  81  0  0  81  81  81  81  81  81  81  81  81  81  0  0  81  81  0  81  81  81  0  0  0  0  81  81  0  81  81  

0  81  81  81  81  0  0  81  81  81  0  0  81  81  0  81  81  81  0  0  81  0  81  81  81  81  81  81  81  0  81  0  0  81  81  0  0  0  81  0  0  0  0  0  0  81  81  81  0  0  81  81  81  81  81  0  81  0  81  81  81  81  81  81  0  81  81  0  0  81  0  81  0  81  0  81  81  81  81  81  

81  81  0  0  81  81  0  0  81  0  81  0  81  81  0  81  0  0  0  81  0  81  81  81  81  0  0  0  0  81  81  81  81  81  81  0  81  81  0  0  0  81  81  81  81  81  81  0  81  0  81  0  81  81  0  0  0  81  81  0  0  0  0  0  0  0  0  81  0  0  81  81  0  0  0  0  0  81  0  81  

0  0  81  0  81  81  0  81  81  81  81  0  81  81  0  81  81  0  81  81  81  81  81  81  0  0  0  0  0  0  81  81  0  81  0  0  0  81  81  81  81  0  0  81  0  81  0  81  81  0  81  81  81  81  81  0  0  81  0  0  81  81  0  81  0  81  0  0  81  81  81  0  0  81  0  81  0  0  81  81  

81  81  81  0  0  81  0  81  81  81  81  81  81  81  81  0  0  81  0  81  0  81  0  0  81  0  81  81  81  0  0  0  81  81  81  0  81  81  81  81  0  0  0  81  81  81  81  0  81  81  81  81  81  81  0  81  81  0  0  81  0  81  81  0  0  81  81  0  81  81  0  0  81  81  81  81  0  0  0  0  

0  81  0  81  81  81  81  81  81  0  81  81  81  81  0  0  81  81  0  81  0  81  81  0  0  81  0  0  81  0  81  81  0  81  81  81  0  81  0  81  0  81  81  81  81  0  0  81  81  0  0  0  81  81  0  0  81  81  0  81  81  0  81  81  0  81  0  81  81  0  81  0  81  0  81  0  0  81  81  0  

0  81  81  81  81  81  81  81  81  0  81  81  0  0  81  81  0  81  81  81  81  81  81  81  81  81  0  81  81  0  81  81  81  0  0  81  0  0  0  81  81  0  0  0  0  81  81  0  81  81  0  81  0  81  81  81  0  0  81  0  81  81  81  0  81  0  81  81  0  0  0  81  0  0  81  81  0  81  81  0  

0  81  0  81  81  0  81  81  0  81  0  81  0  81  0  0  81  81  81  81  0  81  0  81  81  0  81  0  81  81  0  0  81  81  0  81  0  81  81  0  81  81  81  0  0  81  81  0  81  81  0  0  81  0  0  81  0  0  0  81  0  0  81  81  0  0  0  0  0  81  81  0  81  81  0  81  81  0  81  0  

81  81  0  81  81  81  81  81  0  81  81  81  81  81  81  0  0  0  81  0  81  81  81  81  81  81  0  81  81  81  0  0  0  0  81  81  81  81  81  81  0  81  0  81  0  81  81  81  81  0  0  81  0  81  0  81  81  81  0  81  0  81  81  0  0  0  81  0  81  81  0  0  81  81  0  81  81  81  81  81  

81  0  0  81  81  0  81  81  81  0  0  0  0  0  0  0  81  81  0  81  0  0  81  0  0  0  0  81  0  81  81  0  0  0  81  81  0  81  81  0  0  81  0  81  81  81  0  81  81  0  0  81  81  81  0  81  0  81  0  0  81  0  0  0  0  0  0  0  0  81  81  81  0  0  81  0  0  81  0  0  

0  0  81  81  0  0  81  0  0  81  81  81  81  81  81  0  81  0  81  81  0  0  81  0  81  0  81  81  0  0  0  81  81  0  0  81  0  81  0  81  0  0  0  0  81  0  0  81  0  0  81  81  81  0  81  81  0  0  0  0  81  81  0  0  0  81  81  0  81  81  0  81  81  81  0  81  81  81  0  0  

0  0  81  0  81  81  81  81  81  81  0  0  81  81  81  0  0  81  0  81  0  0  81  0  81  0  0  81  81  81  0  81  81  81  81  81  0  81  81  81  0  81  0  81  81  81  81  81  81  0  0  81  81  81  0  81  0  0  81  0  81  81  81  81  81  81  81  0  0  0  0  0  81  81  0  81  81  81  81  0  

0  81  81  81  81  0  81  0  81  81  81  81  81  0  0  81  81  81  0  81  81  0  0  81  81  81  0  81  81  0  81  0  81  81  0  0  81  81  81  81  81  0  0  81  81  0  81  0  81  81  81  81  81  0  81  81  0  0  81  0  81  81  0  0  81  0  81  81  0  0  81  81  0  81  81  81  81  81  81  81  

0  81  81  81  81  0  81  81  0  81  0  81  0  81  0  81  0  81  0  81  81  0  0  81  81  0  81  81  0  81  81  81  81  81  81  81  81  0  0  81  81  81  81  0  81  81  81  81  0  0  81  0  0  81  81  81  0  81  0  81  81  81  0  0  81  81  81  0  81  0  81  81  81  81  0  0  81  81  81  81  

81  81  81  0  0  0  81  0  81  81  0  81  81  81  81  0  0  0  81  81  0  81  0  81  0  81  81  0  81  0  0  81  81  81  0  81  0  0  81  0  0  81  81  81  81  81  81  0  81  0  81  81  81  0  0  0  0  81  0  81  81  81  81  81  81  81  81  81  81  0  0  0  0  81  0  0  0  81  81  81  

UnPairedArc=
1 2 
1 4 
1 5 
1 9 
1 10 
1 13 
1 14 
1 15 
1 19 
1 20 
1 21 
1 24 
1 26 
1 27 
1 28 
1 31 
1 32 
1 33 
1 34 
1 37 
1 39 
1 40 
1 42 
1 45 
1 46 
1 47 
1 50 
1 51 
1 55 
1 57 
1 59 
1 61 
1 62 
1 63 
1 64 
1 65 
1 68 
1 70 
1 74 
1 75 
1 80 
2 4 
2 7 
2 9 
2 10 
2 11 
2 12 
2 13 
2 14 
2 15 
2 16 
2 17 
2 18 
2 22 
2 27 
2 29 
2 30 
2 31 
2 32 
2 33 
2 34 
2 37 
2 39 
2 40 
2 42 
2 44 
2 45 
2 52 
2 53 
2 54 
2 55 
2 59 
2 61 
2 62 
2 63 
2 65 
2 67 
2 68 
2 70 
2 71 
2 72 
2 73 
2 74 
2 78 
2 79 
2 80 
3 4 
3 5 
3 6 
3 8 
3 9 
3 10 
3 11 
3 12 
3 14 
3 15 
3 17 
3 18 
3 19 
3 22 
3 23 
3 24 
3 25 
3 26 
3 27 
3 28 
3 32 
3 33 
3 36 
3 39 
3 40 
3 41 
3 42 
3 43 
3 44 
3 46 
3 48 
3 50 
3 53 
3 56 
3 57 
3 58 
3 60 
3 67 
3 69 
3 70 
3 72 
3 76 
3 77 
3 78 
3 79 
3 80 
4 5 
4 6 
4 8 
4 9 
4 11 
4 13 
4 14 
4 15 
4 16 
4 17 
4 20 
4 23 
4 25 
4 27 
4 29 
4 31 
4 36 
4 37 
4 38 
4 40 
4 41 
4 42 
4 43 
4 44 
4 45 
4 46 
4 47 
4 48 
4 49 
4 51 
4 53 
4 54 
4 55 
4 56 
4 57 
4 59 
4 61 
4 62 
4 63 
4 67 
4 71 
4 72 
4 73 
4 74 
4 75 
4 76 
4 78 
4 79 
5 7 
5 8 
5 9 
5 10 
5 11 
5 12 
5 14 
5 18 
5 19 
5 23 
5 24 
5 26 
5 28 
5 29 
5 30 
5 31 
5 35 
5 36 
5 37 
5 39 
5 40 
5 43 
5 45 
5 46 
5 48 
5 50 
5 51 
5 55 
5 57 
5 60 
5 61 
5 62 
5 64 
5 66 
5 67 
5 68 
5 69 
5 71 
5 72 
5 73 
5 74 
5 75 
5 77 
5 78 
5 79 
6 9 
6 10 
6 13 
6 14 
6 15 
6 16 
6 18 
6 19 
6 20 
6 21 
6 25 
6 28 
6 31 
6 32 
6 38 
6 39 
6 41 
6 42 
6 43 
6 45 
6 47 
6 48 
6 49 
6 53 
6 58 
6 59 
6 60 
6 61 
6 64 
6 65 
6 68 
6 69 
6 70 
6 71 
6 72 
6 74 
6 77 
7 10 
7 13 
7 14 
7 21 
7 22 
7 25 
7 27 
7 28 
7 30 
7 31 
7 32 
7 33 
7 34 
7 35 
7 36 
7 37 
7 39 
7 44 
7 46 
7 47 
7 49 
7 51 
7 53 
7 55 
7 56 
7 57 
7 58 
7 60 
7 61 
7 65 
7 71 
7 72 
7 73 
7 74 
7 75 
7 76 
7 77 
7 78 
7 79 
7 80 
8 10 
8 14 
8 15 
8 16 
8 19 
8 22 
8 23 
8 24 
8 25 
8 27 
8 28 
8 30 
8 33 
8 34 
8 35 
8 36 
8 38 
8 39 
8 40 
8 41 
8 43 
8 44 
8 49 
8 51 
8 52 
8 53 
8 55 
8 56 
8 57 
8 60 
8 62 
8 63 
8 64 
8 67 
8 69 
8 70 
8 71 
8 72 
8 73 
8 74 
8 75 
8 77 
8 79 
9 11 
9 12 
9 15 
9 17 
9 19 
9 20 
9 22 
9 26 
9 27 
9 28 
9 32 
9 33 
9 34 
9 37 
9 41 
9 44 
9 46 
9 47 
9 48 
9 49 
9 50 
9 52 
9 53 
9 54 
9 57 
9 58 
9 59 
9 60 
9 61 
9 63 
9 64 
9 65 
9 66 
9 67 
9 68 
9 69 
9 70 
9 71 
9 72 
9 75 
9 77 
9 78 
9 80 
10 12 
10 13 
10 14 
10 15 
10 16 
10 20 
10 21 
10 23 
10 24 
10 25 
10 26 
10 28 
10 31 
10 32 
10 33 
10 35 
10 36 
10 37 
10 39 
10 40 
10 42 
10 44 
10 45 
10 49 
10 54 
10 57 
10 58 
10 64 
10 65 
10 67 
10 69 
10 70 
10 73 
10 74 
10 76 
10 77 
10 78 
10 79 
10 80 
11 12 
11 13 
11 14 
11 15 
11 18 
11 19 
11 24 
11 25 
11 26 
11 27 
11 28 
11 29 
11 30 
11 31 
11 32 
11 35 
11 36 
11 37 
11 38 
11 39 
11 40 
11 41 
11 42 
11 45 
11 46 
11 48 
11 49 
11 50 
11 52 
11 54 
11 55 
11 56 
11 57 
11 62 
11 63 
11 64 
11 65 
11 66 
11 68 
11 69 
11 70 
11 71 
11 72 
11 74 
11 76 
11 78 
12 13 
12 14 
12 19 
12 20 
12 24 
12 25 
12 26 
12 29 
12 32 
12 34 
12 35 
12 36 
12 38 
12 39 
12 40 
12 41 
12 43 
12 44 
12 45 
12 47 
12 48 
12 53 
12 54 
12 56 
12 58 
12 59 
12 60 
12 62 
12 64 
12 65 
12 70 
12 71 
12 72 
12 73 
12 74 
12 76 
12 78 
12 79 
12 80 
13 15 
13 17 
13 19 
13 20 
13 21 
13 23 
13 24 
13 25 
13 26 
13 28 
13 29 
13 30 
13 32 
13 33 
13 34 
13 35 
13 36 
13 39 
13 40 
13 41 
13 42 
13 44 
13 45 
13 47 
13 48 
13 49 
13 54 
13 55 
13 56 
13 57 
13 59 
13 60 
13 61 
13 62 
13 63 
13 64 
13 65 
13 67 
13 68 
13 69 
13 70 
13 71 
13 74 
13 76 
13 77 
13 78 
13 80 
14 16 
14 17 
14 18 
14 19 
14 21 
14 23 
14 24 
14 25 
14 26 
14 30 
14 31 
14 33 
14 34 
14 37 
14 38 
14 39 
14 41 
14 42 
14 43 
14 45 
14 51 
14 54 
14 58 
14 59 
14 60 
14 62 
14 65 
14 66 
14 67 
14 68 
14 69 
14 70 
14 71 
14 73 
14 74 
14 76 
14 77 
14 79 
14 80 
15 16 
15 20 
15 22 
15 25 
15 27 
15 31 
15 32 
15 33 
15 35 
15 38 
15 41 
15 43 
15 45 
15 48 
15 49 
15 50 
15 52 
15 53 
15 54 
15 55 
15 58 
15 59 
15 62 
15 63 
15 64 
15 70 
15 72 
15 74 
15 76 
15 77 
15 80 
16 17 
16 18 
16 20 
16 21 
16 22 
16 23 
16 24 
16 25 
16 26 
16 27 
16 28 
16 30 
16 31 
16 34 
16 36 
16 38 
16 39 
16 41 
16 43 
16 44 
16 45 
16 46 
16 47 
16 49 
16 51 
16 52 
16 54 
16 55 
16 56 
16 57 
16 60 
16 63 
16 65 
16 66 
16 67 
16 68 
16 69 
16 72 
16 78 
16 79 
17 18 
17 19 
17 20 
17 21 
17 22 
17 24 
17 25 
17 28 
17 31 
17 32 
17 35 
17 36 
17 38 
17 42 
17 43 
17 46 
17 47 
17 48 
17 49 
17 51 
17 52 
17 53 
17 54 
17 55 
17 56 
17 57 
17 61 
17 63 
17 64 
17 65 
17 67 
17 69 
17 71 
17 73 
17 75 
17 76 
17 78 
18 19 
18 20 
18 21 
18 22 
18 24 
18 26 
18 28 
18 29 
18 30 
18 31 
18 32 
18 33 
18 34 
18 36 
18 39 
18 40 
18 41 
18 43 
18 45 
18 46 
18 47 
18 48 
18 49 
18 51 
18 53 
18 54 
18 57 
18 58 
18 60 
18 62 
18 64 
18 65 
18 66 
18 67 
18 70 
18 71 
18 72 
18 73 
18 75 
18 77 
18 78 
18 79 
19 20 
19 21 
19 24 
19 27 
19 28 
19 30 
19 31 
19 32 
19 34 
19 35 
19 39 
19 40 
19 42 
19 44 
19 45 
19 46 
19 48 
19 52 
19 54 
19 56 
19 58 
19 59 
19 60 
19 61 
19 63 
19 65 
19 69 
19 72 
19 73 
19 74 
19 76 
19 80 
20 22 
20 23 
20 24 
20 25 
20 26 
20 29 
20 31 
20 33 
20 36 
20 41 
20 44 
20 46 
20 48 
20 49 
20 50 
20 51 
20 52 
20 54 
20 55 
20 56 
20 58 
20 60 
20 61 
20 63 
20 65 
20 68 
20 69 
20 70 
20 71 
20 72 
20 73 
20 75 
20 76 
20 77 
20 78 
20 79 
20 80 
21 23 
21 24 
21 31 
21 33 
21 35 
21 36 
21 38 
21 40 
21 42 
21 47 
21 48 
21 49 
21 50 
21 51 
21 54 
21 55 
21 56 
21 58 
21 60 
21 64 
21 65 
21 66 
21 67 
21 69 
21 72 
21 74 
21 78 
21 79 
22 23 
22 24 
22 28 
22 29 
22 30 
22 31 
22 34 
22 35 
22 36 
22 37 
22 38 
22 41 
22 42 
22 44 
22 46 
22 48 
22 49 
22 50 
22 51 
22 52 
22 56 
22 57 
22 58 
22 60 
22 63 
22 64 
22 65 
22 66 
22 68 
22 69 
22 70 
22 71 
22 72 
22 73 
22 74 
22 80 
23 24 
23 25 
23 26 
23 27 
23 28 
23 30 
23 33 
23 37 
23 38 
23 40 
23 41 
23 44 
23 46 
23 48 
23 49 
23 50 
23 51 
23 52 
23 53 
23 54 
23 55 
23 57 
23 60 
23 62 
23 65 
23 66 
23 67 
23 68 
23 69 
23 71 
23 72 
23 74 
23 75 
23 76 
23 77 
24 25 
24 27 
24 28 
24 29 
24 31 
24 32 
24 33 
24 34 
24 36 
24 37 
24 38 
24 39 
24 41 
24 45 
24 46 
24 48 
24 49 
24 51 
24 54 
24 55 
24 56 
24 60 
24 61 
24 64 
24 66 
24 67 
24 68 
24 69 
24 72 
24 73 
24 74 
24 78 
24 79 
24 80 
25 26 
25 27 
25 29 
25 32 
25 33 
25 34 
25 35 
25 37 
25 38 
25 40 
25 41 
25 43 
25 45 
25 47 
25 49 
25 51 
25 52 
25 53 
25 54 
25 55 
25 56 
25 57 
25 58 
25 59 
25 63 
25 65 
25 67 
25 68 
25 70 
25 72 
25 73 
25 74 
25 76 
25 77 
25 78 
25 79 
26 27 
26 28 
26 30 
26 33 
26 34 
26 35 
26 36 
26 37 
26 38 
26 39 
26 41 
26 43 
26 46 
26 47 
26 49 
26 50 
26 51 
26 52 
26 55 
26 56 
26 58 
26 60 
26 61 
26 62 
26 63 
26 64 
26 65 
26 66 
26 67 
26 71 
26 72 
26 74 
26 78 
26 80 
27 30 
27 32 
27 34 
27 35 
27 36 
27 38 
27 40 
27 41 
27 42 
27 44 
27 45 
27 47 
27 51 
27 52 
27 53 
27 55 
27 57 
27 58 
27 60 
27 61 
27 62 
27 63 
27 64 
27 65 
27 66 
27 67 
27 70 
27 73 
27 76 
27 79 
27 80 
28 30 
28 31 
28 32 
28 35 
28 41 
28 42 
28 44 
28 48 
28 49 
28 50 
28 52 
28 53 
28 54 
28 56 
28 57 
28 58 
28 60 
28 64 
28 65 
28 66 
28 67 
28 70 
28 72 
28 74 
28 75 
28 76 
28 77 
28 78 
28 79 
29 31 
29 33 
29 37 
29 38 
29 39 
29 40 
29 42 
29 43 
29 44 
29 48 
29 50 
29 51 
29 53 
29 60 
29 61 
29 62 
29 64 
29 65 
29 67 
29 70 
29 71 
29 72 
29 73 
29 74 
29 77 
29 78 
29 80 
30 31 
30 34 
30 35 
30 36 
30 37 
30 38 
30 39 
30 41 
30 43 
30 44 
30 45 
30 46 
30 48 
30 49 
30 50 
30 54 
30 55 
30 56 
30 58 
30 59 
30 60 
30 62 
30 66 
30 68 
30 73 
30 74 
30 75 
30 77 
30 79 
31 33 
31 34 
31 36 
31 37 
31 38 
31 40 
31 41 
31 42 
31 43 
31 44 
31 45 
31 47 
31 48 
31 49 
31 50 
31 51 
31 52 
31 53 
31 54 
31 55 
31 56 
31 58 
31 59 
31 60 
31 62 
31 66 
31 67 
31 68 
31 69 
31 71 
31 72 
31 75 
31 78 
31 79 
32 33 
32 34 
32 35 
32 39 
32 40 
32 41 
32 42 
32 43 
32 45 
32 49 
32 50 
32 51 
32 53 
32 54 
32 56 
32 57 
32 61 
32 64 
32 66 
32 68 
32 69 
32 71 
32 72 
32 76 
32 77 
32 79 
32 80 
33 36 
33 37 
33 39 
33 40 
33 41 
33 42 
33 44 
33 47 
33 49 
33 50 
33 52 
33 53 
33 55 
33 57 
33 60 
33 63 
33 65 
33 66 
33 68 
33 70 
33 72 
33 73 
33 76 
33 77 
33 78 
33 79 
33 80 
34 35 
34 38 
34 41 
34 42 
34 43 
34 44 
34 48 
34 49 
34 50 
34 51 
34 53 
34 55 
34 58 
34 62 
34 66 
34 67 
34 68 
34 69 
34 70 
34 71 
34 73 
34 77 
34 78 
34 79 
34 80 
35 36 
35 37 
35 38 
35 39 
35 42 
35 43 
35 44 
35 45 
35 47 
35 49 
35 50 
35 51 
35 52 
35 53 
35 55 
35 56 
35 57 
35 59 
35 60 
35 61 
35 62 
35 65 
35 67 
35 68 
35 70 
35 71 
35 74 
35 75 
35 77 
35 79 
36 39 
36 40 
36 41 
36 42 
36 43 
36 45 
36 46 
36 47 
36 49 
36 50 
36 53 
36 55 
36 56 
36 58 
36 59 
36 60 
36 61 
36 65 
36 71 
36 72 
36 73 
36 74 
36 75 
36 76 
36 77 
36 79 
36 80 
37 38 
37 39 
37 40 
37 41 
37 42 
37 43 
37 47 
37 48 
37 49 
37 50 
37 51 
37 52 
37 53 
37 54 
37 57 
37 58 
37 59 
37 63 
37 65 
37 66 
37 68 
37 70 
37 74 
37 78 
37 79 
38 40 
38 41 
38 43 
38 46 
38 48 
38 49 
38 51 
38 52 
38 53 
38 55 
38 56 
38 58 
38 59 
38 60 
38 61 
38 62 
38 63 
38 66 
38 68 
38 69 
38 70 
38 71 
38 73 
38 74 
38 75 
38 76 
38 77 
38 78 
39 40 
39 41 
39 42 
39 43 
39 47 
39 48 
39 50 
39 51 
39 53 
39 55 
39 58 
39 60 
39 61 
39 62 
39 63 
39 65 
39 66 
39 67 
39 69 
39 70 
39 73 
39 74 
39 75 
39 77 
39 78 
39 80 
40 41 
40 44 
40 47 
40 48 
40 49 
40 51 
40 52 
40 53 
40 54 
40 56 
40 57 
40 62 
40 63 
40 64 
40 69 
40 70 
40 71 
40 72 
40 74 
40 76 
40 77 
40 78 
40 79 
41 42 
41 43 
41 49 
41 50 
41 52 
41 53 
41 54 
41 55 
41 56 
41 58 
41 59 
41 60 
41 64 
41 66 
41 69 
41 72 
41 73 
41 78 
41 79 
42 44 
42 46 
42 47 
42 49 
42 50 
42 51 
42 56 
42 60 
42 61 
42 62 
42 63 
42 64 
42 66 
42 68 
42 71 
42 73 
42 74 
42 75 
42 77 
42 79 
42 80 
43 44 
43 45 
43 46 
43 47 
43 48 
43 50 
43 52 
43 58 
43 60 
43 61 
43 63 
43 65 
43 66 
43 68 
43 71 
43 73 
43 79 
43 80 
44 49 
44 50 
44 53 
44 56 
44 57 
44 59 
44 60 
44 61 
44 63 
44 64 
44 65 
44 66 
44 68 
44 69 
44 70 
44 71 
44 74 
44 75 
44 77 
44 78 
44 80 
45 46 
45 48 
45 49 
45 51 
45 52 
45 56 
45 59 
45 60 
45 63 
45 64 
45 65 
45 66 
45 68 
45 70 
45 71 
45 75 
45 76 
45 77 
45 78 
45 79 
45 80 
46 48 
46 51 
46 52 
46 53 
46 54 
46 58 
46 60 
46 62 
46 63 
46 67 
46 68 
46 69 
46 70 
46 72 
46 73 
46 74 
46 75 
46 77 
46 79 
46 80 
47 48 
47 49 
47 50 
47 52 
47 55 
47 57 
47 58 
47 59 
47 60 
47 62 
47 64 
47 65 
47 66 
47 67 
47 68 
47 70 
47 72 
47 73 
47 74 
47 77 
47 78 
47 79 
47 80 
48 49 
48 50 
48 51 
48 52 
48 54 
48 55 
48 57 
48 58 
48 59 
48 60 
48 61 
48 62 
48 64 
48 67 
48 69 
48 71 
48 74 
48 75 
48 76 
48 77 
48 79 
49 50 
49 51 
49 52 
49 53 
49 54 
49 55 
49 56 
49 57 
49 59 
49 60 
49 61 
49 63 
49 65 
49 68 
49 69 
49 70 
49 71 
49 72 
49 73 
49 74 
49 75 
49 77 
49 78 
49 80 
50 56 
50 57 
50 61 
50 62 
50 63 
50 70 
50 72 
50 73 
50 78 
51 56 
51 57 
51 58 
51 59 
51 60 
51 65 
51 66 
51 67 
51 68 
51 69 
51 70 
51 76 
51 78 
51 79 
51 80 
52 54 
52 56 
52 57 
52 59 
52 61 
52 64 
52 65 
52 67 
52 69 
52 70 
52 72 
52 74 
52 75 
52 76 
52 77 
52 78 
52 80 
53 54 
53 57 
53 60 
53 61 
53 62 
53 63 
53 65 
53 67 
53 68 
53 69 
53 70 
53 71 
53 73 
53 75 
53 76 
53 77 
53 78 
53 80 
54 55 
54 58 
54 59 
54 60 
54 61 
54 62 
54 63 
54 64 
54 65 
54 66 
54 67 
54 68 
54 69 
54 70 
54 71 
54 72 
54 74 
54 75 
54 77 
54 79 
55 56 
55 57 
55 58 
55 61 
55 62 
55 64 
55 66 
55 67 
55 69 
55 72 
55 76 
55 78 
55 79 
56 58 
56 59 
56 60 
56 61 
56 66 
56 70 
56 72 
56 73 
56 74 
56 75 
56 76 
56 77 
56 78 
56 79 
57 58 
57 59 
57 60 
57 63 
57 65 
57 66 
57 67 
57 70 
57 71 
57 74 
58 61 
58 62 
58 63 
58 64 
58 65 
58 66 
58 68 
58 69 
58 71 
58 74 
58 75 
58 79 
58 80 
59 61 
59 64 
59 65 
59 66 
59 67 
59 68 
59 72 
59 77 
59 78 
60 61 
60 63 
60 65 
60 66 
60 67 
60 70 
60 71 
60 73 
60 74 
60 79 
60 80 
61 62 
61 63 
61 65 
61 66 
61 67 
61 69 
61 71 
61 72 
61 75 
61 76 
61 77 
61 78 
61 79 
61 80 
62 63 
62 64 
62 66 
62 67 
62 69 
62 70 
62 72 
62 74 
62 76 
62 77 
62 78 
62 79 
62 80 
63 65 
63 66 
63 67 
63 70 
63 71 
63 72 
63 73 
63 74 
63 77 
63 80 
64 65 
64 67 
64 69 
64 71 
64 73 
64 77 
64 80 
65 72 
65 77 
65 78 
65 79 
65 80 
66 67 
66 69 
66 70 
66 71 
66 76 
66 77 
66 79 
66 80 
67 70 
67 72 
67 74 
67 76 
67 77 
67 78 
67 79 
67 80 
68 71 
68 72 
68 78 
68 80 
69 70 
69 71 
69 74 
69 76 
69 79 
69 80 
70 73 
70 74 
70 75 
70 76 
71 73 
71 75 
71 78 
71 79 
72 75 
72 76 
72 78 
72 79 
73 74 
73 76 
73 77 
73 79 
74 76 
74 77 
74 78 
74 79 
74 80 
75 78 
76 77 
76 78 
77 78 
77 79 
78 79 
78 80 
79 80 
