nNodes=100;
 nPairs=971;
Cost=

101  0  0  101  0  101  0  0  101  0  101  0  101  0  0  0  0  0  0  0  0  0  0  0  0  0  0  0  101  101  0  101  0  0  101  0  0  0  0  0  0  0  0  0  0  0  0  101  0  0  0  0  101  0  0  0  101  101  101  0  0  0  0  0  0  101  0  101  0  0  0  0  101  0  0  0  0  0  0  0  0  0  101  0  0  0  0  0  0  0  0  0  0  0  0  0  0  0  0  0  

0  101  101  0  101  101  101  0  101  0  0  0  0  101  0  0  0  0  0  0  0  0  0  101  0  101  0  101  0  0  0  0  0  0  101  0  0  0  0  0  101  0  101  0  101  0  0  0  0  0  0  0  0  0  101  0  0  0  101  0  0  0  0  0  0  0  0  0  0  0  101  0  0  0  0  0  0  101  101  101  0  0  0  0  0  0  101  0  0  0  0  0  0  0  0  0  0  0  0  101  

0  101  101  0  0  0  101  0  0  0  0  0  101  0  0  0  0  0  0  101  101  0  0  0  0  0  0  101  0  101  0  0  101  0  0  0  0  0  101  0  0  0  101  0  0  0  0  0  0  0  0  0  0  0  0  0  0  0  0  0  0  0  0  0  0  101  0  0  0  101  0  101  0  0  0  0  0  0  0  101  101  0  0  101  0  101  0  0  0  0  0  0  0  0  0  101  0  0  0  101  

101  0  0  101  0  0  101  101  0  0  0  0  0  0  0  0  0  101  0  0  101  101  101  0  0  0  0  101  0  0  0  101  101  0  0  0  101  0  0  0  0  0  101  0  101  0  0  0  0  0  0  0  101  0  0  101  0  0  0  101  101  0  0  0  0  101  0  0  101  0  0  0  0  0  0  0  101  0  0  101  0  0  0  0  0  0  101  0  101  0  0  0  101  0  0  0  0  0  0  0  

0  101  0  0  101  0  101  0  0  101  0  0  0  0  0  0  0  0  0  0  0  0  0  0  0  0  0  0  0  0  101  101  0  0  0  0  0  0  0  0  0  101  0  0  0  0  0  0  101  0  101  101  101  0  0  0  101  101  0  101  101  0  0  0  101  0  0  0  0  0  0  0  101  0  0  0  0  0  0  101  0  101  0  0  0  101  0  0  0  0  0  0  0  0  101  101  0  0  0  101  

101  101  0  0  0  101  0  0  0  0  0  0  101  0  0  0  101  0  0  0  0  0  101  0  0  0  101  0  0  0  0  0  0  0  0  0  0  0  0  0  0  0  0  0  101  0  0  0  101  0  0  0  0  101  0  101  0  0  0  0  0  0  0  0  0  0  0  101  0  0  0  0  0  0  101  0  0  0  0  0  0  0  0  0  101  0  0  0  0  0  0  0  0  101  0  0  0  101  0  0  

0  101  101  101  101  0  101  0  0  0  101  101  0  0  0  101  0  0  0  0  0  0  0  0  101  0  0  0  0  0  0  0  0  0  0  0  0  0  101  0  101  0  0  0  0  101  101  0  0  101  101  0  0  0  0  0  0  0  0  0  101  0  0  0  0  0  0  0  101  101  0  0  0  0  0  0  0  0  0  0  0  0  0  0  0  0  0  0  0  0  0  0  101  0  0  0  0  0  101  0  

0  0  0  101  0  0  0  101  0  0  0  0  0  0  0  0  101  0  0  0  0  0  101  0  101  0  0  0  0  101  101  0  0  0  0  0  0  0  0  101  101  0  0  0  0  101  101  101  101  0  101  101  101  101  0  0  0  0  0  0  0  0  0  0  0  0  101  0  0  101  101  0  0  0  0  0  0  0  101  0  0  101  0  0  0  101  0  0  0  0  0  0  0  0  101  0  0  0  0  0  

101  101  0  0  0  0  0  0  101  0  0  101  0  101  101  0  0  0  0  0  101  0  0  0  0  0  0  0  0  0  0  101  0  0  0  101  101  0  101  101  0  0  0  0  101  0  0  101  101  0  0  0  0  0  101  0  0  101  0  0  0  0  0  0  0  0  0  0  0  0  0  0  0  0  0  0  0  101  0  0  101  101  101  0  101  0  101  0  0  101  0  0  0  0  101  101  0  0  0  0  

0  0  0  0  101  0  0  0  0  101  0  0  0  0  101  0  0  0  0  101  0  101  101  0  0  0  0  0  0  101  0  0  0  0  101  0  101  0  0  101  101  0  0  0  0  0  0  0  0  101  101  0  0  0  0  0  101  0  0  101  0  0  0  0  0  0  0  0  0  0  0  0  0  0  101  0  0  101  0  0  0  0  101  101  0  0  0  0  0  0  0  101  0  101  0  0  101  0  0  101  

101  0  0  0  0  0  101  0  0  0  101  0  0  101  0  101  0  0  101  0  0  0  0  0  0  0  0  0  101  0  0  0  0  101  101  0  0  0  0  0  0  0  0  0  101  0  0  0  0  0  101  0  101  0  0  0  101  0  0  0  0  0  0  0  0  0  0  101  0  0  0  0  0  0  0  0  0  0  101  0  0  0  0  101  101  0  0  0  0  0  0  0  101  0  0  0  0  0  0  0  

0  0  0  0  0  0  101  0  101  0  0  101  101  0  0  0  0  0  101  0  101  0  0  0  0  0  0  0  0  101  0  0  0  0  101  0  0  0  101  0  101  101  0  0  0  0  0  0  0  0  101  0  0  101  0  0  0  0  0  0  101  0  0  0  0  0  101  0  0  0  0  0  0  101  101  101  0  0  0  0  101  0  0  0  0  0  0  0  0  0  0  0  101  0  0  101  0  0  101  101  

101  0  101  0  0  101  0  0  0  0  0  101  101  101  101  0  0  0  0  101  0  0  0  0  0  0  101  0  0  0  0  0  0  0  0  101  0  101  101  0  0  101  101  101  0  101  101  0  0  0  101  101  0  0  0  0  0  0  0  0  0  0  0  101  0  0  0  0  0  0  0  0  101  101  0  0  101  0  0  0  0  0  101  0  101  101  0  0  0  0  0  101  0  0  0  0  0  0  0  0  

0  101  0  0  0  0  0  0  101  0  101  0  101  101  0  0  0  0  0  101  101  0  0  0  0  0  0  0  0  0  0  0  0  0  101  0  0  0  0  0  0  101  0  101  101  0  0  101  0  0  0  0  0  0  0  0  0  0  0  0  0  0  0  101  0  0  0  0  0  0  101  0  0  0  0  0  0  0  0  0  0  0  0  0  0  0  0  0  101  101  0  0  0  101  101  0  0  0  0  0  

0  0  0  0  0  0  0  0  101  101  0  0  101  0  101  0  0  0  0  0  0  0  0  0  0  101  101  0  0  0  0  0  0  0  0  0  101  0  0  0  0  101  0  101  0  101  0  0  0  101  101  0  0  101  101  0  0  0  0  0  101  0  0  101  0  101  0  101  0  0  0  0  0  101  101  0  0  0  0  0  0  0  0  101  0  0  0  101  0  0  0  0  0  0  0  0  0  0  101  0  

0  0  0  0  0  0  101  0  0  0  101  0  0  0  0  101  0  0  0  0  0  0  0  0  0  0  0  0  0  0  0  0  101  0  0  0  101  101  0  0  0  0  0  0  0  0  0  0  0  0  101  0  0  101  0  101  0  0  0  0  0  0  0  0  0  0  0  0  101  0  0  0  0  0  0  0  101  0  0  0  0  0  0  0  101  101  0  0  0  0  0  0  0  0  0  0  0  0  0  0  

0  0  0  0  0  101  0  101  0  0  0  0  0  0  0  0  101  0  0  0  0  0  0  0  101  101  0  0  0  101  0  0  0  0  101  0  0  0  0  0  0  0  0  101  0  101  0  101  0  0  0  0  101  0  0  0  0  0  0  0  101  0  0  0  0  0  0  0  0  101  0  101  0  101  0  0  0  0  101  0  0  0  101  0  0  0  101  101  101  101  0  0  0  0  0  0  0  0  0  0  

0  0  0  101  0  0  0  0  0  0  0  0  0  0  0  0  0  101  0  0  0  0  0  0  0  0  101  0  0  0  101  0  101  0  101  0  0  0  0  0  0  101  0  0  0  0  0  0  0  0  0  0  101  0  0  0  0  0  0  101  101  0  101  0  0  101  101  0  0  0  0  101  101  0  101  0  0  0  0  0  101  0  101  0  0  101  0  0  0  0  101  0  0  0  0  101  0  0  0  0  

0  0  0  0  0  0  0  0  0  0  101  101  0  0  0  0  0  0  101  0  0  0  0  0  0  101  0  0  0  0  0  0  0  0  0  0  0  101  0  101  0  0  0  0  0  101  0  0  0  0  0  0  101  0  0  0  0  101  0  101  0  0  0  0  0  101  0  0  0  101  0  0  0  0  0  0  101  101  0  0  0  0  0  101  0  0  0  0  0  0  0  0  101  0  0  0  0  0  101  0  

0  0  101  0  0  0  0  0  0  101  0  0  101  101  0  0  0  0  0  101  0  101  101  101  0  0  0  0  0  0  101  0  0  0  0  101  101  0  0  0  0  0  0  0  0  0  0  0  0  0  101  0  101  101  101  0  0  0  101  0  0  0  0  101  0  0  0  0  0  0  0  0  0  0  0  0  0  101  101  0  0  0  0  0  0  101  0  0  0  0  0  0  0  101  0  0  0  0  0  101  

0  0  101  101  0  0  0  0  101  0  0  101  0  101  0  0  0  0  0  0  101  0  101  101  0  0  0  0  101  0  0  0  101  0  101  0  0  0  0  0  0  0  0  0  101  0  0  101  0  0  101  0  0  0  0  0  0  0  0  0  0  0  0  0  101  0  0  0  0  0  0  0  101  0  101  0  0  101  0  0  0  0  0  0  0  101  0  0  0  0  101  0  0  0  0  101  101  101  0  0  

0  0  0  101  0  0  0  0  0  101  0  0  0  0  0  0  0  0  0  101  0  101  0  101  0  0  0  0  0  0  0  0  101  0  101  0  0  0  101  0  101  0  101  0  101  0  0  101  0  0  0  0  0  0  0  0  0  0  0  0  0  0  0  0  0  101  0  0  0  0  0  101  0  0  101  0  0  0  0  0  0  101  0  0  0  0  0  0  0  0  0  0  0  101  101  0  101  0  0  101  

0  0  0  101  0  101  0  101  0  101  0  0  0  0  0  0  0  0  0  101  101  0  101  0  0  0  0  0  0  0  0  101  0  101  0  0  0  0  0  0  0  0  0  0  101  101  0  0  0  0  101  0  0  101  0  0  101  101  0  0  101  0  0  0  0  0  0  101  0  0  0  0  0  0  0  0  0  0  0  0  0  101  101  0  101  0  0  0  0  0  0  0  0  0  0  0  0  0  0  0  

0  101  0  0  0  0  0  0  0  0  0  0  0  0  0  0  0  0  0  101  101  101  0  101  0  0  0  101  0  0  0  101  0  0  0  0  0  0  0  0  0  0  0  101  0  101  0  101  0  101  101  101  0  0  0  101  0  0  0  0  0  0  101  101  0  0  0  0  0  0  101  0  0  0  0  0  0  0  0  0  0  0  101  0  101  101  0  0  0  0  0  101  101  0  0  0  101  101  0  0  

0  0  0  0  0  0  101  101  0  0  0  0  0  0  0  0  101  0  0  0  0  0  0  0  101  0  0  0  0  0  0  0  0  0  0  0  0  101  0  0  0  0  0  101  0  101  0  0  0  0  0  101  0  0  101  0  0  0  0  101  0  0  0  0  0  101  0  0  0  0  0  0  0  0  0  101  0  101  101  101  0  101  0  0  101  0  0  0  0  0  0  0  0  0  0  0  101  0  0  101  

0  101  0  0  0  0  0  0  0  0  0  0  0  0  101  0  101  0  101  0  0  0  0  0  0  101  0  0  0  0  101  0  101  101  101  0  0  0  0  0  0  0  0  0  0  0  0  0  0  101  0  0  0  101  0  0  0  0  0  0  0  0  0  0  0  0  101  0  0  101  0  0  0  0  0  0  0  0  0  0  0  0  0  101  0  0  101  101  0  0  0  0  0  0  0  0  101  0  0  0  

0  0  0  0  0  101  0  0  0  0  0  0  101  0  101  0  0  101  0  0  0  0  0  0  0  0  101  101  0  0  0  0  0  0  101  0  0  0  0  0  0  0  0  0  0  0  101  0  0  0  101  0  0  0  0  0  0  0  0  0  0  0  0  0  0  0  0  0  0  0  0  0  0  0  0  0  101  101  0  0  0  0  0  101  0  0  0  101  0  101  0  101  0  0  0  0  101  0  0  101  

0  101  101  101  0  0  0  0  0  0  0  0  0  0  0  0  0  0  0  0  0  0  0  101  0  0  101  101  0  0  0  0  101  101  0  0  0  0  0  0  0  101  0  0  0  0  0  101  0  0  0  101  0  101  101  0  0  0  0  101  0  0  0  0  0  0  0  0  101  0  0  0  0  101  0  0  0  0  0  0  101  0  0  0  0  0  101  0  0  0  0  0  0  101  0  0  0  0  0  0  

101  0  0  0  0  0  0  0  0  0  101  0  0  0  0  0  0  0  0  0  101  0  0  0  0  0  0  0  101  0  0  0  0  0  0  0  0  0  0  0  101  0  0  0  0  101  0  0  101  0  101  0  0  101  0  0  0  101  0  0  0  0  0  0  0  0  0  0  0  0  0  0  101  0  0  0  0  0  101  0  0  0  0  0  0  0  101  0  0  101  0  0  0  0  0  101  0  0  0  0  

101  0  101  0  0  0  0  101  0  101  0  101  0  0  0  0  101  0  0  0  0  0  0  0  0  0  0  0  0  101  0  0  0  0  101  0  0  0  0  0  0  0  0  0  0  101  0  0  101  0  0  0  0  0  0  101  0  0  0  101  0  0  0  101  0  0  0  0  101  0  0  0  101  0  0  0  0  0  0  0  0  0  0  0  0  0  0  101  0  0  0  101  0  0  0  101  101  0  101  0  

0  0  0  0  101  0  0  101  0  0  0  0  0  0  0  0  0  101  0  101  0  0  0  0  0  101  0  0  0  0  101  0  0  0  0  0  0  101  0  0  0  0  101  0  0  101  0  101  0  0  0  0  0  0  0  0  0  0  0  101  101  0  0  101  0  0  0  0  0  0  0  0  0  0  0  0  0  0  0  101  0  0  101  101  0  0  0  0  101  0  101  101  0  0  101  0  0  0  0  0  

101  0  0  101  101  0  0  0  101  0  0  0  0  0  0  0  0  0  0  0  0  0  101  101  0  0  0  0  0  0  0  101  0  0  0  0  0  0  0  0  0  0  0  0  0  101  0  0  0  0  0  0  0  0  0  0  101  0  101  101  0  0  101  101  0  0  101  0  101  0  0  0  101  0  0  0  0  0  0  0  0  0  0  0  0  0  101  101  0  101  101  0  101  0  0  0  101  0  0  101  

0  0  101  101  0  0  0  0  0  0  0  0  0  0  0  101  0  101  0  0  101  101  0  0  0  101  0  101  0  0  0  0  101  0  0  0  0  0  0  0  0  101  0  0  0  101  101  101  0  0  0  0  0  101  101  0  0  0  0  0  0  101  0  0  0  0  0  0  0  0  0  0  0  0  0  0  101  0  101  0  0  0  0  0  101  0  0  101  0  0  0  0  0  0  0  0  101  101  0  0  

0  0  0  0  0  0  0  0  0  0  101  0  0  0  0  0  0  0  0  0  0  0  101  0  0  101  0  101  0  0  0  0  0  101  0  0  0  101  0  0  0  0  0  0  0  0  0  0  0  0  101  0  0  0  0  0  0  101  0  0  0  0  0  0  0  101  0  0  0  101  0  0  101  0  0  0  101  101  0  0  101  0  101  0  0  0  0  0  0  0  0  101  101  101  0  101  101  101  0  0  

101  101  0  0  0  0  0  0  0  101  101  101  0  101  0  0  101  101  0  0  101  101  0  0  0  101  101  0  0  101  0  0  0  0  101  0  0  101  0  0  101  0  0  0  0  0  0  0  0  0  0  0  0  0  0  0  0  0  101  0  0  0  0  101  0  0  0  0  0  0  101  101  0  0  0  0  101  0  0  0  0  101  0  101  0  0  0  0  0  0  0  0  101  101  0  0  0  0  0  0  

0  0  0  0  0  0  0  0  101  0  0  0  101  0  0  0  0  0  0  101  0  0  0  0  0  0  0  0  0  0  0  0  0  0  0  101  0  101  0  0  0  0  0  0  0  101  0  0  0  101  0  101  101  0  101  0  0  0  0  0  0  0  0  101  0  0  0  0  0  0  0  0  101  0  0  0  101  0  0  0  101  0  0  0  101  0  0  0  0  101  0  101  0  0  0  101  0  0  0  101  

0  0  0  101  0  0  0  0  101  101  0  0  0  0  101  101  0  0  0  101  0  0  0  0  0  0  0  0  0  0  0  0  0  0  0  0  101  0  0  0  101  0  0  0  0  0  101  0  101  0  0  0  0  0  0  0  0  101  0  0  0  0  0  0  101  101  0  0  0  101  0  0  101  101  0  0  0  101  0  0  0  0  0  0  101  0  101  0  0  0  0  0  0  0  0  0  0  101  0  0  

0  0  0  0  0  0  0  0  0  0  0  0  101  0  0  101  0  0  101  0  0  0  0  0  101  0  0  0  0  0  101  0  0  101  101  101  0  101  0  0  101  0  0  0  0  0  101  0  101  0  0  0  0  101  101  0  0  0  0  0  0  0  0  101  0  0  0  101  0  0  0  101  0  0  0  0  0  0  0  101  0  0  0  0  0  101  0  0  101  101  0  0  101  0  0  0  0  0  0  0  

0  0  101  0  0  0  101  0  101  0  0  101  101  0  0  0  0  0  0  0  0  101  0  0  0  0  0  0  0  0  0  0  0  0  0  0  0  0  101  101  0  0  0  0  0  0  0  0  0  0  0  0  0  0  0  0  0  0  0  101  0  0  0  0  101  101  0  101  101  0  0  0  0  0  0  101  0  0  101  0  0  0  0  101  101  101  0  0  0  0  0  0  0  0  0  0  0  0  101  0  

0  0  0  0  0  0  0  101  101  101  0  0  0  0  0  0  0  0  101  0  0  0  0  0  0  0  0  0  0  0  0  0  0  0  0  0  0  0  101  101  0  0  0  0  0  0  101  101  101  0  0  101  0  0  0  0  0  0  101  0  0  0  0  0  0  0  0  0  0  0  0  0  0  0  0  0  0  101  101  0  0  0  0  0  0  0  0  0  101  101  0  0  0  0  0  0  0  0  101  0  

0  101  0  0  0  0  101  101  0  101  0  101  0  0  0  0  0  0  0  0  0  101  0  0  0  0  0  0  101  0  0  0  0  0  101  0  101  101  0  0  101  101  0  0  0  0  0  101  0  101  0  0  0  101  101  0  0  0  0  0  101  101  101  101  0  101  0  0  0  0  0  0  101  0  0  0  0  101  101  0  0  0  0  101  0  0  0  0  0  101  0  0  0  0  0  0  0  0  101  0  

0  0  0  0  101  0  0  0  0  0  0  101  101  101  101  0  0  101  0  0  0  0  0  0  0  0  0  101  0  0  0  0  101  0  0  0  0  0  0  0  101  101  0  0  0  0  101  0  0  0  0  0  0  0  101  0  0  0  101  101  0  0  0  0  0  0  0  0  0  101  0  101  101  0  0  0  0  0  0  0  0  0  0  0  0  0  101  0  0  0  0  0  0  0  0  101  0  0  0  0  

0  101  101  101  0  0  0  0  0  0  0  0  101  0  0  0  0  0  0  0  0  101  0  0  0  0  0  0  0  0  101  0  0  0  0  0  0  0  0  0  0  0  101  0  101  101  0  101  0  0  0  101  101  0  101  0  0  0  0  0  0  0  0  0  101  0  0  101  101  0  0  0  0  0  0  0  0  0  0  101  0  0  101  0  0  0  0  0  0  101  0  0  0  0  0  0  0  101  0  0  

0  0  0  0  0  0  0  0  0  0  0  0  101  101  101  0  101  0  0  0  0  0  0  101  101  0  0  0  0  0  0  0  0  0  0  0  0  0  0  0  0  0  0  101  0  0  0  0  0  0  0  0  0  0  101  0  101  0  0  0  0  0  0  0  0  101  0  0  0  101  0  0  0  0  0  0  0  0  0  0  101  0  0  0  0  0  0  0  0  101  0  0  0  0  0  101  101  101  0  101  

0  101  0  101  0  101  0  0  101  0  101  0  0  101  0  0  0  0  0  0  101  101  101  0  0  0  0  0  0  0  0  0  0  0  0  0  0  0  0  0  0  0  101  0  101  0  0  0  0  0  0  0  0  0  0  0  101  0  0  101  0  0  0  0  0  0  101  0  0  101  0  0  101  0  0  0  0  0  0  0  0  0  101  0  0  101  0  0  0  101  0  101  0  101  0  0  0  0  0  0  

0  0  0  0  0  0  101  101  0  0  0  0  101  0  101  0  101  0  101  0  0  0  101  101  101  0  0  0  101  101  101  101  101  0  0  101  0  0  0  0  0  0  101  0  0  101  0  0  101  0  0  0  0  0  101  0  0  101  101  0  0  0  101  0  0  101  0  0  0  0  101  0  0  101  101  0  0  0  0  0  0  0  0  0  101  0  101  101  0  0  0  0  101  101  0  0  0  0  0  0  

0  0  0  0  0  0  101  101  0  0  0  0  101  0  0  0  0  0  0  0  0  0  0  0  0  0  101  0  0  0  0  0  101  0  0  0  101  101  0  101  0  101  0  0  0  0  101  0  101  101  0  0  0  0  0  101  0  0  0  0  0  0  0  0  0  101  0  0  0  0  0  0  101  0  0  101  0  0  0  0  0  101  0  0  0  0  0  0  0  0  0  0  0  0  101  0  0  0  0  0  

101  0  0  0  0  0  0  101  101  0  0  0  0  101  0  0  101  0  0  0  101  101  0  101  0  0  0  101  0  0  101  0  101  0  0  0  0  0  0  101  101  0  101  0  0  0  0  101  0  0  0  0  0  0  0  0  0  0  0  0  0  0  0  0  0  0  0  0  0  101  101  101  101  0  0  0  0  0  0  0  0  0  0  0  101  0  101  0  0  101  101  0  101  0  0  0  0  0  0  0  

0  0  0  0  101  101  0  101  101  0  0  0  0  0  0  0  0  0  0  0  0  0  0  0  0  0  0  0  101  101  0  0  0  0  0  0  101  101  0  101  0  0  0  0  0  101  101  0  101  0  0  0  101  0  0  101  0  0  0  0  0  0  0  0  0  0  0  0  0  0  101  0  0  0  0  0  0  0  0  101  0  0  0  0  0  0  0  0  101  0  0  0  0  101  0  0  0  0  101  101  

0  0  0  0  0  0  101  0  0  101  0  0  0  0  101  0  0  0  0  0  0  0  0  101  0  101  0  0  0  0  0  0  0  0  0  101  0  0  0  0  101  0  0  0  0  0  101  0  0  101  0  0  0  0  101  0  101  101  0  0  101  0  0  0  0  0  0  0  0  0  101  0  101  0  0  101  0  0  0  0  0  0  0  0  0  0  101  0  101  0  0  0  0  0  0  0  0  0  101  0  

0  0  0  0  101  0  101  101  0  101  101  101  101  0  101  101  0  0  0  101  101  0  101  101  0  0  101  0  101  0  0  0  0  101  0  0  0  0  0  0  0  0  0  0  0  0  0  0  0  0  101  101  0  0  0  0  0  101  0  0  0  0  101  0  0  0  0  101  0  0  0  101  0  0  0  101  101  0  0  101  0  0  0  0  0  0  0  101  0  0  101  0  0  0  0  101  0  0  0  0  

0  0  0  0  101  0  0  101  0  0  0  0  101  0  0  0  0  0  0  0  0  0  0  101  101  0  0  101  0  0  0  0  0  0  0  101  0  0  0  101  0  0  101  0  0  0  0  0  0  0  101  101  0  101  0  0  0  0  101  0  0  0  101  0  0  0  0  0  0  0  101  101  0  0  0  0  0  0  0  0  0  0  0  0  0  0  0  0  0  0  0  0  0  0  0  101  0  0  0  0  

101  0  0  101  101  0  0  101  0  0  101  0  0  0  0  0  101  101  101  101  0  0  0  0  0  0  0  0  0  0  0  0  0  0  0  101  0  0  0  0  0  0  101  0  0  0  0  0  101  0  0  0  101  0  0  101  0  101  0  0  0  0  0  0  0  0  0  101  101  0  0  101  0  101  101  0  0  0  0  101  0  0  0  0  0  0  101  0  0  0  101  0  0  0  0  0  0  0  0  0  

0  0  0  0  0  101  0  101  0  0  0  101  0  0  101  101  0  0  0  101  0  0  101  0  0  101  0  101  101  0  0  0  101  0  0  0  0  101  0  0  101  0  0  0  0  0  0  0  0  0  0  101  0  101  0  0  101  0  0  0  0  101  0  0  0  0  0  0  0  0  101  0  101  0  0  0  0  101  0  0  0  0  0  0  0  0  101  0  0  0  0  0  101  101  0  0  0  0  101  0  

0  101  0  0  0  0  0  0  101  0  0  0  0  0  101  0  0  0  0  101  0  0  0  0  101  0  0  101  0  0  0  0  101  0  0  101  0  101  0  0  101  101  101  101  0  101  0  0  0  101  0  0  0  0  101  0  0  101  0  101  0  0  0  0  0  0  0  0  0  0  0  0  0  0  0  0  0  0  0  0  0  0  0  0  0  101  0  0  0  0  101  0  0  0  0  0  0  0  101  0  

0  0  0  101  0  101  0  0  0  0  0  0  0  0  0  101  0  0  0  0  0  0  0  101  0  0  0  0  0  101  0  0  0  0  0  0  0  0  0  0  0  0  0  0  0  0  101  0  101  0  0  0  101  0  0  101  101  0  0  0  0  0  0  0  0  0  0  0  0  0  0  0  101  0  0  0  0  0  0  0  0  0  0  0  0  0  0  0  0  0  0  101  0  101  101  0  0  0  0  0  

101  0  0  0  101  0  0  0  0  101  101  0  0  0  0  0  0  0  0  0  0  0  101  0  0  0  0  0  0  0  0  101  0  0  0  0  0  0  0  0  0  0  0  101  101  0  0  0  0  101  0  0  0  101  0  101  101  0  0  101  0  0  0  0  0  0  0  0  0  0  0  0  0  0  0  0  101  0  0  0  0  101  0  0  0  0  0  101  0  0  0  101  0  0  101  0  0  0  101  0  

101  0  0  0  101  0  0  0  101  0  0  0  0  0  0  0  0  0  101  0  0  0  101  0  0  0  0  0  101  0  0  0  0  101  0  0  101  0  0  0  0  0  0  0  0  101  0  0  0  101  101  0  101  0  101  0  0  101  0  101  0  0  0  0  0  0  0  0  0  0  0  0  0  0  0  0  0  0  0  0  0  0  0  0  0  101  0  0  101  0  0  101  0  0  101  0  0  0  0  0  

101  101  0  0  0  0  0  0  0  0  0  0  0  0  0  0  0  0  0  101  0  0  0  0  0  0  0  0  0  0  0  101  0  0  101  0  0  0  0  101  0  101  0  0  0  101  0  0  0  0  0  101  0  0  0  0  0  0  101  0  0  0  0  0  0  0  0  0  101  101  0  101  101  101  0  101  0  0  101  101  0  0  101  0  0  0  0  0  101  101  0  0  0  0  101  101  0  0  0  0  

0  0  0  101  101  0  0  0  0  101  0  0  0  0  0  0  0  101  101  0  0  0  0  0  101  0  0  101  0  101  101  101  0  0  0  0  0  0  101  0  0  101  0  0  101  0  0  0  0  0  0  0  0  0  101  0  101  101  0  101  0  0  0  101  0  101  0  0  0  0  0  0  0  0  0  0  101  0  0  0  101  0  0  0  0  0  0  0  0  0  0  0  101  0  0  0  0  0  0  0  

0  0  0  101  101  0  101  0  0  0  0  101  0  0  101  0  101  101  0  0  0  0  101  0  0  0  0  0  0  0  101  0  0  0  0  0  0  0  0  0  101  0  0  0  0  0  0  0  0  101  0  0  0  0  0  0  0  0  0  0  101  0  0  101  0  0  0  0  0  0  0  0  0  0  0  0  0  101  0  0  0  101  0  0  0  0  0  0  0  0  0  101  0  0  0  0  0  0  0  0  

0  0  0  0  0  0  0  0  0  0  0  0  0  0  0  0  0  0  0  0  0  0  0  0  0  0  0  0  0  0  0  0  101  0  0  0  0  0  0  0  101  0  0  0  0  0  0  0  0  0  0  0  0  101  0  0  0  0  0  0  0  101  0  0  0  101  0  0  0  0  0  0  0  0  0  0  101  0  0  0  101  0  101  101  0  0  0  0  0  101  0  0  0  101  101  0  0  0  0  0  

0  0  0  0  0  0  0  0  0  0  0  0  0  0  0  0  0  101  0  0  0  0  0  101  0  0  0  0  0  0  0  101  0  0  0  0  0  0  0  0  101  0  0  0  0  101  0  0  0  0  101  101  0  0  0  0  0  0  0  0  0  0  101  0  0  0  0  101  101  0  0  101  0  0  0  0  0  0  0  0  0  0  0  0  101  101  0  0  0  0  0  0  0  0  0  0  0  101  0  0  

0  0  0  0  0  0  0  0  0  0  0  0  101  101  101  0  0  0  0  101  0  0  0  101  0  0  0  0  0  101  101  101  0  0  101  101  0  101  0  0  101  0  0  0  0  0  0  0  0  0  0  0  0  0  0  0  0  0  0  101  101  0  0  101  0  101  101  0  0  101  0  0  101  0  101  0  0  0  101  0  0  0  0  0  0  0  0  0  0  101  0  0  101  0  0  101  0  0  0  0  

0  0  0  0  101  0  0  0  0  0  0  0  0  0  0  0  0  0  0  0  101  0  0  0  0  0  0  0  0  0  0  0  0  0  0  0  101  0  101  0  0  0  101  0  0  0  0  0  0  0  0  0  0  0  0  0  0  0  0  0  0  0  0  0  101  0  0  0  0  0  101  101  0  0  0  0  101  0  0  0  101  0  0  101  101  101  0  101  0  101  0  0  0  0  0  0  101  101  0  0  

101  0  101  101  0  0  0  0  0  0  0  0  0  0  101  0  0  101  101  0  0  101  0  0  101  0  0  0  0  0  0  0  0  101  0  0  101  0  101  0  101  0  0  101  0  101  101  0  0  0  0  0  0  0  0  0  0  0  0  101  0  101  0  101  0  101  0  0  0  101  0  101  0  101  0  0  101  101  101  0  0  0  0  0  0  0  0  0  0  101  0  0  0  0  0  0  0  0  0  0  

0  0  0  0  0  0  0  101  0  0  0  101  0  0  0  0  0  101  0  0  0  0  0  0  0  101  0  0  0  0  0  101  0  0  0  0  0  0  0  0  0  0  0  0  101  0  0  0  0  0  0  0  0  0  0  0  0  0  0  0  0  0  0  101  0  0  101  0  0  0  101  0  101  0  0  0  0  0  101  0  0  0  101  0  0  101  0  0  0  0  0  0  0  0  0  0  0  0  0  0  

101  0  0  0  0  101  0  0  0  0  101  0  0  0  101  0  0  0  0  0  0  0  101  0  0  0  0  0  0  0  0  0  0  0  0  0  0  101  101  0  0  0  101  0  0  0  0  0  0  0  101  0  101  0  0  0  0  0  0  0  0  0  101  0  0  0  0  101  0  0  0  0  0  0  101  0  0  0  0  101  0  0  0  101  0  0  0  101  101  0  0  0  0  0  0  0  0  0  0  0  

0  0  0  101  0  0  101  0  0  0  0  0  0  0  0  101  0  0  0  0  0  0  0  0  0  0  0  101  0  101  0  101  0  0  0  0  0  0  101  0  0  0  101  0  0  0  0  0  0  0  0  0  101  0  0  0  0  0  101  0  0  0  101  0  0  0  0  0  101  0  101  101  0  0  0  0  101  0  101  101  0  0  101  0  101  0  0  0  0  101  0  0  0  0  101  101  0  0  101  0  

0  0  101  0  0  0  101  101  0  0  0  0  0  0  0  0  101  0  101  0  0  0  0  0  0  101  0  0  0  0  0  0  0  101  0  0  101  0  0  0  0  101  0  101  101  0  0  101  0  0  0  0  0  0  0  0  0  0  101  0  0  0  0  101  0  101  0  0  0  101  0  0  0  101  0  0  101  0  101  0  0  0  0  101  0  101  0  0  101  0  0  0  101  0  0  0  0  0  0  0  

0  101  0  0  0  0  0  101  0  0  0  0  0  101  0  0  0  0  0  0  0  0  0  101  0  0  0  0  0  0  0  0  0  0  101  0  0  0  0  0  0  0  0  0  0  101  0  101  101  101  0  101  0  101  0  0  0  0  0  0  0  0  0  0  101  0  101  0  101  0  101  0  101  0  101  0  0  0  101  0  101  0  0  0  101  0  0  0  0  0  0  0  0  0  0  0  0  0  0  101  

0  0  101  0  0  0  0  0  0  0  0  0  0  0  0  0  101  101  0  0  0  101  0  0  0  0  0  0  0  0  0  0  0  0  101  0  0  101  0  0  0  101  0  0  0  0  0  101  0  0  101  101  101  0  0  0  0  0  101  0  0  0  101  0  101  101  0  0  101  0  0  101  0  0  0  0  0  0  0  101  0  0  0  101  0  0  0  0  101  101  0  0  0  0  0  101  0  0  0  0  

101  0  0  0  101  0  0  0  0  0  0  0  101  0  0  0  0  101  0  0  101  0  0  0  0  0  0  0  101  101  0  101  0  101  0  101  101  0  0  0  101  101  0  0  101  0  101  101  0  101  0  0  0  101  0  101  0  0  101  0  0  0  0  101  0  0  101  0  0  0  101  0  101  101  0  0  0  0  0  0  0  101  0  0  0  0  101  0  0  0  0  0  0  0  0  0  0  0  0  0  

0  0  0  0  0  0  0  0  0  0  0  101  101  0  101  0  101  0  0  0  0  0  0  0  0  0  0  101  0  0  0  0  0  0  0  0  101  0  0  0  0  0  0  0  0  101  0  0  0  0  0  0  101  0  0  0  0  0  101  0  0  0  0  0  0  101  0  0  0  101  0  0  101  101  101  0  101  0  0  101  101  0  0  0  0  0  0  0  101  0  0  0  0  0  0  0  0  0  0  0  

0  0  0  0  0  101  0  0  0  101  0  101  0  0  101  0  0  101  0  0  101  101  0  0  0  0  0  0  0  0  0  0  0  0  0  0  0  0  0  0  0  0  0  0  0  101  0  0  0  0  0  0  101  0  0  0  0  0  0  0  0  0  0  101  0  0  0  101  0  0  101  0  0  101  101  0  0  0  0  101  0  0  0  0  0  0  0  101  0  0  101  0  0  101  0  0  0  0  0  0  

0  0  0  0  0  0  0  0  0  0  0  101  0  0  0  0  0  0  0  0  0  0  0  0  101  0  0  0  0  0  0  0  0  0  0  0  0  0  101  0  0  0  0  0  0  0  101  0  0  101  101  0  0  0  0  0  0  0  101  0  0  0  0  0  0  0  0  0  0  0  0  0  0  0  0  101  0  0  0  101  0  0  0  0  0  0  101  101  101  0  0  0  101  101  0  0  0  0  0  0  

0  0  0  101  0  0  0  0  0  0  0  0  101  0  0  101  0  0  101  0  0  0  0  0  0  0  101  0  0  0  0  0  101  101  101  101  0  0  0  0  0  0  0  0  0  0  0  0  0  0  101  0  0  0  0  0  101  0  0  101  0  101  0  0  101  101  0  0  101  101  0  0  0  101  0  0  101  0  101  0  0  0  0  0  0  0  101  0  0  0  0  101  0  0  0  0  0  0  0  0  

0  101  0  0  0  0  0  0  101  101  0  0  0  0  0  0  0  0  101  101  101  0  0  0  101  0  101  0  0  0  0  0  0  101  0  0  101  0  0  101  101  0  0  0  0  0  0  0  0  0  0  0  0  101  0  0  0  0  0  0  101  0  0  0  0  101  0  0  0  0  0  0  0  0  0  0  0  101  0  0  0  0  0  0  0  0  101  101  0  0  0  0  0  0  0  0  0  101  0  0  

0  101  0  0  0  0  0  101  0  0  101  0  0  0  0  0  101  0  0  101  0  0  0  0  101  0  0  0  101  0  0  0  101  0  0  0  0  0  101  101  101  0  0  0  0  0  0  0  0  0  0  0  0  0  0  0  0  0  101  0  0  0  0  101  0  101  101  0  101  101  101  0  0  0  0  0  101  0  101  0  0  0  0  0  0  0  101  101  0  101  101  0  0  0  0  0  101  0  0  0  

0  101  101  101  101  0  0  0  0  0  0  0  0  0  0  0  0  0  0  0  0  0  0  0  101  0  0  0  0  0  101  0  0  0  0  0  0  101  0  0  0  0  101  0  0  0  0  0  101  0  101  0  101  0  0  0  0  0  101  0  0  0  0  0  0  0  0  101  101  0  0  101  0  101  101  101  0  0  0  101  0  0  0  101  0  0  0  101  0  0  0  0  0  101  0  0  0  101  101  101  

0  0  101  0  0  0  0  0  101  0  0  101  0  0  0  0  0  101  0  0  0  0  0  0  0  0  0  101  0  0  0  0  0  101  0  101  0  0  0  0  0  0  0  101  0  0  0  0  0  0  0  0  0  0  0  0  0  0  0  101  0  101  0  0  101  0  0  0  0  0  101  0  0  101  0  0  0  0  0  0  101  0  0  101  0  0  0  0  0  101  0  0  101  0  0  0  0  0  0  101  

0  0  0  0  101  0  0  101  101  0  0  0  0  0  0  0  0  0  0  0  0  101  101  0  101  0  0  0  0  0  0  0  0  0  101  0  0  0  0  0  0  0  0  0  0  0  101  0  0  0  0  0  0  0  0  0  101  0  0  0  101  0  0  0  0  0  0  0  0  0  0  0  101  0  0  0  0  0  0  0  0  101  0  0  0  0  0  0  0  0  101  0  0  0  0  0  0  0  0  0  

101  0  0  0  0  0  0  0  101  101  0  0  101  0  0  0  101  101  0  0  0  0  101  101  0  0  0  0  0  0  101  0  0  101  0  0  0  0  0  0  0  0  101  0  101  0  0  0  0  0  0  0  0  0  0  0  0  0  101  0  0  101  0  0  0  0  101  0  101  0  0  0  0  0  0  0  0  0  0  0  0  0  101  0  0  0  0  101  101  0  0  0  0  0  101  0  0  0  0  0  

0  0  101  0  0  0  0  0  0  101  101  0  0  0  101  0  0  0  101  0  0  0  0  0  0  101  101  0  0  0  101  0  0  0  101  0  0  0  101  0  101  0  0  0  0  0  0  0  0  0  0  0  0  0  0  0  0  0  0  0  0  101  0  0  101  0  0  101  0  101  0  101  0  0  0  0  0  0  0  101  101  0  0  101  101  0  0  0  0  0  0  0  0  0  0  0  0  0  0  0  

0  0  0  0  0  101  0  0  101  0  101  0  101  0  0  101  0  0  0  0  0  0  101  101  101  0  0  0  0  0  0  0  101  0  0  101  101  0  101  0  0  0  0  0  0  101  0  101  0  0  0  0  0  0  0  0  0  0  0  0  0  0  101  0  101  0  0  0  101  0  101  0  0  0  0  0  0  0  0  0  0  0  0  101  101  101  0  101  0  0  101  0  0  0  0  0  0  101  0  0  

0  0  101  0  101  0  0  101  0  0  0  0  101  0  0  101  0  101  0  101  101  0  0  101  0  0  0  0  0  0  0  0  0  0  0  0  0  101  101  0  0  0  0  0  101  0  0  0  0  0  0  0  0  0  101  0  0  101  0  0  0  0  101  0  101  0  101  0  0  101  0  0  0  0  0  0  0  0  0  0  0  0  0  0  101  101  0  0  101  0  0  0  0  0  101  0  0  101  0  0  

0  101  0  101  0  0  0  0  101  0  0  0  0  0  0  0  101  0  0  0  0  0  0  0  0  101  0  101  101  0  0  101  0  0  0  0  101  0  0  0  0  101  0  0  0  101  0  101  0  101  0  0  101  101  0  0  0  0  0  0  0  0  0  0  0  0  0  0  0  0  0  0  101  0  0  101  101  101  101  0  0  0  0  0  0  0  101  0  0  0  0  0  0  101  0  0  0  0  0  0  

0  0  0  0  0  0  0  0  0  0  0  0  0  0  101  0  101  0  0  0  0  0  0  0  0  101  101  0  0  101  0  101  101  0  0  0  0  0  0  0  0  0  0  0  0  101  0  0  0  0  101  0  0  0  0  0  101  0  0  0  0  0  0  0  101  0  0  101  0  0  0  0  0  0  101  101  0  101  101  101  0  0  101  0  101  0  0  101  0  101  0  101  0  0  0  0  0  101  0  101  

0  0  0  101  0  0  0  0  0  0  0  0  0  101  0  0  101  0  0  0  0  0  0  0  0  0  0  0  0  0  101  0  0  0  0  0  0  101  0  101  0  0  0  0  0  0  0  0  101  101  0  0  0  0  0  0  0  101  101  0  0  0  0  0  0  0  0  101  0  101  0  101  0  101  0  101  0  0  0  0  0  0  101  0  0  101  0  0  101  0  0  0  0  0  0  0  101  0  0  0  

0  0  0  0  0  0  0  0  101  0  0  0  0  101  0  0  101  0  0  0  0  0  0  0  0  0  101  0  101  0  0  101  0  0  0  101  0  101  0  101  101  0  101  101  101  0  0  101  0  0  0  0  0  0  0  0  0  0  101  0  0  101  0  101  101  101  0  0  101  0  0  101  0  0  0  0  0  0  101  0  101  0  0  0  0  0  0  101  0  101  0  101  0  0  0  0  0  0  0  0  

0  0  0  0  0  0  0  0  0  0  0  0  0  0  0  0  0  101  0  0  101  0  0  0  0  0  0  0  0  0  101  101  0  0  0  0  0  0  0  0  0  0  0  0  0  0  0  101  0  0  101  0  101  0  101  0  0  0  0  0  0  0  0  0  0  0  0  0  0  0  0  0  0  0  101  0  0  0  101  0  0  101  0  0  101  0  0  0  0  0  101  101  101  0  0  0  101  0  0  0  

0  0  0  0  0  0  0  0  0  101  0  0  101  0  0  0  0  0  0  0  0  0  0  101  0  0  101  0  0  101  101  0  0  101  0  101  0  0  0  0  0  0  0  0  101  0  0  0  0  0  0  0  0  0  0  101  101  101  0  0  101  0  0  0  0  0  0  0  0  0  0  0  0  0  0  0  101  0  0  0  0  0  0  0  0  0  0  101  0  101  101  101  0  0  101  0  101  0  0  0  

0  0  0  101  0  0  101  0  0  0  101  101  0  0  0  0  0  0  101  0  0  0  0  101  0  0  0  0  0  0  0  101  0  101  101  0  0  101  0  0  0  0  0  0  0  101  0  101  0  0  0  0  0  101  0  0  0  0  0  101  0  0  0  101  0  0  0  0  0  101  0  0  0  0  0  101  0  0  0  0  101  0  0  0  0  0  0  0  0  0  101  0  101  0  0  0  101  0  0  0  

0  0  0  0  0  101  0  0  0  101  0  0  0  101  0  0  0  0  0  101  0  101  0  0  0  0  0  101  0  0  0  0  0  101  101  0  0  0  0  0  0  0  0  0  101  101  0  0  101  0  0  0  0  101  0  101  0  0  0  0  0  101  0  0  0  0  0  0  0  0  0  0  0  0  101  101  0  0  0  101  0  0  0  0  0  0  101  0  0  0  0  0  0  101  0  0  0  101  101  0  

0  0  0  0  101  0  0  101  101  0  0  0  0  101  0  0  0  0  0  0  0  101  0  0  0  0  0  0  0  0  101  0  0  0  0  0  0  0  0  0  0  0  0  0  0  0  101  0  0  0  0  0  0  0  0  101  101  101  101  0  0  101  0  0  0  0  0  0  101  0  0  0  0  0  0  0  0  0  0  0  0  0  101  0  0  101  0  0  0  0  0  101  0  0  101  0  101  101  0  0  

0  0  101  0  101  0  0  0  101  0  0  101  0  0  0  0  0  101  0  0  101  0  0  0  0  0  0  0  101  101  0  0  0  101  0  101  0  0  0  0  0  101  0  101  0  0  0  0  0  0  101  101  0  0  0  0  0  0  101  0  0  0  0  101  0  0  0  0  101  0  0  101  0  0  0  0  0  0  0  0  0  0  0  0  0  0  0  0  0  0  0  0  0  0  0  101  0  0  0  0  

0  0  0  0  0  0  0  0  0  101  0  0  0  0  0  0  0  0  0  0  101  101  0  101  101  101  101  0  0  101  0  101  101  101  0  0  0  0  0  0  0  0  0  101  0  0  0  0  0  0  0  0  0  0  0  0  0  0  0  0  0  0  0  0  101  0  0  0  0  0  0  0  0  0  0  0  0  0  101  0  0  0  0  0  0  0  0  0  101  0  101  101  101  0  101  0  101  0  0  0  

0  0  0  0  0  101  0  0  0  0  0  0  0  0  0  0  0  0  0  0  101  0  0  101  0  0  0  0  0  0  0  0  101  101  0  0  101  0  0  0  0  0  101  101  0  0  0  0  0  0  0  0  0  0  0  0  0  0  0  0  0  0  101  0  101  0  0  0  0  0  0  0  0  0  0  0  0  101  0  101  0  0  0  0  101  101  0  101  0  0  0  0  0  101  101  0  0  101  0  0  

0  0  0  0  0  0  101  0  0  0  0  101  0  0  101  0  0  0  101  0  0  0  0  0  0  0  0  0  0  101  0  0  0  0  0  0  0  0  101  101  101  0  0  0  0  0  0  0  101  101  0  0  0  101  101  0  101  0  0  0  0  0  0  0  0  0  0  0  101  0  0  0  0  0  0  0  0  0  0  101  0  0  0  0  0  0  0  0  0  0  0  0  0  101  0  0  0  0  101  0  

0  101  101  0  101  0  0  0  0  101  0  101  0  0  0  0  0  0  0  101  0  101  0  0  101  0  101  0  0  0  0  101  0  0  0  101  0  0  0  0  0  0  0  101  0  0  0  0  101  0  0  0  0  0  0  0  0  0  0  0  0  0  0  0  0  0  0  0  0  0  101  0  0  0  0  0  0  0  0  101  101  0  0  0  0  0  0  101  0  0  0  0  0  0  0  0  0  0  0  101  

UnPairedArc=
1 4 
1 6 
1 9 
1 11 
1 13 
1 29 
1 30 
1 32 
1 35 
1 48 
1 53 
1 57 
1 58 
1 59 
1 66 
1 68 
1 73 
1 83 
2 3 
2 5 
2 6 
2 7 
2 9 
2 14 
2 24 
2 26 
2 28 
2 35 
2 41 
2 43 
2 45 
2 55 
2 59 
2 71 
2 78 
2 79 
2 80 
2 87 
2 100 
3 7 
3 13 
3 20 
3 21 
3 28 
3 30 
3 33 
3 39 
3 43 
3 66 
3 70 
3 72 
3 80 
3 81 
3 84 
3 86 
3 96 
3 100 
4 7 
4 8 
4 18 
4 21 
4 22 
4 23 
4 28 
4 32 
4 33 
4 37 
4 43 
4 45 
4 53 
4 56 
4 60 
4 61 
4 66 
4 69 
4 77 
4 80 
4 87 
4 89 
4 93 
5 7 
5 10 
5 31 
5 32 
5 42 
5 49 
5 51 
5 52 
5 53 
5 57 
5 58 
5 60 
5 61 
5 65 
5 73 
5 80 
5 82 
5 86 
5 95 
5 96 
5 100 
6 13 
6 17 
6 23 
6 27 
6 45 
6 49 
6 54 
6 56 
6 68 
6 75 
6 85 
6 94 
6 98 
7 11 
7 12 
7 16 
7 25 
7 39 
7 41 
7 46 
7 47 
7 50 
7 51 
7 61 
7 69 
7 70 
7 93 
7 99 
8 17 
8 23 
8 25 
8 30 
8 31 
8 40 
8 41 
8 46 
8 47 
8 48 
8 49 
8 51 
8 52 
8 53 
8 54 
8 67 
8 70 
8 71 
8 79 
8 82 
8 86 
8 95 
9 12 
9 14 
9 15 
9 21 
9 32 
9 36 
9 37 
9 39 
9 40 
9 45 
9 48 
9 49 
9 55 
9 58 
9 78 
9 81 
9 82 
9 83 
9 85 
9 87 
9 90 
9 95 
9 96 
10 15 
10 20 
10 22 
10 23 
10 30 
10 35 
10 37 
10 40 
10 41 
10 50 
10 51 
10 57 
10 60 
10 75 
10 78 
10 83 
10 84 
10 92 
10 94 
10 97 
10 100 
11 14 
11 16 
11 19 
11 29 
11 34 
11 35 
11 45 
11 51 
11 53 
11 57 
11 68 
11 79 
11 84 
11 85 
11 93 
12 13 
12 19 
12 21 
12 30 
12 35 
12 39 
12 41 
12 42 
12 51 
12 54 
12 61 
12 67 
12 74 
12 75 
12 76 
12 81 
12 93 
12 96 
12 99 
12 100 
13 14 
13 15 
13 20 
13 27 
13 36 
13 38 
13 39 
13 42 
13 43 
13 44 
13 46 
13 47 
13 51 
13 52 
13 64 
13 73 
13 74 
13 77 
13 83 
13 85 
13 86 
13 92 
14 20 
14 21 
14 35 
14 42 
14 44 
14 45 
14 48 
14 64 
14 71 
14 89 
14 90 
14 94 
14 95 
15 26 
15 27 
15 37 
15 42 
15 44 
15 46 
15 50 
15 51 
15 54 
15 55 
15 61 
15 64 
15 66 
15 68 
15 74 
15 75 
15 84 
15 88 
15 99 
16 33 
16 37 
16 38 
16 51 
16 54 
16 56 
16 69 
16 77 
16 85 
16 86 
17 25 
17 26 
17 30 
17 35 
17 44 
17 46 
17 48 
17 53 
17 61 
17 70 
17 72 
17 74 
17 79 
17 83 
17 87 
17 88 
17 89 
17 90 
18 27 
18 31 
18 33 
18 35 
18 42 
18 53 
18 60 
18 61 
18 63 
18 66 
18 67 
18 72 
18 73 
18 75 
18 81 
18 83 
18 86 
18 91 
18 96 
19 26 
19 38 
19 40 
19 46 
19 53 
19 58 
19 60 
19 66 
19 70 
19 77 
19 78 
19 84 
19 93 
19 99 
20 22 
20 23 
20 24 
20 31 
20 36 
20 37 
20 51 
20 53 
20 54 
20 55 
20 59 
20 64 
20 78 
20 79 
20 86 
20 94 
20 100 
21 23 
21 24 
21 29 
21 33 
21 35 
21 45 
21 48 
21 51 
21 65 
21 73 
21 75 
21 78 
21 86 
21 91 
21 96 
21 97 
21 98 
22 24 
22 33 
22 35 
22 39 
22 41 
22 43 
22 45 
22 48 
22 66 
22 72 
22 75 
22 82 
22 94 
22 95 
22 97 
22 100 
23 32 
23 34 
23 45 
23 46 
23 51 
23 54 
23 57 
23 58 
23 61 
23 68 
23 82 
23 83 
23 85 
24 28 
24 32 
24 44 
24 46 
24 48 
24 50 
24 51 
24 52 
24 56 
24 63 
24 64 
24 71 
24 83 
24 85 
24 86 
24 92 
24 93 
24 97 
24 98 
25 38 
25 44 
25 46 
25 52 
25 55 
25 60 
25 66 
25 76 
25 78 
25 79 
25 80 
25 82 
25 85 
25 97 
25 100 
26 31 
26 33 
26 34 
26 35 
26 50 
26 54 
26 67 
26 70 
26 84 
26 87 
26 88 
26 97 
27 28 
27 35 
27 47 
27 51 
27 77 
27 78 
27 84 
27 88 
27 90 
27 92 
27 97 
27 100 
28 33 
28 34 
28 42 
28 48 
28 52 
28 54 
28 55 
28 60 
28 69 
28 74 
28 81 
28 87 
28 94 
29 41 
29 46 
29 49 
29 51 
29 54 
29 58 
29 73 
29 79 
29 87 
29 90 
29 96 
30 35 
30 46 
30 49 
30 56 
30 60 
30 64 
30 69 
30 73 
30 88 
30 92 
30 96 
30 97 
30 99 
31 38 
31 43 
31 46 
31 48 
31 60 
31 61 
31 64 
31 80 
31 83 
31 84 
31 89 
31 91 
31 92 
31 95 
32 46 
32 57 
32 59 
32 60 
32 63 
32 64 
32 67 
32 69 
32 73 
32 87 
32 88 
32 90 
32 91 
32 93 
32 97 
32 100 
33 42 
33 46 
33 47 
33 48 
33 54 
33 55 
33 62 
33 77 
33 79 
33 85 
33 88 
33 97 
33 98 
34 38 
34 51 
34 58 
34 66 
34 70 
34 73 
34 77 
34 78 
34 81 
34 83 
34 92 
34 93 
34 94 
34 96 
34 97 
34 98 
35 38 
35 41 
35 59 
35 64 
35 71 
35 72 
35 77 
35 82 
35 84 
35 93 
35 94 
36 38 
36 46 
36 50 
36 52 
36 53 
36 55 
36 64 
36 73 
36 77 
36 81 
36 85 
36 90 
36 92 
36 96 
36 100 
37 41 
37 47 
37 49 
37 58 
37 65 
37 66 
37 70 
37 73 
37 74 
37 78 
37 85 
37 87 
37 98 
38 41 
38 47 
38 49 
38 54 
38 55 
38 64 
38 68 
38 72 
38 80 
38 86 
38 89 
38 90 
38 93 
39 40 
39 60 
39 65 
39 66 
39 68 
39 69 
39 76 
39 79 
39 84 
39 85 
39 86 
39 99 
40 47 
40 48 
40 49 
40 52 
40 59 
40 78 
40 79 
40 89 
40 90 
40 99 
41 42 
41 48 
41 50 
41 54 
41 55 
41 61 
41 62 
41 63 
41 64 
41 66 
41 73 
41 78 
41 79 
41 84 
41 90 
41 99 
42 47 
42 55 
42 59 
42 60 
42 70 
42 72 
42 73 
42 87 
42 96 
43 45 
43 46 
43 48 
43 52 
43 53 
43 55 
43 65 
43 68 
43 69 
43 80 
43 83 
43 90 
43 98 
44 55 
44 57 
44 66 
44 70 
44 81 
44 90 
44 96 
44 97 
44 98 
44 100 
45 57 
45 60 
45 67 
45 70 
45 73 
45 83 
45 86 
45 90 
45 92 
45 94 
46 49 
46 55 
46 58 
46 59 
46 63 
46 66 
46 71 
46 74 
46 75 
46 85 
46 87 
46 88 
46 93 
46 94 
47 49 
47 50 
47 56 
47 66 
47 73 
47 76 
47 82 
47 95 
48 70 
48 71 
48 72 
48 73 
48 85 
48 87 
48 90 
48 91 
48 93 
49 53 
49 56 
49 71 
49 80 
49 89 
49 94 
49 99 
49 100 
50 55 
50 57 
50 58 
50 61 
50 71 
50 73 
50 76 
50 87 
50 89 
50 99 
51 52 
51 58 
51 63 
51 68 
51 72 
51 76 
51 77 
51 80 
51 88 
51 91 
51 96 
52 54 
52 59 
52 63 
52 71 
52 72 
52 96 
53 56 
53 58 
53 68 
53 69 
53 72 
53 74 
53 75 
53 80 
53 87 
53 91 
54 57 
54 62 
54 71 
54 73 
54 78 
54 87 
54 93 
54 94 
54 99 
55 58 
55 60 
55 86 
55 91 
55 99 
56 57 
56 73 
56 92 
56 94 
56 95 
57 60 
57 77 
57 82 
57 88 
57 92 
57 95 
57 99 
58 60 
58 86 
58 89 
58 92 
58 95 
59 69 
59 70 
59 72 
59 73 
59 74 
59 76 
59 79 
59 80 
59 83 
59 89 
59 90 
59 95 
59 96 
60 64 
60 66 
60 77 
60 81 
60 93 
61 64 
61 78 
61 82 
61 92 
62 66 
62 77 
62 81 
62 83 
62 84 
62 90 
62 94 
62 95 
63 68 
63 69 
63 72 
63 85 
63 86 
63 98 
64 66 
64 67 
64 70 
64 73 
64 75 
64 79 
64 90 
64 93 
64 96 
65 71 
65 72 
65 77 
65 81 
65 84 
65 85 
65 86 
65 88 
65 90 
65 97 
65 98 
66 70 
66 72 
66 74 
66 77 
66 78 
66 79 
66 90 
67 71 
67 73 
67 79 
67 83 
67 86 
68 75 
68 80 
68 84 
68 88 
68 89 
69 71 
69 72 
69 77 
69 79 
69 80 
69 83 
69 85 
69 90 
69 95 
69 96 
69 99 
70 74 
70 77 
70 79 
70 84 
70 86 
70 89 
70 93 
71 73 
71 75 
71 79 
71 81 
71 85 
71 100 
72 80 
72 84 
72 89 
72 90 
72 96 
73 74 
73 82 
73 87 
74 75 
74 77 
74 80 
74 81 
74 89 
75 80 
75 88 
75 91 
75 94 
76 80 
76 87 
76 88 
76 89 
76 93 
76 94 
77 79 
77 87 
77 92 
78 87 
78 88 
78 98 
79 87 
79 88 
79 90 
79 91 
79 97 
80 84 
80 88 
80 94 
80 98 
80 99 
80 100 
81 84 
81 90 
81 93 
81 100 
82 91 
83 88 
83 89 
83 95 
84 85 
85 86 
85 88 
85 91 
85 98 
86 89 
86 95 
86 98 
87 94 
88 90 
88 92 
88 98 
88 100 
89 97 
90 92 
91 92 
91 93 
91 97 
92 95 
92 97 
93 97 
94 98 
94 99 
95 97 
95 98 
