nNodes=80;
 nPairs=925;
Cost=

81  81  81  0  81  0  0  0  0  81  81  0  0  81  0  0  81  0  0  0  81  0  81  81  0  0  0  81  0  0  0  81  81  81  0  0  81  0  81  0  0  81  0  0  81  0  0  0  0  81  0  0  81  0  0  0  0  81  0  0  0  0  0  0  81  0  81  0  0  81  81  0  0  81  0  81  0  81  0  0  

81  81  0  0  0  0  0  0  0  0  81  81  0  81  81  0  81  81  0  81  0  0  0  0  0  0  0  81  81  0  0  0  81  0  81  81  81  0  81  81  0  0  0  81  0  81  0  0  0  0  0  0  0  81  0  81  0  81  0  81  0  0  0  81  81  81  0  0  0  81  0  0  0  81  0  0  81  81  0  0  

81  0  81  0  81  0  0  0  81  0  0  0  0  0  0  0  0  81  81  0  81  81  0  81  0  0  0  81  0  81  81  0  0  0  81  0  0  0  0  0  0  81  0  81  0  81  0  81  81  0  81  0  81  0  0  81  81  0  81  81  0  81  0  0  81  0  0  0  0  0  0  81  0  0  0  0  0  0  0  81  

0  0  0  81  0  81  81  0  0  0  0  81  81  0  0  0  81  81  0  0  0  0  81  81  81  0  0  0  0  81  0  0  0  81  0  81  0  81  0  0  0  0  0  81  0  81  0  0  0  0  81  0  0  0  0  0  0  0  0  0  81  81  0  0  81  0  81  81  0  0  0  0  0  81  0  81  0  81  0  0  

81  0  81  0  81  0  0  0  0  0  0  0  0  0  0  81  0  0  0  81  0  0  0  81  0  0  0  0  0  81  81  81  0  0  81  81  0  81  0  0  81  0  0  0  0  81  81  0  81  0  0  0  81  0  81  0  0  81  0  0  0  0  0  0  81  0  0  0  0  0  0  0  81  0  0  0  81  0  0  0  

0  0  0  81  0  81  81  0  0  81  0  0  0  0  0  0  81  0  81  0  81  0  0  0  0  0  0  0  0  0  0  0  81  0  0  0  0  81  0  0  81  0  0  0  0  0  0  0  0  0  0  0  0  0  0  0  0  0  0  0  0  81  0  81  0  0  0  0  0  81  81  0  0  0  0  0  0  0  81  0  

0  0  0  81  0  81  81  0  0  0  0  0  0  81  0  0  0  0  81  0  0  0  0  81  0  0  0  0  0  0  0  81  0  0  81  0  0  0  0  81  0  0  0  0  81  81  0  81  0  0  0  81  0  81  0  0  81  0  0  0  0  81  81  81  81  0  81  0  0  0  0  0  0  0  0  81  0  0  0  81  

0  0  0  0  0  0  0  81  81  0  81  81  0  0  0  81  0  0  0  81  0  81  81  0  81  0  81  0  0  0  0  0  0  0  81  0  0  81  0  81  81  81  0  0  81  81  0  0  81  0  0  0  0  0  0  0  0  0  0  0  0  0  81  0  81  0  81  0  0  0  81  81  0  0  81  81  0  81  81  0  

0  0  81  0  0  0  0  81  81  0  0  81  0  81  0  81  0  81  0  0  81  0  0  81  81  81  0  0  81  0  81  81  0  0  0  81  0  0  0  0  0  81  0  81  0  0  81  0  0  0  0  81  0  0  0  0  81  0  0  0  81  0  0  0  0  81  0  81  0  0  0  81  81  0  0  81  0  0  0  0  

81  0  0  0  0  81  0  0  0  81  81  81  0  0  0  0  0  81  0  0  0  0  0  0  0  81  0  0  0  0  0  0  0  81  0  0  0  0  0  81  0  0  0  81  81  0  0  0  0  0  0  0  81  0  81  81  0  0  0  81  81  81  0  0  0  0  81  81  0  81  0  0  0  81  0  0  0  0  0  0  

81  81  0  0  0  0  0  81  0  81  81  0  0  0  0  0  81  81  0  0  0  0  0  0  0  81  81  0  0  81  0  0  81  81  0  0  0  0  0  0  0  81  0  0  0  0  0  0  0  0  0  81  81  0  81  81  0  81  0  81  0  0  0  0  0  0  0  0  81  0  81  81  81  0  81  0  0  81  0  81  

0  81  0  81  0  0  0  81  81  81  0  81  81  0  0  0  0  0  0  0  0  0  0  81  0  0  81  0  81  0  0  81  0  81  0  81  0  81  0  0  0  0  0  81  81  81  0  0  81  0  0  0  0  81  0  81  81  81  81  0  0  0  0  0  0  81  0  81  81  0  0  0  81  0  0  0  81  0  0  0  

0  0  0  81  0  0  0  0  0  0  0  81  81  0  0  0  0  0  0  0  81  0  0  0  0  0  81  0  0  0  0  81  0  81  0  0  0  0  0  0  81  0  81  0  0  0  81  0  81  0  81  0  81  0  81  81  0  0  81  0  0  81  0  0  0  81  0  0  0  0  0  0  0  0  81  0  81  0  81  0  

81  81  0  0  0  0  81  0  81  0  0  0  0  81  81  0  0  0  0  81  0  81  0  0  81  81  0  0  0  0  0  0  0  0  0  0  0  0  0  81  0  0  81  0  0  0  81  0  0  81  0  0  0  0  81  0  0  81  0  0  0  81  0  0  0  0  0  0  81  0  81  0  81  0  81  81  0  0  0  81  

0  81  0  0  0  0  0  0  0  0  0  0  0  81  81  0  0  0  81  0  81  0  0  0  0  81  0  0  0  81  0  0  81  81  0  0  0  0  0  0  81  0  0  81  81  81  81  0  0  0  0  0  0  0  0  81  0  0  0  0  0  0  0  81  0  0  0  81  0  0  81  81  0  0  0  0  0  81  0  81  

0  0  0  0  81  0  0  81  81  0  0  0  0  0  0  81  0  0  0  0  81  0  0  81  0  0  0  0  0  0  0  81  0  81  81  0  81  0  0  0  0  0  0  0  81  0  0  0  0  81  81  0  81  0  0  0  81  0  81  0  81  81  0  0  0  81  0  0  81  0  0  81  0  81  0  0  0  0  0  0  

81  81  0  81  0  81  0  0  0  0  81  0  0  0  0  0  81  0  81  0  81  0  0  81  81  81  0  0  0  0  0  0  0  0  0  81  0  0  0  0  0  0  81  0  0  0  0  0  0  0  0  81  0  0  0  81  0  0  81  0  0  0  81  0  0  0  0  0  0  81  0  0  81  0  0  81  0  81  81  0  

0  81  81  81  0  0  0  0  81  81  81  0  0  0  0  0  0  81  81  0  81  0  0  0  81  0  0  0  81  0  0  0  81  0  0  0  0  81  0  0  0  0  0  81  0  0  81  0  81  81  0  81  0  81  0  0  0  0  0  0  81  0  0  81  0  0  0  0  81  0  81  0  0  0  0  81  0  0  81  0  

0  0  81  0  0  81  81  0  0  0  0  0  0  0  81  0  81  81  81  0  0  0  81  0  81  0  0  0  0  0  0  0  0  0  81  81  0  0  0  81  0  0  81  0  0  0  0  81  0  0  0  0  0  0  0  0  0  0  0  81  81  0  0  0  81  0  81  0  0  0  0  0  0  0  0  0  0  0  81  0  

0  81  0  0  81  0  0  81  0  0  0  0  0  81  0  0  0  0  0  81  81  0  81  0  0  0  0  81  0  0  0  0  81  0  0  81  81  0  0  0  0  0  81  81  0  81  0  81  0  0  0  0  0  0  81  81  0  0  81  0  0  0  0  0  81  0  0  0  0  0  0  81  0  0  0  0  0  0  0  0  

81  0  81  0  0  81  0  0  81  0  0  0  81  0  81  81  81  81  0  81  81  81  0  0  0  81  0  0  81  81  81  0  0  0  0  0  0  81  81  0  0  0  0  0  0  0  0  0  0  81  81  81  0  0  81  0  0  81  0  0  0  81  0  0  0  0  0  0  81  0  0  0  0  0  81  0  0  0  81  81  

0  0  81  0  0  0  0  81  0  0  0  0  0  81  0  0  0  0  0  0  81  81  0  0  0  0  81  0  81  81  0  0  81  0  81  0  81  81  0  0  81  0  0  0  81  81  81  0  0  0  81  0  81  81  0  0  0  81  81  0  81  0  81  0  0  0  81  0  81  0  0  81  0  0  0  0  81  0  0  0  

81  0  0  81  0  0  0  81  0  0  0  0  0  0  0  0  0  0  81  81  0  0  81  0  0  81  0  0  0  0  0  81  0  0  0  0  0  0  0  0  0  81  0  0  0  0  0  0  81  0  81  0  0  0  81  81  0  0  81  0  0  81  0  81  0  0  0  0  0  0  0  0  0  81  0  0  0  0  81  0  

81  0  81  81  81  0  81  0  81  0  0  81  0  0  0  81  81  0  0  0  0  0  0  81  0  81  0  81  0  81  0  81  0  0  81  0  0  0  0  0  81  81  81  0  81  0  0  0  81  0  0  0  0  0  0  0  81  0  0  0  81  0  0  0  0  81  81  0  81  0  0  81  0  81  0  81  0  0  0  0  

0  0  0  81  0  0  0  81  81  0  0  0  0  81  0  0  81  81  81  0  0  0  0  0  81  0  81  81  0  0  0  0  0  0  0  0  0  81  0  0  81  0  81  81  0  0  0  0  81  0  0  0  81  0  0  81  0  81  0  0  0  0  0  81  81  0  0  0  0  0  0  0  81  81  0  0  81  0  0  0  

0  0  0  0  0  0  0  0  81  81  81  0  0  81  81  0  81  0  0  0  81  0  81  81  0  81  0  81  0  0  0  0  0  81  81  0  81  0  0  0  81  0  0  0  0  0  81  0  0  0  0  0  81  0  81  0  0  0  81  0  0  0  0  0  81  0  81  81  0  81  0  81  0  0  0  0  0  81  81  0  

0  0  0  0  0  0  0  81  0  0  81  81  81  0  0  0  0  0  0  0  0  81  0  0  81  0  81  0  0  0  81  81  81  0  0  0  0  0  0  81  0  0  81  0  0  0  0  0  0  0  0  0  81  0  0  0  0  0  0  0  0  0  0  0  0  0  81  0  0  0  0  81  81  81  0  0  0  0  0  81  

81  81  81  0  0  0  0  0  0  0  0  0  0  0  0  0  0  0  0  81  0  0  0  81  81  81  0  81  0  0  0  0  0  0  0  0  0  0  0  0  81  81  0  81  81  0  81  0  0  0  0  0  0  0  81  0  0  0  0  0  0  0  81  0  0  0  81  81  0  0  0  0  0  0  0  0  0  81  0  81  

0  81  0  0  0  0  0  0  81  0  0  81  0  0  0  0  0  81  0  0  81  81  0  0  0  0  0  0  81  81  0  81  0  0  0  0  0  81  81  0  81  81  81  0  81  81  0  0  81  81  0  0  0  0  0  0  0  0  0  0  0  81  0  0  81  81  81  0  0  0  0  81  0  0  0  0  0  81  0  81  

0  0  81  81  81  0  0  0  0  0  81  0  0  0  81  0  0  0  0  0  81  81  0  81  0  0  0  0  81  81  81  0  0  0  0  0  0  0  0  81  0  0  0  81  0  0  81  0  0  0  0  0  0  0  81  0  0  0  0  0  0  0  0  81  0  81  81  0  0  0  0  0  0  0  0  81  0  81  0  0  

0  0  81  0  81  0  0  0  81  0  0  0  0  0  0  0  0  0  0  0  81  0  0  0  0  0  81  0  0  81  81  81  81  0  0  0  81  0  81  81  0  0  81  0  81  81  0  0  0  81  81  0  0  0  0  81  81  0  0  0  81  81  0  0  81  0  0  0  0  81  0  81  0  0  0  81  0  0  0  81  

81  0  0  0  81  0  81  0  81  0  0  81  81  0  0  81  0  0  0  0  0  0  81  81  0  0  81  0  81  0  81  81  81  0  81  81  0  81  0  0  81  81  0  0  0  0  0  81  0  0  0  0  0  0  0  0  0  0  81  81  81  0  0  81  81  0  0  0  0  0  81  81  0  0  0  81  0  0  0  0  

81  81  0  0  0  81  0  0  0  0  81  0  0  0  81  0  0  81  0  81  0  81  0  0  0  0  81  0  0  0  81  81  81  0  0  81  0  0  0  0  0  0  0  0  0  0  81  0  0  81  0  0  0  0  0  0  0  0  0  0  81  0  81  0  81  0  81  81  0  0  81  0  0  81  0  0  0  81  0  0  

81  0  0  81  0  0  0  0  0  81  81  81  81  0  81  81  0  0  0  0  0  0  0  0  0  81  0  0  0  0  0  0  0  81  0  81  0  81  0  81  0  0  81  0  0  0  0  0  81  81  0  0  81  81  81  81  81  0  81  0  0  0  81  0  0  81  0  0  0  0  81  81  0  0  0  0  0  0  81  0  

0  81  81  0  81  0  81  81  0  0  0  0  0  0  0  81  0  0  81  0  0  81  0  81  0  81  0  0  0  0  0  81  0  0  81  0  0  0  81  0  0  81  81  0  0  81  81  0  81  0  0  81  0  81  81  81  0  0  81  0  0  81  81  0  0  81  81  0  0  0  0  0  0  0  0  0  0  0  0  0  

0  81  0  81  81  0  0  0  81  0  0  81  0  0  0  0  81  0  81  81  0  0  0  0  0  0  0  0  0  0  0  81  81  81  0  81  0  0  0  0  0  81  81  0  0  0  0  81  0  81  0  0  0  0  0  0  0  0  0  0  0  0  0  81  0  0  0  0  0  0  0  0  0  0  0  0  81  81  81  0  

81  81  0  0  0  0  0  0  0  0  0  0  0  0  0  81  0  0  0  81  0  81  0  0  0  81  0  0  0  0  81  0  0  0  0  0  81  0  0  81  0  81  81  0  0  0  81  81  0  0  0  81  0  0  0  0  81  81  81  0  0  0  0  81  81  0  0  0  81  0  0  81  81  81  81  81  81  0  0  0  

0  0  0  81  81  81  0  81  0  0  0  81  0  0  0  0  0  81  0  0  81  81  0  0  81  0  0  0  81  0  0  81  0  81  0  0  0  81  0  0  0  0  0  0  0  81  81  0  0  0  0  0  0  0  0  0  81  0  0  0  0  0  81  81  0  0  0  81  0  0  0  0  0  0  0  0  0  0  0  81  

81  81  0  0  0  0  0  0  0  0  0  0  0  0  0  0  0  0  0  0  81  0  0  0  0  0  0  0  81  0  81  0  0  0  81  0  0  0  81  81  81  0  0  0  81  81  0  0  81  0  81  0  0  0  0  0  81  0  0  81  0  0  0  0  0  0  0  81  0  0  0  0  0  0  0  0  0  0  0  81  

0  81  0  0  0  0  81  81  0  81  0  0  0  81  0  0  0  0  81  0  0  0  0  0  0  0  81  0  0  81  81  0  0  81  0  0  81  0  81  81  81  0  81  0  0  0  81  0  0  81  0  0  0  0  0  0  0  0  81  81  81  81  0  81  0  0  81  81  0  0  0  0  0  81  0  0  81  0  0  0  

0  0  0  0  81  81  0  81  0  0  0  0  81  0  81  0  0  0  0  0  0  81  0  81  81  81  0  81  81  0  0  81  0  0  0  0  0  0  81  81  81  81  81  0  0  0  81  0  0  0  81  0  0  81  0  0  0  0  0  0  0  0  0  0  0  81  81  81  0  0  0  81  0  0  81  0  81  0  0  0  

81  0  81  0  0  0  0  81  81  0  81  0  0  0  0  0  0  0  0  0  0  0  81  81  0  0  0  81  81  0  0  81  0  0  81  81  81  0  0  0  81  81  0  0  0  0  0  81  81  0  0  81  0  0  81  0  81  0  0  0  81  81  0  81  0  0  0  81  0  0  0  0  81  0  0  0  0  0  0  0  

0  0  0  0  0  0  0  0  0  0  0  0  81  81  0  0  81  0  81  81  0  0  0  81  81  0  81  0  81  0  81  0  0  81  81  81  81  0  0  81  81  0  81  81  81  0  81  0  81  0  0  81  0  0  81  0  0  0  0  81  0  81  81  0  0  0  81  0  81  0  0  0  81  0  0  0  81  81  81  0  

0  81  81  81  0  0  0  0  81  81  0  81  0  0  81  0  0  81  0  81  0  0  0  0  81  0  0  81  0  81  0  0  0  0  0  0  0  0  0  0  0  0  81  81  0  0  0  0  0  81  0  0  0  0  0  0  0  0  0  0  0  0  81  81  0  0  0  0  81  0  81  81  0  81  0  81  0  81  0  81  

81  0  0  0  0  0  81  81  0  81  0  81  0  0  81  81  0  0  0  0  0  81  0  81  0  0  0  81  81  0  81  0  0  0  0  0  0  0  81  0  0  0  81  0  81  81  0  0  0  0  0  0  81  0  0  0  0  0  0  0  81  0  0  0  0  81  0  0  0  81  0  81  0  0  0  81  0  0  0  0  

0  81  81  81  81  0  81  81  0  0  0  81  0  0  81  0  0  0  0  81  0  81  0  0  0  0  0  0  81  0  81  0  0  0  81  0  0  81  81  0  0  0  0  0  81  81  81  81  81  0  0  81  0  0  0  0  0  0  81  0  0  0  81  0  81  81  0  81  81  0  0  0  81  0  81  0  81  81  0  0  

0  0  0  0  81  0  0  0  81  0  0  0  81  81  81  0  0  81  0  0  0  81  0  0  0  81  0  81  0  81  0  0  81  0  81  0  81  81  0  81  81  0  81  0  0  81  81  0  0  81  0  81  81  0  81  81  81  0  81  0  81  81  0  0  0  0  0  81  81  0  0  0  0  0  0  0  0  0  0  0  

0  0  81  0  0  0  81  0  0  0  0  0  0  0  0  0  0  0  81  81  0  0  0  0  0  0  0  0  0  0  0  81  0  0  0  81  81  0  0  0  0  81  0  0  0  81  0  81  0  0  81  81  0  0  0  0  0  81  0  81  81  0  0  0  0  81  0  81  0  0  81  0  0  0  81  81  81  81  0  0  

0  0  81  0  81  0  0  81  0  0  0  81  81  0  0  0  0  81  0  0  0  0  81  81  81  0  0  0  81  0  0  0  0  81  81  0  0  0  81  0  0  81  81  0  0  81  0  0  81  0  0  81  81  81  0  81  81  0  81  81  0  81  0  0  0  0  0  81  0  81  81  0  81  0  0  0  81  0  81  0  

81  0  0  0  0  0  0  0  0  0  0  0  0  81  0  81  0  81  0  0  81  0  0  0  0  0  0  0  81  0  81  0  81  81  0  81  0  0  0  81  0  0  0  81  0  0  81  0  0  81  81  0  0  0  81  81  0  0  0  0  0  81  0  0  81  81  0  0  0  81  0  81  0  81  0  0  0  81  81  0  

0  0  81  81  0  0  0  0  0  0  0  0  81  0  0  81  0  0  0  0  81  81  81  0  0  0  0  0  0  0  81  0  0  0  0  0  0  0  81  0  81  0  0  0  0  0  0  81  0  81  81  0  0  81  0  81  81  81  0  0  0  81  0  0  0  81  0  0  81  0  0  0  81  0  0  0  81  0  0  81  

0  0  0  0  0  0  81  0  81  0  81  0  0  0  0  0  81  81  0  0  81  0  0  0  0  0  0  0  0  0  0  0  0  0  81  0  81  0  0  0  0  81  81  0  0  81  81  81  81  0  0  81  0  0  0  0  0  0  0  0  81  0  0  0  81  81  0  0  81  0  0  0  0  0  81  81  0  0  0  0  

81  0  81  0  81  0  0  0  0  81  81  0  81  0  0  81  0  0  0  0  0  81  0  0  81  81  81  0  0  0  0  0  0  81  0  0  0  0  0  0  0  0  0  0  81  0  81  0  81  0  0  0  81  0  0  0  0  0  81  0  0  81  81  0  0  0  0  81  0  0  81  0  81  0  81  81  81  81  81  0  

0  81  0  0  0  0  81  0  0  0  0  81  0  0  0  0  0  81  0  0  0  81  0  0  0  0  0  0  0  0  0  0  0  81  81  0  0  0  0  0  81  0  0  0  0  0  0  0  81  0  81  0  0  81  81  81  0  0  0  0  0  81  0  0  81  81  0  0  81  81  0  0  81  0  0  81  81  0  81  81  

0  0  0  0  81  0  0  0  0  81  81  0  81  81  0  0  0  0  0  81  81  0  81  0  0  81  0  81  0  81  0  0  0  81  81  0  0  0  0  0  0  81  81  0  0  0  81  0  0  81  0  0  0  81  81  0  0  81  0  0  0  81  0  0  0  0  0  81  0  0  0  81  0  81  81  0  0  81  81  0  

0  81  81  0  0  0  0  0  0  81  81  81  81  0  81  0  81  0  0  81  0  0  81  0  81  0  0  0  0  0  81  0  0  81  81  0  0  0  0  0  0  0  0  0  0  0  81  0  81  81  81  0  0  81  0  81  0  0  0  0  81  0  0  0  81  0  0  0  81  0  0  81  0  0  0  0  81  81  0  0  

0  0  81  0  0  0  81  0  81  0  0  81  0  0  0  81  0  0  0  0  0  0  0  81  0  0  0  0  0  0  81  0  0  81  0  0  81  81  81  0  0  81  0  0  0  0  81  0  81  0  81  0  0  0  0  0  81  0  0  0  81  0  0  0  81  0  81  81  0  0  0  0  81  0  0  0  81  0  0  0  

81  81  0  0  81  0  0  0  0  0  81  81  0  81  0  0  0  0  0  0  81  81  0  0  81  0  0  0  0  0  0  0  0  0  0  0  81  0  0  0  0  0  0  0  0  0  0  81  0  0  81  0  0  0  81  0  0  81  0  81  0  0  0  81  0  0  0  0  0  81  0  0  0  0  0  0  0  0  0  0  

0  0  81  0  0  0  0  0  0  0  0  81  81  0  0  81  81  0  0  81  0  81  81  0  0  81  0  0  0  0  0  81  0  81  81  0  81  0  0  81  0  0  0  0  0  81  81  0  81  0  0  0  81  0  0  0  0  0  81  0  0  81  0  0  81  0  81  81  81  0  0  0  0  81  81  0  81  0  81  81  

0  81  81  0  0  0  0  0  0  81  81  0  0  0  0  0  0  0  81  0  0  0  0  0  0  0  0  0  0  0  0  81  0  0  0  0  0  0  81  81  0  0  81  0  0  0  0  81  81  0  0  0  0  0  0  0  0  81  0  81  0  0  0  0  0  0  81  0  0  0  0  0  81  0  0  0  0  0  0  0  

0  0  0  81  0  0  0  0  81  81  0  0  0  0  0  81  0  81  81  0  0  81  0  81  0  0  0  0  0  0  81  81  81  0  0  0  0  0  0  81  0  81  0  0  81  0  81  81  0  0  0  81  0  0  0  81  81  0  0  0  81  0  81  81  0  0  81  0  81  0  0  0  0  81  0  81  0  0  0  0  

0  0  81  81  0  81  81  0  0  81  0  0  81  81  0  81  0  0  0  0  81  0  81  0  0  0  0  0  81  0  81  0  0  0  81  0  0  0  0  81  0  81  81  0  0  0  81  0  81  81  81  0  81  81  81  0  0  0  81  0  0  81  0  0  81  0  0  0  0  0  0  0  0  81  0  81  0  81  0  81  

0  0  0  0  0  0  81  81  0  0  0  0  0  0  0  0  81  0  0  0  0  81  0  0  0  0  0  81  0  0  0  0  81  81  81  0  0  81  0  0  0  0  81  81  0  81  0  0  0  0  0  0  81  0  0  0  0  0  0  0  81  0  81  0  0  81  0  0  0  81  0  0  0  81  0  81  0  81  0  0  

0  81  0  0  0  81  81  0  0  0  0  0  0  0  81  0  0  81  0  0  0  0  81  0  81  0  0  0  0  81  0  81  0  0  0  81  81  81  0  81  0  81  0  81  0  0  0  0  0  0  0  0  0  0  0  0  0  81  0  0  81  0  0  81  0  0  0  0  0  0  0  0  0  0  0  0  0  81  0  81  

81  81  81  81  81  0  81  81  0  0  0  0  0  0  0  0  0  0  81  81  0  0  0  0  81  81  0  0  81  0  81  81  81  0  0  0  81  0  0  0  0  0  0  0  0  81  0  0  0  81  0  81  0  81  0  81  81  0  81  0  0  81  0  0  81  0  81  0  81  0  0  81  0  0  0  0  0  0  0  0  

0  81  0  0  0  0  0  0  81  0  0  81  81  0  0  81  0  0  0  0  0  0  0  81  0  0  0  0  81  81  0  0  0  81  81  0  0  0  0  0  81  0  0  0  81  81  0  81  0  81  81  81  0  81  0  0  0  0  0  0  0  0  81  0  0  81  0  0  0  0  0  0  81  81  81  0  0  81  81  0  

81  0  0  81  0  0  81  81  0  81  0  0  0  0  0  0  0  0  81  0  0  81  0  81  0  81  81  81  81  81  0  0  81  0  81  0  0  0  0  81  81  0  81  0  0  0  0  0  0  0  0  0  0  0  0  0  81  0  81  81  81  0  0  0  81  0  81  81  0  0  0  81  0  0  0  81  0  0  81  0  

0  0  0  81  0  0  0  0  81  81  0  81  0  0  81  0  0  0  0  0  0  0  0  0  0  81  0  81  0  0  0  0  81  0  0  0  0  81  81  81  81  81  0  0  0  81  81  81  81  0  0  0  81  0  81  0  81  0  81  0  0  0  0  0  0  0  81  81  0  0  0  81  81  0  0  0  0  0  0  0  

0  0  0  0  0  0  0  0  0  0  81  81  0  81  0  81  0  81  0  0  81  81  0  81  0  0  0  0  0  0  0  0  0  0  0  0  81  0  0  0  0  0  81  81  0  81  81  0  0  0  81  81  0  81  0  81  0  0  81  0  81  0  0  0  81  0  0  0  81  81  0  0  0  0  0  0  81  0  81  81  

81  81  0  0  0  81  0  0  0  81  0  0  0  0  0  0  81  0  0  0  0  0  0  0  0  81  0  0  0  0  81  0  0  0  0  0  0  0  0  0  0  0  0  0  81  0  0  0  81  81  0  0  0  81  0  0  0  81  0  0  0  0  81  0  0  0  0  0  81  81  81  0  0  0  81  0  0  81  81  0  

81  0  0  0  0  81  0  81  0  0  81  0  0  81  81  0  0  81  0  0  0  0  0  0  0  0  0  0  0  0  0  81  81  81  0  0  0  0  0  0  0  0  0  81  0  0  0  81  81  0  0  0  81  0  0  0  0  0  0  0  0  0  0  0  0  0  0  0  0  81  81  0  0  0  81  0  81  0  0  0  

0  0  81  0  0  0  0  81  81  0  81  0  0  0  81  81  0  0  0  81  0  81  0  81  0  81  81  0  81  0  81  81  0  81  0  0  81  0  0  0  81  0  0  81  81  0  0  0  0  81  0  0  0  0  81  81  0  0  0  0  0  0  0  0  81  0  81  81  0  0  0  81  81  0  0  81  81  0  81  81  

0  0  0  0  81  0  0  0  81  0  81  81  0  81  0  0  81  0  0  0  0  0  0  0  81  0  81  0  0  0  0  0  0  0  0  0  81  0  0  0  0  81  81  0  0  81  0  0  81  0  81  0  81  81  0  0  81  0  0  81  0  0  0  0  0  81  0  81  0  0  0  81  81  0  0  0  0  81  0  0  

81  81  0  81  0  0  0  0  0  81  0  0  0  0  0  81  0  0  0  0  0  0  81  81  81  0  81  0  0  0  0  0  81  0  0  0  81  0  0  81  0  0  0  81  0  0  0  0  0  81  0  0  0  0  81  0  0  0  81  0  81  81  81  0  0  81  0  0  0  0  0  0  0  81  81  0  0  0  0  0  

0  0  0  0  0  0  0  81  0  0  81  0  81  81  0  0  0  0  0  0  81  0  0  0  0  0  0  0  0  0  0  0  0  0  0  0  81  0  0  0  81  0  0  0  0  81  0  81  0  0  0  81  81  0  81  0  0  0  81  0  0  0  0  0  0  81  0  0  0  81  81  0  0  81  81  81  0  0  0  0  

81  0  0  81  0  0  81  81  81  0  0  0  0  81  0  0  81  81  0  0  0  0  0  81  0  0  0  0  0  81  81  81  0  0  0  0  81  0  0  0  0  0  0  81  81  0  0  81  0  0  0  81  81  81  0  0  0  0  0  0  81  81  81  0  0  0  81  0  0  0  0  81  0  0  81  81  0  0  0  81  

0  81  0  0  81  0  0  0  0  0  0  81  81  0  0  0  0  0  0  0  0  81  0  0  81  0  0  0  0  0  0  0  0  0  0  81  81  0  0  81  81  0  81  0  0  81  0  81  81  0  81  0  81  81  0  81  81  0  81  0  0  0  0  0  0  0  0  0  81  0  81  81  0  0  0  0  81  0  0  0  

81  81  0  81  0  0  0  81  0  0  81  0  0  0  81  0  81  0  0  0  0  0  0  0  0  81  0  81  81  81  0  0  81  0  0  81  0  0  0  0  0  0  81  81  0  81  0  81  0  81  0  0  81  0  81  81  0  0  0  0  0  81  81  81  0  81  0  0  0  81  0  0  81  0  0  0  0  81  0  81  

0  0  0  0  0  81  0  81  0  0  0  0  81  0  0  0  81  81  81  0  81  0  81  0  0  81  0  0  0  0  0  0  0  81  0  81  0  0  0  0  0  0  81  0  0  0  0  0  81  81  0  0  81  81  81  0  0  0  81  0  0  0  0  0  0  81  81  0  81  81  0  81  0  0  0  0  0  0  81  81  

0  0  81  0  0  0  81  0  0  0  81  0  0  81  81  0  0  0  0  0  81  0  0  0  0  0  81  81  81  0  81  0  0  0  0  0  0  81  81  0  0  0  0  81  0  0  0  0  0  0  81  0  0  81  0  0  0  0  81  0  0  81  0  81  0  0  0  0  81  0  0  81  0  0  0  81  0  81  81  81  

UnPairedArc=
1 2 
1 3 
1 5 
1 10 
1 11 
1 14 
1 17 
1 21 
1 23 
1 24 
1 28 
1 32 
1 33 
1 34 
1 37 
1 39 
1 42 
1 45 
1 50 
1 53 
1 58 
1 65 
1 67 
1 70 
1 71 
1 74 
1 76 
1 78 
2 11 
2 12 
2 14 
2 15 
2 17 
2 18 
2 20 
2 28 
2 29 
2 33 
2 35 
2 36 
2 37 
2 39 
2 40 
2 44 
2 46 
2 54 
2 56 
2 58 
2 60 
2 64 
2 65 
2 66 
2 70 
2 74 
2 77 
2 78 
3 5 
3 9 
3 18 
3 19 
3 21 
3 22 
3 24 
3 28 
3 30 
3 31 
3 35 
3 42 
3 44 
3 46 
3 48 
3 49 
3 51 
3 53 
3 56 
3 57 
3 59 
3 60 
3 62 
3 65 
3 72 
3 80 
4 6 
4 7 
4 12 
4 13 
4 17 
4 18 
4 23 
4 24 
4 25 
4 30 
4 34 
4 36 
4 38 
4 44 
4 46 
4 51 
4 61 
4 62 
4 65 
4 67 
4 68 
4 74 
4 76 
4 78 
5 16 
5 20 
5 24 
5 30 
5 31 
5 32 
5 35 
5 36 
5 38 
5 41 
5 46 
5 47 
5 49 
5 53 
5 55 
5 58 
5 65 
5 73 
5 77 
6 7 
6 10 
6 17 
6 19 
6 21 
6 33 
6 38 
6 41 
6 62 
6 64 
6 70 
6 71 
6 79 
7 14 
7 19 
7 24 
7 32 
7 35 
7 40 
7 45 
7 46 
7 48 
7 52 
7 54 
7 57 
7 62 
7 63 
7 64 
7 65 
7 67 
7 76 
7 80 
8 9 
8 11 
8 12 
8 16 
8 20 
8 22 
8 23 
8 25 
8 27 
8 35 
8 38 
8 40 
8 41 
8 42 
8 45 
8 46 
8 49 
8 63 
8 65 
8 67 
8 71 
8 72 
8 75 
8 76 
8 78 
8 79 
9 12 
9 14 
9 16 
9 18 
9 21 
9 24 
9 25 
9 26 
9 29 
9 31 
9 32 
9 36 
9 42 
9 44 
9 47 
9 52 
9 57 
9 61 
9 66 
9 68 
9 72 
9 73 
9 76 
10 11 
10 12 
10 18 
10 26 
10 34 
10 40 
10 44 
10 45 
10 53 
10 55 
10 56 
10 60 
10 61 
10 62 
10 67 
10 68 
10 70 
10 74 
11 17 
11 18 
11 26 
11 27 
11 30 
11 33 
11 34 
11 42 
11 52 
11 53 
11 55 
11 56 
11 58 
11 60 
11 69 
11 71 
11 72 
11 73 
11 75 
11 78 
11 80 
12 13 
12 24 
12 27 
12 29 
12 32 
12 34 
12 36 
12 38 
12 44 
12 45 
12 46 
12 49 
12 54 
12 56 
12 57 
12 58 
12 59 
12 66 
12 68 
12 69 
12 73 
12 77 
13 21 
13 27 
13 32 
13 34 
13 41 
13 43 
13 47 
13 49 
13 51 
13 53 
13 55 
13 56 
13 59 
13 62 
13 66 
13 75 
13 77 
13 79 
14 15 
14 20 
14 22 
14 25 
14 26 
14 40 
14 43 
14 47 
14 50 
14 55 
14 58 
14 62 
14 69 
14 71 
14 73 
14 75 
14 76 
14 80 
15 19 
15 21 
15 26 
15 30 
15 33 
15 34 
15 41 
15 44 
15 45 
15 46 
15 47 
15 56 
15 64 
15 68 
15 71 
15 72 
15 78 
15 80 
16 21 
16 24 
16 32 
16 34 
16 35 
16 37 
16 45 
16 50 
16 51 
16 53 
16 57 
16 59 
16 61 
16 62 
16 66 
16 69 
16 72 
16 74 
17 19 
17 21 
17 24 
17 25 
17 26 
17 36 
17 43 
17 52 
17 56 
17 59 
17 63 
17 70 
17 73 
17 76 
17 78 
17 79 
18 19 
18 21 
18 25 
18 29 
18 33 
18 38 
18 44 
18 47 
18 49 
18 50 
18 52 
18 54 
18 61 
18 64 
18 69 
18 71 
18 76 
18 79 
19 23 
19 25 
19 35 
19 36 
19 40 
19 43 
19 48 
19 60 
19 61 
19 65 
19 67 
19 79 
20 21 
20 23 
20 28 
20 33 
20 36 
20 37 
20 43 
20 44 
20 46 
20 48 
20 55 
20 56 
20 59 
20 65 
20 72 
21 22 
21 26 
21 29 
21 30 
21 31 
21 38 
21 39 
21 50 
21 51 
21 52 
21 55 
21 58 
21 62 
21 69 
21 75 
21 79 
21 80 
22 27 
22 29 
22 30 
22 33 
22 35 
22 37 
22 38 
22 41 
22 45 
22 46 
22 47 
22 51 
22 53 
22 54 
22 58 
22 59 
22 61 
22 63 
22 67 
22 69 
22 72 
22 77 
23 26 
23 32 
23 42 
23 49 
23 51 
23 55 
23 56 
23 59 
23 62 
23 64 
23 74 
23 79 
24 26 
24 28 
24 30 
24 32 
24 35 
24 41 
24 42 
24 43 
24 45 
24 49 
24 57 
24 61 
24 66 
24 67 
24 69 
24 72 
24 74 
24 76 
25 27 
25 28 
25 38 
25 41 
25 43 
25 44 
25 49 
25 53 
25 56 
25 58 
25 64 
25 65 
25 73 
25 74 
25 77 
26 28 
26 34 
26 35 
26 37 
26 41 
26 47 
26 53 
26 55 
26 59 
26 65 
26 67 
26 68 
26 70 
26 72 
26 78 
26 79 
27 31 
27 32 
27 33 
27 40 
27 43 
27 53 
27 67 
27 72 
27 73 
27 74 
27 80 
28 41 
28 42 
28 44 
28 45 
28 47 
28 55 
28 63 
28 67 
28 68 
28 78 
28 80 
29 30 
29 32 
29 38 
29 39 
29 41 
29 42 
29 43 
29 45 
29 46 
29 49 
29 50 
29 62 
29 65 
29 66 
29 67 
29 72 
29 78 
29 80 
30 31 
30 40 
30 44 
30 47 
30 55 
30 64 
30 66 
30 67 
30 76 
30 78 
31 32 
31 33 
31 37 
31 39 
31 40 
31 43 
31 45 
31 46 
31 50 
31 51 
31 56 
31 57 
31 61 
31 62 
31 65 
31 70 
31 72 
31 76 
31 80 
32 33 
32 35 
32 36 
32 38 
32 41 
32 42 
32 48 
32 59 
32 60 
32 61 
32 64 
32 65 
32 71 
32 72 
32 76 
33 36 
33 47 
33 50 
33 61 
33 63 
33 65 
33 67 
33 68 
33 71 
33 74 
33 78 
34 36 
34 38 
34 40 
34 43 
34 49 
34 50 
34 53 
34 54 
34 55 
34 56 
34 57 
34 59 
34 63 
34 66 
34 71 
34 72 
34 79 
35 39 
35 42 
35 43 
35 46 
35 47 
35 49 
35 52 
35 54 
35 55 
35 56 
35 59 
35 62 
35 63 
35 66 
35 67 
36 42 
36 43 
36 48 
36 50 
36 64 
36 77 
36 78 
36 79 
37 40 
37 42 
37 43 
37 47 
37 48 
37 52 
37 57 
37 58 
37 59 
37 64 
37 65 
37 69 
37 72 
37 73 
37 74 
37 75 
37 76 
37 77 
38 46 
38 47 
38 57 
38 63 
38 64 
38 68 
38 80 
39 40 
39 41 
39 45 
39 46 
39 49 
39 51 
39 57 
39 60 
39 68 
39 80 
40 41 
40 43 
40 47 
40 50 
40 59 
40 60 
40 61 
40 62 
40 64 
40 67 
40 68 
40 74 
40 77 
41 42 
41 43 
41 47 
41 51 
41 54 
41 66 
41 67 
41 68 
41 72 
41 75 
41 77 
42 48 
42 49 
42 52 
42 55 
42 57 
42 61 
42 62 
42 64 
42 68 
42 73 
43 44 
43 45 
43 47 
43 49 
43 52 
43 55 
43 60 
43 62 
43 63 
43 67 
43 69 
43 73 
43 77 
43 78 
43 79 
44 50 
44 63 
44 64 
44 69 
44 71 
44 72 
44 74 
44 76 
44 78 
44 80 
45 46 
45 53 
45 61 
45 66 
45 70 
45 72 
45 76 
46 47 
46 48 
46 49 
46 52 
46 59 
46 63 
46 65 
46 66 
46 68 
46 69 
46 73 
46 75 
46 77 
46 78 
47 50 
47 52 
47 53 
47 55 
47 56 
47 57 
47 59 
47 61 
47 62 
47 68 
47 69 
48 51 
48 52 
48 58 
48 60 
48 61 
48 66 
48 68 
48 71 
48 75 
48 76 
48 77 
48 78 
49 52 
49 53 
49 54 
49 56 
49 57 
49 59 
49 60 
49 62 
49 68 
49 70 
49 71 
49 73 
49 77 
49 79 
50 51 
50 55 
50 56 
50 62 
50 65 
50 66 
50 70 
50 72 
50 74 
50 78 
50 79 
51 54 
51 56 
51 57 
51 58 
51 62 
51 66 
51 69 
51 73 
51 77 
51 80 
52 61 
52 65 
52 66 
52 69 
52 75 
52 76 
53 59 
53 62 
53 63 
53 68 
53 71 
53 73 
53 75 
53 76 
53 77 
53 78 
53 79 
54 55 
54 56 
54 62 
54 65 
54 66 
54 69 
54 70 
54 73 
54 76 
54 77 
54 79 
54 80 
55 58 
55 62 
55 68 
55 72 
55 74 
55 75 
55 78 
55 79 
56 61 
56 65 
56 69 
56 72 
56 77 
56 78 
57 61 
57 65 
57 67 
57 68 
57 73 
57 77 
58 60 
58 64 
58 70 
59 62 
59 65 
59 67 
59 68 
59 69 
59 74 
59 75 
59 77 
59 79 
59 80 
60 67 
60 73 
61 63 
61 64 
61 67 
61 69 
61 74 
61 76 
62 65 
62 74 
62 76 
62 78 
62 80 
63 66 
63 70 
63 74 
63 76 
63 78 
64 78 
64 80 
65 67 
65 69 
65 72 
66 73 
66 74 
66 75 
66 78 
66 79 
67 68 
67 72 
67 76 
67 79 
68 72 
68 73 
69 70 
69 77 
69 79 
69 80 
70 71 
70 75 
70 78 
70 79 
71 75 
71 77 
72 73 
72 76 
72 77 
72 79 
72 80 
73 78 
74 75 
75 76 
76 80 
78 80 
79 80 
