nNodes=40;
 nPairs=75;
Cost=

41  0  41  0  0  0  0  0  0  0  0  0  0  0  0  0  0  0  0  0  0  0  0  0  0  0  0  0  0  0  0  0  0  0  0  0  0  0  0  0  

0  41  0  0  0  0  0  0  0  0  0  0  0  0  0  0  0  0  0  0  0  0  0  0  0  0  0  0  0  0  0  0  0  41  0  0  0  0  0  0  

41  0  41  0  0  0  0  0  0  0  0  0  0  0  0  41  0  0  0  0  0  41  0  0  41  0  0  0  0  0  41  0  0  41  0  0  0  41  0  0  

0  0  0  41  0  0  0  0  0  0  41  0  0  41  0  0  0  0  0  0  0  0  41  0  0  0  0  0  0  0  0  0  0  41  0  0  0  0  0  0  

0  0  0  0  41  0  41  0  0  0  41  0  0  0  0  0  0  0  0  0  0  0  0  0  0  0  41  0  41  0  0  0  0  41  0  0  0  0  0  0  

0  0  0  0  0  41  0  0  0  0  0  0  0  0  0  41  0  0  0  0  0  0  0  0  0  0  41  0  41  0  0  0  0  0  41  0  0  0  0  0  

0  0  0  0  41  0  41  0  0  0  0  0  0  41  0  41  0  0  0  0  0  0  0  0  0  0  0  0  0  0  0  0  0  0  41  0  0  0  0  0  

0  0  0  0  0  0  0  41  41  0  0  0  0  0  0  41  0  0  0  0  0  0  0  0  0  0  41  0  0  0  41  0  0  0  41  0  0  0  0  0  

0  0  0  0  0  0  0  41  41  0  41  0  0  0  0  41  0  0  0  0  0  0  0  0  0  0  0  0  0  0  0  0  41  0  0  0  0  0  0  0  

0  0  0  0  0  0  0  0  0  41  0  0  0  41  0  0  0  41  0  0  0  41  0  0  0  0  41  41  0  0  0  0  41  0  0  0  0  41  0  0  

0  0  0  41  41  0  0  0  41  0  41  0  0  0  0  0  0  0  0  0  0  0  0  0  0  0  0  0  0  0  0  0  0  0  0  0  0  0  0  0  

0  0  0  0  0  0  0  0  0  0  0  41  0  41  0  0  0  0  0  0  0  41  0  0  0  0  0  0  0  41  0  0  0  0  0  0  0  0  0  0  

0  0  0  0  0  0  0  0  0  0  0  0  41  0  41  0  0  0  0  0  0  41  0  0  0  0  0  0  0  0  0  0  0  0  0  0  0  0  0  0  

0  0  0  41  0  0  41  0  0  41  0  41  0  41  0  0  0  0  0  41  0  0  0  0  0  0  0  0  0  0  0  0  41  0  0  0  0  0  0  0  

0  0  0  0  0  0  0  0  0  0  0  0  41  0  41  0  41  0  0  0  0  0  0  0  0  0  0  41  0  0  0  41  0  0  0  41  0  0  0  0  

0  0  41  0  0  41  41  41  41  0  0  0  0  0  0  41  0  0  0  0  0  0  0  0  0  0  0  0  0  0  41  0  0  0  0  0  0  0  41  0  

0  0  0  0  0  0  0  0  0  0  0  0  0  0  41  0  41  0  0  0  0  0  0  0  0  0  0  0  0  0  0  0  0  0  0  0  0  0  0  0  

0  0  0  0  0  0  0  0  0  41  0  0  0  0  0  0  0  41  0  0  0  0  0  0  41  41  0  0  0  0  0  0  41  0  0  0  0  0  41  0  

0  0  0  0  0  0  0  0  0  0  0  0  0  0  0  0  0  0  41  0  0  0  0  0  0  0  0  0  0  0  41  0  0  0  0  0  0  0  0  0  

0  0  0  0  0  0  0  0  0  0  0  0  0  41  0  0  0  0  0  41  0  0  0  41  0  0  0  0  0  0  0  0  0  41  0  0  0  0  0  0  

0  0  0  0  0  0  0  0  0  0  0  0  0  0  0  0  0  0  0  0  41  0  0  0  0  0  0  0  0  0  0  41  0  0  41  0  0  0  0  0  

0  0  41  0  0  0  0  0  0  41  0  41  41  0  0  0  0  0  0  0  0  41  0  0  0  0  0  0  0  0  0  0  0  0  0  41  41  0  0  0  

0  0  0  41  0  0  0  0  0  0  0  0  0  0  0  0  0  0  0  0  0  0  41  0  0  0  0  0  0  0  0  0  0  0  0  0  41  0  0  0  

0  0  0  0  0  0  0  0  0  0  0  0  0  0  0  0  0  0  0  41  0  0  0  41  0  0  0  0  0  0  41  0  0  0  0  0  0  0  0  0  

0  0  41  0  0  0  0  0  0  0  0  0  0  0  0  0  0  41  0  0  0  0  0  0  41  0  0  0  0  0  0  0  0  0  0  0  0  0  0  0  

0  0  0  0  0  0  0  0  0  0  0  0  0  0  0  0  0  41  0  0  0  0  0  0  0  41  0  0  0  0  0  0  0  0  0  0  0  0  0  0  

0  0  0  0  41  41  0  41  0  41  0  0  0  0  0  0  0  0  0  0  0  0  0  0  0  0  41  0  41  0  0  0  0  0  41  0  0  0  0  0  

0  0  0  0  0  0  0  0  0  41  0  0  0  0  41  0  0  0  0  0  0  0  0  0  0  0  0  41  0  0  0  0  0  0  0  0  0  0  0  0  

0  0  0  0  41  41  0  0  0  0  0  0  0  0  0  0  0  0  0  0  0  0  0  0  0  0  41  0  41  0  0  0  0  0  0  0  0  41  0  0  

0  0  0  0  0  0  0  0  0  0  0  41  0  0  0  0  0  0  0  0  0  0  0  0  0  0  0  0  0  41  0  0  0  0  0  41  0  0  0  0  

0  0  41  0  0  0  0  41  0  0  0  0  0  0  0  41  0  0  41  0  0  0  0  41  0  0  0  0  0  0  41  0  0  0  0  0  0  0  0  0  

0  0  0  0  0  0  0  0  0  0  0  0  0  0  41  0  0  0  0  0  41  0  0  0  0  0  0  0  0  0  0  41  0  0  0  0  0  41  0  0  

0  0  0  0  0  0  0  0  41  41  0  0  0  41  0  0  0  41  0  0  0  0  0  0  0  0  0  0  0  0  0  0  41  0  0  41  0  0  0  0  

0  41  41  41  41  0  0  0  0  0  0  0  0  0  0  0  0  0  0  41  0  0  0  0  0  0  0  0  0  0  0  0  0  41  41  0  0  0  0  0  

0  0  0  0  0  41  41  41  0  0  0  0  0  0  0  0  0  0  0  0  41  0  0  0  0  0  41  0  0  0  0  0  0  41  41  0  0  0  41  0  

0  0  0  0  0  0  0  0  0  0  0  0  0  0  41  0  0  0  0  0  0  41  0  0  0  0  0  0  0  41  0  0  41  0  0  41  0  41  0  0  

0  0  0  0  0  0  0  0  0  0  0  0  0  0  0  0  0  0  0  0  0  41  41  0  0  0  0  0  0  0  0  0  0  0  0  0  41  0  41  0  

0  0  41  0  0  0  0  0  0  41  0  0  0  0  0  0  0  0  0  0  0  0  0  0  0  0  0  0  41  0  0  41  0  0  0  41  0  41  0  0  

0  0  0  0  0  0  0  0  0  0  0  0  0  0  0  41  0  41  0  0  0  0  0  0  0  0  0  0  0  0  0  0  0  0  41  0  41  0  41  0  

0  0  0  0  0  0  0  0  0  0  0  0  0  0  0  0  0  0  0  0  0  0  0  0  0  0  0  0  0  0  0  0  0  0  0  0  0  0  0  41  

UnPairedArc=
1 3 
2 34 
3 16 
3 22 
3 25 
3 31 
3 34 
3 38 
4 11 
4 14 
4 23 
4 34 
5 7 
5 11 
5 27 
5 29 
5 34 
6 16 
6 27 
6 29 
6 35 
7 14 
7 16 
7 35 
8 9 
8 16 
8 27 
8 31 
8 35 
9 11 
9 16 
9 33 
10 14 
10 18 
10 22 
10 27 
10 28 
10 33 
10 38 
12 14 
12 22 
12 30 
13 15 
13 22 
14 20 
14 33 
15 17 
15 28 
15 32 
15 36 
16 31 
16 39 
18 25 
18 26 
18 33 
18 39 
19 31 
20 24 
20 34 
21 32 
21 35 
22 36 
22 37 
23 37 
24 31 
27 29 
27 35 
29 38 
30 36 
32 38 
33 36 
34 35 
35 39 
36 38 
37 39 
