nNodes=100;
 nPairs=1941;
Cost=

101  0  101  101  0  0  0  101  101  0  101  101  101  0  101  0  0  0  101  101  101  0  0  0  0  101  0  0  101  0  0  101  101  0  0  101  0  0  101  0  101  0  101  0  0  0  0  0  0  0  0  101  0  0  0  101  0  0  101  0  0  0  101  0  101  101  101  0  0  0  0  0  101  101  0  101  101  101  0  101  101  101  101  0  101  0  101  0  0  0  101  0  101  101  0  0  0  0  0  0  

0  101  0  0  101  101  101  101  101  101  0  0  101  101  101  0  0  0  0  0  0  0  0  0  101  101  101  0  0  0  101  101  0  101  0  0  101  0  0  0  0  0  101  0  101  0  0  0  101  0  101  101  0  0  0  0  0  0  101  0  0  0  0  101  101  0  0  101  0  0  0  0  0  0  0  0  0  101  101  101  101  0  101  101  0  0  0  101  0  101  0  0  0  0  0  101  0  101  101  101  

101  0  101  0  101  0  0  0  101  101  101  0  0  0  0  0  0  0  0  0  0  0  101  101  101  101  101  101  101  0  0  0  101  101  0  101  0  0  101  101  101  101  0  0  0  101  101  101  0  0  0  0  0  101  101  0  0  0  101  0  0  0  0  101  0  0  0  0  0  0  101  101  0  0  101  0  101  101  0  101  101  101  0  0  101  101  0  101  0  0  101  0  101  101  0  0  101  0  0  101  

101  0  0  101  0  101  101  0  0  0  101  0  0  0  0  0  0  101  101  0  101  101  0  101  0  101  0  0  101  0  0  0  101  0  101  101  0  0  101  101  0  101  101  0  0  0  0  0  0  0  101  101  0  0  0  101  0  0  0  0  0  0  101  0  0  101  101  0  0  0  101  101  0  101  0  0  101  101  0  0  101  0  101  0  0  0  101  0  0  101  101  101  0  0  0  101  0  101  0  0  

0  101  101  0  101  0  0  101  0  0  0  101  101  0  101  0  0  101  101  0  0  101  0  0  101  0  0  101  101  0  0  0  0  101  0  101  101  101  101  0  101  0  0  101  101  101  101  0  101  101  0  101  101  0  101  0  0  101  0  101  101  0  101  0  0  101  0  101  0  101  0  101  101  0  101  0  101  101  0  101  0  101  101  0  0  101  101  0  0  0  0  0  101  101  0  101  0  0  0  0  

0  101  0  101  0  101  0  0  101  101  0  0  0  0  101  101  0  0  101  101  101  0  0  0  0  101  0  0  0  101  101  101  0  101  0  0  101  0  0  0  101  0  0  0  101  0  0  0  101  101  0  101  0  0  0  0  0  101  101  0  101  0  101  0  101  0  0  101  101  0  101  101  101  0  0  101  101  0  0  101  0  0  0  101  0  101  101  0  0  101  101  101  101  101  101  0  0  0  0  0  

0  101  0  101  0  0  101  0  0  101  101  101  101  101  101  101  0  0  101  101  0  0  0  0  0  0  0  0  0  0  101  0  0  101  0  101  101  101  101  101  0  0  101  0  0  0  0  101  0  101  101  101  0  0  101  101  0  101  0  0  0  0  101  0  0  101  0  101  0  101  0  101  0  0  101  0  101  101  101  0  101  0  101  0  0  101  101  0  101  0  101  0  0  0  0  0  101  101  101  0  

101  101  0  0  101  0  0  101  101  0  101  101  0  0  0  0  0  101  101  101  101  101  0  0  101  0  101  101  0  0  0  0  101  101  0  0  101  101  0  0  0  0  101  0  0  101  0  101  101  0  0  0  0  101  101  101  101  0  0  0  0  0  0  0  101  0  0  101  0  0  101  0  101  0  0  0  101  0  0  0  0  0  0  0  0  101  0  0  101  0  101  0  0  0  0  101  0  0  0  0  

101  101  101  0  0  101  0  101  101  0  0  101  0  101  101  0  101  0  101  101  0  0  0  101  101  101  101  101  0  101  101  0  0  101  101  0  101  101  101  0  101  0  101  101  0  0  101  101  0  101  0  101  0  0  0  101  0  0  0  101  0  0  0  0  0  0  101  101  0  0  0  0  101  0  0  0  0  0  0  101  101  101  0  101  0  0  101  0  0  0  0  0  101  0  0  0  0  101  0  0  

0  101  101  0  0  101  101  0  0  101  0  0  0  0  0  0  0  101  101  0  101  101  0  0  0  101  0  0  0  101  0  0  0  101  101  101  0  0  0  0  0  0  101  101  0  101  101  101  0  101  101  101  0  101  0  101  0  0  101  101  0  0  101  101  101  101  0  101  0  0  0  0  101  0  0  0  101  101  101  0  101  0  101  101  101  0  0  101  0  0  0  0  0  101  101  0  0  0  101  0  

101  0  101  101  0  0  101  101  0  0  101  0  101  0  0  101  0  0  101  0  0  0  0  0  101  0  0  0  0  101  101  0  0  101  101  101  0  0  0  0  101  0  0  0  101  0  101  0  101  101  0  101  101  0  0  0  0  0  0  101  0  0  0  0  0  0  0  0  0  101  0  0  0  0  101  0  0  0  0  101  101  0  0  101  101  101  0  101  0  0  0  0  101  101  0  0  0  101  0  0  

101  0  0  0  101  0  101  101  101  0  0  101  0  0  101  0  101  0  101  101  0  101  0  101  0  0  101  0  101  0  101  0  101  101  0  101  101  0  101  101  101  101  101  101  0  0  0  101  101  0  101  0  0  0  101  101  0  0  0  101  101  101  0  0  101  0  0  0  0  101  101  101  0  0  101  0  0  0  0  101  101  101  0  0  0  0  101  0  0  0  101  0  101  0  0  0  0  0  0  0  

101  101  0  0  101  0  101  0  0  0  101  0  101  0  101  0  0  0  101  0  0  101  0  0  0  101  0  0  0  0  0  0  101  101  0  0  101  101  101  101  0  0  101  101  101  0  101  101  0  101  0  0  101  0  0  0  0  0  101  101  0  0  101  0  0  101  0  0  0  0  0  101  101  0  0  101  101  101  101  101  101  0  0  101  101  101  0  101  0  101  101  0  101  101  0  0  0  0  101  101  

0  101  0  0  0  0  101  0  101  0  0  0  0  101  101  0  0  0  101  101  0  0  0  101  0  0  101  0  0  0  0  101  101  0  0  0  101  0  0  0  0  0  101  0  0  0  101  101  101  0  0  101  101  0  0  0  101  101  0  101  0  0  0  101  0  0  101  0  101  0  101  0  0  0  0  101  101  0  0  0  101  101  0  101  0  101  101  0  101  101  0  101  0  101  0  0  101  101  101  101  

101  101  0  0  101  101  101  0  101  0  0  101  101  101  101  0  0  101  0  0  0  101  0  0  0  0  101  0  0  0  0  0  0  101  0  0  0  0  101  101  0  101  0  0  101  0  0  0  0  0  101  101  0  0  0  0  0  0  0  101  101  0  101  101  0  101  0  101  0  101  0  101  0  0  101  0  101  0  0  101  101  0  0  101  0  0  101  101  101  0  101  0  0  101  0  0  0  0  0  101  

0  0  0  0  0  101  101  0  0  0  101  0  0  0  0  101  101  101  0  101  0  101  0  101  0  101  0  0  101  0  0  0  0  101  0  0  101  0  0  101  0  0  101  0  101  0  0  0  0  0  0  0  0  0  101  0  0  0  0  101  0  0  101  0  101  0  0  101  101  0  0  0  101  101  101  0  101  101  101  101  101  101  0  0  101  101  101  101  101  0  101  101  101  0  0  101  0  0  101  0  

0  0  0  0  0  0  0  0  101  0  0  101  0  0  0  101  101  101  0  0  101  101  0  0  101  101  0  0  101  0  0  101  101  0  0  0  0  0  101  0  0  101  0  101  101  101  101  0  101  0  0  0  0  0  101  101  101  0  0  0  0  0  101  101  0  0  0  101  0  101  0  0  0  0  0  0  0  101  101  0  0  0  101  0  101  101  101  101  101  101  0  0  101  101  101  0  101  0  101  0  

0  0  0  101  101  0  0  101  0  101  0  0  0  0  101  101  101  101  101  101  0  0  101  0  101  0  101  101  0  0  0  101  0  0  0  101  101  0  101  0  101  101  0  101  0  101  0  101  101  0  0  0  0  101  0  0  101  101  0  0  0  0  101  101  0  0  0  101  101  0  101  101  0  0  0  101  0  0  0  0  0  0  0  101  101  101  0  101  0  0  0  101  0  0  101  101  0  0  101  101  

101  0  0  101  101  101  101  101  101  101  101  101  101  101  0  0  0  101  101  101  0  101  101  101  101  101  0  0  0  0  101  101  0  101  101  101  0  0  101  0  101  101  0  101  0  101  0  101  101  101  101  0  0  101  101  0  0  0  0  0  0  0  0  101  0  0  0  0  101  101  101  0  101  0  101  0  0  0  0  0  101  101  0  101  101  0  0  0  0  0  0  101  0  0  101  0  0  0  101  0  

101  0  0  0  0  101  101  101  101  0  0  101  0  101  0  101  0  101  101  101  101  0  0  101  0  0  101  0  101  0  0  101  101  0  0  0  101  0  101  0  101  101  101  101  0  0  0  0  0  0  101  0  101  0  0  0  0  0  0  101  0  0  101  0  101  0  101  101  101  0  101  101  0  101  0  0  0  101  0  0  101  0  0  101  101  101  0  0  0  0  0  101  101  101  0  101  0  0  0  0  

101  0  0  101  0  101  0  101  0  101  0  0  0  0  0  0  101  0  0  101  101  0  0  0  0  0  0  101  0  101  0  0  0  0  0  101  101  101  0  0  0  0  0  101  0  0  101  0  0  0  0  0  101  0  0  0  0  0  0  0  101  0  101  0  0  0  101  0  0  101  0  0  0  0  0  101  101  0  0  101  101  0  0  101  0  0  101  101  0  101  101  0  0  0  0  0  0  0  101  101  

0  0  0  101  101  0  0  101  0  101  0  101  101  0  101  101  101  0  101  0  0  101  101  101  0  0  0  0  0  0  101  101  0  101  0  0  101  101  101  101  0  0  0  101  0  101  0  0  101  0  0  101  0  101  0  0  101  0  101  101  101  0  0  101  0  101  0  101  101  101  0  0  101  0  0  0  0  101  101  101  101  101  101  0  101  0  0  101  0  0  101  0  0  0  101  0  0  0  0  0  

0  0  101  0  0  0  0  0  0  0  0  0  0  0  0  0  0  101  101  0  0  101  101  0  0  0  0  101  101  101  0  0  101  0  101  0  0  0  0  0  0  0  101  101  0  0  0  101  101  101  0  0  101  0  0  0  0  0  0  101  0  101  0  101  0  0  0  0  0  0  101  0  0  0  101  0  0  0  0  0  101  0  101  0  0  0  0  0  0  0  0  0  101  101  0  0  0  0  0  0  

0  0  101  101  0  0  0  0  101  0  0  101  0  101  0  101  0  0  101  101  0  101  0  101  0  101  0  101  101  101  0  0  101  0  0  101  101  0  101  0  0  0  0  0  0  0  101  101  0  101  0  0  0  0  101  0  0  101  0  101  0  0  0  101  0  0  0  101  101  0  101  0  0  0  0  101  0  0  0  0  0  0  101  0  0  0  101  0  0  0  0  0  0  0  0  0  0  0  0  101  

0  101  101  0  101  0  0  101  101  0  101  0  0  0  0  0  101  101  101  0  0  0  0  0  101  0  0  101  0  0  0  0  0  101  0  0  0  0  0  101  101  0  0  101  0  0  0  101  0  0  0  0  0  101  101  101  0  0  0  101  0  0  0  101  0  101  101  0  0  101  0  0  0  101  101  101  0  0  0  0  0  0  101  0  0  0  0  101  101  0  0  0  101  0  101  0  101  0  101  0  

101  101  101  101  0  101  0  0  101  101  0  0  101  0  0  101  101  0  101  0  0  0  0  101  0  101  0  0  101  101  0  101  0  101  101  0  0  0  0  101  0  0  101  0  0  0  0  101  0  101  0  0  101  101  0  101  0  0  101  101  101  0  101  0  0  0  0  0  0  0  0  0  0  101  0  0  0  101  0  0  0  0  0  0  0  101  0  101  0  0  101  0  0  0  101  0  101  0  101  101  

0  101  101  0  0  0  0  101  101  0  0  101  0  101  101  0  0  101  0  101  0  0  0  0  0  0  101  0  0  0  0  101  101  0  0  0  101  101  101  101  0  101  101  0  0  101  101  0  101  0  0  0  0  101  0  101  0  101  0  0  0  101  101  0  101  0  0  0  0  101  0  101  101  0  101  0  101  0  101  0  0  0  0  0  0  101  101  0  101  101  0  0  101  0  0  0  0  0  101  0  

0  0  101  0  101  0  0  101  101  0  0  0  0  0  0  0  0  101  0  0  101  0  101  101  101  0  0  101  101  0  0  0  101  0  0  0  101  0  0  0  0  101  0  0  101  0  0  101  101  0  0  101  0  0  0  0  0  101  0  0  0  101  101  0  101  0  0  0  101  0  101  0  101  0  101  101  101  101  0  0  101  101  0  101  0  101  0  101  101  0  0  0  0  0  0  0  0  0  101  0  

101  0  101  101  101  0  0  0  0  0  0  101  0  0  0  101  101  0  0  101  0  0  101  101  0  101  0  101  101  101  101  101  0  0  0  0  0  0  101  0  0  0  0  0  0  0  101  101  101  101  101  0  0  101  0  0  0  0  0  101  101  0  0  101  0  101  101  101  0  101  101  0  0  0  0  0  0  101  0  101  0  0  101  0  0  101  101  101  0  101  101  101  0  0  0  0  0  0  101  101  

0  0  0  0  0  101  0  0  101  101  101  0  0  0  0  0  0  0  0  0  101  0  101  101  0  101  0  0  101  101  101  0  0  0  101  0  0  0  0  0  0  101  0  0  0  0  0  0  101  0  0  0  0  101  101  0  101  101  0  0  101  0  0  0  101  0  0  101  0  101  0  0  101  0  0  0  101  101  101  0  0  0  101  0  0  0  0  101  0  101  101  0  0  101  0  0  101  0  0  0  

0  101  0  0  0  101  101  0  101  0  101  101  0  0  0  0  0  0  101  0  0  101  0  0  0  0  0  0  101  101  101  101  0  101  101  101  0  0  101  101  101  101  0  0  0  101  101  0  101  0  101  0  0  0  0  101  101  0  0  101  101  0  101  101  0  101  101  0  0  101  101  0  101  101  101  0  0  101  0  101  101  0  0  101  101  101  0  101  0  0  101  101  0  0  101  0  101  0  0  0  

101  101  0  0  0  101  0  0  0  0  0  0  0  101  0  0  101  101  101  101  0  101  0  0  0  101  101  0  101  0  101  101  0  0  0  0  0  0  101  101  0  0  0  101  101  0  0  0  101  0  0  0  0  0  0  0  0  101  101  0  0  0  0  101  101  101  0  0  0  0  0  101  0  0  101  101  0  101  101  0  0  0  0  101  0  0  101  0  0  101  0  101  0  101  101  0  0  0  0  0  

101  0  101  101  0  0  0  101  0  0  0  101  101  101  0  0  101  0  0  101  0  0  101  101  0  0  101  101  0  0  0  0  101  101  0  0  0  0  101  0  0  101  0  0  101  0  0  0  101  101  101  101  101  101  0  0  0  0  101  0  101  0  101  101  0  0  101  0  0  0  0  101  101  101  0  0  0  0  101  101  0  0  101  101  0  0  101  101  101  0  101  0  0  0  101  0  0  101  0  101  

0  101  101  0  101  101  101  101  101  101  101  101  101  0  101  101  0  0  101  0  0  101  0  0  101  101  0  0  0  0  101  0  101  101  0  101  0  0  0  101  101  101  101  101  0  101  0  0  0  101  101  0  0  0  0  0  0  101  0  101  101  0  0  0  0  0  0  0  0  0  0  0  0  101  0  101  0  0  101  0  0  0  0  0  0  0  101  101  0  101  101  0  101  101  0  0  0  101  0  0  

0  0  0  101  0  0  0  0  101  101  101  0  0  0  0  0  0  0  101  0  0  0  101  0  0  101  0  0  0  101  101  0  0  0  101  101  101  0  101  101  101  101  0  101  0  101  0  101  0  0  101  0  0  0  0  101  0  0  0  0  101  101  0  0  0  0  0  101  0  0  0  0  101  101  0  0  0  0  0  0  101  101  0  0  0  0  101  101  0  0  101  0  101  0  0  0  101  101  101  0  

101  0  101  101  101  0  101  0  0  101  101  101  0  0  0  0  0  101  101  0  101  0  0  101  0  0  0  0  0  0  101  0  0  101  101  101  0  0  0  101  0  0  101  0  101  101  101  101  0  0  0  0  101  101  0  0  0  0  101  0  0  101  0  101  0  101  0  101  101  101  0  0  0  101  0  0  101  0  0  0  0  0  0  0  0  101  101  0  101  0  0  0  0  101  101  101  0  0  101  101  

0  101  0  0  101  101  101  101  101  0  0  101  101  101  0  101  0  101  0  101  101  101  0  101  0  0  101  101  0  0  0  0  0  0  101  0  101  0  0  0  101  101  0  0  0  0  101  0  0  0  0  0  0  101  0  101  101  0  0  0  101  0  0  0  0  101  0  101  0  0  0  0  0  101  101  0  0  0  101  101  101  0  0  0  0  101  0  101  0  0  0  0  101  0  0  0  101  101  101  0  

0  0  0  0  101  0  101  101  101  0  0  0  101  0  0  0  0  0  0  0  101  101  0  0  0  0  101  0  0  0  0  0  0  0  0  0  0  101  0  101  101  0  0  101  101  101  101  0  0  0  0  101  101  101  101  0  0  0  101  101  0  101  101  101  0  101  0  101  101  101  101  101  0  101  0  101  101  101  101  101  0  101  0  0  0  101  0  0  0  101  0  0  0  0  101  101  0  0  101  101  

101  0  101  101  101  0  101  0  101  0  0  101  101  0  101  0  101  101  101  101  0  101  0  101  0  0  101  0  101  0  101  101  101  0  101  0  0  0  101  0  0  0  0  101  101  0  0  0  0  101  0  0  0  101  0  0  101  101  101  0  101  0  0  101  0  101  101  0  101  0  0  101  101  0  0  0  101  0  0  0  0  0  101  0  101  101  0  101  101  0  0  0  0  0  0  0  0  0  0  101  

0  0  101  101  0  0  101  0  0  0  0  101  101  0  101  101  0  0  0  0  0  101  0  0  101  101  101  0  0  0  101  101  0  101  101  101  0  101  0  101  101  101  101  101  0  0  101  0  101  101  0  0  0  0  0  101  101  101  101  0  101  0  0  101  0  0  101  0  101  0  0  101  0  0  0  0  0  0  0  0  0  0  101  0  0  0  0  101  101  0  0  101  101  0  0  0  0  0  101  0  

101  0  101  0  101  101  0  0  101  0  101  101  0  0  0  0  0  101  101  101  0  0  0  0  101  0  0  0  0  0  101  0  0  101  101  0  101  101  0  101  101  101  0  0  0  0  0  0  101  0  0  0  101  101  0  101  0  101  101  101  0  101  0  101  0  0  101  0  101  101  101  0  101  0  0  0  101  0  101  0  101  0  101  0  101  0  0  0  0  101  0  101  0  0  101  101  0  0  0  101  

0  0  101  101  0  0  0  0  0  0  0  101  0  0  101  0  101  101  101  101  0  0  0  0  0  0  101  101  0  101  101  0  101  101  101  0  101  0  0  101  101  101  0  0  0  0  101  0  0  101  101  101  0  101  0  101  0  0  101  0  0  101  0  101  0  0  101  101  0  101  0  0  0  101  0  101  101  101  0  0  101  0  101  101  101  101  0  101  101  0  0  0  0  101  0  0  101  0  101  0  

101  101  0  101  0  0  101  101  101  101  0  101  101  101  0  101  0  0  0  101  0  0  101  0  0  101  101  0  0  0  0  0  0  101  0  101  0  0  0  101  0  0  101  0  0  101  0  101  101  0  101  101  0  0  0  0  0  0  101  0  0  101  0  101  101  0  101  0  0  0  0  0  0  0  0  0  101  101  101  101  101  101  101  0  0  0  0  0  0  101  101  0  0  0  0  0  101  0  101  101  

0  0  0  0  101  0  0  0  101  101  0  101  101  0  0  0  101  101  101  101  101  101  101  0  101  0  0  0  0  0  0  101  0  101  101  0  0  101  101  101  0  0  0  101  0  0  0  0  0  101  101  0  0  101  0  0  0  101  101  101  0  0  0  0  0  0  0  0  101  0  101  0  0  0  0  0  0  0  0  101  0  101  101  0  0  0  0  0  0  0  0  0  0  101  0  0  0  0  101  0  

0  101  0  0  101  101  0  0  0  0  101  0  101  0  101  101  101  0  0  0  0  0  0  0  0  0  0  101  0  0  0  101  101  0  0  101  0  101  101  0  0  0  0  0  101  101  0  101  0  101  0  101  0  101  0  0  0  0  0  0  0  101  101  0  101  101  101  0  101  0  101  0  0  0  101  0  0  0  0  0  101  0  0  101  0  0  101  101  0  0  101  0  0  101  0  101  0  0  101  0  

0  0  101  0  101  0  0  101  0  101  0  0  0  0  0  0  101  101  101  0  0  101  0  0  0  0  101  0  0  0  101  0  0  101  101  101  0  101  0  0  0  0  101  0  101  101  0  0  101  0  0  0  101  0  0  101  101  101  0  0  0  0  101  101  101  101  0  0  0  0  0  0  0  101  0  0  0  101  0  0  0  0  101  101  0  0  0  101  101  0  0  0  0  0  0  101  101  101  101  0  

0  0  101  0  101  0  0  0  101  101  101  0  101  101  0  0  101  0  0  0  101  0  0  101  0  0  101  0  101  0  101  0  0  0  0  101  101  101  0  101  0  101  0  0  0  0  101  0  0  0  101  101  101  101  0  0  0  101  101  0  0  0  0  0  0  0  0  101  101  0  0  101  101  0  0  0  0  0  101  0  101  0  0  0  0  0  0  0  0  101  0  101  0  0  101  0  101  101  0  0  

0  0  101  0  0  0  101  101  101  101  0  101  101  101  0  0  0  101  101  0  0  0  101  101  101  101  0  101  101  0  0  0  0  0  101  101  0  0  0  0  0  0  101  0  101  0  0  101  0  101  101  0  0  101  101  101  0  0  0  0  101  0  0  101  0  0  0  101  0  0  0  0  0  0  101  0  0  101  0  101  0  0  0  101  101  101  0  0  101  101  0  0  0  101  0  101  0  101  0  0  

0  101  0  0  101  101  0  101  0  0  101  101  0  101  0  0  101  101  101  0  0  101  101  0  0  0  101  101  101  101  101  101  101  0  0  0  0  0  0  101  101  0  101  0  0  101  0  0  101  101  0  0  0  0  101  101  101  0  101  0  0  101  0  0  0  0  101  101  101  101  0  101  0  101  101  101  0  101  0  101  101  101  0  101  0  101  0  0  101  0  101  101  0  0  0  0  0  0  0  0  

0  0  0  0  101  101  101  0  101  101  101  0  101  0  0  0  0  0  101  0  0  0  101  101  0  101  0  0  101  0  0  0  101  101  0  0  0  0  101  101  0  101  0  101  101  0  0  101  101  101  101  101  101  0  101  0  101  101  101  101  101  0  0  0  0  101  0  101  101  0  101  101  101  0  101  101  0  101  101  0  101  0  101  0  101  0  0  101  0  101  0  0  0  0  0  101  0  0  101  0  

0  101  0  101  0  0  101  0  0  101  0  101  0  0  101  0  0  0  101  101  0  0  0  0  0  0  0  0  101  0  101  0  101  101  101  0  0  0  0  0  0  101  101  101  0  0  101  101  0  101  101  101  101  0  0  0  0  0  0  101  0  0  0  101  0  101  0  0  0  101  101  0  101  0  101  0  0  0  101  0  101  101  0  0  101  101  0  0  0  101  101  0  101  0  0  101  0  101  101  101  

101  101  0  101  101  101  101  0  101  101  101  0  0  101  101  0  0  0  0  0  0  101  0  0  0  0  0  101  0  0  0  0  101  0  0  0  0  101  0  0  0  101  101  0  101  0  101  0  0  101  101  101  101  101  101  0  101  0  0  0  0  101  101  101  0  101  101  101  101  0  101  0  0  101  0  101  101  101  101  101  0  0  0  101  101  101  101  101  101  0  0  0  101  0  0  0  0  0  101  0  

0  0  0  0  101  0  0  0  0  0  101  0  101  101  0  0  0  0  0  101  101  0  101  0  0  101  0  0  0  0  0  0  101  0  0  101  0  101  0  0  101  0  0  0  0  101  101  0  0  101  101  101  101  0  0  0  0  101  101  101  0  0  0  0  101  0  0  101  0  101  101  0  0  0  0  0  0  101  101  101  0  101  101  101  0  101  0  101  101  101  101  101  0  101  101  0  0  0  0  101  

0  0  101  0  0  0  0  101  0  101  0  0  0  0  0  0  0  101  101  0  0  101  0  0  101  101  101  0  101  101  0  0  101  0  0  101  101  101  101  0  101  101  0  101  101  0  101  101  0  0  0  101  0  101  0  0  0  0  0  0  0  101  0  101  101  0  0  101  0  101  101  0  101  0  101  101  0  0  0  0  0  0  0  0  0  101  101  101  0  0  0  101  0  101  101  0  101  0  0  0  

0  0  101  0  101  0  101  101  0  0  0  101  0  0  0  101  101  0  101  0  0  0  0  101  101  0  0  0  0  101  0  0  0  0  0  0  0  101  0  0  0  0  0  0  0  0  0  101  101  101  0  101  0  0  101  0  101  101  0  0  101  0  101  0  0  101  101  0  101  0  101  101  101  101  0  0  0  0  101  0  0  101  101  0  101  101  0  0  0  0  101  101  101  0  0  0  101  0  0  0  

101  0  0  101  0  0  101  101  101  101  0  101  0  0  0  0  101  0  0  0  0  0  0  0  101  101  101  0  0  0  101  0  0  0  101  0  101  0  0  101  101  101  0  0  0  101  0  101  101  0  0  0  0  0  0  101  101  101  101  0  101  101  0  101  0  0  101  0  0  101  101  101  0  0  0  101  0  0  0  0  101  101  0  101  0  101  0  0  0  101  0  0  0  0  101  0  101  0  101  0  

0  0  0  0  0  0  0  101  0  0  0  0  0  101  0  0  101  101  0  0  0  101  0  0  0  0  0  0  0  101  101  0  0  0  0  0  101  0  101  101  0  0  0  0  0  101  0  0  101  101  0  101  0  0  101  101  101  101  101  0  0  101  0  0  101  0  101  0  0  101  0  101  101  101  101  101  101  101  0  0  101  0  0  101  101  0  101  0  101  0  0  0  0  0  101  0  0  0  101  0  

0  0  0  0  101  101  101  0  0  0  0  0  0  101  0  0  0  101  0  0  0  0  0  101  0  0  101  101  0  101  0  101  0  101  0  0  0  0  101  101  101  0  0  101  0  101  101  0  0  101  0  0  101  0  101  101  101  101  101  101  0  0  0  101  101  0  0  101  0  0  101  0  0  101  0  0  101  0  0  0  0  0  101  0  101  0  101  0  0  101  101  101  101  0  101  101  101  0  0  101  

101  101  101  0  0  101  0  0  0  101  0  0  101  0  0  0  0  0  0  0  0  101  0  0  0  101  0  0  0  0  0  101  101  0  0  101  0  101  101  101  101  101  101  101  0  0  101  0  101  101  0  0  101  0  0  101  101  101  101  0  101  0  101  0  0  0  0  0  0  0  0  0  0  0  0  0  101  0  0  0  101  101  101  0  101  101  0  101  0  101  101  0  101  0  0  101  0  0  0  0  

0  0  0  0  101  0  0  0  101  101  101  101  101  101  101  101  0  0  0  101  0  101  101  101  101  101  0  0  101  0  101  0  0  101  0  0  0  101  0  0  101  0  0  101  0  0  0  0  0  101  101  0  101  0  0  0  0  101  0  101  0  0  0  101  101  0  0  0  101  0  0  0  101  0  0  101  0  0  101  0  101  101  0  0  0  101  0  101  0  101  0  101  0  0  101  0  101  0  0  101  

0  0  0  0  101  101  0  0  0  0  0  101  0  0  101  0  0  0  0  0  101  101  0  0  0  101  0  0  101  101  101  0  101  101  101  0  101  0  101  101  0  0  0  0  0  0  0  101  0  101  0  0  0  0  101  101  0  0  101  0  101  101  0  0  101  101  0  101  101  0  101  0  101  0  0  101  101  0  101  0  0  101  101  0  101  0  101  0  0  0  101  0  0  101  0  0  0  0  0  0  

0  0  0  0  0  0  0  0  0  0  0  101  0  0  0  0  0  0  0  0  0  0  101  0  0  0  101  101  0  0  0  0  0  0  101  101  0  101  0  0  101  101  101  0  101  0  0  0  101  0  0  101  0  101  0  101  101  0  0  0  101  101  0  0  0  101  101  0  0  0  0  101  101  0  101  101  0  0  0  0  0  0  0  0  101  101  0  101  0  0  0  0  101  101  0  101  0  0  101  0  

101  0  0  101  101  101  101  0  0  101  0  0  101  0  101  101  101  101  0  101  101  0  0  0  0  101  101  101  0  0  101  0  101  0  0  0  0  101  0  0  0  0  0  0  101  101  0  0  0  0  0  101  0  0  101  0  0  0  101  0  0  0  101  0  0  101  0  0  0  0  0  0  0  0  0  0  0  0  0  101  101  101  0  101  0  0  0  0  101  101  0  0  0  101  0  0  0  101  101  0  

0  101  101  0  0  0  0  0  0  101  0  0  0  101  101  0  101  101  101  0  0  101  101  101  101  0  0  0  101  0  101  101  101  0  0  101  0  101  101  101  101  101  101  0  0  101  0  101  0  0  101  101  0  101  0  101  0  101  0  101  0  0  0  101  0  0  101  101  0  0  0  101  101  101  101  0  101  0  101  0  0  101  101  101  0  0  0  0  0  0  0  0  0  101  101  0  0  101  101  0  

101  101  0  0  0  101  0  101  0  101  0  101  0  0  0  101  0  0  0  101  0  0  0  0  0  0  101  101  0  101  0  101  0  0  0  0  0  0  0  0  0  0  101  0  101  101  0  0  0  0  0  0  101  101  0  0  101  101  0  101  101  0  0  0  101  101  0  0  101  0  0  0  101  0  101  0  0  0  0  101  0  101  101  101  0  0  101  0  0  0  101  0  0  101  0  101  0  0  101  101  

101  0  0  101  101  0  101  0  0  101  0  0  101  0  101  0  0  0  0  0  0  101  0  0  101  0  0  0  101  0  101  101  0  0  0  101  101  101  101  0  0  0  0  0  101  101  0  0  0  101  101  101  0  0  101  0  0  0  0  0  101  101  101  0  101  101  0  0  0  0  0  101  0  101  101  0  101  0  101  0  101  0  101  101  0  0  101  0  0  101  0  101  101  101  101  0  0  101  0  0  

101  0  0  101  0  0  0  0  101  0  0  0  0  101  0  0  0  0  0  101  101  0  0  0  101  0  0  0  101  0  101  0  101  0  0  0  0  0  101  101  101  101  101  0  101  0  0  0  101  0  0  101  0  0  101  101  101  0  0  0  0  101  0  101  0  0  101  101  0  101  101  101  101  101  0  0  0  0  101  101  0  0  0  101  101  101  101  0  101  101  0  0  0  101  101  0  101  101  0  101  

0  101  0  0  101  101  101  101  101  101  0  0  0  0  101  101  101  101  0  101  0  101  0  101  0  0  0  0  101  101  0  0  0  0  101  101  101  101  0  0  0  101  0  0  0  0  101  101  101  101  0  101  101  101  0  0  0  101  0  0  101  0  0  101  0  0  101  101  101  0  101  0  0  0  0  0  101  101  101  0  101  101  0  0  0  101  101  0  101  0  0  101  0  0  101  0  0  101  101  0  

0  0  0  0  0  101  0  0  0  0  0  0  0  101  0  101  0  101  101  101  0  101  0  101  0  0  0  101  0  0  0  0  0  0  0  101  0  101  101  101  101  0  0  101  101  0  101  0  101  101  0  101  0  0  101  0  0  0  0  101  101  0  0  0  101  0  0  101  101  0  0  0  101  0  0  101  101  0  0  0  101  0  0  0  0  0  0  0  101  0  101  0  0  101  0  0  0  0  0  101  

0  0  0  0  101  0  101  0  0  0  101  101  0  0  101  0  101  0  101  0  101  101  0  0  101  0  101  0  101  101  101  0  0  0  0  101  0  101  0  0  101  101  0  0  0  0  0  0  101  0  101  0  101  101  0  101  101  0  0  0  0  0  0  0  0  0  101  0  0  101  0  0  101  101  0  101  0  101  101  101  0  0  101  0  0  0  0  0  101  0  101  0  0  101  101  0  0  0  101  101  

0  0  101  101  0  101  0  101  0  0  0  101  0  101  0  0  0  101  101  101  0  0  101  101  0  0  0  101  101  0  101  0  0  0  0  0  0  101  0  0  101  0  0  101  101  0  0  0  0  101  101  101  101  101  101  101  0  101  0  0  101  0  0  0  0  0  101  101  0  0  101  0  101  0  101  0  101  101  0  0  0  0  0  0  0  0  0  0  0  101  101  0  0  0  101  0  101  0  0  0  

0  0  101  101  101  101  101  0  0  0  0  101  101  0  101  0  0  101  0  101  0  0  0  0  0  0  101  0  0  0  0  101  101  0  0  0  0  101  101  101  0  0  0  0  0  0  101  0  101  101  0  0  0  0  101  101  101  0  0  0  0  101  0  101  0  101  101  0  0  0  0  101  0  101  0  0  101  0  101  0  0  0  101  0  101  101  0  101  0  0  101  0  0  101  101  101  101  0  101  0  

101  0  0  0  101  101  0  101  101  101  0  0  101  0  0  101  0  0  101  0  0  101  0  0  0  0  101  101  0  101  101  0  101  0  101  0  0  0  101  0  101  0  0  0  0  0  101  0  0  101  101  0  0  101  101  0  101  0  0  101  101  101  0  101  101  0  101  0  101  101  101  0  101  101  101  101  0  0  0  101  0  0  101  0  101  0  0  0  0  0  0  0  0  0  0  0  0  0  0  0  

101  0  0  101  0  0  0  0  0  0  0  0  0  0  0  101  0  0  0  101  0  0  0  0  101  101  0  0  0  0  101  0  101  101  101  101  101  101  0  0  0  101  0  0  0  101  0  0  101  0  0  101  0  0  101  0  101  101  0  0  0  0  0  101  0  101  101  0  0  101  0  101  101  101  0  101  101  0  101  0  0  0  0  0  0  0  0  0  0  0  0  101  101  0  101  101  0  101  0  0  

0  0  101  0  101  0  101  0  0  0  101  101  0  0  101  101  0  0  101  0  0  0  101  0  101  0  101  101  0  0  101  101  0  0  0  0  101  0  0  0  0  0  0  0  101  0  0  101  101  101  101  0  0  101  0  0  101  0  0  0  0  101  0  101  101  101  0  0  0  0  101  0  101  0  101  101  0  0  0  101  0  101  101  101  0  0  0  101  0  0  0  0  101  0  0  101  0  101  0  101  

101  0  0  0  0  101  0  0  0  0  0  0  101  101  0  0  0  101  0  0  101  0  0  101  101  0  0  101  0  0  0  101  0  101  0  0  0  101  0  0  0  101  0  0  0  0  0  0  101  101  0  101  0  101  0  101  101  0  0  101  101  101  0  0  0  0  0  0  101  101  0  0  101  101  101  101  0  101  101  101  101  101  0  0  0  0  101  101  101  101  101  101  0  0  0  101  0  101  101  0  

101  0  101  101  101  101  101  101  0  101  0  0  101  101  101  101  0  0  0  0  101  0  0  0  0  0  101  101  0  101  0  0  0  0  0  101  0  101  101  0  101  101  101  0  0  0  0  0  0  0  0  101  0  0  0  0  101  101  101  0  101  0  0  101  0  101  0  101  101  0  101  101  0  101  0  0  101  0  0  101  0  101  0  0  101  0  101  0  0  0  0  101  0  0  101  101  0  0  0  0  

101  101  101  101  101  0  101  0  0  101  0  0  101  0  0  101  101  0  0  101  0  101  0  0  0  101  0  101  101  101  101  101  0  0  0  0  0  101  0  0  0  101  101  0  0  101  0  101  101  101  0  101  101  0  0  0  101  0  0  0  0  0  0  0  0  0  0  101  0  101  101  0  0  0  0  101  0  101  101  0  0  101  0  101  101  101  0  0  0  0  0  0  101  0  0  101  0  0  0  101  

0  101  0  0  0  0  101  0  0  101  0  0  101  0  0  101  101  0  0  0  0  101  0  0  0  0  101  0  0  101  0  101  101  101  0  0  101  101  0  0  101  0  101  0  0  0  101  0  0  101  101  101  101  0  101  0  0  0  0  101  101  0  0  101  0  101  101  101  0  101  0  101  0  101  0  101  0  101  101  101  0  101  101  101  0  101  0  101  0  0  101  0  0  0  101  0  101  101  101  0  

101  101  101  0  101  101  0  0  101  0  101  101  101  0  101  101  0  0  0  0  101  101  0  0  0  0  0  0  101  0  101  0  101  0  0  0  101  101  0  0  0  0  101  101  0  0  0  101  101  0  0  101  101  0  0  0  0  0  0  0  0  0  101  0  101  0  101  0  0  101  0  0  101  0  101  101  101  0  101  101  0  0  101  101  0  0  0  101  0  0  101  0  0  101  0  0  0  0  0  0  

101  101  101  101  0  0  101  0  101  101  101  101  101  101  101  101  0  0  101  101  101  101  101  0  0  0  0  101  0  0  101  0  0  0  101  0  101  0  0  0  101  101  101  0  101  0  101  0  101  101  101  0  0  0  0  101  101  0  101  101  0  0  101  0  0  101  0  101  101  0  0  0  0  0  0  101  0  0  0  0  101  101  0  0  101  101  101  0  101  101  101  0  0  101  101  0  101  0  0  0  

101  0  101  0  101  0  0  0  101  0  0  101  0  101  0  101  0  0  101  0  0  101  0  0  0  0  0  101  0  0  0  0  0  0  101  0  0  101  0  0  0  0  101  101  0  0  0  0  101  0  101  0  101  0  101  101  0  0  101  101  101  0  101  101  101  0  0  101  0  0  0  0  0  0  101  101  101  101  101  0  101  101  0  0  0  0  101  0  0  0  0  0  101  101  101  0  0  101  0  0  

101  101  0  101  101  0  101  0  0  101  0  0  0  0  0  0  101  0  0  0  0  101  101  101  101  0  0  0  101  101  0  0  101  0  0  0  0  0  101  101  101  101  101  101  0  101  0  0  0  101  0  0  101  0  101  0  0  101  101  0  101  0  0  101  101  101  0  0  0  101  0  101  101  0  101  0  0  0  101  101  0  0  101  0  101  0  0  0  0  101  0  0  101  0  0  0  101  0  0  0  

0  101  0  0  0  101  0  0  101  101  101  0  101  101  101  0  0  101  101  101  101  0  0  0  0  0  0  101  0  0  101  101  101  0  0  0  0  0  0  0  0  101  0  0  101  101  0  101  101  0  0  101  101  0  0  101  101  0  0  0  0  0  101  101  101  101  101  0  0  0  0  0  0  0  101  0  0  101  101  101  0  0  0  101  0  0  0  101  0  101  101  101  0  0  0  0  0  101  101  0  

101  0  101  0  0  0  0  0  0  101  101  0  101  0  0  101  101  101  101  101  0  101  0  0  0  0  0  0  0  0  101  0  0  0  0  0  0  0  101  0  101  101  0  0  0  0  0  101  0  101  101  101  0  0  101  0  101  101  101  0  101  101  0  0  0  0  101  0  0  0  0  101  101  0  0  0  101  101  0  0  101  0  101  0  101  0  101  101  0  0  0  101  0  101  0  0  0  0  101  101  

0  0  101  0  101  101  101  101  0  0  101  0  101  101  0  101  101  101  0  101  0  0  0  0  0  101  101  101  101  0  101  0  0  0  0  101  101  101  101  0  0  101  0  0  0  0  0  101  101  0  101  101  101  101  101  101  0  0  101  101  0  101  0  0  0  0  101  101  0  0  0  101  0  0  0  0  0  101  101  0  101  0  0  0  0  101  0  101  0  0  0  0  101  101  0  101  0  0  0  0  

101  0  0  101  101  101  101  0  101  0  0  101  0  101  101  101  101  0  0  0  101  0  0  101  0  0  101  0  101  0  0  101  101  101  101  101  0  0  0  0  0  0  0  0  101  0  0  0  0  0  0  101  0  101  0  0  101  101  0  0  101  0  0  0  101  101  101  101  0  0  0  0  0  0  0  101  101  0  0  0  101  101  0  0  101  0  101  0  0  0  0  0  0  101  0  101  101  0  0  101  

0  101  101  0  0  0  0  0  0  101  101  0  101  0  101  101  101  101  0  0  101  101  0  0  101  101  0  101  101  101  101  0  101  101  101  0  101  0  101  101  0  101  0  0  101  101  0  0  0  101  0  101  101  101  0  0  0  0  101  101  0  101  0  0  0  0  0  0  0  0  0  101  0  0  101  101  0  0  101  101  0  0  0  101  101  101  0  101  101  0  101  101  0  101  0  0  0  101  0  0  

0  0  0  0  0  0  101  101  0  0  0  0  0  101  101  101  101  0  0  0  0  0  0  0  101  0  101  101  0  0  0  0  101  0  0  101  0  0  101  101  0  101  0  0  0  101  0  101  101  0  0  101  101  0  0  0  101  0  0  0  0  0  101  0  0  0  101  101  101  101  0  0  0  0  0  101  0  0  0  0  101  0  0  0  0  0  0  101  101  0  101  0  0  101  101  0  0  101  0  0  

0  101  0  101  0  101  0  0  0  0  0  0  101  101  0  0  101  0  0  0  101  0  0  0  0  0  101  0  101  101  0  101  0  101  0  0  0  101  0  0  101  0  101  0  0  0  101  101  0  101  101  0  101  0  0  101  0  101  101  101  0  0  101  0  0  101  101  0  0  0  101  0  0  0  0  101  0  0  0  0  101  0  101  101  0  0  0  0  0  101  101  101  0  0  0  101  101  0  101  101  

101  0  101  101  0  101  101  101  0  0  0  101  101  0  101  101  0  0  0  0  101  101  0  0  0  101  0  0  101  101  101  0  101  101  101  0  0  0  0  0  0  0  101  0  101  0  0  0  101  0  101  0  101  0  101  0  0  101  101  0  101  0  0  0  101  0  0  0  101  101  101  101  0  0  0  101  0  0  101  101  101  0  0  101  0  0  0  101  101  101  101  0  0  0  101  0  101  101  0  101  

0  0  0  101  0  101  0  0  0  0  0  0  0  101  0  101  0  101  101  101  0  0  0  0  0  0  0  0  101  0  101  101  0  0  0  0  0  0  0  101  101  0  0  0  0  0  101  0  101  0  0  0  101  101  101  0  0  101  0  101  0  0  0  0  0  101  0  101  0  0  0  0  0  101  0  101  101  0  0  0  0  0  0  101  101  0  0  101  0  101  0  101  101  0  101  0  101  101  0  0  

101  0  101  0  101  101  0  0  101  0  101  101  101  0  0  101  101  0  0  101  0  0  101  0  101  0  101  0  0  0  0  0  0  101  101  0  101  0  0  101  0  0  0  0  0  0  0  0  0  0  101  101  0  0  101  0  0  101  101  0  0  101  0  0  0  101  0  0  0  0  0  0  0  101  101  0  0  101  0  0  0  101  101  0  0  101  0  0  0  0  0  101  101  0  101  0  0  0  0  0  

101  0  101  0  101  101  0  0  0  101  101  0  101  101  101  0  101  0  0  101  0  0  101  0  0  0  0  0  0  101  0  101  0  101  0  101  0  0  0  0  0  101  0  101  101  0  0  101  0  0  0  0  101  101  0  0  0  0  0  0  101  101  101  101  101  101  101  0  101  101  0  101  0  0  0  0  0  0  0  101  101  101  0  0  101  101  101  101  101  0  0  0  0  101  0  101  0  0  101  101  

0  0  0  0  0  101  0  0  0  101  0  0  0  0  0  0  101  101  101  0  0  101  0  0  101  101  0  0  0  0  101  101  101  0  0  101  0  101  0  0  101  0  0  0  0  0  101  0  0  0  0  0  101  101  0  101  101  101  0  101  0  0  0  101  0  101  101  101  0  101  101  101  0  101  0  0  101  0  101  0  101  101  0  0  0  0  0  0  101  0  101  101  101  0  101  0  101  0  0  101  

0  101  0  101  101  0  0  101  0  0  0  0  0  0  0  101  0  101  0  101  0  0  0  0  0  0  0  0  0  0  0  0  0  0  0  101  0  101  0  0  101  0  0  0  101  101  0  101  0  101  101  0  0  0  0  0  0  101  101  0  0  101  0  0  101  0  0  0  0  0  0  101  0  101  101  101  101  101  0  0  0  0  0  0  0  101  101  0  0  101  0  0  0  101  0  101  101  0  101  0  

0  0  101  0  0  0  101  0  0  0  0  0  0  101  0  0  101  0  0  0  0  0  0  0  101  101  0  0  0  101  101  0  0  0  101  0  101  0  0  0  0  101  101  0  0  101  101  0  0  0  0  0  0  101  101  101  0  101  0  101  0  0  0  0  0  0  101  0  0  0  101  101  0  0  0  0  0  0  101  0  101  0  101  0  0  0  101  0  0  101  101  101  0  0  101  101  101  0  0  0  

0  101  0  101  0  0  101  0  101  0  101  0  0  101  0  0  0  0  0  0  0  0  0  0  0  0  0  0  0  0  0  0  101  101  101  0  101  0  0  0  0  0  0  0  0  101  101  101  0  0  101  0  0  0  0  0  0  0  0  0  0  0  101  101  0  101  101  101  0  0  0  0  0  101  101  101  0  0  101  0  0  101  0  101  0  0  0  101  101  0  101  101  0  0  0  0  0  101  0  0  

0  101  0  0  0  0  101  0  0  101  0  0  101  101  0  101  101  101  101  0  101  0  0  0  101  101  101  101  101  0  0  0  0  0  101  101  101  101  0  101  0  101  101  101  101  101  0  0  0  101  101  101  0  0  0  101  101  0  0  0  0  101  101  101  101  0  0  101  0  101  0  101  0  0  0  101  0  0  101  0  0  0  0  101  101  0  0  0  0  101  0  0  0  101  0  101  0  0  101  0  

0  101  101  0  0  0  0  0  0  0  0  0  101  101  101  0  0  101  0  0  101  0  0  101  0  101  0  0  101  0  0  0  101  0  0  101  0  101  101  0  101  0  101  0  0  0  0  0  0  0  101  0  101  0  0  0  0  101  0  101  0  0  0  0  101  0  101  0  101  101  0  0  0  0  101  0  0  101  0  0  0  0  0  0  101  0  101  0  0  101  101  0  0  101  101  0  0  0  0  101  

UnPairedArc=
1 3 
1 4 
1 8 
1 9 
1 11 
1 12 
1 13 
1 15 
1 19 
1 20 
1 21 
1 26 
1 29 
1 32 
1 33 
1 36 
1 39 
1 41 
1 43 
1 52 
1 56 
1 59 
1 63 
1 65 
1 66 
1 67 
1 73 
1 74 
1 76 
1 77 
1 78 
1 80 
1 81 
1 82 
1 83 
1 85 
1 87 
1 91 
1 93 
1 94 
2 5 
2 6 
2 7 
2 8 
2 9 
2 10 
2 13 
2 14 
2 15 
2 25 
2 26 
2 27 
2 31 
2 32 
2 34 
2 37 
2 43 
2 45 
2 49 
2 51 
2 52 
2 59 
2 64 
2 65 
2 68 
2 78 
2 79 
2 80 
2 81 
2 83 
2 84 
2 88 
2 90 
2 96 
2 98 
2 99 
2 100 
3 5 
3 9 
3 10 
3 11 
3 23 
3 24 
3 25 
3 26 
3 27 
3 28 
3 29 
3 33 
3 34 
3 36 
3 39 
3 40 
3 41 
3 42 
3 46 
3 47 
3 48 
3 54 
3 55 
3 59 
3 64 
3 71 
3 72 
3 75 
3 77 
3 78 
3 80 
3 81 
3 82 
3 85 
3 86 
3 88 
3 91 
3 93 
3 94 
3 97 
3 100 
4 6 
4 7 
4 11 
4 18 
4 19 
4 21 
4 22 
4 24 
4 26 
4 29 
4 33 
4 35 
4 36 
4 39 
4 40 
4 42 
4 43 
4 51 
4 52 
4 56 
4 63 
4 66 
4 67 
4 71 
4 72 
4 74 
4 77 
4 78 
4 81 
4 83 
4 87 
4 90 
4 91 
4 92 
4 96 
4 98 
5 8 
5 12 
5 13 
5 15 
5 18 
5 19 
5 22 
5 25 
5 28 
5 29 
5 34 
5 36 
5 37 
5 38 
5 39 
5 41 
5 44 
5 45 
5 46 
5 47 
5 49 
5 50 
5 52 
5 53 
5 55 
5 58 
5 60 
5 61 
5 63 
5 66 
5 68 
5 70 
5 72 
5 73 
5 75 
5 77 
5 78 
5 80 
5 82 
5 83 
5 86 
5 87 
5 93 
5 94 
5 96 
6 9 
6 10 
6 15 
6 16 
6 19 
6 20 
6 21 
6 26 
6 30 
6 31 
6 32 
6 34 
6 37 
6 41 
6 45 
6 49 
6 50 
6 52 
6 58 
6 59 
6 61 
6 63 
6 65 
6 68 
6 69 
6 71 
6 72 
6 73 
6 76 
6 77 
6 80 
6 84 
6 86 
6 87 
6 90 
6 91 
6 92 
6 93 
6 94 
6 95 
7 10 
7 11 
7 12 
7 13 
7 14 
7 15 
7 16 
7 19 
7 20 
7 31 
7 34 
7 36 
7 37 
7 38 
7 39 
7 40 
7 43 
7 48 
7 50 
7 51 
7 52 
7 55 
7 56 
7 58 
7 63 
7 66 
7 68 
7 70 
7 72 
7 75 
7 77 
7 78 
7 79 
7 81 
7 83 
7 86 
7 87 
7 89 
7 91 
7 97 
7 98 
7 99 
8 9 
8 11 
8 12 
8 18 
8 19 
8 20 
8 21 
8 22 
8 25 
8 27 
8 28 
8 33 
8 34 
8 37 
8 38 
8 43 
8 46 
8 48 
8 49 
8 54 
8 55 
8 56 
8 57 
8 65 
8 68 
8 71 
8 73 
8 77 
8 86 
8 89 
8 91 
8 96 
9 12 
9 14 
9 15 
9 17 
9 19 
9 20 
9 24 
9 25 
9 26 
9 27 
9 28 
9 30 
9 31 
9 34 
9 35 
9 37 
9 38 
9 39 
9 41 
9 43 
9 44 
9 47 
9 48 
9 50 
9 52 
9 56 
9 60 
9 67 
9 68 
9 73 
9 80 
9 81 
9 82 
9 84 
9 87 
9 93 
9 98 
10 18 
10 19 
10 21 
10 22 
10 26 
10 30 
10 34 
10 35 
10 36 
10 43 
10 44 
10 46 
10 47 
10 48 
10 50 
10 51 
10 52 
10 54 
10 56 
10 59 
10 60 
10 63 
10 64 
10 65 
10 66 
10 68 
10 73 
10 77 
10 78 
10 79 
10 81 
10 83 
10 84 
10 85 
10 88 
10 94 
10 95 
10 99 
11 13 
11 16 
11 19 
11 25 
11 30 
11 31 
11 34 
11 35 
11 36 
11 41 
11 45 
11 47 
11 49 
11 50 
11 52 
11 53 
11 60 
11 70 
11 75 
11 80 
11 81 
11 84 
11 85 
11 86 
11 88 
11 93 
11 94 
11 98 
12 15 
12 17 
12 19 
12 20 
12 22 
12 24 
12 27 
12 29 
12 31 
12 33 
12 34 
12 36 
12 37 
12 39 
12 40 
12 41 
12 42 
12 43 
12 44 
12 48 
12 49 
12 51 
12 55 
12 56 
12 60 
12 61 
12 62 
12 65 
12 70 
12 71 
12 72 
12 75 
12 80 
12 81 
12 82 
12 87 
12 91 
12 93 
13 15 
13 19 
13 22 
13 26 
13 33 
13 34 
13 37 
13 38 
13 39 
13 40 
13 43 
13 44 
13 45 
13 47 
13 48 
13 50 
13 53 
13 59 
13 60 
13 63 
13 66 
13 72 
13 73 
13 76 
13 77 
13 78 
13 79 
13 80 
13 81 
13 84 
13 85 
13 86 
13 88 
13 90 
13 91 
13 93 
13 94 
13 99 
13 100 
14 15 
14 19 
14 20 
14 24 
14 27 
14 32 
14 33 
14 37 
14 43 
14 47 
14 48 
14 49 
14 52 
14 53 
14 57 
14 58 
14 60 
14 64 
14 67 
14 69 
14 71 
14 76 
14 77 
14 81 
14 82 
14 84 
14 86 
14 87 
14 89 
14 90 
14 92 
14 94 
14 97 
14 98 
14 99 
14 100 
15 18 
15 22 
15 27 
15 34 
15 39 
15 40 
15 42 
15 45 
15 51 
15 52 
15 60 
15 61 
15 63 
15 64 
15 66 
15 68 
15 70 
15 72 
15 75 
15 77 
15 80 
15 81 
15 84 
15 87 
15 88 
15 89 
15 91 
15 94 
15 100 
16 17 
16 18 
16 20 
16 22 
16 24 
16 26 
16 29 
16 34 
16 37 
16 40 
16 43 
16 45 
16 55 
16 60 
16 63 
16 65 
16 68 
16 69 
16 73 
16 74 
16 75 
16 77 
16 78 
16 79 
16 80 
16 81 
16 82 
16 85 
16 86 
16 87 
16 88 
16 89 
16 91 
16 92 
16 93 
16 96 
16 99 
17 18 
17 21 
17 22 
17 25 
17 26 
17 29 
17 32 
17 33 
17 39 
17 42 
17 44 
17 45 
17 46 
17 47 
17 49 
17 55 
17 56 
17 57 
17 63 
17 64 
17 68 
17 70 
17 78 
17 79 
17 83 
17 85 
17 86 
17 87 
17 88 
17 89 
17 90 
17 93 
17 94 
17 95 
17 97 
17 99 
18 19 
18 20 
18 23 
18 25 
18 27 
18 28 
18 32 
18 36 
18 37 
18 39 
18 41 
18 42 
18 44 
18 46 
18 48 
18 49 
18 54 
18 57 
18 58 
18 63 
18 64 
18 68 
18 69 
18 71 
18 72 
18 76 
18 84 
18 85 
18 86 
18 88 
18 92 
18 95 
18 96 
18 99 
18 100 
19 20 
19 22 
19 23 
19 24 
19 25 
19 26 
19 31 
19 32 
19 34 
19 35 
19 36 
19 39 
19 41 
19 42 
19 44 
19 46 
19 48 
19 49 
19 50 
19 51 
19 54 
19 55 
19 64 
19 69 
19 70 
19 71 
19 73 
19 75 
19 81 
19 82 
19 84 
19 85 
19 92 
19 95 
19 99 
20 21 
20 24 
20 27 
20 29 
20 32 
20 33 
20 37 
20 39 
20 41 
20 42 
20 43 
20 44 
20 51 
20 53 
20 60 
20 63 
20 65 
20 67 
20 68 
20 69 
20 71 
20 72 
20 74 
20 78 
20 81 
20 84 
20 85 
20 86 
20 92 
20 93 
20 94 
20 96 
21 28 
21 30 
21 36 
21 37 
21 38 
21 44 
21 47 
21 53 
21 61 
21 63 
21 67 
21 70 
21 76 
21 77 
21 80 
21 81 
21 84 
21 87 
21 88 
21 90 
21 91 
21 99 
21 100 
22 23 
22 24 
22 31 
22 32 
22 34 
22 37 
22 38 
22 39 
22 40 
22 44 
22 46 
22 49 
22 52 
22 54 
22 57 
22 59 
22 60 
22 61 
22 64 
22 66 
22 68 
22 69 
22 70 
22 73 
22 78 
22 79 
22 80 
22 81 
22 82 
22 83 
22 85 
22 88 
22 91 
22 95 
23 28 
23 29 
23 30 
23 33 
23 35 
23 43 
23 44 
23 48 
23 49 
23 50 
23 53 
23 60 
23 62 
23 64 
23 71 
23 75 
23 81 
23 83 
23 93 
23 94 
24 26 
24 28 
24 29 
24 30 
24 33 
24 36 
24 37 
24 39 
24 47 
24 48 
24 50 
24 55 
24 58 
24 60 
24 64 
24 68 
24 69 
24 71 
24 76 
24 83 
24 87 
24 100 
25 28 
25 34 
25 40 
25 41 
25 44 
25 48 
25 54 
25 55 
25 56 
25 60 
25 64 
25 66 
25 67 
25 70 
25 74 
25 75 
25 76 
25 83 
25 88 
25 89 
25 93 
25 95 
25 97 
25 99 
26 29 
26 30 
26 32 
26 34 
26 35 
26 40 
26 43 
26 48 
26 50 
26 53 
26 54 
26 56 
26 59 
26 60 
26 61 
26 63 
26 74 
26 78 
26 86 
26 88 
26 91 
26 95 
26 97 
26 99 
26 100 
27 32 
27 33 
27 37 
27 38 
27 39 
27 40 
27 42 
27 43 
27 46 
27 47 
27 49 
27 54 
27 56 
27 58 
27 62 
27 63 
27 65 
27 70 
27 72 
27 73 
27 75 
27 77 
27 79 
27 86 
27 87 
27 89 
27 90 
27 93 
27 99 
28 29 
28 33 
28 37 
28 42 
28 45 
28 48 
28 49 
28 52 
28 58 
28 62 
28 63 
28 65 
28 69 
28 71 
28 73 
28 75 
28 76 
28 77 
28 78 
28 81 
28 82 
28 84 
28 86 
28 88 
28 89 
28 99 
29 30 
29 31 
29 32 
29 39 
29 47 
29 48 
29 49 
29 50 
29 51 
29 54 
29 60 
29 61 
29 64 
29 66 
29 67 
29 68 
29 70 
29 71 
29 78 
29 80 
29 83 
29 86 
29 87 
29 88 
29 90 
29 91 
29 92 
29 99 
29 100 
30 31 
30 35 
30 42 
30 49 
30 54 
30 55 
30 57 
30 58 
30 61 
30 65 
30 68 
30 70 
30 73 
30 77 
30 78 
30 79 
30 83 
30 88 
30 90 
30 91 
30 94 
30 97 
31 32 
31 34 
31 35 
31 36 
31 39 
31 40 
31 41 
31 42 
31 46 
31 47 
31 49 
31 51 
31 56 
31 57 
31 60 
31 61 
31 63 
31 64 
31 66 
31 67 
31 70 
31 71 
31 73 
31 74 
31 75 
31 78 
31 80 
31 81 
31 84 
31 85 
31 86 
31 88 
31 91 
31 92 
31 95 
31 97 
32 39 
32 40 
32 44 
32 45 
32 49 
32 58 
32 59 
32 64 
32 65 
32 66 
32 72 
32 75 
32 76 
32 78 
32 79 
32 84 
32 87 
32 90 
32 92 
32 94 
32 95 
33 34 
33 39 
33 42 
33 45 
33 49 
33 50 
33 51 
33 52 
33 53 
33 54 
33 59 
33 61 
33 63 
33 64 
33 67 
33 72 
33 73 
33 74 
33 79 
33 80 
33 83 
33 84 
33 87 
33 88 
33 89 
33 91 
33 95 
33 98 
33 100 
34 36 
34 40 
34 41 
34 42 
34 43 
34 44 
34 46 
34 50 
34 51 
34 58 
34 60 
34 61 
34 74 
34 76 
34 79 
34 87 
34 88 
34 90 
34 91 
34 93 
34 94 
34 98 
35 36 
35 37 
35 39 
35 40 
35 41 
35 42 
35 44 
35 46 
35 48 
35 51 
35 56 
35 61 
35 62 
35 68 
35 73 
35 74 
35 81 
35 82 
35 87 
35 88 
35 91 
35 93 
35 97 
35 98 
35 99 
36 40 
36 43 
36 45 
36 46 
36 47 
36 48 
36 53 
36 54 
36 59 
36 62 
36 64 
36 66 
36 68 
36 69 
36 70 
36 74 
36 77 
36 86 
36 87 
36 89 
36 94 
36 95 
36 96 
36 99 
36 100 
37 41 
37 42 
37 47 
37 54 
37 56 
37 57 
37 61 
37 66 
37 68 
37 74 
37 75 
37 79 
37 80 
37 81 
37 86 
37 88 
37 93 
37 97 
37 98 
37 99 
38 40 
38 41 
38 44 
38 45 
38 46 
38 47 
38 52 
38 53 
38 54 
38 55 
38 59 
38 60 
38 62 
38 63 
38 64 
38 66 
38 68 
38 69 
38 70 
38 71 
38 72 
38 74 
38 76 
38 77 
38 78 
38 79 
38 80 
38 82 
38 86 
38 90 
38 95 
38 96 
38 99 
38 100 
39 44 
39 45 
39 50 
39 54 
39 57 
39 58 
39 59 
39 61 
39 64 
39 66 
39 67 
39 69 
39 72 
39 73 
39 77 
39 83 
39 85 
39 86 
39 88 
39 89 
39 100 
40 41 
40 42 
40 43 
40 44 
40 47 
40 49 
40 50 
40 56 
40 57 
40 58 
40 59 
40 61 
40 64 
40 67 
40 69 
40 72 
40 83 
40 88 
40 89 
40 92 
40 93 
40 99 
41 42 
41 49 
41 53 
41 54 
41 56 
41 58 
41 59 
41 60 
41 62 
41 64 
41 67 
41 69 
41 70 
41 71 
41 73 
41 77 
41 79 
41 81 
41 83 
41 85 
41 90 
41 92 
41 95 
41 96 
41 100 
42 47 
42 50 
42 51 
42 52 
42 54 
42 56 
42 59 
42 62 
42 64 
42 67 
42 68 
42 70 
42 74 
42 76 
42 77 
42 78 
42 81 
42 83 
42 84 
42 85 
42 86 
42 88 
42 89 
42 94 
42 97 
42 99 
43 46 
43 48 
43 49 
43 51 
43 52 
43 59 
43 62 
43 64 
43 65 
43 67 
43 77 
43 78 
43 79 
43 80 
43 81 
43 82 
43 83 
43 90 
43 91 
43 97 
43 99 
43 100 
44 50 
44 51 
44 54 
44 58 
44 59 
44 60 
44 69 
44 71 
44 80 
44 82 
44 83 
44 94 
44 99 
45 46 
45 48 
45 50 
45 52 
45 54 
45 62 
45 63 
45 65 
45 66 
45 67 
45 69 
45 71 
45 75 
45 81 
45 84 
45 87 
45 88 
45 91 
45 94 
45 96 
45 99 
46 49 
46 53 
46 56 
46 57 
46 58 
46 63 
46 64 
46 65 
46 66 
46 74 
46 78 
46 83 
46 84 
46 88 
46 89 
46 96 
46 97 
46 98 
46 99 
47 51 
47 52 
47 53 
47 54 
47 58 
47 59 
47 68 
47 69 
47 72 
47 73 
47 79 
47 81 
47 90 
47 92 
47 95 
47 97 
47 98 
48 50 
48 51 
48 54 
48 55 
48 56 
48 61 
48 64 
48 68 
48 75 
48 78 
48 80 
48 84 
48 85 
48 86 
48 89 
48 90 
48 94 
48 96 
48 98 
49 50 
49 55 
49 56 
49 57 
49 59 
49 62 
49 67 
49 68 
49 69 
49 70 
49 72 
49 74 
49 75 
49 76 
49 78 
49 80 
49 81 
49 82 
49 84 
49 86 
49 89 
49 91 
49 92 
50 51 
50 52 
50 53 
50 55 
50 57 
50 58 
50 59 
50 60 
50 61 
50 66 
50 68 
50 69 
50 71 
50 72 
50 73 
50 75 
50 76 
50 78 
50 79 
50 81 
50 83 
50 85 
50 88 
50 90 
50 96 
50 99 
51 52 
51 53 
51 60 
51 64 
51 66 
51 70 
51 71 
51 73 
51 75 
51 79 
51 81 
51 82 
51 85 
51 86 
51 90 
51 91 
51 93 
51 96 
51 98 
51 99 
51 100 
52 53 
52 54 
52 55 
52 57 
52 62 
52 63 
52 64 
52 66 
52 67 
52 68 
52 69 
52 71 
52 74 
52 76 
52 77 
52 78 
52 79 
52 80 
52 84 
52 85 
52 86 
52 87 
52 88 
52 89 
52 93 
52 99 
53 58 
53 59 
53 60 
53 65 
53 68 
53 70 
53 71 
53 78 
53 79 
53 80 
53 82 
53 83 
53 84 
53 86 
53 88 
53 89 
53 90 
53 91 
53 92 
53 94 
53 95 
53 100 
54 62 
54 64 
54 65 
54 68 
54 70 
54 71 
54 73 
54 75 
54 76 
54 86 
54 87 
54 88 
54 92 
54 94 
54 95 
54 97 
55 57 
55 58 
55 61 
55 63 
55 66 
55 67 
55 69 
55 71 
55 72 
55 73 
55 74 
55 79 
55 82 
55 83 
55 85 
55 86 
55 91 
55 92 
55 93 
55 97 
56 57 
56 58 
56 59 
56 61 
56 62 
56 64 
56 67 
56 70 
56 71 
56 72 
56 76 
56 81 
56 82 
56 84 
56 86 
56 90 
56 95 
56 97 
56 99 
57 58 
57 59 
57 62 
57 65 
57 67 
57 70 
57 72 
57 73 
57 74 
57 75 
57 76 
57 77 
57 78 
57 81 
57 84 
57 85 
57 87 
57 89 
57 95 
57 99 
58 59 
58 60 
58 64 
58 65 
58 68 
58 71 
58 74 
58 77 
58 83 
58 85 
58 87 
58 90 
58 91 
58 92 
58 93 
58 95 
58 96 
58 97 
58 100 
59 61 
59 63 
59 77 
59 81 
59 82 
59 83 
59 85 
59 86 
59 88 
59 90 
59 91 
59 93 
59 96 
60 64 
60 65 
60 69 
60 73 
60 76 
60 79 
60 81 
60 82 
60 86 
60 88 
60 90 
60 92 
60 95 
60 97 
60 100 
61 62 
61 65 
61 66 
61 68 
61 69 
61 71 
61 73 
61 76 
61 77 
61 79 
61 82 
61 83 
61 85 
61 87 
61 91 
61 94 
62 66 
62 67 
62 72 
62 73 
62 75 
62 76 
62 85 
62 86 
62 88 
62 93 
62 94 
62 96 
62 99 
63 66 
63 80 
63 81 
63 82 
63 84 
63 89 
63 90 
63 94 
63 98 
63 99 
64 67 
64 68 
64 72 
64 73 
64 74 
64 75 
64 77 
64 79 
64 82 
64 83 
64 84 
64 94 
64 95 
64 98 
64 99 
65 66 
65 69 
65 73 
65 75 
65 80 
65 82 
65 83 
65 84 
65 87 
65 91 
65 94 
65 96 
65 99 
65 100 
66 72 
66 74 
66 75 
66 77 
66 79 
66 81 
66 83 
66 84 
66 87 
66 90 
66 92 
66 93 
66 94 
66 95 
66 98 
67 68 
67 70 
67 71 
67 72 
67 73 
67 74 
67 79 
67 80 
67 84 
67 85 
67 86 
67 87 
67 89 
67 90 
67 94 
67 95 
67 97 
67 98 
67 100 
68 69 
68 71 
68 77 
68 78 
68 79 
68 81 
68 82 
68 86 
68 87 
68 89 
68 92 
68 95 
68 98 
68 99 
69 73 
69 76 
69 77 
69 81 
69 89 
69 91 
69 94 
69 100 
70 73 
70 74 
70 76 
70 78 
70 79 
70 80 
70 83 
70 89 
70 91 
70 94 
70 95 
70 99 
70 100 
71 73 
71 75 
71 77 
71 78 
71 90 
71 91 
71 95 
71 97 
72 74 
72 77 
72 79 
72 83 
72 85 
72 86 
72 88 
72 91 
72 94 
72 95 
72 96 
72 97 
72 99 
73 74 
73 75 
73 76 
73 80 
73 83 
73 85 
74 76 
74 77 
74 79 
74 92 
74 93 
74 95 
74 96 
74 98 
75 76 
75 80 
75 82 
75 83 
75 84 
75 88 
75 93 
75 96 
75 98 
75 100 
76 78 
76 79 
76 80 
76 81 
76 82 
76 87 
76 88 
76 89 
76 90 
76 91 
76 92 
76 96 
76 98 
76 99 
77 80 
77 82 
77 85 
77 87 
77 92 
77 95 
77 96 
78 79 
78 82 
78 84 
78 85 
78 86 
78 93 
78 96 
78 100 
79 80 
79 82 
79 83 
79 84 
79 86 
79 88 
79 91 
79 95 
79 97 
79 98 
79 99 
80 83 
80 84 
80 88 
80 91 
80 94 
81 82 
81 85 
81 86 
81 87 
81 89 
81 90 
81 91 
81 94 
81 95 
81 97 
82 87 
82 93 
82 94 
82 95 
82 98 
83 85 
83 90 
83 93 
83 97 
84 88 
84 90 
84 91 
84 92 
84 98 
84 99 
85 87 
85 88 
85 92 
85 94 
85 99 
85 100 
86 88 
86 93 
86 94 
86 96 
87 94 
87 96 
87 97 
87 100 
88 89 
88 91 
88 92 
88 94 
88 98 
89 91 
89 94 
89 95 
89 98 
90 91 
90 92 
90 96 
90 97 
90 99 
90 100 
91 95 
91 97 
91 98 
91 100 
92 93 
92 95 
92 97 
92 98 
93 95 
94 96 
94 99 
94 100 
95 97 
95 100 
96 97 
96 99 
