nNodes=100;
 nPairs=1941;
Cost=

101  0  101  101  0  0  0  0  101  0  0  101  0  0  0  101  0  101  101  0  0  0  0  101  0  0  0  101  101  101  101  101  0  101  101  0  101  101  0  0  0  101  0  101  0  0  0  0  101  101  0  101  0  0  0  0  0  0  0  101  0  0  0  0  0  0  0  101  101  101  0  0  0  0  0  0  101  0  101  101  0  101  0  101  0  0  0  0  0  101  0  0  101  0  0  101  0  0  0  101  

0  101  0  101  0  0  101  0  101  101  0  101  101  101  0  0  0  0  0  0  0  101  101  0  101  0  101  0  0  0  101  0  0  0  101  101  101  101  0  0  0  101  0  0  0  0  101  101  0  101  0  101  101  0  101  0  101  0  0  101  101  0  0  101  101  101  0  0  101  101  0  101  0  101  101  0  0  0  0  0  0  0  101  101  0  0  0  0  0  0  0  0  0  101  101  0  0  0  0  101  

101  0  101  0  101  0  101  0  101  101  0  101  101  0  0  101  101  0  101  0  0  0  101  0  101  0  101  101  0  101  101  101  0  101  101  0  0  0  0  0  0  0  101  101  101  0  0  101  101  0  101  101  0  0  0  101  0  0  101  101  0  101  101  0  0  0  0  101  0  101  0  0  0  0  101  0  101  0  101  101  101  101  101  101  101  101  101  0  101  0  101  0  101  0  0  0  101  0  101  0  

101  101  0  101  0  0  0  0  0  101  101  101  0  0  0  0  0  0  0  101  0  0  0  0  0  101  0  0  101  0  101  0  101  101  0  0  0  101  101  101  101  0  101  101  101  101  0  101  0  101  101  101  0  0  0  0  101  101  0  101  101  0  0  0  0  0  101  101  101  101  0  0  0  101  0  101  0  101  0  101  101  101  101  101  0  0  0  0  0  0  101  101  0  0  0  0  0  0  101  0  

0  0  101  0  101  0  0  101  0  0  0  101  0  0  0  0  0  0  0  0  0  0  101  0  0  0  0  101  0  0  0  101  0  0  0  0  0  0  0  0  101  0  0  0  0  0  101  0  0  0  0  101  0  0  0  0  0  0  0  101  101  101  0  101  0  0  101  0  0  0  0  0  101  101  101  101  101  101  101  0  0  0  0  0  0  0  0  0  0  101  0  101  0  101  0  101  101  0  0  0  

0  0  0  0  0  101  0  101  0  101  101  0  0  0  0  0  101  0  0  0  101  0  0  101  0  0  101  0  101  0  0  0  101  0  101  0  0  0  0  0  0  0  0  0  101  101  0  0  101  0  101  0  101  0  0  0  0  0  0  0  0  101  101  0  0  0  101  101  101  101  0  0  101  101  0  101  0  101  0  0  101  0  101  0  0  0  0  0  101  0  101  0  101  0  0  0  0  101  0  0  

0  101  101  0  0  0  101  101  101  101  101  0  0  0  101  101  101  0  0  0  0  0  0  0  101  101  0  0  0  101  101  101  0  0  0  0  101  101  101  101  0  0  101  0  101  101  0  101  0  0  0  0  0  0  0  101  0  101  0  101  0  101  0  101  101  0  0  101  0  101  101  101  101  101  101  0  0  0  101  0  0  101  101  0  0  101  0  0  0  0  0  101  0  0  0  0  101  0  101  101  

0  0  0  0  101  101  101  101  0  0  0  101  0  101  0  101  0  0  0  0  0  0  0  0  101  0  101  0  101  0  101  0  0  0  0  0  0  101  0  101  0  0  0  0  101  101  0  0  0  101  101  0  101  0  101  0  0  0  101  101  101  101  0  101  0  0  0  0  0  0  101  0  0  0  0  0  0  101  0  0  101  0  0  101  0  101  0  0  0  0  101  0  0  0  0  0  0  0  101  101  

101  101  101  0  0  0  101  0  101  101  101  0  0  0  0  101  0  0  0  101  0  0  101  0  0  101  101  0  0  101  0  101  101  101  0  101  0  101  0  0  0  0  0  101  101  101  0  0  0  101  101  101  0  0  101  0  0  101  0  101  0  0  0  101  101  101  0  0  0  101  0  101  0  101  0  0  0  0  0  101  101  101  101  0  101  0  0  101  101  101  0  101  0  0  101  0  0  101  101  0  

0  101  101  101  0  101  101  0  101  101  101  0  0  101  0  101  0  0  0  101  0  0  0  0  0  101  0  101  0  101  101  101  0  101  0  0  101  0  0  0  0  101  0  0  101  101  0  101  101  0  0  0  0  0  101  101  0  0  0  0  0  0  0  0  0  0  101  0  0  0  101  101  101  0  0  0  0  0  101  0  101  101  0  0  0  0  101  0  0  0  0  0  0  0  101  0  101  101  0  0  

0  0  0  101  0  101  101  0  101  101  101  101  101  0  0  0  0  101  101  101  101  101  0  101  101  0  101  0  101  101  101  0  101  0  0  0  0  0  0  101  101  101  0  101  0  0  0  0  101  101  101  0  0  0  0  0  101  0  0  101  101  101  0  0  0  101  0  0  101  0  0  0  0  101  101  101  101  101  0  0  101  101  0  101  101  101  101  101  101  0  101  101  0  0  101  101  101  0  101  0  

101  101  101  101  101  0  0  101  0  0  101  101  0  101  0  0  0  0  101  0  101  0  0  101  0  0  0  101  0  0  101  0  101  101  0  101  101  0  0  0  101  0  101  101  101  0  101  101  0  101  101  101  0  0  101  0  0  101  101  0  101  101  0  0  0  101  0  101  0  0  101  0  0  0  101  0  101  101  101  0  0  101  0  0  101  101  0  0  0  101  101  0  0  101  0  101  101  101  101  0  

0  101  101  0  0  0  0  0  0  0  101  0  101  0  0  0  101  101  0  0  101  101  0  101  101  101  0  101  0  0  101  101  101  101  0  0  101  0  0  101  101  101  0  0  0  101  0  0  0  0  0  0  0  0  101  0  101  101  0  0  0  0  101  0  101  0  0  101  0  101  0  101  0  0  0  101  101  101  0  101  0  0  101  101  101  0  101  0  0  0  101  101  0  101  0  0  0  101  101  101  

0  101  0  0  0  0  0  101  0  101  0  101  0  101  0  101  0  0  0  0  0  0  0  0  101  0  101  101  0  0  0  0  101  0  0  0  0  0  0  0  0  0  0  0  0  0  0  0  0  0  101  0  0  101  0  0  0  101  0  101  101  0  0  0  0  0  101  101  0  0  101  0  101  0  101  0  0  101  0  0  0  0  101  0  101  101  0  0  0  101  101  0  0  0  101  101  0  0  0  0  

0  0  0  0  0  0  101  0  0  0  0  0  0  0  101  0  101  0  0  101  101  101  101  101  0  0  101  0  101  0  101  101  0  0  0  0  0  101  0  101  0  101  101  101  0  101  0  0  0  0  101  0  0  0  0  0  0  0  101  101  101  101  0  0  101  0  0  0  101  0  0  0  101  101  0  0  101  0  0  0  0  0  0  0  0  0  101  101  0  0  0  0  101  101  0  0  0  0  101  101  

101  0  101  0  0  0  101  101  101  101  0  0  0  101  0  101  101  0  0  0  101  101  101  0  0  0  0  101  0  101  0  0  0  101  0  101  101  101  0  0  0  0  0  0  101  101  0  101  0  0  0  0  0  101  0  101  0  0  0  101  0  0  101  101  0  101  0  0  101  101  0  101  101  0  101  101  101  0  0  101  101  101  0  0  101  101  0  101  101  0  101  0  101  101  101  101  101  0  0  0  

0  0  101  0  0  101  101  0  0  0  0  0  101  0  101  101  101  0  0  101  0  0  0  0  101  0  101  0  0  0  101  0  0  0  0  0  0  0  0  101  101  101  0  0  0  101  101  0  101  0  101  0  101  0  0  0  0  101  101  0  0  0  101  101  0  0  0  0  0  101  101  101  101  0  0  101  0  0  101  101  0  101  0  0  0  0  0  0  0  101  0  0  101  0  101  0  0  0  0  101  

101  0  0  0  0  0  0  0  0  0  101  0  101  0  0  0  0  101  0  0  0  0  0  0  101  0  101  0  0  0  101  0  101  101  0  101  0  0  0  0  0  101  0  101  0  0  0  101  0  0  0  101  0  0  0  0  0  101  0  0  101  101  0  0  0  0  101  0  0  101  101  101  0  0  0  0  0  101  0  0  101  0  0  0  0  101  0  0  0  0  101  101  101  0  0  0  101  101  101  101  

101  0  101  0  0  0  0  0  0  0  101  101  0  0  0  0  0  0  101  101  0  0  0  0  0  101  0  0  0  101  0  0  101  101  0  0  0  0  0  0  0  101  0  0  101  0  0  0  0  0  0  101  101  0  0  0  0  101  0  101  101  0  0  101  0  101  0  0  101  0  0  101  0  0  0  0  0  0  0  0  0  0  101  0  0  0  0  0  0  0  101  0  0  101  0  0  0  0  101  101  

0  0  0  101  0  0  0  0  101  101  101  0  0  0  101  0  101  0  101  101  101  0  101  101  0  101  101  0  101  0  0  101  101  0  0  0  101  0  0  0  101  0  101  0  0  0  0  0  101  0  0  0  0  101  101  0  0  0  0  0  0  0  0  0  0  0  101  101  0  0  101  0  101  0  101  0  0  0  101  101  101  0  0  101  0  101  101  0  0  101  0  0  0  0  101  101  101  101  101  0  

0  0  0  0  0  101  0  0  0  0  101  101  101  0  101  101  0  0  0  101  101  0  0  101  0  101  0  0  101  101  101  0  101  0  0  101  0  0  101  0  101  0  0  0  101  101  0  0  101  101  101  0  0  0  101  0  0  101  101  0  101  101  0  0  0  0  101  101  101  101  0  0  101  101  0  101  0  0  0  0  101  0  0  0  0  0  101  101  0  101  101  0  101  0  0  101  0  0  0  101  

0  101  0  0  0  0  0  0  0  0  101  0  101  0  101  101  0  0  0  0  0  101  0  0  0  0  101  0  0  0  101  0  101  101  0  0  0  101  0  0  101  0  0  101  0  101  101  0  101  0  101  101  101  101  101  101  0  0  0  0  0  101  101  0  0  101  0  0  0  0  0  101  0  0  0  0  0  101  0  101  101  101  101  0  0  101  0  0  0  0  101  101  0  101  0  101  0  0  101  101  

0  101  101  0  101  0  0  0  101  0  0  0  0  0  101  101  0  0  0  101  0  0  101  0  0  101  0  0  0  101  101  101  101  101  0  0  0  101  0  0  0  0  0  101  0  0  0  101  101  0  0  101  0  0  101  0  101  0  0  0  101  101  101  0  0  101  0  0  101  101  0  101  0  0  101  101  101  0  0  0  0  0  101  101  0  101  101  101  0  101  101  0  101  101  101  0  0  101  0  0  

101  0  0  0  0  101  0  0  0  0  101  101  101  0  101  0  0  0  0  101  101  0  0  101  101  101  0  0  101  0  0  101  101  0  0  0  101  101  0  0  101  101  0  101  0  101  0  101  0  101  101  0  0  0  0  0  0  0  101  101  101  101  101  101  101  0  101  0  101  0  0  101  101  101  0  0  101  0  0  0  101  101  0  101  0  0  0  0  0  101  101  0  101  101  101  101  0  101  101  101  

0  101  101  0  0  0  101  101  0  0  101  0  101  101  0  0  101  101  0  0  0  0  0  101  101  0  0  101  101  101  101  0  0  101  0  0  0  0  101  0  101  0  0  0  0  101  101  0  0  0  0  101  101  0  0  101  0  0  0  0  0  0  0  0  101  0  0  0  0  101  0  0  0  0  101  0  0  101  101  0  0  0  101  101  101  101  0  101  0  0  0  101  0  0  101  101  101  101  0  101  

0  0  0  101  0  0  101  0  101  101  0  0  101  0  0  0  0  0  101  101  101  0  101  101  0  101  0  0  101  0  101  0  101  0  0  0  101  101  0  101  0  101  101  0  0  101  101  101  101  0  101  0  0  101  0  101  0  0  101  0  0  101  101  101  101  0  0  0  101  0  101  101  101  0  0  0  0  101  101  101  101  101  0  101  0  0  0  0  101  0  101  0  101  0  0  0  0  0  101  0  

0  101  101  0  0  101  0  101  101  0  101  0  0  101  101  0  101  101  0  101  0  101  0  0  0  0  101  0  0  101  101  101  0  101  0  101  101  101  0  0  0  0  101  0  101  0  0  0  101  0  0  101  0  0  0  0  0  101  0  0  0  101  101  0  101  101  0  101  0  101  0  0  0  0  0  0  101  101  0  101  101  101  0  101  0  0  0  0  0  0  101  101  101  0  101  101  0  0  0  0  

101  0  101  0  101  0  0  0  0  101  0  101  101  101  0  101  0  0  0  0  0  0  0  0  101  0  0  101  101  101  101  0  101  101  0  0  101  0  0  101  0  0  0  101  0  0  101  0  101  101  0  101  101  0  101  0  101  101  101  101  0  0  0  0  101  0  101  0  0  101  101  101  101  0  0  0  101  101  101  0  0  0  101  0  0  0  0  101  0  101  0  101  0  0  101  101  0  0  101  0  

101  0  0  101  0  101  0  101  0  0  101  0  0  0  101  0  0  0  0  101  101  0  0  101  101  101  0  101  101  101  0  101  101  0  0  0  0  101  0  101  0  101  0  0  101  0  101  0  0  0  0  0  101  101  0  0  101  0  101  0  101  0  101  0  101  0  101  0  0  101  0  0  0  101  0  101  101  0  101  0  101  0  101  101  101  0  0  0  0  0  0  0  0  101  101  101  0  101  101  101  

101  0  101  0  0  0  101  0  101  101  101  0  0  0  0  101  0  0  101  0  101  0  101  0  101  0  101  101  101  101  0  101  0  101  101  101  0  0  0  0  101  0  0  0  101  0  101  101  0  0  0  0  0  0  101  101  0  0  0  0  0  101  101  101  101  101  0  0  0  101  101  0  101  0  0  101  0  0  0  0  101  101  0  0  101  0  0  0  101  101  101  0  101  0  0  101  0  101  101  0  

101  101  101  101  0  0  101  101  0  101  101  101  101  0  101  0  101  101  0  0  101  101  101  0  101  101  101  101  0  0  101  101  101  0  0  0  0  101  0  101  0  101  101  101  0  0  0  0  0  101  0  0  101  0  101  101  0  0  0  101  0  101  0  0  0  101  0  0  101  0  0  0  101  0  0  0  0  0  101  0  101  0  101  0  101  0  101  101  101  101  101  0  0  101  0  101  101  101  101  0  

101  0  101  0  101  0  101  0  101  101  0  0  101  0  101  0  0  0  0  101  0  0  101  101  0  0  101  0  101  101  101  101  0  0  0  101  0  0  0  0  0  101  101  0  101  0  0  101  101  101  0  0  0  101  0  0  101  0  0  0  101  0  0  101  101  0  101  0  101  0  0  0  0  0  101  101  101  101  0  101  0  0  0  0  0  101  101  0  0  0  101  0  0  101  101  0  0  0  0  101  

0  0  0  101  0  101  0  0  101  0  101  101  101  101  0  0  0  101  101  101  101  101  101  101  0  101  0  101  101  0  101  0  101  0  0  0  0  101  101  0  0  0  101  101  0  0  101  101  0  101  0  101  0  101  0  0  0  101  0  101  101  0  0  101  101  101  0  0  0  0  0  0  101  0  0  0  0  101  0  101  0  0  0  101  0  101  101  0  101  0  0  0  101  101  0  101  101  0  101  0  

101  0  101  101  0  0  0  0  101  101  0  101  101  0  0  101  0  101  101  0  0  101  101  0  101  0  101  101  0  101  0  0  0  101  0  101  101  0  0  0  0  0  0  0  101  0  101  0  0  101  0  101  101  0  101  0  0  101  101  0  101  0  101  101  101  0  0  101  0  101  0  0  0  101  0  0  0  101  101  101  0  0  0  0  101  0  0  0  101  0  101  0  0  101  0  0  101  0  0  101  

101  101  101  0  0  101  0  0  0  0  0  0  0  0  0  0  0  0  0  0  0  0  0  0  0  0  0  0  0  101  0  0  0  0  101  0  0  0  0  0  101  101  0  101  101  101  0  101  0  101  0  101  0  0  0  101  0  101  101  0  0  101  0  101  0  0  0  0  101  101  0  101  0  101  101  101  0  101  101  0  0  101  101  101  0  0  101  0  101  101  101  0  0  0  0  101  0  101  101  0  

0  101  0  0  0  0  0  0  101  0  0  101  0  0  0  101  0  101  0  0  101  0  0  0  0  0  101  0  0  101  0  101  0  101  0  101  0  0  101  0  0  101  0  0  0  0  101  101  101  101  101  101  0  0  0  101  0  101  0  0  0  0  101  101  0  0  101  0  0  101  0  0  0  101  0  0  0  101  101  101  0  101  0  0  0  101  0  0  0  101  101  0  0  0  0  0  0  101  101  0  

101  101  0  0  0  0  101  0  0  101  0  101  101  0  0  101  0  0  0  101  0  0  0  101  0  101  101  101  0  0  0  0  0  101  0  0  101  101  101  0  0  0  0  101  101  0  101  101  101  101  0  0  0  101  0  101  0  0  101  0  0  0  101  101  0  0  0  0  0  0  0  0  0  101  0  101  0  101  0  0  101  101  0  0  0  0  0  0  0  0  101  101  101  0  101  0  101  101  101  0  

101  101  0  101  0  0  101  101  101  0  0  0  0  0  101  101  0  0  0  0  0  101  101  101  0  101  101  0  101  0  101  0  101  0  0  0  101  101  101  0  0  0  0  101  101  101  101  0  0  0  101  0  101  0  0  0  0  101  101  101  101  0  0  0  0  0  0  0  0  0  101  0  101  0  101  101  0  0  0  0  0  101  0  0  0  0  101  101  101  0  0  101  0  0  101  0  0  101  0  101  

0  0  0  101  0  0  101  0  0  0  0  0  0  0  0  0  0  0  0  0  101  0  0  0  101  0  0  0  0  0  0  0  101  0  0  101  101  101  101  0  0  0  0  101  101  101  0  0  0  0  0  101  0  0  101  0  101  0  0  101  0  101  0  101  101  0  101  101  0  0  0  0  0  101  0  0  0  0  101  0  101  101  0  0  101  0  101  0  101  0  101  0  0  101  101  0  0  101  0  0  

0  0  0  101  0  0  101  101  0  0  101  0  101  0  101  0  101  0  0  0  0  0  0  0  0  101  0  101  101  0  101  0  0  0  0  0  0  0  0  101  0  101  101  0  101  0  101  0  0  0  101  0  101  101  101  0  0  0  0  0  0  101  101  0  101  101  0  0  101  0  0  0  101  0  0  0  0  101  0  101  0  0  101  101  101  0  0  0  0  0  101  0  101  0  0  0  101  0  0  0  

0  0  0  101  101  0  0  0  0  0  101  101  101  0  0  0  101  0  0  101  101  101  0  101  101  0  0  0  0  101  0  0  0  0  101  0  0  0  0  0  101  0  0  0  101  101  0  0  0  101  101  101  0  0  0  0  0  0  0  101  0  0  0  101  0  0  101  101  0  101  0  101  101  101  0  0  0  0  101  101  0  0  101  101  101  101  101  101  101  101  101  0  101  0  0  0  0  0  0  0  

101  101  0  0  0  0  0  0  0  101  101  0  101  0  101  0  101  101  101  0  0  0  0  101  0  101  0  0  101  0  101  101  0  0  101  101  0  0  0  101  0  101  101  101  0  0  101  0  0  0  101  0  101  0  101  0  0  0  0  0  0  0  101  0  0  0  0  0  0  101  0  0  0  0  101  0  0  101  0  0  0  0  0  0  0  101  101  0  0  101  0  101  0  0  0  0  0  101  0  0  

0  0  101  101  0  0  101  0  0  0  0  101  0  0  101  0  0  0  0  101  0  0  0  0  0  101  101  0  0  0  101  101  101  0  0  0  0  0  0  101  0  101  101  0  101  101  0  101  101  101  0  0  101  101  0  0  0  101  0  101  101  0  0  101  0  101  0  0  101  0  101  0  0  0  0  0  101  0  101  0  0  0  0  0  101  0  0  0  0  101  0  101  0  0  101  101  0  0  101  0  

101  0  101  101  0  0  0  0  101  0  101  101  0  0  101  0  0  101  0  0  0  101  101  101  0  0  0  101  0  0  101  0  101  0  101  0  101  101  101  0  0  101  0  101  0  0  0  0  0  0  0  101  0  0  0  0  0  0  101  0  0  101  101  0  101  0  0  101  0  0  0  101  0  101  0  0  0  101  101  0  101  0  0  0  0  0  101  0  101  101  0  101  0  0  0  101  101  0  101  0  

0  0  101  101  0  101  101  101  101  101  0  101  0  0  0  101  0  0  101  0  101  0  0  0  0  0  101  0  101  101  0  101  0  101  101  0  101  101  101  101  101  0  101  0  101  0  0  101  0  0  101  0  101  101  0  0  0  0  101  101  0  101  101  101  0  0  0  101  101  0  0  0  0  0  0  0  101  0  101  0  0  101  0  0  101  101  101  101  0  0  101  0  101  0  101  0  0  101  0  101  

0  0  0  101  0  101  101  101  101  101  0  0  101  0  101  101  101  0  0  0  101  101  0  101  101  101  0  0  0  0  0  0  0  0  101  0  0  101  101  0  101  0  101  0  0  101  101  0  101  101  0  101  101  0  0  0  0  0  0  0  0  101  0  0  0  0  0  101  101  0  101  101  101  0  0  101  101  101  101  0  0  101  0  0  101  0  0  0  0  0  0  0  101  0  0  101  0  0  0  0  

0  101  0  0  101  0  0  0  0  0  0  101  0  0  0  0  101  0  0  0  0  101  0  0  101  101  0  101  101  101  0  0  101  101  0  101  101  101  0  101  0  101  0  0  0  101  101  0  0  101  101  101  0  0  101  0  0  0  0  0  0  101  101  0  101  0  101  101  0  0  0  101  0  0  0  101  101  0  0  0  0  0  0  101  101  101  0  0  0  101  0  0  0  0  101  0  0  0  101  101  

0  101  101  101  0  0  101  0  0  101  0  101  0  0  0  101  0  101  0  0  0  0  101  101  0  101  0  0  0  101  0  101  101  0  101  101  101  0  0  0  0  0  101  0  101  0  0  101  0  101  101  0  0  0  0  0  101  101  101  0  0  101  101  101  0  0  0  0  101  0  0  101  0  0  0  0  0  101  0  101  0  101  101  0  0  101  0  0  0  0  0  101  101  0  0  101  0  101  0  0  

101  0  101  0  0  101  0  0  0  101  101  0  0  0  0  0  101  0  0  101  101  101  101  0  0  101  101  101  0  0  0  101  0  0  0  101  101  0  0  0  0  0  101  0  0  101  0  0  101  0  0  0  0  0  0  101  101  0  0  101  0  101  0  0  0  101  101  0  101  101  101  101  0  0  101  101  0  101  101  0  101  0  0  0  0  0  101  101  0  101  0  0  0  101  101  0  0  0  0  0  

101  101  0  101  0  0  0  101  101  0  101  101  0  0  0  0  0  0  0  0  101  0  0  101  0  0  0  101  0  0  101  101  101  101  101  101  101  0  0  0  101  0  101  0  0  101  101  101  0  101  0  101  0  0  0  0  101  0  0  101  0  0  0  101  0  0  0  0  0  101  0  101  101  0  0  0  0  0  0  0  0  101  0  0  0  0  0  0  101  101  0  0  0  101  0  101  0  101  101  101  

0  0  101  101  0  101  0  101  101  0  101  101  0  101  101  0  101  0  0  0  101  101  0  101  0  101  0  0  0  0  0  0  0  0  0  101  0  101  0  101  101  101  0  0  101  0  101  101  0  0  101  0  101  101  0  0  101  101  101  0  0  101  0  0  101  0  101  0  101  101  101  101  101  0  0  101  101  0  0  0  0  101  0  0  0  0  0  0  0  101  101  0  0  101  0  0  0  101  0  0  

101  101  101  101  101  0  0  0  101  0  0  101  0  0  0  0  0  101  101  0  0  101  101  0  101  0  101  101  0  0  0  0  101  101  101  101  0  0  101  0  101  0  0  101  0  101  101  0  0  101  0  101  0  101  101  101  0  101  0  101  0  0  0  101  0  0  101  101  0  101  101  101  0  0  0  101  0  0  0  101  0  0  0  101  0  101  0  0  0  101  101  0  101  0  0  0  0  0  101  0  

0  101  0  0  0  101  0  101  0  0  0  0  0  0  0  0  101  0  101  0  0  101  0  0  101  0  0  101  101  0  101  0  0  101  0  0  0  101  0  101  0  101  101  0  101  101  0  0  0  0  101  0  101  0  0  101  0  0  0  101  0  0  101  0  0  101  0  0  101  0  0  0  0  0  0  101  0  0  0  0  101  0  101  0  0  0  101  0  101  0  0  0  0  101  101  101  101  101  101  0  

0  0  0  0  0  0  0  0  0  0  0  0  0  101  0  101  0  0  0  101  0  101  0  0  0  101  0  0  101  0  0  101  101  0  0  0  101  0  0  101  0  0  101  0  101  0  0  0  0  0  101  101  0  101  0  0  101  0  101  0  101  0  0  0  0  0  0  0  0  101  0  0  0  0  101  101  101  101  0  0  101  101  0  0  0  0  101  0  101  0  0  101  101  101  101  0  101  0  0  0  

0  101  0  0  0  0  0  101  101  101  0  101  101  0  0  0  0  0  0  101  101  101  101  0  0  0  0  101  0  101  101  0  0  101  0  0  0  0  101  101  0  101  0  0  0  0  101  0  0  0  0  101  0  0  101  0  101  0  0  0  0  0  101  0  101  101  0  101  101  101  0  0  101  101  101  0  0  101  101  0  0  101  101  101  0  0  0  0  101  0  101  0  0  0  101  101  101  0  101  101  

0  0  101  0  0  0  101  0  0  101  0  0  0  0  0  101  0  0  0  0  0  101  0  0  101  101  0  0  0  101  101  0  0  0  101  101  101  0  0  0  0  0  0  0  0  0  0  0  101  0  0  101  101  0  0  101  101  101  0  101  101  0  101  0  0  101  0  0  0  0  101  0  101  0  101  0  101  101  0  0  0  101  0  101  0  0  0  101  101  0  0  101  101  0  0  0  0  0  101  101  

0  101  0  101  0  0  0  0  0  0  101  0  101  0  0  0  0  0  0  0  0  0  101  0  0  0  0  101  101  0  0  101  0  0  0  0  0  0  101  0  0  0  0  0  0  0  0  101  101  101  101  0  0  101  101  101  101  101  101  101  0  0  0  0  0  101  101  0  0  0  0  101  101  101  0  0  101  101  0  0  0  101  101  101  101  0  0  101  0  101  0  0  0  101  0  101  101  101  101  0  

0  0  0  101  0  0  101  0  101  0  0  101  101  101  0  0  101  101  101  0  101  0  0  0  0  0  101  101  0  0  0  0  101  101  101  101  0  101  0  0  0  0  101  0  0  0  0  101  0  0  101  101  0  0  0  101  101  101  0  0  0  0  0  0  0  0  0  0  0  0  0  0  0  101  101  0  0  0  0  101  0  0  101  0  0  101  0  0  0  0  101  101  101  101  101  0  0  0  0  0  

0  0  101  0  0  0  0  101  0  0  0  101  0  0  101  0  101  0  0  0  101  0  0  101  0  101  0  101  101  0  0  0  0  101  101  0  101  101  0  0  0  0  0  101  101  0  0  101  0  0  101  0  0  101  0  0  101  0  101  0  0  0  101  0  0  101  0  101  0  0  0  0  101  0  0  101  101  101  0  0  0  0  0  101  0  0  0  0  0  101  0  0  101  101  101  0  0  0  101  0  

101  101  101  101  101  0  101  101  101  0  101  0  0  101  101  101  0  0  101  0  0  0  0  101  0  0  0  101  0  0  101  0  101  0  0  0  0  101  101  0  101  0  101  0  101  0  0  0  101  101  0  101  101  0  0  101  101  0  0  101  0  101  0  101  0  101  0  101  0  101  0  0  101  0  0  101  0  0  0  0  0  0  0  0  0  101  101  0  0  0  101  0  0  0  0  101  0  101  101  0  

0  101  0  101  101  0  0  101  0  0  101  101  0  101  101  0  0  101  101  0  101  0  101  101  0  0  0  0  101  0  0  101  101  101  0  0  0  101  0  0  0  0  101  0  0  0  0  0  0  0  0  0  0  101  0  101  0  0  0  0  101  101  0  0  0  0  0  101  101  0  101  0  0  101  101  0  0  101  0  101  101  0  0  0  0  0  0  101  101  0  0  0  101  0  101  101  0  0  101  101  

0  0  101  0  101  101  101  101  0  0  101  101  0  0  101  0  0  101  0  0  101  101  101  101  0  101  101  0  0  101  101  0  0  0  101  0  0  0  101  101  0  0  0  101  101  101  101  101  101  0  101  0  0  0  0  0  0  0  0  101  101  101  101  0  0  0  0  0  101  0  0  0  101  101  101  0  0  0  101  0  0  101  101  101  0  0  0  0  101  0  101  0  0  101  0  0  101  0  101  101  

0  0  101  0  0  101  0  0  0  0  0  0  101  0  0  101  101  0  0  0  0  101  101  101  0  101  101  0  101  101  0  0  0  101  0  101  101  0  0  101  0  101  0  101  101  0  101  101  0  0  0  0  101  0  101  101  0  0  101  0  0  101  101  101  101  0  0  0  0  101  0  0  0  0  101  0  101  101  0  0  0  0  0  0  0  101  0  0  101  101  101  0  101  101  0  0  0  101  101  101  

0  101  0  0  101  0  101  101  101  0  0  0  0  0  0  101  101  0  101  0  0  0  0  101  0  101  0  0  0  101  0  101  101  101  101  101  101  0  101  0  101  0  101  0  101  0  0  101  0  101  0  101  0  0  0  0  0  0  0  101  0  0  101  101  0  0  0  101  0  0  0  101  101  0  0  0  101  101  101  0  0  101  0  101  101  0  101  101  101  101  0  0  101  0  0  0  0  0  101  0  

0  101  0  0  0  0  101  0  101  0  0  0  101  0  101  0  0  0  0  0  0  0  0  101  101  101  101  101  101  101  0  101  101  101  0  0  0  0  101  101  0  0  0  101  0  0  101  0  0  0  101  0  0  0  101  0  0  0  0  0  0  0  101  0  101  0  0  101  0  0  0  101  101  101  0  101  101  101  101  0  0  0  101  0  0  0  0  0  0  0  0  0  0  0  101  0  0  0  101  0  

0  101  0  0  0  0  0  0  101  0  101  101  0  0  0  101  0  0  101  0  0  101  101  0  0  0  101  0  0  101  101  0  101  0  0  0  0  0  0  101  0  0  101  0  0  0  0  0  101  0  0  0  101  0  101  101  101  0  101  101  0  0  0  0  0  101  0  101  0  0  101  101  101  0  0  0  0  101  0  0  0  101  101  0  101  0  0  101  0  101  101  0  0  0  0  101  0  0  0  0  

0  0  0  101  101  101  0  0  0  101  0  0  0  101  0  0  0  101  0  101  101  0  0  101  0  0  0  101  101  0  0  101  0  0  0  101  0  0  101  0  101  0  0  0  0  0  101  0  101  0  101  101  0  0  0  0  101  0  0  0  0  0  0  0  0  0  101  0  0  0  101  0  101  0  101  101  101  101  0  0  0  0  101  0  101  101  101  0  101  101  101  0  0  101  101  0  0  0  0  0  

101  0  101  101  0  101  101  0  0  0  0  101  101  101  0  0  0  0  0  101  101  0  0  0  0  0  101  0  0  0  0  0  0  101  0  0  0  0  101  0  101  0  0  101  101  101  101  0  0  0  0  101  0  0  101  0  0  0  101  101  101  0  0  101  101  101  0  101  0  0  0  101  0  0  0  0  0  0  101  101  101  0  0  101  0  0  0  101  0  101  101  101  0  101  0  101  0  0  101  0  

101  101  0  101  0  101  0  0  0  0  101  0  0  0  101  101  0  0  101  0  101  0  101  101  0  101  0  0  0  0  101  101  0  0  101  0  0  0  0  101  0  0  101  0  101  101  0  101  101  0  101  0  101  0  101  0  0  0  0  0  101  101  0  0  0  0  0  0  101  0  101  101  101  0  0  0  101  0  101  101  101  0  0  0  101  101  0  0  0  101  101  0  0  101  0  101  0  101  101  101  

101  101  101  101  0  101  101  0  101  0  0  0  101  0  0  101  101  101  0  0  101  0  101  0  101  0  101  101  101  101  0  0  0  101  101  101  0  0  0  0  101  101  0  0  0  0  0  0  101  101  101  101  0  101  101  0  0  0  0  101  0  0  101  0  0  0  0  0  0  101  101  101  101  101  0  0  101  0  101  101  101  0  0  101  101  0  0  0  0  101  0  0  0  101  0  0  0  0  0  0  

0  0  0  0  0  0  101  101  0  101  0  101  0  101  0  0  101  101  0  101  0  0  0  0  0  101  0  101  0  101  0  0  0  0  0  0  0  101  0  0  0  0  101  0  0  101  0  0  101  0  101  101  0  0  0  101  0  0  0  0  101  0  0  0  0  101  101  0  101  101  101  0  101  0  101  101  0  0  0  101  101  101  101  101  0  0  0  0  0  0  101  101  0  101  101  0  101  101  0  0  

0  101  0  0  0  0  101  0  101  101  0  0  101  0  0  101  101  101  101  0  0  101  101  101  0  101  0  101  0  0  0  0  0  0  101  0  0  0  0  0  101  0  0  101  0  101  101  101  101  101  101  101  0  0  0  0  101  0  0  0  0  0  0  101  101  101  0  101  101  101  0  101  0  0  0  0  101  0  0  101  0  101  0  0  101  101  101  0  0  101  0  0  0  0  101  101  0  0  0  0  

0  0  0  0  101  101  101  0  0  101  0  0  0  101  101  101  101  0  0  101  101  0  0  101  0  101  0  101  0  101  101  0  101  0  0  0  0  101  0  101  101  0  0  0  0  101  0  0  0  101  101  0  0  0  101  101  101  0  101  101  0  101  0  101  101  101  101  0  101  101  101  0  101  0  0  0  0  0  0  0  0  0  0  0  0  0  0  0  0  101  101  0  0  101  101  0  101  101  101  0  

0  101  0  101  101  101  101  0  101  0  101  0  0  0  101  0  0  0  0  0  101  0  0  101  0  0  0  0  101  0  0  0  0  101  101  101  101  0  101  0  101  0  0  101  0  0  0  0  0  0  0  0  0  0  101  0  101  101  0  0  101  101  0  0  101  0  0  0  0  101  0  0  0  101  0  0  0  0  0  0  0  0  101  0  101  101  101  101  101  101  0  101  0  0  101  0  0  0  101  0  

0  101  101  0  101  0  101  0  0  0  101  101  0  101  0  101  0  0  0  101  0  0  101  0  101  0  0  0  0  0  0  101  0  0  101  0  0  101  0  0  0  101  0  0  0  0  0  0  101  0  0  0  0  101  101  101  0  101  0  0  101  101  101  0  0  0  101  0  0  0  101  0  0  0  101  0  101  101  0  101  0  101  0  0  0  0  101  101  101  101  0  101  101  101  0  101  0  0  101  101  

0  0  0  101  101  101  0  0  0  0  101  0  101  0  0  101  101  0  0  0  101  0  101  0  0  0  0  0  101  101  0  101  0  0  101  0  101  101  0  0  0  0  0  0  0  101  101  0  101  0  101  101  101  101  0  0  0  0  101  101  0  0  0  0  101  0  101  0  0  0  101  0  0  0  0  101  101  0  0  0  0  101  101  101  101  0  0  0  101  0  101  0  101  101  0  0  101  0  101  0  

101  0  101  0  101  0  0  0  0  0  101  101  101  0  101  101  0  0  0  0  0  0  101  101  0  0  101  101  101  0  0  101  0  0  0  0  0  0  0  0  0  0  101  0  101  101  101  0  0  0  101  0  0  101  0  101  101  0  101  0  0  0  101  101  101  0  101  0  101  101  0  101  0  0  101  101  101  0  101  101  0  0  0  101  0  101  101  101  0  0  101  101  101  0  101  101  0  101  0  101  

0  0  0  101  101  101  0  101  0  0  101  101  101  101  0  0  0  101  0  0  0  101  0  0  101  101  101  101  0  0  0  101  101  101  101  101  101  0  0  101  0  101  0  101  0  101  0  101  101  0  0  0  0  101  101  101  101  0  101  0  101  0  101  101  101  101  101  0  0  0  0  0  0  0  101  0  0  101  101  101  0  101  0  0  101  101  101  101  0  101  101  0  0  0  101  101  0  101  0  0  

101  0  101  0  101  0  101  0  0  101  0  101  0  0  0  0  101  0  0  101  0  0  0  0  101  101  0  101  101  0  101  0  0  101  101  101  0  0  101  0  101  0  101  101  101  101  0  0  101  0  0  0  0  0  101  0  0  0  0  0  0  101  0  101  101  0  0  101  101  101  0  0  0  0  0  0  101  101  101  101  0  101  0  101  0  0  0  0  0  0  0  0  101  0  101  0  101  101  101  0  

101  0  101  101  0  0  0  0  101  0  0  0  101  0  0  101  101  0  0  101  0  101  0  0  0  101  101  0  0  0  0  101  101  101  0  101  0  0  0  101  101  0  0  0  0  0  0  101  0  0  0  101  0  0  0  0  0  101  0  0  101  0  0  0  0  0  0  101  101  101  101  101  0  0  101  0  101  101  101  101  0  0  0  0  0  0  0  0  101  0  0  101  101  101  101  101  101  0  0  101  

0  0  101  101  0  101  0  101  101  101  101  0  0  0  0  101  0  101  0  101  101  101  0  101  0  101  101  0  101  101  101  0  0  0  0  0  101  0  101  0  0  0  0  101  0  0  0  0  101  0  0  0  101  101  0  0  0  0  0  0  101  0  0  0  0  0  0  101  101  101  101  0  0  0  0  0  0  0  0  0  101  101  101  101  0  0  101  101  0  0  0  101  0  0  0  0  0  0  101  101  

101  0  101  101  0  0  101  0  101  101  101  101  0  0  0  101  101  0  0  0  0  101  0  101  0  101  101  0  0  101  0  0  0  0  101  101  101  101  101  0  0  0  0  0  101  101  0  101  0  101  101  0  0  101  101  101  101  0  0  0  0  101  0  101  0  101  0  0  0  0  101  101  0  0  101  101  0  101  101  0  101  101  101  101  0  0  0  0  101  101  0  0  0  101  0  0  0  0  101  0  

0  101  101  101  0  101  101  0  101  0  0  0  101  101  0  0  0  0  101  0  0  101  101  0  101  0  0  101  101  0  101  0  0  0  101  0  0  0  0  101  101  0  0  0  0  0  0  101  0  0  0  0  101  0  101  0  101  101  0  0  0  101  0  0  101  101  101  0  0  0  101  0  0  101  0  101  0  0  0  0  101  101  101  0  101  0  0  0  101  0  101  0  0  101  0  0  101  0  0  101  

101  101  101  101  0  0  0  101  0  0  101  0  101  0  0  0  0  0  0  101  0  0  101  101  101  101  101  0  101  0  0  0  101  0  101  0  0  0  0  101  101  0  0  0  0  0  101  0  0  0  0  101  0  0  101  101  101  0  101  0  0  101  0  101  0  0  0  101  0  101  101  0  0  0  0  101  101  0  101  0  101  101  0  101  101  101  101  101  101  0  101  101  101  0  0  0  0  0  101  101  

0  0  101  0  0  0  0  0  101  0  101  101  101  101  0  101  0  0  0  0  0  0  0  0  101  0  0  0  101  101  101  0  0  101  0  0  0  0  101  101  101  0  101  0  101  101  101  0  0  0  0  0  0  0  0  0  101  0  0  0  0  0  0  101  0  101  101  0  101  101  0  101  0  101  0  101  0  101  0  0  0  0  101  101  101  101  101  101  0  101  0  0  0  0  0  0  101  101  0  0  

0  0  101  0  0  0  101  101  0  0  101  101  0  101  0  101  0  101  0  101  0  101  101  0  101  0  0  0  0  0  0  101  101  0  0  101  0  0  0  0  101  101  0  0  101  0  101  101  0  0  0  101  0  0  0  0  0  101  0  101  0  0  101  0  0  0  101  0  101  0  0  101  0  101  0  0  101  101  0  0  0  0  0  101  101  101  0  101  101  101  0  0  0  0  0  101  0  0  0  0  

0  0  101  0  0  0  0  0  0  101  101  0  101  0  101  0  0  0  0  101  101  0  101  0  0  0  0  0  0  0  101  101  101  0  101  0  0  101  101  0  101  101  0  101  101  0  0  0  101  0  0  0  101  101  0  0  0  0  0  101  0  0  0  101  0  0  101  0  0  0  0  101  0  101  101  0  101  101  0  0  101  0  0  101  101  0  101  101  0  0  0  0  0  0  0  0  0  0  0  101  

0  0  0  0  0  0  0  0  101  0  101  0  0  0  101  101  0  0  0  0  101  0  101  0  101  0  0  101  0  0  101  0  0  0  0  0  0  101  0  0  101  0  0  0  101  0  0  0  101  0  0  0  0  0  0  101  101  0  0  0  101  0  0  101  0  101  0  101  0  0  0  0  0  101  101  0  101  101  0  0  101  0  0  101  101  101  101  101  0  0  0  0  0  0  0  0  0  101  0  0  

0  0  101  0  0  101  0  0  101  0  101  0  0  0  0  101  0  0  0  0  0  0  0  0  0  101  0  0  0  101  101  0  101  101  101  0  0  101  101  0  101  0  0  101  0  0  0  0  0  101  0  0  101  101  101  101  0  0  0  0  101  101  101  101  0  0  101  0  0  0  0  0  0  101  101  101  0  0  0  101  0  101  101  101  0  101  0  0  101  101  101  0  0  101  101  0  0  0  0  101  

101  0  0  0  101  0  0  0  101  0  0  101  0  101  0  0  101  0  0  101  101  0  101  101  0  0  0  101  0  101  101  0  0  0  101  101  0  0  0  0  101  101  101  101  0  0  101  0  101  101  101  101  0  0  0  0  101  0  101  0  0  0  101  101  0  101  101  101  101  101  0  101  101  101  101  0  0  101  0  0  0  101  0  0  101  101  0  0  101  101  0  101  101  101  0  0  0  101  0  101  

0  0  101  101  0  101  0  101  0  0  101  101  101  101  0  101  0  101  101  0  101  101  101  101  0  101  101  0  0  101  101  101  0  101  101  101  101  0  101  101  101  0  0  0  101  0  0  0  0  0  101  101  0  0  101  0  0  101  0  101  0  101  101  0  0  101  101  101  101  0  101  0  101  0  0  101  101  101  0  0  0  0  101  101  0  0  0  0  101  0  101  0  101  0  0  101  0  0  0  0  

0  0  0  101  101  0  101  0  101  0  101  0  101  0  0  0  0  101  0  0  0  101  0  0  101  0  101  101  0  0  0  0  0  0  0  0  101  101  0  0  0  101  101  101  0  0  0  101  0  0  0  0  0  101  0  101  0  101  0  0  0  0  0  0  0  0  0  101  0  0  101  0  0  101  101  0  101  0  0  101  101  0  0  101  0  0  0  0  0  101  0  101  0  101  0  0  101  101  0  0  

101  0  101  0  0  101  0  0  0  0  0  0  0  0  101  101  101  101  0  0  101  0  101  101  0  101  101  0  0  101  0  0  101  0  0  0  101  0  0  101  101  0  0  0  101  101  0  101  0  0  0  101  0  101  0  101  0  101  101  0  101  0  101  101  0  0  0  0  0  0  0  0  0  0  101  101  101  0  101  101  0  0  0  101  0  0  0  0  0  101  101  0  101  0  0  101  101  101  101  101  

0  101  0  0  101  0  0  0  0  0  0  101  101  0  101  101  0  0  101  0  0  101  101  101  0  0  0  0  101  0  101  101  101  101  0  0  0  0  101  0  0  0  0  0  0  0  0  0  101  101  101  0  101  101  0  0  101  101  101  0  0  101  101  0  0  0  101  101  101  101  101  0  101  0  101  101  0  0  0  101  0  101  101  0  0  0  0  0  101  101  0  101  0  101  0  0  0  0  0  0  

0  101  0  0  0  0  0  0  101  101  101  0  0  101  0  101  101  0  0  101  0  0  101  101  101  0  101  101  101  0  0  101  0  0  0  0  101  101  101  0  0  0  101  0  101  0  101  0  101  0  0  0  101  101  101  0  0  101  101  0  101  0  0  0  101  0  101  0  0  0  101  101  101  101  0  0  101  101  101  101  0  0  0  0  0  0  0  0  101  0  0  0  0  0  101  0  0  101  0  0  

101  0  0  0  101  0  0  0  0  0  101  101  0  101  0  101  0  0  0  101  101  101  0  101  101  0  101  101  101  101  101  0  101  0  101  0  0  0  0  0  0  0  101  101  0  101  0  101  0  101  0  0  101  0  101  0  101  0  0  101  101  0  0  0  0  101  0  101  101  0  0  101  0  0  101  0  101  101  0  101  0  0  0  0  0  101  0  0  0  0  101  0  101  0  0  101  0  0  101  101  

0  0  101  0  101  0  101  0  0  101  101  101  0  0  0  101  0  101  0  101  0  0  0  0  101  0  0  0  0  0  101  0  101  101  0  0  101  0  0  101  0  0  0  101  0  0  0  0  0  0  0  0  101  101  101  0  101  0  0  0  0  101  0  0  0  0  0  0  0  0  101  0  101  0  0  101  0  0  101  101  0  0  101  0  101  0  0  0  0  0  0  101  101  0  0  0  101  101  0  0  

0  0  0  0  0  101  0  0  101  101  0  101  101  0  0  0  0  101  0  101  0  0  101  101  101  0  0  0  101  101  101  0  0  0  101  101  101  101  101  0  0  101  0  0  101  0  0  101  0  101  101  0  101  0  0  0  101  0  0  101  0  0  101  0  0  0  0  0  101  0  101  0  101  0  0  0  101  101  101  0  0  0  0  0  101  0  0  101  0  101  0  101  101  0  101  0  101  101  101  0  

0  0  101  101  0  0  101  101  101  0  101  101  101  0  101  0  0  101  101  101  0  101  0  101  0  101  0  101  101  101  101  0  101  0  101  101  101  0  0  0  0  0  101  101  0  0  101  0  0  101  0  101  101  0  101  101  101  0  101  101  101  101  101  101  101  0  0  101  101  0  0  0  101  101  101  101  0  0  101  0  101  101  0  101  0  0  0  0  0  0  0  0  101  0  0  101  0  101  101  0  

101  101  0  0  0  0  101  101  0  0  0  0  101  0  101  0  101  101  101  0  101  101  0  101  101  0  0  0  101  0  0  101  0  101  0  0  0  101  0  0  0  0  0  0  101  0  101  0  0  101  0  0  0  0  101  101  0  0  0  0  101  101  101  0  0  0  0  0  101  0  0  0  0  0  101  0  101  0  0  101  101  0  101  101  0  0  101  0  101  101  0  0  101  0  0  101  0  0  0  101  

UnPairedArc=
1 3 
1 4 
1 9 
1 12 
1 16 
1 18 
1 19 
1 24 
1 28 
1 29 
1 30 
1 31 
1 32 
1 34 
1 35 
1 37 
1 38 
1 42 
1 44 
1 49 
1 50 
1 52 
1 60 
1 68 
1 69 
1 70 
1 77 
1 79 
1 80 
1 82 
1 84 
1 90 
1 93 
1 96 
1 100 
2 4 
2 7 
2 9 
2 10 
2 12 
2 13 
2 14 
2 22 
2 23 
2 25 
2 27 
2 31 
2 35 
2 36 
2 37 
2 38 
2 42 
2 47 
2 48 
2 50 
2 52 
2 53 
2 55 
2 57 
2 60 
2 61 
2 64 
2 65 
2 66 
2 69 
2 70 
2 72 
2 74 
2 75 
2 83 
2 84 
2 94 
2 95 
2 100 
3 5 
3 7 
3 9 
3 10 
3 12 
3 13 
3 16 
3 17 
3 19 
3 23 
3 25 
3 27 
3 28 
3 30 
3 31 
3 32 
3 34 
3 35 
3 43 
3 44 
3 45 
3 48 
3 49 
3 51 
3 52 
3 56 
3 59 
3 60 
3 62 
3 63 
3 68 
3 70 
3 75 
3 77 
3 79 
3 80 
3 81 
3 82 
3 83 
3 84 
3 85 
3 86 
3 87 
3 89 
3 91 
3 93 
3 97 
3 99 
4 10 
4 11 
4 12 
4 20 
4 26 
4 29 
4 31 
4 33 
4 34 
4 38 
4 39 
4 40 
4 41 
4 43 
4 44 
4 45 
4 46 
4 48 
4 50 
4 51 
4 52 
4 57 
4 58 
4 60 
4 61 
4 67 
4 68 
4 69 
4 70 
4 74 
4 76 
4 78 
4 80 
4 81 
4 82 
4 83 
4 84 
4 91 
4 92 
4 99 
5 8 
5 12 
5 23 
5 28 
5 32 
5 41 
5 47 
5 52 
5 60 
5 61 
5 62 
5 64 
5 67 
5 73 
5 74 
5 75 
5 76 
5 77 
5 78 
5 79 
5 90 
5 92 
5 94 
5 96 
5 97 
6 8 
6 10 
6 11 
6 17 
6 21 
6 24 
6 27 
6 29 
6 33 
6 35 
6 45 
6 46 
6 49 
6 51 
6 53 
6 62 
6 63 
6 67 
6 68 
6 69 
6 70 
6 73 
6 74 
6 76 
6 78 
6 81 
6 83 
6 89 
6 91 
6 93 
6 98 
7 8 
7 9 
7 10 
7 11 
7 15 
7 16 
7 17 
7 25 
7 26 
7 30 
7 31 
7 32 
7 37 
7 38 
7 39 
7 40 
7 43 
7 45 
7 46 
7 48 
7 56 
7 58 
7 60 
7 62 
7 64 
7 65 
7 68 
7 70 
7 71 
7 72 
7 73 
7 74 
7 75 
7 79 
7 82 
7 83 
7 86 
7 92 
7 97 
7 99 
7 100 
8 12 
8 14 
8 16 
8 25 
8 27 
8 29 
8 31 
8 38 
8 40 
8 45 
8 46 
8 50 
8 51 
8 53 
8 55 
8 59 
8 60 
8 61 
8 62 
8 64 
8 71 
8 78 
8 81 
8 84 
8 86 
8 91 
8 99 
8 100 
9 10 
9 11 
9 16 
9 20 
9 23 
9 26 
9 27 
9 30 
9 32 
9 33 
9 34 
9 36 
9 38 
9 44 
9 45 
9 46 
9 50 
9 51 
9 52 
9 55 
9 58 
9 60 
9 64 
9 65 
9 66 
9 70 
9 72 
9 74 
9 80 
9 81 
9 82 
9 83 
9 85 
9 88 
9 89 
9 90 
9 92 
9 95 
9 98 
9 99 
10 11 
10 14 
10 16 
10 20 
10 26 
10 28 
10 30 
10 31 
10 32 
10 34 
10 37 
10 42 
10 45 
10 46 
10 48 
10 49 
10 55 
10 56 
10 67 
10 71 
10 72 
10 73 
10 79 
10 81 
10 82 
10 87 
10 95 
10 97 
10 98 
11 12 
11 13 
11 18 
11 19 
11 20 
11 21 
11 22 
11 24 
11 25 
11 27 
11 29 
11 30 
11 31 
11 33 
11 40 
11 41 
11 42 
11 44 
11 49 
11 50 
11 51 
11 57 
11 60 
11 61 
11 62 
11 66 
11 69 
11 74 
11 75 
11 76 
11 77 
11 78 
11 81 
11 82 
11 84 
11 85 
11 86 
11 87 
11 88 
11 89 
11 91 
11 92 
11 95 
11 96 
11 97 
11 99 
12 14 
12 19 
12 21 
12 24 
12 28 
12 31 
12 33 
12 34 
12 36 
12 37 
12 41 
12 43 
12 44 
12 45 
12 47 
12 48 
12 50 
12 51 
12 52 
12 55 
12 58 
12 59 
12 61 
12 62 
12 66 
12 68 
12 71 
12 75 
12 77 
12 78 
12 79 
12 82 
12 85 
12 86 
12 90 
12 91 
12 94 
12 96 
12 97 
12 98 
12 99 
13 17 
13 18 
13 21 
13 22 
13 24 
13 25 
13 26 
13 28 
13 31 
13 32 
13 33 
13 34 
13 37 
13 40 
13 41 
13 42 
13 46 
13 55 
13 57 
13 58 
13 63 
13 65 
13 68 
13 70 
13 72 
13 76 
13 77 
13 78 
13 80 
13 83 
13 84 
13 85 
13 87 
13 91 
13 92 
13 94 
13 98 
13 99 
13 100 
14 16 
14 25 
14 27 
14 28 
14 33 
14 51 
14 54 
14 58 
14 60 
14 61 
14 67 
14 68 
14 71 
14 73 
14 75 
14 78 
14 83 
14 85 
14 86 
14 90 
14 91 
14 95 
14 96 
15 17 
15 20 
15 21 
15 22 
15 23 
15 24 
15 27 
15 29 
15 31 
15 32 
15 38 
15 40 
15 42 
15 43 
15 44 
15 46 
15 51 
15 59 
15 60 
15 61 
15 62 
15 65 
15 69 
15 73 
15 74 
15 77 
15 87 
15 88 
15 93 
15 94 
15 99 
15 100 
16 17 
16 21 
16 22 
16 23 
16 28 
16 30 
16 34 
16 36 
16 37 
16 38 
16 45 
16 46 
16 48 
16 54 
16 56 
16 60 
16 63 
16 64 
16 66 
16 69 
16 70 
16 72 
16 73 
16 75 
16 76 
16 77 
16 80 
16 81 
16 82 
16 85 
16 86 
16 88 
16 89 
16 91 
16 93 
16 94 
16 95 
16 96 
16 97 
17 20 
17 25 
17 27 
17 31 
17 40 
17 41 
17 42 
17 46 
17 47 
17 49 
17 51 
17 53 
17 58 
17 59 
17 63 
17 64 
17 70 
17 71 
17 72 
17 73 
17 76 
17 79 
17 80 
17 82 
17 90 
17 93 
17 95 
17 100 
18 25 
18 27 
18 31 
18 33 
18 34 
18 36 
18 42 
18 44 
18 48 
18 52 
18 58 
18 61 
18 62 
18 67 
18 70 
18 71 
18 72 
18 78 
18 81 
18 86 
18 91 
18 92 
18 93 
18 97 
18 98 
18 99 
18 100 
19 20 
19 26 
19 30 
19 33 
19 34 
19 42 
19 45 
19 52 
19 53 
19 58 
19 60 
19 61 
19 64 
19 66 
19 69 
19 72 
19 83 
19 91 
19 94 
19 99 
19 100 
20 21 
20 23 
20 24 
20 26 
20 27 
20 29 
20 32 
20 33 
20 37 
20 41 
20 43 
20 49 
20 54 
20 55 
20 67 
20 68 
20 71 
20 73 
20 75 
20 79 
20 80 
20 81 
20 84 
20 86 
20 87 
20 90 
20 95 
20 96 
20 97 
20 98 
20 99 
21 24 
21 26 
21 29 
21 30 
21 31 
21 33 
21 36 
21 39 
21 41 
21 45 
21 46 
21 49 
21 50 
21 51 
21 55 
21 58 
21 59 
21 61 
21 62 
21 67 
21 68 
21 69 
21 70 
21 73 
21 74 
21 76 
21 81 
21 87 
21 88 
21 90 
21 91 
21 93 
21 96 
21 100 
22 27 
22 31 
22 33 
22 34 
22 38 
22 41 
22 44 
22 46 
22 47 
22 49 
22 51 
22 52 
22 53 
22 54 
22 55 
22 56 
22 62 
22 63 
22 66 
22 72 
22 78 
22 80 
22 81 
22 82 
22 83 
22 86 
22 91 
22 92 
22 94 
22 96 
22 99 
22 100 
23 26 
23 30 
23 31 
23 32 
23 33 
23 34 
23 38 
23 44 
23 48 
23 49 
23 52 
23 55 
23 57 
23 61 
23 62 
23 63 
23 66 
23 69 
23 70 
23 72 
23 75 
23 76 
23 77 
23 83 
23 84 
23 86 
23 87 
23 88 
23 90 
23 91 
23 93 
23 94 
23 95 
23 98 
24 25 
24 26 
24 29 
24 32 
24 33 
24 37 
24 38 
24 41 
24 42 
24 44 
24 46 
24 48 
24 50 
24 51 
24 59 
24 60 
24 61 
24 62 
24 63 
24 64 
24 65 
24 67 
24 69 
24 72 
24 73 
24 74 
24 77 
24 81 
24 82 
24 84 
24 90 
24 91 
24 93 
24 94 
24 95 
24 96 
24 98 
24 99 
24 100 
25 28 
25 29 
25 30 
25 31 
25 34 
25 39 
25 41 
25 46 
25 47 
25 52 
25 53 
25 56 
25 65 
25 70 
25 75 
25 78 
25 79 
25 83 
25 84 
25 85 
25 86 
25 88 
25 92 
25 95 
25 96 
25 97 
25 98 
25 100 
26 29 
26 31 
26 33 
26 37 
26 38 
26 40 
26 42 
26 43 
26 46 
26 47 
26 48 
26 49 
26 51 
26 54 
26 56 
26 59 
26 62 
26 63 
26 64 
26 65 
26 69 
26 71 
26 72 
26 73 
26 78 
26 79 
26 80 
26 81 
26 82 
26 84 
26 89 
26 91 
26 93 
26 99 
27 30 
27 31 
27 32 
27 34 
27 36 
27 37 
27 38 
27 43 
27 45 
27 49 
27 52 
27 58 
27 62 
27 63 
27 65 
27 66 
27 68 
27 70 
27 77 
27 78 
27 80 
27 81 
27 82 
27 84 
27 91 
27 92 
27 93 
27 95 
27 96 
28 29 
28 30 
28 31 
28 33 
28 34 
28 37 
28 40 
28 44 
28 47 
28 49 
28 50 
28 52 
28 53 
28 55 
28 57 
28 58 
28 59 
28 60 
28 65 
28 67 
28 70 
28 71 
28 72 
28 73 
28 77 
28 78 
28 79 
28 83 
28 88 
28 90 
28 92 
28 95 
28 96 
28 99 
29 30 
29 32 
29 33 
29 38 
29 40 
29 42 
29 45 
29 47 
29 53 
29 54 
29 57 
29 59 
29 61 
29 63 
29 65 
29 67 
29 70 
29 74 
29 76 
29 77 
29 79 
29 81 
29 83 
29 84 
29 85 
29 94 
29 95 
29 96 
29 98 
29 99 
29 100 
30 32 
30 34 
30 35 
30 36 
30 41 
30 45 
30 47 
30 48 
30 55 
30 56 
30 62 
30 63 
30 64 
30 65 
30 66 
30 70 
30 71 
30 73 
30 76 
30 81 
30 82 
30 85 
30 89 
30 90 
30 91 
30 93 
30 96 
30 98 
30 99 
31 32 
31 33 
31 38 
31 40 
31 42 
31 43 
31 44 
31 50 
31 53 
31 55 
31 56 
31 60 
31 62 
31 66 
31 69 
31 73 
31 79 
31 81 
31 83 
31 85 
31 87 
31 88 
31 89 
31 90 
31 91 
31 94 
31 96 
31 97 
31 98 
31 99 
32 36 
32 42 
32 43 
32 45 
32 48 
32 49 
32 50 
32 54 
32 57 
32 61 
32 64 
32 65 
32 67 
32 69 
32 75 
32 76 
32 77 
32 78 
32 80 
32 86 
32 87 
32 91 
32 94 
32 95 
32 100 
33 38 
33 39 
33 43 
33 44 
33 47 
33 48 
33 50 
33 52 
33 54 
33 58 
33 60 
33 61 
33 64 
33 65 
33 66 
33 73 
33 78 
33 80 
33 84 
33 86 
33 87 
33 89 
33 93 
33 94 
33 96 
33 97 
33 99 
34 36 
34 37 
34 45 
34 47 
34 50 
34 52 
34 53 
34 55 
34 58 
34 59 
34 61 
34 63 
34 64 
34 65 
34 68 
34 70 
34 74 
34 78 
34 79 
34 80 
34 85 
34 89 
34 91 
34 94 
34 97 
34 100 
35 41 
35 42 
35 44 
35 45 
35 46 
35 48 
35 50 
35 52 
35 56 
35 58 
35 59 
35 62 
35 64 
35 69 
35 70 
35 72 
35 74 
35 75 
35 76 
35 78 
35 79 
35 82 
35 83 
35 84 
35 87 
35 89 
35 90 
35 91 
35 96 
35 98 
35 99 
36 39 
36 42 
36 47 
36 48 
36 49 
36 50 
36 51 
36 52 
36 56 
36 58 
36 63 
36 64 
36 67 
36 70 
36 74 
36 78 
36 79 
36 80 
36 82 
36 86 
36 90 
36 91 
36 98 
36 99 
37 38 
37 39 
37 44 
37 45 
37 47 
37 48 
37 49 
37 50 
37 54 
37 56 
37 59 
37 63 
37 64 
37 74 
37 76 
37 78 
37 81 
37 82 
37 91 
37 92 
37 93 
37 95 
37 97 
37 98 
37 99 
38 39 
38 44 
38 45 
38 46 
38 47 
38 51 
38 53 
38 58 
38 59 
38 60 
38 61 
38 71 
38 73 
38 75 
38 76 
38 82 
38 87 
38 88 
38 89 
38 92 
38 95 
38 98 
38 100 
39 44 
39 45 
39 46 
39 52 
39 55 
39 57 
39 60 
39 62 
39 64 
39 65 
39 67 
39 68 
39 74 
39 79 
39 81 
39 82 
39 85 
39 87 
39 89 
39 91 
39 94 
39 95 
39 98 
40 42 
40 43 
40 45 
40 47 
40 51 
40 53 
40 54 
40 55 
40 62 
40 63 
40 65 
40 66 
40 69 
40 73 
40 78 
40 80 
40 83 
40 84 
40 85 
40 91 
40 93 
40 97 
41 45 
41 46 
41 50 
41 51 
41 52 
41 60 
41 64 
41 67 
41 68 
41 70 
41 72 
41 73 
41 74 
41 79 
41 80 
41 83 
41 84 
41 85 
41 86 
41 87 
41 88 
41 89 
41 90 
41 91 
41 93 
42 43 
42 44 
42 47 
42 51 
42 53 
42 55 
42 63 
42 70 
42 75 
42 78 
42 86 
42 87 
42 90 
42 92 
42 98 
43 45 
43 46 
43 48 
43 49 
43 50 
43 53 
43 54 
43 58 
43 60 
43 61 
43 64 
43 66 
43 69 
43 71 
43 77 
43 79 
43 85 
43 90 
43 92 
43 95 
43 96 
43 99 
44 52 
44 59 
44 62 
44 63 
44 65 
44 68 
44 72 
44 74 
44 78 
44 79 
44 81 
44 87 
44 89 
44 90 
44 92 
44 96 
44 97 
44 99 
45 48 
45 51 
45 53 
45 54 
45 59 
45 60 
45 62 
45 63 
45 64 
45 68 
45 69 
45 77 
45 79 
45 82 
45 85 
45 86 
45 87 
45 88 
45 91 
45 93 
45 95 
45 98 
45 100 
46 47 
46 49 
46 50 
46 52 
46 53 
46 62 
46 68 
46 69 
46 71 
46 72 
46 73 
46 76 
46 77 
46 78 
46 79 
46 82 
46 85 
46 93 
46 96 
47 50 
47 51 
47 52 
47 55 
47 62 
47 63 
47 65 
47 67 
47 68 
47 72 
47 76 
47 77 
47 84 
47 85 
47 86 
47 90 
47 95 
47 99 
47 100 
48 50 
48 51 
48 57 
48 58 
48 59 
48 62 
48 63 
48 64 
48 69 
48 72 
48 78 
48 80 
48 82 
48 83 
48 86 
48 92 
48 93 
48 96 
48 98 
49 56 
49 57 
49 60 
49 62 
49 66 
49 67 
49 69 
49 70 
49 71 
49 72 
49 75 
49 76 
49 78 
49 79 
49 81 
49 87 
49 88 
49 90 
49 94 
49 95 
50 52 
50 57 
50 60 
50 64 
50 70 
50 72 
50 73 
50 82 
50 89 
50 90 
50 94 
50 96 
50 98 
50 99 
50 100 
51 53 
51 54 
51 57 
51 58 
51 59 
51 62 
51 65 
51 67 
51 69 
51 70 
51 71 
51 72 
51 73 
51 76 
51 77 
51 82 
51 90 
51 91 
51 94 
51 98 
52 54 
52 55 
52 56 
52 58 
52 60 
52 64 
52 67 
52 68 
52 70 
52 71 
52 72 
52 76 
52 80 
52 84 
52 86 
52 90 
52 91 
52 93 
52 99 
53 56 
53 60 
53 63 
53 66 
53 69 
53 76 
53 81 
53 83 
53 87 
53 89 
53 94 
53 95 
53 96 
53 97 
53 98 
53 99 
54 57 
54 59 
54 61 
54 70 
54 75 
54 76 
54 77 
54 78 
54 81 
54 82 
54 87 
54 89 
54 92 
54 93 
54 94 
54 95 
54 97 
55 57 
55 63 
55 65 
55 66 
55 68 
55 69 
55 70 
55 73 
55 74 
55 75 
55 78 
55 79 
55 82 
55 83 
55 84 
55 89 
55 91 
55 95 
55 96 
55 97 
55 99 
55 100 
56 57 
56 58 
56 60 
56 61 
56 63 
56 66 
56 71 
56 73 
56 75 
56 77 
56 78 
56 82 
56 84 
56 88 
56 89 
56 92 
56 93 
56 99 
56 100 
57 58 
57 59 
57 60 
57 66 
57 67 
57 72 
57 73 
57 74 
57 77 
57 78 
57 82 
57 83 
57 84 
57 85 
57 88 
57 90 
57 94 
57 96 
57 97 
57 98 
57 99 
58 74 
58 75 
58 80 
58 83 
58 86 
58 91 
58 92 
58 93 
58 94 
58 95 
59 63 
59 66 
59 68 
59 73 
59 76 
59 77 
59 78 
59 84 
59 90 
59 93 
59 94 
59 95 
59 99 
60 62 
60 64 
60 66 
60 68 
60 70 
60 73 
60 76 
60 86 
60 87 
60 91 
60 96 
60 98 
60 99 
61 62 
61 68 
61 69 
61 71 
61 74 
61 75 
61 78 
61 80 
61 81 
61 88 
61 89 
61 93 
61 95 
61 96 
61 99 
61 100 
62 63 
62 69 
62 73 
62 74 
62 75 
62 79 
62 82 
62 83 
62 84 
62 89 
62 91 
62 94 
62 97 
62 99 
62 100 
63 64 
63 65 
63 70 
63 75 
63 77 
63 78 
63 86 
63 89 
63 90 
63 91 
63 93 
63 94 
63 98 
63 99 
63 100 
64 68 
64 72 
64 73 
64 77 
64 78 
64 79 
64 82 
64 84 
64 85 
64 87 
64 88 
64 89 
64 90 
64 93 
64 99 
65 68 
65 72 
65 73 
65 74 
65 76 
65 77 
65 78 
65 79 
65 83 
65 95 
65 99 
66 68 
66 71 
66 72 
66 73 
66 78 
66 82 
66 83 
66 85 
66 88 
66 90 
66 91 
66 96 
67 71 
67 73 
67 75 
67 76 
67 77 
67 78 
67 83 
67 85 
67 86 
67 87 
67 89 
67 90 
67 91 
67 94 
67 95 
68 72 
68 79 
68 80 
68 81 
68 84 
68 88 
68 90 
68 91 
68 92 
68 94 
68 96 
68 99 
69 71 
69 72 
69 73 
69 77 
69 79 
69 80 
69 81 
69 85 
69 86 
69 90 
69 91 
69 94 
69 96 
69 98 
69 99 
69 100 
70 71 
70 72 
70 73 
70 74 
70 77 
70 79 
70 80 
70 81 
70 84 
70 85 
70 90 
70 94 
71 73 
71 75 
71 76 
71 80 
71 81 
71 82 
71 83 
71 84 
71 91 
71 92 
71 94 
71 95 
71 97 
71 98 
72 77 
72 80 
72 82 
72 85 
72 86 
72 87 
72 90 
72 95 
72 96 
73 90 
73 91 
73 94 
73 95 
73 97 
73 98 
73 99 
74 83 
74 85 
74 86 
74 87 
74 88 
74 89 
74 90 
74 92 
74 95 
74 99 
75 77 
75 78 
75 80 
75 82 
75 87 
75 88 
75 89 
75 90 
75 92 
75 93 
75 94 
75 96 
75 99 
75 100 
76 77 
76 82 
76 83 
76 84 
76 85 
76 89 
76 91 
76 93 
76 94 
76 97 
76 99 
77 79 
77 80 
77 84 
77 86 
77 87 
77 88 
77 91 
77 92 
77 93 
77 95 
77 96 
77 98 
77 100 
78 79 
78 80 
78 82 
78 85 
78 86 
78 87 
78 88 
78 90 
78 91 
78 95 
78 96 
78 98 
79 80 
79 82 
79 84 
79 93 
79 95 
79 97 
79 98 
79 99 
80 89 
80 92 
80 93 
80 94 
80 95 
80 96 
80 97 
80 100 
81 82 
81 83 
81 84 
81 87 
81 88 
81 92 
81 99 
81 100 
82 83 
82 84 
82 89 
82 90 
82 94 
82 99 
83 85 
83 89 
83 91 
83 94 
83 97 
83 100 
84 85 
84 86 
84 87 
84 88 
84 89 
84 91 
84 92 
84 93 
84 99 
84 100 
85 86 
85 87 
85 88 
85 90 
85 97 
85 98 
86 88 
86 89 
86 90 
86 96 
87 88 
87 100 
88 98 
89 90 
89 91 
89 94 
89 95 
89 100 
90 92 
90 93 
90 94 
90 98 
90 100 
91 93 
91 96 
92 94 
92 97 
92 98 
93 96 
93 97 
93 98 
93 99 
93 100 
95 98 
96 99 
96 100 
97 98 
98 99 
