nNodes=80;
 nPairs=925;
Cost=

81  0  0  0  0  81  0  0  0  0  0  0  0  0  0  0  81  81  81  0  81  0  81  0  81  0  81  0  0  0  0  0  0  0  0  0  81  81  0  0  0  0  0  0  81  81  81  0  81  0  81  0  81  81  0  81  81  0  0  81  0  0  0  0  81  0  0  81  0  81  0  81  0  0  81  0  0  0  0  0  

0  81  0  0  0  0  81  81  0  0  0  0  81  0  0  0  0  0  0  81  0  0  81  0  0  0  0  0  0  0  81  81  0  0  81  81  0  81  81  0  0  0  0  0  0  0  81  81  0  81  0  0  0  0  0  0  81  0  81  81  0  0  0  0  0  0  0  0  0  0  0  0  81  0  0  0  0  0  0  0  

0  0  81  0  0  81  0  0  81  81  81  81  81  0  0  81  81  81  0  0  81  0  0  0  81  0  0  0  0  0  81  0  0  0  0  0  0  0  0  0  0  0  0  0  81  81  0  81  81  81  0  0  0  0  0  81  0  81  0  0  81  0  0  0  0  0  0  81  81  0  0  81  81  0  81  0  0  0  0  0  

0  0  0  81  0  0  0  0  0  0  0  0  0  81  81  0  81  0  0  0  0  81  0  0  0  0  0  0  0  0  0  0  0  0  0  0  81  81  0  81  0  81  0  0  0  0  81  0  0  81  0  81  0  81  81  81  0  0  0  0  0  0  0  0  0  81  0  0  81  0  0  0  0  0  81  0  0  0  0  0  

0  0  0  0  81  81  0  0  81  0  0  81  0  0  81  0  0  0  81  0  0  0  0  81  0  0  0  81  0  81  0  0  81  0  0  0  0  0  0  0  81  81  0  0  0  0  0  0  81  0  81  0  81  0  81  81  81  0  0  81  81  81  0  0  0  0  81  81  0  81  0  0  81  0  0  0  81  0  0  0  

81  0  81  0  81  81  0  0  0  0  0  0  0  0  0  0  0  0  0  0  81  0  81  81  81  81  81  0  0  0  0  81  81  0  0  0  0  81  0  0  0  81  81  0  0  81  81  81  0  0  81  0  0  81  0  0  0  81  81  81  81  0  0  0  81  0  0  0  81  0  0  0  0  0  0  0  81  0  0  81  

0  81  0  0  0  0  81  0  0  0  0  81  0  0  0  0  0  0  0  81  0  0  0  81  81  81  81  0  81  81  81  0  0  0  0  0  0  0  81  0  0  0  81  81  0  0  81  0  0  0  0  0  0  0  0  0  81  81  0  0  0  81  81  0  0  81  0  0  0  81  0  0  81  0  81  0  81  0  81  0  

0  81  0  0  0  0  0  81  0  0  81  81  0  0  0  0  81  0  81  0  0  0  81  0  0  0  0  0  0  0  81  0  0  0  0  0  81  0  0  0  0  81  81  0  81  81  0  0  81  0  0  0  0  81  0  0  0  81  0  0  81  0  0  0  0  0  0  0  0  81  0  81  81  0  0  0  0  0  81  81  

0  0  81  0  81  0  0  0  81  0  0  81  81  0  81  0  0  0  0  0  81  0  0  0  0  0  0  0  0  0  81  0  0  0  0  0  0  0  0  81  81  0  0  0  0  0  0  0  0  0  81  81  0  0  0  0  0  0  81  81  0  0  0  0  0  0  0  0  0  81  81  81  0  0  0  0  0  0  0  0  

0  0  81  0  0  0  0  0  0  81  0  0  81  0  81  0  0  0  0  0  0  0  0  81  81  0  0  81  0  0  0  0  81  0  0  81  0  0  81  0  81  0  0  0  81  0  81  81  0  0  81  0  0  0  0  0  81  0  81  81  81  0  0  0  0  0  0  0  0  0  81  0  0  81  0  0  0  0  0  0  

0  0  81  0  0  0  0  81  0  0  81  0  81  81  81  0  81  0  0  0  0  0  0  0  0  81  0  0  81  0  0  0  0  0  0  0  0  0  81  0  0  0  0  0  0  81  0  0  0  0  81  81  81  0  0  0  0  81  0  0  0  0  0  0  0  81  0  0  0  0  0  0  81  81  81  81  0  81  0  0  

0  0  81  0  81  0  81  81  81  0  0  81  81  0  0  0  81  0  81  0  0  81  0  0  81  0  81  0  0  0  0  81  81  0  81  0  0  0  0  0  0  81  0  81  0  81  0  0  0  81  81  0  0  81  0  0  0  81  81  0  81  0  81  0  0  81  0  0  0  81  81  81  0  81  0  81  0  0  81  0  

0  81  81  0  0  0  0  0  81  81  81  81  81  0  0  81  0  81  81  0  81  0  0  0  0  0  0  0  0  0  0  0  0  81  81  0  81  0  0  0  81  0  81  0  0  0  0  0  0  0  0  81  0  81  0  0  81  0  0  0  81  0  81  0  0  0  0  0  0  0  81  0  81  0  81  81  0  0  0  81  

0  0  0  81  0  0  0  0  0  0  81  0  0  81  0  0  0  0  0  0  81  0  0  0  0  0  0  0  0  81  81  0  0  0  81  81  0  81  0  81  0  0  81  0  81  0  0  0  0  81  0  0  0  0  81  0  0  0  0  0  0  81  0  0  0  81  0  0  81  81  0  0  0  81  81  0  0  0  81  0  

0  0  0  81  81  0  0  0  81  81  81  0  0  0  81  81  0  0  0  0  81  81  0  0  0  0  0  0  0  0  0  81  0  0  0  0  0  0  0  0  0  0  81  81  0  0  0  0  81  0  0  0  0  0  0  0  0  0  0  81  0  81  0  0  0  81  0  0  81  0  81  0  0  0  0  81  81  0  0  0  

0  0  81  0  0  0  0  0  0  0  0  0  81  0  81  81  81  0  0  0  0  0  0  0  0  0  81  0  0  81  81  0  0  81  0  0  81  0  81  81  0  0  81  0  0  0  0  81  0  81  0  81  81  0  0  81  81  0  0  0  0  0  0  0  81  0  0  0  0  0  81  0  81  0  0  81  81  81  0  0  

81  0  81  81  0  0  0  81  0  0  81  81  0  0  0  81  81  0  0  0  0  0  0  0  81  0  0  0  0  0  0  0  81  81  0  0  0  81  0  81  0  81  0  81  0  0  0  0  0  81  0  81  0  81  81  81  0  0  81  81  0  0  0  0  0  81  0  81  0  0  0  0  0  0  81  0  0  81  0  0  

81  0  81  0  0  0  0  0  0  0  0  0  81  0  0  0  0  81  0  0  0  0  0  81  0  0  0  81  81  81  0  81  0  0  81  0  0  0  0  0  81  81  0  0  81  81  0  0  0  81  81  0  81  0  0  81  81  81  0  81  0  0  0  81  0  81  0  0  0  0  81  81  0  0  0  0  81  0  0  0  

81  0  0  0  81  0  0  81  0  0  0  81  81  0  0  0  0  0  81  81  81  0  81  81  0  0  0  81  0  0  0  0  0  81  0  0  0  81  0  0  0  0  0  81  0  0  0  0  0  0  0  0  81  0  81  0  0  81  81  0  0  81  0  81  0  0  81  81  0  81  0  81  81  81  0  0  0  0  0  81  

0  81  0  0  0  0  81  0  0  0  0  0  0  0  0  0  0  0  81  81  0  0  81  0  0  81  0  0  0  0  81  0  0  0  0  0  0  0  0  0  0  81  0  0  0  0  81  0  0  0  0  0  0  81  81  81  0  0  0  0  0  0  81  0  81  81  0  0  0  0  0  0  0  0  0  0  0  0  81  0  

81  0  81  0  0  81  0  0  81  0  0  0  81  81  81  0  0  0  81  0  81  0  81  0  0  0  0  81  81  0  0  0  81  81  0  0  0  81  81  0  81  81  81  81  81  0  0  0  0  0  0  0  0  0  81  0  0  0  0  0  81  81  81  0  0  0  0  81  0  0  81  0  0  0  81  0  0  0  0  81  

0  0  0  81  0  0  0  0  0  0  0  81  0  0  81  0  0  0  0  0  0  81  0  81  0  81  81  0  81  0  0  0  0  0  0  0  0  81  0  81  0  0  0  0  0  81  81  81  81  81  0  0  0  81  0  0  0  0  0  0  0  0  0  81  81  0  81  0  0  0  81  0  0  0  0  0  0  81  0  0  

81  81  0  0  0  81  0  81  0  0  0  0  0  0  0  0  0  0  81  81  81  0  81  81  81  0  0  81  0  81  81  81  0  0  81  0  0  0  0  0  0  0  0  0  0  81  81  0  0  81  0  81  0  81  0  0  0  81  0  0  0  0  0  0  0  0  0  81  0  0  81  81  0  0  81  81  0  81  0  81  

0  0  0  0  81  81  81  0  0  81  0  0  0  0  0  0  0  81  81  0  0  81  81  81  0  81  0  81  0  0  0  0  0  81  0  0  0  81  0  0  0  81  0  81  81  0  0  0  81  0  0  0  81  0  81  0  0  0  0  0  0  0  0  0  0  0  0  0  0  81  0  0  0  0  0  0  81  81  81  0  

81  0  81  0  0  81  81  0  0  81  0  81  0  0  0  0  81  0  0  0  0  0  81  0  81  0  0  0  0  0  81  81  0  0  0  0  81  0  0  81  81  81  0  81  81  0  0  0  0  0  0  0  81  0  0  81  0  0  0  0  0  0  81  0  81  0  0  0  0  0  81  0  0  0  81  0  0  81  0  0  

0  0  0  0  0  81  81  0  0  0  81  0  0  0  0  0  0  0  0  81  0  81  0  81  0  81  0  81  0  0  0  0  0  0  0  81  81  81  0  81  0  0  81  0  0  81  81  0  81  81  0  0  0  81  0  0  0  0  81  0  0  0  0  0  81  81  0  81  81  0  0  81  0  0  0  0  0  0  0  0  

81  0  0  0  0  81  81  0  0  0  0  81  0  0  0  81  0  0  0  0  0  81  0  0  0  0  81  0  0  0  0  81  0  0  81  0  0  0  0  0  81  81  0  0  0  0  0  81  81  0  81  0  0  81  0  0  0  0  0  0  0  0  0  0  0  0  0  81  0  81  0  0  81  0  0  81  0  0  0  0  

0  0  0  0  81  0  0  0  0  81  0  0  0  0  0  0  0  81  81  0  81  0  81  81  0  81  0  81  81  0  0  0  0  0  0  0  0  0  0  81  0  0  0  81  0  81  0  0  0  0  81  0  81  0  81  0  0  0  0  0  0  0  0  81  81  81  0  0  0  0  0  0  0  81  81  0  0  0  0  0  

0  0  0  0  0  0  81  0  0  0  81  0  0  0  0  0  0  81  0  0  81  81  0  0  0  0  0  81  81  0  81  81  0  0  0  0  0  81  0  0  81  81  0  0  81  81  81  81  0  0  0  81  81  0  81  81  0  81  0  0  81  0  0  0  0  0  0  0  0  0  0  0  81  81  0  0  0  0  0  0  

0  0  0  0  81  0  81  0  0  0  0  0  0  81  0  81  0  81  0  0  0  0  81  0  0  0  0  0  0  81  81  0  0  0  0  0  0  0  0  0  0  0  81  0  0  0  0  81  81  0  81  81  0  0  0  81  0  0  0  0  0  0  81  0  0  0  81  81  81  0  0  81  0  0  0  0  81  0  0  81  

0  81  81  0  0  0  81  81  81  0  0  0  0  81  0  81  0  0  0  81  0  0  81  0  81  0  0  0  81  81  81  0  0  0  0  0  0  81  0  81  0  0  0  81  81  0  81  81  0  0  0  81  81  0  0  0  0  81  0  0  0  0  0  0  81  0  81  0  0  0  0  0  0  81  81  0  0  0  0  81  

0  81  0  0  0  81  0  0  0  0  0  81  0  0  81  0  0  81  0  0  0  0  81  0  81  0  81  0  81  0  0  81  0  81  0  0  81  0  0  81  81  0  0  81  81  0  0  0  81  81  0  0  0  0  0  81  81  81  81  0  0  81  81  81  0  0  0  0  0  81  0  0  81  81  0  0  81  0  0  0  

0  0  0  0  81  81  0  0  0  81  0  81  0  0  0  0  81  0  0  0  81  0  0  0  0  0  0  0  0  0  0  0  81  0  0  81  0  0  0  0  81  0  0  0  0  0  0  81  0  0  0  0  0  0  0  0  0  0  0  0  81  0  0  0  81  81  0  0  81  81  0  0  0  0  81  0  0  0  0  81  

0  0  0  0  0  0  0  0  0  0  0  0  81  0  0  81  81  0  81  0  81  0  0  81  0  0  0  0  0  0  0  81  0  81  0  81  0  0  0  0  0  81  0  0  0  0  0  81  81  0  0  81  0  81  0  0  0  0  0  0  0  0  81  0  0  0  81  0  0  0  0  0  81  0  0  81  0  0  0  81  

0  81  0  0  0  0  0  0  0  0  0  81  81  81  0  0  0  81  0  0  0  0  81  0  0  0  81  0  0  0  0  0  0  0  81  0  0  0  0  0  81  0  0  0  0  0  0  81  0  0  81  0  81  0  81  81  0  0  0  0  0  0  0  0  81  0  0  0  0  0  0  0  0  0  0  0  0  0  81  81  

0  81  0  0  0  0  0  0  0  81  0  0  0  81  0  0  0  0  0  0  0  0  0  0  0  81  0  0  0  0  0  0  81  81  0  81  0  0  0  81  81  0  81  0  0  0  81  81  0  81  81  0  0  81  0  0  81  0  81  0  0  0  0  0  0  0  0  81  0  0  0  0  81  0  0  81  0  0  0  0  

81  0  0  81  0  0  0  81  0  0  0  0  81  0  0  81  0  0  0  0  0  0  0  0  81  81  0  0  0  0  0  81  0  0  0  0  81  0  81  81  0  0  0  0  81  0  0  0  81  0  81  81  0  0  0  81  81  0  81  81  0  0  0  0  81  0  81  0  81  81  81  0  0  0  0  0  0  81  0  0  

81  81  0  81  0  81  0  0  0  0  0  0  0  81  0  0  81  0  81  0  81  81  0  81  0  81  0  0  81  0  81  0  0  0  0  0  0  81  0  81  0  0  0  0  81  81  0  0  0  0  0  0  81  81  81  0  81  0  0  0  0  81  81  0  0  0  81  0  0  0  0  0  0  81  0  0  0  0  0  81  

0  81  0  0  0  0  81  0  0  81  81  0  0  0  0  81  0  0  0  0  81  0  0  0  0  0  0  0  0  0  0  0  0  0  0  0  81  0  81  0  81  81  0  81  81  81  0  0  0  0  81  81  0  0  81  0  0  0  0  0  0  0  0  0  0  0  0  0  81  81  0  0  0  0  0  0  0  81  81  0  

0  0  0  81  0  0  0  0  81  0  0  0  0  81  0  81  81  0  0  0  0  81  0  0  81  81  0  81  0  0  81  81  0  0  0  81  81  81  0  81  0  0  0  0  81  81  0  81  0  0  81  0  81  0  81  0  81  0  0  0  81  0  0  0  0  81  0  0  0  81  0  0  0  81  0  0  0  0  0  0  

0  0  0  0  81  0  0  0  81  81  0  0  81  0  0  0  0  81  0  0  81  0  0  0  81  0  81  0  81  0  0  81  81  0  81  81  0  0  81  0  81  81  0  0  0  0  0  81  0  0  81  0  0  81  0  0  0  0  81  81  0  0  0  0  0  81  81  0  81  0  0  0  0  0  0  0  0  81  0  0  

0  0  0  81  81  81  0  81  0  0  0  81  0  0  0  0  81  81  0  81  81  0  0  81  81  0  81  0  81  0  0  0  0  81  0  0  0  0  81  0  81  81  0  0  81  0  0  0  0  0  0  0  0  0  81  0  81  0  81  0  81  0  81  0  81  81  0  0  0  0  0  81  81  0  0  81  0  81  81  0  

0  0  0  0  0  81  81  81  0  0  0  0  81  81  81  81  0  0  0  0  81  0  0  0  0  81  0  0  0  81  0  0  0  0  0  81  0  0  0  0  0  0  81  0  81  81  81  0  0  0  81  0  0  0  81  0  0  0  81  0  0  0  0  0  0  81  0  0  0  81  0  0  0  0  0  0  81  81  81  0  

0  0  0  0  0  0  81  0  0  0  0  81  0  0  81  0  81  0  81  0  81  0  0  81  81  0  0  81  0  0  81  81  0  0  0  0  0  0  81  0  0  0  0  81  81  0  0  81  0  81  81  0  81  0  81  0  0  81  81  0  0  0  0  81  81  0  0  81  0  81  0  0  0  81  81  0  0  0  0  81  

81  0  81  0  0  0  0  81  0  81  0  0  0  81  0  0  0  81  0  0  81  0  0  81  81  0  0  0  81  0  81  81  0  0  0  0  81  81  81  81  0  81  81  81  81  0  81  81  0  0  81  0  0  81  81  81  81  81  0  0  0  0  0  0  81  0  0  81  0  0  81  0  0  81  0  81  81  0  81  81  

81  0  81  0  0  81  0  81  0  0  81  81  0  0  0  0  0  81  0  0  0  81  81  0  0  81  0  81  81  0  0  0  0  0  0  0  0  81  81  81  0  0  81  0  0  81  0  81  0  81  0  0  81  0  81  0  81  0  81  0  0  0  0  0  0  0  81  0  0  0  0  0  81  81  81  0  0  81  0  0  

81  81  0  81  0  81  81  0  0  81  0  0  0  0  0  0  0  0  0  81  0  81  81  0  0  81  0  0  81  0  81  0  0  0  0  81  0  0  0  0  0  0  81  0  81  0  81  0  0  81  81  0  81  81  0  0  81  81  0  81  81  0  0  0  81  81  0  0  81  0  81  0  0  0  0  0  0  0  0  81  

0  81  81  0  0  81  0  0  0  81  0  0  0  0  0  81  0  0  0  0  0  81  0  0  0  0  81  0  81  81  81  0  81  81  81  81  0  0  0  81  81  0  0  81  81  81  0  81  0  0  0  0  0  81  0  0  0  0  0  0  0  0  0  0  0  0  81  0  0  81  81  81  81  81  0  81  0  0  0  0  

81  0  81  0  81  0  0  81  0  0  0  0  0  0  81  0  0  0  0  0  0  81  0  81  0  81  81  0  0  81  0  81  0  81  0  0  81  0  0  0  0  0  0  0  0  0  0  0  81  81  0  0  0  0  0  81  81  81  0  0  0  0  81  0  0  0  0  81  0  81  81  0  0  0  81  81  0  0  0  81  

0  81  81  81  0  0  0  0  0  0  0  81  0  81  0  81  81  81  0  0  0  81  81  0  0  81  0  0  0  0  0  81  0  0  0  81  0  0  0  0  0  0  0  81  0  81  81  0  81  81  0  0  81  81  0  0  0  0  0  81  0  81  0  0  0  81  81  0  0  0  0  0  0  0  0  0  81  0  0  0  

81  0  0  0  81  81  0  0  81  81  81  81  0  0  0  0  0  81  0  0  0  0  0  0  0  0  81  81  0  81  0  0  0  0  81  81  81  0  81  81  81  0  81  81  81  0  81  0  0  0  81  81  0  0  0  0  0  81  0  0  81  0  0  0  0  81  81  0  0  0  0  0  0  81  0  0  81  0  0  0  

0  0  0  81  0  0  0  0  81  0  81  0  81  0  0  81  81  0  0  0  0  0  81  0  0  0  0  0  81  81  81  0  0  81  0  0  81  0  81  0  0  0  0  0  0  0  0  0  0  0  81  81  0  0  0  0  0  0  81  0  0  81  0  81  0  81  0  0  0  0  81  0  0  81  0  0  0  81  0  0  

81  0  0  0  81  0  0  0  0  0  81  0  0  0  0  81  0  81  81  0  0  0  0  81  81  0  0  81  81  0  81  0  0  0  81  0  0  81  0  81  0  0  0  81  0  81  81  0  0  81  0  0  81  0  81  0  0  0  0  0  0  0  81  0  81  81  0  81  81  81  0  0  81  0  0  0  81  81  81  81  

81  0  0  81  0  81  0  81  0  0  0  81  81  0  0  0  81  0  0  81  0  81  81  0  0  81  81  0  0  0  0  0  0  81  0  81  0  81  0  0  81  0  0  0  81  0  81  81  0  81  0  0  0  81  0  0  0  81  81  81  0  0  0  81  0  0  0  0  0  0  0  0  0  0  0  0  0  0  0  0  

0  0  0  81  81  0  0  0  0  0  0  0  0  81  0  0  81  0  81  81  81  0  0  81  0  0  0  81  81  0  0  0  0  0  81  0  0  81  81  81  0  81  81  81  81  81  0  0  0  0  0  0  81  0  81  0  81  81  0  0  81  0  0  0  0  81  0  0  81  0  0  0  0  81  81  0  81  0  0  0  

81  0  81  81  81  0  0  0  0  0  0  0  0  0  0  81  81  81  0  81  0  0  0  0  81  0  0  0  81  81  0  81  0  0  81  0  81  0  0  0  0  0  0  0  81  0  0  0  81  0  0  0  0  0  0  81  81  0  0  81  0  0  81  0  81  81  0  0  81  0  0  0  81  0  0  81  81  0  81  0  

81  81  0  0  81  0  81  0  0  81  0  0  81  0  0  81  0  81  0  0  0  0  0  0  0  0  0  0  0  0  0  81  0  0  0  81  81  81  0  81  0  81  0  0  81  81  81  0  81  0  0  0  0  0  81  81  81  81  0  0  81  0  81  0  0  0  81  0  0  0  0  81  81  0  81  81  0  81  81  0  

0  0  81  0  0  81  81  81  0  0  81  81  0  0  0  0  0  81  81  0  0  0  81  0  0  0  0  0  81  0  81  81  0  0  0  0  0  0  0  0  0  0  0  81  81  0  81  0  81  0  81  0  0  81  81  0  81  81  0  0  0  0  0  0  0  81  0  0  81  81  0  0  0  0  0  0  0  81  81  81  

0  81  0  0  0  81  0  0  81  81  0  81  0  0  0  0  81  0  81  0  0  0  0  0  0  81  0  0  0  0  0  81  0  0  0  81  81  0  0  0  81  81  81  81  0  81  0  0  0  0  0  81  0  81  0  0  0  0  81  0  0  0  0  81  0  81  0  0  81  81  81  0  0  0  81  0  0  0  0  0  

81  81  0  0  81  81  0  0  81  81  0  0  0  0  81  0  81  81  0  0  0  0  0  0  0  0  0  0  0  0  0  0  0  0  0  0  81  0  0  0  81  0  0  0  0  0  81  0  0  81  0  0  0  81  0  81  0  0  0  81  0  0  81  0  0  0  0  0  0  81  81  0  0  0  0  0  0  81  0  0  

0  0  81  0  81  81  0  81  0  81  0  81  81  0  0  0  0  0  0  0  81  0  0  0  0  0  0  0  81  0  0  0  81  0  0  0  0  0  0  81  0  81  0  0  0  0  81  0  0  0  81  0  0  0  81  0  81  0  0  0  81  0  81  81  81  81  0  81  81  0  0  0  81  81  81  0  81  0  0  0  

0  0  0  0  81  0  81  0  0  0  0  0  0  81  81  0  0  0  81  0  81  0  0  0  0  0  0  0  0  0  0  81  0  0  0  0  0  81  0  0  0  0  0  0  0  0  0  0  0  81  0  81  0  0  0  0  0  0  0  0  0  81  0  0  81  81  0  0  0  0  0  81  0  0  0  0  0  0  0  0  

0  0  0  0  0  0  81  0  0  0  0  81  81  0  0  0  0  0  0  81  81  0  0  0  81  0  0  0  0  81  0  81  0  81  0  0  0  81  0  0  0  81  0  0  0  0  0  0  81  0  0  0  81  0  0  81  81  0  0  81  81  0  81  81  0  81  0  0  81  0  0  0  81  0  81  0  81  0  0  0  

0  0  0  0  0  0  0  0  0  0  0  0  0  0  0  0  0  81  81  0  0  81  0  0  0  0  0  81  0  0  0  81  0  0  0  0  0  0  0  0  0  0  0  81  0  0  0  0  0  0  0  81  0  81  0  0  0  0  81  0  81  0  81  81  0  81  81  0  0  81  0  81  0  0  81  0  0  0  0  0  

81  0  0  0  0  81  0  0  0  0  0  0  0  0  0  81  0  0  0  81  0  81  0  0  81  81  0  81  0  0  81  0  81  0  81  0  81  0  0  0  0  81  0  81  81  0  81  0  0  0  0  0  81  0  0  81  0  0  0  0  81  81  0  0  81  81  0  0  0  0  0  0  0  0  0  0  0  0  0  0  

0  0  0  81  0  0  81  0  0  0  81  81  0  81  81  0  81  81  0  81  0  0  0  0  0  81  0  81  0  0  0  0  81  0  0  0  0  0  0  81  81  81  81  0  0  0  81  0  0  81  81  81  81  0  81  81  0  81  81  0  81  81  81  81  81  81  0  81  0  81  81  0  0  0  0  0  0  0  0  0  

0  0  0  0  81  0  0  0  0  0  0  0  0  0  0  0  0  0  81  0  0  81  0  0  0  0  0  0  0  81  81  0  0  81  0  0  81  81  0  0  81  0  0  0  0  81  0  81  0  81  81  0  0  0  0  0  81  0  0  0  0  0  0  81  0  0  81  0  0  0  0  81  0  81  81  0  0  0  0  81  

81  0  81  0  81  0  0  0  0  0  0  0  0  0  0  0  81  0  81  0  81  0  81  0  0  81  81  0  0  81  0  0  0  0  0  81  0  0  0  0  0  0  0  81  81  0  0  0  81  0  0  0  81  0  0  0  0  0  0  0  81  0  0  0  0  81  0  81  81  81  81  0  0  0  0  0  0  0  0  0  

0  0  81  81  0  81  0  0  0  0  0  0  0  81  81  0  0  0  0  0  0  0  0  0  0  81  0  0  0  81  0  0  81  0  0  0  81  0  81  0  81  0  0  0  0  0  81  0  0  0  0  0  81  0  81  81  0  81  81  0  81  0  81  0  0  0  0  81  81  0  0  0  0  0  0  0  0  0  0  0  

81  0  0  0  81  0  81  81  81  0  0  81  0  81  0  0  0  0  81  0  0  0  0  81  0  0  81  0  0  0  0  81  81  0  0  0  81  0  81  81  0  0  81  81  0  0  0  81  81  0  0  0  81  0  0  0  0  81  81  81  0  0  0  81  0  81  0  81  0  81  0  81  0  0  0  81  81  0  0  0  

0  0  0  0  0  0  0  0  81  81  0  81  81  0  81  81  0  81  0  0  81  81  81  0  81  0  0  0  0  0  0  0  0  0  0  0  81  0  0  0  0  0  0  0  81  0  81  81  81  0  0  81  0  0  0  0  0  0  81  81  0  0  0  0  0  81  0  81  0  0  81  0  0  81  0  0  0  0  81  81  

81  0  81  0  0  0  0  81  81  0  0  81  0  0  0  0  0  81  81  0  0  0  81  0  0  81  0  0  0  81  0  0  0  0  0  0  0  0  0  0  0  81  0  0  0  0  0  81  0  0  0  0  0  0  0  0  81  0  0  0  0  81  0  81  0  0  81  0  0  81  0  81  0  0  81  0  0  0  81  0  

0  81  81  0  81  0  81  81  0  0  81  0  81  0  0  81  0  0  81  0  0  0  0  0  0  0  81  0  81  0  0  81  0  81  0  81  0  0  0  0  0  81  0  0  0  81  0  81  0  0  0  0  81  0  0  81  81  0  0  0  81  0  81  0  0  0  0  0  0  0  0  0  81  81  81  81  0  0  0  0  

0  0  0  0  0  0  0  0  0  81  81  81  0  81  0  0  0  0  81  0  0  0  0  0  0  0  0  81  81  0  81  81  0  0  0  0  0  81  0  81  0  0  0  81  81  81  0  81  0  0  81  81  0  0  81  0  0  0  0  0  81  0  0  0  0  0  81  0  0  0  81  0  81  81  0  0  0  0  81  81  

81  0  81  81  0  0  81  0  0  0  81  0  81  81  0  0  81  0  0  0  81  0  81  0  81  0  0  81  0  0  81  0  81  0  0  0  0  0  0  0  0  0  0  81  0  81  0  0  81  0  0  0  0  0  81  0  81  0  81  0  81  0  81  81  0  0  81  0  0  0  0  81  81  0  81  0  81  0  0  0  

0  0  0  0  0  0  0  0  0  0  81  81  81  0  81  81  0  0  0  0  0  0  81  0  0  0  81  0  0  0  0  0  0  81  0  81  0  0  0  0  0  81  0  0  81  0  0  81  81  0  0  0  0  0  0  81  81  0  0  0  0  0  0  0  0  0  0  0  0  81  0  0  81  0  0  81  81  0  0  81  

0  0  0  0  81  81  81  0  0  0  0  0  0  0  81  81  0  81  0  0  0  0  0  81  0  0  0  0  0  81  0  81  0  0  0  0  0  0  0  0  0  0  81  0  81  0  0  0  0  81  81  0  81  0  81  81  0  0  0  0  81  0  81  0  0  0  0  0  0  81  0  0  0  0  81  81  81  0  81  0  

0  0  0  0  0  0  0  0  0  0  81  0  0  0  0  81  81  0  0  0  0  81  81  81  81  0  0  0  0  0  0  0  0  0  0  0  81  0  81  0  81  81  81  0  0  81  0  0  0  0  0  81  81  0  0  0  81  81  0  81  0  0  0  0  0  0  0  0  0  0  0  0  0  0  0  0  0  81  0  0  

0  0  0  0  0  0  81  81  0  0  0  81  0  81  0  0  0  0  0  81  0  0  0  81  0  0  0  0  0  0  0  0  0  0  81  0  0  0  81  0  0  81  81  0  81  0  0  0  0  0  0  0  81  0  0  81  81  81  0  0  0  0  0  0  0  0  0  0  0  0  81  81  0  81  0  0  81  0  81  0  

0  0  0  0  0  81  0  81  0  0  0  0  81  0  0  0  0  0  81  0  81  0  81  0  0  0  0  0  0  81  81  0  81  81  81  0  0  81  0  0  0  0  0  81  81  0  81  0  81  0  0  0  81  0  0  0  0  81  0  0  0  0  0  0  0  0  81  0  0  0  81  0  0  81  0  81  0  0  0  81  

UnPairedArc=
1 6 
1 17 
1 18 
1 19 
1 21 
1 23 
1 25 
1 27 
1 37 
1 38 
1 45 
1 46 
1 47 
1 49 
1 51 
1 53 
1 54 
1 56 
1 57 
1 60 
1 65 
1 68 
1 70 
1 72 
1 75 
2 7 
2 8 
2 13 
2 20 
2 23 
2 31 
2 32 
2 35 
2 36 
2 38 
2 39 
2 47 
2 48 
2 50 
2 57 
2 59 
2 60 
2 73 
3 6 
3 9 
3 10 
3 11 
3 12 
3 13 
3 16 
3 17 
3 18 
3 21 
3 25 
3 31 
3 45 
3 46 
3 48 
3 49 
3 50 
3 56 
3 58 
3 61 
3 68 
3 69 
3 72 
3 73 
3 75 
4 14 
4 15 
4 17 
4 22 
4 37 
4 38 
4 40 
4 42 
4 47 
4 50 
4 52 
4 54 
4 55 
4 56 
4 66 
4 69 
4 75 
5 6 
5 9 
5 12 
5 15 
5 19 
5 24 
5 28 
5 30 
5 33 
5 41 
5 42 
5 49 
5 51 
5 53 
5 55 
5 56 
5 57 
5 60 
5 61 
5 62 
5 67 
5 68 
5 70 
5 73 
5 77 
6 21 
6 23 
6 24 
6 25 
6 26 
6 27 
6 32 
6 33 
6 38 
6 42 
6 43 
6 46 
6 47 
6 48 
6 51 
6 54 
6 58 
6 59 
6 60 
6 61 
6 65 
6 69 
6 77 
6 80 
7 12 
7 20 
7 24 
7 25 
7 26 
7 27 
7 29 
7 30 
7 31 
7 39 
7 43 
7 44 
7 47 
7 57 
7 58 
7 62 
7 63 
7 66 
7 70 
7 73 
7 75 
7 77 
7 79 
8 11 
8 12 
8 17 
8 19 
8 23 
8 31 
8 37 
8 42 
8 43 
8 45 
8 46 
8 49 
8 54 
8 58 
8 61 
8 70 
8 72 
8 73 
8 79 
8 80 
9 12 
9 13 
9 15 
9 21 
9 31 
9 40 
9 41 
9 51 
9 52 
9 59 
9 60 
9 70 
9 71 
9 72 
10 13 
10 15 
10 24 
10 25 
10 28 
10 33 
10 36 
10 39 
10 41 
10 45 
10 47 
10 48 
10 51 
10 57 
10 59 
10 60 
10 61 
10 71 
10 74 
11 13 
11 14 
11 15 
11 17 
11 26 
11 29 
11 39 
11 46 
11 51 
11 52 
11 53 
11 58 
11 66 
11 73 
11 74 
11 75 
11 76 
11 78 
12 13 
12 17 
12 19 
12 22 
12 25 
12 27 
12 32 
12 33 
12 35 
12 42 
12 44 
12 46 
12 50 
12 51 
12 54 
12 58 
12 59 
12 61 
12 63 
12 66 
12 70 
12 71 
12 72 
12 74 
12 76 
12 79 
13 16 
13 18 
13 19 
13 21 
13 34 
13 35 
13 37 
13 41 
13 43 
13 52 
13 54 
13 57 
13 61 
13 63 
13 71 
13 73 
13 75 
13 76 
13 80 
14 21 
14 30 
14 31 
14 35 
14 36 
14 38 
14 40 
14 43 
14 45 
14 50 
14 55 
14 62 
14 66 
14 69 
14 70 
14 74 
14 75 
14 79 
15 16 
15 21 
15 22 
15 32 
15 43 
15 44 
15 49 
15 60 
15 62 
15 66 
15 69 
15 71 
15 76 
15 77 
16 17 
16 27 
16 30 
16 31 
16 34 
16 37 
16 39 
16 40 
16 43 
16 48 
16 50 
16 52 
16 53 
16 56 
16 57 
16 65 
16 71 
16 73 
16 76 
16 77 
16 78 
17 25 
17 33 
17 34 
17 38 
17 40 
17 42 
17 44 
17 50 
17 52 
17 54 
17 55 
17 56 
17 59 
17 60 
17 66 
17 68 
17 75 
17 78 
18 24 
18 28 
18 29 
18 30 
18 32 
18 35 
18 41 
18 42 
18 45 
18 46 
18 50 
18 51 
18 53 
18 56 
18 57 
18 58 
18 60 
18 64 
18 66 
18 71 
18 72 
18 77 
19 20 
19 21 
19 23 
19 24 
19 28 
19 34 
19 38 
19 44 
19 53 
19 55 
19 58 
19 59 
19 62 
19 64 
19 67 
19 68 
19 70 
19 72 
19 73 
19 74 
19 80 
20 23 
20 26 
20 31 
20 42 
20 47 
20 54 
20 55 
20 56 
20 63 
20 65 
20 66 
20 79 
21 23 
21 28 
21 29 
21 33 
21 34 
21 38 
21 39 
21 41 
21 42 
21 43 
21 44 
21 45 
21 55 
21 61 
21 62 
21 63 
21 68 
21 71 
21 75 
21 80 
22 24 
22 26 
22 27 
22 29 
22 38 
22 40 
22 46 
22 47 
22 48 
22 49 
22 50 
22 54 
22 64 
22 65 
22 67 
22 71 
22 78 
23 24 
23 25 
23 28 
23 30 
23 31 
23 32 
23 35 
23 46 
23 47 
23 50 
23 52 
23 54 
23 58 
23 68 
23 71 
23 72 
23 75 
23 76 
23 78 
23 80 
24 26 
24 28 
24 34 
24 38 
24 42 
24 44 
24 45 
24 49 
24 53 
24 55 
24 70 
24 77 
24 78 
24 79 
25 31 
25 32 
25 37 
25 40 
25 41 
25 42 
25 44 
25 45 
25 53 
25 56 
25 63 
25 65 
25 71 
25 75 
25 78 
26 28 
26 36 
26 37 
26 38 
26 40 
26 43 
26 46 
26 47 
26 49 
26 50 
26 54 
26 59 
26 65 
26 66 
26 68 
26 69 
26 72 
27 32 
27 35 
27 41 
27 42 
27 48 
27 49 
27 51 
27 54 
27 68 
27 70 
27 73 
27 76 
28 29 
28 40 
28 44 
28 46 
28 51 
28 53 
28 55 
28 64 
28 65 
28 66 
28 74 
28 75 
29 31 
29 32 
29 38 
29 41 
29 42 
29 45 
29 46 
29 47 
29 48 
29 52 
29 53 
29 55 
29 56 
29 58 
29 61 
29 73 
29 74 
30 31 
30 43 
30 48 
30 49 
30 51 
30 52 
30 56 
30 63 
30 67 
30 68 
30 69 
30 72 
30 77 
30 80 
31 38 
31 40 
31 44 
31 45 
31 47 
31 48 
31 52 
31 53 
31 58 
31 65 
31 67 
31 74 
31 75 
31 80 
32 34 
32 37 
32 40 
32 41 
32 44 
32 45 
32 49 
32 50 
32 56 
32 57 
32 58 
32 59 
32 62 
32 63 
32 64 
32 70 
32 73 
32 74 
32 77 
33 36 
33 41 
33 48 
33 61 
33 65 
33 66 
33 69 
33 70 
33 75 
33 80 
34 36 
34 42 
34 48 
34 49 
34 52 
34 54 
34 63 
34 67 
34 73 
34 76 
34 80 
35 41 
35 48 
35 51 
35 53 
35 55 
35 56 
35 65 
35 79 
35 80 
36 40 
36 41 
36 43 
36 47 
36 48 
36 50 
36 51 
36 54 
36 57 
36 59 
36 68 
36 73 
36 76 
37 39 
37 40 
37 45 
37 49 
37 51 
37 52 
37 56 
37 57 
37 59 
37 60 
37 65 
37 67 
37 69 
37 70 
37 71 
37 78 
38 40 
38 45 
38 46 
38 53 
38 54 
38 55 
38 57 
38 62 
38 63 
38 67 
38 74 
38 80 
39 41 
39 42 
39 44 
39 45 
39 46 
39 51 
39 52 
39 55 
39 69 
39 70 
39 78 
39 79 
40 45 
40 46 
40 48 
40 51 
40 53 
40 55 
40 57 
40 61 
40 66 
40 70 
40 74 
41 42 
41 48 
41 51 
41 54 
41 59 
41 60 
41 66 
41 67 
41 69 
41 78 
42 45 
42 55 
42 57 
42 59 
42 61 
42 63 
42 65 
42 66 
42 72 
42 73 
42 76 
42 78 
42 79 
43 45 
43 46 
43 47 
43 51 
43 55 
43 59 
43 66 
43 70 
43 77 
43 78 
43 79 
44 45 
44 48 
44 50 
44 51 
44 53 
44 55 
44 58 
44 59 
44 64 
44 65 
44 68 
44 70 
44 74 
44 75 
44 80 
45 47 
45 48 
45 51 
45 54 
45 55 
45 56 
45 57 
45 58 
45 65 
45 68 
45 71 
45 74 
45 76 
45 77 
45 79 
45 80 
46 48 
46 50 
46 53 
46 55 
46 57 
46 59 
46 67 
46 73 
46 74 
46 75 
46 78 
47 50 
47 51 
47 53 
47 54 
47 57 
47 58 
47 60 
47 61 
47 65 
47 66 
47 69 
47 71 
47 80 
48 54 
48 67 
48 70 
48 71 
48 72 
48 73 
48 74 
48 76 
49 50 
49 56 
49 57 
49 58 
49 63 
49 68 
49 70 
49 71 
49 75 
49 76 
49 80 
50 53 
50 54 
50 60 
50 62 
50 66 
50 67 
50 77 
51 52 
51 58 
51 61 
51 66 
51 67 
51 74 
51 77 
52 59 
52 62 
52 64 
52 66 
52 71 
52 74 
52 78 
53 55 
53 63 
53 65 
53 66 
53 68 
53 69 
53 70 
53 73 
53 77 
53 78 
53 79 
53 80 
54 58 
54 59 
54 60 
54 64 
55 57 
55 58 
55 61 
55 66 
55 69 
55 74 
55 75 
55 77 
56 57 
56 60 
56 63 
56 65 
56 66 
56 69 
56 73 
56 76 
56 77 
56 79 
57 58 
57 61 
57 63 
57 67 
57 72 
57 73 
57 75 
57 76 
57 78 
57 79 
58 66 
58 69 
58 70 
58 78 
58 79 
58 80 
59 64 
59 66 
59 69 
59 70 
59 71 
59 75 
60 63 
60 70 
60 71 
60 78 
61 63 
61 64 
61 65 
61 66 
61 68 
61 69 
61 73 
61 74 
61 75 
61 77 
62 65 
62 66 
62 72 
63 64 
63 66 
63 69 
63 73 
63 75 
63 77 
64 66 
64 67 
64 70 
64 72 
64 75 
65 66 
66 68 
66 70 
66 71 
67 72 
67 74 
67 75 
67 80 
68 69 
68 70 
68 71 
70 72 
70 76 
70 77 
71 74 
71 79 
71 80 
72 75 
72 79 
73 74 
73 75 
73 76 
74 79 
74 80 
75 77 
76 77 
76 80 
77 79 
