nNodes=60;
 nPairs=685;
Cost=

61  0  0  0  61  0  61  61  0  0  0  0  61  0  0  61  0  0  61  0  61  0  0  61  61  0  0  61  61  0  0  0  61  61  61  61  0  0  0  61  61  0  0  61  0  61  0  0  0  61  0  0  61  0  61  0  61  0  61  0  

0  61  61  61  0  0  61  0  0  0  61  0  61  0  61  0  0  0  0  0  61  0  61  61  0  61  0  0  0  0  0  0  0  0  0  0  0  61  0  0  0  61  61  0  0  61  61  0  61  61  61  0  61  0  61  61  0  61  0  0  

0  61  61  0  0  0  61  61  0  61  0  0  61  61  0  0  0  61  61  0  0  61  0  0  61  61  61  0  0  61  0  0  0  0  61  0  61  0  0  61  0  0  0  61  0  61  61  61  61  61  61  0  0  0  61  0  61  0  0  61  

0  61  0  61  0  0  0  61  61  61  0  0  61  61  61  0  61  61  0  0  0  61  61  61  61  61  0  0  61  61  0  0  0  61  61  0  0  0  0  61  61  0  61  0  0  0  0  61  61  61  0  0  0  61  0  0  0  61  0  0  

61  0  0  0  61  61  0  0  61  0  0  61  0  0  61  0  0  0  0  0  0  0  0  0  0  0  0  61  0  61  0  61  61  61  61  61  0  0  0  0  0  61  61  61  61  0  61  61  0  61  0  0  0  61  61  0  61  0  0  0  

0  0  0  0  61  61  0  61  0  61  0  61  61  61  0  0  0  0  0  61  61  0  61  0  61  61  61  0  61  0  0  0  61  0  0  0  0  0  61  0  0  0  0  61  0  0  61  0  0  61  61  61  61  61  61  61  61  0  0  0  

61  61  61  0  0  0  61  61  61  0  0  61  61  0  0  0  0  0  0  0  61  0  0  61  0  0  0  0  0  61  61  0  61  0  61  0  61  0  0  0  0  61  61  0  0  0  0  0  0  0  61  0  0  0  0  0  61  0  0  61  

61  0  61  61  0  61  61  61  0  61  0  0  0  61  0  0  0  0  61  0  0  0  0  61  61  0  0  0  0  0  61  61  0  0  0  0  0  61  0  0  0  61  0  61  61  0  0  0  0  0  61  0  0  61  0  0  61  0  61  0  

0  0  0  61  61  0  61  0  61  0  0  0  61  61  61  0  0  0  0  61  61  61  0  0  0  61  0  61  0  61  0  61  61  61  0  61  61  0  0  0  61  61  0  0  61  0  0  61  0  0  61  0  0  0  61  0  61  0  61  0  

0  0  61  61  0  61  0  61  0  61  0  61  0  61  61  0  61  61  0  61  0  0  0  0  61  0  0  0  61  0  0  0  61  0  0  61  61  0  61  0  61  61  61  0  0  0  0  0  0  0  0  61  0  0  61  0  0  61  0  0  

0  61  0  0  0  0  0  0  0  0  61  61  61  0  0  0  0  61  0  0  0  0  61  0  0  61  61  0  61  0  0  61  0  0  0  0  0  61  0  0  0  61  0  0  0  0  61  0  61  61  61  0  0  0  0  0  0  0  0  0  

0  0  0  0  61  61  61  0  0  61  61  61  0  0  0  61  61  0  61  61  0  0  0  0  61  0  0  61  0  61  0  61  0  0  61  61  0  61  61  61  61  0  61  61  61  0  0  0  61  61  0  0  61  0  61  0  0  61  61  0  

61  61  61  61  0  61  61  0  61  0  61  0  61  0  61  0  0  0  61  0  0  0  61  61  61  0  0  0  0  61  61  61  0  0  0  61  61  61  61  0  0  61  0  0  0  61  0  61  0  61  0  61  0  61  0  0  61  0  0  61  

0  0  61  61  0  61  0  61  61  61  0  0  0  61  0  61  61  0  0  0  0  61  61  0  0  61  0  0  0  0  0  61  61  0  61  0  0  61  61  0  0  0  0  61  0  61  0  0  0  0  0  61  0  61  61  0  0  61  61  61  

0  61  0  61  61  0  0  0  61  61  0  0  61  0  61  0  0  0  0  0  0  61  0  61  0  61  61  0  0  0  61  61  0  0  61  0  61  61  61  0  61  61  0  61  0  0  61  0  0  0  0  0  61  0  61  61  0  61  61  0  

61  0  0  0  0  0  0  0  0  0  0  61  0  61  0  61  61  0  61  0  61  61  0  0  0  61  61  61  0  0  0  0  61  0  0  0  61  0  0  0  61  61  61  61  0  61  0  0  0  61  61  61  0  61  61  61  0  0  61  61  

0  0  0  61  0  0  0  0  0  61  0  61  0  61  0  61  61  0  61  61  0  0  61  0  61  61  61  61  61  61  61  0  0  61  0  61  61  0  0  0  0  61  0  0  0  61  61  0  0  0  0  0  61  61  61  0  61  61  0  61  

0  0  61  61  0  0  0  0  0  61  61  0  0  0  0  0  0  61  0  0  0  0  0  0  61  0  61  61  0  61  0  0  0  61  0  61  61  0  61  0  0  0  61  0  0  0  0  61  0  0  0  0  0  61  0  0  61  61  61  0  

61  0  61  0  0  0  0  61  0  0  0  61  61  0  0  61  61  0  61  0  0  0  61  0  0  0  0  0  61  0  0  0  0  61  0  0  0  0  61  61  0  0  0  61  61  0  0  0  61  0  61  61  0  0  0  0  0  0  61  61  

0  0  0  0  0  61  0  0  61  61  0  61  0  0  0  0  61  0  0  61  0  0  0  61  0  61  0  0  61  61  61  0  0  0  61  61  0  0  0  61  0  0  61  0  0  0  0  61  61  0  61  61  0  0  61  0  0  61  0  61  

61  61  0  0  0  61  61  0  61  0  0  0  0  0  0  61  0  0  0  0  61  61  0  0  61  0  0  61  0  61  0  61  0  61  0  61  0  61  0  61  61  0  0  61  61  61  0  61  0  0  61  0  0  0  0  0  0  61  0  0  

0  0  61  61  0  0  0  0  61  0  0  0  0  61  61  61  0  0  0  0  61  61  0  0  61  61  61  61  61  61  0  0  61  0  0  0  61  0  0  0  0  0  0  0  0  61  61  0  61  0  0  61  0  0  0  61  0  0  61  0  

0  61  0  61  0  61  0  0  0  0  61  0  61  61  0  0  61  0  61  0  0  0  61  0  0  61  61  0  61  61  0  61  0  0  0  61  0  61  0  0  0  0  0  0  61  61  61  0  0  0  0  61  0  0  0  0  61  0  0  0  

61  61  0  61  0  0  61  61  0  0  0  0  61  0  61  0  0  0  0  61  0  0  0  61  0  0  0  61  0  0  0  0  0  0  0  0  61  0  0  61  61  0  61  61  61  0  0  0  61  0  0  61  0  0  61  0  61  0  61  0  

61  0  61  61  0  61  0  61  0  61  0  61  61  0  0  0  61  61  0  0  61  61  0  0  61  0  0  61  0  0  61  61  0  0  0  0  0  61  61  61  0  0  0  0  0  61  0  0  61  0  0  61  61  0  0  0  0  0  0  61  

0  61  61  61  0  61  0  0  61  0  61  0  0  61  61  61  61  0  0  61  0  61  61  0  0  61  0  0  0  61  0  61  61  61  0  0  0  61  0  61  61  0  61  0  0  0  0  0  0  0  0  61  61  0  61  0  61  61  0  61  

0  0  61  0  0  61  0  0  0  0  61  0  0  0  61  61  61  61  0  0  0  61  61  0  0  0  61  0  0  0  0  61  61  0  0  0  61  0  0  0  0  0  0  61  61  0  61  0  0  61  0  61  0  0  0  0  61  0  0  0  

61  0  0  0  61  0  0  0  61  0  0  61  0  0  0  61  61  61  0  0  61  61  0  61  61  0  0  61  61  61  0  0  61  61  0  0  0  61  61  61  0  61  0  61  0  0  0  0  61  0  0  0  0  61  0  0  0  0  0  61  

61  0  0  61  0  61  0  0  0  61  61  0  0  0  0  0  61  0  61  61  0  61  61  0  0  0  0  61  61  0  0  0  0  61  0  0  0  0  0  0  61  61  61  0  61  0  0  0  0  61  0  0  0  61  0  0  0  0  0  61  

0  0  61  61  61  0  61  0  61  0  0  61  61  0  0  0  61  61  0  61  61  61  61  0  0  61  0  61  0  61  61  61  61  61  0  0  0  61  61  0  0  0  0  0  0  61  0  0  0  61  61  61  61  0  0  0  0  0  61  0  

0  0  0  0  0  0  61  61  0  0  0  0  61  0  61  0  61  0  0  61  0  0  0  0  61  0  0  0  0  61  61  0  61  0  0  0  61  0  0  61  0  0  0  0  61  61  0  0  0  0  0  61  61  0  61  61  0  61  0  61  

0  0  0  0  61  0  0  61  61  0  61  61  61  61  61  0  0  0  0  0  61  0  61  0  61  61  61  0  0  61  0  61  0  61  61  0  0  0  0  0  0  0  0  61  61  0  61  0  61  61  61  0  0  0  0  0  0  0  61  0  

61  0  0  0  61  61  61  0  61  61  0  0  0  61  0  61  0  0  0  0  0  61  0  0  0  61  61  61  0  61  61  0  61  0  61  0  61  0  61  61  61  61  0  0  0  61  0  61  0  0  61  0  0  0  61  61  0  61  0  0  

61  0  0  61  61  0  0  0  61  0  0  0  0  0  0  0  61  61  61  0  61  0  0  0  0  61  0  61  61  61  0  61  0  61  0  0  61  0  0  0  61  0  61  0  0  0  0  0  0  0  0  0  0  61  61  61  61  0  61  0  

61  0  61  61  61  0  61  0  0  0  0  61  0  61  61  0  0  0  0  61  0  0  0  0  0  0  0  0  0  0  0  61  61  0  61  61  61  0  61  61  61  61  61  0  61  0  0  0  61  61  61  61  0  61  61  0  0  0  61  0  

61  0  0  0  61  0  0  0  61  61  0  61  61  0  0  0  61  61  0  61  61  0  61  0  0  0  0  0  0  0  0  0  0  0  61  61  0  61  0  0  0  0  61  61  0  0  61  0  0  0  61  61  0  61  61  0  0  0  0  61  

0  0  61  0  0  0  61  0  61  61  0  0  61  0  61  61  61  61  0  0  0  61  0  61  0  0  61  0  0  0  61  0  61  61  61  0  61  0  0  0  61  0  0  61  61  61  0  0  61  0  0  0  61  61  61  0  0  61  61  61  

0  61  0  0  0  0  0  61  0  0  61  61  61  61  61  0  0  0  0  0  61  0  61  0  61  61  0  61  0  61  0  0  0  0  0  61  0  61  61  61  61  61  0  0  0  61  0  61  0  61  61  61  61  61  0  61  61  61  0  0  

0  0  0  0  0  61  0  0  0  61  0  61  61  61  61  0  0  61  61  0  0  0  0  0  61  0  0  61  0  61  0  0  61  0  61  0  0  61  61  61  0  61  61  61  0  0  0  61  0  61  0  0  0  0  0  0  0  0  61  0  

61  0  61  61  0  0  0  0  0  0  0  61  0  0  0  0  0  0  61  61  61  0  0  61  61  61  0  61  0  0  61  0  61  0  61  0  0  61  61  61  0  0  0  0  61  0  0  61  0  0  61  61  0  0  0  0  0  0  61  61  

61  0  0  61  0  0  0  0  61  61  0  61  0  0  61  61  0  0  0  0  61  0  0  61  0  61  0  0  61  0  0  0  61  61  61  0  61  61  0  0  61  61  0  0  61  0  0  0  0  61  61  0  0  61  0  0  0  61  61  0  

0  61  0  0  61  0  61  61  61  61  61  0  61  0  61  61  61  0  0  0  0  0  0  0  0  0  0  61  61  0  0  0  61  0  61  0  0  61  61  0  61  61  61  0  61  61  0  61  0  61  0  0  0  0  61  0  0  0  61  0  

0  61  0  61  61  0  61  0  0  61  0  61  0  0  0  61  0  61  0  61  0  0  0  61  0  61  0  0  61  0  0  0  0  61  61  61  0  0  61  0  0  61  61  0  0  0  61  0  0  0  0  0  0  61  0  0  0  61  0  61  

61  0  61  0  61  61  0  61  0  0  0  61  0  61  61  61  0  0  61  0  61  0  0  61  0  0  61  61  0  0  0  61  0  0  0  61  61  0  61  0  0  0  0  61  0  0  61  61  61  61  61  61  0  0  0  61  61  61  0  0  

0  0  0  0  61  0  0  61  61  0  0  61  0  0  0  0  0  0  61  0  61  0  61  61  0  0  61  0  61  0  61  61  0  0  61  0  61  0  0  61  61  61  0  0  61  61  0  61  0  0  0  61  0  0  61  0  0  61  0  0  

61  61  61  0  0  0  0  0  0  0  0  0  61  61  0  61  61  0  0  0  61  61  61  0  61  0  0  0  0  61  61  0  61  0  0  0  61  61  0  0  0  61  0  0  61  61  61  61  0  0  0  0  0  61  0  0  61  61  0  0  

0  61  61  0  61  61  0  0  0  0  61  0  0  0  61  0  61  0  0  0  0  61  61  0  0  0  61  0  0  0  0  61  0  0  0  61  0  0  0  0  0  0  61  61  0  61  61  61  0  61  0  0  0  61  61  0  61  0  61  0  

0  0  61  61  61  0  0  0  61  0  0  0  61  0  0  0  0  61  0  61  61  0  0  0  0  0  0  0  0  0  0  0  61  0  0  0  0  61  61  61  0  61  0  61  61  61  61  61  0  0  0  0  61  0  0  0  61  0  0  61  

0  61  61  61  0  0  0  0  0  0  61  61  0  0  0  0  0  0  61  61  0  61  0  61  61  0  0  61  0  0  0  61  0  0  61  0  61  0  0  0  0  0  0  61  0  0  0  0  61  0  0  0  0  61  0  61  61  0  61  61  

61  61  61  61  61  61  0  0  0  0  61  61  61  0  0  61  0  0  0  0  0  0  0  0  0  0  61  0  61  61  0  61  0  0  61  0  0  61  61  0  61  61  0  61  0  0  61  0  0  61  0  0  61  0  61  0  0  0  0  61  

0  61  61  0  0  61  61  61  61  0  61  0  0  0  0  61  0  0  61  61  61  0  0  0  0  0  0  0  0  61  0  61  61  0  61  61  0  61  0  61  61  0  0  61  0  0  0  0  0  0  61  0  0  61  61  0  0  61  0  61  

0  0  0  0  0  61  0  0  0  61  0  0  61  61  0  61  0  0  61  61  0  61  61  61  61  61  61  0  0  61  61  0  0  0  61  61  0  61  0  61  0  0  0  61  61  0  0  0  0  0  0  61  0  0  0  0  0  61  61  61  

61  61  0  0  0  61  0  0  0  0  0  61  0  0  61  0  61  0  0  0  0  0  0  0  61  61  0  0  0  61  61  0  0  0  0  0  61  61  0  0  0  0  0  0  0  0  0  61  0  61  0  0  61  61  0  0  0  0  0  61  

0  0  0  61  61  61  0  61  0  0  0  0  61  61  0  61  61  61  0  0  0  0  0  0  0  0  0  61  61  0  0  0  0  61  61  61  61  61  0  0  61  0  61  0  0  61  61  0  61  0  61  0  61  61  61  61  61  0  0  61  

61  61  61  0  61  61  0  0  61  61  0  61  0  61  61  61  61  0  0  61  0  0  0  61  0  61  0  0  0  0  61  0  61  61  61  61  61  0  0  0  0  61  0  0  61  0  61  0  0  61  61  0  0  61  61  0  0  61  0  0  

0  61  0  0  0  61  0  0  0  0  0  0  0  0  61  61  0  0  0  0  0  61  0  0  0  0  0  0  0  0  61  0  61  61  0  0  0  61  0  0  0  0  0  61  0  0  0  0  61  0  0  0  0  61  0  61  61  0  0  0  

61  0  61  0  61  61  61  61  61  0  0  0  61  0  0  0  61  61  0  0  0  0  61  61  0  61  61  0  0  0  0  0  0  61  0  0  0  61  0  0  0  0  0  61  0  61  61  61  61  0  0  0  0  61  0  61  61  0  0  0  

0  61  0  61  0  0  0  0  0  61  0  61  0  61  61  0  61  61  0  61  61  0  0  0  0  61  0  0  0  0  61  0  61  0  0  0  61  61  0  0  61  0  61  61  61  61  0  0  0  0  61  61  0  0  61  0  0  61  0  61  

61  0  0  0  0  0  0  61  61  0  0  61  0  61  61  61  0  61  61  0  0  61  0  61  0  0  0  0  0  61  0  61  0  61  61  0  61  0  61  61  61  61  0  0  0  0  61  0  61  0  0  61  0  0  0  0  0  0  61  61  

0  0  61  0  0  0  61  0  0  0  0  0  61  61  0  61  61  0  61  61  0  0  0  0  61  61  0  61  61  0  61  0  0  0  0  61  61  0  0  61  0  0  61  0  0  0  0  61  61  61  61  61  61  61  0  0  0  61  61  61  

UnPairedArc=
1 5 
1 7 
1 8 
1 13 
1 16 
1 19 
1 21 
1 24 
1 25 
1 28 
1 29 
1 33 
1 34 
1 35 
1 36 
1 40 
1 41 
1 44 
1 46 
1 50 
1 53 
1 55 
1 57 
1 59 
2 3 
2 4 
2 7 
2 11 
2 13 
2 15 
2 21 
2 23 
2 24 
2 26 
2 38 
2 42 
2 43 
2 46 
2 47 
2 49 
2 50 
2 51 
2 53 
2 55 
2 56 
2 58 
3 7 
3 8 
3 10 
3 13 
3 14 
3 18 
3 19 
3 22 
3 25 
3 26 
3 27 
3 30 
3 35 
3 37 
3 40 
3 44 
3 46 
3 47 
3 48 
3 49 
3 50 
3 51 
3 55 
3 57 
3 60 
4 8 
4 9 
4 10 
4 13 
4 14 
4 15 
4 17 
4 18 
4 22 
4 23 
4 24 
4 25 
4 26 
4 29 
4 30 
4 34 
4 35 
4 40 
4 41 
4 43 
4 48 
4 49 
4 50 
4 54 
4 58 
5 6 
5 9 
5 12 
5 15 
5 28 
5 30 
5 32 
5 33 
5 34 
5 35 
5 36 
5 42 
5 43 
5 44 
5 45 
5 47 
5 48 
5 50 
5 54 
5 55 
5 57 
6 8 
6 10 
6 12 
6 13 
6 14 
6 20 
6 21 
6 23 
6 25 
6 26 
6 27 
6 29 
6 33 
6 39 
6 44 
6 47 
6 50 
6 51 
6 52 
6 53 
6 54 
6 55 
6 56 
6 57 
7 8 
7 9 
7 12 
7 13 
7 21 
7 24 
7 30 
7 31 
7 33 
7 35 
7 37 
7 42 
7 43 
7 51 
7 57 
7 60 
8 10 
8 14 
8 19 
8 24 
8 25 
8 31 
8 32 
8 38 
8 42 
8 44 
8 45 
8 51 
8 54 
8 57 
8 59 
9 13 
9 14 
9 15 
9 20 
9 21 
9 22 
9 26 
9 28 
9 30 
9 32 
9 33 
9 34 
9 36 
9 37 
9 41 
9 42 
9 45 
9 48 
9 51 
9 55 
9 57 
9 59 
10 12 
10 14 
10 15 
10 17 
10 18 
10 20 
10 25 
10 29 
10 33 
10 36 
10 37 
10 39 
10 41 
10 42 
10 43 
10 52 
10 55 
10 58 
11 12 
11 13 
11 18 
11 23 
11 26 
11 27 
11 29 
11 32 
11 38 
11 42 
11 47 
11 49 
11 50 
11 51 
12 16 
12 17 
12 19 
12 20 
12 25 
12 28 
12 30 
12 32 
12 35 
12 36 
12 38 
12 39 
12 40 
12 41 
12 43 
12 44 
12 45 
12 49 
12 50 
12 53 
12 55 
12 58 
12 59 
13 15 
13 19 
13 23 
13 24 
13 25 
13 30 
13 31 
13 32 
13 36 
13 37 
13 38 
13 39 
13 42 
13 46 
13 48 
13 50 
13 52 
13 54 
13 57 
13 60 
14 16 
14 17 
14 22 
14 23 
14 26 
14 32 
14 33 
14 35 
14 38 
14 39 
14 44 
14 46 
14 52 
14 54 
14 55 
14 58 
14 59 
14 60 
15 22 
15 24 
15 26 
15 27 
15 31 
15 32 
15 35 
15 37 
15 38 
15 39 
15 41 
15 42 
15 44 
15 47 
15 53 
15 55 
15 56 
15 58 
15 59 
16 17 
16 19 
16 21 
16 22 
16 26 
16 27 
16 28 
16 33 
16 37 
16 41 
16 42 
16 43 
16 44 
16 46 
16 50 
16 51 
16 52 
16 54 
16 55 
16 56 
16 59 
16 60 
17 19 
17 20 
17 23 
17 25 
17 26 
17 27 
17 28 
17 29 
17 30 
17 31 
17 34 
17 36 
17 37 
17 42 
17 46 
17 47 
17 53 
17 54 
17 55 
17 57 
17 58 
17 60 
18 25 
18 27 
18 28 
18 30 
18 34 
18 36 
18 37 
18 39 
18 43 
18 48 
18 54 
18 57 
18 58 
18 59 
19 23 
19 29 
19 34 
19 39 
19 40 
19 44 
19 45 
19 49 
19 51 
19 52 
19 59 
19 60 
20 24 
20 26 
20 29 
20 30 
20 31 
20 35 
20 36 
20 40 
20 43 
20 48 
20 49 
20 51 
20 52 
20 55 
20 58 
20 60 
21 22 
21 25 
21 28 
21 30 
21 32 
21 34 
21 36 
21 38 
21 40 
21 41 
21 44 
21 45 
21 46 
21 48 
21 51 
21 58 
22 25 
22 26 
22 27 
22 28 
22 29 
22 30 
22 33 
22 37 
22 46 
22 47 
22 49 
22 52 
22 56 
22 59 
23 26 
23 27 
23 29 
23 30 
23 32 
23 36 
23 38 
23 45 
23 46 
23 47 
23 52 
23 57 
24 28 
24 37 
24 40 
24 41 
24 43 
24 44 
24 45 
24 49 
24 52 
24 55 
24 57 
24 59 
25 28 
25 31 
25 32 
25 38 
25 39 
25 40 
25 46 
25 49 
25 52 
25 53 
25 60 
26 30 
26 32 
26 33 
26 34 
26 38 
26 40 
26 41 
26 43 
26 52 
26 53 
26 55 
26 57 
26 58 
26 60 
27 32 
27 33 
27 37 
27 44 
27 45 
27 47 
27 50 
27 52 
27 57 
28 29 
28 30 
28 33 
28 34 
28 38 
28 39 
28 40 
28 42 
28 44 
28 49 
28 54 
28 60 
29 34 
29 41 
29 42 
29 43 
29 45 
29 50 
29 54 
29 60 
30 31 
30 32 
30 33 
30 34 
30 38 
30 39 
30 46 
30 50 
30 51 
30 52 
30 53 
30 59 
31 33 
31 37 
31 40 
31 45 
31 46 
31 52 
31 53 
31 55 
31 56 
31 58 
31 60 
32 34 
32 35 
32 44 
32 45 
32 47 
32 49 
32 50 
32 51 
32 59 
33 35 
33 37 
33 39 
33 40 
33 41 
33 42 
33 46 
33 48 
33 51 
33 55 
33 56 
33 58 
34 37 
34 41 
34 43 
34 54 
34 55 
34 56 
34 57 
34 59 
35 36 
35 37 
35 39 
35 40 
35 41 
35 42 
35 43 
35 45 
35 49 
35 50 
35 51 
35 52 
35 54 
35 55 
35 59 
36 38 
36 43 
36 44 
36 47 
36 51 
36 52 
36 54 
36 55 
36 60 
37 41 
37 44 
37 45 
37 46 
37 49 
37 53 
37 54 
37 55 
37 58 
37 59 
37 60 
38 39 
38 40 
38 41 
38 42 
38 46 
38 48 
38 50 
38 51 
38 52 
38 53 
38 54 
38 56 
38 57 
38 58 
39 40 
39 42 
39 43 
39 44 
39 48 
39 50 
39 59 
40 45 
40 48 
40 51 
40 52 
40 59 
40 60 
41 42 
41 45 
41 50 
41 51 
41 54 
41 58 
41 59 
42 43 
42 45 
42 46 
42 48 
42 50 
42 55 
42 59 
43 47 
43 54 
43 58 
43 60 
44 47 
44 48 
44 49 
44 50 
44 51 
44 52 
44 56 
44 57 
44 58 
45 46 
45 48 
45 52 
45 55 
45 58 
46 47 
46 48 
46 54 
46 57 
46 58 
47 48 
47 50 
47 54 
47 55 
47 57 
47 59 
48 53 
48 57 
48 60 
49 54 
49 56 
49 57 
49 59 
49 60 
50 53 
50 55 
50 60 
51 54 
51 55 
51 58 
51 60 
52 58 
52 59 
52 60 
53 54 
53 60 
54 55 
54 56 
54 57 
54 60 
55 58 
56 57 
58 60 
59 60 
