nNodes=60;
 nPairs=343;
Cost=

61  0  0  61  61  0  61  61  0  0  0  0  0  61  61  0  0  0  0  0  0  0  0  0  61  0  0  0  61  61  0  61  0  0  0  0  0  0  61  0  0  61  0  0  0  0  0  0  61  0  0  61  0  0  61  0  61  0  0  61  

0  61  61  61  61  0  0  0  0  61  0  0  0  0  0  0  0  0  0  0  0  61  0  0  0  61  0  0  0  0  0  61  0  0  0  0  0  0  61  0  0  61  0  0  0  0  0  0  0  61  0  0  0  0  0  0  0  0  0  0  

0  61  61  0  0  0  0  61  0  0  0  0  0  0  0  0  61  0  0  0  61  0  0  0  0  61  0  0  61  0  0  0  0  0  0  61  0  0  0  0  0  0  0  61  0  0  0  0  0  0  61  61  61  0  0  61  0  0  0  0  

61  61  0  61  61  0  0  0  0  0  0  0  61  0  0  0  0  0  0  0  0  0  61  0  61  61  0  0  0  0  0  0  0  0  0  61  61  61  0  0  61  0  0  0  0  0  61  0  0  0  61  0  0  0  0  0  61  0  61  0  

61  61  0  61  61  0  0  61  0  0  61  0  0  61  61  0  0  0  0  61  61  61  0  0  0  0  0  0  0  0  61  0  0  0  0  0  0  0  0  0  0  0  0  0  0  0  0  0  0  0  61  0  0  0  0  61  0  0  61  61  

0  0  0  0  0  61  0  0  0  0  0  0  0  61  0  0  0  61  0  0  0  0  0  0  0  0  0  0  61  0  0  0  0  0  0  0  61  0  0  0  0  0  0  0  0  0  61  0  0  0  0  0  0  0  0  0  0  0  0  0  

61  0  0  0  0  0  61  0  0  61  0  0  61  0  0  61  0  0  0  61  0  0  0  0  61  0  0  0  61  0  0  0  0  0  0  0  0  0  0  0  0  0  0  61  0  0  0  0  61  0  0  0  61  0  0  0  0  0  0  0  

61  0  61  0  61  0  0  61  0  0  0  0  0  0  61  0  61  61  0  61  0  0  61  0  0  61  0  0  0  0  0  0  61  0  0  61  0  0  0  0  0  0  0  0  61  61  0  0  61  0  61  0  0  61  0  0  0  0  0  0  

0  0  0  0  0  0  0  0  61  0  0  0  61  0  0  0  0  0  0  0  0  0  61  0  0  0  0  61  0  0  0  61  0  61  0  0  0  0  0  0  0  0  61  0  0  61  0  0  61  0  0  0  0  0  61  0  0  61  0  61  

0  61  0  0  0  0  61  0  0  61  0  0  0  0  0  61  61  0  61  0  61  61  0  0  0  61  0  0  0  0  0  0  0  0  0  61  0  61  61  0  61  0  0  0  0  0  61  61  0  0  0  0  0  0  0  0  0  0  0  0  

0  0  0  0  61  0  0  0  0  0  61  61  61  0  0  0  0  0  0  0  0  0  0  0  0  0  0  0  0  0  0  0  0  61  0  0  0  61  61  61  0  0  0  0  0  61  0  0  0  61  61  0  0  0  0  0  0  0  0  61  

0  0  0  0  0  0  0  0  0  0  61  61  0  0  0  0  0  61  0  0  0  61  0  0  0  0  0  0  61  0  0  0  0  0  0  0  0  0  0  0  0  0  0  61  0  0  0  61  0  0  0  0  61  0  0  61  0  0  0  0  

0  0  0  61  0  0  61  0  61  0  61  0  61  0  0  0  0  0  0  61  61  0  0  0  0  0  0  0  0  0  0  0  0  0  0  0  0  0  61  0  0  0  0  0  0  0  61  0  0  0  0  0  0  61  0  0  0  0  0  61  

61  0  0  0  61  61  0  0  0  0  0  0  0  61  0  0  0  0  0  0  0  0  61  0  0  0  0  61  0  61  0  0  0  0  0  61  0  61  0  0  0  0  0  0  61  61  61  0  0  0  61  0  0  0  61  0  0  0  0  0  

61  0  0  0  61  0  0  61  0  0  0  0  0  0  61  0  61  0  61  0  0  0  0  61  0  61  0  0  61  0  0  0  0  0  0  61  0  0  0  0  0  61  0  0  0  0  0  0  0  61  61  0  61  61  61  0  0  0  0  0  

0  0  0  0  0  0  61  0  0  61  0  0  0  0  0  61  0  61  61  0  0  0  61  0  0  0  0  0  61  0  0  0  0  0  0  0  61  61  61  0  0  0  0  0  61  0  61  0  0  0  0  0  0  0  61  0  0  61  0  0  

0  0  61  0  0  0  0  61  0  61  0  0  0  0  61  0  61  0  0  0  61  0  0  61  0  0  0  61  61  0  0  0  0  0  0  0  0  0  61  0  61  0  61  0  0  0  0  0  61  0  0  0  0  0  0  0  0  0  0  0  

0  0  0  0  0  61  0  61  0  0  0  61  0  0  0  61  0  61  0  61  0  0  0  0  0  0  0  0  0  0  0  61  0  0  0  61  0  0  0  0  61  0  0  0  0  0  0  0  0  0  0  0  0  0  0  61  0  0  61  61  

0  0  0  0  0  0  0  0  0  61  0  0  0  0  61  61  0  0  61  61  0  0  0  0  0  0  0  0  0  0  61  61  0  0  0  0  61  0  0  0  0  0  61  0  61  0  0  0  0  0  0  61  0  61  61  0  0  0  0  0  

0  0  0  0  61  0  61  61  0  0  0  0  61  0  0  0  0  61  61  61  0  0  0  0  61  0  61  0  0  61  0  0  0  0  0  0  0  0  61  0  0  0  0  0  0  0  0  0  0  61  0  0  0  0  0  0  0  0  0  0  

0  0  61  0  61  0  0  0  0  61  0  0  61  0  0  0  61  0  0  0  61  0  0  0  61  0  0  0  0  61  0  0  0  0  0  0  0  61  0  0  0  0  0  0  61  0  0  0  61  0  61  0  0  0  0  0  61  0  0  0  

0  61  0  0  61  0  0  0  0  61  0  61  0  0  0  0  0  0  0  0  0  61  0  0  61  0  61  0  0  0  0  0  61  61  0  0  0  0  61  61  0  61  0  0  0  0  0  0  61  61  0  0  61  61  0  61  0  0  61  0  

0  0  0  61  0  0  0  61  61  0  0  0  0  61  0  61  0  0  0  0  0  0  61  61  61  0  0  0  61  0  0  0  0  0  0  0  61  0  0  0  0  0  0  0  0  0  0  0  0  0  0  61  0  0  61  61  0  0  0  0  

0  0  0  0  0  0  0  0  0  0  0  0  0  0  61  0  61  0  0  0  0  0  61  61  0  0  0  0  0  61  0  0  0  61  0  0  0  0  61  0  0  0  0  0  61  0  0  0  0  0  0  0  0  0  61  0  0  0  0  0  

61  0  0  61  0  0  61  0  0  0  0  0  0  0  0  0  0  0  0  61  61  61  61  0  61  0  0  0  61  0  0  61  61  0  0  0  61  61  0  61  0  0  0  0  0  0  0  0  61  61  0  0  61  61  61  0  0  0  0  0  

0  61  61  61  0  0  0  61  0  61  0  0  0  0  61  0  0  0  0  0  0  0  0  0  0  61  61  61  61  0  0  61  0  0  0  61  0  0  61  0  0  0  0  0  0  0  0  0  0  0  0  0  0  0  0  0  0  0  0  0  

0  0  0  0  0  0  0  0  0  0  0  0  0  0  0  0  0  0  0  61  0  61  0  0  0  61  61  0  61  0  0  0  0  0  0  0  0  0  0  0  61  0  0  0  0  0  61  0  0  0  0  61  0  0  0  0  0  0  0  61  

0  0  0  0  0  0  0  0  61  0  0  0  0  61  0  0  61  0  0  0  0  0  0  0  0  61  0  61  0  0  0  0  0  0  0  0  0  0  0  0  0  0  61  61  0  61  61  0  0  0  0  0  0  0  0  0  0  0  0  0  

61  0  61  0  0  61  61  0  0  0  0  61  0  0  61  61  61  0  0  0  0  0  61  0  61  61  61  0  61  0  0  0  61  0  0  0  61  0  61  0  0  0  0  0  61  0  0  0  0  0  0  0  0  0  0  0  0  0  0  61  

61  0  0  0  0  0  0  0  0  0  0  0  0  61  0  0  0  0  0  61  61  0  0  61  0  0  0  0  0  61  0  0  61  0  0  0  0  0  0  0  0  61  0  0  0  0  0  61  0  61  0  0  61  0  0  0  0  61  0  0  

0  0  0  0  61  0  0  0  0  0  0  0  0  0  0  0  0  0  61  0  0  0  0  0  0  0  0  0  0  0  61  61  0  0  0  0  0  0  0  0  0  61  61  0  0  0  0  0  61  0  0  61  0  0  0  61  0  0  0  0  

61  61  0  0  0  0  0  0  61  0  0  0  0  0  0  0  0  61  61  0  0  0  0  0  61  61  0  0  0  0  61  61  0  0  0  0  61  0  0  0  0  0  0  0  0  0  0  0  0  0  0  0  0  0  0  61  0  0  0  0  

0  0  0  0  0  0  0  61  0  0  0  0  0  0  0  0  0  0  0  0  0  61  0  0  61  0  0  0  61  61  0  0  61  61  0  61  0  0  0  0  0  61  0  0  0  0  0  0  0  0  0  61  0  0  0  61  0  0  0  0  

0  0  0  0  0  0  0  0  61  0  61  0  0  0  0  0  0  0  0  0  0  61  0  61  0  0  0  0  0  0  0  0  61  61  61  61  0  0  0  0  0  0  0  0  0  61  0  0  61  0  0  0  61  0  0  0  0  0  61  0  

0  0  0  0  0  0  0  0  0  0  0  0  0  0  0  0  0  0  0  0  0  0  0  0  0  0  0  0  0  0  0  0  0  61  61  0  61  0  61  0  0  61  0  0  0  61  0  0  61  0  0  0  0  61  0  0  0  0  0  0  

0  0  61  61  0  0  0  61  0  61  0  0  0  61  61  0  0  61  0  0  0  0  0  0  0  61  0  0  0  0  0  0  61  61  0  61  0  0  0  0  0  61  0  0  0  61  0  0  0  0  0  61  0  0  0  0  0  61  61  0  

0  0  0  61  0  61  0  0  0  0  0  0  0  0  0  61  0  0  61  0  0  0  61  0  61  0  0  0  61  0  0  61  0  0  61  0  61  0  0  61  0  0  0  0  0  0  0  61  61  0  0  0  0  0  0  0  0  61  0  0  

0  0  0  61  0  0  0  0  0  61  61  0  0  61  0  61  0  0  0  0  61  0  0  0  61  0  0  0  0  0  0  0  0  0  0  0  0  61  61  0  0  61  0  0  0  0  0  0  0  0  0  0  61  0  0  61  0  0  0  61  

61  61  0  0  0  0  0  0  0  61  61  0  61  0  0  61  61  0  0  61  0  61  0  61  0  61  0  0  61  0  0  0  0  0  61  0  0  61  61  61  0  0  0  0  0  0  0  0  0  0  0  0  0  0  0  0  61  61  0  0  

0  0  0  0  0  0  0  0  0  0  61  0  0  0  0  0  0  0  0  0  0  61  0  0  61  0  0  0  0  0  0  0  0  0  0  0  61  0  61  61  61  0  61  61  0  0  0  61  0  0  0  0  0  0  0  0  0  0  0  61  

0  0  0  61  0  0  0  0  0  61  0  0  0  0  0  0  61  61  0  0  0  0  0  0  0  0  61  0  0  0  0  0  0  0  0  0  0  0  0  61  61  0  0  0  0  0  61  61  0  0  0  0  0  0  0  0  0  0  0  0  

61  61  0  0  0  0  0  0  0  0  0  0  0  0  61  0  0  0  0  0  0  61  0  0  0  0  0  0  0  61  61  0  61  0  61  61  0  61  0  0  0  61  0  0  0  61  61  61  0  0  61  0  0  0  0  61  0  61  0  0  

0  0  0  0  0  0  0  0  61  0  0  0  0  0  0  0  61  0  61  0  0  0  0  0  0  0  0  61  0  0  61  0  0  0  0  0  0  0  0  61  0  0  61  0  0  0  0  0  0  0  0  0  0  0  61  0  61  0  0  0  

0  0  61  0  0  0  61  0  0  0  0  61  0  0  0  0  0  0  0  0  0  0  0  0  0  0  0  61  0  0  0  0  0  0  0  0  0  0  0  61  0  0  0  61  0  0  0  0  0  0  0  0  0  0  0  0  0  0  0  0  

0  0  0  0  0  0  0  61  0  0  0  0  0  61  0  61  0  0  61  0  61  0  0  61  0  0  0  0  61  0  0  0  0  0  0  0  0  0  0  0  0  0  0  0  61  0  0  61  0  61  0  0  0  0  0  0  61  61  0  0  

0  0  0  0  0  0  0  61  61  0  61  0  0  61  0  0  0  0  0  0  0  0  0  0  0  0  0  61  0  0  0  0  0  61  61  61  0  0  0  0  0  61  0  0  0  61  0  0  61  0  61  0  61  0  61  0  0  0  0  0  

0  0  0  61  0  61  0  0  0  61  0  0  61  61  0  61  0  0  0  0  0  0  0  0  0  0  61  61  0  0  0  0  0  0  0  0  0  0  0  0  61  61  0  0  0  0  61  0  0  0  0  0  0  0  0  0  0  0  0  0  

0  0  0  0  0  0  0  0  0  61  0  61  0  0  0  0  0  0  0  0  0  0  0  0  0  0  0  0  0  61  0  0  0  0  0  0  61  0  0  61  61  61  0  0  61  0  0  61  0  61  0  0  0  0  0  0  0  0  0  61  

61  0  0  0  0  0  61  61  61  0  0  0  0  0  0  0  61  0  0  0  61  61  0  0  61  0  0  0  0  0  61  0  0  61  61  0  61  0  0  0  0  0  0  0  0  61  0  0  61  0  0  0  0  0  0  0  0  61  0  0  

0  61  0  0  0  0  0  0  0  0  61  0  0  0  61  0  0  0  0  61  0  61  0  0  61  0  0  0  0  61  0  0  0  0  0  0  0  0  0  0  0  0  0  0  61  0  0  61  0  61  0  0  0  0  0  0  0  0  0  0  

0  0  61  61  61  0  0  61  0  0  61  0  0  61  61  0  0  0  0  0  61  0  0  0  0  0  0  0  0  0  0  0  0  0  0  0  0  0  0  0  0  61  0  0  0  61  0  0  0  0  61  61  0  0  61  0  0  0  0  0  

61  0  61  0  0  0  0  0  0  0  0  0  0  0  0  0  0  0  61  0  0  0  61  0  0  0  61  0  0  0  61  0  61  0  0  61  0  0  0  0  0  0  0  0  0  0  0  0  0  0  61  61  61  0  0  61  0  0  0  0  

0  0  61  0  0  0  61  0  0  0  0  61  0  0  61  0  0  0  0  0  0  61  0  0  61  0  0  0  0  61  0  0  0  61  0  0  0  61  0  0  0  0  0  0  0  61  0  0  0  0  0  61  61  0  0  0  0  0  0  61  

0  0  0  0  0  0  0  61  0  0  0  0  61  0  61  0  0  0  61  0  0  61  0  0  61  0  0  0  0  0  0  0  0  0  61  0  0  0  0  0  0  0  0  0  0  0  0  0  0  0  0  0  0  61  0  0  0  0  0  61  

61  0  0  0  0  0  0  0  61  0  0  0  0  61  61  61  0  0  61  0  0  0  61  61  61  0  0  0  0  0  0  0  0  0  0  0  0  0  0  0  0  0  61  0  0  61  0  0  0  0  61  0  0  0  61  61  0  0  0  0  

0  0  61  0  61  0  0  0  0  0  0  61  0  0  0  0  0  61  0  0  0  61  61  0  0  0  0  0  0  0  61  61  61  0  0  0  0  61  0  0  0  61  0  0  0  0  0  0  0  0  0  61  0  0  61  61  61  0  0  0  

61  0  0  61  0  0  0  0  0  0  0  0  0  0  0  0  0  0  0  0  61  0  0  0  0  0  0  0  0  0  0  0  0  0  0  0  0  0  61  0  0  0  61  0  61  0  0  0  0  0  0  0  0  0  0  61  61  0  0  0  

0  0  0  0  0  0  0  0  61  0  0  0  0  0  0  61  0  0  0  0  0  0  0  0  0  0  0  0  0  61  0  0  0  0  0  61  61  0  61  0  0  61  0  0  61  0  0  0  61  0  0  0  0  0  0  0  0  61  0  0  

0  0  0  61  61  0  0  0  0  0  0  0  0  0  0  0  0  61  0  0  0  61  0  0  0  0  0  0  0  0  0  0  0  61  0  61  0  0  0  0  0  0  0  0  0  0  0  0  0  0  0  0  0  0  0  0  0  0  61  0  

61  0  0  0  61  0  0  0  61  0  61  0  61  0  0  0  0  61  0  0  0  0  0  0  0  0  61  0  61  0  0  0  0  0  0  0  0  61  0  61  0  0  0  0  0  0  0  61  0  0  0  0  61  61  0  0  0  0  0  61  

UnPairedArc=
1 4 
1 5 
1 7 
1 8 
1 14 
1 15 
1 25 
1 29 
1 30 
1 32 
1 39 
1 42 
1 49 
1 52 
1 55 
1 57 
1 60 
2 3 
2 4 
2 5 
2 10 
2 22 
2 26 
2 32 
2 39 
2 42 
2 50 
3 8 
3 17 
3 21 
3 26 
3 29 
3 36 
3 44 
3 51 
3 52 
3 53 
3 56 
4 5 
4 13 
4 23 
4 25 
4 26 
4 36 
4 37 
4 38 
4 41 
4 47 
4 51 
4 57 
4 59 
5 8 
5 11 
5 14 
5 15 
5 20 
5 21 
5 22 
5 31 
5 51 
5 56 
5 59 
5 60 
6 14 
6 18 
6 29 
6 37 
6 47 
7 10 
7 13 
7 16 
7 20 
7 25 
7 29 
7 44 
7 49 
7 53 
8 15 
8 17 
8 18 
8 20 
8 23 
8 26 
8 33 
8 36 
8 45 
8 46 
8 49 
8 51 
8 54 
9 13 
9 23 
9 28 
9 32 
9 34 
9 43 
9 46 
9 49 
9 55 
9 58 
9 60 
10 16 
10 17 
10 19 
10 21 
10 22 
10 26 
10 36 
10 38 
10 39 
10 41 
10 47 
10 48 
11 12 
11 13 
11 34 
11 38 
11 39 
11 40 
11 46 
11 50 
11 51 
11 60 
12 18 
12 22 
12 29 
12 44 
12 48 
12 53 
12 56 
13 20 
13 21 
13 39 
13 47 
13 54 
13 60 
14 23 
14 28 
14 30 
14 36 
14 38 
14 45 
14 46 
14 47 
14 51 
14 55 
15 17 
15 19 
15 24 
15 26 
15 29 
15 36 
15 42 
15 50 
15 51 
15 53 
15 54 
15 55 
16 18 
16 19 
16 23 
16 29 
16 37 
16 38 
16 39 
16 45 
16 47 
16 55 
16 58 
17 21 
17 24 
17 28 
17 29 
17 39 
17 41 
17 43 
17 49 
18 20 
18 32 
18 36 
18 41 
18 56 
18 59 
18 60 
19 20 
19 31 
19 32 
19 37 
19 43 
19 45 
19 52 
19 54 
19 55 
20 25 
20 27 
20 30 
20 39 
20 50 
21 25 
21 30 
21 38 
21 45 
21 49 
21 51 
21 57 
22 25 
22 27 
22 33 
22 34 
22 39 
22 40 
22 42 
22 49 
22 50 
22 53 
22 54 
22 56 
22 59 
23 24 
23 25 
23 29 
23 37 
23 52 
23 55 
23 56 
24 30 
24 34 
24 39 
24 45 
24 55 
25 29 
25 32 
25 33 
25 37 
25 38 
25 40 
25 49 
25 50 
25 53 
25 54 
25 55 
26 27 
26 28 
26 29 
26 32 
26 36 
26 39 
27 29 
27 41 
27 47 
27 52 
27 60 
28 43 
28 44 
28 46 
28 47 
29 33 
29 37 
29 39 
29 45 
29 60 
30 33 
30 42 
30 48 
30 50 
30 53 
30 58 
31 32 
31 42 
31 43 
31 49 
31 52 
31 56 
32 37 
32 56 
33 34 
33 36 
33 42 
33 52 
33 56 
34 35 
34 36 
34 46 
34 49 
34 53 
34 59 
35 37 
35 39 
35 42 
35 46 
35 49 
35 54 
36 42 
36 46 
36 52 
36 58 
36 59 
37 40 
37 48 
37 49 
37 58 
38 39 
38 42 
38 53 
38 56 
38 60 
39 40 
39 57 
39 58 
40 41 
40 43 
40 44 
40 48 
40 60 
41 47 
41 48 
42 46 
42 47 
42 48 
42 51 
42 56 
42 58 
43 55 
43 57 
45 48 
45 50 
45 57 
45 58 
46 49 
46 51 
46 53 
46 55 
48 50 
48 60 
49 58 
51 52 
51 55 
52 53 
52 56 
53 60 
54 60 
55 56 
56 57 
