nNodes=100;
 nPairs=1456;
Cost=

101  0  0  0  0  101  0  0  0  0  0  101  0  0  101  0  0  0  0  0  0  0  0  0  0  0  101  0  0  0  101  0  0  101  0  0  0  0  0  0  0  0  0  0  0  0  0  0  0  0  0  0  0  0  0  0  0  0  0  0  0  0  101  101  101  101  101  0  0  0  0  0  0  0  0  101  101  101  0  101  101  0  0  0  101  101  0  0  0  0  0  0  0  101  0  101  0  0  101  0  

0  101  101  0  101  0  0  101  0  0  0  0  101  0  0  101  0  0  101  0  101  0  0  0  101  0  0  0  0  101  0  0  0  0  101  0  0  0  0  101  0  0  0  0  0  0  101  0  0  101  0  101  0  0  0  101  0  101  0  0  101  0  0  0  0  0  101  101  0  0  0  0  101  0  101  0  101  0  0  0  0  0  0  101  0  0  0  101  0  0  101  0  101  0  0  101  101  0  101  101  

0  101  101  101  0  0  0  0  0  0  0  0  0  0  0  0  0  0  0  0  0  0  0  0  0  101  0  0  101  0  101  101  0  0  0  0  0  101  0  0  0  0  0  0  101  101  0  0  0  101  0  0  0  0  101  101  0  101  0  0  0  0  0  0  101  0  0  0  101  0  101  0  0  0  0  0  0  0  0  101  0  101  101  0  0  101  101  0  101  0  0  0  0  101  0  101  0  0  101  0  

0  0  101  101  0  0  101  0  0  0  101  101  0  0  0  0  101  0  0  101  101  0  0  101  0  0  0  0  101  0  0  0  101  0  0  0  0  0  0  0  0  0  0  101  0  0  0  101  0  0  0  101  101  0  0  101  0  0  0  0  101  101  0  0  0  0  101  0  0  0  0  0  0  101  0  0  0  0  101  0  101  0  101  101  101  0  101  0  101  0  0  0  0  101  101  0  0  101  101  0  

0  101  0  0  101  0  101  0  101  0  101  0  101  101  0  0  0  0  0  0  0  0  0  0  101  101  101  0  0  0  101  0  101  0  0  0  101  0  0  101  0  0  0  0  0  101  101  101  101  0  0  101  0  0  0  101  0  0  0  0  0  0  101  0  0  0  0  0  0  0  0  101  101  0  0  0  0  0  101  101  0  0  0  0  101  0  0  101  101  101  0  0  0  0  0  0  101  0  0  101  

101  0  0  0  0  101  101  0  101  0  0  0  0  0  101  0  101  0  0  0  101  0  0  0  0  0  0  0  0  101  0  0  0  0  0  101  0  0  0  0  0  101  0  101  101  0  0  101  0  0  0  0  0  101  0  0  0  0  0  0  0  0  101  101  101  0  0  0  0  0  0  0  0  101  0  101  0  0  0  0  101  0  0  101  101  0  0  0  101  0  0  101  0  0  101  0  101  0  101  0  

0  0  0  101  101  101  101  0  0  101  101  101  0  101  0  0  0  101  0  0  0  101  0  0  101  101  101  0  101  0  0  0  0  101  0  101  101  0  0  0  101  0  0  0  0  0  0  101  0  101  0  0  101  0  0  0  0  0  0  0  0  0  101  0  101  0  0  0  0  101  0  0  0  101  101  101  0  101  101  0  0  0  101  0  0  101  101  0  0  0  101  0  0  0  101  101  0  101  101  0  

0  101  0  0  0  0  0  101  0  0  0  0  0  0  101  101  0  0  0  101  0  101  0  0  101  0  0  0  101  101  101  0  0  0  0  101  0  0  0  101  0  0  0  101  0  0  0  0  101  0  101  0  101  0  0  0  101  101  101  0  0  0  0  0  0  101  0  101  0  0  0  101  0  101  0  0  0  0  0  0  0  0  0  0  101  0  101  101  0  101  0  101  0  0  0  0  101  0  101  0  

0  0  0  0  101  101  0  0  101  0  101  0  0  0  0  0  0  0  0  101  0  0  0  0  0  101  0  0  0  0  0  101  0  0  101  101  0  0  0  0  0  0  101  0  101  0  0  101  101  101  0  0  0  0  0  0  101  0  0  101  0  0  0  0  101  101  101  101  101  101  0  101  0  0  101  0  0  0  0  101  101  0  0  0  0  101  101  101  0  101  101  101  0  0  0  101  0  101  0  0  

0  0  0  0  0  0  101  0  0  101  0  101  0  0  101  101  0  0  0  0  0  0  101  0  101  0  0  0  0  0  101  0  0  101  0  0  101  0  0  0  0  0  0  0  0  0  101  0  0  101  0  0  0  0  0  101  101  0  0  0  0  0  0  0  101  101  0  0  0  0  0  101  0  0  0  101  0  0  0  101  0  0  0  0  101  101  0  101  0  101  101  0  0  0  0  0  0  0  0  0  

0  0  0  101  101  0  101  0  101  0  101  0  0  0  0  0  0  0  101  0  101  0  101  101  0  101  0  101  0  0  0  0  101  0  0  0  0  0  0  101  0  0  0  0  0  0  0  101  0  101  101  101  101  101  101  0  0  0  101  0  0  0  101  101  0  101  101  101  0  0  0  0  101  0  101  101  0  0  0  0  101  0  0  0  0  101  101  0  0  101  0  101  101  0  0  0  0  101  101  0  

101  0  0  101  0  0  101  0  0  101  0  101  0  0  0  101  0  0  101  0  101  0  101  0  0  101  0  0  0  0  0  0  0  0  0  0  0  101  0  0  0  0  0  0  101  0  0  101  0  101  0  101  0  0  101  0  0  101  0  0  0  0  101  0  0  0  0  0  101  0  101  0  0  0  0  0  0  0  0  0  101  101  101  101  101  0  0  0  0  101  101  101  0  101  0  101  101  101  101  101  

0  101  0  0  101  0  0  0  0  0  0  0  101  0  0  0  101  0  0  101  101  0  101  0  0  101  101  0  0  0  101  0  0  0  0  0  101  0  0  0  101  101  0  0  0  0  0  0  0  0  0  101  101  0  0  0  0  0  0  0  0  101  101  0  0  101  101  0  0  0  0  101  101  0  101  0  0  0  0  101  101  101  0  0  0  0  0  0  0  0  101  0  0  0  0  0  101  0  0  101  

0  0  0  0  101  0  101  0  0  0  0  0  0  101  0  0  101  0  0  101  0  0  0  0  101  0  0  0  0  0  101  0  0  0  0  0  0  0  101  0  0  0  0  0  0  0  101  0  0  0  0  0  0  0  0  101  0  0  0  0  101  0  0  0  0  0  0  101  0  0  0  0  0  0  0  0  101  0  0  0  0  0  0  0  0  0  0  101  0  101  0  101  0  0  0  101  101  0  101  0  

101  0  0  0  0  101  0  101  0  101  0  0  0  0  101  101  0  0  0  101  101  0  0  101  101  0  0  101  0  101  0  0  0  0  0  0  0  0  0  0  0  0  101  0  0  0  0  0  0  0  0  0  0  0  101  0  0  0  101  0  0  0  101  0  0  0  101  0  0  0  101  0  101  0  0  0  101  101  0  0  0  0  101  0  0  101  101  0  0  0  0  0  101  0  0  0  0  0  0  0  

0  101  0  0  0  0  0  101  0  101  0  101  0  0  101  101  0  0  101  101  101  0  0  101  0  101  0  0  101  0  0  0  0  0  101  101  0  0  101  0  101  0  101  0  0  0  101  101  101  0  101  0  0  101  0  0  0  101  0  101  0  0  0  0  0  0  101  0  0  0  101  101  0  101  0  0  101  101  101  0  0  0  0  0  0  101  101  101  0  0  0  101  101  101  101  101  101  0  0  0  

0  0  0  101  0  101  0  0  0  0  0  0  101  101  0  0  101  0  0  0  101  101  0  101  101  0  0  0  0  0  0  0  101  0  0  101  0  101  101  0  101  0  0  0  0  101  0  101  101  0  0  0  0  101  101  101  0  0  101  0  0  0  0  0  0  0  0  0  0  101  101  0  0  0  0  101  0  101  101  0  0  0  0  101  0  101  0  0  0  101  0  101  0  0  101  101  0  0  0  101  

0  0  0  0  0  0  101  0  0  0  0  0  0  0  0  0  0  101  101  101  0  0  0  0  0  0  101  0  0  101  101  0  0  0  0  0  0  0  0  0  0  0  101  101  0  0  0  101  0  0  101  0  101  0  0  101  0  0  101  0  101  101  0  0  0  0  0  0  0  0  101  0  101  0  0  0  101  0  0  101  0  101  101  0  0  0  0  0  0  0  0  0  101  0  101  0  0  101  0  0  

0  101  0  0  0  0  0  0  0  0  101  101  0  0  0  101  0  101  101  0  101  0  0  0  101  0  0  0  0  0  101  101  0  101  0  101  0  0  0  101  0  0  0  0  0  0  0  0  0  101  0  101  0  101  101  0  0  0  0  0  101  0  101  0  0  101  0  0  101  0  0  0  0  101  0  0  101  0  0  0  101  101  101  0  0  0  0  0  0  101  0  0  0  0  101  0  0  101  0  0  

0  0  0  101  0  0  0  101  101  0  0  0  101  101  101  101  0  101  0  101  0  0  0  0  0  0  0  0  0  0  101  101  0  101  0  0  0  0  0  101  0  101  0  0  0  0  101  0  101  0  0  0  0  0  0  0  0  0  0  0  0  0  0  0  101  0  0  101  0  0  0  101  101  101  0  0  0  101  101  0  0  0  101  0  101  0  0  0  101  0  101  0  0  101  0  0  101  101  0  0  

0  101  0  101  0  101  0  0  0  0  101  101  101  0  101  101  101  0  101  0  101  0  101  0  0  0  101  0  0  0  101  0  0  0  0  0  101  0  0  0  0  0  101  0  0  0  0  101  0  0  101  0  101  0  0  101  0  0  0  0  101  0  0  0  0  101  0  0  0  0  0  0  0  0  0  101  0  0  0  0  0  0  101  0  101  0  101  101  101  0  0  0  101  101  0  0  0  101  0  0  

0  0  0  0  0  0  101  101  0  0  0  0  0  0  0  0  101  0  0  0  0  101  0  0  0  0  0  101  0  101  0  101  0  0  0  0  0  101  0  0  101  0  0  0  0  0  0  0  101  0  0  0  0  0  101  0  0  0  0  0  101  0  101  0  101  0  0  101  0  0  101  0  101  0  101  0  101  0  101  101  0  0  0  0  0  101  0  0  0  0  0  0  101  101  0  0  0  0  101  0  

0  0  0  0  0  0  0  0  0  101  101  101  101  0  0  0  0  0  0  0  101  0  101  0  0  101  101  0  0  101  0  0  101  0  0  0  0  0  0  0  0  0  101  0  0  0  0  0  0  0  0  101  0  0  101  0  0  0  0  0  101  101  0  0  0  0  0  0  101  0  0  101  0  0  0  101  0  0  101  0  0  0  0  0  0  0  101  0  0  0  0  101  0  0  101  0  101  0  101  101  

0  0  0  101  0  0  0  0  0  0  101  0  0  0  101  101  101  0  0  0  0  0  0  101  0  0  0  0  0  101  0  101  0  0  0  101  0  101  0  0  0  0  0  0  0  0  0  101  101  0  0  0  0  101  101  101  101  0  101  0  101  101  101  0  0  0  0  0  0  101  0  0  0  0  101  101  0  0  0  101  0  101  101  101  101  0  0  0  0  101  101  0  0  101  0  0  0  0  0  0  

0  101  0  0  101  0  101  101  0  101  0  0  0  101  101  0  101  0  101  0  0  0  0  0  101  101  0  101  0  0  0  101  0  101  0  0  0  0  101  101  0  0  0  0  101  0  0  0  0  0  101  0  101  0  0  0  0  0  0  0  0  0  0  0  0  101  0  0  101  0  101  0  0  0  0  0  0  0  101  101  0  0  0  101  101  0  0  0  101  101  101  101  0  0  0  101  0  0  0  0  

0  0  101  0  101  0  101  0  101  0  101  101  101  0  0  101  0  0  0  0  0  0  101  0  101  101  0  101  101  0  101  0  0  0  0  0  101  0  101  0  0  101  101  101  0  0  101  0  0  101  101  0  0  101  0  0  0  0  0  0  0  101  0  101  101  101  101  0  0  101  0  101  101  0  101  0  0  0  0  0  101  0  0  0  0  0  0  101  0  0  0  0  101  0  101  0  101  0  0  0  

101  0  0  0  101  0  101  0  0  0  0  0  101  0  0  0  0  101  0  0  101  0  101  0  0  0  101  101  101  0  101  0  0  101  101  0  0  101  0  101  0  0  0  0  101  0  0  0  0  0  101  101  0  101  0  0  101  0  0  0  0  101  0  101  101  0  0  0  0  0  0  101  0  101  101  0  0  101  101  0  101  0  0  101  0  0  0  0  0  0  101  101  0  0  0  0  0  0  0  0  

0  0  0  0  0  0  0  0  0  0  101  0  0  0  101  0  0  0  0  0  0  101  0  0  101  101  101  101  0  101  101  0  0  0  101  0  101  0  0  0  101  0  0  0  0  0  101  0  101  0  0  0  0  0  0  0  0  101  0  101  0  101  101  0  0  101  0  101  101  101  0  101  0  0  0  0  101  0  0  0  101  0  101  101  0  0  0  0  0  101  0  0  0  0  0  0  0  0  0  0  

0  0  101  101  0  0  101  101  0  0  0  0  0  0  0  101  0  0  0  0  0  0  0  0  0  101  101  0  101  0  0  101  101  101  0  0  0  101  101  101  0  101  0  0  0  0  0  101  0  0  0  0  0  0  101  101  0  0  0  0  0  101  101  0  101  0  0  0  0  101  0  101  101  0  0  101  0  0  101  101  101  101  0  0  0  0  0  101  0  101  0  0  0  0  0  0  0  0  0  0  

0  101  0  0  0  101  0  101  0  0  0  0  0  0  101  0  0  101  0  0  0  101  101  101  0  0  0  101  0  101  0  101  0  0  0  0  101  101  0  0  0  101  0  0  0  0  0  0  0  0  0  101  101  0  101  0  0  0  0  0  0  0  101  101  101  0  0  0  0  0  0  0  101  101  101  101  0  0  0  101  0  0  0  0  0  0  0  101  0  0  101  0  0  0  0  0  101  101  0  101  

101  0  101  0  101  0  0  101  0  101  0  0  101  101  0  0  0  101  101  101  101  0  0  0  0  101  101  101  0  0  101  101  0  0  101  0  101  0  0  0  0  0  0  0  0  0  0  101  0  101  0  101  0  0  101  0  0  0  0  101  0  101  0  0  0  101  0  0  0  0  0  101  0  0  101  101  101  0  0  0  0  101  0  0  0  101  0  0  0  0  101  0  0  0  0  101  101  0  0  0  

0  0  101  0  0  0  0  0  101  0  0  0  0  0  0  0  0  0  101  101  0  101  0  101  101  0  0  0  101  101  101  101  101  101  101  101  101  101  101  101  0  0  101  0  101  101  0  0  0  0  0  0  0  0  0  0  101  0  0  0  101  0  0  0  101  0  0  0  0  0  0  0  101  101  0  0  0  0  0  101  0  0  101  0  0  101  101  0  0  101  101  101  101  0  101  0  0  0  0  0  

0  0  0  101  101  0  0  0  0  0  101  0  0  0  0  0  101  0  0  0  0  0  101  0  0  0  0  0  101  0  0  101  101  101  0  0  0  101  0  0  0  0  101  0  101  0  101  0  0  0  0  0  101  0  0  0  0  0  101  101  0  0  101  101  0  101  101  0  0  0  0  101  0  0  0  0  0  0  101  0  101  101  0  101  101  0  101  0  0  0  0  0  101  0  0  0  101  0  101  0  

101  0  0  0  0  0  101  0  0  101  0  0  0  0  0  0  0  0  101  101  0  0  0  0  101  0  101  0  101  0  0  101  101  101  0  0  0  101  0  101  0  0  101  0  0  0  0  101  0  0  0  101  0  0  0  0  0  0  0  0  101  0  0  101  0  0  0  0  0  0  0  101  101  0  0  0  101  101  0  101  101  0  101  0  0  0  0  0  0  101  0  0  0  0  0  101  101  101  0  0  

0  101  0  0  0  0  0  0  101  0  0  0  0  0  0  101  0  0  0  0  0  0  0  0  0  0  101  101  0  0  101  101  0  0  101  0  0  101  0  101  0  0  101  0  0  0  0  0  101  0  101  0  101  0  101  101  0  101  0  0  0  0  101  0  0  101  0  101  0  101  0  0  101  0  0  0  0  0  101  0  101  101  101  0  101  0  0  101  0  0  0  0  0  0  101  0  0  101  0  0  

0  0  0  0  0  101  101  101  101  0  0  0  0  0  0  101  101  0  101  0  0  0  0  101  0  0  0  0  0  0  0  101  0  0  0  101  0  0  0  101  0  0  0  101  101  101  0  0  101  0  101  101  0  0  0  101  101  0  101  101  0  0  0  101  0  101  101  0  101  0  0  0  0  0  0  0  0  0  101  0  0  101  0  101  0  101  0  0  0  101  0  0  0  0  0  101  101  101  0  0  

0  0  0  0  101  0  101  0  0  101  0  0  101  0  0  0  0  0  0  0  101  0  0  0  0  101  0  101  0  101  101  101  0  0  0  0  101  0  0  0  0  0  0  101  0  101  0  0  101  0  101  101  0  0  0  0  0  0  101  101  0  0  0  0  101  0  0  0  101  0  101  101  0  0  0  101  101  101  101  0  0  101  0  0  0  0  0  101  0  101  101  101  101  101  0  0  101  0  101  0  

0  0  101  0  0  0  0  0  0  0  0  101  0  0  0  0  101  0  0  0  0  101  0  101  0  0  101  0  101  101  0  101  101  101  101  0  0  101  101  0  0  0  0  0  101  0  0  101  0  0  0  101  101  0  101  0  101  0  0  101  0  0  0  101  0  0  101  101  0  0  0  0  0  0  0  101  0  0  0  0  0  0  0  0  101  0  0  0  0  0  101  0  0  0  0  0  0  101  0  0  

0  0  0  0  0  0  0  0  0  0  0  0  0  101  0  101  101  0  0  0  0  0  0  0  101  101  0  0  101  0  0  101  0  0  0  0  0  101  101  101  0  0  101  0  0  101  0  0  101  101  0  0  101  0  0  0  0  0  0  0  101  101  0  0  0  0  0  101  0  0  0  0  0  0  101  0  101  0  0  0  0  0  101  101  0  101  0  0  0  0  0  0  0  101  101  0  101  101  101  101  

0  101  0  0  101  0  0  101  0  0  101  0  0  0  0  0  0  0  101  101  0  0  0  0  101  0  101  0  101  0  0  101  0  101  101  101  0  0  101  101  101  0  0  101  0  101  101  0  0  101  101  0  0  0  0  0  0  101  0  0  101  0  0  0  0  0  101  0  0  0  101  0  0  0  0  0  0  0  0  0  101  0  0  101  0  0  0  0  0  101  0  0  0  101  0  0  101  0  0  0  

0  0  0  0  0  0  101  0  0  0  0  0  101  0  0  101  101  0  0  0  0  101  0  0  0  0  0  101  0  0  0  0  0  0  0  0  0  0  0  101  101  0  101  0  0  0  0  0  0  101  0  0  0  0  0  101  0  0  0  0  0  101  101  0  0  0  101  0  101  0  0  101  0  0  101  0  101  0  0  0  0  0  0  0  101  0  0  0  0  0  0  0  0  101  0  0  101  101  0  0  

0  0  0  0  0  101  0  0  0  0  0  0  101  0  0  0  0  0  0  101  0  0  0  0  0  101  0  0  101  101  0  0  0  0  0  0  0  0  0  0  0  101  0  0  101  0  101  101  0  101  0  0  101  0  0  101  0  0  0  0  101  0  0  0  0  101  0  0  0  0  0  0  0  0  101  0  101  0  0  0  0  0  0  101  0  101  101  0  101  101  0  101  0  0  101  101  101  0  0  0  

0  0  0  0  0  0  0  0  101  0  0  0  0  0  101  101  0  101  0  0  101  0  101  0  0  101  0  0  0  0  0  101  101  101  101  0  0  0  101  0  101  0  101  0  0  0  0  0  0  0  0  101  101  0  101  101  0  0  0  101  0  0  101  101  0  0  101  101  101  0  0  0  101  0  0  0  101  0  101  0  0  0  0  0  101  0  0  0  0  101  101  101  0  0  0  101  0  0  0  0  

0  0  0  101  0  101  0  101  0  0  0  0  0  0  0  0  0  101  0  0  0  0  0  0  0  101  0  0  0  0  0  0  0  0  0  101  101  0  0  101  0  0  0  101  0  0  101  0  0  0  0  0  0  0  0  0  101  0  0  0  0  101  101  0  0  0  0  0  0  0  101  101  101  101  0  0  0  0  0  0  0  101  101  101  101  0  101  101  101  0  101  0  0  0  0  0  0  0  101  101  

0  0  101  0  0  101  0  0  101  0  0  101  0  0  0  0  0  0  0  0  0  0  0  0  101  0  101  0  0  0  0  101  101  0  0  101  0  101  0  0  0  101  0  0  101  101  0  101  0  0  0  0  0  0  101  0  0  0  0  0  101  0  0  0  0  0  0  0  101  101  0  0  0  0  0  101  0  101  0  0  0  0  0  0  0  0  0  0  0  0  0  0  0  0  0  0  0  0  0  0  

0  0  101  0  101  0  0  0  0  0  0  0  0  0  0  0  101  0  0  0  0  0  0  0  0  0  0  0  0  0  0  101  0  0  0  101  101  0  101  101  0  0  0  0  101  101  0  101  0  0  0  101  0  0  0  0  0  0  0  101  0  101  101  0  101  0  101  0  0  0  101  0  0  0  0  101  0  0  0  0  0  0  0  0  0  101  0  0  101  0  0  0  101  0  101  101  0  101  101  101  

0  101  0  0  101  0  0  0  0  101  0  0  0  101  0  101  0  0  0  101  0  0  0  0  0  101  0  101  0  0  0  0  101  0  0  0  0  0  0  101  0  101  0  101  0  0  101  101  0  0  0  0  0  0  0  0  0  0  0  0  0  0  0  0  0  101  101  0  0  0  101  0  101  0  0  101  101  0  101  0  0  0  0  101  0  0  0  0  0  101  101  0  0  101  0  101  0  0  101  0  

0  0  0  101  101  101  101  0  101  0  101  101  0  0  0  101  101  101  0  0  101  0  0  101  0  0  0  0  101  0  101  0  0  101  0  0  0  101  0  0  0  101  0  0  101  101  101  101  0  101  101  0  0  0  0  101  0  0  0  0  0  0  0  101  101  0  0  101  0  101  0  0  0  101  0  0  0  101  0  0  0  101  0  0  0  0  0  0  0  0  0  0  101  0  0  0  0  0  101  0  

0  0  0  0  101  0  0  101  101  0  0  0  0  0  0  101  101  0  0  101  0  101  0  101  0  0  0  101  0  0  0  0  0  0  101  101  101  0  101  0  0  0  0  0  0  0  0  0  101  101  0  101  101  101  0  0  0  0  101  0  0  0  0  0  101  0  0  101  0  0  101  101  0  0  101  101  0  0  101  101  101  0  0  0  101  0  0  0  0  0  0  0  0  0  0  0  101  101  101  0  

0  101  101  0  0  0  101  0  101  101  101  101  0  0  0  0  0  0  101  0  0  0  0  0  0  101  0  0  0  0  101  0  0  0  0  0  0  0  101  101  101  101  0  0  0  0  0  101  101  101  0  0  0  0  0  0  101  101  0  0  101  0  0  101  101  101  0  0  0  101  0  0  0  0  101  0  0  0  101  101  0  0  0  0  0  0  0  101  0  0  0  101  0  101  0  0  101  0  101  0  

0  0  0  0  0  0  0  101  0  0  101  0  0  0  0  101  0  101  0  0  101  0  0  0  101  101  101  0  0  0  0  0  0  0  101  101  101  0  0  101  0  0  0  0  0  0  0  101  0  0  101  0  0  0  101  0  0  0  0  0  0  101  101  0  101  101  0  101  0  0  0  0  101  0  0  0  101  0  101  0  0  101  0  0  0  101  0  0  0  101  0  0  0  0  0  0  0  101  0  0  

0  101  0  101  101  0  0  0  0  0  101  101  101  0  0  0  0  0  101  0  0  0  101  0  0  0  101  0  0  101  101  0  0  101  0  101  101  101  0  0  0  0  101  0  0  101  0  0  101  0  0  101  0  0  0  0  0  101  0  0  0  0  101  0  101  101  0  0  0  0  101  101  0  0  101  0  0  101  101  0  101  101  0  0  0  0  0  0  0  0  101  0  101  0  0  0  0  0  101  0  

0  0  0  101  0  0  101  101  0  0  101  0  101  0  0  0  0  101  0  0  101  0  0  0  101  0  0  0  0  101  0  0  101  0  101  0  0  101  101  0  0  101  101  0  0  0  0  0  101  0  0  0  101  101  101  0  101  0  0  101  0  0  101  101  0  101  101  0  0  0  0  101  0  101  0  0  0  0  0  0  0  0  101  0  0  101  101  0  101  0  0  0  101  0  0  101  101  0  0  101  

0  0  0  0  0  101  0  0  0  0  101  0  0  0  0  101  101  0  101  0  0  0  0  101  0  101  101  0  0  0  0  0  0  0  0  0  0  0  0  0  0  0  0  0  0  0  0  0  101  0  0  0  101  101  0  0  0  0  0  0  0  0  0  101  101  0  0  0  0  0  0  0  0  0  0  0  0  101  101  101  0  101  0  0  101  101  101  0  0  0  0  0  101  0  0  0  101  0  0  101  

0  0  101  0  0  0  0  0  0  0  101  101  0  0  101  0  101  0  101  0  0  101  101  101  0  0  0  0  101  101  101  0  0  0  101  0  0  101  0  0  0  0  101  0  101  0  0  0  0  0  101  0  101  0  101  0  101  0  0  101  0  0  101  0  0  0  0  101  0  101  0  0  0  0  101  101  0  0  101  0  101  0  0  0  0  0  0  0  0  101  101  0  0  101  0  0  0  0  0  0  

0  101  101  101  101  0  0  0  0  101  0  0  0  101  0  0  101  101  0  0  101  0  0  101  0  0  0  0  101  0  0  0  0  0  101  101  0  0  0  0  101  101  101  0  0  0  0  101  0  0  0  0  0  0  0  101  101  0  0  0  0  0  0  0  0  0  0  101  101  0  0  0  0  0  0  101  101  0  101  0  101  0  0  0  101  0  0  0  0  0  101  0  0  0  101  0  101  0  101  0  

0  0  0  0  0  0  0  101  101  101  0  0  0  0  0  0  0  0  0  0  0  0  0  101  0  0  101  0  0  0  0  101  0  0  0  101  0  101  0  0  0  0  0  101  0  0  0  0  0  101  0  0  101  0  101  101  101  0  0  0  0  0  0  0  0  0  0  0  101  0  0  0  0  0  0  0  101  0  0  0  0  0  101  0  0  0  101  0  0  101  0  101  101  0  0  0  0  0  0  0  

0  101  101  0  0  0  0  101  0  0  0  101  0  0  0  101  0  0  0  0  0  0  0  0  0  0  0  101  0  0  0  0  0  0  101  0  0  0  0  101  0  0  0  0  0  0  0  0  0  101  0  101  0  0  0  0  0  101  0  0  0  0  0  101  101  0  0  0  0  101  0  0  0  0  101  0  101  0  0  0  0  0  101  101  101  101  0  0  0  0  0  101  101  0  0  101  0  0  0  0  

0  0  0  0  0  0  0  101  0  0  101  0  0  0  101  0  101  101  0  0  0  0  0  101  0  0  0  0  0  0  0  0  101  0  0  101  101  0  0  0  0  0  0  0  0  0  0  0  101  0  0  0  0  0  0  0  0  0  101  0  0  0  0  0  101  0  0  0  0  101  0  0  0  0  0  0  0  0  0  101  0  101  101  0  0  0  101  101  0  0  101  0  0  0  0  0  0  0  0  0  

0  0  0  0  0  0  0  0  101  0  0  0  0  0  0  101  0  0  0  0  0  0  0  0  0  0  0  101  0  0  101  0  101  0  0  101  101  101  0  0  0  0  101  0  0  101  0  0  0  0  0  0  101  0  101  0  0  0  0  101  101  0  101  0  0  0  0  101  0  101  0  101  0  0  101  0  0  101  101  0  0  101  0  0  101  101  0  0  0  101  0  101  0  101  101  101  0  101  101  0  

0  101  0  101  0  0  0  0  0  0  0  0  0  101  0  0  0  101  101  0  101  101  101  101  0  0  0  0  0  0  0  101  0  101  0  0  0  0  101  101  0  101  0  0  101  0  0  0  0  101  0  0  0  0  0  0  0  0  0  101  101  0  0  101  101  0  101  0  0  0  0  101  0  0  0  0  0  0  0  0  0  101  0  101  0  0  101  101  0  0  0  101  0  0  0  0  0  0  0  0  

0  0  0  101  0  0  0  0  0  0  0  0  101  0  0  0  0  101  0  0  0  0  101  101  0  101  101  101  101  0  101  0  0  0  0  0  0  0  101  0  101  0  0  101  0  101  0  0  0  0  101  0  0  0  0  0  0  0  0  0  0  101  0  101  0  101  0  0  101  0  0  0  101  0  0  0  0  0  101  0  101  0  0  0  101  101  0  0  0  101  0  0  0  0  0  0  0  0  0  101  

101  0  0  0  101  101  101  0  0  0  101  101  101  0  101  0  0  0  101  0  0  101  0  101  0  0  0  101  101  101  0  0  101  0  101  0  0  0  0  0  101  0  101  101  0  101  0  0  0  0  101  101  101  0  101  0  0  0  0  101  0  0  101  0  0  0  101  101  101  0  0  0  101  101  101  0  101  101  0  0  0  0  101  0  101  0  0  0  0  0  0  0  0  0  0  0  101  0  0  0  

101  0  0  0  0  101  0  0  0  0  101  0  0  0  0  0  0  0  0  0  0  0  0  0  0  101  101  0  0  101  0  0  101  101  0  101  0  101  0  0  0  0  101  0  0  0  0  101  0  101  0  0  101  101  0  0  0  101  0  0  101  101  0  101  0  0  101  0  0  0  101  0  101  0  101  0  101  0  0  101  0  0  0  101  0  0  0  0  0  0  101  0  101  0  101  0  101  0  0  101  

101  0  101  0  0  101  101  0  101  101  0  0  0  0  0  0  0  0  0  101  0  101  0  0  0  101  101  0  101  101  0  101  0  0  0  0  101  0  0  0  0  0  0  0  0  101  0  101  101  101  101  101  0  101  0  0  0  101  101  0  101  0  0  0  101  101  101  0  0  101  0  0  0  0  0  101  0  0  0  0  0  0  101  0  0  101  101  101  0  0  0  0  0  0  0  0  101  0  0  101  

101  0  0  0  0  0  0  101  101  101  101  0  101  0  0  0  0  0  101  0  101  0  0  0  101  101  0  101  0  0  101  0  101  0  101  101  0  0  0  0  0  101  0  0  0  0  101  0  0  101  101  101  101  0  0  0  0  0  0  0  0  101  0  0  101  101  0  0  0  0  0  0  0  0  0  0  0  0  0  101  101  101  101  0  0  0  0  0  0  101  101  101  0  0  101  0  0  0  101  101  

101  101  0  101  0  0  0  0  101  0  101  0  101  0  101  101  0  0  0  0  0  0  0  0  0  101  0  0  0  0  0  0  101  0  0  101  0  101  0  101  101  0  101  0  0  101  101  0  0  0  0  0  101  0  0  0  0  0  0  0  101  0  101  101  101  0  101  0  0  0  101  0  0  0  0  0  101  0  0  0  0  101  0  0  0  0  0  0  0  101  0  0  0  0  0  101  0  0  0  0  

0  101  0  0  0  0  0  101  101  0  101  0  0  101  0  0  0  0  0  101  0  101  0  0  0  0  0  101  0  0  0  0  0  0  101  0  0  101  101  0  0  0  101  0  0  0  0  101  101  0  101  0  0  0  101  101  0  0  0  101  0  0  101  0  0  0  0  101  0  101  0  101  0  0  101  101  0  0  0  101  101  0  0  101  0  101  101  0  0  101  101  101  0  101  0  101  0  0  0  0  

0  0  101  0  0  0  0  0  101  0  0  101  0  0  0  0  0  0  101  0  0  0  101  0  101  0  0  101  0  0  0  0  0  0  0  101  101  0  0  0  101  0  101  0  101  0  0  0  0  0  0  0  0  0  0  101  101  0  0  0  0  101  101  0  0  0  0  0  101  0  0  0  0  0  0  101  0  0  0  101  0  0  0  0  101  0  101  0  101  0  0  0  0  101  101  0  0  101  101  0  

0  0  0  0  0  0  101  0  101  0  0  0  0  0  0  0  101  0  0  0  0  0  0  101  0  101  0  101  101  0  0  0  0  0  101  0  0  0  0  0  0  0  0  0  101  0  0  101  0  101  0  0  0  0  101  0  0  101  101  101  0  0  0  0  101  0  0  101  0  101  0  0  0  0  101  0  101  0  101  0  0  0  101  101  101  101  0  0  101  0  0  101  0  0  0  101  101  101  0  0  

0  0  101  0  0  0  0  0  0  0  0  101  0  0  101  101  101  101  0  0  0  101  0  0  101  0  0  0  0  0  0  0  0  0  0  0  101  0  0  101  0  0  0  101  0  101  101  0  101  0  0  101  0  0  0  0  0  0  0  0  0  0  0  101  0  0  101  0  0  0  101  0  0  0  0  101  101  0  101  0  0  0  0  0  0  0  0  0  101  101  0  0  0  0  0  0  0  101  0  101  

0  0  0  0  101  0  0  101  101  101  0  0  101  0  0  101  0  0  0  101  0  0  101  0  0  101  101  101  101  0  101  0  101  101  0  0  101  0  0  0  101  0  0  101  0  0  0  0  101  0  0  101  101  0  0  0  0  0  0  101  101  0  0  0  0  0  0  101  0  0  0  101  0  101  0  0  101  0  101  0  0  0  0  0  0  0  0  0  0  0  0  101  0  0  0  0  0  0  0  0  

0  101  0  0  101  0  0  0  0  0  101  0  101  0  101  0  0  101  0  101  0  101  0  0  0  101  0  0  101  101  0  101  0  101  101  0  0  0  0  0  0  0  101  101  0  0  101  0  0  0  101  0  0  0  0  0  0  0  0  0  0  101  101  101  0  0  0  0  0  0  0  0  101  0  0  0  0  101  0  101  0  0  0  0  0  101  101  101  0  101  0  0  0  0  101  0  0  0  101  0  

0  0  0  101  0  101  101  101  0  0  0  0  0  0  0  101  0  0  101  101  0  0  0  0  0  0  101  0  0  101  0  101  0  0  0  0  0  0  0  0  0  0  0  101  0  0  0  101  0  0  0  0  101  0  0  0  0  0  0  0  0  0  101  0  0  0  0  0  0  0  0  101  0  101  101  0  101  0  0  0  0  101  101  0  0  0  101  101  101  0  0  0  0  0  0  0  101  0  0  0  

0  101  0  0  0  0  101  0  101  0  101  0  101  0  0  0  0  0  0  0  0  101  0  101  0  101  101  0  0  101  101  0  0  0  0  0  0  0  101  0  101  101  0  0  0  0  0  0  101  101  0  101  0  0  101  0  0  101  0  101  0  0  101  101  0  0  0  101  0  101  0  0  0  101  101  0  101  101  0  0  0  101  0  101  0  0  0  101  0  101  0  0  0  0  101  0  0  0  0  0  

101  0  0  0  0  101  101  0  0  101  101  0  0  0  0  0  101  0  0  0  101  0  101  101  0  0  0  0  101  101  101  0  0  0  0  0  101  101  0  0  0  0  0  0  101  101  101  0  101  0  0  0  0  0  101  101  0  0  0  0  0  0  0  0  101  0  0  101  101  0  101  0  0  0  0  101  0  0  0  0  101  101  101  0  0  0  0  101  0  0  0  0  0  0  0  101  0  0  101  101  

101  101  0  0  0  0  0  0  0  0  0  0  0  101  101  101  0  101  101  0  0  101  0  0  0  0  0  101  0  0  101  0  0  101  0  0  101  0  101  0  101  101  101  0  0  0  101  0  0  0  101  0  0  0  0  101  101  101  0  0  0  0  101  101  0  0  101  0  0  101  101  101  0  101  101  0  101  0  0  0  0  0  101  0  101  101  0  101  101  0  101  0  101  0  0  0  0  0  0  0  

101  0  0  0  0  0  101  0  0  0  0  0  0  0  101  101  101  0  0  101  0  0  0  0  0  0  101  0  0  0  0  0  0  101  0  0  101  0  0  0  0  0  0  0  101  0  0  101  0  0  0  101  0  101  0  0  0  0  0  101  0  0  101  0  0  0  0  0  0  0  0  0  101  0  101  0  0  101  0  101  0  0  101  0  101  0  101  101  0  0  0  101  0  101  101  0  0  0  101  0  

0  0  0  101  101  0  101  0  0  0  0  0  0  0  0  101  101  0  0  101  0  101  101  0  101  0  101  0  101  0  0  0  101  0  101  101  101  0  0  0  0  0  101  0  0  0  101  0  101  101  101  101  0  101  101  101  0  0  0  101  0  101  0  0  0  0  0  0  0  101  101  101  0  0  0  0  0  0  101  0  0  101  0  0  101  101  0  0  0  0  101  101  0  0  101  0  0  0  0  0  

101  0  101  0  101  0  0  0  101  101  0  0  101  0  0  0  0  101  0  0  0  101  0  101  101  0  0  0  101  101  0  101  0  101  0  0  0  0  0  0  0  0  0  0  0  0  0  0  101  101  0  0  0  101  0  0  0  0  101  0  0  0  0  101  0  101  0  101  101  0  0  0  101  0  0  0  0  101  0  101  0  0  101  0  0  101  0  0  101  0  101  101  101  0  101  101  101  0  0  0  

101  0  0  101  0  101  0  0  101  0  101  101  101  0  0  0  0  0  101  0  0  0  0  0  0  101  101  101  101  0  0  0  101  101  101  0  0  0  0  101  0  0  0  0  0  0  0  0  101  0  0  101  0  0  101  101  0  0  0  0  0  101  0  0  0  101  0  101  0  0  0  0  0  0  0  101  0  0  0  0  101  0  101  0  0  0  0  0  0  101  101  0  0  101  101  101  101  0  0  0  

0  0  101  0  0  0  0  0  0  0  0  101  101  0  0  0  0  101  101  0  0  0  0  101  0  0  0  0  101  0  101  0  101  0  101  101  101  0  0  0  0  0  0  101  0  0  0  101  0  0  101  101  0  101  0  0  0  0  101  101  101  0  0  0  0  101  101  0  0  0  0  0  0  101  101  101  0  0  101  0  0  101  0  101  0  0  101  0  0  101  0  0  0  0  101  0  0  0  101  101  

0  0  101  101  0  0  101  0  0  0  0  101  0  0  101  0  0  101  101  101  101  0  0  101  0  0  0  101  0  0  0  101  0  101  101  0  0  0  101  0  0  0  0  101  0  0  0  0  0  0  0  0  101  0  0  0  101  101  101  0  0  0  101  0  101  101  0  0  0  101  0  0  0  101  0  101  101  101  0  101  101  0  101  0  101  0  0  0  101  101  0  0  101  0  101  101  0  101  101  0  

0  101  0  101  0  101  0  0  0  0  0  101  0  0  0  0  101  0  0  0  0  0  0  101  101  0  101  101  0  0  0  0  101  0  0  101  0  0  101  101  0  101  0  101  0  0  101  0  0  0  0  0  0  0  0  0  0  101  0  0  101  0  0  101  0  0  0  101  0  101  0  0  0  0  101  0  0  0  0  0  0  101  0  101  0  0  101  0  0  0  0  0  0  101  0  0  0  101  0  0  

101  0  0  101  101  101  0  101  0  101  0  101  0  0  0  0  0  0  0  101  101  0  0  101  101  0  0  0  0  0  0  0  101  0  101  0  0  101  0  0  101  0  101  101  0  0  0  0  101  0  0  0  0  101  0  101  0  101  0  101  0  101  101  0  0  0  0  0  101  101  0  0  0  0  0  0  101  101  101  0  0  0  101  0  101  101  101  0  0  0  0  0  101  101  101  0  0  0  0  0  

101  0  101  0  0  0  101  0  101  101  101  0  0  0  101  101  101  0  0  0  0  101  0  0  0  0  0  0  0  0  101  101  0  0  0  101  0  0  101  0  0  101  0  0  0  101  0  0  0  0  101  0  101  101  0  0  0  101  0  101  0  101  0  0  101  0  0  101  0  101  0  0  101  0  0  0  101  0  101  101  0  0  0  0  101  101  101  0  0  0  0  0  0  0  0  101  0  101  0  101  

0  0  101  101  0  0  101  101  101  0  101  0  0  0  101  101  0  0  0  0  101  0  101  0  0  0  0  0  0  0  0  101  101  0  0  0  0  0  0  0  0  101  0  101  0  0  0  0  0  0  0  0  101  101  0  0  101  0  101  0  101  0  0  0  101  0  0  101  101  0  0  0  101  101  0  0  0  101  0  0  0  101  0  101  101  101  101  0  101  0  0  0  0  0  0  0  101  0  0  0  

0  101  0  0  101  0  0  101  101  101  0  0  0  101  0  101  0  0  0  0  101  0  0  0  0  101  0  0  101  101  0  0  0  0  101  0  101  0  0  0  0  0  0  101  0  0  0  0  0  101  0  0  0  0  0  0  0  0  101  0  101  0  0  0  101  0  0  0  0  0  0  0  101  101  101  101  101  101  0  0  0  0  0  0  0  0  0  101  101  101  0  0  101  101  0  101  0  0  0  0  

0  0  101  101  101  101  0  0  0  0  0  0  0  0  0  0  0  0  0  101  101  0  0  0  101  0  0  0  0  0  0  0  0  0  0  0  0  0  0  0  0  101  0  101  0  101  0  0  0  0  0  0  101  0  0  0  0  0  0  0  0  0  0  0  0  0  0  0  101  101  101  0  0  101  0  0  101  0  0  101  0  0  101  0  0  0  101  101  101  0  101  0  0  101  0  101  0  101  0  0  

0  0  0  0  101  0  0  101  101  101  101  101  0  101  0  0  101  0  101  0  0  0  0  101  101  0  0  101  101  0  0  101  0  101  0  101  101  0  0  101  0  101  101  0  0  0  101  0  0  0  101  0  0  0  101  0  101  0  0  101  0  101  0  0  0  101  101  101  0  0  101  0  101  0  101  0  0  0  0  0  101  101  101  0  0  0  0  101  0  101  0  0  0  101  0  0  0  0  0  0  

0  101  0  0  0  0  101  0  101  101  0  101  101  0  0  0  0  0  0  101  0  0  0  101  101  0  101  0  0  101  101  101  0  0  0  0  101  101  0  0  0  0  101  101  0  0  101  0  0  0  0  101  0  0  101  101  0  0  101  0  0  0  0  101  0  101  0  101  0  0  0  0  0  0  0  0  101  0  101  101  101  0  0  0  0  0  0  0  101  0  101  0  0  0  101  101  0  0  0  101  

0  0  0  0  0  101  0  101  101  0  101  101  0  101  0  101  101  0  0  0  0  0  101  0  101  0  101  0  0  0  0  101  0  0  0  0  101  0  0  0  0  101  101  0  0  0  0  0  0  101  0  0  0  0  0  0  101  101  0  101  101  0  0  0  0  101  0  101  0  101  0  101  0  0  0  0  0  101  101  101  0  0  0  0  0  0  0  0  0  0  0  101  0  0  0  101  0  0  101  101  

0  101  0  0  0  0  0  0  0  0  101  0  0  0  101  101  0  101  0  0  101  101  0  0  0  101  0  0  0  0  0  101  101  0  0  0  101  0  0  0  0  0  0  0  0  101  0  101  0  0  0  101  101  101  0  0  101  101  0  0  0  0  0  101  0  0  0  0  0  0  0  0  0  0  0  0  101  0  0  101  0  0  101  0  101  0  0  101  0  0  0  0  101  101  0  0  101  0  101  0  

101  0  101  101  0  0  0  0  0  0  0  101  0  0  0  101  0  0  0  101  101  101  0  101  0  0  0  0  0  0  0  0  0  0  0  0  101  0  101  101  101  0  0  0  0  0  101  0  0  101  0  0  0  0  101  0  0  0  0  101  0  0  0  0  0  0  0  101  101  0  0  0  0  0  0  0  0  101  0  0  101  0  0  101  101  0  0  101  101  101  0  0  101  101  0  0  0  0  101  0  

0  0  0  101  0  101  101  0  0  0  0  0  0  0  0  101  101  101  101  0  0  0  101  0  0  101  0  0  0  0  0  101  0  0  101  0  0  0  101  0  0  101  0  0  0  101  0  0  0  0  0  0  0  0  0  101  0  0  0  101  0  0  0  101  0  101  0  0  101  0  0  0  101  0  101  0  0  101  101  101  101  101  101  0  101  0  0  0  0  0  101  0  0  0  101  0  0  0  101  0  

101  101  101  0  0  0  101  0  101  0  0  101  0  101  0  101  101  0  0  0  0  0  0  0  101  0  0  0  0  0  101  0  0  101  0  101  0  0  0  0  0  101  101  0  0  101  101  0  0  0  0  0  101  0  0  0  0  101  0  101  0  0  0  0  0  0  101  101  0  101  0  0  0  0  0  101  0  0  0  101  101  0  101  0  0  101  0  101  101  0  101  101  0  0  0  101  0  0  0  0  

0  101  0  0  101  101  0  101  0  0  0  101  101  101  0  101  0  0  0  101  0  0  101  0  0  101  0  0  0  101  101  0  101  101  0  101  101  0  101  101  101  101  0  0  0  0  0  0  101  101  0  0  101  101  0  101  0  0  0  0  0  0  101  101  101  0  0  0  0  101  0  0  0  101  0  0  0  0  0  101  101  0  0  0  0  0  101  0  0  0  0  0  101  0  0  0  101  0  0  101  

0  0  0  101  0  0  101  0  101  0  101  101  0  0  0  0  0  101  101  101  101  0  0  0  0  0  0  0  0  101  0  0  0  101  101  101  0  101  101  0  101  0  0  0  0  101  0  0  101  0  101  0  0  0  0  0  0  0  0  101  0  0  0  0  0  0  0  0  101  101  101  0  0  0  0  0  0  0  0  0  0  0  101  101  0  101  0  0  101  0  0  0  0  0  0  0  0  101  0  0  

101  101  101  101  0  101  101  101  0  0  101  101  0  101  0  0  0  0  0  0  0  101  101  0  0  0  0  0  0  0  0  0  101  0  0  0  101  0  101  0  0  0  0  101  0  101  101  101  101  101  0  101  0  0  0  101  0  0  0  101  0  0  0  0  0  101  0  0  101  0  0  0  101  0  0  101  0  101  0  0  0  101  101  0  0  0  0  0  0  0  0  101  101  101  101  0  0  0  101  0  

0  101  0  0  101  0  0  0  0  0  0  101  101  0  0  0  101  0  0  0  0  0  101  0  0  0  0  0  0  101  0  0  0  0  0  0  0  0  101  0  0  0  0  101  0  101  0  0  0  0  0  0  101  101  0  0  0  0  0  0  0  101  0  101  101  101  0  0  0  0  101  0  0  0  0  101  0  0  0  0  0  101  0  0  0  101  0  0  0  0  101  101  0  0  0  0  101  0  0  101  

UnPairedArc=
1 6 
1 12 
1 15 
1 27 
1 31 
1 34 
1 63 
1 64 
1 65 
1 66 
1 67 
1 76 
1 77 
1 78 
1 80 
1 81 
1 85 
1 86 
1 94 
1 96 
1 99 
2 3 
2 5 
2 8 
2 13 
2 16 
2 19 
2 21 
2 25 
2 30 
2 35 
2 40 
2 47 
2 50 
2 52 
2 56 
2 58 
2 61 
2 67 
2 68 
2 73 
2 75 
2 77 
2 84 
2 88 
2 91 
2 93 
2 96 
2 97 
2 99 
2 100 
3 4 
3 26 
3 29 
3 31 
3 32 
3 38 
3 45 
3 46 
3 50 
3 55 
3 56 
3 58 
3 65 
3 69 
3 71 
3 80 
3 82 
3 83 
3 86 
3 87 
3 89 
3 94 
3 96 
3 99 
4 7 
4 11 
4 12 
4 17 
4 20 
4 21 
4 24 
4 29 
4 33 
4 44 
4 48 
4 52 
4 53 
4 56 
4 61 
4 62 
4 67 
4 74 
4 79 
4 81 
4 83 
4 84 
4 85 
4 87 
4 89 
4 94 
4 95 
4 98 
4 99 
5 7 
5 9 
5 11 
5 13 
5 14 
5 25 
5 26 
5 27 
5 31 
5 33 
5 37 
5 40 
5 46 
5 47 
5 48 
5 49 
5 52 
5 56 
5 63 
5 72 
5 73 
5 79 
5 80 
5 85 
5 88 
5 89 
5 90 
5 97 
5 100 
6 7 
6 9 
6 15 
6 17 
6 21 
6 30 
6 36 
6 42 
6 44 
6 45 
6 48 
6 54 
6 63 
6 64 
6 65 
6 74 
6 76 
6 81 
6 84 
6 85 
6 89 
6 92 
6 95 
6 97 
6 99 
7 10 
7 11 
7 12 
7 14 
7 18 
7 22 
7 25 
7 26 
7 27 
7 29 
7 34 
7 36 
7 37 
7 41 
7 48 
7 50 
7 53 
7 63 
7 65 
7 70 
7 74 
7 75 
7 76 
7 78 
7 79 
7 83 
7 86 
7 87 
7 91 
7 95 
7 96 
7 98 
7 99 
8 15 
8 16 
8 20 
8 22 
8 25 
8 29 
8 30 
8 31 
8 36 
8 40 
8 44 
8 49 
8 51 
8 53 
8 57 
8 58 
8 59 
8 66 
8 68 
8 72 
8 74 
8 85 
8 87 
8 88 
8 90 
8 92 
8 97 
8 99 
9 11 
9 20 
9 26 
9 32 
9 35 
9 36 
9 43 
9 45 
9 48 
9 49 
9 50 
9 57 
9 60 
9 65 
9 66 
9 67 
9 68 
9 69 
9 70 
9 72 
9 75 
9 80 
9 81 
9 86 
9 87 
9 88 
9 90 
9 91 
9 92 
9 96 
9 98 
10 12 
10 15 
10 16 
10 23 
10 25 
10 31 
10 34 
10 37 
10 47 
10 50 
10 56 
10 57 
10 65 
10 66 
10 72 
10 76 
10 80 
10 85 
10 86 
10 88 
10 90 
10 91 
11 19 
11 21 
11 23 
11 24 
11 26 
11 28 
11 33 
11 40 
11 48 
11 50 
11 51 
11 52 
11 53 
11 54 
11 55 
11 59 
11 63 
11 64 
11 66 
11 67 
11 68 
11 73 
11 75 
11 76 
11 81 
11 86 
11 87 
11 90 
11 92 
11 93 
11 98 
11 99 
12 16 
12 19 
12 21 
12 23 
12 26 
12 38 
12 45 
12 48 
12 50 
12 52 
12 55 
12 58 
12 63 
12 69 
12 71 
12 81 
12 82 
12 83 
12 84 
12 85 
12 90 
12 91 
12 92 
12 94 
12 96 
12 97 
12 98 
12 99 
12 100 
13 17 
13 20 
13 21 
13 23 
13 26 
13 27 
13 31 
13 37 
13 41 
13 42 
13 52 
13 53 
13 62 
13 63 
13 66 
13 67 
13 72 
13 73 
13 75 
13 80 
13 81 
13 82 
13 91 
13 97 
13 100 
14 17 
14 20 
14 25 
14 31 
14 39 
14 47 
14 56 
14 61 
14 68 
14 77 
14 88 
14 90 
14 92 
14 96 
14 97 
14 99 
15 16 
15 20 
15 21 
15 24 
15 25 
15 28 
15 30 
15 43 
15 55 
15 59 
15 63 
15 67 
15 71 
15 73 
15 77 
15 78 
15 83 
15 86 
15 87 
15 93 
16 19 
16 20 
16 21 
16 24 
16 26 
16 29 
16 35 
16 36 
16 39 
16 41 
16 43 
16 47 
16 48 
16 49 
16 51 
16 54 
16 58 
16 60 
16 67 
16 71 
16 72 
16 74 
16 77 
16 78 
16 79 
16 86 
16 87 
16 88 
16 92 
16 93 
16 94 
16 95 
16 96 
16 97 
17 21 
17 22 
17 24 
17 25 
17 33 
17 36 
17 38 
17 39 
17 41 
17 46 
17 48 
17 49 
17 54 
17 55 
17 56 
17 59 
17 70 
17 71 
17 76 
17 78 
17 79 
17 84 
17 86 
17 90 
17 92 
17 95 
17 96 
17 100 
18 19 
18 20 
18 27 
18 30 
18 31 
18 43 
18 44 
18 48 
18 51 
18 53 
18 56 
18 59 
18 61 
18 62 
18 71 
18 73 
18 77 
18 80 
18 82 
18 83 
18 93 
18 95 
18 98 
19 21 
19 25 
19 31 
19 32 
19 34 
19 36 
19 40 
19 50 
19 52 
19 54 
19 55 
19 61 
19 63 
19 66 
19 69 
19 74 
19 77 
19 81 
19 82 
19 83 
19 90 
19 95 
19 98 
20 31 
20 32 
20 34 
20 40 
20 42 
20 47 
20 49 
20 65 
20 68 
20 72 
20 73 
20 74 
20 78 
20 79 
20 83 
20 85 
20 89 
20 91 
20 94 
20 97 
20 98 
21 23 
21 27 
21 31 
21 37 
21 43 
21 48 
21 51 
21 53 
21 56 
21 61 
21 66 
21 76 
21 83 
21 85 
21 87 
21 88 
21 89 
21 93 
21 94 
21 98 
22 28 
22 30 
22 32 
22 38 
22 41 
22 49 
22 55 
22 61 
22 63 
22 65 
22 68 
22 71 
22 73 
22 75 
22 77 
22 79 
22 80 
22 86 
22 93 
22 94 
22 99 
23 26 
23 27 
23 30 
23 33 
23 43 
23 52 
23 55 
23 61 
23 62 
23 69 
23 72 
23 76 
23 79 
23 87 
23 92 
23 95 
23 97 
23 99 
23 100 
24 30 
24 32 
24 36 
24 38 
24 48 
24 49 
24 54 
24 55 
24 56 
24 57 
24 59 
24 61 
24 62 
24 63 
24 70 
24 75 
24 76 
24 80 
24 82 
24 83 
24 84 
24 85 
24 90 
24 91 
24 94 
25 26 
25 28 
25 32 
25 34 
25 39 
25 40 
25 45 
25 51 
25 53 
25 66 
25 69 
25 71 
25 79 
25 80 
25 84 
25 85 
25 89 
25 90 
25 91 
25 92 
25 96 
26 28 
26 29 
26 31 
26 37 
26 39 
26 42 
26 43 
26 44 
26 47 
26 50 
26 51 
26 54 
26 62 
26 64 
26 65 
26 66 
26 67 
26 70 
26 72 
26 73 
26 75 
26 81 
26 88 
26 93 
26 95 
26 97 
27 28 
27 29 
27 31 
27 34 
27 35 
27 38 
27 40 
27 45 
27 51 
27 52 
27 54 
27 57 
27 62 
27 64 
27 65 
27 72 
27 74 
27 75 
27 78 
27 79 
27 81 
27 84 
27 91 
27 92 
28 30 
28 31 
28 35 
28 37 
28 41 
28 47 
28 49 
28 58 
28 60 
28 62 
28 63 
28 66 
28 68 
28 69 
28 70 
28 72 
28 77 
28 81 
28 83 
28 84 
28 90 
29 32 
29 33 
29 34 
29 38 
29 39 
29 40 
29 42 
29 48 
29 55 
29 56 
29 62 
29 63 
29 65 
29 70 
29 72 
29 73 
29 76 
29 79 
29 80 
29 81 
29 82 
29 88 
29 90 
30 32 
30 37 
30 38 
30 42 
30 52 
30 53 
30 55 
30 63 
30 64 
30 65 
30 73 
30 74 
30 75 
30 76 
30 80 
30 88 
30 91 
30 97 
30 98 
30 100 
31 32 
31 35 
31 37 
31 48 
31 50 
31 52 
31 55 
31 60 
31 62 
31 66 
31 72 
31 75 
31 76 
31 77 
31 82 
31 86 
31 91 
31 96 
31 97 
32 33 
32 34 
32 35 
32 36 
32 37 
32 38 
32 39 
32 40 
32 43 
32 45 
32 46 
32 57 
32 61 
32 65 
32 73 
32 74 
32 80 
32 83 
32 86 
32 87 
32 90 
32 91 
32 92 
32 93 
32 95 
33 34 
33 38 
33 43 
33 45 
33 47 
33 53 
33 59 
33 60 
33 63 
33 64 
33 66 
33 67 
33 72 
33 79 
33 81 
33 82 
33 84 
33 85 
33 87 
33 93 
33 97 
33 99 
34 38 
34 40 
34 43 
34 48 
34 52 
34 61 
34 64 
34 72 
34 73 
34 77 
34 78 
34 80 
34 81 
34 83 
34 90 
34 96 
34 97 
34 98 
35 38 
35 40 
35 43 
35 49 
35 51 
35 53 
35 55 
35 56 
35 58 
35 63 
35 66 
35 68 
35 70 
35 73 
35 79 
35 81 
35 82 
35 83 
35 85 
35 88 
35 95 
35 98 
36 40 
36 44 
36 45 
36 46 
36 49 
36 51 
36 52 
36 56 
36 57 
36 59 
36 60 
36 64 
36 66 
36 67 
36 69 
36 79 
36 82 
36 84 
36 86 
36 90 
36 96 
36 97 
36 98 
37 44 
37 46 
37 49 
37 51 
37 52 
37 59 
37 60 
37 65 
37 69 
37 71 
37 72 
37 76 
37 77 
37 78 
37 79 
37 82 
37 88 
37 90 
37 91 
37 92 
37 93 
37 94 
37 97 
37 99 
38 39 
38 45 
38 48 
38 52 
38 53 
38 55 
38 57 
38 60 
38 64 
38 67 
38 68 
38 76 
38 85 
38 91 
38 98 
39 40 
39 43 
39 46 
39 49 
39 50 
39 53 
39 61 
39 62 
39 68 
39 75 
39 77 
39 83 
39 84 
39 86 
39 94 
39 95 
39 97 
39 98 
39 99 
39 100 
40 41 
40 44 
40 46 
40 47 
40 50 
40 51 
40 58 
40 61 
40 67 
40 71 
40 81 
40 84 
40 90 
40 94 
40 97 
41 43 
41 50 
41 56 
41 62 
41 63 
41 67 
41 69 
41 72 
41 75 
41 77 
41 85 
41 94 
41 97 
41 98 
42 45 
42 47 
42 48 
42 50 
42 53 
42 56 
42 61 
42 66 
42 75 
42 77 
42 84 
42 86 
42 87 
42 89 
42 90 
42 92 
42 95 
42 96 
42 97 
43 52 
43 53 
43 55 
43 56 
43 60 
43 63 
43 64 
43 67 
43 68 
43 69 
43 73 
43 77 
43 79 
43 85 
43 90 
43 91 
43 92 
43 96 
44 47 
44 57 
44 62 
44 63 
44 71 
44 72 
44 73 
44 74 
44 82 
44 83 
44 84 
44 85 
44 87 
44 88 
44 89 
44 91 
44 99 
44 100 
45 46 
45 48 
45 55 
45 61 
45 69 
45 70 
45 76 
45 78 
46 48 
46 52 
46 60 
46 62 
46 63 
46 65 
46 67 
46 71 
46 76 
46 86 
46 89 
46 93 
46 95 
46 96 
46 98 
46 99 
46 100 
47 48 
47 66 
47 67 
47 71 
47 73 
47 76 
47 77 
47 79 
47 84 
47 90 
47 91 
47 94 
47 96 
47 99 
48 50 
48 51 
48 56 
48 64 
48 65 
48 68 
48 70 
48 74 
48 78 
48 82 
48 93 
48 99 
49 50 
49 52 
49 53 
49 54 
49 59 
49 65 
49 68 
49 71 
49 72 
49 75 
49 76 
49 79 
49 80 
49 81 
49 85 
49 97 
49 98 
49 99 
50 57 
50 58 
50 61 
50 64 
50 65 
50 66 
50 70 
50 75 
50 79 
50 80 
50 88 
50 92 
50 94 
50 97 
50 99 
51 55 
51 62 
51 63 
51 65 
51 66 
51 68 
51 73 
51 77 
51 79 
51 82 
51 86 
51 90 
51 98 
52 58 
52 63 
52 65 
52 66 
52 71 
52 72 
52 75 
52 78 
52 79 
52 81 
52 82 
52 91 
52 93 
52 99 
53 54 
53 55 
53 57 
53 60 
53 63 
53 64 
53 66 
53 67 
53 72 
53 74 
53 83 
53 86 
53 87 
53 89 
53 93 
53 96 
53 97 
53 100 
54 64 
54 65 
54 78 
54 79 
54 80 
54 82 
54 85 
54 86 
54 87 
54 93 
54 97 
54 100 
55 57 
55 60 
55 63 
55 68 
55 70 
55 75 
55 76 
55 79 
55 81 
55 90 
55 91 
55 94 
56 57 
56 68 
56 69 
56 76 
56 77 
56 79 
56 81 
56 85 
56 91 
56 95 
56 97 
56 99 
57 69 
57 77 
57 83 
57 87 
57 90 
57 92 
57 93 
58 64 
58 65 
58 70 
58 75 
58 77 
58 83 
58 84 
58 85 
58 86 
58 92 
58 93 
58 96 
59 65 
59 70 
59 80 
59 82 
59 83 
59 87 
59 88 
59 91 
60 61 
60 63 
60 68 
60 70 
60 72 
60 75 
60 78 
60 79 
60 82 
60 85 
60 86 
60 90 
60 92 
60 94 
60 95 
60 96 
60 98 
60 99 
61 64 
61 65 
61 67 
61 72 
61 82 
61 84 
61 87 
61 88 
61 92 
62 64 
62 66 
62 69 
62 73 
62 79 
62 81 
62 85 
62 86 
62 90 
62 100 
63 67 
63 68 
63 69 
63 73 
63 74 
63 75 
63 77 
63 78 
63 83 
63 85 
63 97 
64 67 
64 71 
64 73 
64 75 
64 77 
64 80 
64 84 
64 91 
64 93 
64 95 
64 97 
64 100 
65 66 
65 67 
65 70 
65 76 
65 83 
65 86 
65 87 
65 88 
65 97 
65 100 
66 80 
66 81 
66 82 
66 83 
66 90 
66 91 
66 92 
66 95 
66 99 
66 100 
67 71 
67 77 
67 82 
67 90 
67 96 
68 70 
68 72 
68 75 
68 76 
68 80 
68 81 
68 84 
68 86 
68 87 
68 90 
68 91 
68 92 
68 94 
68 96 
69 76 
69 80 
69 85 
69 87 
69 89 
69 94 
69 95 
69 98 
69 99 
70 75 
70 77 
70 79 
70 83 
70 84 
70 85 
70 86 
70 89 
70 92 
70 96 
70 97 
70 98 
71 76 
71 77 
71 79 
71 89 
71 90 
71 98 
71 100 
72 74 
72 77 
72 79 
72 92 
73 78 
73 80 
73 86 
73 87 
73 88 
73 90 
73 95 
73 99 
74 75 
74 77 
74 82 
74 83 
74 87 
74 88 
74 89 
74 97 
75 77 
75 78 
75 82 
75 84 
75 88 
75 90 
75 95 
76 81 
76 82 
76 83 
76 88 
76 96 
76 99 
76 100 
77 83 
77 85 
77 86 
77 88 
77 89 
77 91 
77 93 
78 80 
78 83 
78 85 
78 87 
78 88 
78 92 
78 94 
78 95 
78 99 
79 82 
79 85 
79 86 
79 91 
79 92 
79 95 
80 83 
80 86 
80 89 
80 91 
80 92 
80 93 
80 95 
80 96 
80 97 
81 83 
81 90 
81 91 
81 94 
81 95 
81 96 
81 97 
82 84 
82 87 
82 90 
82 95 
82 99 
82 100 
83 85 
83 89 
83 90 
83 93 
83 95 
83 96 
83 98 
83 99 
84 87 
84 94 
84 98 
85 86 
85 87 
85 93 
85 94 
85 95 
86 87 
86 96 
86 98 
86 100 
87 89 
87 97 
88 89 
88 90 
88 93 
88 94 
88 96 
89 91 
89 94 
89 96 
89 98 
90 94 
91 95 
91 96 
91 100 
92 96 
92 99 
92 100 
93 94 
93 97 
93 99 
94 99 
95 99 
97 100 
