nNodes=100;
 nPairs=971;
Cost=

101  0  0  101  101  0  0  0  0  101  0  0  0  101  0  101  0  0  0  0  101  0  0  0  0  0  0  0  0  0  0  0  0  0  0  101  0  101  0  0  0  0  0  0  0  0  0  0  0  0  0  0  101  101  0  0  0  0  0  0  0  101  101  0  0  0  101  0  0  0  0  0  0  0  0  0  0  0  0  0  101  0  0  0  0  0  0  0  0  101  0  0  0  0  0  0  0  0  101  0  

0  101  0  101  0  0  101  0  0  0  0  0  0  0  0  0  0  0  0  0  0  101  0  0  0  101  0  101  0  0  101  0  0  0  0  0  101  0  101  0  0  0  0  0  0  0  0  101  0  101  101  101  101  0  101  0  0  0  0  0  101  101  0  0  0  0  0  0  0  0  0  101  0  0  0  0  0  0  0  0  0  101  0  101  0  101  0  0  0  0  101  0  101  101  0  0  101  0  0  0  

0  0  101  0  101  0  0  0  0  0  0  101  101  0  0  101  0  101  0  0  0  0  0  0  0  0  0  0  0  0  0  0  0  0  0  0  101  0  0  0  0  0  0  0  0  101  0  0  0  101  0  0  0  0  0  101  0  0  0  0  101  0  0  0  0  0  0  0  0  0  0  101  0  0  0  0  101  0  0  101  101  0  101  0  0  0  0  101  0  101  101  0  0  0  0  0  101  0  0  0  

101  101  0  101  0  101  0  0  0  0  101  0  0  0  101  0  0  0  0  0  0  0  0  0  0  0  0  0  0  0  101  0  0  0  101  0  0  101  0  0  101  0  101  0  0  0  101  0  101  0  0  0  0  0  0  0  0  0  101  0  0  0  0  0  0  0  0  0  101  101  101  0  0  0  0  0  101  0  0  0  0  101  0  0  0  0  0  101  101  0  0  0  0  0  101  101  0  0  0  0  

101  0  101  0  101  0  0  0  101  101  0  101  0  0  0  0  101  0  0  0  0  101  0  0  0  0  0  0  0  101  0  0  0  0  101  0  0  0  0  0  0  0  0  0  101  0  0  0  0  101  0  0  101  101  0  101  0  101  101  0  0  0  0  0  101  0  0  101  101  0  101  0  0  0  0  0  0  0  101  0  0  0  0  0  0  101  101  0  0  0  0  0  0  0  0  101  0  0  0  0  

0  0  0  101  0  101  0  0  0  0  0  0  0  0  0  0  0  101  0  0  0  101  0  101  0  101  0  0  0  0  0  0  101  0  0  101  101  0  0  0  101  0  101  0  0  0  0  0  0  101  0  0  0  0  0  0  0  0  0  0  0  0  101  101  0  0  0  0  101  101  0  0  101  0  0  0  101  0  0  0  0  0  0  0  101  101  0  0  0  0  101  0  0  0  0  0  101  0  0  0  

0  101  0  0  0  0  101  0  0  0  101  0  0  0  0  0  0  101  101  101  0  0  0  0  0  0  0  0  0  0  0  0  0  0  101  0  101  0  0  0  0  101  101  0  101  0  101  0  0  101  101  0  0  101  0  0  0  0  0  0  0  0  0  0  0  0  101  0  101  0  0  0  0  0  0  0  0  0  0  0  0  0  0  0  0  0  0  101  0  0  0  0  101  0  0  0  0  0  0  0  

0  0  0  0  0  0  0  101  0  0  0  0  0  0  0  0  0  0  0  0  0  0  0  0  0  101  0  101  0  0  0  0  101  0  101  0  0  0  101  0  101  0  0  0  0  0  101  0  0  0  0  0  0  0  0  0  0  0  0  0  0  0  101  101  0  101  0  0  0  101  101  101  0  0  0  0  0  101  0  0  0  0  0  0  0  0  0  0  0  0  0  0  0  0  0  0  101  0  0  0  

0  0  0  0  101  0  0  0  101  0  0  0  0  0  101  101  0  0  0  0  0  0  0  101  0  0  0  0  0  0  0  0  0  0  0  0  0  0  0  101  0  0  0  101  0  0  0  0  0  0  101  0  0  0  0  0  0  0  0  0  101  0  0  101  0  0  0  101  101  101  0  101  0  101  0  101  0  0  0  0  0  0  0  0  0  0  0  0  0  0  101  0  101  101  101  0  0  0  0  101  

101  0  0  0  101  0  0  0  0  101  0  0  0  0  0  0  0  101  0  0  0  0  0  0  0  0  0  101  0  0  0  101  0  0  0  0  0  0  0  0  101  0  0  0  0  0  101  0  101  0  0  0  0  101  0  0  0  101  0  0  0  0  0  0  101  0  0  0  0  0  101  101  0  0  0  0  0  0  0  0  0  0  0  0  101  0  0  0  101  101  0  101  101  0  101  0  0  0  0  101  

0  0  0  101  0  0  101  0  0  0  101  101  0  0  0  0  0  0  0  0  101  0  0  0  0  0  0  0  0  0  101  0  0  0  0  0  101  0  0  0  0  101  0  0  0  0  0  0  0  0  0  0  0  0  0  101  101  0  0  0  0  0  101  0  0  0  0  0  0  0  101  0  0  101  0  0  0  0  0  0  0  0  0  0  0  0  101  0  0  0  101  0  0  0  0  0  101  0  0  0  

0  0  101  0  101  0  0  0  0  0  101  101  101  0  0  101  0  0  0  0  0  101  0  0  0  0  101  0  101  0  0  101  101  101  0  0  0  0  0  0  0  0  101  0  101  101  0  0  0  0  0  0  101  0  0  0  0  0  101  101  0  0  0  0  0  101  0  0  0  0  0  0  0  101  0  0  0  0  101  0  0  0  101  0  0  0  101  0  0  0  0  0  0  0  0  0  0  0  0  0  

0  0  101  0  0  0  0  0  0  0  0  101  101  0  0  0  101  0  0  0  0  101  101  101  101  0  0  0  0  0  0  101  0  0  0  0  0  0  0  101  101  0  0  0  0  0  0  0  101  0  101  0  0  101  101  0  101  0  101  0  0  0  0  101  0  0  0  0  0  0  0  101  0  0  0  0  0  0  101  0  0  0  0  0  101  0  0  0  0  101  0  0  0  0  0  0  0  0  0  0  

101  0  0  0  0  0  0  0  0  0  0  0  0  101  0  101  0  0  101  0  0  0  0  0  0  0  0  0  0  101  0  0  0  0  0  0  101  0  0  0  0  0  101  0  101  0  0  101  0  0  0  0  0  0  0  0  0  0  0  0  0  0  0  101  0  0  0  0  0  0  0  0  0  0  0  0  0  0  0  0  0  0  0  0  0  0  0  0  0  0  0  0  101  0  0  101  0  0  0  0  

0  0  0  101  0  0  0  0  101  0  0  0  0  0  101  101  101  0  0  0  0  0  0  101  0  0  101  101  0  0  0  0  0  0  0  0  0  0  0  0  0  101  0  0  101  0  101  0  0  0  101  0  0  101  0  0  101  0  0  0  0  101  0  101  0  0  101  0  0  0  101  0  0  0  101  0  0  0  0  0  0  0  0  101  0  0  0  0  101  0  0  0  0  0  101  0  0  0  0  0  

101  0  101  0  0  0  0  0  101  0  0  101  0  101  101  101  0  0  0  101  0  0  0  0  0  0  101  0  0  0  0  101  101  101  101  0  101  0  101  0  0  0  101  0  0  0  0  0  0  0  101  0  0  0  101  0  0  0  0  101  0  0  0  0  0  0  0  0  0  101  0  0  0  0  0  0  0  0  0  0  0  0  0  0  0  0  0  0  101  101  0  0  0  0  0  0  0  101  101  0  

0  0  0  0  101  0  0  0  0  0  0  0  101  0  101  0  101  0  0  101  0  101  0  0  0  0  0  0  101  101  0  0  0  0  0  0  101  0  0  0  101  0  0  0  0  0  0  0  0  0  0  0  0  0  0  0  0  0  0  0  0  101  101  101  0  0  0  0  0  0  0  0  0  0  0  0  0  0  0  101  0  0  0  0  0  0  101  101  101  0  0  101  0  101  101  0  0  0  0  0  

0  0  101  0  0  101  101  0  0  101  0  0  0  0  0  0  0  101  0  0  101  0  0  0  0  0  0  101  0  0  0  0  101  0  0  0  101  0  0  0  101  0  0  0  0  0  0  0  0  101  101  0  0  0  0  0  0  0  0  0  0  0  101  101  101  0  0  0  0  0  101  0  0  0  101  0  0  0  0  0  0  0  0  0  0  0  0  101  0  0  101  0  0  0  101  101  0  0  0  0  

0  0  0  0  0  0  101  0  0  0  0  0  0  101  0  0  0  0  101  0  0  0  0  0  0  0  0  0  0  0  0  0  0  0  0  0  0  0  0  0  101  0  0  0  0  0  0  0  0  0  0  0  0  0  0  0  0  0  0  0  0  0  0  0  0  101  0  0  101  101  0  101  0  101  0  0  0  0  0  0  0  0  0  0  0  0  0  0  0  0  101  0  0  0  0  0  0  0  0  101  

0  0  0  0  0  0  101  0  0  0  0  0  0  0  0  101  101  0  0  101  0  0  101  0  101  0  0  0  101  0  0  0  0  0  0  0  101  101  0  0  0  0  0  0  0  101  0  0  101  101  0  0  0  0  101  0  0  0  0  101  0  0  0  0  0  0  0  0  0  0  0  101  0  101  0  0  101  0  0  0  0  101  0  0  101  101  0  0  0  0  101  101  0  0  0  101  0  101  0  0  

101  0  0  0  0  0  0  0  0  0  101  0  0  0  0  0  0  101  0  0  101  0  101  0  101  101  101  0  101  0  0  0  0  0  0  101  0  0  0  0  0  0  0  0  0  0  0  0  0  101  0  0  0  0  0  0  0  0  0  0  0  0  0  0  101  0  0  101  0  0  0  101  0  0  0  0  0  0  0  0  0  0  0  0  0  0  0  0  0  0  0  0  0  0  0  0  0  0  0  0  

0  101  0  0  101  101  0  0  0  0  0  101  101  0  0  0  101  0  0  0  0  101  0  0  0  0  0  0  0  0  0  0  0  0  0  0  101  0  101  0  0  0  0  0  101  0  0  0  0  0  0  101  0  0  0  0  0  0  0  0  0  101  0  0  0  101  0  0  101  0  0  0  0  0  0  101  0  0  0  0  0  0  101  0  0  0  0  0  101  0  0  0  0  0  101  0  101  101  101  101  

0  0  0  0  0  0  0  0  0  0  0  0  101  0  0  0  0  0  0  101  101  0  101  0  0  0  0  0  0  0  0  0  101  0  0  0  0  0  0  0  101  0  101  0  0  101  0  0  0  0  101  101  0  0  0  0  0  0  0  0  101  0  0  101  0  0  101  101  0  0  101  101  0  0  0  0  0  101  0  0  0  101  0  0  0  0  0  101  101  0  0  0  0  0  0  0  0  0  0  0  

0  0  0  0  0  101  0  0  101  0  0  0  101  0  101  0  0  0  0  0  0  0  0  101  101  0  101  0  0  0  0  0  0  0  0  0  0  0  0  101  101  0  0  0  0  0  0  0  101  0  0  0  0  0  0  0  0  0  0  0  101  0  101  0  0  0  0  101  0  0  0  0  0  0  0  0  0  0  0  0  0  101  0  0  0  101  0  101  101  0  0  0  101  0  0  0  0  0  0  101  

0  0  0  0  0  0  0  0  0  0  0  0  101  0  0  0  0  0  0  101  101  0  0  101  101  0  0  0  0  0  0  0  0  0  101  0  0  0  0  101  0  0  101  0  0  0  0  0  0  0  0  0  101  0  0  0  101  0  0  0  0  0  0  101  0  0  101  0  101  101  0  0  101  0  101  0  101  0  0  0  0  0  0  0  101  101  0  0  0  0  0  0  0  0  0  0  0  0  0  0  

0  101  0  0  0  101  0  101  0  0  0  0  0  0  0  0  0  0  0  0  101  0  0  0  0  101  0  101  0  0  0  0  0  0  0  0  0  0  101  0  101  0  0  0  0  101  0  101  0  0  101  0  0  0  0  0  101  0  0  0  101  0  0  0  101  0  0  0  101  0  0  0  0  0  0  0  101  0  0  0  101  101  0  0  0  101  0  101  0  0  0  0  0  0  0  101  0  0  0  0  

0  0  0  0  0  0  0  0  0  0  0  101  0  0  101  101  0  0  0  0  101  0  0  101  0  0  101  0  0  0  0  0  0  101  0  0  0  0  101  0  101  0  0  0  0  0  0  101  101  0  0  0  101  0  0  101  101  0  101  0  0  0  101  0  0  0  0  101  0  0  0  0  0  0  0  0  0  0  101  0  0  0  101  101  0  101  101  101  101  0  0  0  0  0  0  0  101  0  0  0  

0  101  0  0  0  0  0  101  0  101  0  0  0  0  101  0  0  101  0  0  0  0  0  0  0  101  0  101  0  101  0  0  0  0  0  0  0  101  0  0  0  0  0  0  0  0  0  0  0  101  0  101  0  0  0  0  101  101  0  0  0  0  0  0  0  0  0  0  0  0  0  0  0  0  0  0  0  0  0  0  101  101  0  101  0  0  101  0  0  0  0  0  0  0  0  0  0  0  101  101  

0  0  0  0  0  0  0  0  0  0  0  101  0  0  0  0  101  0  0  101  101  0  0  0  0  0  0  0  101  0  0  0  0  0  0  0  0  0  101  101  0  0  0  0  0  0  0  101  101  0  0  0  0  101  0  0  0  0  101  101  101  0  0  0  101  101  101  0  101  0  0  0  0  0  0  0  0  0  0  0  101  101  0  0  0  101  0  0  101  0  0  0  0  0  101  0  0  0  0  0  

0  0  0  0  101  0  0  0  0  0  0  0  0  101  0  0  101  0  0  0  0  0  0  0  0  0  0  101  0  101  101  0  0  0  0  0  0  0  0  0  101  0  0  101  0  0  0  0  0  0  0  0  0  0  0  0  101  0  0  0  0  0  0  0  0  101  0  101  0  0  101  0  0  0  101  0  0  0  101  101  0  0  101  0  0  101  101  0  0  0  0  0  101  0  101  0  0  0  0  0  

0  101  0  101  0  0  0  0  0  0  101  0  0  0  0  0  0  0  0  0  0  0  0  0  0  0  0  0  0  101  101  0  0  101  101  0  0  0  0  0  0  0  0  0  0  0  0  0  0  101  0  0  0  0  0  101  101  0  0  0  101  0  0  101  0  0  0  101  101  0  0  0  101  0  0  0  0  0  0  0  0  0  0  0  0  0  0  0  0  0  0  0  101  101  101  101  0  101  0  0  

0  0  0  0  0  0  0  0  0  101  0  101  101  0  0  101  0  0  0  0  0  0  0  0  0  0  0  0  0  0  0  101  101  0  101  0  0  0  0  0  0  101  0  0  0  0  0  0  0  0  0  0  0  0  0  101  0  0  101  0  0  101  0  0  0  0  101  0  101  0  0  101  0  0  0  0  0  0  101  0  101  0  101  0  0  0  0  0  101  0  0  0  0  0  0  0  0  0  0  0  

0  0  0  0  0  101  0  101  0  0  0  101  0  0  0  101  0  101  0  0  0  0  101  0  0  0  0  0  0  0  0  101  101  101  0  0  0  101  0  0  0  0  0  0  101  0  0  0  0  101  0  0  0  101  0  0  0  0  101  101  0  0  0  0  0  0  0  0  0  0  0  0  0  0  0  0  101  0  0  0  0  0  0  0  0  0  0  101  0  0  101  0  101  101  101  0  0  0  0  101  

0  0  0  0  0  0  0  0  0  0  0  101  0  0  0  101  0  0  0  0  0  0  0  0  0  0  101  0  0  0  101  0  101  101  0  101  101  0  0  0  0  0  0  0  0  0  0  0  0  101  0  0  101  101  0  0  0  101  0  0  0  101  101  101  0  0  0  0  0  0  0  0  0  0  0  0  0  0  0  0  0  0  101  0  0  101  0  0  101  0  0  0  0  0  101  101  0  0  0  0  

0  0  0  101  101  0  101  101  0  0  0  0  0  0  0  101  0  0  0  0  0  0  0  0  101  0  0  0  0  0  101  101  0  0  101  101  101  101  0  0  0  0  0  101  0  0  0  0  101  0  101  0  0  101  0  0  0  0  0  101  0  0  0  0  0  0  0  0  101  0  0  0  101  0  0  0  0  0  0  0  0  0  0  0  0  0  0  0  0  0  0  0  0  0  0  101  0  101  101  0  

101  0  0  0  0  101  0  0  0  0  0  0  0  0  0  0  0  0  0  0  101  0  0  0  0  0  0  0  0  0  0  0  0  101  101  101  0  0  101  101  0  101  0  0  101  0  0  0  101  0  0  0  101  0  101  0  0  0  0  0  0  0  101  0  0  0  0  0  0  0  101  0  0  0  0  0  0  0  0  0  0  0  0  0  0  0  101  0  0  101  0  0  0  0  0  101  0  0  0  0  

0  101  101  0  0  101  101  0  0  0  101  0  0  101  0  101  101  101  0  101  0  101  0  0  0  0  0  0  0  0  0  0  0  101  101  0  101  101  0  0  101  101  0  101  0  0  101  0  0  0  0  0  0  0  101  101  0  0  0  0  0  101  0  0  0  0  0  0  0  0  0  0  0  0  0  0  0  0  0  101  0  0  0  0  101  0  101  0  0  0  0  0  0  0  0  0  0  0  101  0  

101  0  0  101  0  0  0  0  0  0  0  0  0  0  0  0  0  0  0  101  0  0  0  0  0  0  0  101  0  0  0  0  101  0  101  0  101  101  0  0  101  101  0  0  0  0  0  101  0  101  0  101  0  0  0  0  0  0  101  0  101  0  101  0  0  0  0  0  0  0  0  0  0  0  0  0  0  0  0  0  0  101  0  0  0  0  0  0  0  0  0  0  101  0  0  0  0  0  0  0  

0  101  0  0  0  0  0  101  0  0  0  0  0  0  0  101  0  0  0  0  0  101  0  0  0  101  101  0  101  0  0  0  0  0  0  101  0  0  101  101  0  0  0  0  101  101  0  0  0  101  0  0  0  101  101  0  0  0  0  101  0  0  101  0  0  0  0  0  0  0  101  101  0  0  0  0  0  0  0  0  0  101  0  0  0  0  0  0  0  0  0  0  0  0  0  0  0  0  0  101  

0  0  0  0  0  0  0  0  101  0  0  0  101  0  0  0  0  0  0  0  0  0  0  101  101  0  0  0  101  0  0  0  0  0  0  101  0  0  101  101  101  0  0  101  0  0  0  0  0  0  101  101  101  0  0  0  0  0  0  0  0  0  0  101  101  101  0  0  101  0  101  0  101  0  101  0  0  0  101  0  101  0  0  0  0  0  0  0  101  0  0  0  0  0  0  0  0  101  0  101  

0  0  0  101  0  101  0  101  0  101  0  0  101  0  0  0  101  101  101  0  0  0  101  101  0  101  101  0  0  101  0  0  0  0  0  0  101  101  0  101  101  0  0  0  0  0  101  0  0  101  0  0  0  0  101  0  0  0  101  0  0  0  0  0  0  0  0  0  101  0  0  0  0  0  0  0  0  101  101  0  0  0  0  101  0  0  0  0  0  101  0  0  101  0  0  101  0  0  0  101  

0  0  0  0  0  0  101  0  0  0  101  0  0  0  101  0  0  0  0  0  0  0  0  0  0  0  0  0  0  0  0  101  0  0  0  101  101  101  0  0  0  101  0  101  0  0  0  0  0  0  0  0  0  0  0  0  0  101  0  0  101  0  101  101  101  0  101  0  0  0  0  0  0  0  101  0  0  101  101  0  0  101  0  0  0  0  0  101  0  0  101  0  0  0  0  0  0  101  0  0  

0  0  0  101  0  101  101  0  0  0  0  101  0  101  0  101  0  0  0  0  0  0  101  0  101  0  0  0  0  0  0  0  0  0  0  0  0  0  0  0  0  0  101  101  101  0  0  0  0  0  0  0  0  0  0  0  0  0  101  0  0  0  0  0  101  101  0  0  0  0  0  0  0  0  0  0  101  0  0  0  0  0  0  101  0  0  0  0  0  0  0  101  101  0  0  0  0  0  0  0  

0  0  0  0  0  0  0  0  101  0  0  0  0  0  0  0  0  0  0  0  0  0  0  0  0  0  0  0  0  101  0  0  0  0  101  0  101  0  0  101  0  101  101  101  0  0  0  0  101  0  0  0  0  0  101  101  0  0  0  0  0  0  0  0  0  0  0  0  0  101  0  0  0  0  0  0  0  0  0  0  101  0  101  0  101  0  0  101  0  0  0  0  0  0  101  0  0  0  101  0  

0  0  0  0  101  0  101  0  0  0  0  101  0  101  101  0  0  0  0  0  0  101  0  0  0  0  0  0  0  0  0  0  101  0  0  101  0  0  101  0  0  0  101  0  101  0  0  0  101  0  0  0  101  0  0  101  0  101  0  0  0  0  0  0  101  0  101  101  0  0  0  0  0  0  0  0  101  0  0  0  0  0  0  101  0  0  0  0  0  101  101  0  0  0  0  0  0  101  0  0  

0  0  101  0  0  0  0  0  0  0  0  101  0  0  0  0  0  0  0  101  0  0  101  0  0  101  0  0  0  0  0  0  0  0  0  0  0  0  101  0  0  0  0  0  0  101  0  0  0  0  101  0  0  0  0  0  0  101  101  0  101  0  0  0  0  0  0  0  0  0  101  0  0  101  0  0  101  101  0  0  0  0  101  0  0  0  0  0  101  101  101  0  0  0  101  101  0  0  0  0  

0  0  0  101  0  0  101  101  0  101  0  0  0  0  101  0  0  0  0  0  0  0  0  0  0  0  0  0  0  0  0  0  0  0  0  0  101  0  0  0  101  0  0  0  0  0  101  101  0  0  0  0  0  0  0  0  0  0  101  0  0  0  0  0  0  101  101  0  0  0  0  0  0  0  0  0  0  0  101  101  101  0  101  101  101  101  0  0  0  0  0  0  0  101  0  0  0  0  0  0  

0  101  0  0  0  0  0  0  0  0  0  0  0  101  0  0  0  0  0  0  0  0  0  0  0  101  101  0  101  0  0  0  0  0  0  0  0  101  0  0  0  0  0  0  0  0  101  101  0  101  0  0  0  0  101  0  101  0  0  0  0  0  0  0  0  101  101  0  0  0  101  0  0  0  0  101  101  0  0  0  0  0  101  0  0  101  101  0  0  0  0  101  0  101  0  0  0  0  0  0  

0  0  0  101  0  0  0  0  0  101  0  0  101  0  0  0  0  0  0  101  0  0  0  101  0  0  101  0  101  0  0  0  0  0  101  101  0  0  0  0  0  0  0  101  101  0  0  0  101  0  0  0  0  0  0  101  0  0  0  0  0  101  101  0  0  0  0  0  0  101  101  0  0  0  101  0  0  0  0  0  101  101  0  0  0  0  101  0  0  0  0  0  0  0  0  101  0  0  0  0  

0  101  101  0  101  101  101  0  0  0  0  0  0  0  0  0  0  101  0  101  101  0  0  0  0  0  0  101  0  0  101  0  101  101  0  0  0  101  101  0  101  0  0  0  0  0  0  101  0  101  0  0  0  0  0  0  0  101  0  0  0  0  0  0  0  0  0  0  0  0  0  0  0  0  0  0  0  0  101  101  0  0  0  0  0  0  0  0  0  0  0  0  101  0  101  101  0  0  0  0  

0  101  0  0  0  0  101  0  101  0  0  0  101  0  101  101  0  101  0  0  0  0  101  0  0  101  0  0  0  0  0  0  0  0  101  0  0  0  0  101  0  0  0  0  0  101  0  0  0  0  101  0  0  0  0  101  0  0  0  0  0  0  0  0  0  0  0  0  0  101  0  0  101  101  0  0  0  101  101  0  0  101  0  0  0  0  0  0  0  101  0  101  0  0  0  0  0  0  0  101  

0  101  0  0  0  0  0  0  0  0  0  0  0  0  0  0  0  0  0  0  0  101  101  0  0  0  0  101  0  0  0  0  0  0  0  0  0  101  0  101  0  0  0  0  0  0  0  0  0  0  0  101  0  101  0  0  0  0  0  101  0  0  0  0  0  0  0  0  0  0  0  0  101  0  0  101  0  0  0  0  0  0  0  0  101  0  101  0  0  101  0  0  0  0  0  0  0  101  101  0  

101  101  0  0  101  0  0  0  0  0  0  101  0  0  0  0  0  0  0  0  0  0  0  0  101  0  101  0  0  0  0  0  0  101  0  101  0  0  0  101  0  0  0  0  101  0  0  0  0  0  0  0  101  0  0  0  0  101  0  0  0  0  0  0  0  101  0  0  0  0  0  0  0  101  0  0  0  0  0  101  0  0  0  0  0  101  0  101  0  0  0  0  0  0  0  0  0  0  0  0  

101  0  0  0  101  0  101  0  0  101  0  0  101  0  101  0  0  0  0  0  0  0  0  0  0  0  0  0  101  0  0  0  101  101  101  0  0  0  101  0  0  0  0  0  0  0  0  0  0  0  0  101  0  101  0  0  0  101  0  0  0  0  0  101  101  0  101  101  0  0  0  101  0  0  0  0  0  0  0  0  101  0  0  0  0  0  0  101  0  0  0  0  101  0  0  0  0  101  0  0  

0  101  0  0  0  0  0  0  0  0  0  0  101  0  0  101  0  0  0  101  0  0  0  0  0  0  0  0  0  0  0  0  0  0  0  101  101  0  101  0  101  0  0  101  0  0  0  101  0  0  0  0  0  0  101  0  101  101  0  0  0  0  0  0  101  0  101  0  0  0  0  0  0  0  0  101  0  0  0  0  0  101  101  0  0  0  101  0  101  0  0  0  0  0  0  0  0  0  0  101  

0  0  101  0  101  0  0  0  0  0  101  0  0  0  0  0  0  0  0  0  0  0  0  0  0  0  101  0  0  0  101  101  0  0  0  0  101  0  0  0  0  0  0  101  101  0  0  0  101  0  101  0  0  0  0  101  0  0  101  0  0  0  0  0  0  101  0  0  0  0  0  101  0  0  101  0  0  0  0  0  0  101  0  0  0  0  0  0  0  0  0  0  0  101  0  0  0  0  101  0  

0  0  0  0  0  0  0  0  0  0  101  0  101  0  101  0  0  0  0  0  0  0  0  0  101  101  101  101  0  101  101  0  0  0  0  0  0  0  0  0  0  0  0  0  0  0  0  101  0  0  0  0  0  0  101  0  101  0  0  101  0  0  0  0  0  0  0  0  0  0  0  0  0  0  101  101  0  0  0  0  101  0  101  0  0  0  0  0  0  0  101  101  101  0  0  0  0  0  0  101  

0  0  0  0  101  0  0  0  0  101  0  0  0  0  0  0  0  0  0  0  0  0  0  0  0  0  0  101  0  0  0  0  0  101  0  0  0  0  0  0  0  101  0  0  101  101  0  0  0  101  0  0  101  101  101  0  0  101  0  0  0  0  0  101  0  0  0  0  0  0  0  0  101  0  0  0  0  0  0  0  0  101  0  0  0  101  101  0  0  0  101  0  0  0  0  0  101  101  0  101  

0  0  0  101  101  0  0  0  0  0  0  101  101  0  0  0  0  0  0  0  0  0  0  0  0  0  101  0  101  0  0  101  101  0  0  0  0  101  0  0  101  0  101  0  0  101  101  0  0  0  0  0  0  0  0  101  0  0  101  0  0  0  101  0  0  0  0  0  101  0  0  0  0  101  101  0  0  0  0  0  0  0  0  0  0  0  0  0  0  0  0  0  101  0  0  0  0  0  0  0  

0  0  0  0  0  0  0  0  0  0  0  101  0  0  0  101  0  0  0  101  0  0  0  0  0  0  0  0  101  0  0  0  101  0  101  0  0  0  101  0  0  0  0  0  0  0  0  0  0  0  0  101  0  0  0  0  101  0  0  101  0  0  0  0  101  0  0  0  0  101  0  0  0  0  0  0  0  0  101  0  101  0  101  0  0  0  101  0  0  0  0  101  0  101  0  0  0  0  0  0  

0  101  101  0  0  0  0  0  101  0  0  0  0  0  0  0  0  0  0  0  0  0  101  101  0  101  0  0  101  0  101  0  0  0  0  0  0  101  0  0  0  101  0  0  0  101  0  0  0  0  0  0  0  0  0  0  0  0  0  0  101  0  0  0  101  0  101  0  0  0  0  101  0  0  0  0  101  0  0  0  101  0  0  101  0  101  0  101  0  0  0  0  101  0  0  0  0  0  0  0  

101  101  0  0  0  0  0  0  0  0  0  0  0  0  101  0  101  0  0  0  0  101  0  0  0  0  0  0  0  0  0  101  0  101  0  0  101  0  0  0  0  0  0  0  0  0  0  0  101  0  0  0  0  0  0  0  0  0  0  0  0  101  101  0  101  0  0  101  0  0  0  101  0  0  0  0  0  0  0  0  101  0  0  101  101  101  101  0  0  0  0  0  0  0  0  0  0  101  101  101  

101  0  0  0  0  101  0  101  0  0  101  0  0  0  0  0  101  101  0  0  0  0  0  101  0  0  101  0  0  0  0  0  0  101  0  101  0  101  101  0  0  101  0  0  0  0  0  0  101  0  0  0  0  0  0  0  0  0  101  0  0  101  101  0  0  0  0  0  0  0  0  0  0  0  0  101  0  0  0  0  0  0  0  101  0  0  0  0  0  0  0  0  0  0  0  101  0  0  0  0  

0  0  0  0  0  101  0  101  101  0  0  0  101  101  101  0  101  101  0  0  0  0  101  0  101  0  0  0  0  0  101  0  0  101  0  0  0  0  0  101  0  101  0  0  0  0  0  0  0  0  0  0  0  101  0  0  0  101  0  0  0  0  0  101  0  0  0  0  0  0  0  0  0  0  0  0  0  0  101  101  0  0  0  0  0  0  0  0  0  0  101  0  0  0  0  0  0  101  0  0  

0  0  0  0  101  0  0  0  0  101  0  0  0  0  0  0  0  101  0  0  101  0  0  0  0  101  0  0  101  0  0  0  0  0  0  0  0  0  0  101  0  101  101  0  101  0  0  0  0  0  0  0  0  101  101  0  0  0  0  101  101  101  0  0  101  0  0  0  0  0  101  0  0  0  0  0  0  101  0  0  0  0  101  0  0  0  0  0  0  0  0  0  0  0  0  0  0  101  0  101  

0  0  0  0  0  0  0  101  0  0  0  101  0  0  0  0  0  0  101  0  0  101  0  0  0  0  0  0  101  101  0  0  0  0  0  0  0  0  0  101  0  0  101  0  0  0  101  101  0  0  0  0  101  0  0  101  0  0  0  0  0  0  0  0  0  101  0  0  0  0  101  0  101  0  0  101  0  0  0  0  0  101  0  0  0  0  0  101  0  0  0  101  0  101  0  0  101  0  0  0  

101  0  0  0  0  0  101  0  0  0  0  0  0  0  101  0  0  0  0  0  0  0  101  0  101  0  0  0  101  0  0  101  0  0  0  0  0  0  0  0  0  101  0  0  101  0  101  101  0  0  0  0  0  101  101  0  0  0  0  0  101  0  0  0  0  0  101  101  0  0  0  0  0  0  0  101  0  0  0  0  101  0  0  0  0  101  0  0  0  0  101  0  0  0  0  0  0  101  0  0  

0  0  0  0  101  0  0  0  101  0  0  0  0  0  0  0  0  0  0  0  101  0  101  101  0  0  101  0  0  101  101  0  0  0  0  0  0  0  0  0  0  0  0  0  101  0  0  0  0  0  0  0  0  101  0  0  0  0  0  0  0  101  0  0  0  0  101  101  0  0  0  0  0  0  0  0  0  0  101  0  0  0  0  0  0  101  101  0  0  0  0  0  0  0  0  0  0  0  0  0  

0  0  0  101  101  101  101  0  101  0  0  0  0  0  0  0  0  0  101  0  0  101  0  0  101  101  0  0  101  0  101  101  0  0  101  0  0  0  0  101  101  0  0  0  0  0  0  0  0  0  0  0  0  0  0  0  0  0  101  0  0  0  0  0  0  0  0  0  101  0  0  0  0  101  0  101  0  0  0  0  0  0  0  0  0  0  0  0  0  0  0  0  0  0  0  101  0  0  0  0  

0  0  0  101  0  101  0  101  101  0  0  0  0  0  0  101  0  0  101  0  0  0  0  0  101  0  0  0  0  0  0  0  0  0  0  0  0  0  0  0  0  0  0  101  0  0  0  0  101  0  101  0  0  0  0  0  0  0  0  101  0  0  0  0  0  0  0  0  0  101  0  101  0  0  0  101  0  0  0  0  0  0  0  0  101  0  101  0  101  0  0  0  0  0  101  0  0  101  0  0  

0  0  0  101  101  0  0  101  0  101  101  0  0  0  101  0  0  101  0  0  0  0  101  0  0  0  0  0  0  101  0  0  0  0  0  101  0  0  101  101  0  0  0  0  0  101  0  101  101  0  0  0  0  0  0  0  0  0  0  0  0  0  0  0  101  101  0  0  0  0  101  0  0  0  0  101  0  101  0  101  0  0  0  0  0  0  0  0  101  0  0  101  0  0  101  101  0  0  0  0  

0  101  101  0  0  0  0  101  101  101  0  0  101  0  0  0  0  0  101  101  101  0  101  0  0  0  0  0  0  0  0  101  0  0  0  0  0  0  101  0  0  0  0  0  0  0  0  0  0  0  0  0  0  101  0  101  0  0  0  0  101  101  0  0  0  0  0  0  0  101  0  101  101  0  101  0  0  0  101  101  0  0  101  0  0  0  0  0  101  0  0  0  0  0  0  101  0  0  0  0  

0  0  0  0  0  101  0  0  0  0  0  0  0  0  0  0  0  0  0  0  0  0  0  0  101  0  0  0  0  0  101  0  0  0  101  0  0  0  0  101  0  0  0  0  0  0  0  0  0  0  101  101  0  0  0  0  0  101  0  0  0  0  0  0  0  101  0  0  0  0  0  101  101  0  0  0  0  101  0  0  0  0  0  0  0  0  0  101  101  0  0  0  101  0  0  0  0  0  101  0  

0  0  0  0  0  0  0  0  101  0  101  101  0  0  0  0  0  0  101  101  0  0  0  0  0  0  0  0  0  0  0  0  0  0  0  0  0  0  0  0  0  0  0  0  0  101  0  0  0  0  101  0  101  0  0  0  0  0  101  0  0  0  0  0  0  0  0  0  101  0  0  0  0  101  0  0  0  0  0  0  0  0  0  101  0  0  0  0  0  0  0  0  0  101  0  0  0  0  101  0  

0  0  0  0  0  0  0  0  0  0  0  0  0  0  101  0  0  101  0  0  0  0  0  0  101  0  0  0  0  101  0  0  0  0  0  0  0  0  0  101  0  101  0  0  0  0  0  0  101  0  0  0  0  0  0  101  101  0  101  0  0  0  0  0  0  0  0  0  0  0  0  101  0  0  101  0  0  0  0  101  0  0  0  0  0  0  0  0  101  0  0  0  0  0  0  0  0  0  0  101  

0  0  0  0  0  0  0  0  101  0  0  0  0  0  0  0  0  0  0  0  0  101  0  0  0  0  0  0  0  0  0  0  0  0  0  0  0  0  0  0  0  0  0  0  0  0  0  101  0  0  0  101  0  0  101  0  101  0  0  0  0  0  101  0  0  101  101  0  101  101  101  0  0  0  0  101  0  0  0  0  0  0  0  0  0  0  0  0  0  101  0  0  0  0  101  101  101  0  101  0  

0  0  101  101  0  101  0  0  0  0  0  0  0  0  0  0  0  0  0  101  0  0  0  0  101  101  0  0  0  0  0  0  101  0  0  0  0  0  0  0  0  0  101  0  101  101  0  101  0  0  0  0  0  0  0  0  0  0  0  0  101  0  0  0  0  0  0  0  0  0  0  0  0  0  0  0  101  0  101  0  101  0  0  0  0  0  0  0  0  0  0  0  0  0  0  0  0  0  0  0  

0  0  0  0  0  0  0  101  0  0  0  0  0  0  0  0  0  0  0  0  0  0  101  0  0  0  0  0  0  0  0  0  0  0  0  0  0  0  0  0  101  101  0  0  0  101  0  0  0  0  101  0  0  0  0  0  0  0  0  0  0  0  0  0  101  0  0  0  0  0  101  0  101  0  0  0  0  101  0  0  101  0  101  0  0  0  0  0  0  101  0  0  0  0  0  0  0  101  0  0  

0  0  0  0  101  0  0  0  0  0  0  101  101  0  0  0  0  0  0  0  0  0  0  0  0  0  101  0  0  101  0  101  0  0  0  0  0  0  0  101  101  101  0  0  0  0  101  0  0  101  101  0  0  0  0  0  0  0  0  101  0  0  0  101  0  0  0  101  0  0  0  101  0  0  0  0  101  0  101  101  0  0  0  0  0  0  0  0  0  0  0  101  101  101  0  0  0  0  0  0  

0  0  101  0  0  0  0  0  0  0  0  0  0  0  0  0  101  0  0  0  0  0  0  0  0  0  0  0  0  101  0  0  0  0  0  0  101  0  0  0  0  0  0  0  0  0  101  0  0  101  0  0  101  0  0  0  0  0  0  0  0  0  0  101  0  0  0  0  0  0  101  101  0  0  101  0  0  0  101  101  0  0  0  0  101  0  0  0  0  101  101  0  0  0  0  0  101  0  0  0  

101  0  101  0  0  0  0  0  0  0  0  0  0  0  0  0  0  0  0  0  0  0  0  0  0  101  0  101  101  0  0  101  0  0  0  0  0  0  0  101  0  0  0  101  0  0  101  0  101  0  0  0  0  101  0  0  101  0  0  101  101  101  0  0  0  0  101  0  0  0  0  0  0  0  0  0  101  101  0  0  101  101  0  0  0  0  0  101  0  0  0  0  0  0  0  101  101  0  101  0  

0  101  0  101  0  0  0  0  0  0  0  0  0  0  0  0  0  0  0  101  0  0  101  101  0  101  0  101  101  0  0  0  0  0  0  0  0  101  101  0  0  101  0  0  0  0  0  0  101  0  101  0  0  0  101  101  0  101  0  0  0  0  0  0  0  101  0  0  0  0  0  0  0  0  0  0  0  0  0  0  101  101  0  0  0  0  0  0  101  0  101  0  0  101  101  0  0  0  0  0  

0  0  101  0  0  0  0  0  0  0  0  101  0  0  0  0  0  0  0  0  0  101  0  0  0  0  101  0  0  101  0  101  0  101  0  0  0  0  0  0  0  0  0  101  0  101  101  101  0  0  0  0  0  0  101  0  101  0  0  101  0  0  0  0  101  0  0  0  0  0  0  101  0  0  0  0  0  101  0  0  0  0  101  0  0  0  0  0  0  0  0  101  0  0  0  0  0  101  0  101  

0  101  0  0  0  0  0  0  0  0  0  0  0  0  101  0  0  0  0  0  0  0  0  0  0  0  101  101  0  0  0  0  0  0  0  0  0  0  0  0  101  0  101  0  101  0  101  0  0  0  0  0  0  0  0  0  0  0  0  0  101  101  101  0  0  0  0  0  0  0  0  0  0  101  0  0  0  0  0  0  0  0  0  101  0  101  0  0  0  101  101  0  0  101  0  0  0  0  0  0  

0  0  0  0  0  101  0  0  0  101  0  0  101  0  0  0  0  0  0  101  0  0  0  0  101  0  0  0  0  0  0  0  0  0  0  0  101  0  0  0  0  0  0  101  0  0  101  0  0  0  0  101  0  0  0  0  0  0  0  0  0  101  0  0  0  0  0  0  0  101  0  0  0  0  0  0  0  0  0  101  0  0  0  0  101  0  0  101  0  0  0  0  0  0  0  0  101  101  0  0  

0  101  0  0  101  101  0  0  0  0  0  0  0  0  0  0  0  0  0  101  0  0  0  101  101  101  101  0  101  101  0  0  0  101  0  0  0  0  0  0  0  0  0  0  0  0  101  101  0  0  0  0  101  0  0  0  0  101  0  0  101  101  0  0  0  0  101  101  0  0  0  0  0  0  0  0  0  0  0  0  0  0  0  101  0  101  0  0  0  0  0  101  0  0  0  0  0  0  0  101  

0  0  0  0  101  0  0  0  0  0  101  101  0  0  0  0  101  0  0  0  0  0  0  0  0  0  101  101  0  101  0  0  0  0  0  101  101  0  0  0  0  0  0  0  0  0  0  101  101  0  0  101  0  0  101  0  0  101  0  101  0  101  0  0  0  0  0  101  0  101  0  0  0  0  0  0  0  0  0  0  0  0  0  0  0  0  101  101  0  0  0  101  101  0  0  0  101  0  0  0  

0  0  101  101  0  0  101  0  0  0  0  0  0  0  0  0  101  101  0  0  0  0  101  101  0  101  101  0  0  0  0  0  101  0  0  0  0  0  0  0  0  101  0  101  0  0  0  0  0  0  0  0  101  101  0  0  0  0  0  0  101  0  0  0  0  101  0  0  0  0  0  0  101  0  0  0  0  0  0  0  101  0  0  0  101  0  101  101  0  0  0  101  0  0  0  0  0  101  0  0  

0  0  0  101  0  0  0  0  0  101  0  0  0  0  101  101  101  0  0  0  0  101  101  101  0  0  101  0  101  0  0  101  0  101  0  0  0  0  0  101  0  0  0  0  0  101  0  0  0  0  0  0  0  0  101  0  0  0  0  0  0  0  0  0  0  0  0  0  0  101  101  101  101  0  101  0  0  0  0  0  0  101  0  0  0  0  0  0  101  101  101  0  0  0  0  0  0  0  0  0  

101  0  101  0  0  0  0  0  0  101  0  0  101  0  0  101  0  0  0  0  0  0  0  0  0  0  0  0  0  0  0  0  0  0  0  101  0  0  0  0  101  0  0  0  101  101  0  0  0  0  101  101  0  0  0  0  0  0  0  0  0  0  0  0  0  0  0  0  0  0  0  0  0  0  0  101  0  101  0  101  0  0  0  101  0  0  0  0  101  101  0  101  0  0  0  0  101  0  0  0  

0  101  101  0  0  101  0  0  101  0  101  0  0  0  0  0  0  101  101  101  0  0  0  0  0  0  0  0  0  0  0  0  101  0  0  0  0  0  0  0  0  101  0  0  101  101  0  0  0  0  0  0  0  0  0  0  101  101  0  0  0  0  0  101  0  0  101  0  0  0  0  0  0  0  0  0  0  0  0  101  0  101  0  101  0  0  0  0  101  0  101  101  0  101  0  0  0  0  0  0  

0  0  0  0  0  0  0  0  0  101  0  0  0  0  0  0  101  0  0  101  0  0  0  0  0  0  0  0  0  0  0  0  0  0  0  0  0  0  0  0  0  0  101  0  0  0  0  101  0  0  101  0  0  0  0  0  101  0  0  101  0  0  0  0  0  101  0  0  0  0  101  0  0  0  0  0  0  0  101  0  0  0  101  0  0  101  101  101  0  101  101  101  0  0  0  0  101  0  0  0  

0  101  0  0  0  0  101  0  101  101  0  0  0  101  0  0  0  0  0  0  0  0  0  101  0  0  0  0  0  101  101  0  101  0  0  0  0  101  0  0  101  0  101  0  0  0  0  0  0  101  0  0  0  101  0  0  101  0  101  0  101  0  0  0  0  0  0  0  0  0  0  0  101  0  0  0  0  0  101  0  0  0  0  0  0  0  101  0  0  0  0  0  101  101  0  101  0  0  0  0  

0  101  0  0  0  0  0  0  101  0  0  0  0  0  0  0  101  0  0  0  0  0  0  0  0  0  0  0  0  0  101  0  101  0  0  0  0  0  0  0  0  0  0  0  0  0  101  101  0  0  0  0  0  0  0  101  0  0  0  101  0  0  0  0  0  101  0  0  0  0  0  0  0  101  0  0  0  0  101  0  0  101  0  101  0  0  0  0  0  0  101  0  101  101  0  0  0  0  101  101  

0  0  0  101  0  0  0  0  101  101  0  0  0  0  101  0  101  101  0  0  0  101  0  0  0  0  0  0  101  101  101  0  101  101  0  0  0  0  0  0  0  0  0  101  0  101  0  0  0  101  0  0  0  0  0  0  0  0  0  0  0  0  0  0  0  0  0  0  0  101  101  0  0  0  0  101  0  0  0  0  0  101  0  0  0  0  0  0  0  0  0  0  0  0  101  101  0  101  0  0  

0  0  0  101  101  0  0  0  0  0  0  0  0  101  0  0  0  101  0  101  0  0  0  0  0  101  0  0  0  0  101  0  0  101  101  101  0  0  0  0  101  0  0  0  0  101  0  0  101  101  0  0  0  0  0  0  0  0  0  0  0  0  101  0  0  0  0  0  101  0  101  101  0  0  0  101  0  0  0  0  101  0  0  0  0  0  0  0  0  0  0  0  101  0  101  101  0  101  101  0  

0  101  101  0  0  101  0  101  0  0  101  0  0  0  0  0  0  0  0  0  0  101  0  0  0  0  101  0  0  0  0  0  0  0  0  0  0  0  0  0  0  0  0  0  0  0  0  0  0  0  0  0  0  0  0  0  0  101  0  0  0  0  0  0  0  101  0  0  0  0  0  0  0  0  0  101  0  0  0  101  101  0  0  0  101  0  101  0  0  101  0  101  0  0  0  0  101  0  101  101  

0  0  0  0  0  0  0  0  0  0  0  0  0  0  0  101  0  0  0  101  0  101  0  0  0  0  0  0  0  0  101  0  0  0  101  0  0  0  0  101  0  101  0  0  101  0  0  0  0  0  0  101  0  101  0  0  0  101  0  0  0  101  0  101  101  0  101  0  0  101  0  0  0  0  0  0  0  101  0  0  0  0  101  0  101  0  0  101  0  0  0  0  0  0  101  101  0  101  0  101  

101  0  0  0  0  0  0  0  0  0  0  0  0  0  0  101  0  0  0  0  0  101  0  0  0  0  0  101  0  0  0  0  0  0  101  0  101  0  0  0  0  0  0  101  0  0  0  0  0  0  0  101  0  0  0  101  0  0  0  0  0  101  0  0  0  0  0  0  0  0  0  0  101  101  0  101  0  0  0  0  101  0  0  0  0  0  0  0  0  0  0  0  0  101  0  101  101  0  101  0  

0  0  0  0  0  0  0  0  101  101  0  0  0  0  0  0  0  0  101  0  0  101  0  101  0  0  0  101  0  0  0  0  101  0  0  0  0  0  101  101  101  0  0  0  0  0  0  0  0  0  101  0  0  0  101  0  101  101  0  0  0  101  0  0  101  0  0  0  0  0  0  0  0  0  101  0  0  0  0  0  0  0  101  0  0  101  0  0  0  0  0  0  0  101  0  0  101  101  0  101  

UnPairedArc=
1 4 
1 5 
1 10 
1 14 
1 16 
1 21 
1 36 
1 38 
1 53 
1 54 
1 62 
1 63 
1 67 
1 81 
1 90 
1 99 
2 4 
2 7 
2 22 
2 26 
2 28 
2 31 
2 37 
2 39 
2 48 
2 50 
2 51 
2 52 
2 53 
2 55 
2 61 
2 62 
2 72 
2 82 
2 84 
2 86 
2 91 
2 93 
2 94 
2 97 
3 5 
3 12 
3 13 
3 16 
3 18 
3 37 
3 46 
3 50 
3 56 
3 61 
3 72 
3 77 
3 80 
3 81 
3 83 
3 88 
3 90 
3 91 
3 97 
4 6 
4 11 
4 15 
4 31 
4 35 
4 38 
4 41 
4 43 
4 47 
4 49 
4 59 
4 69 
4 70 
4 71 
4 77 
4 82 
4 88 
4 89 
4 95 
4 96 
5 9 
5 10 
5 12 
5 17 
5 22 
5 30 
5 35 
5 45 
5 50 
5 53 
5 54 
5 56 
5 58 
5 59 
5 65 
5 68 
5 69 
5 71 
5 79 
5 86 
5 87 
5 96 
6 18 
6 22 
6 24 
6 26 
6 33 
6 36 
6 37 
6 41 
6 43 
6 50 
6 63 
6 64 
6 69 
6 70 
6 73 
6 77 
6 85 
6 86 
6 91 
6 97 
7 11 
7 18 
7 19 
7 20 
7 35 
7 37 
7 42 
7 43 
7 45 
7 47 
7 50 
7 51 
7 54 
7 67 
7 69 
7 88 
7 93 
8 26 
8 28 
8 33 
8 35 
8 39 
8 41 
8 47 
8 63 
8 64 
8 66 
8 70 
8 71 
8 72 
8 78 
8 97 
9 15 
9 16 
9 24 
9 40 
9 44 
9 51 
9 61 
9 64 
9 68 
9 69 
9 70 
9 72 
9 74 
9 76 
9 91 
9 93 
9 94 
9 95 
9 100 
10 18 
10 28 
10 32 
10 41 
10 47 
10 49 
10 54 
10 58 
10 65 
10 71 
10 72 
10 85 
10 89 
10 90 
10 92 
10 93 
10 95 
10 100 
11 12 
11 21 
11 31 
11 37 
11 42 
11 56 
11 57 
11 63 
11 71 
11 74 
11 87 
11 91 
11 97 
12 13 
12 16 
12 22 
12 27 
12 29 
12 32 
12 33 
12 34 
12 43 
12 45 
12 46 
12 53 
12 59 
12 60 
12 66 
12 74 
12 79 
12 83 
12 87 
13 17 
13 22 
13 23 
13 24 
13 25 
13 32 
13 40 
13 41 
13 49 
13 51 
13 54 
13 55 
13 57 
13 59 
13 64 
13 72 
13 79 
13 85 
13 90 
14 16 
14 19 
14 30 
14 37 
14 43 
14 45 
14 48 
14 64 
14 93 
14 96 
15 16 
15 17 
15 24 
15 27 
15 28 
15 42 
15 45 
15 47 
15 51 
15 54 
15 57 
15 62 
15 64 
15 67 
15 71 
15 75 
15 84 
15 89 
15 95 
16 20 
16 27 
16 32 
16 33 
16 34 
16 35 
16 37 
16 39 
16 43 
16 51 
16 55 
16 60 
16 70 
16 89 
16 90 
16 98 
16 99 
17 20 
17 22 
17 29 
17 30 
17 37 
17 41 
17 62 
17 63 
17 64 
17 80 
17 87 
17 88 
17 89 
17 92 
17 94 
17 95 
18 21 
18 28 
18 33 
18 37 
18 41 
18 50 
18 51 
18 63 
18 64 
18 65 
18 71 
18 75 
18 88 
18 91 
18 95 
18 96 
19 41 
19 66 
19 69 
19 70 
19 72 
19 74 
19 91 
19 100 
20 23 
20 25 
20 29 
20 37 
20 38 
20 46 
20 49 
20 50 
20 55 
20 60 
20 72 
20 74 
20 77 
20 82 
20 85 
20 86 
20 91 
20 92 
20 96 
20 98 
21 23 
21 25 
21 26 
21 27 
21 29 
21 36 
21 50 
21 65 
21 68 
21 72 
22 37 
22 39 
22 45 
22 52 
22 62 
22 66 
22 69 
22 76 
22 83 
22 89 
22 95 
22 97 
22 98 
22 99 
22 100 
23 33 
23 41 
23 43 
23 46 
23 51 
23 52 
23 61 
23 64 
23 67 
23 68 
23 71 
23 72 
23 78 
23 82 
23 88 
23 89 
24 25 
24 27 
24 40 
24 41 
24 49 
24 61 
24 63 
24 68 
24 82 
24 86 
24 88 
24 89 
24 93 
24 100 
25 35 
25 40 
25 43 
25 53 
25 57 
25 64 
25 67 
25 69 
25 70 
25 73 
25 75 
25 77 
25 85 
25 86 
26 28 
26 39 
26 41 
26 46 
26 48 
26 51 
26 57 
26 61 
26 65 
26 69 
26 77 
26 81 
26 82 
26 86 
26 88 
26 96 
27 34 
27 39 
27 41 
27 48 
27 49 
27 53 
27 56 
27 57 
27 59 
27 63 
27 68 
27 79 
27 83 
27 84 
27 86 
27 87 
27 88 
27 89 
27 97 
28 30 
28 38 
28 50 
28 52 
28 57 
28 58 
28 81 
28 82 
28 84 
28 87 
28 99 
28 100 
29 39 
29 40 
29 48 
29 49 
29 54 
29 59 
29 60 
29 61 
29 65 
29 66 
29 67 
29 69 
29 81 
29 82 
29 86 
29 89 
29 95 
30 31 
30 41 
30 44 
30 57 
30 66 
30 68 
30 71 
30 75 
30 79 
30 80 
30 83 
30 86 
30 87 
30 93 
30 95 
31 34 
31 35 
31 50 
31 56 
31 57 
31 61 
31 64 
31 68 
31 69 
31 73 
31 93 
31 94 
31 95 
31 96 
31 98 
32 33 
32 35 
32 42 
32 56 
32 59 
32 62 
32 67 
32 69 
32 72 
32 79 
32 81 
32 83 
32 89 
33 34 
33 38 
33 45 
33 50 
33 54 
33 59 
33 60 
33 77 
33 88 
33 91 
33 93 
33 94 
33 95 
33 100 
34 36 
34 37 
34 50 
34 53 
34 54 
34 58 
34 62 
34 63 
34 64 
34 83 
34 86 
34 89 
34 95 
34 96 
35 36 
35 37 
35 38 
35 44 
35 49 
35 51 
35 54 
35 60 
35 69 
35 73 
35 96 
35 98 
35 99 
36 39 
36 40 
36 42 
36 45 
36 49 
36 53 
36 55 
36 63 
36 71 
36 87 
36 90 
36 96 
37 38 
37 41 
37 42 
37 44 
37 47 
37 55 
37 56 
37 62 
37 80 
37 85 
37 87 
37 99 
38 41 
38 42 
38 48 
38 50 
38 52 
38 59 
38 61 
38 63 
38 82 
38 93 
39 40 
39 45 
39 46 
39 50 
39 54 
39 55 
39 60 
39 63 
39 71 
39 72 
39 82 
39 100 
40 41 
40 44 
40 51 
40 52 
40 53 
40 64 
40 65 
40 66 
40 69 
40 71 
40 73 
40 75 
40 79 
40 81 
40 89 
40 98 
40 100 
41 47 
41 50 
41 55 
41 59 
41 69 
41 78 
41 79 
41 84 
41 90 
41 93 
41 96 
41 100 
42 44 
42 58 
42 61 
42 63 
42 64 
42 65 
42 67 
42 75 
42 78 
42 79 
42 82 
42 88 
42 91 
42 98 
43 44 
43 45 
43 59 
43 65 
43 66 
43 77 
43 84 
43 92 
43 93 
44 49 
44 55 
44 56 
44 70 
44 81 
44 83 
44 85 
44 88 
44 95 
44 99 
45 49 
45 53 
45 56 
45 58 
45 65 
45 67 
45 68 
45 77 
45 84 
45 90 
45 91 
45 98 
46 51 
46 58 
46 59 
46 61 
46 71 
46 74 
46 77 
46 78 
46 83 
46 89 
46 90 
46 91 
46 95 
46 96 
47 48 
47 59 
47 66 
47 67 
47 79 
47 80 
47 81 
47 83 
47 84 
47 85 
47 86 
47 94 
48 50 
48 55 
48 57 
48 66 
48 67 
48 71 
48 76 
48 77 
48 83 
48 86 
48 87 
48 92 
48 94 
49 56 
49 62 
49 63 
49 70 
49 71 
49 75 
49 81 
49 82 
49 87 
49 96 
50 58 
50 79 
50 80 
50 93 
50 95 
50 96 
51 56 
51 70 
51 73 
51 74 
51 78 
51 79 
51 82 
51 90 
51 92 
51 100 
52 54 
52 60 
52 73 
52 76 
52 85 
52 87 
52 90 
52 98 
52 99 
53 58 
53 66 
53 74 
53 80 
53 86 
53 88 
54 58 
54 64 
54 65 
54 67 
54 68 
54 72 
54 81 
54 88 
54 93 
54 98 
55 57 
55 58 
55 65 
55 67 
55 76 
55 82 
55 83 
55 87 
55 89 
55 100 
56 59 
56 66 
56 72 
56 75 
56 82 
56 94 
56 99 
57 60 
57 75 
57 76 
57 81 
57 83 
57 91 
57 92 
57 93 
57 100 
58 64 
58 73 
58 82 
58 86 
58 87 
58 91 
58 97 
58 98 
58 100 
59 63 
59 69 
59 74 
59 75 
59 93 
60 65 
60 70 
60 79 
60 81 
60 83 
60 87 
60 92 
60 94 
61 65 
61 67 
61 72 
61 77 
61 81 
61 84 
61 86 
61 88 
61 93 
62 63 
62 65 
62 68 
62 72 
62 81 
62 84 
62 85 
62 86 
62 87 
62 98 
62 99 
62 100 
63 76 
63 84 
63 96 
64 79 
64 80 
64 91 
64 98 
65 71 
65 78 
65 83 
65 98 
65 100 
66 71 
66 73 
66 76 
66 82 
66 88 
66 92 
66 94 
66 97 
67 68 
67 76 
67 81 
67 86 
67 91 
67 98 
68 79 
68 86 
68 87 
69 74 
69 76 
69 96 
70 72 
70 76 
70 85 
70 87 
70 89 
70 95 
70 98 
71 76 
71 78 
71 80 
71 89 
71 92 
71 95 
71 96 
72 73 
72 75 
72 79 
72 80 
72 83 
72 89 
72 96 
73 78 
73 88 
73 89 
73 93 
73 99 
74 84 
74 94 
74 99 
75 80 
75 89 
75 100 
76 90 
76 95 
76 96 
76 97 
76 99 
77 79 
77 81 
78 81 
78 83 
78 90 
78 98 
79 80 
79 92 
79 93 
79 94 
80 85 
80 90 
80 91 
80 97 
81 82 
81 88 
81 96 
81 97 
81 99 
82 89 
82 91 
82 94 
82 95 
83 92 
83 98 
83 100 
84 86 
84 90 
84 91 
84 94 
85 88 
85 97 
85 98 
86 92 
86 100 
87 88 
87 92 
87 93 
87 97 
88 92 
88 98 
89 90 
89 91 
90 92 
90 97 
91 92 
91 94 
92 97 
93 94 
93 96 
94 99 
94 100 
95 96 
95 98 
96 98 
96 99 
97 99 
97 100 
98 100 
