nNodes=60;
 nPairs=172;
Cost=

61  0  0  0  0  0  0  61  0  0  0  0  61  61  0  0  61  61  0  0  0  0  61  0  0  0  61  0  0  0  0  0  0  0  0  0  0  0  0  0  0  0  0  0  0  0  0  0  0  0  0  0  61  0  61  0  0  0  0  0  

0  61  0  0  0  0  0  0  0  61  0  61  0  0  0  0  0  0  0  0  0  0  0  0  0  0  0  61  61  0  0  0  61  0  0  0  0  0  61  61  0  0  0  0  0  0  0  0  0  0  0  0  0  0  61  0  0  0  61  61  

0  0  61  0  0  0  0  0  0  0  0  0  0  0  0  0  0  61  61  61  0  0  0  0  0  0  61  0  0  0  0  0  0  61  0  0  0  0  0  0  61  0  0  0  0  0  61  0  0  0  0  0  0  0  61  0  61  61  0  0  

0  0  0  61  0  0  0  61  0  0  0  0  0  0  0  0  0  0  0  0  0  0  0  0  0  0  0  0  0  0  0  0  0  0  61  0  0  0  0  0  0  0  0  0  0  0  0  0  0  0  0  61  61  0  0  0  0  0  0  0  

0  0  0  0  61  0  0  0  0  0  0  0  0  0  0  0  0  0  0  0  0  0  0  0  0  0  0  61  61  0  0  61  0  0  0  61  61  0  0  0  0  0  0  0  0  0  0  0  0  0  0  0  0  0  0  0  0  0  0  0  

0  0  0  0  0  61  0  0  0  0  0  0  0  0  0  0  0  0  0  0  0  0  0  0  0  0  0  0  61  0  0  0  0  0  0  0  0  0  0  0  0  0  0  0  0  0  0  0  0  0  0  0  0  0  0  0  61  0  0  0  

0  0  0  0  0  0  61  0  61  0  0  0  0  0  0  0  0  0  0  0  0  0  0  0  61  0  0  0  0  0  61  0  61  0  0  0  0  61  61  0  61  61  61  0  0  0  61  0  0  0  0  0  0  0  0  0  0  0  0  0  

61  0  0  61  0  0  0  61  0  0  0  61  0  0  0  0  0  61  0  0  0  61  0  61  0  0  61  0  0  0  0  61  0  0  61  0  0  0  0  61  0  0  0  0  0  0  0  0  0  0  61  0  0  0  0  0  0  0  0  0  

0  0  0  0  0  0  61  0  61  0  0  61  0  0  0  0  0  0  0  0  0  0  0  0  0  0  0  0  61  0  0  0  0  0  0  0  0  0  0  0  0  0  0  0  0  0  0  0  0  0  0  0  0  0  61  0  61  0  0  0  

0  61  0  0  0  0  0  0  0  61  0  0  0  0  0  0  0  0  0  0  0  0  0  0  0  0  0  61  0  0  0  0  0  0  0  0  0  0  0  0  0  0  0  0  0  0  0  0  61  0  61  0  0  0  0  0  0  0  0  0  

0  0  0  0  0  0  0  0  0  0  61  0  0  0  0  0  0  0  0  0  0  61  0  0  0  0  0  0  0  0  0  0  0  0  0  0  0  0  0  0  0  0  61  0  0  0  0  0  0  0  0  61  0  0  0  0  0  0  61  0  

0  61  0  0  0  0  0  61  61  0  0  61  0  0  0  0  0  0  0  0  0  0  0  0  0  0  0  0  0  61  0  61  0  0  61  61  61  0  0  0  0  0  61  0  0  0  0  0  0  0  0  0  0  0  0  61  0  0  0  61  

61  0  0  0  0  0  0  0  0  0  0  0  61  0  0  0  0  0  0  0  0  0  0  0  0  0  0  0  0  0  0  0  0  0  0  0  0  0  0  0  0  0  0  0  0  0  0  0  0  0  0  61  0  0  0  0  0  0  0  0  

61  0  0  0  0  0  0  0  0  0  0  0  0  61  0  0  0  0  0  0  0  0  0  0  0  0  0  0  0  0  0  0  0  0  0  0  0  0  0  0  0  0  0  0  0  0  0  0  0  0  0  0  0  0  0  0  0  0  0  0  

0  0  0  0  0  0  0  0  0  0  0  0  0  0  61  0  0  0  0  0  0  0  0  0  0  0  0  0  0  0  0  0  0  0  0  0  0  0  0  0  0  61  61  0  0  0  0  0  0  0  0  0  0  0  0  0  61  0  0  0  

0  0  0  0  0  0  0  0  0  0  0  0  0  0  0  61  0  0  61  0  0  0  0  0  0  0  0  0  0  61  0  0  0  0  0  0  0  0  0  0  0  0  0  0  0  0  0  0  0  0  0  0  0  0  0  0  0  0  0  0  

61  0  0  0  0  0  0  0  0  0  0  0  0  0  0  0  61  0  0  0  0  0  0  61  0  0  0  0  0  0  0  0  61  0  0  0  0  0  0  61  61  0  0  0  0  0  0  0  0  0  0  0  0  0  0  0  61  0  0  0  

61  0  61  0  0  0  0  61  0  0  0  0  0  0  0  0  0  61  61  0  0  0  0  0  0  0  0  0  0  0  0  0  0  61  0  0  0  0  0  0  0  0  61  0  0  0  0  0  0  61  0  0  0  0  61  0  0  0  0  0  

0  0  61  0  0  0  0  0  0  0  0  0  0  0  0  61  0  61  61  0  0  0  0  0  0  0  0  0  0  0  0  0  0  0  0  0  61  0  0  0  0  61  61  61  0  0  0  61  0  61  0  0  0  0  0  61  0  0  0  0  

0  0  61  0  0  0  0  0  0  0  0  0  0  0  0  0  0  0  0  61  0  0  0  0  0  0  0  0  0  0  0  0  0  0  0  0  0  61  0  0  0  0  0  0  0  0  0  0  0  0  0  0  0  0  0  0  61  0  0  0  

0  0  0  0  0  0  0  0  0  0  0  0  0  0  0  0  0  0  0  0  61  0  0  0  0  0  0  0  0  0  0  61  0  0  0  0  0  0  0  0  0  0  0  0  0  0  0  61  0  0  0  0  61  61  0  0  0  0  0  0  

0  0  0  0  0  0  0  61  0  0  61  0  0  0  0  0  0  0  0  0  0  61  0  0  0  0  0  61  0  0  0  0  0  0  0  0  0  0  0  0  0  0  0  0  0  0  0  0  0  0  0  0  0  0  0  0  0  0  61  0  

61  0  0  0  0  0  0  0  0  0  0  0  0  0  0  0  0  0  0  0  0  0  61  0  0  0  0  0  0  0  0  0  0  0  0  0  0  0  0  0  0  61  0  0  61  0  0  0  0  0  61  0  0  0  0  0  0  0  0  0  

0  0  0  0  0  0  0  61  0  0  0  0  0  0  0  0  61  0  0  0  0  0  0  61  0  0  0  0  0  0  0  0  0  0  0  0  0  0  0  0  0  61  0  0  0  0  0  0  0  61  0  61  0  0  0  0  0  0  0  0  

0  0  0  0  0  0  61  0  0  0  0  0  0  0  0  0  0  0  0  0  0  0  0  0  61  0  0  0  0  0  61  0  0  0  0  0  0  0  61  0  0  0  61  0  0  0  0  0  0  0  0  0  0  0  0  61  0  0  0  0  

0  0  0  0  0  0  0  0  0  0  0  0  0  0  0  0  0  0  0  0  0  0  0  0  0  61  0  0  0  0  0  0  0  0  0  0  61  0  61  0  0  0  0  0  0  0  0  0  0  0  0  0  0  0  0  0  0  0  0  0  

61  0  61  0  0  0  0  61  0  0  0  0  0  0  0  0  0  0  0  0  0  0  0  0  0  0  61  0  0  0  0  0  0  61  0  61  0  0  0  0  0  0  0  0  0  0  0  0  0  61  61  61  61  0  61  0  0  0  0  0  

0  61  0  0  61  0  0  0  0  61  0  0  0  0  0  0  0  0  0  0  0  61  0  0  0  0  0  61  0  0  61  0  0  0  0  0  0  0  0  0  0  0  0  0  0  0  0  0  0  0  0  0  0  0  0  0  0  0  0  0  

0  61  0  0  61  61  0  0  61  0  0  0  0  0  0  0  0  0  0  0  0  0  0  0  0  0  0  0  61  0  0  0  0  0  0  61  61  0  0  0  0  0  0  0  0  0  0  0  0  0  0  0  0  0  0  0  0  0  0  0  

0  0  0  0  0  0  0  0  0  0  0  61  0  0  0  61  0  0  0  0  0  0  0  0  0  0  0  0  0  61  0  0  0  0  0  0  0  0  0  0  0  0  0  0  0  0  0  0  0  0  0  0  0  0  0  61  0  0  0  0  

0  0  0  0  0  0  61  0  0  0  0  0  0  0  0  0  0  0  0  0  0  0  0  0  61  0  0  61  0  0  61  61  0  0  0  0  0  0  0  0  0  0  61  0  0  0  0  0  0  0  0  0  0  61  0  0  0  0  0  0  

0  0  0  0  61  0  0  61  0  0  0  61  0  0  0  0  0  0  0  0  61  0  0  0  0  0  0  0  0  0  61  61  0  0  0  0  0  0  0  0  0  0  0  61  0  0  0  0  0  0  0  0  0  0  0  0  0  0  0  0  

0  61  0  0  0  0  61  0  0  0  0  0  0  0  0  0  61  0  0  0  0  0  0  0  0  0  0  0  0  0  0  0  61  0  0  0  0  0  0  61  0  0  0  0  0  0  0  0  0  0  0  61  0  61  0  0  0  0  61  0  

0  0  61  0  0  0  0  0  0  0  0  0  0  0  0  0  0  61  0  0  0  0  0  0  0  0  61  0  0  0  0  0  0  61  0  0  0  0  0  0  0  0  0  0  0  0  0  0  0  0  0  0  0  61  61  0  0  0  0  0  

0  0  0  61  0  0  0  61  0  0  0  61  0  0  0  0  0  0  0  0  0  0  0  0  0  0  0  0  0  0  0  0  0  0  61  0  0  0  0  0  0  0  0  0  0  0  0  0  0  0  0  0  0  0  0  0  0  0  0  0  

0  0  0  0  61  0  0  0  0  0  0  61  0  0  0  0  0  0  0  0  0  0  0  0  0  0  61  0  61  0  0  0  0  0  0  61  0  0  0  61  0  0  0  0  0  0  0  61  0  0  0  0  61  61  0  0  0  0  0  0  

0  0  0  0  61  0  0  0  0  0  0  61  0  0  0  0  0  0  61  0  0  0  0  0  0  61  0  0  61  0  0  0  0  0  0  0  61  0  0  0  0  0  0  0  0  0  0  0  0  0  0  0  0  0  0  0  61  0  0  0  

0  0  0  0  0  0  61  0  0  0  0  0  0  0  0  0  0  0  0  61  0  0  0  0  0  0  0  0  0  0  0  0  0  0  0  0  0  61  0  0  0  0  61  0  0  0  0  0  0  0  0  0  0  0  61  0  0  0  0  0  

0  61  0  0  0  0  61  0  0  0  0  0  0  0  0  0  0  0  0  0  0  0  0  0  61  61  0  0  0  0  0  0  0  0  0  0  0  0  61  0  0  0  0  0  0  0  61  0  0  0  0  0  0  0  0  0  0  0  0  0  

0  61  0  0  0  0  0  61  0  0  0  0  0  0  0  0  61  0  0  0  0  0  0  0  0  0  0  0  0  0  0  0  61  0  0  61  0  0  0  61  0  0  0  0  0  0  0  61  0  0  0  0  0  0  0  0  0  0  0  0  

0  0  61  0  0  0  61  0  0  0  0  0  0  0  0  0  61  0  0  0  0  0  0  0  0  0  0  0  0  0  0  0  0  0  0  0  0  0  0  0  61  0  0  0  0  0  0  0  0  0  0  0  0  0  0  0  0  61  0  0  

0  0  0  0  0  0  61  0  0  0  0  0  0  0  61  0  0  0  61  0  0  0  61  61  0  0  0  0  0  0  0  0  0  0  0  0  0  0  0  0  0  61  0  0  0  0  0  61  61  0  0  0  0  0  0  0  0  0  0  0  

0  0  0  0  0  0  61  0  0  0  61  61  0  0  61  0  0  61  61  0  0  0  0  0  61  0  0  0  0  0  61  0  0  0  0  0  0  61  0  0  0  0  61  61  0  0  0  0  0  61  0  0  0  61  0  0  0  0  0  0  

0  0  0  0  0  0  0  0  0  0  0  0  0  0  0  0  0  0  61  0  0  0  0  0  0  0  0  0  0  0  0  61  0  0  0  0  0  0  0  0  0  0  61  61  0  0  0  0  0  0  0  0  0  0  0  0  0  0  0  0  

0  0  0  0  0  0  0  0  0  0  0  0  0  0  0  0  0  0  0  0  0  0  61  0  0  0  0  0  0  0  0  0  0  0  0  0  0  0  0  0  0  0  0  0  61  61  0  61  0  0  0  0  0  0  0  61  0  0  0  0  

0  0  0  0  0  0  0  0  0  0  0  0  0  0  0  0  0  0  0  0  0  0  0  0  0  0  0  0  0  0  0  0  0  0  0  0  0  0  0  0  0  0  0  0  61  61  0  0  0  0  0  0  0  0  0  0  0  0  0  0  

0  0  61  0  0  0  61  0  0  0  0  0  0  0  0  0  0  0  0  0  0  0  0  0  0  0  0  0  0  0  0  0  0  0  0  0  0  0  61  0  0  0  0  0  0  0  61  0  0  61  0  0  0  0  0  0  0  0  0  61  

0  0  0  0  0  0  0  0  0  0  0  0  0  0  0  0  0  0  61  0  61  0  0  0  0  0  0  0  0  0  0  0  0  0  0  61  0  0  0  61  0  61  0  0  61  0  0  61  61  61  0  0  0  0  0  0  61  61  0  0  

0  0  0  0  0  0  0  0  0  61  0  0  0  0  0  0  0  0  0  0  0  0  0  0  0  0  0  0  0  0  0  0  0  0  0  0  0  0  0  0  0  61  0  0  0  0  0  61  61  0  0  0  61  0  0  0  0  61  0  61  

0  0  0  0  0  0  0  0  0  0  0  0  0  0  0  0  0  61  61  0  0  0  0  61  0  0  61  0  0  0  0  0  0  0  0  0  0  0  0  0  0  0  61  0  0  0  61  61  0  61  0  0  0  0  0  0  0  0  0  0  

0  0  0  0  0  0  0  61  0  61  0  0  0  0  0  0  0  0  0  0  0  0  61  0  0  0  61  0  0  0  0  0  0  0  0  0  0  0  0  0  0  0  0  0  0  0  0  0  0  0  61  0  0  0  0  0  0  61  0  0  

0  0  0  61  0  0  0  0  0  0  61  0  61  0  0  0  0  0  0  0  0  0  0  61  0  0  61  0  0  0  0  0  61  0  0  0  0  0  0  0  0  0  0  0  0  0  0  0  0  0  0  61  0  0  0  0  0  0  0  0  

61  0  0  61  0  0  0  0  0  0  0  0  0  0  0  0  0  0  0  0  61  0  0  0  0  0  61  0  0  0  0  0  0  0  0  61  0  0  0  0  0  0  0  0  0  0  0  0  61  0  0  0  61  0  0  0  61  0  0  0  

0  0  0  0  0  0  0  0  0  0  0  0  0  0  0  0  0  0  0  0  61  0  0  0  0  0  0  0  0  0  61  0  61  61  0  61  0  0  0  0  0  0  61  0  0  0  0  0  0  0  0  0  0  61  0  0  0  0  0  0  

61  61  61  0  0  0  0  0  61  0  0  0  0  0  0  0  0  61  0  0  0  0  0  0  0  0  61  0  0  0  0  0  0  61  0  0  0  61  0  0  0  0  0  0  0  0  0  0  0  0  0  0  0  0  61  0  0  0  61  0  

0  0  0  0  0  0  0  0  0  0  0  61  0  0  0  0  0  0  61  0  0  0  0  0  61  0  0  0  0  61  0  0  0  0  0  0  0  0  0  0  0  0  0  0  61  0  0  0  0  0  0  0  0  0  0  61  0  0  0  0  

0  0  61  0  0  61  0  0  61  0  0  0  0  0  61  0  61  0  0  61  0  0  0  0  0  0  0  0  0  0  0  0  0  0  0  0  61  0  0  0  0  0  0  0  0  0  0  61  0  0  0  0  61  0  0  0  61  0  0  0  

0  0  61  0  0  0  0  0  0  0  0  0  0  0  0  0  0  0  0  0  0  0  0  0  0  0  0  0  0  0  0  0  0  0  0  0  0  0  0  0  61  0  0  0  0  0  0  61  61  0  61  0  0  0  0  0  0  61  0  0  

0  61  0  0  0  0  0  0  0  0  61  0  0  0  0  0  0  0  0  0  0  61  0  0  0  0  0  0  0  0  0  0  61  0  0  0  0  0  0  0  0  0  0  0  0  0  0  0  0  0  0  0  0  0  61  0  0  0  61  0  

0  61  0  0  0  0  0  0  0  0  0  61  0  0  0  0  0  0  0  0  0  0  0  0  0  0  0  0  0  0  0  0  0  0  0  0  0  0  0  0  0  0  0  0  0  0  61  0  61  0  0  0  0  0  0  0  0  0  0  61  

UnPairedArc=
1 8 
1 13 
1 14 
1 17 
1 18 
1 23 
1 27 
1 53 
1 55 
2 10 
2 12 
2 28 
2 29 
2 33 
2 39 
2 40 
2 55 
2 59 
2 60 
3 18 
3 19 
3 20 
3 27 
3 34 
3 41 
3 47 
3 55 
3 57 
3 58 
4 8 
4 35 
4 52 
4 53 
5 28 
5 29 
5 32 
5 36 
5 37 
6 29 
6 57 
7 9 
7 25 
7 31 
7 33 
7 38 
7 39 
7 41 
7 42 
7 43 
7 47 
8 12 
8 18 
8 22 
8 24 
8 27 
8 32 
8 35 
8 40 
8 51 
9 12 
9 29 
9 55 
9 57 
10 28 
10 49 
10 51 
11 22 
11 43 
11 52 
11 59 
12 30 
12 32 
12 35 
12 36 
12 37 
12 43 
12 56 
12 60 
13 52 
15 42 
15 43 
15 57 
16 19 
16 30 
17 24 
17 33 
17 40 
17 41 
17 57 
18 19 
18 34 
18 43 
18 50 
18 55 
19 37 
19 42 
19 43 
19 44 
19 48 
19 50 
19 56 
20 38 
20 57 
21 32 
21 48 
21 53 
21 54 
22 28 
22 59 
23 42 
23 45 
23 51 
24 42 
24 50 
24 52 
25 31 
25 39 
25 43 
25 56 
26 37 
26 39 
27 34 
27 36 
27 50 
27 51 
27 52 
27 53 
27 55 
28 31 
29 36 
29 37 
30 56 
31 32 
31 43 
31 54 
32 44 
33 40 
33 52 
33 54 
33 59 
34 54 
34 55 
36 40 
36 48 
36 53 
36 54 
37 57 
38 43 
38 55 
39 47 
40 48 
41 58 
42 48 
42 49 
43 44 
43 50 
43 54 
45 46 
45 48 
45 56 
47 50 
47 60 
48 49 
48 50 
48 57 
48 58 
49 53 
49 58 
49 60 
51 58 
53 57 
55 59 
