nNodes=40;
 nPairs=297;
Cost=

41  0  0  0  0  41  0  0  41  0  41  0  41  41  41  41  0  0  0  0  0  41  0  0  41  41  0  0  0  0  0  0  0  0  0  0  41  41  0  41  

0  41  41  41  0  0  0  41  0  0  41  41  0  0  0  0  0  0  0  41  0  0  0  0  41  41  41  0  41  41  0  0  0  0  0  41  0  0  41  41  

0  41  41  41  0  0  0  0  41  41  0  0  0  41  41  41  0  41  0  41  41  41  0  0  0  0  0  0  0  0  41  0  0  41  0  0  0  0  0  0  

0  41  41  41  0  0  41  41  0  0  0  41  41  41  0  0  0  0  0  0  41  0  41  0  0  0  0  0  41  0  41  0  0  41  41  0  0  0  0  41  

0  0  0  0  41  41  0  41  0  0  0  0  0  0  0  41  41  41  0  41  0  41  41  41  0  0  41  41  41  41  0  0  0  41  0  0  0  0  41  41  

41  0  0  0  41  41  0  41  0  0  41  41  41  0  0  41  41  0  0  0  0  0  41  0  0  41  0  41  41  0  41  41  0  0  41  0  41  41  0  0  

0  0  0  41  0  0  41  0  41  41  41  41  0  41  41  0  41  41  0  0  41  41  0  41  0  41  41  0  41  0  0  0  41  0  41  0  41  0  0  0  

0  41  0  41  41  41  0  41  0  41  0  41  0  0  0  0  0  41  41  41  41  0  0  41  0  41  0  0  0  41  0  0  0  0  0  0  0  0  41  0  

41  0  41  0  0  0  41  0  41  0  41  0  41  0  41  0  0  41  0  0  0  41  41  41  0  41  41  41  0  0  41  0  0  41  0  0  0  0  0  41  

0  0  41  0  0  0  41  41  0  41  0  0  41  0  0  41  0  0  0  0  0  0  0  0  0  41  41  41  0  0  0  41  0  41  0  0  0  41  0  0  

41  41  0  0  0  41  41  0  41  0  41  0  41  0  0  0  41  0  0  0  0  0  0  0  0  0  41  0  0  0  0  41  0  0  41  0  41  0  41  0  

0  41  0  41  0  41  41  41  0  0  0  41  41  0  41  41  0  0  41  0  0  41  41  41  0  0  0  41  0  41  0  41  41  0  0  0  0  0  0  0  

41  0  0  41  0  41  0  0  41  41  41  41  41  0  0  0  41  0  41  41  0  41  41  0  0  41  0  0  41  41  0  0  41  0  0  0  41  41  0  0  

41  0  41  41  0  0  41  0  0  0  0  0  0  41  0  0  0  0  0  0  0  41  41  0  0  0  41  41  41  0  0  41  41  0  41  41  41  0  0  0  

41  0  41  0  0  0  41  0  41  0  0  41  0  0  41  0  0  0  41  41  0  41  41  0  41  41  0  0  0  41  0  0  0  0  0  0  41  41  41  41  

41  0  41  0  41  41  0  0  0  41  0  41  0  0  0  41  0  0  41  0  0  0  41  41  0  41  41  0  0  41  0  0  0  0  0  41  0  41  0  41  

0  0  0  0  41  41  41  0  0  0  41  0  41  0  0  0  41  41  41  0  41  0  41  0  41  41  0  41  41  0  41  41  41  0  0  0  0  0  0  41  

0  0  41  0  41  0  41  41  41  0  0  0  0  0  0  0  41  41  0  0  0  0  0  0  41  0  41  0  41  0  41  0  0  0  0  0  41  0  41  0  

0  0  0  0  0  0  0  41  0  0  0  41  41  0  41  41  41  0  41  0  41  41  0  41  0  41  0  41  0  41  41  41  0  41  0  41  0  0  0  0  

0  41  41  0  41  0  0  41  0  0  0  0  41  0  41  0  0  0  0  41  41  0  0  41  41  41  0  0  0  41  41  0  0  0  0  0  0  0  0  41  

0  0  41  41  0  0  41  41  0  0  0  0  0  0  0  0  41  0  41  41  41  0  41  0  41  41  0  41  41  0  41  41  41  41  0  0  41  0  0  0  

41  0  41  0  41  0  41  0  41  0  0  41  41  41  41  0  0  0  41  0  0  41  41  0  41  0  41  41  0  0  41  0  0  0  0  0  0  41  0  0  

0  0  0  41  41  41  0  0  41  0  0  41  41  41  41  41  41  0  0  0  41  41  41  41  0  0  41  0  41  0  0  0  0  41  0  0  0  41  41  0  

0  0  0  0  41  0  41  41  41  0  0  41  0  0  0  41  0  0  41  41  0  0  41  41  0  0  41  0  41  0  0  0  0  41  41  0  41  0  0  41  

41  41  0  0  0  0  0  0  0  0  0  0  0  0  41  0  41  41  0  41  41  41  0  0  41  0  41  0  41  0  0  41  0  0  41  0  0  0  0  0  

41  41  0  0  0  41  41  41  41  41  0  0  41  0  41  41  41  0  41  41  41  0  0  0  0  41  0  41  41  0  0  0  0  0  41  0  0  0  41  0  

0  41  0  0  41  0  41  0  41  41  41  0  0  41  0  41  0  41  0  0  0  41  41  41  41  0  41  41  0  0  41  0  41  0  0  0  0  0  0  0  

0  0  0  0  41  41  0  0  41  41  0  41  0  41  0  0  41  0  41  0  41  41  0  0  0  41  41  41  0  41  0  0  0  0  0  0  0  41  41  41  

0  41  0  41  41  41  41  0  0  0  0  0  41  41  0  0  41  41  0  0  41  0  41  41  41  41  0  0  41  0  41  0  0  0  0  41  41  41  0  41  

0  41  0  0  41  0  0  41  0  0  0  41  41  0  41  41  0  0  41  41  0  0  0  0  0  0  0  41  0  41  0  41  0  41  0  41  0  41  0  41  

0  0  41  41  0  41  0  0  41  0  0  0  0  0  0  0  41  41  41  41  41  41  0  0  0  0  41  0  41  0  41  41  41  41  0  0  41  0  0  41  

0  0  0  0  0  41  0  0  0  41  41  41  0  41  0  0  41  0  41  0  41  0  0  0  41  0  0  0  0  41  41  41  0  0  41  41  41  0  0  41  

0  0  0  0  0  0  41  0  0  0  0  41  41  41  0  0  41  0  0  0  41  0  0  0  0  0  41  0  0  0  41  0  41  0  41  0  41  0  41  0  

0  0  41  41  41  0  0  0  41  41  0  0  0  0  0  0  0  0  41  0  41  0  41  41  0  0  0  0  0  41  41  0  0  41  41  0  41  0  0  0  

0  0  0  41  0  41  41  0  0  0  41  0  0  41  0  0  0  0  0  0  0  0  0  41  41  41  0  0  0  0  0  41  41  41  41  0  41  41  0  0  

0  41  0  0  0  0  0  0  0  0  0  0  0  41  0  41  0  0  41  0  0  0  0  0  0  0  0  0  41  41  0  41  0  0  0  41  41  0  0  0  

41  0  0  0  0  41  41  0  0  0  41  0  41  41  41  0  0  41  0  0  41  0  0  41  0  0  0  0  41  0  41  41  41  41  41  41  41  41  41  0  

41  0  0  0  0  41  0  0  0  41  0  0  41  0  41  41  0  0  0  0  0  41  41  0  0  0  0  41  41  41  0  0  0  0  41  0  41  41  0  0  

0  41  0  0  41  0  0  41  0  0  41  0  0  0  41  0  0  41  0  0  0  0  41  0  0  41  0  41  0  0  0  0  41  0  0  0  41  0  41  41  

41  41  0  41  41  0  0  0  41  0  0  0  0  0  41  41  41  0  0  41  0  0  0  41  0  0  0  41  41  41  41  41  0  0  0  0  0  0  41  41  

UnPairedArc=
1 6 
1 9 
1 11 
1 13 
1 14 
1 15 
1 16 
1 22 
1 25 
1 26 
1 37 
1 38 
1 40 
2 3 
2 4 
2 8 
2 11 
2 12 
2 20 
2 25 
2 26 
2 27 
2 29 
2 30 
2 36 
2 39 
2 40 
3 4 
3 9 
3 10 
3 14 
3 15 
3 16 
3 18 
3 20 
3 21 
3 22 
3 31 
3 34 
4 7 
4 8 
4 12 
4 13 
4 14 
4 21 
4 23 
4 29 
4 31 
4 34 
4 35 
4 40 
5 6 
5 8 
5 16 
5 17 
5 18 
5 20 
5 22 
5 23 
5 24 
5 27 
5 28 
5 29 
5 30 
5 34 
5 39 
5 40 
6 8 
6 11 
6 12 
6 13 
6 16 
6 17 
6 23 
6 26 
6 28 
6 29 
6 31 
6 32 
6 35 
6 37 
6 38 
7 9 
7 10 
7 11 
7 12 
7 14 
7 15 
7 17 
7 18 
7 21 
7 22 
7 24 
7 26 
7 27 
7 29 
7 33 
7 35 
7 37 
8 10 
8 12 
8 18 
8 19 
8 20 
8 21 
8 24 
8 26 
8 30 
8 39 
9 11 
9 13 
9 15 
9 18 
9 22 
9 23 
9 24 
9 26 
9 27 
9 28 
9 31 
9 34 
9 40 
10 13 
10 16 
10 26 
10 27 
10 28 
10 32 
10 34 
10 38 
11 13 
11 17 
11 27 
11 32 
11 35 
11 37 
11 39 
12 13 
12 15 
12 16 
12 19 
12 22 
12 23 
12 24 
12 28 
12 30 
12 32 
12 33 
13 17 
13 19 
13 20 
13 22 
13 23 
13 26 
13 29 
13 30 
13 33 
13 37 
13 38 
14 22 
14 23 
14 27 
14 28 
14 29 
14 32 
14 33 
14 35 
14 36 
14 37 
15 19 
15 20 
15 22 
15 23 
15 25 
15 26 
15 30 
15 37 
15 38 
15 39 
15 40 
16 19 
16 23 
16 24 
16 26 
16 27 
16 30 
16 36 
16 38 
16 40 
17 18 
17 19 
17 21 
17 23 
17 25 
17 26 
17 28 
17 29 
17 31 
17 32 
17 33 
17 40 
18 25 
18 27 
18 29 
18 31 
18 37 
18 39 
19 21 
19 22 
19 24 
19 26 
19 28 
19 30 
19 31 
19 32 
19 34 
19 36 
20 21 
20 24 
20 25 
20 26 
20 30 
20 31 
20 40 
21 23 
21 25 
21 26 
21 28 
21 29 
21 31 
21 32 
21 33 
21 34 
21 37 
22 23 
22 25 
22 27 
22 28 
22 31 
22 38 
23 24 
23 27 
23 29 
23 34 
23 38 
23 39 
24 27 
24 29 
24 34 
24 35 
24 37 
24 40 
25 27 
25 29 
25 32 
25 35 
26 28 
26 29 
26 35 
26 39 
27 28 
27 31 
27 33 
28 30 
28 38 
28 39 
28 40 
29 31 
29 36 
29 37 
29 38 
29 40 
30 32 
30 34 
30 36 
30 38 
30 40 
31 32 
31 33 
31 34 
31 37 
31 40 
32 35 
32 36 
32 37 
32 40 
33 35 
33 37 
33 39 
34 35 
34 37 
35 37 
35 38 
36 37 
37 38 
37 39 
39 40 
