nNodes=60;
 nPairs=856;
Cost=

61  61  61  0  0  0  61  0  0  61  0  61  0  61  61  61  0  61  61  0  0  0  61  0  61  0  61  61  0  0  0  0  0  0  0  61  0  0  0  61  61  0  0  0  61  0  0  0  61  0  61  61  61  61  61  0  61  0  0  0  

61  61  61  61  0  0  61  0  61  61  61  0  61  0  0  0  61  61  61  61  61  0  0  0  61  0  0  61  61  0  61  61  0  0  61  61  0  0  61  0  61  61  61  61  61  0  61  61  0  0  61  0  0  61  0  61  61  0  0  61  

61  61  61  0  61  0  0  0  0  61  0  0  61  0  61  61  0  61  61  0  0  61  0  0  61  61  0  61  0  61  0  61  61  0  0  0  61  0  0  0  61  0  0  61  0  61  0  61  0  0  61  61  0  0  0  61  0  61  61  61  

0  61  0  61  0  61  61  0  0  0  0  61  0  61  0  0  0  61  0  61  61  0  61  0  61  61  0  61  61  61  0  0  0  0  61  0  61  0  0  0  0  61  61  61  0  0  61  0  0  0  61  0  0  0  0  61  0  0  61  0  

0  0  61  0  61  0  0  0  61  61  61  0  61  0  0  0  61  0  0  0  61  61  0  0  0  61  61  61  61  0  61  0  0  0  61  61  0  0  61  61  61  61  0  61  0  61  0  0  0  61  0  61  61  0  61  0  61  61  0  0  

0  0  0  61  0  61  0  61  0  61  0  61  0  0  0  0  61  61  61  61  0  61  61  61  61  0  61  0  0  61  0  0  0  61  61  61  61  61  0  0  61  0  61  61  61  0  61  0  0  0  61  0  61  61  0  0  0  61  0  61  

61  61  0  61  0  0  61  0  61  0  61  61  61  0  0  61  0  0  61  61  61  61  0  61  61  0  0  61  61  61  0  61  61  61  61  0  61  61  0  61  61  61  0  0  0  0  61  0  61  0  0  0  0  0  61  0  0  0  61  61  

0  0  0  0  0  61  0  61  0  61  61  0  61  61  0  61  61  61  0  0  61  0  61  61  0  61  61  0  61  61  0  61  0  61  0  0  61  0  0  0  61  61  0  61  61  0  61  0  0  0  0  61  0  0  0  0  0  61  61  61  

0  61  0  0  61  0  61  0  61  0  61  61  0  0  0  61  0  0  0  0  0  0  0  61  0  0  61  61  0  61  0  61  0  0  0  61  61  0  61  0  61  0  0  0  61  61  0  0  0  61  0  61  0  61  0  61  61  0  0  61  

61  61  61  0  61  61  0  61  0  61  61  61  0  61  0  0  0  61  0  61  0  61  0  0  0  0  0  0  61  61  61  0  0  61  0  61  0  0  61  61  61  61  0  0  61  0  0  61  61  0  61  0  61  0  61  0  61  61  61  61  

0  61  0  0  61  0  61  61  61  61  61  0  61  0  0  61  61  61  61  61  61  0  61  61  61  61  61  61  61  0  0  0  0  61  61  61  0  61  0  0  0  61  61  61  0  61  61  61  0  61  61  61  0  61  0  61  0  61  0  61  

61  0  0  61  0  61  61  0  61  61  0  61  61  61  61  61  0  0  0  0  61  0  61  61  0  0  0  0  0  61  0  61  61  0  0  0  0  0  0  0  0  0  61  0  61  61  61  61  0  61  0  0  0  61  61  61  61  0  61  0  

0  61  61  0  61  0  61  61  0  0  61  61  61  0  61  0  61  0  61  0  0  61  61  61  0  0  61  0  61  0  61  61  61  61  0  61  0  61  61  0  0  0  61  61  61  0  0  0  0  0  0  61  0  0  61  61  0  61  61  0  

61  0  0  61  0  0  0  61  0  61  0  61  0  61  0  61  0  0  0  0  61  61  0  0  61  0  0  0  0  0  0  0  0  0  0  0  61  0  0  61  61  0  61  0  61  61  61  61  0  61  61  61  61  0  0  61  61  61  0  61  

61  0  61  0  0  0  0  0  0  0  0  61  61  0  61  61  61  61  61  0  0  0  0  0  61  61  0  0  0  0  61  0  61  61  0  0  0  61  61  61  0  0  0  0  0  61  0  0  61  61  0  61  61  0  61  61  0  61  61  0  

61  0  61  0  0  0  61  61  61  0  61  61  0  61  61  61  61  61  61  61  0  0  0  0  0  0  0  61  0  0  61  0  61  0  0  61  61  61  61  0  61  0  0  0  61  0  0  0  61  0  0  61  0  0  61  61  0  0  61  61  

0  61  0  0  61  61  0  61  0  0  61  0  61  0  61  61  61  0  0  0  61  61  0  0  0  61  0  0  61  0  0  61  61  61  0  61  61  61  0  0  61  61  0  0  61  61  61  61  0  0  61  61  0  61  61  0  0  0  0  61  

61  61  61  61  0  61  0  61  0  61  61  0  0  0  61  61  0  61  61  0  0  0  0  61  0  0  0  0  0  0  0  0  61  0  61  0  0  61  61  0  0  61  61  61  0  61  61  61  0  0  0  61  0  0  0  61  61  0  61  0  

61  61  61  0  0  61  61  0  0  0  61  0  61  0  61  61  0  61  61  0  0  61  0  61  61  61  61  61  0  0  0  61  61  0  61  61  61  61  61  0  61  0  0  0  0  0  0  0  0  0  61  61  0  61  0  61  0  61  61  0  

0  61  0  61  0  61  61  0  0  61  61  0  0  0  0  61  0  0  0  61  61  61  0  0  61  0  0  0  0  61  61  0  61  61  61  0  61  0  0  61  61  61  0  0  61  61  0  0  61  61  61  61  61  0  61  61  0  61  61  61  

0  61  0  61  61  0  61  61  0  0  61  61  0  61  0  0  61  0  0  61  61  61  61  61  61  0  0  0  0  0  61  0  0  0  61  0  61  61  0  61  0  61  0  61  0  61  61  0  0  0  0  61  61  61  61  0  61  0  61  61  

0  0  61  0  61  61  61  0  0  61  0  0  61  61  0  0  61  0  61  61  61  61  0  0  0  61  61  61  61  61  0  0  61  0  0  61  61  61  0  61  0  61  0  61  0  61  61  61  0  61  0  61  61  61  0  61  0  61  61  0  

61  0  0  61  0  61  0  61  0  0  61  61  61  0  0  0  0  0  0  0  61  0  61  61  0  61  61  61  0  0  61  61  61  0  0  0  0  0  0  0  61  0  61  61  61  61  61  61  0  61  61  0  0  0  0  0  0  0  61  61  

0  0  0  0  0  61  61  61  61  0  61  61  61  0  0  0  0  61  61  0  61  0  61  61  0  0  61  61  0  0  0  0  61  61  61  0  61  0  0  0  61  0  61  61  0  0  61  0  61  61  61  0  0  0  61  61  0  61  0  0  

61  61  61  61  0  61  61  0  0  0  61  0  0  61  61  0  0  0  61  61  61  0  0  0  61  61  61  61  0  0  0  61  0  0  61  0  61  0  61  61  0  0  61  61  0  61  61  61  0  0  0  61  0  0  61  61  0  61  61  61  

0  0  61  61  61  0  0  61  0  0  61  0  0  0  61  0  61  0  61  0  0  61  61  0  61  61  61  61  0  61  61  0  0  61  61  0  61  61  0  61  61  61  0  61  0  0  61  0  61  0  61  0  61  61  0  0  61  0  61  0  

61  0  0  0  61  61  0  61  61  0  61  0  61  0  0  0  0  0  61  0  0  61  61  61  61  61  61  61  61  61  61  0  0  0  61  0  61  0  61  0  61  61  0  0  0  0  61  0  61  61  0  0  0  0  61  0  0  0  61  0  

61  61  61  61  61  0  61  0  61  0  61  0  0  0  0  61  0  0  61  0  0  61  61  61  61  61  61  61  61  0  61  0  0  61  0  0  61  61  61  0  61  0  0  61  61  0  0  0  61  0  61  61  0  0  0  0  61  0  61  61  

0  61  0  61  61  0  61  61  0  61  61  0  61  0  0  0  61  0  0  0  0  61  0  0  0  0  61  61  61  0  61  61  0  61  0  0  0  0  61  0  61  0  0  0  61  61  61  61  0  61  0  0  0  61  61  61  0  61  0  61  

0  0  61  61  0  61  61  61  61  61  0  61  0  0  0  0  0  0  0  61  0  61  0  0  0  61  61  0  0  61  61  0  0  61  61  61  61  61  61  61  0  61  61  0  61  0  61  61  0  61  0  0  61  0  0  0  61  0  0  0  

0  61  0  0  61  0  0  0  0  61  0  0  61  0  61  61  0  0  0  61  61  0  61  0  0  61  61  61  61  61  61  61  61  0  0  0  61  61  61  61  0  0  0  0  0  0  0  0  0  0  61  0  61  0  0  61  0  61  61  61  

0  61  61  0  0  0  61  61  61  0  0  61  61  0  0  0  61  0  61  0  0  0  61  0  61  0  0  0  61  0  61  61  0  0  61  61  61  0  61  0  0  0  61  61  0  61  0  61  0  61  61  61  61  0  0  0  0  0  0  0  

0  0  61  0  0  0  61  0  0  0  0  61  61  0  61  61  61  61  61  61  0  61  61  61  0  0  0  0  0  0  61  0  61  61  61  0  0  61  0  61  61  61  61  0  0  0  0  61  61  61  0  0  61  61  0  61  0  61  0  61  

0  0  0  0  0  61  61  61  0  61  61  0  61  0  61  0  61  0  0  61  0  0  0  61  0  61  0  61  61  61  0  0  61  61  61  61  61  0  61  61  61  61  0  61  0  61  61  61  0  61  61  61  61  61  61  0  0  0  0  0  

0  61  0  61  61  61  61  0  0  0  61  0  0  0  0  0  0  61  61  61  61  0  0  61  61  61  61  0  0  61  0  61  61  61  61  0  61  61  0  0  61  0  0  61  61  0  0  61  0  61  61  61  61  61  61  0  61  61  61  0  

61  61  0  0  61  61  0  0  61  61  61  0  61  0  0  61  61  0  61  0  0  61  0  0  0  0  0  0  0  61  0  61  0  61  0  61  61  61  61  61  61  0  0  61  61  0  61  61  0  0  0  0  0  0  61  0  61  0  61  61  

0  0  61  61  0  61  61  61  61  0  0  0  0  61  0  61  61  0  61  61  61  61  0  61  61  61  61  61  0  61  61  61  0  61  61  61  61  0  0  0  0  0  0  0  0  61  0  0  0  61  0  61  0  0  0  61  61  61  0  0  

0  0  0  0  0  61  61  0  0  0  61  0  61  0  61  61  61  61  61  0  61  61  0  0  0  61  0  61  0  61  61  0  61  0  61  61  0  61  61  0  61  61  61  0  61  61  61  61  0  61  0  0  61  61  61  0  61  61  0  0  

0  61  0  0  61  0  0  0  61  61  0  0  61  0  61  61  0  61  61  0  0  0  0  0  61  0  61  61  61  61  61  61  0  61  0  61  0  61  61  61  61  61  61  61  61  61  0  61  61  0  61  0  61  0  61  61  0  61  61  61  

61  0  0  0  61  0  61  0  0  61  0  0  0  61  61  0  0  0  0  61  61  61  0  0  61  61  0  0  0  61  61  0  61  61  0  61  0  0  61  61  0  61  61  61  61  61  0  61  0  61  61  61  0  61  61  61  61  61  61  0  

61  61  61  0  61  61  61  61  61  61  0  0  0  61  0  61  61  0  61  61  0  0  61  61  0  61  61  61  61  0  0  0  61  61  61  61  0  61  61  0  61  0  0  61  0  0  0  61  0  0  0  0  0  0  0  61  61  0  61  0  

0  61  0  61  61  0  61  61  0  61  61  0  0  0  0  0  61  61  0  61  61  61  0  0  0  61  61  0  0  61  0  0  61  61  0  0  0  61  61  61  0  61  0  61  0  0  0  0  0  0  61  0  0  0  0  61  0  61  0  0  

0  61  0  61  0  61  0  0  0  0  61  61  61  61  0  0  0  61  0  0  0  0  61  61  61  0  0  0  0  61  0  61  61  0  0  0  0  61  61  61  0  0  61  61  0  0  0  0  61  61  0  0  61  0  61  0  61  0  61  0  

0  61  61  61  61  61  0  61  0  0  61  0  61  0  0  0  0  61  0  0  61  61  61  61  61  61  0  61  0  0  0  61  0  61  61  61  0  0  61  61  61  61  61  61  0  0  0  0  0  61  0  0  0  0  0  0  0  0  61  61  

61  61  0  0  0  61  0  61  61  61  0  61  61  61  0  61  61  0  0  61  0  0  61  0  0  0  0  61  61  61  0  0  0  0  61  61  0  61  61  61  0  0  0  0  61  61  61  0  61  0  61  0  0  0  0  61  61  61  61  0  

0  0  61  0  61  0  0  0  61  0  61  61  0  61  61  0  61  61  0  61  61  61  61  0  61  0  0  0  61  0  0  61  0  61  0  0  61  61  61  61  0  0  0  0  61  61  0  0  0  0  0  61  61  0  0  61  0  61  61  61  

0  61  0  61  0  61  61  61  0  0  61  61  0  61  0  0  61  61  0  0  61  61  61  61  61  61  61  0  61  61  0  0  0  61  0  61  0  61  0  0  0  0  0  0  61  0  61  0  61  0  61  61  0  61  0  0  61  0  61  0  

0  61  61  0  0  0  0  0  0  61  61  61  0  61  0  0  61  61  0  0  0  61  61  0  61  0  0  0  61  61  0  61  61  61  61  61  0  61  61  61  61  0  0  0  0  0  0  61  0  61  0  0  0  0  61  61  0  61  0  0  

61  0  0  0  0  0  61  0  0  61  0  0  0  0  61  61  0  0  0  61  0  0  0  61  0  61  61  61  0  0  0  0  61  0  0  0  0  0  61  0  0  0  61  0  61  0  61  0  61  61  0  61  61  0  61  0  61  0  61  61  

0  0  0  0  61  0  0  0  61  0  61  61  0  61  61  0  0  0  0  61  0  61  61  61  0  0  61  0  61  61  0  61  61  61  61  0  61  61  0  61  0  0  61  61  0  0  0  61  61  61  0  61  0  61  61  61  0  0  0  0  

61  61  61  61  0  61  0  0  0  61  61  0  0  61  0  0  61  0  61  61  0  0  61  61  0  61  0  61  0  0  61  61  0  61  61  0  0  0  61  61  0  61  0  0  61  0  61  0  0  0  61  0  61  0  61  0  61  0  0  0  

61  0  61  0  61  0  0  61  61  0  61  0  61  61  61  61  61  61  61  61  61  61  0  0  61  0  0  61  0  0  0  61  0  61  61  0  61  0  0  61  0  0  0  0  0  61  61  0  61  61  0  61  0  61  61  0  61  61  0  61  

61  0  0  0  61  61  0  0  0  61  0  0  0  61  61  0  0  0  0  61  61  61  0  0  0  61  0  0  0  61  61  61  61  61  61  0  0  61  61  0  0  0  61  0  0  61  0  0  61  0  61  0  61  61  61  61  61  0  0  61  

61  61  0  0  0  61  0  0  61  0  61  61  0  0  0  0  61  0  61  0  61  61  0  0  0  61  0  0  61  0  0  0  61  61  61  0  0  61  0  61  0  0  0  0  0  0  61  0  0  61  0  61  61  61  61  0  0  0  0  61  

61  0  0  0  61  0  61  0  0  61  0  61  61  0  61  61  61  0  0  61  61  0  0  61  61  0  61  0  61  0  0  0  0  61  61  61  0  61  61  61  0  0  61  0  0  0  0  61  61  61  61  61  61  61  61  0  0  0  0  0  

0  61  61  61  0  0  0  0  61  0  61  61  61  61  61  61  0  61  61  61  0  61  0  61  61  0  0  0  61  0  61  0  61  0  0  0  61  0  61  61  61  61  0  0  61  61  0  61  0  61  0  0  61  0  0  61  61  61  61  0  

61  61  0  0  61  0  0  0  61  61  0  61  0  61  0  0  0  61  0  0  61  0  0  0  0  61  0  61  0  61  0  0  0  0  61  61  61  61  0  61  61  0  61  0  61  0  61  0  61  0  61  61  61  0  0  61  61  0  0  0  

0  0  61  0  61  61  0  61  0  61  61  0  61  61  61  0  0  0  61  61  0  61  0  61  61  0  0  0  61  0  61  0  61  0  61  0  61  61  61  61  0  61  0  0  61  61  0  61  0  0  0  61  0  0  0  61  0  61  0  61  

0  0  61  61  0  0  61  61  0  61  0  61  61  0  61  61  0  61  61  61  61  61  61  0  61  61  61  61  0  0  61  0  0  0  61  61  0  0  61  61  61  0  61  61  61  61  61  0  61  0  0  0  0  0  0  61  0  0  61  61  

0  61  61  0  0  61  61  61  61  61  61  0  0  61  0  61  61  0  0  61  61  0  61  0  61  0  0  61  61  0  61  0  61  0  0  61  0  0  61  0  0  0  0  61  0  61  0  0  61  0  0  61  61  61  0  0  0  61  61  61  

UnPairedArc=
1 2 
1 3 
1 7 
1 10 
1 12 
1 14 
1 15 
1 16 
1 18 
1 19 
1 23 
1 25 
1 27 
1 28 
1 36 
1 40 
1 41 
1 45 
1 49 
1 51 
1 52 
1 53 
1 54 
1 55 
1 57 
2 3 
2 4 
2 7 
2 9 
2 10 
2 11 
2 13 
2 17 
2 18 
2 19 
2 20 
2 21 
2 25 
2 28 
2 29 
2 31 
2 32 
2 35 
2 36 
2 39 
2 41 
2 42 
2 43 
2 44 
2 45 
2 47 
2 48 
2 51 
2 54 
2 56 
2 57 
2 60 
3 5 
3 10 
3 13 
3 15 
3 16 
3 18 
3 19 
3 22 
3 25 
3 26 
3 28 
3 30 
3 32 
3 33 
3 37 
3 41 
3 44 
3 46 
3 48 
3 51 
3 52 
3 56 
3 58 
3 59 
3 60 
4 6 
4 7 
4 12 
4 14 
4 18 
4 20 
4 21 
4 23 
4 25 
4 26 
4 28 
4 29 
4 30 
4 35 
4 37 
4 42 
4 43 
4 44 
4 47 
4 51 
4 56 
4 59 
5 9 
5 10 
5 11 
5 13 
5 17 
5 21 
5 22 
5 26 
5 27 
5 28 
5 29 
5 31 
5 35 
5 36 
5 39 
5 40 
5 41 
5 42 
5 44 
5 46 
5 50 
5 52 
5 53 
5 55 
5 57 
5 58 
6 8 
6 10 
6 12 
6 17 
6 18 
6 19 
6 20 
6 22 
6 23 
6 24 
6 25 
6 27 
6 30 
6 34 
6 35 
6 36 
6 37 
6 38 
6 41 
6 43 
6 44 
6 45 
6 47 
6 51 
6 53 
6 54 
6 58 
6 60 
7 9 
7 11 
7 12 
7 13 
7 16 
7 19 
7 20 
7 21 
7 22 
7 24 
7 25 
7 28 
7 29 
7 30 
7 32 
7 33 
7 34 
7 35 
7 37 
7 38 
7 40 
7 41 
7 42 
7 47 
7 49 
7 55 
7 59 
7 60 
8 10 
8 11 
8 13 
8 14 
8 16 
8 17 
8 18 
8 21 
8 23 
8 24 
8 26 
8 27 
8 29 
8 30 
8 32 
8 34 
8 37 
8 41 
8 42 
8 44 
8 45 
8 47 
8 52 
8 58 
8 59 
8 60 
9 11 
9 12 
9 16 
9 24 
9 27 
9 28 
9 30 
9 32 
9 36 
9 37 
9 39 
9 41 
9 45 
9 46 
9 50 
9 52 
9 54 
9 56 
9 57 
9 60 
10 11 
10 12 
10 14 
10 18 
10 20 
10 22 
10 29 
10 30 
10 31 
10 34 
10 36 
10 39 
10 40 
10 41 
10 42 
10 45 
10 48 
10 49 
10 51 
10 53 
10 55 
10 57 
10 58 
10 59 
10 60 
11 13 
11 16 
11 17 
11 18 
11 19 
11 20 
11 21 
11 23 
11 24 
11 25 
11 26 
11 27 
11 28 
11 29 
11 34 
11 35 
11 36 
11 38 
11 42 
11 43 
11 44 
11 46 
11 47 
11 48 
11 50 
11 51 
11 52 
11 54 
11 56 
11 58 
11 60 
12 13 
12 14 
12 15 
12 16 
12 21 
12 23 
12 24 
12 30 
12 32 
12 33 
12 43 
12 45 
12 46 
12 47 
12 48 
12 50 
12 54 
12 55 
12 56 
12 57 
12 59 
13 15 
13 17 
13 19 
13 22 
13 23 
13 24 
13 27 
13 29 
13 31 
13 32 
13 33 
13 34 
13 36 
13 38 
13 39 
13 43 
13 44 
13 45 
13 52 
13 55 
13 56 
13 58 
13 59 
14 16 
14 21 
14 22 
14 25 
14 37 
14 40 
14 41 
14 43 
14 45 
14 46 
14 47 
14 48 
14 50 
14 51 
14 52 
14 53 
14 56 
14 57 
14 58 
14 60 
15 16 
15 17 
15 18 
15 19 
15 25 
15 26 
15 31 
15 33 
15 34 
15 38 
15 39 
15 40 
15 46 
15 49 
15 50 
15 52 
15 53 
15 55 
15 56 
15 58 
15 59 
16 17 
16 18 
16 19 
16 20 
16 28 
16 31 
16 33 
16 36 
16 37 
16 38 
16 39 
16 41 
16 45 
16 49 
16 52 
16 55 
16 56 
16 59 
16 60 
17 21 
17 22 
17 26 
17 29 
17 32 
17 33 
17 34 
17 36 
17 37 
17 38 
17 41 
17 42 
17 45 
17 46 
17 47 
17 48 
17 51 
17 52 
17 54 
17 55 
17 60 
18 19 
18 24 
18 33 
18 35 
18 38 
18 39 
18 42 
18 43 
18 44 
18 46 
18 47 
18 48 
18 52 
18 56 
18 57 
18 59 
19 22 
19 24 
19 25 
19 26 
19 27 
19 28 
19 32 
19 33 
19 35 
19 36 
19 37 
19 38 
19 39 
19 41 
19 51 
19 52 
19 54 
19 56 
19 58 
19 59 
20 21 
20 22 
20 25 
20 30 
20 31 
20 33 
20 34 
20 35 
20 37 
20 40 
20 41 
20 42 
20 45 
20 46 
20 49 
20 50 
20 51 
20 52 
20 53 
20 55 
20 56 
20 58 
20 59 
20 60 
21 22 
21 23 
21 24 
21 25 
21 31 
21 35 
21 37 
21 38 
21 40 
21 42 
21 44 
21 46 
21 47 
21 52 
21 53 
21 54 
21 55 
21 57 
21 59 
21 60 
22 26 
22 27 
22 28 
22 29 
22 30 
22 33 
22 36 
22 37 
22 38 
22 40 
22 42 
22 44 
22 46 
22 47 
22 48 
22 50 
22 52 
22 53 
22 54 
22 56 
22 58 
22 59 
23 24 
23 26 
23 27 
23 28 
23 31 
23 32 
23 33 
23 41 
23 43 
23 44 
23 45 
23 46 
23 47 
23 48 
23 50 
23 51 
23 59 
23 60 
24 27 
24 28 
24 33 
24 34 
24 35 
24 37 
24 41 
24 43 
24 44 
24 47 
24 49 
24 50 
24 51 
24 55 
24 56 
24 58 
25 26 
25 27 
25 28 
25 32 
25 35 
25 37 
25 39 
25 40 
25 43 
25 44 
25 46 
25 47 
25 48 
25 52 
25 55 
25 56 
25 58 
25 59 
25 60 
26 27 
26 28 
26 30 
26 31 
26 34 
26 35 
26 37 
26 38 
26 40 
26 41 
26 42 
26 44 
26 47 
26 49 
26 51 
26 53 
26 54 
26 57 
26 59 
27 28 
27 29 
27 30 
27 31 
27 35 
27 37 
27 39 
27 41 
27 42 
27 47 
27 49 
27 50 
27 55 
27 59 
28 29 
28 31 
28 34 
28 37 
28 38 
28 39 
28 41 
28 44 
28 45 
28 49 
28 51 
28 52 
28 57 
28 59 
28 60 
29 31 
29 32 
29 34 
29 39 
29 41 
29 45 
29 46 
29 47 
29 48 
29 50 
29 54 
29 55 
29 56 
29 58 
29 60 
30 31 
30 34 
30 35 
30 36 
30 37 
30 38 
30 39 
30 40 
30 42 
30 43 
30 45 
30 47 
30 48 
30 50 
30 53 
30 57 
31 32 
31 33 
31 37 
31 38 
31 39 
31 40 
31 51 
31 53 
31 56 
31 58 
31 59 
31 60 
32 35 
32 36 
32 37 
32 39 
32 43 
32 44 
32 46 
32 48 
32 50 
32 51 
32 52 
32 53 
33 34 
33 35 
33 38 
33 40 
33 41 
33 42 
33 43 
33 48 
33 49 
33 50 
33 53 
33 54 
33 56 
33 58 
33 60 
34 35 
34 36 
34 37 
34 39 
34 40 
34 41 
34 42 
34 44 
34 46 
34 47 
34 48 
34 50 
34 51 
34 52 
34 53 
34 54 
34 55 
35 37 
35 38 
35 41 
35 44 
35 45 
35 48 
35 50 
35 51 
35 52 
35 53 
35 54 
35 55 
35 57 
35 58 
35 59 
36 37 
36 38 
36 39 
36 40 
36 41 
36 44 
36 45 
36 47 
36 48 
36 55 
36 57 
36 59 
36 60 
37 46 
37 50 
37 52 
37 56 
37 57 
37 58 
38 39 
38 41 
38 42 
38 43 
38 45 
38 46 
38 47 
38 48 
38 50 
38 53 
38 54 
38 55 
38 57 
38 58 
39 40 
39 41 
39 42 
39 43 
39 44 
39 45 
39 46 
39 48 
39 49 
39 51 
39 53 
39 55 
39 56 
39 58 
39 59 
39 60 
40 42 
40 43 
40 44 
40 45 
40 46 
40 48 
40 50 
40 51 
40 52 
40 54 
40 55 
40 56 
40 57 
40 58 
40 59 
41 44 
41 48 
41 56 
41 57 
41 59 
42 44 
42 51 
42 56 
42 58 
43 44 
43 49 
43 50 
43 53 
43 55 
43 57 
43 59 
44 50 
44 59 
44 60 
45 46 
45 47 
45 49 
45 51 
45 56 
45 57 
45 58 
45 59 
46 52 
46 53 
46 56 
46 58 
46 59 
46 60 
47 49 
47 51 
47 52 
47 54 
47 57 
47 59 
48 50 
48 55 
48 56 
48 58 
49 50 
49 52 
49 53 
49 55 
49 57 
49 59 
49 60 
50 52 
50 54 
50 55 
50 56 
51 53 
51 55 
51 57 
52 54 
52 55 
52 57 
52 58 
52 60 
53 54 
53 55 
53 56 
53 57 
53 60 
54 55 
54 60 
56 57 
56 58 
56 59 
58 60 
59 60 
