nNodes=60;
 nPairs=856;
Cost=

61  61  0  61  61  61  61  0  0  0  0  0  0  0  61  0  61  61  0  0  61  61  61  0  61  0  0  61  61  0  0  61  61  61  61  0  0  0  61  61  61  61  0  0  0  61  61  61  61  0  61  61  61  0  61  61  61  0  0  0  

61  61  0  0  61  61  0  0  61  61  0  61  0  0  0  61  0  0  61  0  0  0  0  61  0  61  61  61  61  0  0  0  61  0  61  0  61  61  0  61  0  0  0  61  0  61  0  0  61  0  0  61  0  0  0  61  0  0  61  0  

0  0  61  61  0  61  61  0  61  0  61  0  61  0  61  61  0  61  61  61  0  0  0  61  0  0  61  0  61  61  0  0  0  61  61  61  0  61  0  0  0  61  61  61  61  0  61  61  61  0  61  61  0  0  61  0  0  61  0  61  

61  0  61  61  61  0  61  61  61  61  0  0  61  0  61  61  0  0  0  0  61  61  0  61  0  61  61  61  0  61  61  0  61  0  0  61  61  61  61  0  0  61  0  61  61  61  61  0  61  61  61  0  0  0  0  0  0  0  61  0  

61  61  0  61  61  61  61  0  0  61  0  0  61  0  0  0  0  61  61  61  0  61  61  0  0  0  61  61  61  0  61  0  0  61  0  0  61  61  0  0  61  0  0  0  0  61  0  0  61  0  0  0  0  0  0  0  61  0  0  0  

61  61  61  0  61  61  61  61  0  61  61  0  61  0  61  0  0  61  0  0  0  0  0  61  61  0  61  61  61  0  0  0  0  61  0  0  0  61  0  61  0  0  61  61  0  61  61  61  61  61  61  61  61  61  0  61  61  0  61  61  

61  0  61  61  61  61  61  61  0  0  61  61  0  0  0  61  61  0  61  61  61  61  61  0  61  61  61  61  61  0  0  0  0  0  0  0  61  0  61  0  61  0  0  0  0  0  61  61  61  0  0  61  0  61  61  0  0  61  61  0  

0  0  0  61  0  61  61  61  61  61  61  0  61  0  61  61  61  61  61  0  61  61  0  61  61  61  61  0  0  61  0  0  0  0  0  61  0  61  0  61  61  61  61  61  61  0  0  61  0  0  0  61  61  0  0  0  61  0  0  61  

0  61  61  61  0  0  0  61  61  0  61  0  61  61  0  0  0  61  0  0  61  61  61  61  0  61  0  61  61  61  61  61  0  61  0  0  61  61  61  61  61  61  61  61  0  61  61  61  0  0  0  61  61  61  0  0  61  0  61  61  

0  61  0  61  61  61  0  61  0  61  61  61  0  61  61  61  0  61  61  61  61  61  0  61  0  0  61  0  0  0  0  0  61  61  61  0  0  0  0  61  61  0  0  0  61  61  61  0  61  61  61  0  61  0  0  61  61  0  0  0  

0  0  61  0  0  61  61  61  61  61  61  61  61  61  0  61  61  61  0  0  0  0  61  0  0  61  61  0  0  61  0  0  0  61  0  0  0  61  61  0  61  61  0  61  61  61  61  61  61  0  0  61  0  61  61  0  0  61  61  0  

0  61  0  0  0  0  61  0  0  61  61  61  61  61  61  0  0  61  61  61  61  0  0  61  0  61  0  61  0  61  61  61  0  61  61  0  0  0  61  61  0  61  61  0  0  0  0  61  0  61  0  61  61  0  0  0  0  0  61  0  

0  0  61  61  61  61  0  61  61  0  61  61  61  61  0  61  0  0  0  61  61  0  0  61  0  0  61  0  61  0  61  0  61  61  0  0  0  0  61  0  61  61  61  0  0  0  0  61  61  0  0  61  61  0  0  61  0  61  61  61  

0  0  0  0  0  0  0  0  61  61  61  61  61  61  61  61  0  61  0  0  0  61  0  0  61  0  0  0  61  0  0  61  0  61  61  61  0  0  61  61  0  61  0  61  61  0  61  61  61  0  0  61  0  0  61  0  0  0  61  0  

61  0  61  61  0  61  0  61  0  61  0  61  0  61  61  61  0  61  61  61  0  0  61  61  0  0  0  0  61  0  61  61  61  0  61  0  61  61  0  61  0  61  61  0  0  61  61  61  0  61  0  61  0  0  0  61  61  61  61  0  

0  61  61  61  0  0  61  61  0  61  61  0  61  61  61  61  0  61  61  61  0  0  0  0  0  0  61  61  0  61  61  0  0  0  0  0  61  61  61  61  61  0  0  0  61  61  61  0  61  61  0  0  0  0  61  0  0  0  61  0  

61  0  0  0  0  0  61  61  0  0  61  0  0  0  0  0  61  0  61  0  0  0  0  0  0  61  61  61  61  0  61  0  0  61  61  0  61  61  61  61  0  0  0  61  0  0  0  0  0  61  0  0  0  61  0  61  61  0  61  61  

61  0  61  0  61  61  0  61  61  61  61  61  0  61  61  61  0  61  61  0  0  61  61  0  61  0  61  61  61  61  0  0  0  0  61  0  0  61  0  0  61  0  0  0  0  61  61  61  61  0  0  61  0  61  61  61  61  61  0  0  

0  61  61  0  61  0  61  61  0  61  0  61  0  0  61  61  61  61  61  61  61  61  0  61  61  0  61  0  0  61  61  61  0  0  61  61  61  61  0  0  61  0  0  61  0  0  0  0  61  0  0  61  61  61  0  0  61  0  0  61  

0  0  61  0  61  0  61  0  0  61  0  61  61  0  61  61  0  0  61  61  0  0  61  0  61  61  0  61  0  0  61  0  0  0  61  0  61  61  0  61  0  61  61  61  0  0  0  61  61  0  0  0  61  61  0  61  61  61  0  0  

61  0  0  61  0  0  61  61  61  61  0  61  61  0  0  0  0  0  61  0  61  0  0  61  0  0  0  0  0  0  0  0  61  61  61  0  0  0  61  0  0  61  0  0  61  0  61  0  61  0  61  0  61  0  61  61  0  0  61  0  

61  0  0  61  61  0  61  61  61  61  0  0  0  61  0  0  0  61  61  0  0  61  0  61  61  61  61  61  61  0  0  61  0  61  0  0  0  61  0  0  0  61  61  0  61  61  0  61  61  61  0  0  61  61  61  61  61  61  61  0  

61  0  0  0  61  0  61  0  61  0  61  0  0  0  61  0  0  61  0  61  0  0  61  0  61  0  61  0  61  61  0  0  61  0  0  61  61  0  0  61  0  0  61  61  0  61  0  61  61  61  61  0  0  0  61  0  0  0  61  61  

0  61  61  61  0  61  0  61  61  61  0  61  61  0  61  0  0  0  61  0  61  61  0  61  61  0  61  0  0  0  0  0  61  0  61  61  61  0  61  61  0  0  61  61  0  61  0  61  0  0  61  0  0  61  61  0  61  0  61  0  

61  0  0  0  0  61  61  61  0  0  0  0  0  61  0  0  0  61  61  61  0  61  61  61  61  0  61  61  0  0  0  61  0  0  0  0  61  61  61  0  0  0  0  61  0  61  61  0  61  0  0  0  0  0  0  0  0  0  0  61  

0  61  0  61  0  0  61  61  61  0  61  61  0  0  0  0  61  0  0  61  0  61  0  0  0  61  0  0  0  0  61  61  61  61  61  61  61  0  61  61  0  0  0  61  61  61  61  61  0  61  61  0  0  61  61  61  0  0  0  0  

0  61  61  61  61  61  61  61  0  61  61  0  61  0  0  61  61  61  61  0  0  61  61  61  61  0  61  61  61  61  0  0  0  61  61  0  0  0  0  0  0  0  0  0  0  0  61  0  0  0  61  61  0  0  61  61  0  61  61  0  

61  61  0  61  61  61  61  0  61  0  0  61  0  0  0  61  61  61  0  61  0  61  0  0  61  0  61  61  61  0  0  61  0  61  61  0  0  0  0  61  0  61  61  61  0  0  61  0  0  0  61  0  0  61  0  0  61  0  0  61  

61  61  61  0  61  61  61  0  61  0  0  0  61  61  61  0  61  61  0  0  0  61  61  0  0  0  61  61  61  0  0  61  0  61  61  0  0  61  61  0  61  61  0  61  61  61  61  61  0  0  0  61  61  61  0  0  0  0  0  0  

0  0  61  61  0  0  0  61  61  0  61  61  0  0  0  61  0  61  61  0  0  0  61  0  0  0  61  0  0  61  61  0  61  61  61  61  61  0  0  0  0  0  0  0  0  0  0  61  61  61  0  61  61  61  61  0  0  61  0  61  

0  0  0  61  61  0  0  0  61  0  0  61  61  0  61  61  61  0  61  61  0  0  0  0  0  61  0  0  0  61  61  0  61  61  0  61  61  61  0  0  0  0  0  61  61  0  61  61  0  0  0  0  0  61  0  0  0  0  0  0  

61  0  0  0  0  0  0  0  61  0  0  61  0  61  61  0  0  0  61  0  0  61  0  0  61  61  0  61  61  0  0  61  61  61  61  0  61  61  61  0  61  0  0  0  0  61  0  61  61  61  0  61  0  61  61  0  61  0  0  61  

61  61  0  61  0  0  0  0  0  61  0  0  61  0  61  0  0  0  0  0  61  0  61  61  0  61  0  0  0  61  61  61  61  0  61  61  0  61  61  0  0  61  0  61  0  61  61  0  61  0  0  0  0  61  0  61  0  61  0  61  

61  0  61  0  61  61  0  0  61  61  61  61  61  61  0  0  61  0  0  0  61  61  0  0  0  61  61  61  61  61  61  61  0  61  0  0  61  61  0  0  0  61  61  61  0  0  61  0  61  61  61  61  0  61  61  61  0  0  0  0  

61  61  61  0  0  0  0  0  0  61  0  61  0  61  61  0  61  61  61  61  61  0  0  61  0  61  61  61  61  61  0  61  61  0  61  0  61  61  61  0  0  61  0  0  0  0  61  61  61  0  61  61  0  0  0  0  61  61  0  61  

0  0  61  61  0  0  0  61  0  0  0  0  0  61  0  0  0  0  61  0  0  0  61  61  0  61  0  0  0  61  61  0  61  0  0  61  61  0  61  0  61  61  61  61  61  0  0  0  0  61  0  0  0  0  0  0  61  0  61  61  

0  61  0  61  61  0  61  0  61  0  0  0  0  0  61  61  61  0  61  61  0  0  61  61  61  61  0  0  0  61  61  61  0  61  61  61  61  0  61  61  61  0  61  61  61  0  0  61  0  0  0  0  0  0  61  61  0  61  61  61  

0  61  61  61  61  61  0  61  61  0  61  0  0  0  61  61  61  61  61  61  0  61  0  0  61  0  0  0  61  0  61  61  61  61  61  0  0  61  61  0  61  0  0  61  61  61  0  61  61  61  0  0  0  61  61  61  0  0  0  0  

61  0  0  61  0  0  61  0  61  0  61  61  61  61  0  61  61  0  0  0  61  0  0  61  61  61  0  0  61  0  0  61  61  0  61  61  61  61  61  0  61  0  61  0  61  0  0  0  61  61  61  0  0  61  61  61  0  0  61  61  

61  61  0  0  0  61  0  61  61  61  0  61  0  61  61  61  61  0  0  61  0  0  61  61  0  61  0  61  0  0  0  0  0  0  0  0  61  0  0  61  0  0  0  61  0  61  0  0  61  61  61  61  61  61  0  61  0  0  61  61  

61  0  0  0  61  0  61  61  61  61  61  0  61  0  0  61  0  61  61  0  0  0  0  0  0  0  0  0  61  0  0  61  0  0  0  61  61  61  61  0  61  0  0  0  0  61  61  0  61  0  0  61  61  0  0  0  0  61  0  0  

61  0  61  61  0  0  0  61  61  0  61  61  61  61  61  0  0  0  0  61  61  61  0  0  0  0  0  61  61  0  0  0  61  61  61  61  0  0  0  0  0  61  61  61  61  61  61  0  0  61  61  0  61  0  0  61  61  61  61  0  

0  0  61  0  0  61  0  61  61  0  0  61  61  0  61  0  0  0  0  61  0  61  61  61  0  0  0  61  0  0  0  0  0  61  0  61  61  0  61  0  0  61  61  61  0  0  0  61  0  0  61  61  61  0  0  0  0  0  0  61  

0  61  61  61  0  61  0  61  61  0  61  0  0  61  0  0  61  0  61  61  0  0  61  61  61  61  0  61  61  0  61  0  61  61  0  61  61  61  0  61  0  61  61  61  0  61  0  0  61  0  0  0  0  61  61  0  61  0  61  0  

0  0  61  61  0  0  0  61  0  61  61  0  0  61  0  61  0  0  0  0  61  61  0  0  0  61  0  0  61  0  61  0  0  0  0  61  61  61  61  0  0  61  0  0  61  0  61  0  0  61  0  0  0  0  61  0  0  0  0  0  

61  61  0  61  61  61  0  0  61  61  61  0  0  0  61  61  0  61  0  0  0  61  61  61  61  61  0  0  61  0  0  61  61  0  0  0  0  61  0  61  61  61  0  61  0  61  61  0  0  0  0  0  61  61  61  61  0  0  61  61  

61  0  61  61  0  61  61  0  61  61  61  0  0  61  61  61  0  61  0  0  61  0  0  0  61  61  61  61  61  0  61  0  61  61  61  0  0  0  0  0  61  61  0  0  61  61  61  61  0  61  61  61  61  61  61  61  61  0  61  61  

61  0  61  0  0  61  61  61  61  0  61  61  61  61  61  0  0  61  0  61  0  61  61  61  0  61  0  0  61  61  61  61  0  0  61  0  61  61  0  0  0  0  61  0  0  0  61  61  0  61  61  61  0  61  0  0  61  0  0  0  

61  61  61  61  61  61  61  0  0  61  61  0  61  61  0  61  0  61  61  61  61  61  61  0  61  0  0  0  0  61  0  61  61  61  61  0  0  61  61  61  61  0  0  61  0  0  0  0  61  61  0  0  0  0  0  61  0  61  0  61  

0  0  0  61  0  61  0  0  0  61  0  61  0  0  61  61  61  0  0  0  0  61  61  0  0  61  0  0  0  61  0  61  0  61  0  61  0  61  61  61  0  61  0  0  61  0  61  61  61  61  61  0  61  61  61  61  0  0  61  0  

61  0  61  61  0  61  0  0  0  61  0  0  0  0  0  0  0  0  0  0  61  0  61  61  0  61  61  61  0  0  0  0  0  61  61  0  0  0  61  61  0  61  61  0  0  0  61  61  0  61  61  61  61  61  61  61  0  0  0  0  

61  61  61  0  0  61  61  61  61  0  61  61  61  61  61  0  0  61  61  0  0  0  0  0  0  0  61  0  61  61  0  61  0  61  61  0  0  0  0  61  61  0  61  0  0  0  61  61  0  0  61  61  0  0  61  0  0  61  0  0  

61  0  0  0  0  61  0  61  61  61  0  61  61  0  0  0  0  0  61  61  61  61  0  0  0  0  0  0  61  61  0  0  0  0  0  0  0  0  0  61  61  61  61  0  0  61  61  0  0  61  61  0  61  0  0  61  61  61  61  61  

0  0  0  0  0  61  61  0  61  0  61  0  0  0  0  0  61  61  61  61  0  61  0  61  0  61  0  61  61  61  61  61  61  61  0  0  0  61  61  61  0  0  0  61  0  61  61  61  0  61  61  0  0  61  0  0  0  61  0  0  

61  0  61  0  0  0  61  0  0  0  61  0  0  61  0  61  0  61  0  0  61  61  61  61  0  61  61  0  0  61  0  61  0  61  0  0  61  61  61  0  0  0  0  61  61  61  61  0  0  61  61  61  0  0  61  61  0  61  0  61  

61  61  0  0  0  61  0  0  0  61  0  0  61  0  61  0  61  61  0  61  61  61  0  0  0  61  61  0  0  0  0  0  61  61  0  0  61  61  61  61  0  61  0  0  0  61  61  0  61  61  61  0  61  0  61  61  61  0  0  0  

61  0  0  0  61  61  0  61  61  61  0  0  0  0  61  0  61  61  61  61  0  61  0  61  0  0  0  61  0  0  0  61  0  0  61  61  0  0  0  0  0  61  0  61  0  0  61  61  0  0  0  0  61  0  0  61  61  0  0  0  

0  0  61  0  0  0  61  0  0  0  61  0  61  0  61  0  0  61  0  61  0  61  0  0  0  0  61  0  0  61  0  0  61  0  61  0  61  0  0  0  61  61  0  0  0  0  0  0  61  0  0  61  61  61  61  0  0  61  0  0  

0  61  0  61  0  61  61  0  61  0  61  61  61  61  61  61  61  0  0  0  61  61  61  61  0  0  61  0  0  0  0  0  0  0  0  61  61  0  61  61  0  61  0  61  0  61  61  0  0  61  0  0  61  0  0  0  0  0  61  0  

0  0  61  0  0  61  0  61  61  0  0  0  61  0  0  0  61  0  61  0  0  0  61  0  61  0  0  61  0  61  0  61  61  0  61  61  61  0  61  61  0  0  61  0  0  61  61  0  61  0  0  0  61  0  61  0  0  0  0  61  

UnPairedArc=
1 2 
1 4 
1 5 
1 6 
1 7 
1 15 
1 17 
1 18 
1 21 
1 22 
1 23 
1 25 
1 28 
1 29 
1 32 
1 33 
1 34 
1 35 
1 39 
1 40 
1 41 
1 42 
1 46 
1 47 
1 48 
1 49 
1 51 
1 52 
1 53 
1 55 
1 56 
1 57 
2 5 
2 6 
2 9 
2 10 
2 12 
2 16 
2 19 
2 24 
2 26 
2 27 
2 28 
2 29 
2 33 
2 35 
2 37 
2 38 
2 40 
2 44 
2 46 
2 49 
2 52 
2 56 
2 59 
3 4 
3 6 
3 7 
3 9 
3 11 
3 13 
3 15 
3 16 
3 18 
3 19 
3 20 
3 24 
3 27 
3 29 
3 30 
3 34 
3 35 
3 36 
3 38 
3 42 
3 43 
3 44 
3 45 
3 47 
3 48 
3 49 
3 51 
3 52 
3 55 
3 58 
3 60 
4 5 
4 7 
4 8 
4 9 
4 10 
4 13 
4 15 
4 16 
4 21 
4 22 
4 24 
4 26 
4 27 
4 28 
4 30 
4 31 
4 33 
4 36 
4 37 
4 38 
4 39 
4 42 
4 44 
4 45 
4 46 
4 47 
4 49 
4 50 
4 51 
4 59 
5 6 
5 7 
5 10 
5 13 
5 18 
5 19 
5 20 
5 22 
5 23 
5 27 
5 28 
5 29 
5 31 
5 34 
5 37 
5 38 
5 41 
5 46 
5 49 
5 57 
6 7 
6 8 
6 10 
6 11 
6 13 
6 15 
6 18 
6 24 
6 25 
6 27 
6 28 
6 29 
6 34 
6 38 
6 40 
6 43 
6 44 
6 46 
6 47 
6 48 
6 49 
6 50 
6 51 
6 52 
6 53 
6 54 
6 56 
6 57 
6 59 
6 60 
7 8 
7 11 
7 12 
7 16 
7 17 
7 19 
7 20 
7 21 
7 22 
7 23 
7 25 
7 26 
7 27 
7 28 
7 29 
7 37 
7 39 
7 41 
7 47 
7 48 
7 49 
7 52 
7 54 
7 55 
7 58 
7 59 
8 9 
8 10 
8 11 
8 13 
8 15 
8 16 
8 17 
8 18 
8 19 
8 21 
8 22 
8 24 
8 25 
8 26 
8 27 
8 30 
8 36 
8 38 
8 40 
8 41 
8 42 
8 43 
8 44 
8 45 
8 48 
8 52 
8 53 
8 57 
8 60 
9 11 
9 13 
9 14 
9 18 
9 21 
9 22 
9 23 
9 24 
9 26 
9 28 
9 29 
9 30 
9 31 
9 32 
9 34 
9 37 
9 38 
9 39 
9 40 
9 41 
9 42 
9 43 
9 44 
9 46 
9 47 
9 48 
9 52 
9 53 
9 54 
9 57 
9 59 
9 60 
10 11 
10 12 
10 14 
10 15 
10 16 
10 18 
10 19 
10 20 
10 21 
10 22 
10 24 
10 27 
10 33 
10 34 
10 35 
10 40 
10 41 
10 45 
10 46 
10 47 
10 49 
10 50 
10 51 
10 53 
10 56 
10 57 
11 12 
11 13 
11 14 
11 16 
11 17 
11 18 
11 23 
11 26 
11 27 
11 30 
11 34 
11 38 
11 39 
11 41 
11 42 
11 44 
11 45 
11 46 
11 47 
11 48 
11 49 
11 52 
11 54 
11 55 
11 58 
11 59 
12 13 
12 14 
12 15 
12 18 
12 19 
12 20 
12 21 
12 24 
12 26 
12 28 
12 30 
12 31 
12 32 
12 34 
12 35 
12 39 
12 40 
12 42 
12 43 
12 48 
12 50 
12 52 
12 53 
12 59 
13 14 
13 16 
13 20 
13 21 
13 24 
13 27 
13 29 
13 31 
13 33 
13 34 
13 39 
13 41 
13 42 
13 43 
13 48 
13 49 
13 52 
13 53 
13 56 
13 58 
13 59 
13 60 
14 15 
14 16 
14 18 
14 22 
14 25 
14 29 
14 32 
14 34 
14 35 
14 36 
14 39 
14 40 
14 42 
14 44 
14 45 
14 47 
14 48 
14 49 
14 52 
14 55 
14 59 
15 16 
15 18 
15 19 
15 20 
15 23 
15 24 
15 29 
15 31 
15 32 
15 33 
15 35 
15 37 
15 38 
15 40 
15 42 
15 43 
15 46 
15 47 
15 48 
15 50 
15 52 
15 56 
15 57 
15 58 
15 59 
16 18 
16 19 
16 20 
16 27 
16 28 
16 30 
16 31 
16 37 
16 38 
16 39 
16 40 
16 41 
16 45 
16 46 
16 47 
16 49 
16 50 
16 55 
16 59 
17 19 
17 26 
17 27 
17 28 
17 29 
17 31 
17 34 
17 35 
17 37 
17 38 
17 39 
17 40 
17 44 
17 50 
17 54 
17 56 
17 57 
17 59 
17 60 
18 19 
18 22 
18 23 
18 25 
18 27 
18 28 
18 29 
18 30 
18 35 
18 38 
18 41 
18 46 
18 47 
18 48 
18 49 
18 52 
18 54 
18 55 
18 56 
18 57 
18 58 
19 20 
19 21 
19 22 
19 24 
19 25 
19 27 
19 30 
19 31 
19 32 
19 35 
19 36 
19 37 
19 38 
19 41 
19 44 
19 49 
19 52 
19 53 
19 54 
19 57 
19 60 
20 23 
20 25 
20 26 
20 28 
20 31 
20 35 
20 37 
20 38 
20 40 
20 42 
20 43 
20 44 
20 48 
20 49 
20 53 
20 54 
20 56 
20 57 
20 58 
21 24 
21 33 
21 34 
21 35 
21 39 
21 42 
21 45 
21 47 
21 49 
21 51 
21 53 
21 55 
21 56 
21 59 
22 24 
22 25 
22 26 
22 27 
22 28 
22 29 
22 32 
22 34 
22 38 
22 42 
22 43 
22 45 
22 46 
22 48 
22 49 
22 50 
22 53 
22 54 
22 55 
22 56 
22 57 
22 58 
22 59 
23 25 
23 27 
23 29 
23 30 
23 33 
23 36 
23 37 
23 40 
23 43 
23 44 
23 46 
23 48 
23 49 
23 50 
23 51 
23 55 
23 59 
23 60 
24 25 
24 27 
24 33 
24 35 
24 36 
24 37 
24 39 
24 40 
24 43 
24 44 
24 46 
24 48 
24 51 
24 54 
24 55 
24 57 
24 59 
25 27 
25 28 
25 32 
25 37 
25 38 
25 39 
25 44 
25 46 
25 47 
25 49 
25 60 
26 31 
26 32 
26 33 
26 34 
26 35 
26 36 
26 37 
26 39 
26 40 
26 44 
26 45 
26 46 
26 47 
26 48 
26 50 
26 51 
26 54 
26 55 
26 56 
27 28 
27 29 
27 30 
27 34 
27 35 
27 47 
27 51 
27 52 
27 55 
27 56 
27 58 
27 59 
28 29 
28 32 
28 34 
28 35 
28 40 
28 42 
28 43 
28 44 
28 47 
28 51 
28 54 
28 57 
28 60 
29 32 
29 34 
29 35 
29 38 
29 39 
29 41 
29 42 
29 44 
29 45 
29 46 
29 47 
29 48 
29 52 
29 53 
29 54 
30 31 
30 33 
30 34 
30 35 
30 36 
30 37 
30 48 
30 49 
30 50 
30 52 
30 53 
30 54 
30 55 
30 58 
30 60 
31 33 
31 34 
31 36 
31 37 
31 38 
31 44 
31 45 
31 47 
31 48 
31 54 
32 33 
32 34 
32 35 
32 37 
32 38 
32 39 
32 41 
32 46 
32 48 
32 49 
32 50 
32 52 
32 54 
32 55 
32 57 
32 60 
33 35 
33 36 
33 38 
33 39 
33 42 
33 44 
33 46 
33 47 
33 49 
33 54 
33 56 
33 58 
33 60 
34 37 
34 38 
34 42 
34 43 
34 44 
34 47 
34 49 
34 50 
34 51 
34 52 
34 54 
34 55 
34 56 
35 37 
35 38 
35 39 
35 42 
35 47 
35 48 
35 49 
35 51 
35 52 
35 57 
35 58 
35 60 
36 37 
36 39 
36 41 
36 42 
36 43 
36 44 
36 45 
36 50 
36 57 
36 59 
36 60 
37 39 
37 40 
37 41 
37 43 
37 44 
37 45 
37 48 
37 55 
37 56 
37 58 
37 59 
37 60 
38 39 
38 41 
38 44 
38 45 
38 46 
38 48 
38 49 
38 50 
38 54 
38 55 
38 56 
39 41 
39 43 
39 45 
39 49 
39 50 
39 51 
39 54 
39 55 
39 56 
39 59 
39 60 
40 44 
40 46 
40 49 
40 50 
40 51 
40 52 
40 53 
40 54 
40 56 
40 59 
40 60 
41 46 
41 47 
41 49 
41 52 
41 53 
41 58 
42 43 
42 44 
42 45 
42 46 
42 47 
42 50 
42 51 
42 53 
42 56 
42 57 
42 58 
42 59 
43 44 
43 48 
43 51 
43 52 
43 53 
43 60 
44 46 
44 49 
44 54 
44 55 
44 57 
44 59 
45 47 
45 50 
45 55 
46 47 
46 53 
46 54 
46 55 
46 56 
46 59 
46 60 
47 48 
47 50 
47 51 
47 52 
47 53 
47 54 
47 55 
47 56 
47 57 
47 59 
47 60 
48 50 
48 51 
48 52 
48 54 
48 57 
49 50 
49 56 
49 58 
49 60 
50 51 
50 53 
50 54 
50 55 
50 56 
50 59 
51 52 
51 53 
51 54 
51 55 
51 56 
52 55 
52 58 
53 56 
53 57 
53 58 
53 59 
53 60 
54 58 
55 56 
55 58 
55 60 
56 57 
