nNodes=40;
 nPairs=223;
Cost=

41  41  0  0  0  41  0  0  0  0  0  0  0  0  0  41  0  0  0  0  41  0  0  0  41  0  0  0  0  0  0  41  0  0  41  0  0  41  0  0  

41  41  41  41  41  0  0  0  41  0  0  0  0  0  0  0  0  0  0  41  0  0  0  0  41  0  0  41  0  41  41  0  41  0  0  41  0  41  0  0  

0  41  41  0  0  0  0  0  0  0  0  0  41  0  0  41  0  0  0  41  41  0  0  41  0  0  0  0  41  0  0  41  0  0  0  0  0  0  41  0  

0  41  0  41  0  0  0  0  0  0  41  0  41  0  0  0  41  0  0  0  0  0  41  41  0  41  0  0  41  41  0  41  41  0  41  0  0  0  41  0  

0  41  0  0  41  0  41  0  0  0  0  0  0  41  0  41  0  41  0  0  0  0  0  41  0  0  41  0  0  41  41  0  41  0  0  0  41  0  41  0  

41  0  0  0  0  41  0  41  0  0  0  0  0  0  0  0  0  0  0  41  0  41  41  0  41  41  41  0  0  0  0  0  0  0  0  41  0  0  0  0  

0  0  0  0  41  0  41  41  0  41  0  0  0  0  0  0  0  41  41  0  41  0  41  0  41  0  0  0  0  0  41  0  0  0  0  41  0  0  41  41  

0  0  0  0  0  41  41  41  41  0  0  41  0  0  0  0  41  0  0  0  0  0  41  41  0  0  0  0  0  0  41  41  0  0  41  0  0  41  41  0  

0  41  0  0  0  0  0  41  41  41  0  0  0  0  0  0  41  0  0  0  0  41  41  0  41  0  41  41  0  0  41  0  41  41  0  0  41  0  0  0  

0  0  0  0  0  0  41  0  41  41  41  0  0  0  0  0  0  41  0  0  0  41  0  0  0  41  0  0  41  0  0  41  0  0  0  0  0  0  0  0  

0  0  0  41  0  0  0  0  0  41  41  41  41  0  0  0  0  0  0  0  0  0  41  0  41  0  0  0  0  41  0  0  0  0  0  41  0  0  41  0  

0  0  0  0  0  0  0  41  0  0  41  41  0  0  0  0  41  0  0  41  0  0  0  41  0  0  0  0  0  41  0  0  41  41  0  0  0  0  0  0  

0  0  41  41  0  0  0  0  0  0  41  0  41  0  0  0  41  0  0  0  0  0  0  41  41  0  0  41  0  0  0  41  41  0  0  41  0  41  41  41  

0  0  0  0  41  0  0  0  0  0  0  0  0  41  0  0  0  41  0  41  0  0  0  0  0  41  0  41  0  0  0  0  41  0  0  41  41  0  41  41  

0  0  0  0  0  0  0  0  0  0  0  0  0  0  41  0  0  41  0  0  0  0  0  41  0  0  41  0  41  0  0  41  0  0  0  0  0  0  0  0  

41  0  41  0  41  0  0  0  0  0  0  0  0  0  0  41  41  0  0  41  41  41  0  41  41  0  41  41  41  41  0  0  41  0  0  41  0  41  0  0  

0  0  0  41  0  0  0  41  41  0  0  41  41  0  0  41  41  41  0  0  0  0  0  0  0  0  0  41  0  41  0  0  0  41  41  0  41  0  41  0  

0  0  0  0  41  0  41  0  0  41  0  0  0  41  41  0  41  41  0  0  0  41  0  0  41  41  0  0  41  41  41  0  0  0  0  41  41  0  0  41  

0  0  0  0  0  0  41  0  0  0  0  0  0  0  0  0  0  0  41  41  0  0  0  41  41  0  0  0  41  0  0  41  0  0  0  0  0  41  0  0  

0  41  41  0  0  41  0  0  0  0  0  41  0  41  0  41  0  0  41  41  41  41  41  0  0  0  0  0  0  0  0  0  0  41  0  0  0  0  0  0  

41  0  41  0  0  0  41  0  0  0  0  0  0  0  0  41  0  0  0  41  41  0  0  0  41  41  0  41  0  0  0  0  0  0  41  0  0  0  0  0  

0  0  0  0  0  41  0  0  41  41  0  0  0  0  0  41  0  41  0  41  0  41  0  0  0  0  41  0  0  41  41  41  0  0  0  41  0  0  0  41  

0  0  0  41  0  41  41  41  41  0  41  0  0  0  0  0  0  0  0  41  0  0  41  41  0  0  0  41  0  0  0  0  0  41  0  0  0  0  0  0  

0  0  41  41  41  0  0  41  0  0  0  41  41  0  41  41  0  0  41  0  0  0  41  41  0  0  0  0  0  0  0  0  0  0  0  0  0  0  0  0  

41  41  0  0  0  41  41  0  41  0  41  0  41  0  0  41  0  41  41  0  41  0  0  0  41  0  0  41  0  0  0  0  41  0  41  0  41  0  0  0  

0  0  0  41  0  41  0  0  0  41  0  0  0  41  0  0  0  41  0  0  41  0  0  0  0  41  41  0  41  0  0  0  0  0  0  0  0  41  0  0  

0  0  0  0  41  41  0  0  41  0  0  0  0  0  41  41  0  0  0  0  0  41  0  0  0  41  41  0  41  0  0  41  0  0  0  0  41  0  0  0  

0  41  0  0  0  0  0  0  41  0  0  0  41  41  0  41  41  0  0  0  41  0  41  0  41  0  0  41  0  41  41  0  0  0  0  0  41  0  0  41  

0  0  41  41  0  0  0  0  0  41  0  0  0  0  41  41  0  41  41  0  0  0  0  0  0  41  41  0  41  0  41  41  0  41  0  0  41  0  0  41  

0  41  0  41  41  0  0  0  0  0  41  41  0  0  0  41  41  41  0  0  0  41  0  0  0  0  0  41  0  41  0  0  41  41  0  0  0  41  0  0  

0  41  0  0  41  0  41  41  41  0  0  0  0  0  0  0  0  41  0  0  0  41  0  0  0  0  0  41  41  0  41  41  0  0  41  0  0  0  0  0  

41  0  41  41  0  0  0  41  0  41  0  0  41  0  41  0  0  0  41  0  0  41  0  0  0  0  41  0  41  0  41  41  0  0  0  41  0  0  0  41  

0  41  0  41  41  0  0  0  41  0  0  41  41  41  0  41  0  0  0  0  0  0  0  0  41  0  0  0  0  41  0  0  41  0  0  41  0  0  0  0  

0  0  0  0  0  0  0  0  41  0  0  41  0  0  0  0  41  0  0  41  0  0  41  0  0  0  0  0  41  41  0  0  0  41  0  41  0  41  0  0  

41  0  0  41  0  0  0  41  0  0  0  0  0  0  0  0  41  0  0  0  41  0  0  0  41  0  0  0  0  0  41  0  0  0  41  41  0  41  0  41  

0  41  0  0  0  41  41  0  0  0  41  0  41  41  0  41  0  41  0  0  0  41  0  0  0  0  0  0  0  0  0  41  41  41  41  41  0  0  41  41  

0  0  0  0  41  0  0  0  41  0  0  0  0  41  0  0  41  41  0  0  0  0  0  0  41  0  41  41  41  0  0  0  0  0  0  0  41  41  0  0  

41  41  0  0  0  0  0  41  0  0  0  0  41  0  0  41  0  0  41  0  0  0  0  0  0  41  0  0  0  41  0  0  0  41  41  0  41  41  41  41  

0  0  41  41  41  0  41  41  0  0  41  0  41  41  0  0  41  0  0  0  0  0  0  0  0  0  0  0  0  0  0  0  0  0  0  41  0  41  41  0  

0  0  0  0  0  0  41  0  0  0  0  0  41  41  0  0  0  41  0  0  0  41  0  0  0  0  0  41  41  0  0  41  0  0  41  41  0  41  0  41  

UnPairedArc=
1 2 
1 6 
1 16 
1 21 
1 25 
1 32 
1 35 
1 38 
2 3 
2 4 
2 5 
2 9 
2 20 
2 25 
2 28 
2 30 
2 31 
2 33 
2 36 
2 38 
3 13 
3 16 
3 20 
3 21 
3 24 
3 29 
3 32 
3 39 
4 11 
4 13 
4 17 
4 23 
4 24 
4 26 
4 29 
4 30 
4 32 
4 33 
4 35 
4 39 
5 7 
5 14 
5 16 
5 18 
5 24 
5 27 
5 30 
5 31 
5 33 
5 37 
5 39 
6 8 
6 20 
6 22 
6 23 
6 25 
6 26 
6 27 
6 36 
7 8 
7 10 
7 18 
7 19 
7 21 
7 23 
7 25 
7 31 
7 36 
7 39 
7 40 
8 9 
8 12 
8 17 
8 23 
8 24 
8 31 
8 32 
8 35 
8 38 
8 39 
9 10 
9 17 
9 22 
9 23 
9 25 
9 27 
9 28 
9 31 
9 33 
9 34 
9 37 
10 11 
10 18 
10 22 
10 26 
10 29 
10 32 
11 12 
11 13 
11 23 
11 25 
11 30 
11 36 
11 39 
12 17 
12 20 
12 24 
12 30 
12 33 
12 34 
13 17 
13 24 
13 25 
13 28 
13 32 
13 33 
13 36 
13 38 
13 39 
13 40 
14 18 
14 20 
14 26 
14 28 
14 33 
14 36 
14 37 
14 39 
14 40 
15 18 
15 24 
15 27 
15 29 
15 32 
16 17 
16 20 
16 21 
16 22 
16 24 
16 25 
16 27 
16 28 
16 29 
16 30 
16 33 
16 36 
16 38 
17 18 
17 28 
17 30 
17 34 
17 35 
17 37 
17 39 
18 22 
18 25 
18 26 
18 29 
18 30 
18 31 
18 36 
18 37 
18 40 
19 20 
19 24 
19 25 
19 29 
19 32 
19 38 
20 21 
20 22 
20 23 
20 34 
21 25 
21 26 
21 28 
21 35 
22 27 
22 30 
22 31 
22 32 
22 36 
22 40 
23 24 
23 28 
23 34 
25 28 
25 33 
25 35 
25 37 
26 27 
26 29 
26 38 
27 29 
27 32 
27 37 
28 30 
28 31 
28 37 
28 40 
29 31 
29 32 
29 34 
29 37 
29 40 
30 33 
30 34 
30 38 
31 32 
31 35 
32 36 
32 40 
33 36 
34 36 
34 38 
35 36 
35 38 
35 40 
36 39 
36 40 
37 38 
38 39 
38 40 
