nNodes=60;
 nPairs=172;
Cost=

61  61  0  0  0  61  0  0  0  0  0  0  0  0  0  0  0  61  0  0  0  0  0  0  0  0  0  0  0  0  0  0  0  0  0  0  0  0  0  0  0  0  61  0  0  0  0  0  0  61  0  61  0  0  0  0  0  0  0  0  

61  61  0  0  0  0  0  0  0  61  0  0  0  0  0  0  0  0  0  0  0  0  0  0  0  0  0  61  0  0  0  0  0  0  0  0  0  0  0  0  0  0  0  0  61  0  61  0  0  0  0  0  0  61  0  0  0  0  0  0  

0  0  61  0  0  0  0  0  0  0  0  0  0  0  0  61  0  0  0  0  0  0  0  0  0  0  61  0  0  0  0  0  61  0  0  0  0  0  0  0  0  0  0  0  0  0  0  0  0  0  0  0  0  0  0  0  61  0  61  0  

0  0  0  61  0  0  0  0  0  0  0  0  0  0  0  0  0  0  0  0  0  0  61  0  61  0  0  0  0  0  0  0  0  0  0  0  61  0  0  61  0  0  0  61  0  0  0  0  61  0  0  0  61  0  0  0  0  0  0  0  

0  0  0  0  61  0  0  61  0  0  0  0  0  0  0  61  0  61  0  0  0  0  0  0  0  0  0  0  0  0  0  0  0  0  0  0  0  0  0  0  0  61  0  0  0  0  0  0  0  0  0  0  0  0  0  0  0  0  0  0  

61  0  0  0  0  61  0  61  0  0  0  0  0  0  0  0  0  0  0  0  0  0  0  0  0  0  61  0  0  0  0  0  0  0  61  61  61  0  61  0  0  0  0  0  0  0  0  61  0  0  0  0  0  0  0  0  0  0  61  0  

0  0  0  0  0  0  61  0  0  0  0  0  0  0  0  0  0  0  0  0  0  0  0  0  0  0  0  0  0  0  0  0  0  0  0  0  61  61  0  0  0  0  0  0  0  0  0  0  61  0  0  61  0  0  0  0  0  0  0  0  

0  0  0  0  61  61  0  61  0  0  0  0  0  0  0  0  0  0  0  61  0  0  0  0  0  0  0  0  0  0  0  0  0  0  0  0  0  0  0  0  0  0  0  0  0  61  0  0  61  0  61  0  0  0  0  0  0  0  0  0  

0  0  0  0  0  0  0  0  61  0  0  0  0  0  0  0  0  0  0  0  0  0  0  61  0  0  0  0  0  0  0  0  0  0  0  0  0  0  0  0  0  0  61  0  0  0  0  0  0  0  0  0  0  0  61  0  0  0  0  0  

0  61  0  0  0  0  0  0  0  61  0  0  0  61  0  0  0  0  0  0  0  0  61  0  0  0  0  0  0  0  0  61  0  0  0  0  0  0  0  0  0  0  0  0  61  0  61  0  0  0  0  0  61  61  0  61  0  0  61  0  

0  0  0  0  0  0  0  0  0  0  61  0  0  0  0  0  0  0  0  0  0  0  0  0  61  0  0  0  0  0  0  0  0  0  0  0  61  0  0  0  0  0  0  0  0  0  0  61  0  61  0  0  0  0  0  0  0  0  0  0  

0  0  0  0  0  0  0  0  0  0  0  61  61  0  0  0  61  61  0  0  0  0  0  0  0  0  0  0  0  0  0  0  0  0  0  0  0  0  0  61  0  0  0  61  0  0  0  0  0  0  0  61  0  0  0  0  0  0  0  0  

0  0  0  0  0  0  0  0  0  0  0  61  61  0  0  0  61  0  0  0  0  0  0  61  0  0  0  0  0  0  0  0  0  61  61  0  0  0  0  0  0  61  0  0  0  0  0  0  0  0  0  0  0  0  0  61  0  0  0  0  

0  0  0  0  0  0  0  0  0  61  0  0  0  61  0  0  0  0  0  0  0  0  61  0  0  0  61  0  61  0  0  0  0  0  0  0  0  0  0  0  0  61  0  0  0  0  0  0  0  0  0  0  0  0  0  0  0  0  0  0  

0  0  0  0  0  0  0  0  0  0  0  0  0  0  61  0  0  61  0  0  0  0  0  0  0  0  0  0  0  61  0  0  0  0  0  0  0  0  0  0  0  0  0  0  0  0  0  0  0  0  0  0  0  0  0  0  61  0  0  0  

0  0  61  0  61  0  0  0  0  0  0  0  0  0  0  61  0  0  0  0  0  0  0  0  0  0  0  0  0  0  0  0  0  0  0  0  0  0  0  0  0  0  61  0  0  0  61  0  0  0  0  0  0  0  61  61  0  0  0  0  

0  0  0  0  0  0  0  0  0  0  0  61  61  0  0  0  61  0  0  0  0  0  0  0  0  0  61  0  0  61  0  0  0  0  0  0  0  0  0  0  0  61  0  0  0  0  61  61  0  0  0  0  61  0  0  0  0  0  0  61  

61  0  0  0  61  0  0  0  0  0  0  61  0  0  61  0  0  61  0  0  0  0  0  0  0  0  61  0  0  0  0  0  0  0  0  0  0  0  0  0  0  0  0  0  0  0  0  0  0  0  0  0  0  0  0  0  0  0  0  0  

0  0  0  0  0  0  0  0  0  0  0  0  0  0  0  0  0  0  61  0  0  0  0  0  0  0  0  61  0  0  0  0  0  0  0  0  0  0  0  0  0  0  0  61  0  0  0  0  61  0  0  0  0  0  0  0  0  0  0  0  

0  0  0  0  0  0  0  61  0  0  0  0  0  0  0  0  0  0  0  61  0  0  0  0  0  0  61  0  0  61  0  0  0  0  0  0  0  0  0  61  0  0  0  0  0  0  0  0  0  0  0  0  0  0  0  0  0  0  0  0  

0  0  0  0  0  0  0  0  0  0  0  0  0  0  0  0  0  0  0  0  61  0  0  0  0  61  0  0  0  0  0  0  0  0  0  0  0  0  0  0  0  0  0  0  0  0  0  61  0  0  0  0  0  0  0  0  0  61  0  0  

0  0  0  0  0  0  0  0  0  0  0  0  0  0  0  0  0  0  0  0  0  61  0  0  0  0  61  0  0  0  0  61  0  0  0  0  0  0  0  0  0  0  0  0  0  0  61  0  0  61  0  0  0  0  0  0  0  0  0  0  

0  0  0  61  0  0  0  0  0  61  0  0  0  61  0  0  0  0  0  0  0  0  61  0  0  0  61  61  0  0  0  0  0  0  0  0  0  0  0  0  0  0  0  0  0  0  0  0  0  0  0  0  0  0  61  0  0  0  0  0  

0  0  0  0  0  0  0  0  61  0  0  0  61  0  0  0  0  0  0  0  0  0  0  61  0  0  0  0  0  0  0  0  0  0  0  0  0  0  61  61  0  0  61  0  0  0  0  0  61  0  0  0  0  0  0  61  0  0  0  0  

0  0  0  61  0  0  0  0  0  0  61  0  0  0  0  0  0  0  0  0  0  0  0  0  61  0  0  0  0  0  0  0  0  0  0  0  0  61  0  0  0  0  0  0  0  61  0  0  0  0  0  61  0  0  0  0  0  0  0  0  

0  0  0  0  0  0  0  0  0  0  0  0  0  0  0  0  0  0  0  0  61  0  0  0  0  61  0  0  0  0  0  0  0  0  0  0  0  61  0  0  0  0  0  0  0  0  0  0  0  61  0  0  0  0  0  0  0  0  0  0  

0  0  61  0  0  61  0  0  0  0  0  0  0  61  0  0  61  61  0  61  0  61  61  0  0  0  61  61  0  0  0  0  0  0  0  0  0  61  0  0  0  0  0  0  0  0  0  0  0  0  0  0  0  0  0  0  0  0  0  0  

0  61  0  0  0  0  0  0  0  0  0  0  0  0  0  0  0  0  61  0  0  0  61  0  0  0  61  61  61  61  0  0  0  0  0  0  0  0  0  0  0  0  0  0  0  0  0  0  0  0  0  0  0  0  0  0  0  0  0  0  

0  0  0  0  0  0  0  0  0  0  0  0  0  61  0  0  0  0  0  0  0  0  0  0  0  0  0  61  61  0  0  0  0  0  61  61  0  0  0  61  0  0  0  0  0  0  0  0  0  61  0  0  0  0  0  61  0  0  0  0  

0  0  0  0  0  0  0  0  0  0  0  0  0  0  61  0  61  0  0  61  0  0  0  0  0  0  0  61  0  61  0  0  0  0  0  0  0  0  0  0  0  0  0  0  0  0  0  61  0  0  0  0  0  0  0  0  0  0  0  0  

0  0  0  0  0  0  0  0  0  0  0  0  0  0  0  0  0  0  0  0  0  0  0  0  0  0  0  0  0  0  61  0  0  0  0  0  61  0  0  0  0  61  0  0  0  0  0  61  61  0  0  61  0  0  0  0  0  0  0  61  

0  0  0  0  0  0  0  0  0  61  0  0  0  0  0  0  0  0  0  0  0  61  0  0  0  0  0  0  0  0  0  61  0  0  0  0  0  0  0  0  0  0  0  0  0  0  0  0  0  0  0  0  0  61  0  0  0  0  0  0  

0  0  61  0  0  0  0  0  0  0  0  0  0  0  0  0  0  0  0  0  0  0  0  0  0  0  0  0  0  0  0  0  61  0  0  0  0  0  0  0  0  0  0  0  0  0  61  0  0  0  0  0  0  0  61  0  0  0  0  61  

0  0  0  0  0  0  0  0  0  0  0  0  61  0  0  0  0  0  0  0  0  0  0  0  0  0  0  0  0  0  0  0  0  61  0  0  0  0  0  0  0  0  0  0  0  61  0  0  0  0  0  0  0  0  0  0  0  0  0  0  

0  0  0  0  0  61  0  0  0  0  0  0  61  0  0  0  0  0  0  0  0  0  0  0  0  0  0  0  61  0  0  0  0  0  61  0  0  0  0  61  0  0  0  0  0  0  0  0  0  0  61  0  0  0  0  61  0  0  0  0  

0  0  0  0  0  61  0  0  0  0  0  0  0  0  0  0  0  0  0  0  0  0  0  0  0  0  0  0  61  0  0  0  0  0  0  61  0  0  0  0  0  0  0  0  0  0  0  0  0  0  0  0  0  0  0  0  61  0  61  0  

0  0  0  61  0  61  61  0  0  0  61  0  0  0  0  0  0  0  0  0  0  0  0  0  0  0  0  0  0  0  61  0  0  0  0  0  61  0  0  0  0  0  0  0  0  0  0  0  0  61  0  0  0  0  0  0  0  0  0  0  

0  0  0  0  0  0  61  0  0  0  0  0  0  0  0  0  0  0  0  0  0  0  0  0  61  61  61  0  0  0  0  0  0  0  0  0  0  61  61  0  0  0  0  0  0  0  0  0  0  0  0  0  61  0  0  0  0  0  0  0  

0  0  0  0  0  61  0  0  0  0  0  0  0  0  0  0  0  0  0  0  0  0  0  61  0  0  0  0  0  0  0  0  0  0  0  0  0  61  61  0  0  0  61  0  0  0  0  0  61  61  0  0  0  0  0  0  0  0  0  0  

0  0  0  61  0  0  0  0  0  0  0  61  0  0  0  0  0  0  0  61  0  0  0  61  0  0  0  0  61  0  0  0  0  0  61  0  0  0  0  61  0  0  0  0  0  0  0  0  0  61  0  0  0  0  0  61  0  0  0  0  

0  0  0  0  0  0  0  0  0  0  0  0  0  0  0  0  0  0  0  0  0  0  0  0  0  0  0  0  0  0  0  0  0  0  0  0  0  0  0  0  61  0  0  0  0  0  61  0  0  0  0  0  0  0  0  0  0  61  0  0  

0  0  0  0  61  0  0  0  0  0  0  0  61  61  0  0  61  0  0  0  0  0  0  0  0  0  0  0  0  0  61  0  0  0  0  0  0  0  0  0  0  61  0  0  0  0  0  0  0  0  0  0  0  0  0  0  0  0  0  0  

61  0  0  0  0  0  0  0  61  0  0  0  0  0  0  61  0  0  0  0  0  0  0  61  0  0  0  0  0  0  0  0  0  0  0  0  0  0  61  0  0  0  61  0  61  0  0  0  0  0  0  0  0  61  0  0  0  0  0  0  

0  0  0  61  0  0  0  0  0  0  0  61  0  0  0  0  0  0  61  0  0  0  0  0  0  0  0  0  0  0  0  0  0  0  0  0  0  0  0  0  0  0  0  61  0  0  0  0  0  0  0  0  0  0  0  0  0  0  0  0  

0  61  0  0  0  0  0  0  0  61  0  0  0  0  0  0  0  0  0  0  0  0  0  0  0  0  0  0  0  0  0  0  0  0  0  0  0  0  0  0  0  0  61  0  61  0  0  61  61  0  0  0  61  0  0  0  0  0  0  0  

0  0  0  0  0  0  0  61  0  0  0  0  0  0  0  0  0  0  0  0  0  0  0  0  61  0  0  0  0  0  0  0  0  61  0  0  0  0  0  0  0  0  0  0  0  61  61  0  0  0  0  0  0  0  0  0  0  61  0  61  

0  61  0  0  0  0  0  0  0  61  0  0  0  0  0  61  61  0  0  0  0  61  0  0  0  0  0  0  0  0  0  0  61  0  0  0  0  0  0  0  61  0  0  0  0  61  61  61  61  0  61  61  0  0  0  0  0  0  0  0  

0  0  0  0  0  61  0  0  0  0  61  0  0  0  0  0  61  0  0  0  61  0  0  0  0  0  0  0  0  61  61  0  0  0  0  0  0  0  0  0  0  0  0  0  61  0  61  61  0  0  0  0  0  0  0  0  0  0  0  0  

0  0  0  61  0  0  61  61  0  0  0  0  0  0  0  0  0  0  61  0  0  0  0  61  0  0  0  0  0  0  61  0  0  0  0  0  0  0  61  0  0  0  0  0  61  0  61  0  61  0  0  0  0  0  0  0  0  0  0  61  

61  0  0  0  0  0  0  0  0  0  61  0  0  0  0  0  0  0  0  0  0  61  0  0  0  61  0  0  61  0  0  0  0  0  0  0  61  0  61  61  0  0  0  0  0  0  0  0  0  61  0  0  61  0  0  0  0  0  61  0  

0  0  0  0  0  0  0  61  0  0  0  0  0  0  0  0  0  0  0  0  0  0  0  0  0  0  0  0  0  0  0  0  0  0  61  0  0  0  0  0  0  0  0  0  0  0  61  0  0  0  61  0  0  0  0  0  0  0  0  0  

61  0  0  0  0  0  61  0  0  0  0  61  0  0  0  0  0  0  0  0  0  0  0  0  61  0  0  0  0  0  61  0  0  0  0  0  0  0  0  0  0  0  0  0  0  0  61  0  0  0  0  61  0  0  61  61  0  0  0  0  

0  0  0  61  0  0  0  0  0  61  0  0  0  0  0  0  61  0  0  0  0  0  0  0  0  0  0  0  0  0  0  0  0  0  0  0  0  61  0  0  0  0  0  0  61  0  0  0  0  61  0  0  61  0  61  0  0  0  0  61  

0  61  0  0  0  0  0  0  0  61  0  0  0  0  0  0  0  0  0  0  0  0  0  0  0  0  0  0  0  0  0  61  0  0  0  0  0  0  0  0  0  0  61  0  0  0  0  0  0  0  0  0  0  61  0  0  0  0  0  0  

0  0  0  0  0  0  0  0  61  0  0  0  0  0  0  61  0  0  0  0  0  0  61  0  0  0  0  0  0  0  0  0  61  0  0  0  0  0  0  0  0  0  0  0  0  0  0  0  0  0  0  61  61  0  61  0  0  0  0  0  

0  0  0  0  0  0  0  0  0  61  0  0  61  0  0  61  0  0  0  0  0  0  0  61  0  0  0  0  61  0  0  0  0  0  61  0  0  0  0  61  0  0  0  0  0  0  0  0  0  0  0  61  0  0  0  61  0  0  0  0  

0  0  61  0  0  0  0  0  0  0  0  0  0  0  61  0  0  0  0  0  0  0  0  0  0  0  0  0  0  0  0  0  0  0  0  61  0  0  0  0  0  0  0  0  0  0  0  0  0  0  0  0  0  0  0  0  61  0  61  0  

0  0  0  0  0  0  0  0  0  0  0  0  0  0  0  0  0  0  0  0  61  0  0  0  0  0  0  0  0  0  0  0  0  0  0  0  0  0  0  0  61  0  0  0  0  61  0  0  0  0  0  0  0  0  0  0  0  61  0  0  

0  0  61  0  0  61  0  0  0  61  0  0  0  0  0  0  0  0  0  0  0  0  0  0  0  0  0  0  0  0  0  0  0  0  0  61  0  0  0  0  0  0  0  0  0  0  0  0  0  61  0  0  0  0  0  0  61  0  61  0  

0  0  0  0  0  0  0  0  0  0  0  0  0  0  0  0  61  0  0  0  0  0  0  0  0  0  0  0  0  0  61  0  61  0  0  0  0  0  0  0  0  0  0  0  0  61  0  0  61  0  0  0  61  0  0  0  0  0  0  61  

UnPairedArc=
1 2 
1 6 
1 18 
1 43 
1 50 
1 52 
2 10 
2 28 
2 45 
2 47 
2 54 
3 16 
3 27 
3 33 
3 57 
3 59 
4 23 
4 25 
4 37 
4 40 
4 44 
4 49 
4 53 
5 8 
5 16 
5 18 
5 42 
6 8 
6 27 
6 35 
6 36 
6 37 
6 39 
6 48 
6 59 
7 37 
7 38 
7 49 
7 52 
8 20 
8 46 
8 49 
8 51 
9 24 
9 43 
9 55 
10 14 
10 23 
10 32 
10 45 
10 47 
10 53 
10 54 
10 56 
10 59 
11 25 
11 37 
11 48 
11 50 
12 13 
12 17 
12 18 
12 40 
12 44 
12 52 
13 17 
13 24 
13 34 
13 35 
13 42 
13 56 
14 23 
14 27 
14 29 
14 42 
15 18 
15 30 
15 57 
16 43 
16 47 
16 55 
16 56 
17 27 
17 30 
17 42 
17 47 
17 48 
17 53 
17 60 
18 27 
19 28 
19 44 
19 49 
20 27 
20 30 
20 40 
21 26 
21 48 
21 58 
22 27 
22 32 
22 47 
22 50 
23 27 
23 28 
23 55 
24 39 
24 40 
24 43 
24 49 
24 56 
25 38 
25 46 
25 52 
26 38 
26 50 
27 28 
27 38 
28 29 
28 30 
29 35 
29 36 
29 40 
29 50 
29 56 
30 48 
31 37 
31 42 
31 48 
31 49 
31 52 
31 60 
32 54 
33 47 
33 55 
33 60 
34 46 
35 40 
35 51 
35 56 
36 57 
36 59 
37 50 
38 39 
38 53 
39 43 
39 49 
39 50 
40 50 
40 56 
41 47 
41 58 
43 45 
43 54 
45 48 
45 49 
45 53 
46 47 
46 58 
46 60 
47 48 
47 49 
47 51 
47 52 
49 60 
50 53 
50 59 
52 55 
52 56 
53 55 
53 60 
57 59 
