nNodes=40;
 nPairs=149;
Cost=

41  0  0  0  0  0  0  41  41  0  0  0  41  0  0  41  0  0  0  0  0  0  41  0  0  41  0  41  0  0  0  0  0  0  0  0  0  0  0  0  

0  41  0  0  41  0  0  0  0  0  0  0  41  41  0  0  0  0  0  0  0  0  41  41  41  41  41  0  0  0  0  0  0  0  0  41  0  41  0  0  

0  0  41  0  0  41  0  41  0  0  0  0  0  0  41  0  0  0  0  41  0  0  0  0  0  0  0  0  0  0  0  0  41  0  0  0  0  0  0  0  

0  0  0  41  0  0  0  0  0  0  0  0  41  0  41  0  0  0  0  0  0  0  0  0  41  0  41  0  0  0  41  0  41  0  0  41  0  0  0  41  

0  41  0  0  41  0  0  41  0  41  0  0  0  41  0  0  0  0  0  0  0  0  41  0  0  0  0  0  0  0  0  0  0  0  0  0  0  0  0  0  

0  0  41  0  0  41  0  0  0  0  41  0  41  41  0  0  0  0  0  0  0  0  0  0  0  41  0  0  0  41  0  0  0  0  41  0  0  0  0  0  

0  0  0  0  0  0  41  0  0  0  0  0  0  0  41  41  0  0  0  0  0  0  0  0  41  0  0  0  0  0  0  0  0  0  41  41  0  41  0  41  

41  0  41  0  41  0  0  41  41  0  0  0  0  0  0  0  0  0  0  0  0  0  41  0  0  0  41  41  0  0  0  0  0  0  0  0  41  0  0  0  

41  0  0  0  0  0  0  41  41  0  0  41  0  0  0  0  41  0  0  0  0  0  41  41  0  41  0  41  41  41  0  0  0  0  0  0  41  0  0  0  

0  0  0  0  41  0  0  0  0  41  0  0  0  0  0  0  0  0  0  0  0  41  0  41  41  0  0  0  0  41  0  0  0  0  0  0  0  41  0  0  

0  0  0  0  0  41  0  0  0  0  41  41  0  0  0  0  41  0  0  0  0  0  0  41  0  0  0  41  0  0  0  0  0  0  0  0  0  0  41  0  

0  0  0  0  0  0  0  0  41  0  41  41  0  41  0  0  0  0  0  0  0  0  0  0  0  0  0  0  0  0  41  0  0  41  0  0  0  0  41  41  

41  41  0  41  0  41  0  0  0  0  0  0  41  0  0  41  0  0  0  0  0  41  0  0  0  41  0  0  41  41  41  0  0  0  0  0  0  41  0  0  

0  41  0  0  41  41  0  0  0  0  0  41  0  41  0  0  0  41  0  0  0  0  0  0  0  41  0  0  0  41  0  0  0  0  0  0  0  0  0  0  

0  0  41  41  0  0  41  0  0  0  0  0  0  0  41  0  41  41  0  0  0  41  0  0  41  0  0  41  41  0  0  0  0  0  0  0  0  0  0  0  

41  0  0  0  0  0  41  0  0  0  0  0  41  0  0  41  0  0  0  0  0  0  0  0  0  0  0  0  0  0  41  0  0  0  0  0  0  41  0  0  

0  0  0  0  0  0  0  0  41  0  41  0  0  0  41  0  41  0  0  41  0  0  0  0  0  0  0  41  0  0  0  0  0  0  41  0  41  41  0  41  

0  0  0  0  0  0  0  0  0  0  0  0  0  41  41  0  0  41  41  0  41  0  0  0  0  0  41  0  0  0  0  0  0  0  0  0  0  0  0  0  

0  0  0  0  0  0  0  0  0  0  0  0  0  0  0  0  0  41  41  0  0  0  0  0  0  41  0  0  0  0  0  0  0  41  0  0  41  0  0  0  

0  0  41  0  0  0  0  0  0  0  0  0  0  0  0  0  41  0  0  41  0  0  41  41  41  41  0  0  0  0  0  41  0  0  0  0  0  0  0  0  

0  0  0  0  0  0  0  0  0  0  0  0  0  0  0  0  0  41  0  0  41  0  0  0  41  0  0  41  0  0  0  0  0  0  0  0  0  0  0  0  

0  0  0  0  0  0  0  0  0  41  0  0  41  0  41  0  0  0  0  0  0  41  0  0  0  0  0  0  0  41  0  41  0  0  0  0  41  0  41  0  

41  41  0  0  41  0  0  41  41  0  0  0  0  0  0  0  0  0  0  41  0  0  41  41  41  0  41  0  41  0  0  0  0  0  41  41  0  41  0  0  

0  41  0  0  0  0  0  0  41  41  41  0  0  0  0  0  0  0  0  41  0  0  41  41  41  0  0  0  0  41  0  0  0  0  0  0  0  0  41  0  

0  41  0  41  0  0  41  0  0  41  0  0  0  0  41  0  0  0  0  41  41  0  41  41  41  0  0  0  0  0  0  0  0  0  0  0  0  0  0  0  

41  41  0  0  0  41  0  0  41  0  0  0  41  41  0  0  0  0  41  41  0  0  0  0  0  41  0  0  0  0  0  41  0  0  0  0  0  41  0  0  

0  41  0  41  0  0  0  41  0  0  0  0  0  0  0  0  0  41  0  0  0  0  41  0  0  0  41  0  0  41  0  0  0  0  0  0  0  0  0  0  

41  0  0  0  0  0  0  41  41  0  41  0  0  0  41  0  41  0  0  0  41  0  0  0  0  0  0  41  0  0  0  0  0  0  0  0  0  0  41  0  

0  0  0  0  0  0  0  0  41  0  0  0  41  0  41  0  0  0  0  0  0  0  41  0  0  0  0  0  41  0  41  0  0  0  0  0  0  41  0  0  

0  0  0  0  0  41  0  0  41  41  0  0  41  41  0  0  0  0  0  0  0  41  0  41  0  0  41  0  0  41  0  0  41  0  41  0  0  41  0  0  

0  0  0  41  0  0  0  0  0  0  0  41  41  0  0  41  0  0  0  0  0  0  0  0  0  0  0  0  41  0  41  0  0  0  0  0  0  0  0  0  

0  0  0  0  0  0  0  0  0  0  0  0  0  0  0  0  0  0  0  41  0  41  0  0  0  41  0  0  0  0  0  41  41  41  0  0  0  41  0  0  

0  0  41  41  0  0  0  0  0  0  0  0  0  0  0  0  0  0  0  0  0  0  0  0  0  0  0  0  0  41  0  41  41  0  0  41  0  0  41  0  

0  0  0  0  0  0  0  0  0  0  0  41  0  0  0  0  0  0  41  0  0  0  0  0  0  0  0  0  0  0  0  41  0  41  41  0  41  0  41  41  

0  0  0  0  0  41  41  0  0  0  0  0  0  0  0  0  41  0  0  0  0  0  41  0  0  0  0  0  0  41  0  0  0  41  41  0  0  0  0  0  

0  41  0  41  0  0  41  0  0  0  0  0  0  0  0  0  0  0  0  0  0  0  41  0  0  0  0  0  0  0  0  0  41  0  0  41  0  0  0  41  

0  0  0  0  0  0  0  41  41  0  0  0  0  0  0  0  41  0  41  0  0  41  0  0  0  0  0  0  0  0  0  0  0  41  0  0  41  41  41  0  

0  41  0  0  0  0  41  0  0  41  0  0  41  0  0  41  41  0  0  0  0  0  41  0  0  41  0  0  41  41  0  41  0  0  0  0  41  41  0  41  

0  0  0  0  0  0  0  0  0  0  41  41  0  0  0  0  0  0  0  0  0  41  0  41  0  0  0  41  0  0  0  0  41  41  0  0  41  0  41  0  

0  0  0  41  0  0  41  0  0  0  0  41  0  0  0  0  41  0  0  0  0  0  0  0  0  0  0  0  0  0  0  0  0  41  0  41  0  41  0  41  

UnPairedArc=
1 8 
1 9 
1 13 
1 16 
1 23 
1 26 
1 28 
2 5 
2 13 
2 14 
2 23 
2 24 
2 25 
2 26 
2 27 
2 36 
2 38 
3 6 
3 8 
3 15 
3 20 
3 33 
4 13 
4 15 
4 25 
4 27 
4 31 
4 33 
4 36 
4 40 
5 8 
5 10 
5 14 
5 23 
6 11 
6 13 
6 14 
6 26 
6 30 
6 35 
7 15 
7 16 
7 25 
7 35 
7 36 
7 38 
7 40 
8 9 
8 23 
8 27 
8 28 
8 37 
9 12 
9 17 
9 23 
9 24 
9 26 
9 28 
9 29 
9 30 
9 37 
10 22 
10 24 
10 25 
10 30 
10 38 
11 12 
11 17 
11 24 
11 28 
11 39 
12 14 
12 31 
12 34 
12 39 
12 40 
13 16 
13 22 
13 26 
13 29 
13 30 
13 31 
13 38 
14 18 
14 26 
14 30 
15 17 
15 18 
15 22 
15 25 
15 28 
15 29 
16 31 
16 38 
17 20 
17 28 
17 35 
17 37 
17 38 
17 40 
18 19 
18 21 
18 27 
19 26 
19 34 
19 37 
20 23 
20 24 
20 25 
20 26 
20 32 
21 25 
21 28 
22 30 
22 32 
22 37 
22 39 
23 24 
23 25 
23 27 
23 29 
23 35 
23 36 
23 38 
24 25 
24 30 
24 39 
26 32 
26 38 
27 30 
28 39 
29 31 
29 38 
30 33 
30 35 
30 38 
32 33 
32 34 
32 38 
33 36 
33 39 
34 35 
34 37 
34 39 
34 40 
36 40 
37 38 
37 39 
38 40 
