nNodes=100;
 nPairs=2911;
Cost=

101  0  101  101  101  101  101  0  101  101  101  101  101  101  0  0  0  101  0  101  101  101  0  101  101  101  101  101  101  0  101  0  0  101  101  101  0  101  0  101  101  0  101  101  101  101  0  101  101  101  101  0  0  0  0  101  101  0  101  0  0  0  101  101  101  0  0  0  101  101  0  0  101  101  0  0  0  0  101  101  101  101  101  0  0  101  0  101  0  101  101  101  101  0  0  0  101  0  101  0  

0  101  0  101  101  101  0  101  0  101  0  101  0  101  101  0  0  101  0  101  101  101  101  0  101  101  0  0  101  0  101  0  0  101  101  0  101  0  101  101  0  101  0  0  101  0  0  101  101  101  0  101  101  101  0  101  101  101  101  101  0  101  0  101  101  0  101  101  101  0  0  101  0  0  0  0  101  101  101  101  101  101  0  0  0  0  0  0  0  0  101  101  101  0  101  0  101  101  0  101  

101  0  101  101  101  0  0  0  101  0  0  101  0  101  0  101  101  101  101  0  0  101  101  0  0  101  0  0  0  0  101  101  0  101  101  0  101  0  0  101  0  0  0  0  0  101  101  101  101  101  101  101  0  0  0  0  101  101  101  101  0  0  0  101  101  101  0  0  101  0  0  101  0  101  0  101  101  0  0  101  101  101  0  101  0  0  0  101  0  101  101  101  101  0  0  101  0  0  0  101  

101  101  101  101  101  101  101  0  0  101  101  101  101  101  0  101  0  101  101  101  101  101  101  101  101  0  101  0  0  101  0  101  0  101  101  101  101  101  0  101  101  101  101  101  0  101  0  101  101  101  0  101  0  101  101  0  0  101  0  0  101  0  101  101  0  101  101  101  0  0  0  0  101  0  0  101  0  101  0  0  101  101  101  101  101  101  101  101  101  0  101  0  0  101  101  101  0  0  101  0  

101  101  101  101  101  0  101  0  0  0  101  101  101  101  0  0  0  0  0  101  101  0  101  101  101  0  0  101  101  101  101  0  101  0  101  0  101  101  0  101  0  101  101  0  101  101  101  0  101  0  0  101  101  101  101  101  101  101  101  101  0  0  0  0  0  0  101  0  0  101  0  101  101  101  101  0  101  101  101  0  0  0  101  0  101  101  0  101  0  101  0  101  101  101  101  0  101  0  0  101  

101  101  0  101  0  101  101  0  0  0  0  101  0  101  101  0  101  101  0  101  101  101  0  0  0  101  0  101  101  101  0  0  0  101  101  101  101  101  101  101  101  101  0  101  101  101  0  101  101  101  0  0  101  101  101  0  101  0  101  0  101  0  0  0  0  0  101  101  0  101  101  101  101  0  0  0  0  0  0  101  101  0  0  0  101  0  0  101  101  101  0  0  0  0  101  101  101  0  101  101  

101  0  0  101  101  101  101  101  0  0  0  101  101  0  0  101  0  101  0  101  101  0  101  0  0  0  101  101  0  101  0  101  101  0  101  0  0  0  0  101  101  0  101  0  101  0  101  101  0  101  101  101  0  101  101  101  0  0  0  0  101  0  0  0  0  101  0  101  0  0  0  101  0  0  0  101  101  0  101  101  101  0  101  101  101  0  101  101  101  0  0  101  0  101  0  101  101  101  101  101  

0  101  0  0  0  0  101  101  101  0  101  101  101  0  0  0  0  0  0  101  101  101  101  101  0  101  101  0  101  101  0  101  0  101  101  101  0  101  101  0  101  101  0  101  101  101  0  0  0  0  0  101  0  0  0  0  101  0  101  101  101  0  0  101  0  101  0  101  101  101  101  0  101  0  0  101  101  101  0  0  0  0  101  0  101  101  101  0  101  101  101  101  101  101  101  0  101  0  0  101  

101  0  101  0  0  0  0  101  101  101  101  0  101  101  0  101  0  101  101  0  0  101  0  101  101  0  101  0  0  0  101  101  0  0  0  0  101  101  0  101  101  101  101  101  101  101  0  101  0  0  101  0  0  101  101  101  101  101  101  101  101  101  101  101  101  0  101  0  0  101  101  0  101  101  0  101  101  101  101  0  101  101  101  101  101  0  101  101  0  101  101  0  101  101  101  0  101  101  101  0  

101  101  0  101  0  0  0  0  101  101  101  0  0  0  101  101  0  101  101  0  101  0  0  101  101  101  101  0  101  101  101  101  101  101  0  101  0  101  0  101  101  101  0  101  0  101  101  101  101  101  101  0  0  101  101  101  0  101  0  101  101  0  0  101  0  0  101  101  101  101  101  0  0  101  0  101  101  101  101  101  101  101  0  101  0  101  0  101  0  101  0  101  0  101  101  0  101  0  101  101  

101  0  0  101  101  0  0  101  101  101  101  101  101  101  0  101  0  0  101  0  0  0  101  101  0  101  0  101  101  101  101  101  101  0  101  0  101  101  0  101  101  101  0  0  101  101  0  101  101  101  0  101  101  101  0  0  101  101  101  101  0  0  101  0  101  101  0  0  101  101  101  101  0  101  101  101  101  0  101  101  101  101  0  0  0  101  101  101  0  101  101  101  101  101  101  101  0  0  101  0  

101  101  101  101  101  101  101  101  0  0  101  101  0  101  0  101  101  0  101  101  101  101  101  101  0  101  101  101  0  101  101  0  101  101  0  101  101  0  0  0  101  101  101  0  101  101  0  101  0  0  0  0  0  101  0  101  101  101  0  0  101  101  101  0  0  0  0  101  0  0  101  101  0  0  101  0  101  101  0  101  0  101  101  101  0  101  101  101  101  101  0  0  101  101  0  0  101  101  101  0  

101  0  0  101  101  0  101  101  101  0  101  0  101  101  101  101  101  101  0  0  0  101  0  101  101  101  101  101  101  0  0  101  101  101  0  101  101  0  101  101  101  101  101  0  0  101  0  0  101  101  0  0  101  0  101  101  0  101  101  101  0  101  101  101  0  101  101  101  101  101  0  0  101  101  101  101  101  101  0  0  101  0  101  101  101  101  0  101  0  101  101  0  101  101  101  101  0  0  0  101  

101  101  101  101  101  101  0  0  101  0  101  101  101  101  101  101  101  101  101  101  101  101  101  101  0  101  0  101  101  0  101  101  0  0  101  0  0  101  0  101  101  101  0  0  0  101  101  101  101  101  101  0  101  0  101  101  101  0  101  101  0  0  0  0  0  101  101  101  101  0  101  101  0  101  0  0  101  101  101  0  0  0  0  101  0  101  101  101  101  0  101  101  101  0  101  0  101  101  101  0  

0  101  0  0  0  101  0  0  0  101  0  0  101  101  101  101  0  101  101  101  0  101  0  101  0  101  101  101  0  101  0  101  0  101  101  101  101  0  101  101  101  101  0  101  101  0  101  101  101  0  0  0  101  0  0  0  0  101  101  0  101  0  101  0  101  0  101  0  101  0  0  101  101  101  101  101  101  0  101  101  101  0  0  0  0  0  101  101  0  0  101  0  0  0  0  0  0  101  0  101  

0  0  101  101  0  0  101  0  101  101  101  101  101  101  101  101  0  101  0  101  101  101  101  101  0  101  101  101  101  0  0  0  101  0  101  101  101  101  0  0  101  0  101  101  0  0  0  0  0  101  101  101  101  101  101  101  101  101  0  101  101  0  101  101  101  101  101  0  0  0  0  101  0  101  101  0  101  0  0  101  101  101  101  101  101  101  101  101  0  101  101  0  101  101  101  0  101  0  101  101  

0  0  101  0  0  101  0  0  0  0  0  101  101  101  0  0  101  101  101  101  0  101  101  101  0  0  0  101  0  0  0  101  101  101  101  101  0  101  101  101  0  101  101  0  101  101  0  0  0  101  0  101  101  101  0  0  101  0  101  101  101  101  101  101  0  101  0  0  101  0  0  0  101  101  0  0  0  101  101  101  0  0  101  101  101  0  101  101  101  101  0  0  101  0  101  0  101  101  0  0  

101  101  101  101  0  101  101  0  101  101  0  0  101  101  101  101  101  101  101  101  101  0  101  101  101  101  101  101  101  101  0  101  0  0  0  101  101  101  101  101  0  0  0  0  0  0  101  101  101  0  101  101  0  101  101  0  101  101  0  101  101  101  0  0  101  0  101  101  101  101  0  101  101  0  101  101  0  101  0  101  0  101  0  0  101  101  101  0  101  101  101  0  0  0  101  0  101  101  0  0  

0  0  101  101  0  0  0  0  101  101  101  101  0  101  101  0  101  101  101  101  0  101  0  0  101  0  101  0  101  0  101  0  0  101  0  101  0  0  0  101  101  101  101  101  101  101  101  101  101  101  0  0  0  0  0  101  101  101  101  101  101  101  0  101  101  101  0  101  101  0  101  101  0  101  0  101  101  101  101  101  101  101  0  0  101  0  0  101  101  101  0  101  0  101  0  0  0  101  101  0  

101  101  0  101  101  101  101  101  0  0  0  101  0  101  101  101  101  101  101  101  101  101  0  101  101  0  0  0  0  0  101  101  0  0  101  0  0  101  101  101  101  0  101  101  0  0  101  0  0  101  0  101  0  0  101  101  0  0  0  101  0  101  101  0  101  101  101  0  101  0  101  0  0  101  101  101  0  0  0  0  101  101  101  0  101  0  101  0  101  101  101  101  0  0  101  101  0  0  101  101  

101  101  0  101  101  101  101  101  0  101  0  101  0  101  0  101  0  101  0  101  101  101  101  101  0  101  101  101  101  101  101  101  101  0  101  0  101  101  101  101  101  101  101  101  101  101  101  0  101  0  101  101  0  101  0  101  101  101  0  0  101  101  0  0  101  101  101  0  101  0  0  101  0  0  101  0  101  101  101  101  0  101  101  0  0  101  0  0  101  101  0  101  101  0  101  101  101  0  0  101  

101  101  101  101  0  101  0  101  101  0  0  101  101  101  101  101  101  0  101  101  101  101  101  0  0  0  0  101  101  101  101  0  101  101  0  101  101  101  101  101  101  0  0  101  101  0  101  101  0  101  0  0  0  0  0  101  0  0  0  101  101  101  101  101  101  0  101  101  0  0  101  0  0  0  0  0  101  0  0  101  101  101  101  101  101  0  101  0  101  101  0  101  101  0  101  101  101  101  101  0  

0  101  101  101  101  0  101  101  0  0  101  101  0  101  0  101  101  101  0  0  101  101  101  101  0  0  0  101  101  101  0  0  0  0  0  101  0  0  101  101  101  0  101  101  101  101  101  101  0  101  101  101  0  101  0  101  101  101  101  0  0  0  101  101  0  101  0  101  0  0  0  0  0  0  0  101  101  101  0  101  101  101  101  0  0  0  0  0  101  101  101  101  0  101  0  101  0  101  101  0  

101  0  0  101  101  0  0  101  101  101  101  101  101  101  101  101  101  101  0  101  101  0  101  101  101  101  0  0  0  0  0  101  101  0  101  101  101  0  0  101  101  101  101  101  101  0  0  0  0  0  0  0  0  0  101  101  101  101  101  101  101  101  0  101  101  101  101  0  101  101  0  101  101  0  0  101  101  0  0  0  101  0  101  0  0  101  0  101  0  101  0  0  101  0  101  101  101  101  101  101  

101  101  0  101  101  0  0  0  101  101  0  0  101  0  0  0  0  101  101  101  0  0  0  101  101  0  101  101  0  0  0  0  101  0  101  101  0  101  0  101  0  101  101  101  101  101  101  101  0  101  101  101  101  101  0  101  101  101  101  101  0  0  0  101  101  101  101  101  101  101  0  0  0  0  101  0  101  101  101  101  0  0  101  0  101  101  101  0  101  0  101  101  101  0  0  101  101  101  0  0  

101  101  101  0  0  101  0  101  0  101  101  101  101  101  101  101  0  101  0  0  101  0  0  101  0  101  0  0  101  0  0  101  101  101  0  0  101  0  0  101  101  101  0  101  0  101  101  0  101  101  0  0  101  101  0  101  101  101  101  101  101  101  101  101  101  101  101  101  101  0  101  101  0  101  101  0  101  0  101  101  101  101  101  101  101  101  0  0  0  0  0  101  0  101  101  101  101  101  0  101  

101  0  0  101  0  0  101  101  101  101  0  101  101  0  101  101  0  101  101  0  101  0  0  0  101  0  101  101  101  101  101  0  0  101  0  0  0  101  0  101  101  101  0  0  101  0  0  101  0  101  0  101  101  101  101  0  101  0  101  0  101  101  101  101  0  101  101  101  101  101  101  0  0  0  101  0  101  101  101  0  0  0  101  101  101  101  0  101  101  101  0  101  101  0  101  101  0  0  101  0  

101  0  0  0  101  101  101  0  0  0  101  101  101  101  101  101  101  101  0  0  101  101  101  0  101  0  101  101  101  101  101  0  101  101  101  101  0  0  101  101  101  0  0  101  0  101  101  101  0  0  0  0  101  0  101  101  101  0  0  101  101  101  0  0  101  101  101  101  101  101  0  101  101  101  0  101  0  101  0  0  101  101  101  101  101  101  101  0  0  101  101  101  101  101  101  0  0  101  0  101  

101  101  0  0  101  101  0  101  0  101  101  0  101  101  0  101  0  101  101  0  101  101  101  0  0  101  101  101  101  101  101  101  101  101  101  101  0  0  101  101  101  101  0  101  0  0  101  101  0  101  0  101  101  101  0  101  101  101  101  101  0  101  101  101  101  0  101  0  101  0  101  0  0  101  101  0  101  0  0  0  0  101  0  101  0  0  101  101  101  101  101  101  0  0  0  0  101  101  0  0  

0  0  0  101  101  101  101  101  0  101  101  101  0  0  101  0  0  101  0  0  101  101  101  0  0  0  101  101  101  101  101  101  101  101  0  101  0  101  0  101  0  101  101  101  101  0  0  0  101  0  101  101  101  0  101  0  101  0  0  101  0  0  0  101  0  0  101  0  0  0  0  101  0  0  101  0  0  101  101  101  0  101  101  101  0  0  101  0  0  101  0  101  101  101  101  0  101  0  101  101  

101  101  101  0  101  0  0  0  101  101  101  101  0  101  0  0  0  0  101  101  101  101  0  0  0  0  101  101  101  101  101  101  0  101  101  0  0  101  101  101  101  0  0  0  101  101  101  101  101  101  0  101  101  0  0  0  101  101  101  0  101  101  0  0  101  101  101  101  101  101  101  101  101  0  101  0  101  101  101  0  101  101  101  101  0  101  0  101  101  0  101  0  101  101  101  0  101  0  0  101  

0  0  101  101  0  0  101  101  101  101  101  0  101  101  101  0  101  101  0  101  101  0  0  101  0  101  0  0  101  101  101  101  0  101  0  101  101  101  0  0  0  101  101  101  101  101  0  101  101  0  0  101  0  0  0  0  101  101  101  101  101  0  0  0  101  101  0  0  0  101  0  0  101  101  101  101  0  101  0  101  101  101  101  0  0  0  101  101  101  101  101  101  101  0  0  0  101  0  0  101  

0  0  0  0  101  0  101  0  0  101  101  101  101  0  0  101  101  0  0  0  101  101  0  101  101  101  0  101  101  101  0  0  101  0  101  101  101  101  0  101  101  0  101  0  101  0  101  101  0  101  101  101  0  101  101  101  0  0  101  0  0  0  0  101  101  101  101  101  101  0  101  101  101  101  0  101  101  101  101  101  101  0  101  0  0  101  0  0  0  101  0  101  101  0  101  0  0  0  101  101  

101  101  101  101  0  101  0  101  0  101  0  101  101  0  101  0  101  0  101  0  0  101  0  0  0  101  101  101  101  101  101  101  0  101  0  101  101  101  0  0  0  101  101  0  101  101  0  101  101  0  101  101  0  101  101  101  0  101  0  101  101  0  0  101  0  101  0  0  0  101  0  101  0  0  0  0  101  101  0  101  101  101  101  101  0  0  0  0  101  101  101  0  101  0  101  101  101  101  0  101  

101  101  101  101  101  101  101  101  0  0  101  0  0  101  101  101  101  0  0  101  101  0  0  101  101  0  0  101  101  0  101  0  101  0  101  0  101  101  0  0  101  0  101  101  101  101  101  0  101  101  0  101  0  0  101  0  0  101  101  101  0  101  0  101  0  101  101  0  0  0  101  101  0  0  0  0  101  101  101  101  101  0  101  101  101  0  101  0  101  101  0  0  101  0  0  0  101  0  0  101  

101  0  0  101  0  101  0  101  0  101  0  101  101  0  101  101  101  101  101  0  0  101  101  101  101  0  0  101  101  101  0  101  101  101  0  101  0  101  101  0  101  0  0  0  101  0  0  0  101  0  0  101  0  0  101  101  0  0  0  0  101  101  0  101  0  101  0  101  0  0  101  101  101  0  101  101  101  101  0  0  0  101  101  0  101  0  101  101  101  101  0  101  101  101  101  101  0  0  0  0  

0  101  101  101  101  101  0  0  101  0  101  101  101  0  101  101  0  101  0  0  101  101  0  101  0  101  0  0  0  0  0  101  101  101  101  0  101  0  101  101  101  0  0  101  0  101  0  101  0  101  101  101  0  0  101  101  101  0  101  101  0  101  101  101  101  0  101  0  0  101  101  101  0  0  101  101  101  101  0  0  101  101  101  101  101  101  0  101  101  0  0  101  101  0  101  101  101  0  101  101  

101  0  0  101  101  101  0  101  101  101  101  0  0  101  0  101  101  101  0  101  101  101  0  0  101  0  101  0  0  101  101  101  101  101  101  101  0  101  101  0  101  0  101  101  101  101  101  0  0  101  101  0  101  101  101  101  101  0  0  101  101  101  101  101  101  101  101  0  0  0  0  101  0  0  101  101  0  101  101  101  0  0  101  101  101  101  101  0  0  101  0  101  101  101  0  0  101  0  101  101  

0  101  0  0  0  101  0  101  0  0  0  0  101  0  101  0  101  101  0  101  101  101  101  0  0  0  0  101  101  0  101  0  0  0  0  101  101  101  101  101  0  101  101  0  0  101  101  0  0  101  101  0  101  0  0  101  101  101  101  0  0  101  101  101  101  101  101  101  101  0  101  101  101  0  101  101  101  0  101  101  0  101  0  0  0  101  101  0  101  101  101  0  101  0  101  101  0  101  101  0  

101  101  101  101  101  101  101  0  101  101  101  0  101  101  101  0  101  101  101  101  101  101  101  101  101  101  101  101  101  101  101  0  101  0  0  0  101  0  101  101  101  101  101  0  0  0  101  101  0  101  0  0  101  0  0  101  101  0  0  101  0  101  101  0  0  101  0  101  0  101  101  0  101  101  0  101  101  101  0  101  0  101  0  0  0  101  101  101  0  101  0  101  0  0  0  0  101  101  101  0  

101  0  0  101  0  101  101  101  101  101  101  101  101  101  101  101  0  0  101  101  101  101  101  101  0  101  101  101  101  0  101  0  101  0  101  101  101  101  0  101  101  0  101  101  0  0  101  101  101  0  0  101  0  101  101  0  101  101  101  101  0  101  101  0  101  101  101  101  101  0  101  101  0  0  0  101  101  0  101  101  101  0  0  101  0  101  101  101  101  0  101  101  0  0  101  101  101  101  101  101  

0  101  0  101  101  101  0  101  101  101  101  101  101  101  101  0  101  0  101  0  101  0  0  101  101  101  101  0  101  101  0  101  0  101  0  0  0  0  101  101  0  101  101  101  101  0  0  0  0  101  0  0  101  101  0  101  101  0  0  101  101  101  101  101  101  0  101  101  0  101  101  101  0  0  101  0  0  0  101  0  0  0  101  0  101  0  0  101  0  101  0  0  0  101  101  0  101  101  101  101  

101  0  0  101  101  0  101  0  101  0  0  101  101  0  0  101  101  0  101  101  101  0  101  101  101  0  0  0  0  101  0  101  101  101  101  0  0  101  101  101  101  101  101  101  101  101  101  101  101  101  0  0  101  101  101  0  101  0  101  101  0  0  101  0  0  101  101  0  101  101  101  101  101  101  0  0  0  0  101  101  0  101  0  0  0  0  101  101  101  0  0  101  101  101  101  0  0  101  0  101  

101  0  0  101  0  101  0  101  101  101  0  0  0  0  101  101  0  0  101  101  101  101  101  101  101  101  0  101  101  101  0  101  0  0  101  0  101  101  0  0  101  101  101  101  101  0  0  101  0  101  101  0  101  101  101  101  101  101  101  0  101  0  101  101  101  101  101  101  0  0  101  0  0  0  0  101  0  101  0  101  0  101  101  101  101  101  0  101  101  101  0  0  101  101  101  0  101  101  101  101  

101  101  0  0  101  101  101  101  101  0  101  101  0  0  101  0  101  0  101  0  101  101  101  101  101  0  101  0  0  101  101  101  101  101  101  101  0  101  0  0  0  101  101  101  101  101  0  101  0  101  0  101  0  0  101  101  101  101  101  101  0  0  101  0  0  0  0  101  101  0  101  101  0  0  0  0  101  101  101  101  101  0  101  101  101  0  0  0  101  0  0  0  101  0  101  101  0  101  101  101  

101  0  101  101  101  101  0  101  101  101  101  101  101  101  0  0  101  0  101  0  101  0  101  0  101  101  0  101  0  0  101  101  0  101  101  0  101  101  101  0  0  0  101  0  101  101  0  101  101  101  101  101  101  101  0  101  101  101  101  101  101  101  101  0  101  0  101  0  101  0  101  0  101  101  0  101  101  0  101  101  101  0  0  0  101  101  0  101  0  101  0  101  0  101  0  101  101  0  0  0  

0  0  101  0  101  0  101  0  0  101  0  0  0  101  101  0  0  101  101  101  101  101  101  0  101  101  0  101  101  0  101  0  101  0  101  0  0  101  101  101  101  0  101  0  0  0  101  101  101  101  101  101  101  101  101  0  0  0  101  101  0  0  0  101  101  101  0  101  101  0  0  101  0  0  0  101  0  101  101  0  101  0  0  0  101  101  101  101  0  101  101  101  101  101  0  0  0  0  0  101  

101  101  101  101  0  101  101  0  101  101  101  101  0  101  101  0  0  101  101  0  0  101  101  0  101  0  101  101  101  0  101  101  101  101  0  0  101  0  0  101  101  0  101  101  101  101  101  101  101  101  101  101  0  101  0  101  101  101  101  0  101  101  0  0  0  101  101  101  0  101  0  101  101  101  101  101  101  101  0  0  0  0  101  0  0  0  101  0  101  101  0  101  0  0  101  0  101  0  0  0  

101  101  101  101  101  101  0  0  0  101  101  0  101  101  101  0  0  101  101  0  101  0  0  0  0  101  0  0  0  101  101  101  0  101  101  101  0  0  0  0  101  0  101  0  0  101  101  101  101  0  0  101  101  101  101  101  101  0  0  0  101  101  101  101  101  101  0  0  0  101  101  101  101  0  101  101  101  0  0  101  101  101  101  101  101  0  101  0  0  101  0  0  101  101  101  101  101  101  101  101  

101  101  101  101  0  101  101  0  0  101  101  0  101  101  0  101  101  0  101  101  0  101  101  0  101  101  101  0  101  0  101  0  101  0  101  0  101  101  101  101  0  101  101  101  101  101  101  101  0  101  101  0  101  0  0  101  0  0  101  0  101  0  0  0  0  101  101  101  0  101  101  0  0  0  0  101  0  101  101  0  101  101  0  101  101  0  101  0  0  101  101  101  0  101  101  0  0  0  101  0  

101  0  101  0  0  0  101  0  101  101  0  0  0  101  0  101  0  101  0  0  101  0  101  0  101  0  0  0  0  101  0  0  101  101  0  0  101  101  101  0  0  0  0  101  0  101  101  101  0  101  101  101  101  0  101  101  101  101  0  0  101  0  101  0  0  0  101  101  101  101  101  0  0  0  0  101  0  101  0  0  0  101  0  0  0  0  101  101  101  0  0  0  101  0  101  101  0  101  101  0  

0  101  101  101  101  0  101  101  0  0  101  0  0  0  0  101  101  101  0  101  101  0  101  0  101  0  101  0  101  101  101  101  101  101  101  101  101  0  0  0  101  0  0  0  101  101  101  101  101  0  101  101  101  0  0  101  101  101  101  101  101  101  0  101  0  101  101  101  101  101  101  0  101  0  101  0  101  0  101  0  101  0  0  101  0  101  0  101  0  101  101  0  101  0  0  0  101  101  0  0  

0  101  0  0  101  101  0  0  0  0  101  0  101  101  101  101  101  0  0  0  0  0  0  0  101  101  101  101  101  101  101  0  0  0  0  0  0  101  101  101  0  101  101  101  0  101  101  0  101  101  101  101  101  0  101  0  0  101  0  101  0  0  0  0  0  101  101  0  101  101  101  0  0  101  0  0  0  101  101  101  101  101  0  101  101  101  0  101  101  0  0  101  101  101  101  101  101  101  101  101  

0  101  0  101  101  101  101  0  101  101  101  101  0  0  0  101  101  101  0  0  101  0  101  0  101  101  101  0  101  0  0  0  101  101  0  0  0  101  0  0  101  101  101  101  0  101  101  101  101  0  0  0  0  101  0  0  0  0  101  101  101  101  101  0  101  101  0  0  101  0  101  101  101  101  0  101  0  0  101  101  101  101  101  101  0  101  101  0  0  101  101  101  0  0  101  101  101  101  101  101  

0  0  0  101  101  101  101  0  101  101  0  0  101  101  0  101  0  101  0  101  0  0  0  101  0  0  101  101  0  101  0  0  101  101  101  101  101  101  0  0  101  0  101  101  101  0  101  0  101  0  101  0  101  0  101  0  101  101  101  0  101  0  0  0  101  101  0  0  0  0  0  0  101  0  0  101  101  0  101  0  101  101  101  101  101  101  101  101  101  101  0  0  0  0  101  0  0  101  101  0  

101  101  0  0  101  0  101  0  101  101  0  101  101  101  0  101  0  0  101  101  101  101  101  101  101  101  0  101  101  0  0  0  101  101  0  101  101  101  101  101  0  101  0  101  101  101  0  101  101  101  101  101  0  0  0  101  101  101  101  0  0  0  0  0  101  101  101  101  101  101  0  101  101  0  101  101  101  101  101  0  101  101  0  101  0  101  101  101  0  101  101  0  101  101  101  101  0  101  0  101  

101  101  101  0  101  101  0  101  101  0  101  101  0  101  0  101  101  101  101  0  101  0  101  101  101  101  101  101  101  101  101  101  0  0  0  0  101  101  101  101  101  101  101  101  101  101  0  101  101  0  101  101  0  0  101  101  101  0  0  101  101  101  101  101  101  101  0  0  101  0  101  101  0  101  101  0  0  101  0  101  101  101  0  101  0  101  0  101  101  101  101  101  101  101  101  0  0  101  0  0  

0  101  101  101  101  0  0  0  101  101  101  101  101  0  101  101  0  101  101  0  101  0  101  101  101  101  0  0  101  0  101  101  0  101  101  0  0  0  101  0  101  0  0  101  101  101  0  101  0  0  101  101  101  0  101  101  0  101  0  101  0  0  101  101  0  101  101  101  0  0  0  0  101  0  101  0  101  101  0  0  0  0  0  101  0  101  101  101  0  101  101  101  101  101  0  101  101  101  101  101  

101  101  101  0  101  101  0  101  101  0  101  0  101  101  101  0  101  0  101  0  0  0  101  101  101  101  101  0  101  0  101  101  101  0  101  0  101  0  101  0  101  0  101  101  101  101  101  101  0  101  0  101  0  101  101  101  0  0  101  101  101  101  0  101  101  101  101  101  0  0  101  0  101  101  101  101  0  101  101  101  0  0  0  101  101  0  0  0  101  0  101  0  101  101  101  101  0  0  0  0  

0  101  101  0  101  0  0  101  101  101  101  0  101  101  0  101  101  101  101  101  0  101  0  101  101  101  0  101  101  101  0  101  0  101  101  0  101  101  0  101  101  101  101  0  101  101  101  0  0  0  0  101  101  101  0  0  101  101  101  101  0  101  0  101  101  0  0  101  101  0  0  0  101  101  101  101  0  0  101  101  0  101  101  101  101  101  0  101  101  101  0  101  101  0  0  0  101  101  101  0  

0  0  0  101  0  101  101  101  101  101  0  101  0  0  101  101  101  101  101  0  101  101  0  101  0  101  101  101  0  0  101  101  0  101  0  101  0  101  0  0  0  101  0  101  0  101  0  101  101  101  101  101  0  101  101  0  101  0  101  0  101  0  0  0  0  0  101  101  101  0  101  101  0  0  101  101  101  101  0  101  101  101  101  0  0  0  0  101  0  0  101  101  101  0  101  0  0  101  101  0  

0  101  0  0  0  0  0  0  101  0  0  101  101  0  0  0  101  101  101  101  101  101  0  101  0  101  101  101  101  0  101  0  0  0  101  101  101  101  101  101  101  101  0  0  0  101  0  101  101  0  0  101  0  101  0  0  101  0  101  101  0  101  101  0  101  0  101  0  101  101  101  0  101  101  0  101  101  101  0  101  101  101  101  0  101  101  101  101  101  101  0  101  0  0  101  0  0  101  0  101  

101  0  0  101  0  0  0  0  101  0  101  101  101  0  101  101  101  0  0  101  0  101  101  0  0  101  101  0  101  0  0  0  0  0  0  0  101  101  101  101  101  101  101  101  101  101  0  0  101  0  101  0  0  101  0  0  101  101  0  0  0  101  101  0  101  101  101  0  0  0  0  0  101  0  0  101  0  101  101  101  101  101  101  101  0  0  101  101  101  101  101  0  0  101  101  101  0  101  101  0  

101  101  101  101  0  0  0  101  101  101  0  0  101  0  0  101  101  0  101  0  0  101  101  101  101  101  101  0  101  101  0  0  101  101  101  101  101  101  101  0  0  101  0  101  0  0  101  0  101  0  0  101  0  0  0  0  101  101  101  101  0  0  0  101  101  101  101  0  101  101  101  101  101  0  0  0  0  101  0  101  0  0  101  0  101  101  101  0  101  101  101  101  101  0  101  101  0  0  0  0  

101  101  101  0  0  0  0  0  101  0  101  0  0  0  101  101  0  101  101  101  101  101  0  101  101  101  0  101  101  0  101  101  101  0  0  0  101  101  101  0  101  101  0  101  0  101  101  0  101  0  0  0  0  101  101  101  101  0  101  101  0  101  101  101  101  101  101  101  0  101  0  0  0  0  0  0  101  0  101  0  101  101  101  101  101  101  101  0  0  101  101  101  0  101  101  101  0  101  0  0  

0  0  101  101  0  0  101  101  0  0  101  0  101  101  0  101  101  0  101  101  101  0  101  101  101  101  101  101  0  0  101  101  101  101  101  101  0  101  101  101  101  0  101  101  0  0  101  101  101  101  0  101  101  101  101  101  101  101  101  0  0  0  101  101  101  101  0  0  101  101  101  0  0  0  0  101  101  0  101  101  0  0  101  101  101  101  101  0  101  101  0  0  0  101  0  0  0  101  0  101  

0  101  0  101  101  101  0  0  101  101  0  0  101  101  101  101  0  101  0  101  101  101  0  101  101  101  101  101  101  101  101  0  101  0  101  0  101  101  101  0  101  101  101  101  0  101  0  101  0  101  101  101  101  0  0  101  0  101  101  0  101  101  101  101  101  0  101  101  0  0  101  0  0  101  101  101  101  101  101  0  0  0  0  101  0  0  0  101  101  101  0  101  101  0  0  0  101  0  101  0  

0  101  0  101  0  101  101  101  0  101  0  101  101  101  0  0  0  101  101  0  0  101  101  0  101  101  101  101  0  0  101  0  101  0  0  101  0  0  101  101  101  101  0  101  101  0  101  101  0  101  101  101  0  0  0  101  0  101  101  101  101  0  0  0  101  0  101  101  0  0  0  101  101  101  0  0  0  101  101  0  0  101  101  101  0  101  101  0  0  101  101  0  101  0  0  0  101  0  0  101  

101  101  101  0  0  0  0  101  0  101  101  0  101  101  101  0  101  101  101  101  101  0  0  101  101  101  101  101  101  0  101  0  101  0  0  0  0  0  101  0  101  0  101  0  101  101  101  0  0  0  101  101  101  101  0  101  101  0  0  101  101  101  0  101  0  101  0  0  101  101  0  0  101  101  0  101  101  0  0  0  101  0  0  101  101  101  101  101  101  101  0  0  0  101  101  101  101  0  101  101  

101  0  0  0  101  101  0  101  101  101  101  0  101  0  0  0  0  101  0  0  0  0  0  101  101  0  101  101  0  0  101  101  0  101  0  0  101  0  0  101  0  101  101  0  0  0  0  101  101  101  101  101  101  0  0  101  0  0  0  0  0  101  0  101  101  101  0  0  101  101  101  0  101  101  0  101  0  0  0  101  0  101  101  101  101  0  0  101  101  0  101  101  101  101  0  0  101  0  0  0  

0  0  0  0  0  101  0  101  101  101  101  101  0  101  0  0  0  0  101  101  0  101  0  0  0  101  101  0  101  0  101  0  101  0  101  101  101  0  101  101  101  101  101  101  101  101  0  0  101  101  101  101  101  101  0  0  101  0  101  0  101  101  0  101  0  101  101  0  0  101  101  101  101  0  101  101  0  101  101  101  101  101  0  101  101  0  0  101  0  0  0  101  101  101  0  101  0  101  101  101  

0  101  101  0  101  101  101  0  0  0  101  101  0  101  101  101  0  101  101  0  101  0  0  101  0  101  0  101  0  101  101  0  101  101  101  101  101  101  101  0  101  101  101  0  101  0  101  101  101  0  0  0  0  101  0  101  101  0  0  0  101  0  0  101  0  0  0  101  0  0  101  101  101  101  101  101  101  101  101  0  0  101  101  0  101  101  0  101  101  0  0  0  101  0  0  101  0  0  101  0  

101  0  0  101  101  101  0  101  101  0  0  0  101  0  101  0  101  101  0  0  0  0  0  101  0  0  0  101  0  0  101  101  101  0  0  101  0  0  101  101  0  0  101  0  0  101  0  101  101  0  0  101  0  101  101  101  0  101  101  101  0  101  101  101  0  0  0  101  101  101  101  101  101  0  0  0  101  101  0  101  101  0  101  0  0  101  0  0  101  101  0  101  101  101  0  0  101  101  0  0  

101  0  101  0  101  0  0  0  101  101  101  0  101  101  101  101  101  0  101  101  0  0  0  0  0  101  0  101  101  0  0  101  101  0  0  0  0  0  0  101  0  0  101  0  0  101  0  101  0  0  0  0  101  101  0  0  101  0  101  101  0  101  0  0  0  0  101  101  101  101  0  101  0  101  0  101  0  101  0  0  101  0  0  0  0  0  0  0  101  101  101  101  101  0  101  101  101  101  0  0  

0  0  0  0  101  0  0  0  0  0  101  101  101  0  101  101  0  101  0  101  101  0  0  0  101  101  101  0  101  101  101  101  0  0  0  101  101  101  101  0  0  101  0  0  0  0  0  101  101  0  0  101  0  0  0  101  101  101  101  101  101  0  0  0  0  0  101  0  0  0  101  101  0  0  101  0  101  101  101  101  101  101  0  101  101  0  101  0  0  0  101  0  0  0  101  101  101  0  0  101  

0  0  101  101  0  0  101  101  101  101  101  0  101  0  101  0  0  101  101  101  0  0  101  101  0  0  0  101  0  0  0  101  101  0  0  101  101  101  101  101  101  0  0  101  0  101  101  101  101  101  101  0  0  101  101  101  0  0  101  101  101  101  101  0  0  101  101  0  101  101  101  101  0  101  0  101  0  101  0  0  0  101  101  0  0  101  0  101  101  101  0  101  0  101  101  0  0  101  101  101  

0  101  101  0  101  0  101  101  101  101  101  101  101  101  101  101  0  0  101  0  101  101  101  101  101  101  101  0  101  0  101  0  101  101  101  101  101  0  101  101  101  0  0  0  101  101  0  101  101  0  0  101  0  0  101  101  0  101  0  0  101  101  0  0  101  101  101  0  101  0  0  101  101  0  101  0  101  101  0  101  0  101  101  101  101  101  101  101  101  0  101  0  101  101  0  101  0  101  0  101  

0  101  0  101  101  0  0  101  101  101  0  101  101  101  0  0  101  101  101  0  101  0  101  0  101  0  101  101  0  101  101  101  101  101  101  101  101  101  0  101  0  0  0  101  101  0  101  101  0  101  101  0  101  0  0  101  101  101  101  0  101  101  101  101  0  0  101  101  0  0  101  101  101  101  101  101  101  101  0  0  0  101  0  101  101  101  101  101  101  101  101  101  101  101  0  101  0  0  0  0  

101  101  0  0  101  0  101  0  101  101  101  0  0  101  101  0  101  0  101  0  101  0  0  0  101  101  101  0  0  101  101  0  101  0  101  0  0  101  101  0  101  101  101  0  101  101  101  0  0  101  0  101  101  101  101  101  0  0  101  101  0  0  101  0  101  101  101  101  0  0  101  101  0  0  101  0  0  0  101  101  0  101  0  101  101  101  0  101  101  101  101  0  101  0  101  101  101  0  101  0  

101  101  101  0  0  101  101  0  0  101  101  101  0  0  101  101  101  101  101  0  101  101  101  0  101  101  0  0  0  101  0  101  101  101  101  0  0  101  101  101  101  0  101  101  101  101  0  0  101  0  0  0  101  101  0  0  101  0  101  101  101  101  101  101  0  101  0  0  0  101  101  0  101  0  101  0  101  0  101  101  0  101  0  0  101  0  101  0  0  101  0  0  0  101  101  0  0  0  101  0  

101  101  101  101  0  101  101  0  101  101  101  0  101  0  101  101  0  0  101  101  0  101  101  101  0  101  0  101  0  0  101  101  101  101  101  0  101  0  0  0  101  0  0  0  101  101  101  0  101  101  0  101  101  101  101  101  101  0  0  0  101  101  101  0  101  0  0  0  101  0  101  0  101  101  101  0  0  0  0  0  101  101  101  101  101  101  101  101  101  0  0  0  0  101  101  101  101  0  101  0  

101  101  101  101  0  0  0  0  101  101  101  101  0  0  0  101  0  101  101  101  101  101  101  0  0  101  0  101  101  101  101  101  0  101  0  101  101  0  101  101  0  0  101  101  0  0  0  0  101  101  101  0  101  101  101  101  101  0  0  101  101  101  101  0  101  0  0  101  0  101  101  101  0  0  101  101  101  101  101  101  101  101  101  0  0  101  0  101  101  101  0  101  101  0  0  0  101  101  101  101  

101  0  0  101  101  0  101  101  101  0  0  101  101  0  0  101  101  0  0  101  101  101  101  101  101  101  101  101  0  101  101  101  101  101  101  101  101  101  0  0  0  101  0  101  101  0  0  101  101  0  0  0  0  101  101  0  0  0  0  101  101  101  101  101  101  101  0  101  0  101  0  101  101  0  0  101  101  0  0  0  101  101  101  0  101  101  101  0  0  0  0  0  101  0  0  0  101  0  101  0  

0  0  101  101  0  0  101  0  101  101  0  101  101  101  0  101  101  0  0  0  0  101  0  0  0  101  101  101  101  101  101  0  0  101  101  0  101  101  0  0  101  0  0  101  101  0  0  0  101  101  0  101  101  101  101  101  101  101  101  101  0  0  101  0  101  101  101  101  101  101  101  0  0  0  101  0  101  101  101  0  101  0  0  101  0  101  101  101  101  0  101  0  101  0  101  0  101  101  101  101  

0  0  0  101  101  101  101  101  101  0  0  0  101  0  0  101  101  101  101  101  0  101  0  0  101  101  101  101  0  0  0  0  0  0  101  101  101  101  0  0  0  101  0  101  101  101  101  0  101  101  0  0  101  0  101  0  0  0  101  101  0  101  0  101  101  101  0  0  101  101  101  101  0  0  101  0  101  101  101  101  101  0  101  0  101  0  0  0  101  101  0  0  0  0  101  101  0  101  101  101  

101  0  0  101  101  0  0  101  0  101  101  101  101  101  0  101  0  101  0  0  101  0  0  101  101  101  101  101  0  0  101  0  101  0  0  0  101  101  101  101  101  0  0  101  0  101  101  0  0  0  0  101  101  101  101  101  101  101  0  101  0  101  0  101  101  101  0  101  101  0  0  101  101  0  0  101  101  101  101  0  101  101  101  101  0  101  101  101  0  0  101  0  0  101  0  0  0  101  101  101  

0  0  0  101  0  0  101  101  101  0  101  101  0  101  101  101  101  101  0  101  0  101  0  0  101  0  0  101  101  101  0  101  0  0  101  101  0  101  101  101  101  0  101  0  0  0  101  101  101  101  101  0  0  101  101  101  0  101  0  0  0  101  101  101  101  101  0  101  101  0  0  0  0  0  101  0  101  101  0  101  101  0  101  101  0  101  101  101  101  101  0  101  0  101  101  0  101  101  101  0  

101  0  101  101  101  101  101  0  101  101  101  101  101  101  101  101  101  0  101  0  0  0  0  101  0  0  101  0  101  0  101  101  0  0  0  101  101  0  0  101  101  101  101  101  0  101  101  0  0  0  101  101  101  0  101  101  101  101  0  101  101  101  101  0  0  0  101  0  101  101  101  101  0  0  0  101  101  101  101  0  101  101  0  101  0  101  101  101  0  0  0  0  101  101  0  0  0  101  101  101  

0  0  0  101  0  101  101  101  0  0  0  101  0  101  0  0  101  101  101  101  101  101  101  0  101  0  101  0  101  0  101  101  0  101  101  101  101  0  101  0  101  0  101  101  101  0  0  101  0  0  101  0  101  0  101  0  101  0  101  101  0  101  101  101  0  101  101  0  101  101  0  101  101  101  0  101  101  101  101  0  101  101  0  101  101  0  101  0  101  101  101  101  101  0  0  101  101  0  0  101  

101  0  101  0  101  101  0  101  101  101  101  101  101  0  0  101  101  101  101  101  101  101  101  101  0  0  101  101  101  101  0  101  101  101  101  101  0  101  101  101  0  101  0  101  0  101  101  101  101  101  0  101  0  101  101  101  101  101  0  101  0  101  101  101  101  101  101  101  101  0  0  0  101  101  0  101  0  101  101  101  0  101  0  0  101  0  101  0  101  101  101  101  101  101  101  0  101  0  101  0  

101  101  101  101  0  0  0  101  101  0  101  0  101  101  101  101  0  101  0  101  0  0  101  0  101  0  0  101  101  0  101  101  0  101  0  0  0  0  101  0  101  0  0  0  0  0  101  0  0  101  0  101  0  101  0  101  101  101  101  0  101  0  101  101  101  0  0  101  0  101  0  0  0  101  101  0  101  101  101  0  0  0  0  101  0  101  0  0  101  101  101  0  101  0  0  101  0  101  101  101  

101  101  101  0  101  0  101  101  0  101  101  0  0  101  0  0  0  0  101  101  101  101  101  0  101  101  101  101  101  101  0  101  101  0  0  101  101  101  0  101  101  0  101  0  0  101  101  101  0  101  0  0  101  101  0  0  101  101  0  101  101  101  0  101  101  0  101  0  0  101  101  0  101  101  0  101  0  101  0  0  0  101  0  0  0  0  101  0  101  101  0  101  0  0  0  101  101  0  0  101  

101  101  101  0  101  0  0  101  101  0  101  101  101  101  0  101  101  0  0  0  101  101  0  101  101  0  101  101  0  101  101  101  101  101  101  101  101  101  101  0  0  0  101  101  101  0  101  0  101  0  101  101  101  0  0  101  101  101  101  101  101  0  0  101  0  0  101  101  0  101  101  101  101  101  0  0  101  101  101  0  0  101  101  101  0  0  0  101  101  101  101  0  101  0  101  101  101  101  101  101  

0  0  0  101  101  0  101  101  101  101  101  101  101  0  0  101  0  0  101  0  0  0  101  0  0  101  0  101  0  101  101  0  0  0  0  101  0  101  0  0  0  101  101  101  0  101  101  0  101  101  0  0  101  0  0  101  101  101  101  0  0  0  101  0  101  101  0  0  101  101  101  0  101  0  0  101  101  101  0  101  101  0  0  0  0  101  101  101  0  101  0  0  0  101  101  101  0  101  101  101  

0  101  0  101  101  101  0  101  101  101  101  0  101  101  0  101  101  101  0  101  101  101  0  101  0  101  101  101  0  101  101  0  101  101  0  101  101  0  101  0  101  101  101  101  101  0  0  101  101  101  101  0  101  101  101  101  101  0  101  0  101  101  101  101  101  0  0  0  101  0  0  0  0  101  101  101  0  0  101  101  101  0  0  101  101  0  101  0  0  101  0  0  101  101  101  0  0  101  101  101  

0  0  101  101  0  101  101  0  0  0  101  0  101  0  0  0  0  0  0  101  101  101  101  101  101  101  101  0  0  0  0  0  0  101  0  101  101  0  101  0  101  0  0  0  101  101  0  0  101  0  101  0  101  101  0  101  0  101  101  0  0  0  101  101  101  0  0  0  101  0  101  101  0  101  101  0  101  101  101  0  101  0  0  0  101  0  0  0  101  0  101  101  101  101  0  101  101  101  0  101  

101  101  0  0  101  101  101  101  101  101  0  101  0  101  0  101  101  101  0  0  101  101  0  101  101  101  0  0  101  101  101  101  0  101  101  0  101  101  0  101  101  101  0  101  0  101  0  101  101  0  0  101  101  101  0  0  0  101  0  101  0  0  0  0  0  0  101  101  101  101  0  0  101  101  101  0  0  0  101  0  101  101  101  101  0  0  101  0  101  101  0  101  101  0  0  101  101  0  101  101  

0  101  0  0  0  0  101  0  101  0  0  101  0  101  101  0  101  101  101  0  0  101  101  101  101  101  0  101  101  0  0  0  0  101  0  0  0  0  101  101  101  101  101  101  101  0  0  0  101  0  101  101  101  101  101  101  101  101  0  101  101  101  101  0  101  101  0  0  0  0  101  0  101  101  0  101  101  0  0  0  0  101  0  101  101  101  101  101  0  0  101  0  101  101  101  101  0  101  0  101  

101  0  0  101  0  101  101  0  101  101  101  101  0  101  0  101  0  0  101  101  0  101  101  101  0  0  101  0  0  101  0  0  101  0  0  0  101  101  101  101  101  101  0  101  101  0  0  0  101  101  101  0  101  101  101  0  0  101  0  101  101  0  101  0  0  0  101  0  101  0  101  101  0  0  0  101  0  0  101  101  101  101  101  101  101  101  101  101  0  101  101  0  101  101  101  0  101  0  101  101  

0  101  101  0  101  101  101  101  0  101  0  0  101  0  101  101  0  0  0  101  101  0  0  101  0  101  0  101  0  101  101  101  101  101  101  0  101  101  0  0  101  101  101  101  101  0  101  0  101  0  0  0  101  101  0  101  0  101  0  0  0  101  0  0  0  101  0  101  101  0  101  0  0  0  101  101  101  0  0  0  0  101  0  101  101  101  0  101  101  0  101  101  101  101  101  101  101  101  101  101  

UnPairedArc=
1 3 
1 4 
1 5 
1 6 
1 7 
1 9 
1 10 
1 11 
1 12 
1 13 
1 14 
1 18 
1 20 
1 21 
1 22 
1 24 
1 25 
1 26 
1 27 
1 28 
1 29 
1 31 
1 34 
1 35 
1 36 
1 38 
1 40 
1 41 
1 43 
1 44 
1 45 
1 46 
1 48 
1 49 
1 50 
1 51 
1 56 
1 57 
1 59 
1 63 
1 64 
1 65 
1 69 
1 70 
1 73 
1 74 
1 79 
1 80 
1 81 
1 82 
1 83 
1 86 
1 88 
1 90 
1 91 
1 92 
1 93 
1 97 
1 99 
2 4 
2 5 
2 6 
2 8 
2 10 
2 12 
2 14 
2 15 
2 18 
2 20 
2 21 
2 22 
2 23 
2 25 
2 26 
2 29 
2 31 
2 34 
2 35 
2 37 
2 39 
2 40 
2 42 
2 45 
2 48 
2 49 
2 50 
2 52 
2 53 
2 54 
2 56 
2 57 
2 58 
2 59 
2 60 
2 62 
2 64 
2 65 
2 67 
2 68 
2 69 
2 72 
2 77 
2 78 
2 79 
2 80 
2 81 
2 82 
2 91 
2 92 
2 93 
2 95 
2 97 
2 98 
2 100 
3 4 
3 5 
3 9 
3 12 
3 14 
3 16 
3 17 
3 18 
3 19 
3 22 
3 23 
3 26 
3 31 
3 32 
3 34 
3 35 
3 37 
3 40 
3 46 
3 47 
3 48 
3 49 
3 50 
3 51 
3 52 
3 57 
3 58 
3 59 
3 60 
3 64 
3 65 
3 66 
3 69 
3 72 
3 74 
3 76 
3 77 
3 80 
3 81 
3 82 
3 84 
3 88 
3 90 
3 91 
3 92 
3 93 
3 96 
3 100 
4 5 
4 6 
4 7 
4 10 
4 11 
4 12 
4 13 
4 14 
4 16 
4 18 
4 19 
4 20 
4 21 
4 22 
4 23 
4 24 
4 25 
4 27 
4 30 
4 32 
4 34 
4 35 
4 36 
4 37 
4 38 
4 40 
4 41 
4 42 
4 43 
4 44 
4 46 
4 48 
4 49 
4 50 
4 52 
4 54 
4 55 
4 58 
4 61 
4 63 
4 64 
4 66 
4 67 
4 68 
4 73 
4 76 
4 78 
4 81 
4 82 
4 83 
4 84 
4 85 
4 86 
4 87 
4 88 
4 89 
4 91 
4 94 
4 95 
4 96 
4 99 
5 7 
5 11 
5 12 
5 13 
5 14 
5 20 
5 21 
5 23 
5 24 
5 25 
5 28 
5 29 
5 30 
5 31 
5 33 
5 35 
5 37 
5 38 
5 40 
5 42 
5 43 
5 45 
5 46 
5 47 
5 49 
5 52 
5 53 
5 54 
5 55 
5 56 
5 57 
5 58 
5 59 
5 60 
5 67 
5 70 
5 72 
5 73 
5 74 
5 75 
5 77 
5 78 
5 79 
5 83 
5 85 
5 86 
5 88 
5 90 
5 92 
5 93 
5 94 
5 95 
5 97 
5 100 
6 7 
6 12 
6 14 
6 15 
6 17 
6 18 
6 20 
6 21 
6 22 
6 26 
6 28 
6 29 
6 30 
6 34 
6 35 
6 36 
6 37 
6 38 
6 39 
6 40 
6 41 
6 42 
6 44 
6 45 
6 46 
6 48 
6 49 
6 50 
6 53 
6 54 
6 55 
6 57 
6 59 
6 61 
6 67 
6 68 
6 70 
6 71 
6 72 
6 73 
6 80 
6 81 
6 85 
6 88 
6 89 
6 90 
6 95 
6 96 
6 97 
6 99 
6 100 
7 8 
7 12 
7 13 
7 16 
7 18 
7 20 
7 21 
7 23 
7 27 
7 28 
7 30 
7 32 
7 33 
7 35 
7 40 
7 41 
7 43 
7 45 
7 47 
7 48 
7 50 
7 51 
7 52 
7 54 
7 55 
7 56 
7 61 
7 66 
7 68 
7 72 
7 76 
7 77 
7 79 
7 80 
7 81 
7 83 
7 84 
7 85 
7 87 
7 88 
7 89 
7 92 
7 94 
7 96 
7 97 
7 98 
7 99 
7 100 
8 9 
8 11 
8 12 
8 13 
8 20 
8 21 
8 22 
8 23 
8 24 
8 26 
8 27 
8 29 
8 30 
8 32 
8 34 
8 35 
8 36 
8 38 
8 39 
8 41 
8 42 
8 44 
8 45 
8 46 
8 52 
8 57 
8 59 
8 60 
8 61 
8 64 
8 66 
8 68 
8 69 
8 70 
8 71 
8 73 
8 76 
8 77 
8 78 
8 83 
8 85 
8 86 
8 87 
8 89 
8 90 
8 91 
8 92 
8 93 
8 94 
8 95 
8 97 
8 100 
9 10 
9 11 
9 13 
9 14 
9 16 
9 18 
9 19 
9 22 
9 24 
9 25 
9 27 
9 31 
9 32 
9 37 
9 38 
9 40 
9 41 
9 42 
9 43 
9 44 
9 45 
9 46 
9 48 
9 51 
9 54 
9 55 
9 56 
9 57 
9 58 
9 59 
9 60 
9 61 
9 62 
9 63 
9 64 
9 65 
9 67 
9 70 
9 71 
9 73 
9 74 
9 76 
9 77 
9 78 
9 79 
9 81 
9 82 
9 83 
9 84 
9 85 
9 87 
9 88 
9 90 
9 91 
9 93 
9 94 
9 95 
9 97 
9 98 
9 99 
10 11 
10 15 
10 16 
10 18 
10 19 
10 21 
10 24 
10 25 
10 26 
10 27 
10 29 
10 30 
10 31 
10 32 
10 33 
10 34 
10 36 
10 38 
10 40 
10 41 
10 42 
10 44 
10 46 
10 47 
10 48 
10 49 
10 50 
10 51 
10 54 
10 55 
10 56 
10 58 
10 60 
10 61 
10 64 
10 67 
10 68 
10 69 
10 70 
10 71 
10 74 
10 76 
10 77 
10 78 
10 79 
10 80 
10 81 
10 82 
10 84 
10 86 
10 88 
10 90 
10 92 
10 94 
10 95 
10 97 
10 99 
10 100 
11 12 
11 13 
11 14 
11 16 
11 19 
11 23 
11 24 
11 26 
11 28 
11 29 
11 30 
11 31 
11 32 
11 33 
11 35 
11 37 
11 38 
11 40 
11 41 
11 42 
11 45 
11 46 
11 48 
11 49 
11 50 
11 52 
11 53 
11 54 
11 57 
11 58 
11 59 
11 60 
11 63 
11 65 
11 66 
11 69 
11 70 
11 71 
11 72 
11 74 
11 75 
11 76 
11 77 
11 79 
11 80 
11 81 
11 82 
11 86 
11 87 
11 88 
11 90 
11 91 
11 92 
11 93 
11 94 
11 95 
11 96 
11 99 
12 14 
12 16 
12 17 
12 19 
12 20 
12 21 
12 22 
12 23 
12 24 
12 26 
12 27 
12 28 
12 30 
12 31 
12 33 
12 34 
12 36 
12 37 
12 41 
12 42 
12 43 
12 45 
12 46 
12 48 
12 54 
12 56 
12 57 
12 58 
12 61 
12 62 
12 63 
12 68 
12 71 
12 72 
12 75 
12 77 
12 78 
12 80 
12 82 
12 83 
12 84 
12 86 
12 87 
12 88 
12 89 
12 90 
12 93 
12 94 
12 97 
12 98 
12 99 
13 14 
13 15 
13 16 
13 17 
13 18 
13 22 
13 24 
13 25 
13 26 
13 27 
13 28 
13 29 
13 32 
13 33 
13 34 
13 36 
13 37 
13 39 
13 40 
13 41 
13 42 
13 43 
13 46 
13 49 
13 50 
13 53 
13 55 
13 56 
13 58 
13 59 
13 60 
13 62 
13 63 
13 64 
13 66 
13 67 
13 68 
13 69 
13 70 
13 73 
13 74 
13 75 
13 76 
13 77 
13 78 
13 81 
13 83 
13 84 
13 85 
13 86 
13 88 
13 90 
13 91 
13 93 
13 94 
13 95 
13 96 
13 100 
14 15 
14 16 
14 17 
14 18 
14 19 
14 20 
14 21 
14 22 
14 23 
14 24 
14 26 
14 28 
14 29 
14 31 
14 32 
14 35 
14 38 
14 40 
14 41 
14 42 
14 46 
14 47 
14 48 
14 49 
14 50 
14 51 
14 53 
14 55 
14 56 
14 57 
14 59 
14 60 
14 66 
14 67 
14 68 
14 69 
14 71 
14 72 
14 74 
14 77 
14 78 
14 79 
14 84 
14 86 
14 87 
14 88 
14 89 
14 91 
14 92 
14 93 
14 95 
14 97 
14 98 
14 99 
15 16 
15 18 
15 19 
15 20 
15 22 
15 24 
15 26 
15 27 
15 28 
15 30 
15 32 
15 34 
15 35 
15 36 
15 37 
15 39 
15 40 
15 41 
15 42 
15 44 
15 45 
15 47 
15 48 
15 49 
15 53 
15 58 
15 59 
15 61 
15 63 
15 65 
15 67 
15 69 
15 72 
15 73 
15 74 
15 75 
15 76 
15 77 
15 79 
15 80 
15 81 
15 87 
15 88 
15 91 
15 98 
15 100 
16 18 
16 20 
16 21 
16 22 
16 23 
16 24 
16 26 
16 27 
16 28 
16 29 
16 33 
16 35 
16 36 
16 37 
16 38 
16 41 
16 43 
16 44 
16 50 
16 51 
16 52 
16 53 
16 54 
16 55 
16 56 
16 57 
16 58 
16 60 
16 61 
16 63 
16 64 
16 65 
16 66 
16 67 
16 72 
16 74 
16 75 
16 77 
16 80 
16 81 
16 82 
16 83 
16 84 
16 85 
16 86 
16 87 
16 88 
16 90 
16 91 
16 93 
16 94 
16 95 
16 97 
16 99 
16 100 
17 18 
17 19 
17 20 
17 22 
17 23 
17 24 
17 28 
17 32 
17 33 
17 34 
17 35 
17 36 
17 38 
17 39 
17 40 
17 42 
17 43 
17 45 
17 46 
17 50 
17 52 
17 53 
17 54 
17 57 
17 59 
17 60 
17 61 
17 62 
17 63 
17 64 
17 66 
17 69 
17 73 
17 74 
17 78 
17 79 
17 80 
17 83 
17 84 
17 85 
17 87 
17 88 
17 89 
17 90 
17 93 
17 95 
17 97 
17 98 
18 19 
18 20 
18 21 
18 23 
18 24 
18 25 
18 26 
18 27 
18 28 
18 29 
18 30 
18 32 
18 36 
18 37 
18 38 
18 39 
18 40 
18 47 
18 48 
18 49 
18 51 
18 52 
18 54 
18 55 
18 57 
18 58 
18 60 
18 61 
18 62 
18 65 
18 67 
18 68 
18 69 
18 70 
18 72 
18 73 
18 75 
18 76 
18 78 
18 80 
18 82 
18 85 
18 86 
18 87 
18 89 
18 90 
18 91 
18 95 
18 97 
18 98 
19 20 
19 22 
19 25 
19 27 
19 29 
19 31 
19 34 
19 36 
19 40 
19 41 
19 42 
19 43 
19 44 
19 45 
19 46 
19 47 
19 48 
19 49 
19 50 
19 56 
19 57 
19 58 
19 59 
19 60 
19 61 
19 62 
19 64 
19 65 
19 66 
19 68 
19 69 
19 71 
19 72 
19 74 
19 76 
19 77 
19 78 
19 79 
19 80 
19 81 
19 82 
19 85 
19 88 
19 89 
19 90 
19 92 
19 94 
19 98 
19 99 
20 21 
20 22 
20 24 
20 25 
20 31 
20 32 
20 35 
20 38 
20 39 
20 40 
20 41 
20 43 
20 44 
20 47 
20 50 
20 52 
20 55 
20 56 
20 60 
20 62 
20 63 
20 65 
20 66 
20 67 
20 69 
20 71 
20 74 
20 75 
20 76 
20 81 
20 82 
20 83 
20 85 
20 87 
20 89 
20 90 
20 91 
20 92 
20 95 
20 96 
20 99 
20 100 
21 22 
21 23 
21 24 
21 26 
21 27 
21 28 
21 29 
21 30 
21 31 
21 32 
21 33 
21 35 
21 37 
21 38 
21 39 
21 40 
21 41 
21 42 
21 43 
21 44 
21 45 
21 46 
21 47 
21 49 
21 51 
21 52 
21 54 
21 56 
21 57 
21 58 
21 61 
21 62 
21 65 
21 66 
21 67 
21 69 
21 72 
21 75 
21 77 
21 78 
21 79 
21 80 
21 82 
21 83 
21 86 
21 89 
21 90 
21 92 
21 93 
21 95 
21 96 
21 97 
21 100 
22 23 
22 28 
22 29 
22 30 
22 31 
22 33 
22 34 
22 36 
22 37 
22 38 
22 39 
22 40 
22 41 
22 44 
22 45 
22 47 
22 48 
22 50 
22 56 
22 60 
22 61 
22 62 
22 63 
22 64 
22 65 
22 67 
22 68 
22 71 
22 77 
22 80 
22 81 
22 82 
22 83 
22 84 
22 85 
22 87 
22 89 
22 90 
22 92 
22 93 
22 95 
22 96 
22 97 
22 98 
22 99 
23 24 
23 28 
23 29 
23 30 
23 36 
23 39 
23 40 
23 41 
23 43 
23 44 
23 45 
23 46 
23 47 
23 48 
23 50 
23 51 
23 52 
23 54 
23 56 
23 57 
23 58 
23 59 
23 63 
23 64 
23 66 
23 68 
23 76 
23 77 
23 78 
23 80 
23 81 
23 82 
23 83 
23 89 
23 90 
23 91 
23 92 
23 94 
23 96 
23 98 
23 99 
24 25 
24 26 
24 32 
24 33 
24 35 
24 36 
24 37 
24 40 
24 41 
24 42 
24 43 
24 44 
24 45 
24 55 
24 56 
24 57 
24 58 
24 59 
24 60 
24 61 
24 62 
24 64 
24 65 
24 66 
24 67 
24 69 
24 70 
24 72 
24 73 
24 76 
24 77 
24 81 
24 83 
24 86 
24 88 
24 90 
24 93 
24 95 
24 96 
24 97 
24 98 
24 99 
24 100 
25 27 
25 28 
25 33 
25 35 
25 36 
25 38 
25 40 
25 42 
25 43 
25 44 
25 45 
25 46 
25 47 
25 48 
25 50 
25 51 
25 52 
25 53 
25 54 
25 56 
25 57 
25 58 
25 59 
25 60 
25 64 
25 65 
25 66 
25 67 
25 68 
25 69 
25 70 
25 75 
25 77 
25 78 
25 79 
25 80 
25 83 
25 85 
25 86 
25 87 
25 89 
25 91 
25 92 
25 93 
25 96 
25 97 
25 98 
26 29 
26 32 
26 33 
26 34 
26 37 
26 40 
26 41 
26 42 
26 44 
26 46 
26 47 
26 49 
26 50 
26 53 
26 54 
26 56 
26 57 
26 58 
26 59 
26 60 
26 61 
26 62 
26 63 
26 64 
26 65 
26 66 
26 67 
26 68 
26 69 
26 71 
26 72 
26 74 
26 75 
26 77 
26 79 
26 80 
26 81 
26 82 
26 83 
26 84 
26 85 
26 86 
26 92 
26 94 
26 95 
26 96 
26 97 
26 98 
26 100 
27 28 
27 29 
27 30 
27 31 
27 34 
27 38 
27 40 
27 41 
27 42 
27 45 
27 48 
27 50 
27 52 
27 53 
27 54 
27 55 
27 57 
27 59 
27 61 
27 62 
27 63 
27 64 
27 66 
27 67 
27 68 
27 69 
27 70 
27 71 
27 75 
27 77 
27 78 
27 79 
27 83 
27 84 
27 85 
27 86 
27 88 
27 89 
27 90 
27 92 
27 93 
27 95 
27 96 
27 99 
28 29 
28 30 
28 31 
28 33 
28 34 
28 35 
28 36 
28 39 
28 40 
28 41 
28 44 
28 46 
28 47 
28 48 
28 53 
28 55 
28 56 
28 57 
28 60 
28 61 
28 62 
28 65 
28 66 
28 67 
28 68 
28 69 
28 70 
28 72 
28 73 
28 74 
28 76 
28 78 
28 81 
28 82 
28 83 
28 84 
28 85 
28 86 
28 87 
28 90 
28 91 
28 92 
28 93 
28 94 
28 95 
28 98 
28 100 
29 30 
29 31 
29 32 
29 33 
29 34 
29 35 
29 36 
29 39 
29 40 
29 41 
29 42 
29 44 
29 47 
29 48 
29 50 
29 52 
29 53 
29 54 
29 56 
29 57 
29 58 
29 59 
29 60 
29 62 
29 63 
29 64 
29 65 
29 67 
29 69 
29 71 
29 74 
29 75 
29 77 
29 82 
29 84 
29 87 
29 88 
29 89 
29 90 
29 91 
29 92 
29 97 
29 98 
30 31 
30 32 
30 33 
30 34 
30 36 
30 38 
30 40 
30 42 
30 43 
30 44 
30 45 
30 49 
30 51 
30 52 
30 53 
30 55 
30 57 
30 60 
30 64 
30 67 
30 72 
30 75 
30 78 
30 79 
30 80 
30 82 
30 83 
30 84 
30 87 
30 90 
30 92 
30 93 
30 94 
30 95 
30 97 
30 99 
30 100 
31 32 
31 34 
31 35 
31 38 
31 39 
31 40 
31 41 
31 45 
31 46 
31 47 
31 48 
31 49 
31 50 
31 52 
31 53 
31 57 
31 58 
31 59 
31 61 
31 62 
31 65 
31 66 
31 67 
31 68 
31 69 
31 70 
31 71 
31 72 
31 73 
31 75 
31 77 
31 78 
31 79 
31 81 
31 82 
31 83 
31 84 
31 86 
31 88 
31 89 
31 91 
31 93 
31 94 
31 95 
31 97 
31 100 
32 34 
32 36 
32 37 
32 38 
32 42 
32 43 
32 44 
32 45 
32 46 
32 48 
32 49 
32 52 
32 57 
32 58 
32 59 
32 60 
32 61 
32 65 
32 66 
32 70 
32 73 
32 74 
32 75 
32 76 
32 78 
32 80 
32 81 
32 82 
32 83 
32 87 
32 88 
32 89 
32 90 
32 91 
32 92 
32 93 
32 97 
32 100 
33 35 
33 36 
33 37 
33 38 
33 40 
33 41 
33 43 
33 45 
33 47 
33 48 
33 50 
33 51 
33 52 
33 54 
33 55 
33 56 
33 59 
33 64 
33 65 
33 66 
33 67 
33 68 
33 69 
33 71 
33 72 
33 73 
33 74 
33 76 
33 77 
33 78 
33 79 
33 80 
33 81 
33 83 
33 86 
33 90 
33 92 
33 93 
33 95 
33 99 
33 100 
34 36 
34 37 
34 38 
34 42 
34 43 
34 45 
34 46 
34 48 
34 49 
34 51 
34 52 
34 54 
34 55 
34 56 
34 58 
34 60 
34 61 
34 64 
34 66 
34 70 
34 72 
34 77 
34 78 
34 80 
34 81 
34 82 
34 83 
34 84 
34 89 
34 90 
34 91 
34 93 
34 95 
34 96 
34 97 
34 98 
34 100 
35 37 
35 38 
35 41 
35 43 
35 44 
35 45 
35 46 
35 47 
35 49 
35 50 
35 52 
35 55 
35 58 
35 59 
35 60 
35 62 
35 64 
35 66 
35 67 
35 71 
35 72 
35 77 
35 78 
35 79 
35 80 
35 81 
35 83 
35 84 
35 85 
35 87 
35 89 
35 90 
35 93 
35 97 
35 100 
36 38 
36 39 
36 41 
36 45 
36 49 
36 52 
36 55 
36 56 
36 61 
36 62 
36 64 
36 66 
36 68 
36 71 
36 72 
36 73 
36 75 
36 76 
36 77 
36 78 
36 82 
36 83 
36 85 
36 87 
36 88 
36 89 
36 90 
36 92 
36 93 
36 94 
36 95 
36 96 
37 39 
37 40 
37 41 
37 44 
37 46 
37 48 
37 50 
37 51 
37 52 
37 55 
37 56 
37 57 
37 59 
37 60 
37 62 
37 63 
37 64 
37 65 
37 67 
37 70 
37 71 
37 72 
37 75 
37 76 
37 77 
37 78 
37 81 
37 82 
37 83 
37 84 
37 85 
37 86 
37 88 
37 89 
37 92 
37 93 
37 95 
37 96 
37 97 
37 99 
37 100 
38 39 
38 41 
38 43 
38 44 
38 45 
38 46 
38 47 
38 50 
38 51 
38 53 
38 54 
38 55 
38 56 
38 57 
38 60 
38 61 
38 62 
38 63 
38 64 
38 65 
38 66 
38 67 
38 72 
38 75 
38 76 
38 78 
38 79 
38 80 
38 83 
38 84 
38 85 
38 86 
38 87 
38 90 
38 92 
38 93 
38 94 
38 97 
38 99 
38 100 
39 40 
39 42 
39 43 
39 46 
39 47 
39 50 
39 51 
39 53 
39 56 
39 57 
39 58 
39 59 
39 62 
39 63 
39 64 
39 65 
39 66 
39 67 
39 68 
39 69 
39 71 
39 72 
39 73 
39 75 
39 76 
39 77 
39 79 
39 80 
39 82 
39 86 
39 87 
39 89 
39 90 
39 91 
39 93 
39 95 
39 96 
39 98 
39 99 
40 41 
40 42 
40 43 
40 47 
40 48 
40 50 
40 53 
40 56 
40 57 
40 60 
40 62 
40 63 
40 66 
40 68 
40 70 
40 71 
40 73 
40 74 
40 76 
40 77 
40 78 
40 80 
40 82 
40 86 
40 87 
40 88 
40 90 
40 92 
40 97 
40 98 
40 99 
41 43 
41 44 
41 47 
41 48 
41 49 
41 52 
41 54 
41 55 
41 57 
41 58 
41 59 
41 60 
41 62 
41 63 
41 65 
41 66 
41 67 
41 68 
41 69 
41 71 
41 72 
41 76 
41 77 
41 79 
41 80 
41 81 
41 84 
41 86 
41 87 
41 88 
41 89 
41 91 
41 92 
41 95 
41 96 
41 97 
41 98 
41 99 
41 100 
42 43 
42 44 
42 45 
42 50 
42 53 
42 54 
42 56 
42 57 
42 60 
42 61 
42 62 
42 63 
42 64 
42 65 
42 67 
42 68 
42 70 
42 71 
42 72 
42 75 
42 79 
42 83 
42 85 
42 88 
42 90 
42 94 
42 95 
42 97 
42 98 
42 99 
42 100 
43 44 
43 45 
43 46 
43 47 
43 48 
43 49 
43 50 
43 53 
43 54 
43 55 
43 57 
43 59 
43 60 
43 63 
43 66 
43 67 
43 69 
43 70 
43 71 
43 72 
43 73 
43 74 
43 79 
43 80 
43 82 
43 87 
43 88 
43 89 
43 92 
43 93 
43 94 
43 95 
43 98 
43 100 
44 45 
44 48 
44 50 
44 51 
44 53 
44 54 
44 55 
44 56 
44 57 
44 58 
44 59 
44 61 
44 63 
44 64 
44 65 
44 66 
44 67 
44 68 
44 71 
44 76 
44 78 
44 80 
44 82 
44 83 
44 84 
44 85 
44 86 
44 88 
44 89 
44 90 
44 93 
44 94 
44 95 
44 97 
44 98 
44 99 
44 100 
45 46 
45 48 
45 50 
45 52 
45 55 
45 56 
45 57 
45 58 
45 59 
45 60 
45 63 
45 68 
45 69 
45 71 
45 72 
45 77 
45 78 
45 79 
45 80 
45 81 
45 83 
45 84 
45 85 
45 89 
45 93 
45 95 
45 96 
45 98 
45 99 
45 100 
46 48 
46 49 
46 50 
46 51 
46 52 
46 53 
46 54 
46 56 
46 57 
46 58 
46 59 
46 60 
46 61 
46 62 
46 63 
46 65 
46 67 
46 69 
46 71 
46 73 
46 74 
46 76 
46 77 
46 79 
46 80 
46 81 
46 85 
46 86 
46 88 
46 90 
46 92 
46 94 
46 96 
46 97 
47 48 
47 49 
47 50 
47 51 
47 52 
47 53 
47 54 
47 55 
47 59 
47 60 
47 64 
47 65 
47 66 
47 68 
47 69 
47 72 
47 76 
47 78 
47 79 
47 81 
47 85 
47 86 
47 87 
47 88 
47 90 
47 91 
47 92 
47 93 
47 94 
47 100 
48 49 
48 50 
48 51 
48 52 
48 54 
48 56 
48 57 
48 58 
48 59 
48 61 
48 62 
48 66 
48 67 
48 68 
48 70 
48 72 
48 73 
48 74 
48 75 
48 76 
48 77 
48 78 
48 83 
48 87 
48 89 
48 90 
48 92 
48 95 
48 97 
49 52 
49 53 
49 54 
49 55 
49 56 
49 57 
49 61 
49 62 
49 63 
49 64 
49 65 
49 66 
49 70 
49 71 
49 72 
49 73 
49 75 
49 76 
49 77 
49 80 
49 81 
49 82 
49 83 
49 84 
49 85 
49 87 
49 90 
49 93 
49 94 
49 95 
49 96 
49 97 
49 98 
49 99 
49 100 
50 51 
50 53 
50 56 
50 59 
50 61 
50 66 
50 67 
50 68 
50 70 
50 71 
50 76 
50 78 
50 79 
50 81 
50 82 
50 84 
50 85 
50 87 
50 90 
50 91 
50 92 
50 94 
50 95 
50 99 
51 52 
51 53 
51 55 
51 56 
51 57 
51 58 
51 61 
51 63 
51 67 
51 68 
51 69 
51 70 
51 71 
51 76 
51 78 
51 82 
51 87 
51 88 
51 89 
51 93 
51 95 
51 96 
51 98 
51 99 
52 53 
52 56 
52 57 
52 58 
52 59 
52 60 
52 61 
52 62 
52 64 
52 66 
52 67 
52 68 
52 69 
52 70 
52 71 
52 73 
52 75 
52 77 
52 79 
52 81 
52 84 
52 86 
52 88 
52 90 
52 91 
52 93 
52 97 
52 98 
53 55 
53 58 
53 60 
53 66 
53 67 
53 69 
53 70 
53 71 
53 74 
53 78 
53 79 
53 80 
53 81 
53 82 
53 84 
53 85 
53 86 
53 88 
53 89 
53 92 
53 93 
53 94 
53 95 
53 96 
53 97 
53 98 
53 99 
53 100 
54 59 
54 60 
54 61 
54 62 
54 63 
54 65 
54 66 
54 69 
54 71 
54 72 
54 73 
54 74 
54 76 
54 79 
54 80 
54 81 
54 82 
54 83 
54 84 
54 86 
54 87 
54 90 
54 91 
54 92 
54 95 
54 96 
54 97 
54 98 
54 99 
54 100 
55 57 
55 58 
55 59 
55 61 
55 65 
55 66 
55 73 
55 76 
55 77 
55 79 
55 81 
55 82 
55 83 
55 84 
55 85 
55 86 
55 87 
55 88 
55 89 
55 90 
55 95 
55 98 
55 99 
56 57 
56 58 
56 59 
56 65 
56 66 
56 67 
56 68 
56 69 
56 70 
56 72 
56 73 
56 75 
56 76 
56 77 
56 78 
56 79 
56 81 
56 82 
56 84 
56 86 
56 87 
56 88 
56 90 
56 91 
56 93 
56 94 
56 95 
56 96 
56 98 
56 100 
57 60 
57 61 
57 62 
57 63 
57 64 
57 65 
57 66 
57 69 
57 71 
57 72 
57 74 
57 75 
57 78 
57 80 
57 81 
57 82 
57 84 
57 86 
57 88 
57 89 
57 90 
57 91 
57 92 
57 93 
57 94 
57 95 
57 98 
58 60 
58 63 
58 64 
58 66 
58 67 
58 68 
58 73 
58 75 
58 77 
58 78 
58 84 
58 86 
58 87 
58 88 
58 90 
58 91 
58 92 
58 93 
58 94 
58 96 
58 97 
58 98 
58 99 
58 100 
59 60 
59 61 
59 62 
59 64 
59 65 
59 66 
59 67 
59 68 
59 71 
59 73 
59 74 
59 75 
59 76 
59 78 
59 79 
59 80 
59 84 
59 85 
59 89 
59 91 
59 93 
59 94 
59 95 
59 96 
60 62 
60 64 
60 65 
60 68 
60 69 
60 73 
60 74 
60 75 
60 76 
60 79 
60 80 
60 82 
60 83 
60 84 
60 85 
60 86 
60 88 
60 89 
60 90 
60 92 
60 93 
60 97 
60 98 
60 99 
61 67 
61 68 
61 69 
61 71 
61 72 
61 75 
61 76 
61 77 
61 78 
61 80 
61 81 
61 82 
61 83 
61 88 
61 91 
61 92 
61 93 
61 95 
61 98 
61 99 
62 63 
62 65 
62 67 
62 69 
62 70 
62 71 
62 73 
62 74 
62 76 
62 77 
62 78 
62 80 
62 81 
62 82 
62 83 
62 85 
62 86 
62 87 
62 88 
62 89 
62 90 
62 92 
62 95 
62 98 
62 100 
63 65 
63 66 
63 67 
63 73 
63 76 
63 78 
63 79 
63 80 
63 81 
63 82 
63 83 
63 84 
63 87 
63 88 
63 89 
63 90 
63 91 
63 94 
63 95 
63 96 
63 98 
63 99 
64 65 
64 66 
64 67 
64 69 
64 70 
64 71 
64 72 
64 73 
64 78 
64 80 
64 83 
64 85 
64 86 
64 87 
64 89 
64 90 
64 91 
64 92 
64 93 
64 95 
64 96 
65 66 
65 67 
65 68 
65 70 
65 77 
65 79 
65 81 
65 82 
65 83 
65 84 
65 85 
65 86 
65 87 
65 90 
65 91 
65 92 
65 94 
65 95 
65 96 
65 98 
66 69 
66 70 
66 71 
66 76 
66 77 
66 79 
66 80 
66 83 
66 84 
66 85 
66 86 
66 87 
66 89 
66 90 
66 94 
66 98 
66 100 
67 68 
67 71 
67 74 
67 75 
67 76 
67 77 
67 78 
67 79 
67 84 
67 88 
67 89 
67 90 
67 92 
67 93 
67 97 
67 99 
68 72 
68 73 
68 74 
68 78 
68 79 
68 82 
68 83 
68 84 
68 86 
68 87 
68 90 
68 91 
68 93 
68 97 
68 100 
69 70 
69 73 
69 74 
69 76 
69 77 
69 81 
69 84 
69 85 
69 86 
69 87 
69 88 
69 89 
69 90 
69 94 
69 95 
69 96 
69 97 
69 99 
69 100 
70 71 
70 73 
70 74 
70 76 
70 80 
70 82 
70 83 
70 84 
70 85 
70 88 
70 89 
70 91 
70 92 
70 93 
70 94 
70 97 
71 72 
71 73 
71 75 
71 76 
71 78 
71 79 
71 80 
71 81 
71 82 
71 84 
71 85 
71 88 
71 92 
71 93 
71 94 
71 96 
71 98 
71 99 
71 100 
72 73 
72 74 
72 75 
72 76 
72 77 
72 78 
72 79 
72 82 
72 83 
72 85 
72 86 
72 88 
72 89 
72 93 
72 96 
72 99 
73 77 
73 78 
73 80 
73 81 
73 83 
73 86 
73 89 
73 90 
73 92 
73 93 
73 94 
73 97 
73 98 
74 76 
74 78 
74 81 
74 89 
74 90 
74 91 
74 92 
74 93 
74 95 
74 96 
74 97 
74 98 
75 77 
75 78 
75 79 
75 80 
75 81 
75 82 
75 84 
75 85 
75 87 
75 91 
75 95 
75 96 
75 97 
75 100 
76 78 
76 82 
76 83 
76 86 
76 88 
76 89 
76 90 
76 92 
76 94 
76 95 
76 98 
76 99 
76 100 
77 78 
77 80 
77 82 
77 83 
77 84 
77 85 
77 86 
77 87 
77 88 
77 89 
77 91 
77 93 
77 94 
77 96 
77 98 
77 100 
78 82 
78 84 
78 85 
78 86 
78 87 
78 88 
78 89 
78 90 
78 91 
78 92 
78 93 
78 94 
78 96 
79 80 
79 82 
79 84 
79 85 
79 86 
79 88 
79 89 
79 90 
79 91 
79 93 
79 95 
79 96 
79 97 
79 99 
80 82 
80 85 
80 87 
80 90 
80 94 
80 95 
80 99 
81 82 
81 83 
81 84 
81 85 
81 86 
81 87 
81 88 
81 89 
81 94 
81 95 
81 96 
81 97 
81 99 
82 83 
82 86 
82 88 
82 89 
82 90 
82 92 
82 93 
82 97 
82 98 
82 99 
82 100 
83 85 
83 86 
83 87 
83 93 
83 97 
83 99 
84 86 
84 87 
84 88 
84 89 
84 91 
84 93 
84 95 
84 97 
84 98 
84 99 
84 100 
85 89 
85 90 
85 95 
85 96 
85 98 
85 99 
85 100 
86 87 
86 88 
86 91 
86 94 
86 98 
86 99 
86 100 
87 88 
87 89 
87 90 
87 92 
87 94 
87 95 
87 97 
87 98 
87 99 
88 93 
88 94 
88 98 
88 99 
88 100 
89 90 
89 91 
89 92 
89 93 
89 96 
89 97 
89 100 
90 91 
90 92 
90 93 
90 94 
90 95 
90 97 
90 99 
91 93 
91 96 
91 98 
91 99 
91 100 
92 96 
92 97 
92 100 
93 95 
93 96 
93 97 
93 98 
93 99 
93 100 
94 95 
94 96 
94 98 
94 99 
94 100 
95 98 
95 99 
95 100 
96 97 
96 98 
96 100 
97 99 
97 100 
98 100 
99 100 
