nNodes=80;
 nPairs=617;
Cost=

81  0  0  0  0  81  0  0  81  0  81  0  0  0  0  0  0  0  0  0  0  81  0  0  81  0  0  0  81  0  0  0  0  0  0  0  0  81  0  0  0  0  0  81  0  0  0  0  81  0  0  0  81  81  0  0  0  0  0  0  81  0  81  0  0  0  0  0  0  81  0  81  0  0  0  0  0  0  0  0  

0  81  0  0  81  81  0  0  0  0  0  0  0  81  81  0  0  0  0  0  81  81  0  81  0  0  81  0  0  81  0  81  0  0  0  0  0  81  0  0  0  0  0  0  81  0  0  81  0  0  81  0  0  0  0  81  0  0  0  0  0  0  0  0  0  81  0  0  0  0  0  0  0  0  0  0  0  0  0  0  

0  0  81  0  0  0  0  0  0  0  0  0  0  81  81  0  0  0  0  0  81  0  0  0  0  81  0  0  81  0  0  81  0  81  0  0  0  0  0  81  0  81  0  81  81  0  0  0  0  0  81  0  0  81  0  81  81  0  0  0  0  0  0  0  81  0  0  0  0  81  0  0  81  0  0  0  0  0  0  0  

0  0  0  81  0  0  0  0  0  81  0  0  0  0  81  81  0  0  0  0  81  0  0  0  0  0  0  0  0  81  0  0  0  81  0  0  0  0  0  0  0  0  81  0  81  0  0  0  0  81  0  81  81  0  0  0  0  0  0  0  0  0  0  81  0  0  0  0  0  0  81  0  0  0  0  0  81  0  0  0  

0  81  0  0  81  0  0  81  0  0  0  0  0  0  0  0  81  0  0  81  0  81  0  0  81  0  81  81  0  81  0  0  0  0  0  81  0  0  0  0  0  0  0  81  0  81  0  81  0  0  0  0  0  0  0  0  81  0  0  0  0  0  0  0  0  0  0  0  81  81  81  81  81  0  81  0  0  81  0  0  

81  81  0  0  0  81  0  81  81  81  0  81  0  0  0  0  81  0  0  81  0  0  0  0  0  81  81  0  81  0  0  0  81  0  0  0  0  0  0  0  0  0  0  0  81  0  81  0  0  0  0  0  0  0  0  0  81  81  0  0  0  0  0  81  0  0  0  0  0  0  81  81  0  81  0  0  0  0  81  0  

0  0  0  0  0  0  81  0  81  0  81  0  0  0  81  81  0  0  0  0  0  0  0  0  81  0  0  0  0  0  0  0  0  0  81  0  0  0  0  81  0  81  0  0  0  0  0  0  81  0  0  81  81  0  0  0  0  0  81  81  0  0  0  0  0  0  0  81  0  0  0  0  0  81  81  0  0  0  0  81  

0  0  0  0  81  81  0  81  0  0  0  0  0  81  81  0  0  0  81  0  0  0  0  0  81  0  0  0  0  0  81  0  81  0  0  0  0  0  0  0  0  0  0  81  81  0  0  0  0  0  0  0  81  81  0  0  0  81  0  81  0  0  81  0  0  0  0  81  0  0  81  0  0  0  0  0  0  0  0  0  

81  0  0  0  0  81  81  0  81  0  0  0  0  0  0  0  0  0  0  81  0  0  0  0  0  0  0  0  81  0  0  0  0  0  81  0  0  0  0  0  0  0  0  81  0  0  81  0  0  0  81  0  0  81  0  0  0  81  81  0  0  0  0  81  0  0  0  81  81  81  0  0  0  0  0  0  0  0  81  0  

0  0  0  81  0  81  0  0  0  81  0  0  0  0  0  0  0  0  0  0  81  0  0  0  0  0  0  81  0  0  0  0  0  0  0  81  0  0  0  0  81  0  0  0  0  0  0  81  81  0  81  0  0  0  0  0  0  0  0  0  0  0  0  0  81  0  0  0  0  0  0  0  0  0  0  0  0  0  0  0  

81  0  0  0  0  0  81  0  0  0  81  81  0  81  81  0  0  0  0  81  0  0  0  0  0  0  0  0  0  0  81  81  0  0  0  0  0  0  81  81  0  0  0  0  0  0  0  81  0  0  0  81  0  81  0  81  0  0  0  0  0  0  0  0  0  0  0  81  0  81  0  0  0  81  0  0  0  0  0  0  

0  0  0  0  0  81  0  0  0  0  81  81  0  0  0  0  0  0  0  81  0  81  0  0  81  81  0  0  0  0  0  0  0  0  0  0  81  0  0  0  0  0  0  0  0  0  0  0  81  0  0  81  0  0  81  0  81  81  0  0  0  0  0  0  0  0  0  0  0  0  0  0  0  0  81  81  0  81  0  81  

0  0  0  0  0  0  0  0  0  0  0  0  81  0  0  0  0  0  0  81  81  0  81  81  0  81  0  0  0  0  81  0  0  0  81  0  0  81  81  0  81  0  0  0  0  0  0  81  0  0  0  0  0  0  81  0  81  0  81  0  0  0  0  0  0  0  0  0  0  0  0  0  0  0  0  0  0  0  0  0  

0  81  81  0  0  0  0  81  0  0  81  0  0  81  0  81  81  0  0  0  0  81  0  0  0  0  0  81  0  0  0  0  81  0  0  0  0  0  0  0  0  81  0  0  81  0  0  0  0  0  0  0  0  0  0  0  0  0  0  0  0  0  81  0  0  0  0  0  0  0  0  0  0  0  0  0  0  0  0  0  

0  81  81  81  0  0  81  81  0  0  81  0  0  0  81  0  81  0  81  0  0  0  81  0  0  0  81  0  0  0  81  0  0  0  0  0  0  0  81  0  0  0  81  0  0  0  0  81  0  0  0  0  0  81  81  0  0  81  0  81  0  81  0  0  0  0  81  0  0  0  0  81  81  81  0  0  0  0  0  0  

0  0  0  81  0  0  81  0  0  0  0  0  0  81  0  81  0  0  0  81  81  0  0  0  0  0  0  81  0  0  0  0  0  0  0  0  0  0  0  0  0  0  0  81  81  0  0  0  0  0  81  0  0  0  0  81  0  0  0  0  81  81  0  0  0  0  81  0  81  81  81  0  0  81  0  0  0  0  0  0  

0  0  0  0  81  81  0  0  0  0  0  0  0  81  81  0  81  0  0  0  0  0  0  0  0  81  81  0  0  0  0  0  0  0  81  0  0  0  0  0  0  0  0  0  0  0  0  0  0  0  0  0  0  0  0  0  0  0  0  0  0  0  0  0  0  0  0  0  0  0  0  0  0  0  0  0  0  0  81  81  

0  0  0  0  0  0  0  0  0  0  0  0  0  0  0  0  0  81  0  0  0  0  0  0  0  81  81  0  0  81  0  0  0  0  0  81  0  0  0  0  81  0  81  0  0  81  0  0  0  0  0  0  81  0  0  0  0  0  0  0  0  0  0  0  0  0  81  0  0  0  0  0  0  0  0  81  0  0  0  0  

0  0  0  0  0  0  0  81  0  0  0  0  0  0  81  0  0  0  81  0  0  0  0  0  81  0  0  0  0  81  0  0  0  81  0  0  0  0  0  81  0  0  0  0  81  0  81  0  0  81  0  0  0  81  0  81  0  0  0  0  81  0  0  81  0  0  0  81  0  0  0  81  0  0  81  81  0  81  0  81  

0  0  0  0  81  81  0  0  81  0  81  81  81  0  0  81  0  0  0  81  0  0  0  0  0  0  0  81  81  0  0  81  81  0  0  0  0  81  0  0  0  0  0  81  0  0  0  0  0  81  0  0  0  0  0  0  0  0  0  0  0  0  0  81  0  0  0  0  0  0  0  0  81  0  81  81  0  0  0  0  

0  81  81  81  0  0  0  0  0  81  0  0  81  0  0  81  0  0  0  0  81  0  0  0  0  81  81  0  0  0  0  0  0  0  81  0  81  0  0  0  0  0  81  0  0  0  81  0  0  0  0  0  0  0  0  0  0  0  0  0  0  0  81  81  81  0  0  0  81  0  0  81  0  81  81  81  0  0  81  0  

81  81  0  0  81  0  0  0  0  0  0  81  0  81  0  0  0  0  0  0  0  81  0  0  0  81  0  0  0  0  0  0  0  0  0  0  0  0  81  0  0  0  0  0  0  81  0  0  0  0  81  0  0  0  81  0  81  0  0  0  0  0  0  0  0  0  81  0  81  0  0  0  81  0  0  0  0  81  81  0  

0  0  0  0  0  0  0  0  0  0  0  0  81  0  81  0  0  0  0  0  0  0  81  0  81  0  0  0  0  0  0  0  0  0  0  0  0  0  0  0  0  0  0  0  0  0  0  0  81  0  0  0  81  0  81  0  0  0  0  81  0  0  0  0  0  81  0  0  0  81  0  0  81  81  0  0  0  0  0  0  

0  81  0  0  0  0  0  0  0  0  0  0  81  0  0  0  0  0  0  0  0  0  0  81  0  81  81  0  0  0  0  0  0  81  0  0  0  0  0  0  0  0  0  0  0  0  0  0  0  0  81  81  0  0  0  0  0  0  0  0  0  0  81  81  0  0  0  0  81  0  0  0  0  81  0  0  81  0  0  0  

81  0  0  0  81  0  81  81  0  0  0  81  0  0  0  0  0  0  81  0  0  0  81  0  81  0  0  0  0  0  81  0  0  81  0  0  0  0  0  0  0  0  0  81  0  0  0  0  81  0  0  0  81  0  0  0  81  0  0  0  0  81  0  0  0  0  0  0  0  0  0  81  0  0  0  0  0  81  0  0  

0  0  81  0  0  81  0  0  0  0  0  81  81  0  0  0  81  81  0  0  81  81  0  81  0  81  81  0  0  0  0  0  0  0  0  0  0  0  81  0  81  0  0  0  0  0  0  81  81  0  0  0  0  0  81  0  0  0  0  0  0  0  0  0  0  81  0  81  0  0  0  0  0  0  0  0  0  0  0  0  

0  81  0  0  81  81  0  0  0  0  0  0  0  0  81  0  81  81  0  0  81  0  0  81  0  81  81  81  0  81  0  0  81  81  0  81  0  81  0  0  0  0  0  0  81  0  81  0  0  0  0  0  0  0  0  0  0  0  0  0  0  0  0  0  0  0  81  81  0  81  0  0  0  0  0  0  0  0  0  81  

0  0  0  0  81  0  0  0  0  81  0  0  0  81  0  81  0  0  0  81  0  0  0  0  0  0  81  81  0  81  0  0  0  0  0  81  81  0  0  81  0  0  0  0  0  81  0  0  0  81  81  0  0  0  0  0  0  0  0  0  0  81  0  0  0  0  0  0  0  0  81  81  0  81  0  0  0  0  0  0  

81  0  81  0  0  81  0  0  81  0  0  0  0  0  0  0  0  0  0  81  0  0  0  0  0  0  0  0  81  0  81  0  0  0  0  0  81  0  0  0  0  0  0  0  0  0  0  0  81  0  0  0  0  0  0  0  0  0  0  0  0  0  0  0  81  81  0  0  0  0  0  0  0  0  0  81  0  0  0  0  

0  81  0  81  81  0  0  0  0  0  0  0  0  0  0  0  0  81  81  0  0  0  0  0  0  0  81  81  0  81  0  0  0  0  0  0  0  0  0  0  81  81  81  81  0  0  0  0  0  0  81  0  0  0  81  0  0  81  0  0  0  0  0  0  0  0  0  0  0  0  0  0  0  0  81  0  0  81  0  0  

0  0  0  0  0  0  0  81  0  0  81  0  81  0  81  0  0  0  0  0  0  0  0  0  81  0  0  0  81  0  81  0  0  81  0  0  0  0  81  0  0  0  0  0  81  0  0  0  81  0  0  0  0  81  0  0  0  81  0  0  0  0  81  0  0  0  0  0  0  0  81  0  0  0  0  0  0  0  0  0  

0  81  81  0  0  0  0  0  0  0  81  0  0  0  0  0  0  0  0  81  0  0  0  0  0  0  0  0  0  0  0  81  0  81  81  0  0  0  81  0  0  0  0  0  81  0  0  0  0  0  0  81  0  0  0  0  0  0  0  0  0  0  0  0  81  0  0  0  81  0  81  0  0  0  0  0  0  0  0  0  

0  0  0  0  0  81  0  81  0  0  0  0  0  81  0  0  0  0  0  81  0  0  0  0  0  0  81  0  0  0  0  0  81  0  0  0  0  81  0  81  81  81  0  0  0  0  0  0  0  0  0  0  0  0  81  0  81  81  0  81  0  0  81  0  0  0  0  81  0  0  0  0  0  0  0  0  0  0  0  0  

0  0  81  81  0  0  0  0  0  0  0  0  0  0  0  0  0  0  81  0  0  0  0  81  81  0  81  0  0  0  81  81  0  81  81  0  0  0  81  0  0  0  0  0  0  0  0  0  0  0  0  0  0  0  81  0  0  0  0  0  0  0  0  81  0  81  0  0  0  0  81  0  0  0  0  0  81  0  0  0  

0  0  0  0  0  0  81  0  81  0  0  0  81  0  0  0  81  0  0  0  81  0  0  0  0  0  0  0  0  0  0  81  0  81  81  81  0  81  81  0  0  0  0  0  81  0  0  81  0  0  0  0  0  0  0  0  0  0  0  0  0  0  0  0  0  0  0  0  0  81  0  0  81  0  0  0  0  0  81  0  

0  0  0  0  81  0  0  0  0  81  0  0  0  0  0  0  0  81  0  0  0  0  0  0  0  0  81  81  0  0  0  0  0  0  81  81  0  81  0  0  81  0  0  0  0  81  0  0  0  0  81  0  0  81  81  81  0  0  0  0  0  0  81  81  81  0  0  0  0  0  0  81  0  0  0  0  0  81  81  0  

0  0  0  0  0  0  0  0  0  0  0  81  0  0  0  0  0  0  0  0  81  0  0  0  0  0  0  81  81  0  0  0  0  0  0  0  81  0  0  0  81  0  0  0  81  0  0  0  0  0  81  81  0  0  0  0  0  0  0  0  0  0  0  81  81  0  0  0  0  0  81  0  0  81  81  0  0  0  0  81  

81  81  0  0  0  0  0  0  0  0  0  0  81  0  0  0  0  0  0  81  0  0  0  0  0  0  81  0  0  0  0  0  81  0  81  81  0  81  0  0  0  81  0  0  0  81  81  81  0  0  81  0  0  0  0  0  0  0  0  81  81  0  0  0  0  0  0  0  0  0  0  0  0  81  0  0  0  0  81  0  

0  0  0  0  0  0  0  0  0  0  81  0  81  0  81  0  0  0  0  0  0  81  0  0  0  81  0  0  0  0  81  81  0  81  81  0  0  0  81  0  0  0  0  0  0  0  0  81  0  81  0  0  81  0  0  81  0  0  0  0  0  0  0  0  0  0  0  0  0  81  0  0  0  81  0  0  0  0  81  0  

0  0  81  0  0  0  81  0  0  0  81  0  0  0  0  0  0  0  81  0  0  0  0  0  0  0  0  81  0  0  0  0  81  0  0  0  0  0  0  81  0  81  0  0  0  0  0  81  0  0  0  81  81  0  0  0  0  0  0  0  0  0  81  0  81  0  0  81  0  0  81  81  0  0  0  0  0  81  0  0  

0  0  0  0  0  0  0  0  0  81  0  0  81  0  0  0  0  81  0  0  0  0  0  0  0  81  0  0  0  81  0  0  81  0  0  81  81  0  0  0  81  81  81  0  0  81  0  0  0  0  0  81  0  0  0  0  0  81  0  0  0  81  0  0  81  81  81  0  0  0  0  0  0  81  81  81  0  0  0  0  

0  0  81  0  0  0  81  0  0  0  0  0  0  81  0  0  0  0  0  0  0  0  0  0  0  0  0  0  0  81  0  0  81  0  0  0  0  81  0  81  81  81  0  0  0  0  0  0  0  0  81  0  0  0  81  81  0  0  0  0  81  0  0  0  81  0  0  0  0  81  0  0  81  0  0  81  0  0  0  0  

0  0  0  81  0  0  0  0  0  0  0  0  0  0  81  0  0  81  0  0  81  0  0  0  0  0  0  0  0  81  0  0  0  0  0  0  0  0  0  0  81  0  81  0  0  0  0  81  81  0  81  0  0  81  0  81  0  81  0  0  81  0  0  81  0  0  81  0  0  0  0  0  0  0  81  0  0  0  0  0  

81  0  81  0  81  0  0  81  81  0  0  0  0  0  0  81  0  0  0  81  0  0  0  0  81  0  0  0  0  81  0  0  0  0  0  0  0  0  0  0  0  0  0  81  0  0  0  0  81  0  0  0  0  0  0  0  0  0  0  0  0  0  0  0  81  0  0  0  0  0  0  0  0  0  0  0  0  0  0  0  

0  81  81  81  0  81  0  81  0  0  0  0  0  81  0  81  0  0  81  0  0  0  0  0  0  0  81  0  0  0  81  81  0  0  81  0  81  0  0  0  0  0  0  0  81  0  0  81  0  0  0  0  0  0  0  81  0  0  0  0  0  0  0  0  0  0  0  0  0  0  0  0  0  0  0  0  0  81  0  0  

0  0  0  0  81  0  0  0  0  0  0  0  0  0  0  0  0  81  0  0  0  81  0  0  0  0  0  81  0  0  0  0  0  0  0  81  0  81  0  0  81  0  0  0  0  81  0  81  81  0  0  0  81  0  0  0  0  0  0  0  0  81  0  0  0  0  0  0  0  0  81  81  0  0  0  0  0  81  81  0  

0  0  0  0  0  81  0  0  81  0  0  0  0  0  0  0  0  0  81  0  81  0  0  0  0  0  81  0  0  0  0  0  0  0  0  0  0  81  0  0  0  0  0  0  0  0  81  81  0  0  81  0  81  81  0  0  0  81  0  0  0  81  0  0  81  0  0  81  81  0  0  0  0  81  0  0  0  0  0  0  

0  81  0  0  81  0  0  0  0  81  81  0  81  0  81  0  0  0  0  0  0  0  0  0  0  81  0  0  0  0  0  0  0  0  81  0  0  81  81  81  0  0  81  0  81  81  81  81  0  81  0  0  0  0  0  0  0  0  0  0  0  81  81  0  0  0  0  0  0  0  0  0  0  0  81  81  0  81  0  0  

81  0  0  0  0  0  81  0  0  81  0  81  0  0  0  0  0  0  0  0  0  0  81  0  81  81  0  0  81  0  81  0  0  0  0  0  0  0  0  0  0  0  81  81  0  81  0  0  81  0  0  0  0  0  0  0  0  0  0  0  0  0  0  0  0  0  0  0  0  0  81  0  0  0  0  0  81  0  0  81  

0  0  0  81  0  0  0  0  0  0  0  0  0  0  0  0  0  0  81  81  0  0  0  0  0  0  0  81  0  0  0  0  0  0  0  0  0  0  81  0  0  0  0  0  0  0  0  81  0  81  0  0  0  0  0  0  0  0  0  0  0  0  81  81  81  0  0  0  0  0  0  0  81  0  0  0  0  81  0  0  

0  81  81  0  0  0  0  0  81  81  0  0  0  0  0  81  0  0  0  0  0  81  0  81  0  0  0  81  0  81  0  0  0  0  0  81  81  81  0  0  0  81  81  0  0  0  81  0  0  0  81  81  0  0  0  0  0  0  0  0  0  0  0  0  0  0  81  0  81  0  81  0  0  0  0  81  81  0  81  81  

0  0  0  81  0  0  81  0  0  0  81  81  0  0  0  0  0  0  0  0  0  0  0  81  0  0  0  0  0  0  0  81  0  0  0  0  81  0  0  81  81  0  0  0  0  0  0  0  0  0  81  81  0  81  0  0  0  0  0  0  0  81  0  0  0  81  0  0  0  81  0  0  0  81  0  0  81  0  0  0  

81  0  0  81  0  0  81  81  0  0  0  0  0  0  0  0  0  81  0  0  0  0  81  0  81  0  0  0  0  0  0  0  0  0  0  0  0  0  81  81  0  0  0  0  0  81  81  0  0  0  0  0  81  81  0  0  0  81  0  0  0  0  0  0  81  0  81  0  0  0  0  0  0  0  0  81  0  81  0  0  

81  0  81  0  0  0  0  81  81  0  81  0  0  0  81  0  0  0  81  0  0  0  0  0  0  0  0  0  0  0  81  0  0  0  0  81  0  0  0  0  0  0  81  0  0  0  81  0  0  0  0  81  81  81  0  0  81  0  0  0  0  0  81  0  0  0  0  81  0  0  0  0  0  0  0  81  0  81  0  0  

0  0  0  0  0  0  0  0  0  0  0  81  81  0  81  0  0  0  0  0  0  81  81  0  0  81  0  0  0  81  0  0  81  81  0  81  0  0  0  0  0  81  0  0  0  0  0  0  0  0  0  0  0  0  81  0  0  0  0  0  0  0  0  0  81  0  0  81  0  0  0  0  81  0  0  0  0  0  0  0  

0  81  81  0  0  0  0  0  0  0  81  0  0  0  0  81  0  0  81  0  0  0  0  0  0  0  0  0  0  0  0  0  0  0  0  81  0  0  81  0  0  81  81  0  81  0  0  0  0  0  0  0  0  0  0  81  0  0  0  0  0  81  0  0  0  0  0  81  0  0  0  0  0  81  81  0  0  81  0  0  

0  0  81  0  81  81  0  0  0  0  0  81  81  0  0  0  0  0  0  0  0  81  0  0  81  0  0  0  0  0  0  0  81  0  0  0  0  0  0  0  0  0  0  0  0  0  0  0  0  0  0  0  0  81  0  0  81  0  81  0  0  0  81  0  81  0  0  0  0  0  0  0  0  0  0  0  0  0  0  0  

0  0  0  0  0  81  0  81  81  0  0  81  0  0  81  0  0  0  0  0  0  0  0  0  0  0  0  0  0  81  81  0  81  0  0  0  0  0  0  0  81  0  81  0  0  0  81  0  0  0  0  0  81  0  0  0  0  81  0  0  0  81  0  0  0  0  0  0  0  81  0  0  0  0  81  81  0  0  0  81  

0  0  0  0  0  0  81  0  81  0  0  0  81  0  0  0  0  0  0  0  0  0  0  0  0  0  0  0  0  0  0  0  0  0  0  0  0  0  0  0  0  0  0  0  0  0  0  0  0  0  0  0  0  0  0  0  81  0  81  0  0  0  0  0  81  81  0  81  0  0  0  0  0  0  0  0  0  0  0  0  

0  0  0  0  0  0  81  81  0  0  0  0  0  0  81  0  0  0  0  0  0  0  81  0  0  0  0  0  0  0  0  0  81  0  0  0  0  81  0  0  0  0  0  0  0  0  0  0  0  0  0  0  0  0  0  0  0  0  0  81  0  0  0  0  0  0  0  0  0  0  0  0  0  0  0  0  0  0  0  0  

81  0  0  0  0  0  0  0  0  0  0  0  0  0  0  81  0  0  81  0  0  0  0  0  0  0  0  0  0  0  0  0  0  0  0  0  0  81  0  0  0  81  81  0  0  0  0  0  0  0  0  0  0  0  0  0  0  0  0  0  81  0  81  0  0  0  0  0  0  0  0  0  0  0  0  0  0  81  81  81  

0  0  0  0  0  0  0  0  0  0  0  0  0  0  81  81  0  0  0  0  0  0  0  0  81  0  0  81  0  0  0  0  0  0  0  0  0  0  0  0  81  0  0  0  0  81  81  81  0  0  0  81  0  0  0  81  0  81  0  0  0  81  0  0  81  0  0  0  0  0  0  0  0  0  81  0  0  0  0  0  

81  0  0  0  0  0  0  81  0  0  0  0  0  81  0  0  0  0  0  0  81  0  0  81  0  0  0  0  0  0  81  0  81  0  0  81  0  0  0  81  0  0  0  0  0  0  0  81  0  81  0  0  0  81  0  0  81  0  0  0  81  0  81  81  0  81  0  0  81  0  0  0  0  0  81  0  0  0  0  0  

0  0  0  81  0  81  0  0  81  0  0  0  0  0  0  0  0  0  81  81  81  0  0  81  0  0  0  0  0  0  0  0  0  81  0  81  81  0  0  0  0  0  81  0  0  0  0  0  0  81  0  0  0  0  0  0  0  0  0  0  0  0  81  81  0  0  0  81  81  0  0  0  0  0  0  0  0  0  0  0  

0  0  81  0  0  0  0  0  0  81  0  0  0  0  0  0  0  0  0  0  81  0  0  0  0  0  0  0  81  0  0  81  0  0  0  81  81  0  0  81  81  81  0  81  0  0  81  0  0  81  0  0  81  0  81  0  81  0  81  0  0  81  0  0  81  0  0  0  0  0  81  0  0  0  81  0  0  81  0  81  

0  81  0  0  0  0  0  0  0  0  0  0  0  0  0  0  0  0  0  0  0  0  81  0  0  81  0  0  81  0  0  0  0  81  0  0  0  0  0  0  81  0  0  0  0  0  0  0  0  0  0  81  0  0  0  0  0  0  81  0  0  0  81  0  0  81  0  81  0  81  0  0  0  0  0  0  0  0  0  0  

0  0  0  0  0  0  0  0  0  0  0  0  0  0  81  81  0  81  0  0  0  81  0  0  0  0  81  0  0  0  0  0  0  0  0  0  0  0  0  0  81  0  81  0  0  0  0  0  0  0  81  0  81  0  0  0  0  0  0  0  0  0  0  0  0  0  81  81  0  0  0  0  0  81  81  0  0  0  0  81  

0  0  0  0  0  0  81  81  81  0  81  0  0  0  0  0  0  0  81  0  0  0  0  0  0  81  81  0  0  0  0  0  81  0  0  0  0  0  0  81  0  0  0  0  0  0  81  0  0  0  0  0  0  81  81  81  0  0  81  0  0  0  0  81  0  81  81  81  0  0  81  81  0  0  0  0  0  0  0  0  

0  0  0  0  81  0  0  0  81  0  0  0  0  0  0  81  0  0  0  0  81  81  0  81  0  0  0  0  0  0  0  81  0  0  0  0  0  0  0  0  0  0  0  0  0  0  81  0  0  0  81  0  0  0  0  0  0  0  0  0  0  0  81  81  0  0  0  0  81  0  0  81  0  0  0  0  0  81  0  0  

81  0  81  0  81  0  0  0  81  0  81  0  0  0  0  81  0  0  0  0  0  0  81  0  0  0  81  0  0  0  0  0  0  0  81  0  0  0  81  0  0  81  0  0  0  0  0  0  0  0  0  81  0  0  0  0  0  81  0  0  0  0  0  0  0  81  0  0  0  81  0  0  0  0  0  0  0  0  0  81  

0  0  0  81  81  81  0  81  0  0  0  0  0  0  0  81  0  0  0  0  0  0  0  0  0  0  0  81  0  0  81  81  0  81  0  0  81  0  0  81  0  0  0  0  0  81  0  0  81  0  81  0  0  0  0  0  0  0  0  0  0  0  0  0  81  0  0  81  0  0  81  81  0  0  81  0  0  0  0  0  

81  0  0  0  81  81  0  0  0  0  0  0  0  0  81  0  0  0  81  0  81  0  0  0  81  0  0  81  0  0  0  0  0  0  0  81  0  0  0  81  0  0  0  0  0  81  0  0  0  0  0  0  0  0  0  0  0  0  0  0  0  0  0  0  0  0  0  81  81  0  81  81  0  0  0  0  0  0  81  0  

0  0  81  0  81  0  0  0  0  0  0  0  0  0  81  0  0  0  0  81  0  81  81  0  0  0  0  0  0  0  0  0  0  0  81  0  0  0  0  0  0  81  0  0  0  0  0  0  0  81  0  0  0  0  81  0  0  0  0  0  0  0  0  0  0  0  0  0  0  0  0  0  81  0  0  0  0  81  0  0  

0  0  0  0  0  81  81  0  0  0  81  0  0  0  81  81  0  0  0  0  81  0  81  81  0  0  0  81  0  0  0  0  0  0  0  0  81  81  81  0  81  0  0  0  0  0  81  0  0  0  0  81  0  0  0  81  0  0  0  0  0  0  0  0  0  0  81  0  0  0  0  0  0  81  0  0  81  0  0  0  

0  0  0  0  81  0  81  0  0  0  0  81  0  0  0  0  0  0  81  81  81  0  0  0  0  0  0  0  0  81  0  0  0  0  0  0  81  0  0  0  81  0  81  0  0  0  0  81  0  0  0  0  0  0  0  81  0  81  0  0  0  81  81  0  81  0  81  0  0  0  81  0  0  0  81  0  0  0  0  0  

0  0  0  0  0  0  0  0  0  0  0  81  0  0  0  0  0  81  81  81  81  0  0  0  0  0  0  0  81  0  0  0  0  0  0  0  0  0  0  0  81  81  0  0  0  0  0  81  0  0  81  0  81  81  0  0  0  81  0  0  0  0  0  0  0  0  0  0  0  0  0  0  0  0  0  81  81  0  0  0  

0  0  0  81  0  0  0  0  0  0  0  0  0  0  0  0  0  0  0  0  0  0  0  81  0  0  0  0  0  0  0  0  0  81  0  0  0  0  0  0  0  0  0  0  0  0  0  0  81  0  81  81  0  0  0  0  0  0  0  0  0  0  0  0  0  0  0  0  0  0  0  0  0  81  0  81  81  0  81  81  

0  0  0  0  81  0  0  0  0  0  0  81  0  0  0  0  0  0  81  0  0  81  0  0  81  0  0  0  0  81  0  0  0  0  0  81  0  0  0  81  0  0  0  0  81  81  0  81  0  81  0  0  81  81  0  81  0  0  0  0  81  0  0  0  81  0  0  0  81  0  0  0  81  0  0  0  0  81  0  0  

0  0  0  0  0  81  0  0  81  0  0  0  0  0  0  0  81  0  0  0  81  81  0  0  0  0  0  0  0  0  0  0  0  0  81  81  0  81  81  0  0  0  0  0  0  81  0  0  0  0  81  0  0  0  0  0  0  0  0  0  81  0  0  0  0  0  0  0  0  0  0  81  0  0  0  0  81  0  81  0  

0  0  0  0  0  0  81  0  0  0  0  81  0  0  0  0  81  0  81  0  0  0  0  0  0  0  81  0  0  0  0  0  0  0  0  0  81  0  0  0  0  0  0  0  0  0  0  0  81  0  81  0  0  0  0  0  0  81  0  0  81  0  0  0  81  0  81  0  0  81  0  0  0  0  0  0  81  0  0  81  

UnPairedArc=
1 6 
1 9 
1 11 
1 22 
1 25 
1 29 
1 38 
1 44 
1 49 
1 53 
1 54 
1 61 
1 63 
1 70 
1 72 
2 5 
2 6 
2 14 
2 15 
2 21 
2 22 
2 24 
2 27 
2 30 
2 32 
2 38 
2 45 
2 48 
2 51 
2 56 
2 66 
3 14 
3 15 
3 21 
3 26 
3 29 
3 32 
3 34 
3 40 
3 42 
3 44 
3 45 
3 51 
3 54 
3 56 
3 57 
3 65 
3 70 
3 73 
4 10 
4 15 
4 16 
4 21 
4 30 
4 34 
4 43 
4 45 
4 50 
4 52 
4 53 
4 64 
4 71 
4 77 
5 8 
5 17 
5 20 
5 22 
5 25 
5 27 
5 28 
5 30 
5 36 
5 44 
5 46 
5 48 
5 57 
5 69 
5 70 
5 71 
5 72 
5 73 
5 75 
5 78 
6 8 
6 9 
6 10 
6 12 
6 17 
6 20 
6 26 
6 27 
6 29 
6 33 
6 45 
6 47 
6 57 
6 58 
6 64 
6 71 
6 72 
6 74 
6 79 
7 9 
7 11 
7 15 
7 16 
7 25 
7 35 
7 40 
7 42 
7 49 
7 52 
7 53 
7 59 
7 60 
7 68 
7 74 
7 75 
7 80 
8 14 
8 15 
8 19 
8 25 
8 31 
8 33 
8 44 
8 45 
8 53 
8 54 
8 58 
8 60 
8 63 
8 68 
8 71 
9 20 
9 29 
9 35 
9 44 
9 47 
9 51 
9 54 
9 58 
9 59 
9 64 
9 68 
9 69 
9 70 
9 79 
10 21 
10 28 
10 36 
10 41 
10 48 
10 49 
10 51 
10 65 
11 12 
11 14 
11 15 
11 20 
11 31 
11 32 
11 39 
11 40 
11 48 
11 52 
11 54 
11 56 
11 68 
11 70 
11 74 
12 20 
12 22 
12 25 
12 26 
12 37 
12 49 
12 52 
12 55 
12 57 
12 58 
12 75 
12 76 
12 78 
12 80 
13 20 
13 21 
13 23 
13 24 
13 26 
13 31 
13 35 
13 38 
13 39 
13 41 
13 48 
13 55 
13 57 
13 59 
14 16 
14 17 
14 22 
14 28 
14 33 
14 42 
14 45 
14 63 
15 17 
15 19 
15 23 
15 27 
15 31 
15 39 
15 43 
15 48 
15 54 
15 55 
15 58 
15 60 
15 62 
15 67 
15 72 
15 73 
15 74 
16 20 
16 21 
16 28 
16 44 
16 45 
16 51 
16 56 
16 61 
16 62 
16 67 
16 69 
16 70 
16 71 
16 74 
17 26 
17 27 
17 35 
17 79 
17 80 
18 26 
18 27 
18 30 
18 36 
18 41 
18 43 
18 46 
18 53 
18 67 
18 76 
19 25 
19 30 
19 34 
19 40 
19 45 
19 47 
19 50 
19 54 
19 56 
19 61 
19 64 
19 68 
19 72 
19 75 
19 76 
19 78 
19 80 
20 28 
20 29 
20 32 
20 33 
20 38 
20 44 
20 50 
20 64 
20 73 
20 75 
20 76 
21 26 
21 27 
21 35 
21 37 
21 43 
21 47 
21 63 
21 64 
21 65 
21 69 
21 72 
21 74 
21 75 
21 76 
21 79 
22 26 
22 39 
22 46 
22 51 
22 55 
22 57 
22 67 
22 69 
22 73 
22 78 
22 79 
23 25 
23 49 
23 53 
23 55 
23 60 
23 66 
23 70 
23 73 
23 74 
24 26 
24 27 
24 34 
24 51 
24 52 
24 63 
24 64 
24 69 
24 74 
24 77 
25 31 
25 34 
25 44 
25 49 
25 53 
25 57 
25 62 
25 72 
25 78 
26 27 
26 39 
26 41 
26 48 
26 49 
26 55 
26 66 
26 68 
27 28 
27 30 
27 33 
27 34 
27 36 
27 38 
27 45 
27 47 
27 67 
27 68 
27 70 
27 80 
28 30 
28 36 
28 37 
28 40 
28 46 
28 50 
28 51 
28 62 
28 71 
28 72 
28 74 
29 31 
29 37 
29 49 
29 65 
29 66 
29 76 
30 41 
30 42 
30 43 
30 44 
30 51 
30 55 
30 58 
30 75 
30 78 
31 34 
31 39 
31 45 
31 49 
31 54 
31 58 
31 63 
31 71 
32 34 
32 35 
32 39 
32 45 
32 52 
32 65 
32 69 
32 71 
33 38 
33 40 
33 41 
33 42 
33 55 
33 57 
33 58 
33 60 
33 63 
33 68 
34 35 
34 39 
34 55 
34 64 
34 66 
34 71 
34 77 
35 36 
35 38 
35 39 
35 45 
35 48 
35 70 
35 73 
35 79 
36 38 
36 41 
36 46 
36 51 
36 54 
36 55 
36 56 
36 63 
36 64 
36 65 
36 72 
36 78 
36 79 
37 41 
37 45 
37 51 
37 52 
37 64 
37 65 
37 71 
37 74 
37 75 
37 80 
38 42 
38 46 
38 47 
38 48 
38 51 
38 60 
38 61 
38 74 
38 79 
39 48 
39 50 
39 53 
39 56 
39 70 
39 74 
39 79 
40 42 
40 48 
40 52 
40 53 
40 63 
40 65 
40 68 
40 71 
40 72 
40 78 
41 42 
41 43 
41 46 
41 52 
41 58 
41 62 
41 65 
41 66 
41 67 
41 74 
41 75 
41 76 
42 51 
42 55 
42 56 
42 61 
42 65 
42 70 
42 73 
42 76 
43 48 
43 49 
43 51 
43 54 
43 56 
43 58 
43 61 
43 64 
43 67 
43 75 
44 49 
44 65 
45 48 
45 56 
45 78 
46 48 
46 49 
46 53 
46 62 
46 71 
46 72 
46 78 
46 79 
47 48 
47 51 
47 53 
47 54 
47 58 
47 62 
47 65 
47 68 
47 69 
47 74 
48 50 
48 62 
48 63 
48 75 
48 76 
48 78 
49 71 
49 77 
49 80 
50 63 
50 64 
50 65 
50 73 
50 78 
51 52 
51 67 
51 69 
51 71 
51 76 
51 77 
51 79 
51 80 
52 54 
52 62 
52 66 
52 70 
52 74 
52 77 
53 54 
53 58 
53 65 
53 67 
53 76 
53 78 
54 57 
54 63 
54 68 
54 76 
54 78 
55 65 
55 68 
55 73 
56 62 
56 68 
56 74 
56 75 
56 78 
57 59 
57 63 
57 65 
58 62 
58 70 
58 75 
58 76 
58 80 
59 65 
59 66 
59 68 
61 63 
61 78 
61 79 
61 80 
62 65 
62 75 
63 64 
63 66 
63 69 
63 75 
64 68 
64 69 
65 71 
65 75 
65 78 
65 80 
66 68 
66 70 
67 68 
67 74 
67 75 
67 80 
68 71 
68 72 
69 72 
69 78 
70 80 
71 72 
71 75 
72 79 
73 78 
74 77 
76 77 
77 79 
77 80 
