nNodes=80;
 nPairs=925;
Cost=

81  81  0  0  81  0  81  0  0  0  0  0  0  0  0  0  0  0  0  81  0  0  81  0  0  0  0  81  0  0  0  0  81  0  0  0  0  0  81  81  0  0  0  0  0  81  0  0  0  0  81  0  0  0  81  81  0  0  0  0  0  81  0  81  81  0  0  0  0  0  81  0  0  0  0  0  0  0  0  0  

81  81  0  81  0  0  0  0  0  0  0  0  0  0  81  0  0  0  81  0  0  0  81  0  0  0  81  81  0  81  0  0  0  0  0  0  0  0  81  0  0  0  0  0  0  0  0  0  0  81  0  81  0  0  0  0  0  0  81  0  0  81  0  81  0  0  81  0  0  0  0  81  81  0  0  0  0  0  81  0  

0  0  81  0  0  81  0  0  0  0  0  0  0  0  0  0  0  81  0  0  0  0  0  0  0  0  0  0  0  0  0  0  0  81  81  0  81  0  0  0  81  0  81  81  81  0  0  0  0  81  0  81  81  81  0  0  0  0  0  81  0  0  0  0  0  0  0  0  81  0  0  81  0  0  81  81  0  0  81  0  

0  81  0  81  0  0  0  0  0  0  81  81  0  0  0  81  81  81  0  0  81  0  0  81  0  0  81  0  0  81  0  0  0  0  0  81  0  0  0  0  0  0  0  0  0  0  0  0  81  0  81  0  81  0  0  0  0  81  0  0  81  0  81  0  81  81  0  81  81  0  0  81  81  0  81  81  0  81  0  0  

81  0  0  0  81  0  81  0  0  0  81  81  0  81  0  0  81  0  0  81  81  81  0  81  0  0  0  81  81  0  0  0  0  0  81  81  81  81  0  81  81  0  0  0  0  81  0  81  81  81  0  0  0  0  81  0  0  0  0  81  81  0  0  0  0  81  0  0  0  81  0  0  0  0  81  81  0  0  0  81  

0  0  81  0  0  81  0  0  0  0  0  81  81  0  0  0  81  0  81  0  0  0  0  81  0  81  0  81  0  0  81  0  81  0  0  81  0  0  0  0  0  81  0  0  81  81  81  81  81  0  0  81  81  0  0  0  81  0  81  0  0  81  0  0  0  0  0  81  0  0  0  81  81  81  0  0  0  81  0  0  

81  0  0  0  81  0  81  0  0  0  81  0  0  81  0  81  81  0  81  81  81  0  0  0  0  0  0  0  0  0  81  81  81  81  0  0  0  81  0  0  0  0  0  0  81  0  0  81  0  0  0  0  0  0  0  81  81  0  0  0  81  0  0  0  0  81  0  0  0  0  0  81  81  0  0  0  81  0  0  0  

0  0  0  0  0  0  0  81  0  0  0  81  0  81  0  0  81  0  0  0  81  81  0  81  0  81  0  0  0  0  0  0  0  0  0  81  0  0  0  0  0  0  0  0  0  0  0  0  0  81  0  0  0  81  0  0  0  81  0  0  0  0  0  0  81  0  81  0  81  0  0  0  0  0  81  0  81  0  0  81  

0  0  0  0  0  0  0  0  81  0  0  0  0  81  0  0  81  0  0  0  0  81  81  0  0  81  81  0  81  0  0  0  0  0  0  0  81  0  0  0  0  0  81  0  0  0  0  81  0  0  0  81  0  81  0  81  0  0  0  81  0  0  0  0  0  81  0  81  0  0  81  0  0  81  0  81  0  0  81  0  

0  0  0  0  0  0  0  0  0  81  0  0  0  81  0  0  81  0  0  81  81  0  0  81  0  0  81  81  0  0  0  0  0  0  0  0  81  0  81  0  81  0  0  81  81  0  0  81  81  0  0  0  0  0  0  0  0  0  81  0  0  0  0  81  81  81  0  0  0  81  0  0  0  81  0  0  81  0  81  0  

0  0  0  81  81  0  81  0  0  0  81  0  0  0  81  81  0  81  0  0  81  0  81  81  0  0  0  0  81  0  0  81  0  81  81  0  0  0  81  0  0  0  81  81  0  0  81  0  0  0  81  0  0  81  0  0  0  0  0  0  81  81  0  81  81  0  81  0  0  0  0  0  0  0  0  81  81  0  0  0  

0  0  0  81  81  81  0  81  0  0  0  81  0  0  0  81  0  0  0  0  0  81  81  0  81  0  81  81  81  0  81  0  81  81  0  81  0  0  81  0  0  0  0  0  0  0  0  0  81  81  81  0  81  0  0  0  0  0  0  0  0  0  0  0  0  0  0  0  0  81  81  0  0  0  0  0  0  81  81  0  

0  0  0  0  0  81  0  0  0  0  0  0  81  0  81  0  81  81  0  0  0  0  0  0  0  81  0  0  0  0  0  0  81  0  81  0  0  0  0  0  0  0  81  0  0  0  0  0  0  0  81  0  0  0  0  0  81  0  0  0  0  0  0  0  81  81  81  0  0  0  81  81  0  0  0  0  0  81  0  81  

0  0  0  0  81  0  81  81  81  81  0  0  0  81  0  0  0  81  0  0  81  0  81  0  81  81  81  81  0  81  0  0  0  0  0  0  81  0  0  81  0  0  0  0  0  0  81  0  0  0  0  81  0  81  0  0  81  0  0  0  0  0  0  0  0  0  0  0  0  0  0  0  0  81  0  0  0  0  0  81  

0  81  0  0  0  0  0  0  0  0  81  0  81  0  81  0  0  81  0  81  0  0  0  0  0  81  0  0  0  0  81  0  81  0  0  0  0  0  0  0  0  0  81  0  0  0  0  0  0  81  81  81  0  0  0  81  0  81  0  0  81  81  0  0  81  0  81  0  0  0  81  0  0  0  0  0  0  81  81  0  

0  0  0  81  0  0  81  0  0  0  81  81  0  0  0  81  0  0  0  0  0  0  0  0  81  0  81  0  81  0  0  81  81  81  0  0  81  0  81  81  0  0  81  0  0  0  0  81  81  0  0  0  81  0  0  0  0  0  81  81  0  0  0  81  0  81  0  0  0  0  0  0  0  0  81  0  0  0  0  81  

0  0  0  81  81  81  81  81  81  81  0  0  81  0  0  0  81  0  0  81  0  81  0  0  0  0  81  0  81  81  0  81  0  0  0  0  0  81  0  0  0  0  81  0  0  0  0  81  0  0  0  0  81  0  81  0  0  81  0  0  0  81  0  81  0  81  0  81  0  0  0  0  81  0  81  81  0  0  0  81  

0  0  81  81  0  0  0  0  0  0  81  0  81  81  81  0  0  81  0  0  0  0  0  0  0  0  0  0  0  0  81  0  0  0  0  81  81  0  81  0  0  0  0  0  0  81  0  0  0  0  0  0  0  0  81  81  0  0  0  0  81  81  81  0  0  0  81  81  0  0  0  0  0  81  0  0  81  81  0  0  

0  81  0  0  0  81  81  0  0  0  0  0  0  0  0  0  0  0  81  0  0  0  0  0  81  0  81  0  81  0  0  81  81  0  0  0  0  0  0  0  81  0  81  0  0  0  0  81  0  81  0  81  0  81  81  0  0  0  81  0  0  81  81  0  81  0  0  0  0  81  0  81  0  0  0  0  0  0  0  0  

81  0  0  0  81  0  81  0  0  81  0  0  0  0  81  0  81  0  0  81  81  0  0  0  0  0  0  0  81  0  81  0  0  0  81  0  81  0  0  0  0  81  0  0  81  0  0  0  0  0  0  0  0  0  81  81  81  81  0  0  0  81  81  0  0  81  0  81  81  0  81  0  0  81  81  81  81  81  81  0  

0  0  0  81  81  0  81  81  0  81  81  0  0  81  0  0  0  0  0  81  81  0  0  81  81  0  81  81  81  0  0  0  0  0  81  0  81  0  81  0  0  0  0  0  0  0  0  0  0  0  0  81  0  81  0  81  0  0  0  81  0  81  0  0  81  0  0  0  0  81  81  0  0  0  81  0  0  0  0  0  

0  0  0  0  81  0  0  81  81  0  0  81  0  0  0  0  81  0  0  0  0  81  81  81  0  0  81  0  0  0  81  0  81  0  0  0  0  0  0  81  0  0  0  81  0  0  0  81  0  0  0  0  81  81  81  0  0  0  81  0  0  0  0  81  0  0  0  81  81  0  0  0  81  0  81  0  0  0  81  0  

81  81  0  0  0  0  0  0  81  0  81  81  0  81  0  0  0  0  0  0  0  81  81  0  81  0  0  0  0  0  81  0  0  0  0  0  0  81  0  0  0  81  0  81  0  0  0  0  0  0  0  0  0  81  81  0  0  0  0  0  0  81  81  81  0  0  0  0  0  0  0  0  0  0  0  0  0  0  0  0  

0  0  0  81  81  81  0  81  0  81  81  0  0  0  0  0  0  0  0  0  81  81  0  81  81  0  0  0  0  0  0  81  81  0  0  0  0  0  0  0  0  0  81  0  0  0  0  0  0  0  81  81  0  0  0  0  0  81  0  0  0  0  0  0  0  0  0  0  0  81  0  0  0  0  0  81  0  0  81  81  

0  0  0  0  0  0  0  0  0  0  0  81  0  81  0  81  0  0  81  0  81  0  81  81  81  81  81  0  0  0  0  0  0  81  0  0  81  0  81  0  0  0  0  0  0  0  0  0  0  81  0  0  0  0  81  0  0  0  0  0  0  0  0  0  0  0  0  0  0  0  0  0  0  0  81  0  0  0  81  0  

0  0  0  0  0  81  0  81  81  0  0  0  81  81  81  0  0  0  0  0  0  0  0  0  81  81  0  0  81  81  0  81  81  0  0  0  81  81  0  0  0  0  0  0  0  0  0  0  0  0  0  0  0  0  0  0  81  0  0  0  0  81  81  0  0  0  0  81  0  81  0  81  0  0  0  0  0  0  0  81  

0  81  0  81  0  0  0  0  81  81  0  81  0  81  0  81  81  0  81  0  81  81  0  0  81  0  81  0  0  81  0  0  81  0  81  0  0  81  81  0  0  81  0  81  0  81  81  81  81  81  0  0  0  0  0  0  0  81  0  0  0  0  0  0  0  0  81  0  0  0  0  0  0  0  0  0  0  0  0  81  

81  81  0  0  81  81  0  0  0  81  0  81  0  81  0  0  0  0  0  0  81  0  0  0  0  0  0  81  0  0  0  0  81  0  0  81  0  0  0  0  0  0  81  0  0  81  81  0  0  0  0  0  0  0  0  0  0  0  0  0  81  81  0  0  0  0  0  0  0  0  0  0  0  0  0  0  0  81  81  0  

0  0  0  0  81  0  0  0  81  0  81  81  0  0  0  81  81  0  81  81  81  0  0  0  0  81  0  0  81  81  0  0  0  0  0  81  81  0  0  0  81  0  0  81  0  0  0  81  0  0  81  0  0  0  81  0  0  0  0  81  0  81  81  81  0  81  81  0  0  0  81  0  81  0  81  81  0  0  0  81  

0  81  0  81  0  0  0  0  0  0  0  0  0  81  0  0  81  0  0  0  0  0  0  0  0  81  81  0  81  81  0  0  0  0  0  0  0  0  0  0  0  0  0  0  81  0  81  81  81  0  81  0  81  0  0  81  81  81  0  0  0  81  0  81  81  81  81  0  0  81  81  81  0  81  0  0  0  81  0  81  

0  0  0  0  0  81  81  0  0  0  0  81  0  0  81  0  0  81  0  81  0  81  81  0  0  0  0  0  0  0  81  81  81  0  81  81  0  81  0  81  0  0  81  0  0  0  0  0  0  81  81  0  81  0  0  0  81  0  0  0  0  0  81  0  0  81  0  81  0  0  0  0  0  0  81  0  0  0  81  0  

0  0  0  0  0  0  81  0  0  0  81  0  0  0  0  81  81  0  81  0  0  0  0  81  0  81  0  0  0  0  81  81  81  81  0  0  0  81  81  81  0  0  81  0  0  81  0  81  0  81  0  0  0  0  0  0  81  81  0  81  0  0  0  0  81  81  0  0  81  0  0  81  0  81  0  0  81  0  0  81  

81  0  0  0  0  81  81  0  0  0  0  81  81  0  81  81  0  0  81  0  0  81  0  81  0  81  81  81  0  0  81  81  81  81  0  0  0  0  0  0  0  0  0  81  0  0  0  0  0  0  81  0  0  81  0  0  0  81  81  0  0  81  81  0  0  81  0  0  0  0  0  0  0  0  81  0  0  0  81  81  

0  0  81  0  0  0  81  0  0  0  81  81  0  0  0  81  0  0  0  0  0  0  0  0  81  0  0  0  0  0  0  81  81  81  0  81  0  0  81  81  0  0  81  81  81  81  0  0  81  81  0  0  81  0  0  0  81  0  81  0  0  0  0  0  81  81  0  0  0  0  0  0  0  0  81  0  0  81  0  0  

0  0  81  0  81  0  0  0  0  0  81  0  81  0  0  0  0  0  0  81  81  0  0  0  0  0  81  0  0  0  81  0  0  0  81  81  0  0  0  0  81  0  81  0  0  0  81  0  81  0  81  0  81  0  0  0  0  0  0  0  0  81  0  81  0  0  0  0  0  0  81  0  0  0  0  0  0  0  81  0  

0  0  0  81  81  81  0  81  0  0  0  81  0  0  0  0  0  81  0  0  0  0  0  0  0  0  0  81  81  0  81  0  0  81  81  81  81  81  0  0  81  81  0  0  81  0  0  0  81  81  0  81  0  0  81  0  0  0  0  81  0  0  0  81  0  0  81  0  0  81  81  0  81  0  0  0  0  0  0  0  

0  0  81  0  81  0  0  0  81  81  0  0  0  81  0  81  0  81  0  81  81  0  0  0  81  81  0  0  81  0  0  0  0  0  0  81  81  0  0  0  0  0  0  81  81  0  0  0  0  0  0  0  0  81  0  81  81  0  81  81  0  0  81  0  81  0  0  0  0  0  0  81  0  0  0  0  81  0  81  81  

0  0  0  0  81  0  81  0  0  0  0  0  0  0  0  0  81  0  0  0  0  0  81  0  0  81  81  0  0  0  81  81  0  0  0  81  0  81  0  0  81  0  0  0  0  0  81  0  81  81  0  0  81  81  0  81  0  0  0  0  0  0  0  0  81  0  81  0  0  81  0  0  0  81  81  81  0  0  0  0  

81  81  0  0  0  0  0  0  0  81  81  81  0  0  0  81  0  81  0  0  81  0  0  0  81  0  81  0  0  0  0  81  0  81  0  0  0  0  81  81  81  0  81  81  0  0  0  0  0  0  0  0  0  0  81  0  81  0  81  0  81  0  81  81  81  0  0  0  81  0  0  0  0  81  81  0  81  0  0  81  

81  0  0  0  81  0  0  0  0  0  0  0  0  81  0  81  0  0  0  0  0  81  0  0  0  0  0  0  0  0  81  81  0  81  0  0  0  0  81  81  0  0  0  81  0  81  81  0  0  0  81  0  0  0  0  81  0  0  0  0  0  81  81  0  0  0  0  81  0  81  0  81  0  0  0  0  0  0  81  81  

0  0  81  0  81  0  0  0  0  81  0  0  0  0  0  0  0  0  81  0  0  0  0  0  0  0  0  0  81  0  0  0  0  0  81  81  0  81  81  0  81  0  0  81  0  0  0  81  0  0  0  81  0  0  0  81  0  0  0  0  0  81  0  81  81  0  81  0  0  81  81  0  0  0  0  0  0  81  0  81  

0  0  0  0  0  81  0  0  0  0  0  0  0  0  0  0  0  0  0  81  0  0  81  0  0  0  81  0  0  0  0  0  0  0  0  81  0  0  0  0  0  81  0  81  0  0  0  0  0  0  81  81  81  81  0  81  0  0  0  0  81  81  0  81  0  0  0  0  0  0  0  0  0  0  0  81  0  0  81  0  

0  0  81  0  0  0  0  0  81  0  81  0  81  0  81  81  81  0  81  0  0  0  0  81  0  0  0  81  0  0  81  81  0  81  81  0  0  0  81  0  0  0  81  0  0  81  81  0  81  0  0  0  81  0  0  0  0  0  81  0  81  0  0  0  0  0  81  81  0  0  81  0  0  0  0  0  0  0  0  0  

0  0  81  0  0  0  0  0  0  81  81  0  0  0  0  0  0  0  0  0  0  81  81  0  0  0  81  0  81  0  0  0  81  81  0  0  81  0  81  81  81  81  0  81  81  0  81  0  0  0  81  81  81  0  0  0  81  81  0  0  81  0  81  81  0  0  0  0  0  0  0  0  0  0  0  81  0  0  0  0  

0  0  81  0  0  81  81  0  0  81  0  0  0  0  0  0  0  0  0  81  0  0  0  0  0  0  0  0  0  81  0  0  0  81  0  81  81  0  0  0  0  0  0  81  81  0  0  0  0  81  0  81  81  0  0  0  0  0  0  0  81  0  0  81  81  0  81  81  81  81  81  81  0  0  81  0  0  81  81  0  

81  0  0  0  81  81  0  0  0  0  0  0  0  0  0  0  0  81  0  0  0  0  0  0  0  0  81  81  0  0  0  81  0  81  0  0  0  0  0  81  0  0  81  0  0  81  0  0  0  0  0  0  0  81  0  81  0  81  0  0  0  81  0  0  0  0  0  0  0  81  0  0  81  0  81  81  0  0  0  81  

0  0  0  0  0  81  0  0  0  0  81  0  0  81  0  0  0  0  0  0  0  0  0  0  0  0  81  81  0  81  0  0  0  0  81  0  0  81  0  81  0  0  81  81  0  0  81  0  0  0  0  0  0  0  0  0  0  81  0  0  81  81  0  0  0  81  81  0  81  81  81  0  0  0  0  0  0  0  81  0  

0  0  0  0  81  81  81  0  81  81  0  0  0  0  0  81  81  0  81  0  0  81  0  0  0  0  81  0  81  81  0  81  0  0  0  0  0  0  0  0  81  0  0  0  0  0  0  81  0  0  0  0  0  0  81  0  0  81  0  0  0  0  0  0  0  0  0  81  0  81  81  0  0  0  81  81  0  0  0  0  

0  0  0  81  81  81  0  0  0  81  0  81  0  0  0  81  0  0  0  0  0  0  0  0  0  0  81  0  0  81  0  0  0  81  81  81  0  81  0  0  0  0  81  0  0  0  0  0  81  0  0  0  0  0  0  81  0  0  81  0  0  0  0  81  0  0  81  0  0  0  0  0  0  0  0  0  0  0  0  0  

0  81  81  0  81  0  0  81  0  0  0  81  0  0  81  0  0  0  81  0  0  0  0  0  81  0  81  0  0  0  81  81  0  81  0  81  0  81  0  0  0  0  0  0  81  0  0  0  0  81  0  0  0  81  81  0  0  81  0  0  0  0  0  0  0  0  81  0  81  0  0  81  0  81  81  0  81  81  0  0  

81  0  0  81  0  0  0  0  0  0  81  81  81  0  81  0  0  0  0  0  0  0  0  81  0  0  0  0  81  81  81  0  81  0  81  0  0  0  0  81  0  81  0  81  0  0  0  0  0  0  81  0  0  81  0  81  0  0  0  0  0  0  81  0  0  81  0  81  81  0  81  81  81  81  0  81  0  81  0  0  

0  81  81  0  0  81  0  0  81  0  0  0  0  81  81  0  0  0  81  0  81  0  0  81  0  0  0  0  0  0  0  0  0  0  0  81  0  0  0  0  81  81  0  81  81  0  0  0  0  0  0  81  0  81  81  0  81  81  0  0  0  81  81  81  81  0  0  0  0  81  0  0  81  81  0  0  81  0  0  81  

0  0  81  81  0  81  0  0  0  0  0  81  0  0  0  81  81  0  0  0  0  81  0  0  0  0  0  0  0  81  81  0  0  81  81  0  0  81  0  0  0  81  81  81  81  0  0  0  0  0  0  0  81  0  0  0  0  0  0  0  0  0  81  0  0  0  0  81  0  0  0  81  81  81  81  0  0  0  81  0  

0  0  81  0  0  0  0  81  81  0  81  0  0  81  0  0  0  0  81  0  81  81  81  0  0  0  0  0  0  0  0  0  81  0  0  0  81  81  0  0  0  81  0  0  0  81  0  0  0  81  81  81  0  81  0  81  81  0  0  0  81  0  81  0  81  0  81  0  0  0  81  0  0  0  0  0  0  0  81  0  

81  0  0  0  81  0  0  0  0  0  0  0  0  0  0  0  81  81  81  81  0  81  81  0  81  0  0  0  81  0  0  0  0  0  0  81  0  0  81  0  0  0  0  0  0  0  0  81  0  81  0  81  0  0  81  0  81  0  0  0  0  81  0  81  0  0  0  0  0  0  0  0  0  0  81  81  0  81  0  81  

81  0  0  0  0  0  81  0  81  0  0  0  0  0  81  0  0  81  0  81  81  0  0  0  0  0  0  0  0  81  0  0  0  0  0  0  81  81  0  81  81  81  0  0  0  81  0  0  81  0  81  0  0  81  0  81  81  0  0  0  81  0  0  0  81  81  0  81  81  0  81  0  0  0  0  81  0  81  81  0  

0  0  0  0  0  81  81  0  0  0  0  0  81  81  0  0  0  0  0  81  0  0  0  0  0  81  0  0  0  81  81  81  0  81  0  0  81  0  81  0  0  0  0  81  0  0  0  0  0  0  0  81  0  81  81  81  81  0  0  0  0  0  0  81  0  81  0  0  81  0  81  0  81  0  0  0  0  81  0  0  

0  0  0  81  0  0  0  81  0  0  0  0  0  0  81  0  81  0  0  81  0  0  0  81  0  0  81  0  0  81  0  81  81  0  0  0  0  0  0  0  0  0  0  81  0  81  81  81  0  81  0  81  0  0  0  0  0  81  0  0  0  0  81  0  0  0  0  81  0  81  0  0  0  0  0  0  81  81  81  0  

0  81  0  0  0  81  0  0  0  81  0  0  0  0  0  81  0  0  81  0  0  81  0  0  0  0  0  0  0  0  0  0  81  81  0  0  81  0  81  0  0  0  81  0  0  0  0  0  81  0  0  0  0  0  0  0  0  0  81  81  0  0  0  0  0  0  81  0  0  0  81  0  0  0  81  81  0  81  0  0  

0  0  81  0  81  0  0  0  81  0  0  0  0  0  0  81  0  0  0  0  81  0  0  0  0  0  0  0  81  0  0  81  0  0  0  81  81  0  0  0  0  0  0  0  0  0  0  0  0  0  0  0  0  0  0  0  0  0  81  81  0  0  81  81  0  81  81  0  81  0  0  0  0  81  0  0  0  81  0  0  

0  0  0  81  81  0  81  0  0  0  81  0  0  0  81  0  0  81  0  0  0  0  0  0  0  0  0  81  0  0  0  0  0  0  0  0  0  0  81  0  0  81  81  81  81  0  81  0  0  0  0  0  0  81  0  81  0  0  0  0  81  0  81  0  0  0  81  0  0  0  0  81  81  81  81  0  0  0  0  0  

81  81  0  0  0  81  0  0  0  0  81  0  0  0  81  0  81  81  81  81  81  0  81  0  0  81  0  81  81  81  0  0  81  0  81  0  0  0  0  81  81  81  0  0  0  81  81  0  0  0  0  81  0  0  81  0  0  0  0  0  0  81  0  0  81  0  0  0  81  0  81  81  81  0  0  81  0  0  0  0  

0  0  0  81  0  0  0  0  0  0  0  0  0  0  0  0  0  81  81  81  0  0  81  0  0  81  0  0  81  0  81  0  81  0  0  0  81  0  81  81  0  0  0  81  0  0  0  0  0  0  81  81  81  81  0  0  0  81  0  81  81  0  81  0  81  0  0  0  0  81  0  0  81  81  0  0  81  0  0  81  

81  81  0  0  0  0  0  0  0  81  81  0  0  0  0  81  81  0  0  0  0  81  81  0  0  0  0  0  81  81  0  0  0  0  81  81  0  0  81  0  81  81  0  81  81  0  0  0  81  0  0  81  0  0  81  0  81  0  0  81  0  0  0  81  0  0  0  0  0  81  0  81  0  0  0  0  0  81  0  81  

81  0  0  81  0  0  0  81  0  81  81  0  81  0  81  0  0  0  81  0  81  0  0  0  0  0  0  0  0  81  0  81  0  81  0  0  81  81  81  0  81  0  0  0  81  0  0  0  0  0  0  81  0  81  0  81  0  0  0  0  0  81  81  0  81  81  0  0  0  0  0  81  0  0  0  81  0  0  0  0  

0  0  0  81  81  0  81  0  81  81  0  0  81  0  0  81  81  0  0  81  0  0  0  0  0  0  0  0  81  81  81  81  81  81  0  0  0  0  0  0  0  0  0  0  0  0  81  0  0  0  81  0  0  0  0  81  81  0  0  81  0  0  0  0  81  81  81  0  0  0  81  81  81  0  0  0  0  81  0  81  

0  81  0  0  0  0  0  81  0  0  81  0  81  0  81  0  0  81  0  0  0  0  0  0  0  0  81  0  81  81  0  0  0  0  0  81  0  81  0  0  81  0  81  0  81  0  81  0  81  81  0  0  0  81  0  0  0  0  81  81  81  0  0  0  0  81  81  0  0  0  0  81  81  0  81  0  0  0  0  81  

0  0  0  81  0  81  0  0  81  0  0  0  0  0  0  0  81  81  0  81  0  81  0  0  0  81  0  0  0  0  81  0  0  0  0  0  0  0  0  81  0  0  81  0  81  0  0  81  0  0  81  0  81  0  0  81  0  81  0  0  0  0  0  0  0  0  0  81  0  0  0  0  81  0  81  0  0  0  0  81  

0  0  81  81  0  0  0  81  0  0  0  0  0  0  0  0  0  0  0  81  0  81  0  0  0  0  0  0  0  0  0  81  0  0  0  0  0  0  81  0  0  0  0  0  81  0  81  0  0  81  81  0  0  0  0  81  81  0  0  81  0  81  0  0  0  0  0  0  81  81  0  0  0  0  0  0  0  81  0  81  

0  0  0  0  81  0  0  0  0  81  0  81  0  0  0  0  0  0  81  0  81  0  0  81  0  81  0  0  0  81  0  0  0  0  0  81  0  81  0  81  81  0  0  0  81  81  81  81  0  0  0  81  0  0  0  0  0  81  0  0  0  0  81  81  0  0  0  0  81  81  0  0  0  0  0  0  0  0  81  81  

81  0  0  0  0  0  0  0  81  0  0  81  81  0  81  0  0  0  0  81  81  0  0  0  0  0  0  0  81  81  0  0  0  0  81  81  0  0  0  0  81  0  81  0  81  0  81  81  0  0  81  0  0  81  0  81  81  0  81  0  0  81  0  0  0  81  0  0  0  0  81  81  81  81  0  0  0  0  0  81  

0  81  81  81  0  81  81  0  0  0  0  0  81  0  0  0  0  0  81  0  0  0  0  0  0  81  0  0  0  81  0  81  0  0  0  0  81  0  0  81  0  0  0  0  81  0  0  0  0  81  81  0  81  0  0  0  0  0  0  0  81  81  0  81  81  81  81  0  0  0  81  81  0  0  81  81  81  0  0  0  

0  81  0  81  0  81  81  0  0  0  0  0  0  0  0  0  81  0  0  0  0  81  0  0  0  0  0  0  81  0  0  0  0  0  0  81  0  0  0  0  0  0  0  0  0  81  0  0  0  0  81  81  81  0  0  0  81  0  0  0  81  81  81  0  0  81  81  81  0  0  81  0  81  0  0  81  81  81  81  81  

0  0  0  0  0  81  0  0  81  81  0  0  0  81  0  0  0  81  0  81  0  0  0  0  0  0  0  0  0  81  0  81  0  0  0  0  0  81  81  0  0  0  0  0  0  0  0  0  0  81  81  81  81  0  0  0  0  0  0  81  81  0  81  0  0  0  0  0  0  0  81  0  0  81  0  81  81  81  0  0  

0  0  81  81  81  0  0  81  0  0  0  0  0  0  0  81  81  0  0  81  81  81  0  0  81  0  0  0  81  0  81  0  81  81  0  0  0  81  81  0  0  0  0  0  81  81  0  81  0  81  0  0  81  0  81  0  0  0  81  0  81  0  0  0  0  0  81  81  0  0  0  81  0  0  81  0  0  0  0  81  

0  0  81  81  81  0  0  0  81  0  81  0  0  0  0  0  81  0  0  81  0  0  0  81  0  0  0  0  81  0  0  0  0  0  0  0  0  81  0  0  0  81  0  81  0  81  0  81  0  0  81  0  0  0  81  81  0  0  81  0  0  81  0  0  81  0  0  0  0  0  0  81  81  81  0  81  81  0  0  0  

0  0  0  0  0  0  81  81  0  81  81  0  0  0  0  0  0  81  0  81  0  0  0  0  0  0  0  0  0  0  0  81  0  0  0  0  81  0  81  0  0  0  0  0  0  0  0  0  0  81  0  81  0  0  0  0  0  81  0  0  0  0  81  0  0  0  0  0  0  0  0  81  81  81  0  81  81  0  0  81  

0  0  0  81  0  81  0  0  0  0  0  81  81  0  81  0  0  81  0  81  0  0  0  0  0  0  0  81  0  81  0  0  0  81  0  0  0  0  0  0  81  0  0  0  81  0  0  0  0  81  81  0  0  0  81  81  81  81  81  81  0  0  0  81  0  81  0  0  81  0  0  0  81  81  0  0  0  81  0  0  

0  81  81  0  0  0  0  0  81  81  0  81  0  0  81  0  0  0  0  81  0  81  0  81  81  0  0  81  0  0  81  0  81  0  81  0  81  0  0  81  0  81  0  0  81  0  81  0  0  0  0  0  81  81  0  81  0  81  0  0  0  0  0  0  0  0  0  0  0  81  0  0  81  0  0  0  0  0  81  0  

0  0  0  0  81  0  0  81  0  0  0  0  81  81  0  81  81  0  0  0  0  0  0  81  0  81  81  0  81  81  0  81  81  0  0  0  81  0  81  81  81  0  0  0  0  81  0  0  0  0  0  81  0  0  81  0  0  0  0  0  0  0  81  81  0  81  81  81  81  81  81  0  81  0  81  0  81  0  0  81  

UnPairedArc=
1 2 
1 5 
1 7 
1 20 
1 23 
1 28 
1 33 
1 39 
1 40 
1 46 
1 51 
1 55 
1 56 
1 62 
1 64 
1 65 
1 71 
2 4 
2 15 
2 19 
2 23 
2 27 
2 28 
2 30 
2 39 
2 50 
2 52 
2 59 
2 62 
2 64 
2 67 
2 72 
2 73 
2 79 
3 6 
3 18 
3 34 
3 35 
3 37 
3 41 
3 43 
3 44 
3 45 
3 50 
3 52 
3 53 
3 54 
3 60 
3 69 
3 72 
3 75 
3 76 
3 79 
4 11 
4 12 
4 16 
4 17 
4 18 
4 21 
4 24 
4 27 
4 30 
4 36 
4 49 
4 51 
4 53 
4 58 
4 61 
4 63 
4 65 
4 66 
4 68 
4 69 
4 72 
4 73 
4 75 
4 76 
4 78 
5 7 
5 11 
5 12 
5 14 
5 17 
5 20 
5 21 
5 22 
5 24 
5 28 
5 29 
5 35 
5 36 
5 37 
5 38 
5 40 
5 41 
5 46 
5 48 
5 49 
5 50 
5 55 
5 60 
5 61 
5 66 
5 70 
5 75 
5 76 
5 80 
6 12 
6 13 
6 17 
6 19 
6 24 
6 26 
6 28 
6 31 
6 33 
6 36 
6 42 
6 45 
6 46 
6 47 
6 48 
6 49 
6 52 
6 53 
6 57 
6 59 
6 62 
6 68 
6 72 
6 73 
6 74 
6 78 
7 11 
7 14 
7 16 
7 17 
7 19 
7 20 
7 21 
7 31 
7 32 
7 33 
7 34 
7 38 
7 45 
7 48 
7 56 
7 57 
7 61 
7 66 
7 72 
7 73 
7 77 
8 12 
8 14 
8 17 
8 21 
8 22 
8 24 
8 26 
8 36 
8 50 
8 54 
8 58 
8 65 
8 67 
8 69 
8 75 
8 77 
8 80 
9 14 
9 17 
9 22 
9 23 
9 26 
9 27 
9 29 
9 37 
9 43 
9 48 
9 52 
9 54 
9 56 
9 60 
9 66 
9 68 
9 71 
9 74 
9 76 
9 79 
10 14 
10 17 
10 20 
10 21 
10 24 
10 27 
10 28 
10 37 
10 39 
10 41 
10 44 
10 45 
10 48 
10 49 
10 59 
10 64 
10 65 
10 66 
10 70 
10 74 
10 77 
10 79 
11 15 
11 16 
11 18 
11 21 
11 23 
11 24 
11 29 
11 32 
11 34 
11 35 
11 39 
11 43 
11 44 
11 47 
11 51 
11 54 
11 61 
11 62 
11 64 
11 65 
11 67 
11 76 
11 77 
12 16 
12 22 
12 23 
12 25 
12 27 
12 28 
12 29 
12 31 
12 33 
12 34 
12 36 
12 39 
12 49 
12 50 
12 51 
12 53 
12 70 
12 71 
12 78 
12 79 
13 15 
13 17 
13 18 
13 26 
13 33 
13 35 
13 43 
13 51 
13 57 
13 65 
13 66 
13 67 
13 71 
13 72 
13 78 
13 80 
14 18 
14 21 
14 23 
14 25 
14 26 
14 27 
14 28 
14 30 
14 37 
14 40 
14 47 
14 52 
14 54 
14 57 
14 74 
14 80 
15 18 
15 20 
15 26 
15 31 
15 33 
15 43 
15 50 
15 51 
15 52 
15 56 
15 58 
15 61 
15 62 
15 65 
15 67 
15 71 
15 78 
15 79 
16 25 
16 27 
16 29 
16 32 
16 33 
16 34 
16 37 
16 39 
16 40 
16 43 
16 48 
16 49 
16 53 
16 59 
16 60 
16 64 
16 66 
16 75 
16 80 
17 20 
17 22 
17 27 
17 29 
17 30 
17 32 
17 38 
17 43 
17 48 
17 53 
17 55 
17 58 
17 62 
17 64 
17 66 
17 68 
17 73 
17 75 
17 76 
17 80 
18 31 
18 36 
18 37 
18 39 
18 46 
18 55 
18 56 
18 61 
18 62 
18 63 
18 67 
18 68 
18 74 
18 77 
18 78 
19 25 
19 27 
19 29 
19 32 
19 33 
19 41 
19 43 
19 48 
19 50 
19 52 
19 54 
19 55 
19 59 
19 62 
19 63 
19 65 
19 70 
19 72 
20 21 
20 29 
20 31 
20 35 
20 37 
20 42 
20 45 
20 55 
20 56 
20 57 
20 58 
20 62 
20 63 
20 66 
20 68 
20 69 
20 71 
20 74 
20 75 
20 76 
20 77 
20 78 
20 79 
21 24 
21 25 
21 27 
21 28 
21 29 
21 35 
21 37 
21 39 
21 52 
21 54 
21 56 
21 60 
21 62 
21 65 
21 70 
21 71 
21 75 
22 23 
22 24 
22 27 
22 31 
22 33 
22 40 
22 44 
22 48 
22 53 
22 54 
22 55 
22 59 
22 64 
22 68 
22 69 
22 73 
22 75 
22 79 
23 25 
23 31 
23 38 
23 42 
23 44 
23 54 
23 55 
23 62 
23 63 
23 64 
24 25 
24 32 
24 33 
24 43 
24 51 
24 52 
24 58 
24 70 
24 76 
24 79 
24 80 
25 26 
25 27 
25 34 
25 37 
25 39 
25 50 
25 55 
25 75 
25 79 
26 29 
26 30 
26 32 
26 33 
26 37 
26 38 
26 57 
26 62 
26 63 
26 68 
26 70 
26 72 
26 80 
27 30 
27 33 
27 35 
27 38 
27 39 
27 42 
27 44 
27 46 
27 47 
27 48 
27 49 
27 50 
27 58 
27 67 
27 80 
28 33 
28 36 
28 43 
28 46 
28 47 
28 61 
28 62 
28 78 
28 79 
29 30 
29 36 
29 37 
29 41 
29 44 
29 48 
29 51 
29 55 
29 60 
29 62 
29 63 
29 64 
29 66 
29 67 
29 71 
29 73 
29 75 
29 76 
29 80 
30 45 
30 47 
30 48 
30 49 
30 51 
30 53 
30 56 
30 57 
30 58 
30 62 
30 64 
30 65 
30 66 
30 67 
30 70 
30 71 
30 72 
30 74 
30 78 
30 80 
31 32 
31 33 
31 35 
31 36 
31 38 
31 40 
31 43 
31 50 
31 51 
31 53 
31 57 
31 63 
31 66 
31 68 
31 75 
31 79 
32 33 
32 34 
32 38 
32 39 
32 40 
32 43 
32 46 
32 48 
32 50 
32 57 
32 58 
32 60 
32 65 
32 66 
32 69 
32 72 
32 74 
32 77 
32 80 
33 34 
33 44 
33 51 
33 54 
33 58 
33 59 
33 62 
33 63 
33 66 
33 75 
33 79 
33 80 
34 36 
34 39 
34 40 
34 43 
34 44 
34 45 
34 46 
34 49 
34 50 
34 53 
34 57 
34 59 
34 65 
34 66 
34 75 
34 78 
35 36 
35 41 
35 43 
35 47 
35 49 
35 51 
35 53 
35 62 
35 64 
35 71 
35 79 
36 37 
36 38 
36 41 
36 42 
36 45 
36 49 
36 50 
36 52 
36 55 
36 60 
36 64 
36 67 
36 70 
36 71 
36 73 
37 44 
37 45 
37 54 
37 56 
37 57 
37 59 
37 60 
37 63 
37 65 
37 72 
37 77 
37 79 
37 80 
38 41 
38 47 
38 49 
38 50 
38 53 
38 54 
38 56 
38 65 
38 67 
38 70 
38 74 
38 75 
38 76 
39 40 
39 41 
39 43 
39 44 
39 55 
39 57 
39 59 
39 61 
39 63 
39 64 
39 65 
39 69 
39 74 
39 75 
39 77 
39 80 
40 44 
40 46 
40 47 
40 51 
40 56 
40 62 
40 63 
40 68 
40 70 
40 72 
40 79 
40 80 
41 44 
41 48 
41 52 
41 56 
41 62 
41 64 
41 65 
41 67 
41 70 
41 71 
41 78 
41 80 
42 44 
42 51 
42 52 
42 53 
42 54 
42 56 
42 61 
42 62 
42 64 
42 76 
42 79 
43 46 
43 47 
43 49 
43 53 
43 59 
43 61 
43 67 
43 68 
43 71 
44 45 
44 47 
44 51 
44 52 
44 53 
44 57 
44 58 
44 61 
44 63 
44 64 
44 76 
45 50 
45 52 
45 53 
45 61 
45 64 
45 65 
45 67 
45 68 
45 69 
45 70 
45 71 
45 72 
45 75 
45 78 
45 79 
46 54 
46 56 
46 58 
46 62 
46 70 
46 73 
46 75 
46 76 
46 80 
47 58 
47 61 
47 62 
47 66 
47 67 
47 69 
47 70 
47 71 
47 79 
48 55 
48 58 
48 68 
48 70 
48 71 
48 75 
48 76 
49 56 
49 59 
49 64 
49 67 
50 54 
50 55 
50 58 
50 67 
50 69 
50 72 
50 74 
50 75 
50 77 
50 78 
51 54 
51 56 
51 63 
51 66 
51 68 
51 69 
51 71 
51 72 
51 73 
51 74 
51 76 
51 78 
52 54 
52 55 
52 57 
52 58 
52 62 
52 63 
52 64 
52 65 
52 70 
52 73 
52 74 
52 77 
52 80 
53 63 
53 68 
53 72 
53 73 
53 74 
53 75 
53 79 
54 56 
54 57 
54 61 
54 63 
54 65 
54 67 
54 71 
54 79 
55 57 
55 62 
55 64 
55 75 
55 76 
55 78 
55 80 
56 57 
56 61 
56 65 
56 66 
56 68 
56 69 
56 71 
56 76 
56 78 
56 79 
57 64 
57 66 
57 69 
57 71 
57 73 
57 78 
58 63 
58 68 
58 70 
58 77 
58 78 
58 79 
59 60 
59 67 
59 71 
59 75 
59 76 
59 78 
60 63 
60 64 
60 66 
60 67 
60 69 
60 74 
60 78 
61 63 
61 67 
61 72 
61 73 
61 74 
61 75 
62 65 
62 69 
62 71 
62 72 
62 73 
62 76 
63 65 
63 70 
63 73 
63 74 
63 77 
63 80 
64 70 
64 72 
64 78 
64 80 
65 66 
65 72 
65 76 
66 67 
66 71 
66 72 
66 73 
66 78 
66 80 
67 72 
67 73 
67 75 
67 80 
68 73 
68 75 
68 80 
69 70 
69 78 
69 80 
70 79 
70 80 
71 72 
71 73 
71 74 
71 80 
72 75 
72 76 
72 77 
73 76 
73 77 
73 78 
73 79 
73 80 
74 76 
74 77 
74 78 
75 80 
76 77 
77 80 
