nNodes=40;
 nPairs=371;
Cost=

41  0  41  0  0  41  41  41  0  41  0  41  41  41  0  0  0  41  41  0  0  0  0  0  41  41  0  41  41  41  0  0  41  0  0  41  41  41  0  0  

0  41  0  41  41  0  0  41  0  0  41  0  0  41  0  0  0  41  41  41  41  41  0  41  41  41  41  41  0  0  41  0  0  0  41  0  0  0  0  0  

41  0  41  0  0  0  0  41  0  41  0  41  41  0  41  0  41  41  41  0  0  0  41  41  41  41  0  41  41  0  0  41  41  0  0  0  41  0  0  0  

0  41  0  41  0  0  0  0  0  41  0  0  41  0  0  41  41  41  41  41  0  41  0  0  41  41  41  0  41  41  0  0  41  41  0  0  0  0  0  41  

0  41  0  0  41  0  41  0  41  0  41  0  0  41  41  41  0  41  41  0  0  41  41  41  41  41  41  0  0  0  41  41  0  41  0  0  0  0  0  41  

41  0  0  0  0  41  0  41  0  0  41  0  0  0  0  41  0  41  0  0  41  0  0  0  0  41  0  0  0  0  41  0  41  41  0  41  41  0  0  41  

41  0  0  0  41  0  41  0  0  0  0  41  41  0  41  0  41  0  0  0  0  0  0  0  0  0  0  41  0  0  41  0  41  0  0  41  41  41  0  41  

41  41  41  0  0  41  0  41  0  41  0  0  41  0  0  41  0  0  0  41  0  41  41  41  0  0  0  41  41  0  41  41  41  41  41  41  0  0  41  0  

0  0  0  0  41  0  0  0  41  0  41  41  0  41  41  41  0  41  0  41  0  0  41  0  0  0  41  0  41  41  41  0  0  41  0  41  0  0  41  0  

41  0  41  41  0  0  0  41  0  41  41  0  0  41  41  41  41  41  41  41  0  0  41  0  41  41  41  41  41  0  41  41  0  41  0  41  41  41  0  0  

0  41  0  0  41  41  0  0  41  41  41  41  41  0  41  0  41  0  41  41  41  41  41  41  0  0  0  41  41  0  41  0  0  41  41  41  0  41  41  41  

41  0  41  0  0  0  41  0  41  0  41  41  41  0  0  0  41  0  0  41  0  0  0  41  0  0  41  0  41  0  41  0  41  0  41  41  0  0  41  41  

41  0  41  41  0  0  41  41  0  0  41  41  41  41  0  41  0  41  41  41  0  41  0  0  41  0  41  0  0  41  41  41  41  41  41  41  41  41  0  0  

41  41  0  0  41  0  0  0  41  41  0  0  41  41  41  0  41  41  41  41  41  0  41  0  41  41  0  0  0  0  41  41  41  41  41  41  0  41  0  41  

0  0  41  0  41  0  41  0  41  41  41  0  0  41  41  41  0  0  41  41  41  0  0  41  41  41  0  41  0  41  0  41  41  41  0  0  0  41  41  0  

0  0  0  41  41  41  0  41  41  41  0  0  41  0  41  41  41  0  0  41  41  0  41  0  0  0  41  0  0  0  0  41  41  41  0  0  41  41  0  41  

0  0  41  41  0  0  41  0  0  41  41  41  0  41  0  41  41  0  41  41  0  41  41  41  0  0  41  0  0  0  0  0  0  0  0  0  0  0  0  41  

41  41  41  41  41  41  0  0  41  41  0  0  41  41  0  0  0  41  41  0  0  41  0  41  41  0  0  41  41  41  0  0  0  41  41  0  0  41  41  0  

41  41  41  41  41  0  0  0  0  41  41  0  41  41  41  0  41  41  41  41  0  41  41  41  41  41  41  0  0  0  0  41  41  0  0  0  41  41  41  41  

0  41  0  41  0  0  0  41  41  41  41  41  41  41  41  41  41  0  41  41  41  0  41  0  0  0  0  41  0  0  41  0  0  41  41  0  41  0  0  0  

0  41  0  0  0  41  0  0  0  0  41  0  0  41  41  41  0  0  0  41  41  0  0  0  41  0  0  0  41  0  41  0  41  41  41  41  41  0  0  0  

0  41  0  41  41  0  0  41  0  0  41  0  41  0  0  0  41  41  41  0  0  41  0  0  41  0  41  41  41  0  0  0  0  41  0  0  0  0  0  0  

0  0  41  0  41  0  0  41  41  41  41  0  0  41  0  41  41  0  41  41  0  0  41  41  41  0  0  0  0  0  0  0  41  41  41  0  0  41  0  41  

0  41  41  0  41  0  0  41  0  0  41  41  0  0  41  0  41  41  41  0  0  0  41  41  41  41  41  41  0  0  41  0  41  41  41  0  41  41  0  0  

41  41  41  41  41  0  0  0  0  41  0  0  41  41  41  0  0  41  41  0  41  41  41  41  41  0  0  41  41  41  0  41  0  0  41  0  41  41  0  0  

41  41  41  41  41  41  0  0  0  41  0  0  0  41  41  0  0  0  41  0  0  0  0  41  0  41  41  0  0  41  0  0  41  0  41  41  41  41  41  0  

0  41  0  41  41  0  0  0  41  41  0  41  41  0  0  41  41  0  41  0  0  41  0  41  0  41  41  41  0  41  41  0  41  41  0  0  41  41  41  0  

41  41  41  0  0  0  41  41  0  41  41  0  0  0  41  0  0  41  0  41  0  41  0  41  41  0  41  41  41  0  41  41  0  0  41  0  0  0  0  0  

41  0  41  41  0  0  0  41  41  41  41  41  0  0  0  0  0  41  0  0  41  41  0  0  41  0  0  41  41  41  0  0  0  0  41  41  0  41  0  0  

41  0  0  41  0  0  0  0  41  0  0  0  41  0  41  0  0  41  0  0  0  0  0  0  41  41  41  0  41  41  0  0  41  0  0  0  0  41  41  41  

0  41  0  0  41  41  41  41  41  41  41  41  41  41  0  0  0  0  0  41  41  0  0  41  0  0  41  41  0  0  41  41  0  41  0  0  41  0  0  0  

0  0  41  0  41  0  0  41  0  41  0  0  41  41  41  41  0  0  41  0  0  0  0  0  41  0  0  41  0  0  41  41  0  0  0  0  41  0  0  41  

41  0  41  41  0  41  41  41  0  0  0  41  41  41  41  41  0  0  41  0  41  0  41  41  0  41  41  0  0  41  0  0  41  41  41  0  41  0  41  0  

0  0  0  41  41  41  0  41  41  41  41  0  41  41  41  41  0  41  0  41  41  41  41  41  0  0  41  0  0  0  41  0  41  41  41  0  0  0  0  41  

0  41  0  0  0  0  0  41  0  0  41  41  41  41  0  0  0  41  0  41  41  0  41  41  41  41  0  41  41  0  0  0  41  41  41  0  41  41  41  41  

41  0  0  0  0  41  41  41  41  41  41  41  41  41  0  0  0  0  0  0  41  0  0  0  0  41  0  0  41  0  0  0  0  0  0  41  0  41  0  0  

41  0  41  0  0  41  41  0  0  41  0  0  41  0  0  41  0  0  41  41  41  0  0  41  41  41  41  0  0  0  41  41  41  0  41  0  41  0  0  41  

41  0  0  0  0  0  41  0  0  41  41  0  41  41  41  41  0  41  41  0  0  0  41  41  41  41  41  0  41  41  0  0  0  0  41  41  0  41  0  0  

0  0  0  0  0  0  0  41  41  0  41  41  0  0  41  0  0  41  41  0  0  0  0  0  0  41  41  0  0  41  0  0  41  0  41  0  0  0  41  0  

0  0  0  41  41  41  41  0  0  0  41  41  0  41  0  41  41  0  41  0  0  0  41  0  0  0  0  0  0  41  0  41  0  41  41  0  41  0  0  41  

UnPairedArc=
1 3 
1 6 
1 7 
1 8 
1 10 
1 12 
1 13 
1 14 
1 18 
1 19 
1 25 
1 26 
1 28 
1 29 
1 30 
1 33 
1 36 
1 37 
1 38 
2 4 
2 5 
2 8 
2 11 
2 14 
2 18 
2 19 
2 20 
2 21 
2 22 
2 24 
2 25 
2 26 
2 27 
2 28 
2 31 
2 35 
3 8 
3 10 
3 12 
3 13 
3 15 
3 17 
3 18 
3 19 
3 23 
3 24 
3 25 
3 26 
3 28 
3 29 
3 32 
3 33 
3 37 
4 10 
4 13 
4 16 
4 17 
4 18 
4 19 
4 20 
4 22 
4 25 
4 26 
4 27 
4 29 
4 30 
4 33 
4 34 
4 40 
5 7 
5 9 
5 11 
5 14 
5 15 
5 16 
5 18 
5 19 
5 22 
5 23 
5 24 
5 25 
5 26 
5 27 
5 31 
5 32 
5 34 
5 40 
6 8 
6 11 
6 16 
6 18 
6 21 
6 26 
6 31 
6 33 
6 34 
6 36 
6 37 
6 40 
7 12 
7 13 
7 15 
7 17 
7 28 
7 31 
7 33 
7 36 
7 37 
7 38 
7 40 
8 10 
8 13 
8 16 
8 20 
8 22 
8 23 
8 24 
8 28 
8 29 
8 31 
8 32 
8 33 
8 34 
8 35 
8 36 
8 39 
9 11 
9 12 
9 14 
9 15 
9 16 
9 18 
9 20 
9 23 
9 27 
9 29 
9 30 
9 31 
9 34 
9 36 
9 39 
10 11 
10 14 
10 15 
10 16 
10 17 
10 18 
10 19 
10 20 
10 23 
10 25 
10 26 
10 27 
10 28 
10 29 
10 31 
10 32 
10 34 
10 36 
10 37 
10 38 
11 12 
11 13 
11 15 
11 17 
11 19 
11 20 
11 21 
11 22 
11 23 
11 24 
11 28 
11 29 
11 31 
11 34 
11 35 
11 36 
11 38 
11 39 
11 40 
12 13 
12 17 
12 20 
12 24 
12 27 
12 29 
12 31 
12 33 
12 35 
12 36 
12 39 
12 40 
13 14 
13 16 
13 18 
13 19 
13 20 
13 22 
13 25 
13 27 
13 30 
13 31 
13 32 
13 33 
13 34 
13 35 
13 36 
13 37 
13 38 
14 15 
14 17 
14 18 
14 19 
14 20 
14 21 
14 23 
14 25 
14 26 
14 31 
14 32 
14 33 
14 34 
14 35 
14 36 
14 38 
14 40 
15 16 
15 19 
15 20 
15 21 
15 24 
15 25 
15 26 
15 28 
15 30 
15 32 
15 33 
15 34 
15 38 
15 39 
16 17 
16 20 
16 21 
16 23 
16 27 
16 32 
16 33 
16 34 
16 37 
16 38 
16 40 
17 19 
17 20 
17 22 
17 23 
17 24 
17 27 
17 40 
18 19 
18 22 
18 24 
18 25 
18 28 
18 29 
18 30 
18 34 
18 35 
18 38 
18 39 
19 20 
19 22 
19 23 
19 24 
19 25 
19 26 
19 27 
19 32 
19 33 
19 37 
19 38 
19 39 
19 40 
20 21 
20 23 
20 28 
20 31 
20 34 
20 35 
20 37 
21 25 
21 29 
21 31 
21 33 
21 34 
21 35 
21 36 
21 37 
22 25 
22 27 
22 28 
22 29 
22 34 
23 24 
23 25 
23 33 
23 34 
23 35 
23 38 
23 40 
24 25 
24 26 
24 27 
24 28 
24 31 
24 33 
24 34 
24 35 
24 37 
24 38 
25 28 
25 29 
25 30 
25 32 
25 35 
25 37 
25 38 
26 27 
26 30 
26 33 
26 35 
26 36 
26 37 
26 38 
26 39 
27 28 
27 30 
27 31 
27 33 
27 34 
27 37 
27 38 
27 39 
28 29 
28 31 
28 32 
28 35 
29 30 
29 35 
29 36 
29 38 
30 33 
30 38 
30 39 
30 40 
31 32 
31 34 
31 37 
32 37 
32 40 
33 34 
33 35 
33 37 
33 39 
34 35 
34 40 
35 37 
35 38 
35 39 
35 40 
36 38 
37 40 
