nNodes=60;
 nPairs=1027;
Cost=

61  61  61  0  0  61  61  0  0  61  61  0  61  61  0  0  0  0  61  0  61  0  61  0  61  61  61  0  0  61  61  61  61  61  61  61  61  61  0  61  61  0  61  61  61  61  0  0  0  61  0  0  61  0  61  0  61  61  61  61  

61  61  0  0  0  0  61  61  0  0  61  0  0  61  0  0  61  0  61  61  0  0  61  0  0  61  0  61  0  61  61  61  0  61  0  0  0  61  61  61  0  61  61  61  61  0  61  0  61  61  0  0  61  61  0  0  0  61  0  0  

61  0  61  0  61  61  61  61  61  0  0  0  61  61  61  61  61  61  61  61  0  0  61  61  61  0  0  0  0  0  61  61  61  61  61  0  0  61  61  61  0  0  0  61  61  61  61  61  0  61  61  61  61  0  61  0  0  0  0  61  

0  0  0  61  61  61  61  0  61  0  61  0  61  0  0  61  61  61  61  61  61  0  0  61  0  0  0  61  61  0  61  61  61  61  61  61  0  0  61  61  61  61  61  61  61  0  61  61  61  0  61  61  61  61  61  0  61  61  61  0  

0  0  61  61  61  61  0  61  61  0  61  0  61  0  61  0  61  0  0  61  61  61  0  0  61  61  0  61  61  61  61  0  61  0  0  61  0  61  0  61  61  0  0  61  0  61  0  0  61  0  0  0  0  61  61  0  61  61  61  61  

61  0  61  61  61  61  0  0  0  61  61  61  0  61  61  0  61  61  61  0  61  61  0  0  61  61  61  0  0  61  61  0  61  61  61  0  0  0  0  61  61  61  0  61  61  61  0  61  0  61  61  0  61  61  61  61  61  61  0  61  

61  61  61  61  0  0  61  61  0  0  61  0  0  61  0  0  61  61  0  0  61  61  61  61  61  61  0  61  61  61  0  61  0  61  0  61  0  0  61  61  0  61  0  0  0  0  61  0  61  61  61  61  61  0  61  61  61  0  0  61  

0  61  61  0  61  0  61  61  0  0  61  61  61  61  61  0  61  61  61  0  61  61  0  0  0  61  61  61  0  61  61  61  0  0  61  61  0  61  0  61  61  61  61  0  0  61  61  61  61  0  61  61  61  61  0  61  61  61  61  0  

0  0  61  61  61  0  0  0  61  61  61  0  61  61  61  0  61  61  61  61  61  61  61  61  61  61  61  61  61  61  61  61  61  61  0  0  61  61  61  0  0  61  61  61  0  61  61  0  61  0  61  0  61  61  0  0  61  61  61  61  

61  0  0  0  0  61  0  0  61  61  0  61  61  0  0  0  61  0  61  0  61  61  0  0  61  0  61  61  0  61  61  0  0  0  0  61  61  61  61  61  61  0  0  61  61  61  0  0  61  61  61  0  61  61  61  0  61  0  61  61  

61  61  0  61  61  61  61  61  61  0  61  61  61  0  61  61  0  61  61  61  0  61  61  0  0  61  61  61  0  0  0  61  61  61  61  0  61  61  0  61  61  61  61  61  0  0  61  61  0  0  0  0  61  61  0  61  0  61  0  0  

0  0  0  0  0  61  0  61  0  61  61  61  61  61  61  0  61  61  0  61  61  61  0  0  61  61  61  61  0  61  61  0  61  0  61  0  0  61  0  0  0  61  0  0  61  0  61  61  0  61  0  61  61  0  61  0  0  0  61  61  

61  0  61  61  61  0  0  61  61  61  61  61  61  61  61  61  0  0  61  0  61  0  61  61  61  0  0  61  0  61  61  61  61  61  61  0  61  61  0  0  61  0  0  0  0  0  61  0  61  61  0  0  0  61  0  0  61  0  61  0  

61  61  61  0  0  61  61  61  61  0  0  61  61  61  0  0  61  0  61  0  0  61  0  0  61  61  61  61  0  61  61  61  61  61  61  61  61  61  0  61  0  61  0  61  61  61  0  0  0  61  0  61  61  61  0  0  0  0  0  61  

0  0  61  0  61  61  0  61  61  0  61  61  61  0  61  61  0  61  0  0  61  61  61  61  0  0  61  61  61  0  61  0  61  61  61  61  0  0  61  0  61  61  0  0  0  61  0  0  0  0  61  0  0  0  0  61  0  61  0  61  

0  0  61  61  0  0  0  0  0  0  61  0  61  0  61  61  0  61  0  0  0  0  61  61  61  61  0  61  0  0  0  61  61  0  61  61  61  0  0  61  61  0  0  61  0  0  61  61  61  0  61  61  61  61  61  0  0  61  61  61  

0  61  61  61  61  61  61  61  61  61  0  61  0  61  0  0  61  0  61  0  0  61  0  0  0  0  61  61  61  0  0  0  61  0  61  61  61  61  61  0  0  61  61  61  61  0  61  0  61  61  0  61  0  61  61  61  61  61  0  61  

0  0  61  61  0  61  61  61  61  0  61  61  0  0  61  61  0  61  0  61  0  61  61  61  61  0  61  61  61  61  0  0  0  0  61  0  0  0  61  61  61  61  0  61  61  61  0  0  61  61  61  0  61  0  61  0  61  0  61  0  

61  61  61  61  0  61  0  61  61  61  61  0  61  61  0  0  61  0  61  61  0  61  0  61  0  61  0  0  0  0  61  61  0  61  61  61  0  61  61  0  61  61  61  0  0  61  61  0  61  61  0  0  61  61  61  61  0  0  61  0  

0  61  61  61  61  0  0  0  61  0  61  61  0  0  0  0  0  61  61  61  61  61  61  61  0  61  0  0  61  61  61  61  61  61  61  61  61  0  61  61  61  61  61  61  0  0  0  0  0  61  61  0  61  61  0  61  61  61  0  0  

61  0  0  61  61  61  61  61  61  61  0  61  61  0  61  0  0  0  0  61  61  0  61  61  0  61  0  0  61  61  0  61  61  61  61  0  61  0  61  61  61  61  0  61  61  0  61  0  61  0  61  61  0  0  61  61  0  61  61  61  

0  0  0  0  61  61  61  61  61  61  61  61  0  61  61  0  61  61  61  61  0  61  61  61  61  0  0  0  61  0  0  0  61  0  61  0  0  61  0  61  0  0  0  61  0  61  0  61  61  0  61  61  61  61  61  61  0  0  61  0  

61  61  61  0  0  0  61  0  61  0  61  0  61  0  61  61  0  61  0  61  61  61  61  61  61  0  0  0  0  0  0  0  0  61  0  0  61  61  61  0  61  0  61  61  61  61  61  0  61  0  61  61  0  0  61  0  61  0  0  61  

0  0  61  61  0  0  61  0  61  0  0  0  61  0  61  61  0  61  61  61  61  61  61  61  61  0  0  0  61  61  61  0  61  61  0  61  61  61  0  0  61  0  61  0  61  61  61  0  61  61  61  61  0  61  61  61  0  61  0  0  

61  0  61  0  61  61  61  0  61  61  0  61  61  61  0  61  0  61  0  0  0  61  61  61  61  0  0  61  61  0  0  0  61  61  0  0  0  61  61  0  61  0  0  61  61  0  0  61  61  61  0  61  0  61  0  61  0  61  0  61  

61  61  0  0  61  61  61  61  61  0  61  61  0  61  0  61  0  0  61  61  61  0  0  0  0  61  61  61  61  61  61  61  61  61  61  61  61  61  61  61  0  0  0  0  61  61  61  0  0  0  61  0  0  61  0  61  0  61  61  61  

61  0  0  0  0  61  0  61  61  61  61  61  0  61  61  0  61  61  0  0  0  0  0  0  0  61  61  61  61  0  0  0  61  61  0  61  61  61  0  0  0  61  61  0  0  61  0  61  61  0  61  61  61  0  0  0  61  61  0  61  

0  61  0  61  61  0  61  61  61  61  61  61  61  61  61  61  61  61  0  0  0  0  0  0  61  61  61  61  61  0  61  61  0  61  0  61  61  61  61  61  61  61  61  0  0  0  61  61  61  0  0  0  61  61  61  61  0  0  61  61  

0  0  0  61  61  0  61  0  61  0  0  0  0  0  61  0  61  61  0  61  61  61  0  61  61  61  61  61  61  61  61  61  0  61  61  61  61  61  0  61  0  61  61  61  61  61  0  0  0  0  61  0  61  0  0  61  0  61  61  61  

61  61  0  0  61  61  61  61  61  61  0  61  61  61  0  0  0  61  0  61  61  0  0  61  0  61  0  0  61  61  0  61  0  0  61  61  61  61  0  0  61  0  61  61  0  61  0  0  0  0  61  61  0  61  0  61  0  0  61  61  

61  61  61  61  61  61  0  61  61  61  0  61  61  61  61  0  0  0  61  61  0  0  0  61  0  61  0  61  61  0  61  0  61  61  61  0  0  61  0  0  61  0  61  0  0  61  0  61  61  0  0  61  0  61  61  61  0  61  61  61  

61  61  61  61  0  0  61  61  61  0  61  0  61  61  0  61  0  0  61  61  61  0  0  0  0  61  0  61  61  61  0  61  0  61  61  61  61  61  61  61  61  0  61  0  61  61  61  0  61  0  0  61  0  0  0  61  0  61  61  0  

61  0  61  61  61  61  0  0  61  0  61  61  61  61  61  61  61  0  0  61  61  61  0  61  61  61  61  0  0  0  61  0  61  61  0  0  0  61  0  61  61  0  61  61  61  0  0  0  61  0  61  0  61  0  61  61  61  0  0  61  

61  61  61  61  0  61  61  0  61  0  61  0  61  61  61  0  0  0  61  61  61  0  61  61  61  61  61  61  61  0  61  61  61  61  61  61  0  61  0  0  61  61  61  0  61  61  0  61  61  0  0  0  61  61  61  61  61  61  61  0  

61  0  61  61  0  61  0  61  0  0  61  61  61  61  61  61  61  61  61  61  61  61  0  0  0  61  0  0  61  61  61  61  0  61  61  61  0  0  61  61  61  0  0  61  61  61  0  61  0  0  0  0  61  0  61  61  0  61  0  0  

61  0  0  61  61  0  61  61  0  61  0  0  0  61  61  61  61  0  61  61  0  0  0  61  0  61  61  61  61  61  0  61  0  61  61  61  61  0  61  0  0  61  61  61  61  61  61  61  61  61  0  0  61  61  61  0  0  0  61  61  

61  0  0  0  0  0  0  0  61  61  61  0  61  61  0  61  61  0  0  61  61  0  61  61  0  61  61  61  61  61  0  61  0  0  0  61  61  61  61  61  61  61  61  0  61  61  0  0  61  61  61  61  0  61  61  0  61  0  0  61  

61  61  61  0  61  0  0  61  61  61  61  61  61  61  0  0  61  0  61  0  0  61  61  61  61  61  61  61  61  61  61  61  61  61  0  0  61  61  61  0  0  61  61  0  61  61  0  61  61  0  0  0  61  61  61  0  0  61  61  0  

0  61  61  61  0  0  61  0  61  61  0  0  0  0  61  0  61  61  61  61  61  0  61  0  61  61  0  61  0  0  0  61  0  0  61  61  61  61  61  61  0  0  0  0  61  0  61  61  61  0  0  0  61  0  61  61  0  0  61  61  

61  61  61  61  61  61  61  61  0  61  61  0  0  61  0  61  0  61  0  61  61  61  0  0  0  61  0  61  61  0  0  61  61  0  61  0  61  0  61  61  0  61  0  61  61  0  0  61  61  61  61  61  0  0  61  0  61  61  0  61  

61  0  0  61  61  61  0  61  0  61  61  0  61  0  61  61  0  61  61  61  61  0  61  61  61  0  0  61  0  61  61  61  61  61  61  0  61  0  0  0  61  0  61  0  0  61  61  61  0  0  61  0  0  61  0  0  0  0  0  0  

0  61  0  61  0  61  61  61  61  0  61  61  0  61  61  0  61  61  61  61  61  0  0  0  0  0  61  61  61  0  0  0  0  61  0  61  61  61  0  61  0  61  61  61  61  61  61  0  0  0  61  0  0  0  0  61  0  61  0  0  

61  61  0  61  0  0  0  61  61  0  61  0  0  0  0  0  61  0  61  61  0  0  61  61  0  0  61  61  61  61  61  61  61  61  0  61  61  61  0  0  61  61  61  0  61  0  61  61  61  61  0  61  0  0  61  61  0  0  61  61  

61  61  61  61  61  61  0  0  61  61  61  0  0  61  0  61  61  61  0  61  61  61  61  0  61  0  0  0  61  61  0  0  61  0  61  61  0  0  0  61  0  61  0  61  0  0  61  61  0  0  0  0  0  0  0  0  0  0  61  0  

61  61  61  61  0  61  0  0  0  61  0  61  0  61  0  0  61  61  0  0  61  0  61  61  61  61  0  0  61  0  0  61  61  61  61  61  61  61  61  61  0  61  61  0  61  61  61  61  61  61  61  0  0  61  0  61  0  61  61  0  

61  0  61  0  61  61  0  61  61  61  0  0  0  61  61  0  0  61  61  0  0  61  61  61  0  61  61  0  61  61  61  61  0  61  61  61  61  61  0  0  61  61  0  0  61  61  61  61  61  61  61  0  61  0  61  0  61  61  0  0  

0  61  61  61  0  0  61  61  61  0  61  61  61  0  0  61  61  0  61  0  61  0  61  61  0  61  0  61  0  0  0  61  0  0  0  61  0  0  61  0  61  61  61  61  61  61  61  61  61  61  61  0  0  0  61  61  61  61  0  0  

0  0  61  61  0  61  0  61  0  0  61  61  0  0  0  61  0  0  0  0  0  61  0  0  61  0  61  61  0  0  61  0  0  61  61  61  0  61  61  61  61  0  61  61  61  61  61  61  61  0  0  0  61  0  61  0  61  0  61  61  

0  61  0  61  61  0  61  61  61  61  0  0  61  0  0  61  61  61  61  0  61  61  61  61  61  0  61  61  0  0  61  61  61  61  0  61  61  61  61  61  0  0  61  0  61  61  61  61  61  0  61  61  0  0  61  0  0  61  61  61  

61  61  61  0  0  61  61  0  0  61  0  61  61  61  0  0  61  61  61  61  0  0  0  61  61  0  0  0  0  0  0  0  0  0  0  61  61  0  0  61  0  0  61  0  61  61  61  0  0  61  61  61  61  61  0  61  0  61  61  61  

0  0  61  61  0  61  61  61  61  61  0  0  0  0  61  61  0  61  0  61  61  61  61  61  0  61  61  0  61  61  0  0  61  0  0  0  61  0  0  61  61  61  0  0  61  61  61  0  61  61  61  61  61  61  0  61  61  61  61  61  

0  0  61  61  0  0  61  61  0  0  0  61  0  61  0  61  61  0  0  0  61  61  61  61  61  0  61  0  0  61  61  61  0  0  0  0  61  0  0  61  0  0  61  0  0  0  0  0  61  61  61  61  0  61  61  61  61  0  61  61  

61  61  61  61  0  61  61  61  61  61  61  61  0  61  0  61  0  61  61  61  0  61  0  0  0  0  61  61  61  0  0  0  61  61  61  61  0  61  61  0  0  0  0  0  0  61  0  61  0  61  61  0  61  0  61  61  0  0  0  61  

0  61  0  61  61  61  0  61  61  61  61  0  61  61  0  61  61  0  61  61  0  61  0  61  61  61  0  61  0  61  61  0  0  61  0  61  61  61  0  0  61  0  0  0  61  0  0  0  0  61  61  61  0  61  61  0  0  0  0  0  

61  0  61  61  61  61  61  0  0  61  0  61  0  0  0  61  61  61  61  0  61  61  61  61  0  0  0  61  0  0  61  0  61  61  61  61  61  61  61  61  0  0  61  0  0  61  61  61  61  0  0  61  61  61  61  61  61  61  61  61  

0  0  0  0  0  61  61  61  0  0  61  0  0  0  61  0  61  0  61  61  61  61  0  61  61  61  0  61  61  61  61  61  61  61  61  0  0  0  61  0  0  61  61  0  61  0  61  0  0  61  61  61  61  0  61  61  0  61  0  0  

61  0  0  61  61  61  61  61  61  61  0  0  61  0  0  0  61  61  0  61  0  0  61  0  0  0  61  0  0  0  0  0  61  61  0  0  61  0  0  61  0  0  0  0  0  61  61  61  0  0  61  61  0  0  61  0  61  0  61  0  

61  61  0  61  61  61  0  61  61  0  61  0  0  0  61  61  61  0  0  61  61  0  0  61  61  61  61  0  61  0  61  61  0  61  61  0  0  61  0  61  0  61  0  0  61  61  61  0  61  61  61  0  0  0  61  61  0  61  0  61  

61  0  0  61  61  0  0  61  61  61  0  61  61  0  0  61  0  61  61  0  61  61  0  0  0  61  0  61  61  61  61  61  0  61  0  61  0  61  61  0  0  0  61  61  61  0  0  61  61  61  61  61  0  0  61  0  61  0  61  61  

61  0  61  0  61  61  61  0  61  61  0  61  0  61  61  61  61  0  0  0  61  0  61  0  61  61  61  61  61  61  61  0  61  0  0  61  61  0  61  61  0  0  61  0  0  0  0  61  61  61  61  61  61  0  61  0  0  61  61  61  

UnPairedArc=
1 2 
1 3 
1 6 
1 7 
1 10 
1 11 
1 13 
1 14 
1 19 
1 21 
1 23 
1 25 
1 26 
1 27 
1 30 
1 31 
1 32 
1 33 
1 34 
1 35 
1 36 
1 37 
1 38 
1 40 
1 41 
1 43 
1 44 
1 45 
1 46 
1 50 
1 53 
1 55 
1 57 
1 58 
1 59 
1 60 
2 7 
2 8 
2 11 
2 14 
2 17 
2 19 
2 20 
2 23 
2 26 
2 28 
2 30 
2 31 
2 32 
2 34 
2 38 
2 39 
2 40 
2 42 
2 43 
2 44 
2 45 
2 47 
2 49 
2 50 
2 53 
2 54 
2 58 
3 5 
3 6 
3 7 
3 8 
3 9 
3 13 
3 14 
3 15 
3 16 
3 17 
3 18 
3 19 
3 20 
3 23 
3 24 
3 25 
3 31 
3 32 
3 33 
3 34 
3 35 
3 38 
3 39 
3 40 
3 44 
3 45 
3 46 
3 47 
3 48 
3 50 
3 51 
3 52 
3 53 
3 55 
3 60 
4 5 
4 6 
4 7 
4 9 
4 11 
4 13 
4 16 
4 17 
4 18 
4 19 
4 20 
4 21 
4 24 
4 28 
4 29 
4 31 
4 32 
4 33 
4 34 
4 35 
4 36 
4 39 
4 40 
4 41 
4 42 
4 43 
4 44 
4 45 
4 47 
4 48 
4 49 
4 51 
4 52 
4 53 
4 54 
4 55 
4 57 
4 58 
4 59 
5 6 
5 8 
5 9 
5 11 
5 13 
5 15 
5 17 
5 20 
5 21 
5 22 
5 25 
5 26 
5 28 
5 29 
5 30 
5 31 
5 33 
5 36 
5 38 
5 40 
5 41 
5 44 
5 46 
5 49 
5 54 
5 55 
5 57 
5 58 
5 59 
5 60 
6 10 
6 11 
6 12 
6 14 
6 15 
6 17 
6 18 
6 19 
6 21 
6 22 
6 25 
6 26 
6 27 
6 30 
6 31 
6 33 
6 34 
6 35 
6 40 
6 41 
6 42 
6 44 
6 45 
6 46 
6 48 
6 50 
6 51 
6 53 
6 54 
6 55 
6 56 
6 57 
6 58 
6 60 
7 8 
7 11 
7 14 
7 17 
7 18 
7 21 
7 22 
7 23 
7 24 
7 25 
7 26 
7 28 
7 29 
7 30 
7 32 
7 34 
7 36 
7 39 
7 40 
7 42 
7 47 
7 49 
7 50 
7 51 
7 52 
7 53 
7 55 
7 56 
7 57 
7 60 
8 11 
8 12 
8 13 
8 14 
8 15 
8 17 
8 18 
8 19 
8 21 
8 22 
8 26 
8 27 
8 28 
8 30 
8 31 
8 32 
8 35 
8 36 
8 38 
8 40 
8 41 
8 42 
8 43 
8 46 
8 47 
8 48 
8 49 
8 51 
8 52 
8 53 
8 54 
8 56 
8 57 
8 58 
8 59 
9 10 
9 11 
9 13 
9 14 
9 15 
9 17 
9 18 
9 19 
9 20 
9 21 
9 22 
9 23 
9 24 
9 25 
9 26 
9 27 
9 28 
9 29 
9 30 
9 31 
9 32 
9 33 
9 34 
9 37 
9 38 
9 39 
9 42 
9 43 
9 44 
9 46 
9 47 
9 49 
9 51 
9 53 
9 54 
9 57 
9 58 
9 59 
9 60 
10 12 
10 13 
10 17 
10 19 
10 21 
10 22 
10 25 
10 27 
10 28 
10 30 
10 31 
10 36 
10 37 
10 38 
10 39 
10 40 
10 41 
10 44 
10 45 
10 46 
10 49 
10 50 
10 51 
10 53 
10 54 
10 55 
10 57 
10 59 
10 60 
11 12 
11 13 
11 15 
11 16 
11 18 
11 19 
11 20 
11 22 
11 23 
11 26 
11 27 
11 28 
11 32 
11 33 
11 34 
11 35 
11 37 
11 38 
11 40 
11 41 
11 42 
11 43 
11 44 
11 47 
11 48 
11 53 
11 54 
11 56 
11 58 
12 13 
12 14 
12 15 
12 17 
12 18 
12 20 
12 21 
12 22 
12 25 
12 26 
12 27 
12 28 
12 30 
12 31 
12 33 
12 35 
12 38 
12 42 
12 45 
12 47 
12 48 
12 50 
12 52 
12 53 
12 55 
12 59 
12 60 
13 14 
13 15 
13 16 
13 19 
13 21 
13 23 
13 24 
13 25 
13 28 
13 30 
13 31 
13 32 
13 33 
13 34 
13 35 
13 37 
13 38 
13 41 
13 47 
13 49 
13 50 
13 54 
13 57 
13 59 
14 17 
14 19 
14 22 
14 25 
14 26 
14 27 
14 28 
14 30 
14 31 
14 32 
14 33 
14 34 
14 35 
14 36 
14 37 
14 38 
14 40 
14 42 
14 44 
14 45 
14 46 
14 50 
14 52 
14 53 
14 54 
14 60 
15 16 
15 18 
15 21 
15 22 
15 23 
15 24 
15 27 
15 28 
15 29 
15 31 
15 33 
15 34 
15 35 
15 36 
15 39 
15 41 
15 42 
15 46 
15 51 
15 56 
15 58 
15 60 
16 18 
16 23 
16 24 
16 25 
16 26 
16 28 
16 32 
16 33 
16 35 
16 36 
16 37 
16 40 
16 41 
16 44 
16 47 
16 48 
16 49 
16 51 
16 52 
16 53 
16 54 
16 55 
16 58 
16 59 
16 60 
17 19 
17 22 
17 27 
17 28 
17 29 
17 33 
17 35 
17 36 
17 37 
17 38 
17 39 
17 42 
17 43 
17 44 
17 45 
17 47 
17 49 
17 50 
17 52 
17 54 
17 55 
17 56 
17 57 
17 58 
17 60 
18 20 
18 22 
18 23 
18 24 
18 25 
18 27 
18 28 
18 29 
18 30 
18 35 
18 39 
18 40 
18 41 
18 42 
18 44 
18 45 
18 46 
18 49 
18 50 
18 51 
18 53 
18 55 
18 57 
18 59 
19 20 
19 22 
19 24 
19 26 
19 31 
19 32 
19 34 
19 35 
19 36 
19 38 
19 39 
19 41 
19 42 
19 43 
19 46 
19 47 
19 49 
19 50 
19 53 
19 54 
19 55 
19 56 
19 59 
20 21 
20 22 
20 23 
20 24 
20 26 
20 29 
20 30 
20 31 
20 32 
20 33 
20 34 
20 35 
20 36 
20 37 
20 39 
20 40 
20 41 
20 42 
20 43 
20 44 
20 50 
20 51 
20 53 
20 54 
20 56 
20 57 
20 58 
21 23 
21 24 
21 26 
21 29 
21 30 
21 32 
21 33 
21 34 
21 35 
21 37 
21 39 
21 40 
21 41 
21 42 
21 44 
21 45 
21 47 
21 49 
21 51 
21 52 
21 55 
21 56 
21 58 
21 59 
21 60 
22 23 
22 24 
22 25 
22 29 
22 33 
22 35 
22 38 
22 40 
22 44 
22 46 
22 48 
22 49 
22 51 
22 52 
22 53 
22 54 
22 55 
22 56 
22 59 
23 24 
23 25 
23 34 
23 37 
23 38 
23 39 
23 41 
23 43 
23 44 
23 45 
23 46 
23 47 
23 49 
23 51 
23 52 
23 55 
23 57 
23 60 
24 25 
24 29 
24 30 
24 31 
24 33 
24 34 
24 36 
24 37 
24 38 
24 41 
24 43 
24 45 
24 46 
24 47 
24 49 
24 50 
24 51 
24 52 
24 54 
24 55 
24 56 
24 58 
25 28 
25 29 
25 33 
25 34 
25 38 
25 39 
25 41 
25 44 
25 45 
25 48 
25 49 
25 50 
25 52 
25 54 
25 56 
25 58 
25 60 
26 27 
26 28 
26 29 
26 30 
26 31 
26 32 
26 33 
26 34 
26 35 
26 36 
26 37 
26 38 
26 39 
26 40 
26 45 
26 46 
26 47 
26 51 
26 54 
26 56 
26 58 
26 59 
26 60 
27 28 
27 29 
27 33 
27 34 
27 36 
27 37 
27 38 
27 42 
27 43 
27 46 
27 48 
27 49 
27 51 
27 52 
27 53 
27 57 
27 58 
27 60 
28 29 
28 31 
28 32 
28 34 
28 36 
28 37 
28 38 
28 39 
28 40 
28 41 
28 42 
28 43 
28 47 
28 48 
28 49 
28 53 
28 54 
28 55 
28 56 
28 59 
28 60 
29 30 
29 31 
29 32 
29 34 
29 35 
29 36 
29 37 
29 38 
29 40 
29 42 
29 43 
29 44 
29 45 
29 46 
29 51 
29 53 
29 56 
29 58 
29 59 
29 60 
30 32 
30 35 
30 36 
30 37 
30 38 
30 41 
30 43 
30 44 
30 46 
30 51 
30 52 
30 54 
30 56 
30 59 
30 60 
31 33 
31 34 
31 35 
31 38 
31 41 
31 43 
31 46 
31 48 
31 49 
31 52 
31 54 
31 55 
31 56 
31 58 
31 59 
31 60 
32 34 
32 35 
32 36 
32 37 
32 38 
32 39 
32 40 
32 41 
32 43 
32 45 
32 46 
32 47 
32 49 
32 52 
32 56 
32 58 
32 59 
33 34 
33 38 
33 40 
33 41 
33 43 
33 44 
33 45 
33 49 
33 51 
33 53 
33 55 
33 56 
33 57 
33 60 
34 35 
34 36 
34 38 
34 41 
34 42 
34 43 
34 45 
34 46 
34 48 
34 49 
34 53 
34 54 
34 55 
34 56 
34 57 
34 58 
34 59 
35 36 
35 39 
35 40 
35 41 
35 44 
35 45 
35 46 
35 48 
35 53 
35 55 
35 56 
35 58 
36 37 
36 39 
36 42 
36 43 
36 44 
36 45 
36 46 
36 47 
36 48 
36 49 
36 50 
36 53 
36 54 
36 55 
36 59 
36 60 
37 38 
37 39 
37 40 
37 41 
37 42 
37 43 
37 45 
37 46 
37 49 
37 50 
37 51 
37 52 
37 54 
37 55 
37 57 
37 60 
38 39 
38 42 
38 43 
38 45 
38 46 
38 48 
38 49 
38 53 
38 54 
38 55 
38 58 
38 59 
39 40 
39 45 
39 47 
39 48 
39 49 
39 53 
39 55 
39 56 
39 59 
39 60 
40 42 
40 44 
40 45 
40 48 
40 49 
40 50 
40 51 
40 52 
40 55 
40 57 
40 58 
40 60 
41 43 
41 46 
41 47 
41 48 
41 51 
41 54 
42 43 
42 44 
42 45 
42 46 
42 47 
42 51 
42 56 
42 58 
43 45 
43 47 
43 48 
43 49 
43 50 
43 52 
43 55 
43 56 
43 59 
43 60 
44 47 
44 48 
44 59 
45 46 
45 47 
45 48 
45 49 
45 50 
45 51 
45 54 
45 56 
45 58 
45 59 
46 47 
46 48 
46 49 
46 50 
46 51 
46 53 
46 55 
46 57 
46 58 
47 48 
47 49 
47 50 
47 51 
47 55 
47 56 
47 57 
47 58 
48 49 
48 53 
48 55 
48 57 
48 59 
48 60 
49 51 
49 52 
49 55 
49 58 
49 59 
49 60 
50 51 
50 52 
50 53 
50 54 
50 56 
50 58 
50 59 
50 60 
51 52 
51 53 
51 54 
51 56 
51 57 
51 58 
51 59 
51 60 
52 54 
52 55 
52 56 
52 57 
52 59 
52 60 
53 55 
53 56 
53 60 
54 55 
55 56 
55 57 
55 58 
55 59 
55 60 
56 58 
57 59 
58 60 
59 60 
