nNodes=40;
 nPairs=371;
Cost=

41  0  41  0  41  41  41  0  41  0  41  0  0  41  41  0  41  0  41  41  0  0  41  41  0  41  0  0  41  0  0  0  41  41  41  0  0  0  0  0  

0  41  0  41  41  41  41  41  41  41  0  0  0  0  0  0  0  0  0  0  41  0  0  0  41  41  41  41  41  41  0  41  0  41  41  41  0  41  0  41  

41  0  41  0  41  0  41  41  41  41  0  41  41  0  41  0  41  0  0  0  41  0  41  41  0  41  0  0  41  0  41  0  41  0  0  0  41  0  0  41  

0  41  0  41  41  41  41  41  41  0  41  0  41  0  0  41  0  0  0  41  0  0  41  41  41  0  0  41  0  0  41  41  41  0  0  41  0  41  0  41  

41  41  41  41  41  41  41  41  41  41  0  41  41  0  41  0  41  41  41  41  0  41  41  41  0  41  0  0  41  0  0  41  41  0  0  0  0  41  41  0  

41  41  0  41  41  41  0  0  41  0  41  0  41  0  0  0  41  0  0  41  41  41  41  0  0  41  0  41  41  0  0  0  0  0  0  41  41  41  41  41  

41  41  41  41  41  0  41  0  0  41  41  0  41  41  41  0  41  41  0  0  41  0  0  0  0  41  41  41  41  41  41  41  0  0  0  0  0  41  0  41  

0  41  41  41  41  0  0  41  41  0  0  0  0  0  41  41  41  0  0  41  41  0  41  41  41  0  41  0  41  41  41  41  0  41  41  0  0  0  41  41  

41  41  41  41  41  41  0  41  41  0  0  0  0  0  0  0  41  41  41  0  41  41  0  41  0  0  0  41  41  0  0  41  41  41  41  0  0  41  0  41  

0  41  41  0  41  0  41  0  0  41  0  0  0  0  41  0  41  0  0  0  0  41  0  0  0  41  0  41  41  0  41  0  0  0  41  41  0  41  41  0  

41  0  0  41  0  41  41  0  0  0  41  41  41  41  0  41  0  41  0  0  41  41  41  0  0  41  41  41  0  41  0  0  41  41  0  0  0  0  41  41  

0  0  41  0  41  0  0  0  0  0  41  41  0  0  0  41  0  41  41  0  41  41  0  0  0  0  41  41  41  41  0  41  41  41  41  0  0  0  41  41  

0  0  41  41  41  41  41  0  0  0  41  0  41  0  41  0  0  0  41  0  41  41  41  41  41  41  0  41  41  0  41  0  0  41  0  41  0  0  41  0  

41  0  0  0  0  0  41  0  0  0  41  0  0  41  0  0  41  41  41  0  41  0  0  0  41  41  41  0  0  41  0  41  0  41  0  0  41  41  0  41  

41  0  41  0  41  0  41  41  0  41  0  0  41  0  41  0  0  0  0  0  0  0  0  0  0  41  41  0  0  0  0  41  41  0  0  41  41  41  0  41  

0  0  0  41  0  0  0  41  0  0  41  41  0  0  0  41  0  0  0  41  41  41  0  41  0  0  41  41  0  41  41  41  0  0  0  41  0  0  41  0  

41  0  41  0  41  41  41  41  41  41  0  0  0  41  0  0  41  41  41  41  41  41  41  41  0  41  41  0  41  41  0  0  41  41  0  41  0  41  41  0  

0  0  0  0  41  0  41  0  41  0  41  41  0  41  0  0  41  41  0  41  41  41  41  0  0  0  0  0  0  41  0  41  41  0  41  0  41  0  41  0  

41  0  0  0  41  0  0  0  41  0  0  41  41  41  0  0  41  0  41  41  41  0  41  0  0  0  0  0  0  41  41  41  0  0  0  0  0  0  0  0  

41  0  0  41  41  41  0  41  0  0  0  0  0  0  0  41  41  41  41  41  0  41  0  0  41  41  0  41  0  41  41  41  41  0  0  0  41  0  0  41  

0  41  41  0  0  41  41  41  41  0  41  41  41  41  0  41  41  41  41  0  41  41  41  41  0  0  0  0  0  0  0  0  0  0  41  41  0  0  41  41  

0  0  0  0  41  41  0  0  41  41  41  41  41  0  0  41  41  41  0  41  41  41  0  41  0  41  0  41  0  0  0  41  0  41  0  41  0  0  41  41  

41  0  41  41  41  41  0  41  0  0  41  0  41  0  0  0  41  41  41  0  41  0  41  0  41  41  41  0  41  41  0  41  0  41  0  41  41  0  0  41  

41  0  41  41  41  0  0  41  41  0  0  0  41  0  0  41  41  0  0  0  41  41  0  41  0  0  41  0  41  41  41  0  0  41  0  0  0  0  0  41  

0  41  0  41  0  0  0  41  0  0  0  0  41  41  0  0  0  0  0  41  0  0  41  0  41  41  41  0  41  0  0  41  41  41  0  41  0  0  0  41  

41  41  41  0  41  41  41  0  0  41  41  0  41  41  41  0  41  0  0  41  0  41  41  0  41  41  41  0  41  0  0  41  41  41  41  41  0  41  0  41  

0  41  0  0  0  0  41  41  0  0  41  41  0  41  41  41  41  0  0  0  0  0  41  41  41  41  41  41  41  0  41  0  41  0  41  41  0  41  0  41  

0  41  0  41  0  41  41  0  41  41  41  41  41  0  0  41  0  0  0  41  0  41  0  0  0  0  41  41  0  0  0  41  0  0  0  41  0  41  41  0  

41  41  41  0  41  41  41  41  41  41  0  41  41  0  0  0  41  0  0  0  0  0  41  41  41  41  41  0  41  41  41  0  41  0  0  0  41  0  0  0  

0  41  0  0  0  0  41  41  0  0  41  41  0  41  0  41  41  41  41  41  0  0  41  41  0  0  0  0  41  41  41  41  0  0  0  41  0  0  41  0  

0  0  41  41  0  0  41  41  0  41  0  0  41  0  0  41  0  0  41  41  0  0  0  41  0  0  41  0  41  41  41  0  0  0  0  0  0  0  41  0  

0  41  0  41  41  0  41  41  41  0  0  41  0  41  41  41  0  41  41  41  0  41  41  0  41  41  0  41  0  41  0  41  0  0  41  0  0  41  0  0  

41  0  41  41  41  0  0  0  41  0  41  41  0  0  41  0  41  41  0  41  0  0  0  0  41  41  41  0  41  0  0  0  41  0  0  41  41  0  0  0  

41  41  0  0  0  0  0  41  41  0  41  41  41  41  0  0  41  0  0  0  0  41  41  41  41  41  0  0  0  0  0  0  0  41  41  41  41  0  0  41  

41  41  0  0  0  0  0  41  41  41  0  41  0  0  0  0  0  41  0  0  41  0  0  0  0  41  41  0  0  0  0  41  0  41  41  0  0  41  0  0  

0  41  0  41  0  41  0  0  0  41  0  0  41  0  41  41  41  0  0  0  41  41  41  0  41  41  41  41  0  41  0  0  41  41  0  41  0  0  41  0  

0  0  41  0  0  41  0  0  0  0  0  0  0  41  41  0  0  41  0  41  0  0  41  0  0  0  0  0  41  0  0  0  41  41  0  0  41  0  41  0  

0  41  0  41  41  41  41  0  41  41  0  0  0  41  41  0  41  0  0  0  0  0  0  0  0  41  41  41  0  0  0  41  0  0  41  0  0  41  0  0  

0  0  0  0  41  41  0  41  0  41  41  41  41  0  0  41  41  41  0  0  41  41  0  0  0  0  0  41  0  41  41  0  0  0  0  41  41  0  41  0  

0  41  41  41  0  41  41  41  41  0  41  41  0  41  41  0  0  0  0  41  41  41  41  41  41  41  41  0  0  0  0  0  0  41  0  0  0  0  0  41  

UnPairedArc=
1 3 
1 5 
1 6 
1 7 
1 9 
1 11 
1 14 
1 15 
1 17 
1 19 
1 20 
1 23 
1 24 
1 26 
1 29 
1 33 
1 34 
1 35 
2 4 
2 5 
2 6 
2 7 
2 8 
2 9 
2 10 
2 21 
2 25 
2 26 
2 27 
2 28 
2 29 
2 30 
2 32 
2 34 
2 35 
2 36 
2 38 
2 40 
3 5 
3 7 
3 8 
3 9 
3 10 
3 12 
3 13 
3 15 
3 17 
3 21 
3 23 
3 24 
3 26 
3 29 
3 31 
3 33 
3 37 
3 40 
4 5 
4 6 
4 7 
4 8 
4 9 
4 11 
4 13 
4 16 
4 20 
4 23 
4 24 
4 25 
4 28 
4 31 
4 32 
4 33 
4 36 
4 38 
4 40 
5 6 
5 7 
5 8 
5 9 
5 10 
5 12 
5 13 
5 15 
5 17 
5 18 
5 19 
5 20 
5 22 
5 23 
5 24 
5 26 
5 29 
5 32 
5 33 
5 38 
5 39 
6 9 
6 11 
6 13 
6 17 
6 20 
6 21 
6 22 
6 23 
6 26 
6 28 
6 29 
6 36 
6 37 
6 38 
6 39 
6 40 
7 10 
7 11 
7 13 
7 14 
7 15 
7 17 
7 18 
7 21 
7 26 
7 27 
7 28 
7 29 
7 30 
7 31 
7 32 
7 38 
7 40 
8 9 
8 15 
8 16 
8 17 
8 20 
8 21 
8 23 
8 24 
8 25 
8 27 
8 29 
8 30 
8 31 
8 32 
8 34 
8 35 
8 39 
8 40 
9 17 
9 18 
9 19 
9 21 
9 22 
9 24 
9 28 
9 29 
9 32 
9 33 
9 34 
9 35 
9 38 
9 40 
10 15 
10 17 
10 22 
10 26 
10 28 
10 29 
10 31 
10 35 
10 36 
10 38 
10 39 
11 12 
11 13 
11 14 
11 16 
11 18 
11 21 
11 22 
11 23 
11 26 
11 27 
11 28 
11 30 
11 33 
11 34 
11 39 
11 40 
12 16 
12 18 
12 19 
12 21 
12 22 
12 27 
12 28 
12 29 
12 30 
12 32 
12 33 
12 34 
12 35 
12 39 
12 40 
13 15 
13 19 
13 21 
13 22 
13 23 
13 24 
13 25 
13 26 
13 28 
13 29 
13 31 
13 34 
13 36 
13 39 
14 17 
14 18 
14 19 
14 21 
14 25 
14 26 
14 27 
14 30 
14 32 
14 34 
14 37 
14 38 
14 40 
15 26 
15 27 
15 32 
15 33 
15 36 
15 37 
15 38 
15 40 
16 20 
16 21 
16 22 
16 24 
16 27 
16 28 
16 30 
16 31 
16 32 
16 36 
16 39 
17 18 
17 19 
17 20 
17 21 
17 22 
17 23 
17 24 
17 26 
17 27 
17 29 
17 30 
17 33 
17 34 
17 36 
17 38 
17 39 
18 20 
18 21 
18 22 
18 23 
18 30 
18 32 
18 33 
18 35 
18 37 
18 39 
19 20 
19 21 
19 23 
19 30 
19 31 
19 32 
20 22 
20 25 
20 26 
20 28 
20 30 
20 31 
20 32 
20 33 
20 37 
20 40 
21 22 
21 23 
21 24 
21 35 
21 36 
21 39 
21 40 
22 24 
22 26 
22 28 
22 32 
22 34 
22 36 
22 39 
22 40 
23 25 
23 26 
23 27 
23 29 
23 30 
23 32 
23 34 
23 36 
23 37 
23 40 
24 27 
24 29 
24 30 
24 31 
24 34 
24 40 
25 26 
25 27 
25 29 
25 32 
25 33 
25 34 
25 36 
25 40 
26 27 
26 29 
26 32 
26 33 
26 34 
26 35 
26 36 
26 38 
26 40 
27 28 
27 29 
27 31 
27 33 
27 35 
27 36 
27 38 
27 40 
28 32 
28 36 
28 38 
28 39 
29 30 
29 31 
29 33 
29 37 
30 31 
30 32 
30 36 
30 39 
31 39 
32 35 
32 38 
33 36 
33 37 
34 35 
34 36 
34 37 
34 40 
35 38 
36 39 
37 39 
