nNodes=80;
 nPairs=1233;
Cost=

81  0  0  0  81  0  0  0  0  81  81  0  81  0  81  0  81  0  81  0  81  81  0  81  0  0  0  81  0  81  0  0  0  0  0  81  81  0  0  0  81  81  0  0  81  0  0  0  0  0  0  0  0  0  0  81  81  0  0  0  0  0  0  0  0  81  81  0  0  0  81  0  81  81  0  0  81  0  0  81  

0  81  0  0  0  81  0  0  81  0  0  0  0  81  0  81  0  0  81  0  81  81  0  0  0  0  0  0  0  81  81  0  0  81  0  81  0  0  0  0  0  81  0  0  0  0  0  81  81  81  81  0  81  81  0  0  0  0  0  81  0  81  0  81  81  0  0  0  0  81  0  0  81  0  0  81  0  0  0  0  

0  0  81  0  81  81  81  81  0  81  81  81  81  81  81  0  0  81  81  0  0  0  81  0  0  81  0  0  0  0  0  81  81  0  0  0  0  81  0  81  81  0  81  0  81  81  0  81  81  81  0  0  0  81  81  81  81  0  81  0  0  81  0  81  0  0  0  81  81  0  0  0  0  81  81  81  81  0  0  0  

0  0  0  81  0  0  0  81  0  0  81  81  81  0  81  0  81  81  0  0  0  81  0  0  81  81  81  0  81  0  81  0  0  81  0  81  81  0  0  0  0  0  81  0  0  0  0  81  0  81  81  0  0  0  0  0  0  0  81  0  0  81  0  0  81  81  81  0  81  81  81  81  0  0  81  81  0  0  0  81  

81  0  81  0  81  0  81  81  0  81  0  0  0  81  81  0  81  0  0  0  81  0  0  0  0  81  0  81  0  0  81  0  0  0  0  0  0  81  0  0  0  0  81  0  0  0  0  0  81  81  0  0  0  0  0  0  0  81  81  0  0  0  0  0  81  0  81  0  81  0  0  81  81  81  81  0  0  81  0  0  

0  81  81  0  0  81  0  0  0  0  0  0  0  81  0  0  0  81  0  0  0  81  81  81  0  81  81  0  0  81  0  0  0  81  0  81  81  81  81  81  0  81  0  0  81  0  0  81  0  81  81  0  0  81  81  0  0  0  81  81  0  81  0  0  81  81  0  0  81  0  81  0  0  81  0  0  81  0  0  81  

0  0  81  0  81  0  81  81  81  0  81  0  81  0  81  81  0  81  81  0  0  0  0  0  0  0  0  0  81  81  0  0  0  0  81  81  0  81  0  0  81  81  81  0  81  0  81  0  0  0  81  81  81  0  0  0  81  81  81  0  0  0  0  0  81  81  81  81  0  81  0  0  0  0  81  0  81  0  81  0  

0  0  81  81  81  0  81  81  0  81  0  0  81  0  81  0  0  81  0  0  0  0  81  0  81  81  81  0  0  0  81  81  81  0  0  0  81  0  0  81  0  81  0  81  0  0  81  0  81  81  81  0  0  0  81  0  0  0  0  81  0  0  0  81  0  0  0  81  81  81  0  0  0  0  0  0  81  0  0  81  

0  81  0  0  0  0  81  0  81  81  0  0  81  81  81  0  0  0  0  0  0  0  0  0  81  0  0  0  81  81  0  0  0  0  81  0  0  81  0  0  0  0  0  0  0  0  81  0  0  81  0  0  0  81  0  0  0  0  0  0  0  0  81  81  81  81  0  0  81  81  0  81  81  81  0  0  81  0  81  0  

81  0  81  0  81  0  0  81  81  81  0  81  0  0  0  0  0  81  81  0  81  0  0  0  0  81  0  81  81  81  0  81  0  81  0  81  81  81  0  0  0  0  0  0  81  0  81  0  0  81  0  0  0  81  81  0  81  0  0  0  0  0  81  81  81  0  81  0  81  0  0  81  81  0  0  0  0  0  0  0  

81  0  81  81  0  0  81  0  0  0  81  81  0  0  81  0  0  0  81  81  0  0  0  0  81  81  0  0  0  0  81  81  0  0  0  0  0  81  0  0  81  0  81  81  0  81  0  0  81  0  0  0  0  0  0  0  0  81  81  81  0  81  0  81  81  81  81  0  81  0  0  0  0  0  81  0  0  0  0  0  

0  0  81  81  0  0  0  0  0  81  81  81  81  0  81  0  0  81  81  0  81  81  81  81  0  0  81  0  0  0  0  0  0  0  0  0  81  81  81  81  81  0  81  0  81  0  81  0  81  0  81  0  0  81  0  0  81  0  0  0  0  0  81  0  81  0  81  81  81  0  81  0  81  0  0  0  0  0  81  0  

81  0  81  81  0  0  81  81  81  0  0  81  81  0  0  0  0  0  0  0  81  0  0  0  0  81  81  0  0  81  0  81  0  0  0  0  0  81  0  0  0  81  0  81  81  0  0  0  81  0  81  0  81  81  0  81  0  81  81  0  81  81  81  81  0  0  0  0  0  81  0  81  0  81  0  0  81  0  0  0  

0  81  81  0  81  81  0  0  81  0  0  0  0  81  0  81  0  81  81  81  0  81  0  0  81  0  0  81  0  0  0  0  81  81  81  81  0  81  81  81  0  0  0  0  0  81  0  81  0  0  0  0  0  81  81  0  0  81  0  0  0  81  0  0  81  81  81  81  0  0  0  0  81  0  81  0  81  81  81  0  

81  0  81  81  81  0  81  81  81  0  81  81  0  0  81  0  0  0  0  0  0  81  0  81  0  0  81  0  0  0  0  81  0  81  0  81  81  0  81  81  0  0  0  0  0  81  81  81  0  81  0  0  81  81  0  0  81  81  81  0  81  81  0  0  0  0  81  0  0  81  81  81  81  0  0  81  0  0  0  81  

0  81  0  0  0  0  81  0  0  0  0  0  0  81  0  81  81  81  0  0  81  0  0  81  0  81  0  0  0  0  0  81  0  0  81  0  0  81  0  0  0  0  0  0  81  0  81  0  0  81  0  0  81  0  81  81  0  81  0  0  81  0  0  0  0  0  81  0  0  0  81  0  0  0  81  0  81  0  0  0  

81  0  0  81  81  0  0  0  0  0  0  0  0  0  0  81  81  81  81  81  81  81  0  81  0  0  0  0  81  81  81  81  0  81  0  0  0  81  81  0  0  0  81  0  0  0  81  0  0  0  81  0  0  81  81  0  81  0  81  81  81  0  0  0  81  81  0  0  0  0  0  81  0  0  0  81  81  0  0  81  

0  0  81  81  0  81  81  81  0  81  0  81  0  81  0  81  81  81  81  0  0  81  0  0  81  0  81  0  81  81  81  81  0  0  0  0  0  0  81  0  0  0  0  81  81  81  0  0  0  0  0  0  81  81  81  0  0  0  0  0  81  81  81  0  0  81  0  81  81  81  81  81  81  0  0  0  0  0  0  0  

81  81  81  0  0  0  81  0  0  81  81  81  0  81  0  0  81  81  81  81  0  0  0  0  0  0  0  81  81  0  81  0  0  0  81  81  0  81  0  81  0  0  81  0  0  0  81  81  0  0  0  0  81  81  0  0  81  0  0  0  0  0  81  81  0  0  0  81  81  81  0  81  0  0  0  0  0  81  81  0  

0  0  0  0  0  0  0  0  0  0  81  0  0  81  0  0  81  0  81  81  0  81  81  0  0  0  81  81  0  0  0  0  0  0  81  0  81  0  0  81  0  81  81  0  81  81  0  0  81  0  81  0  81  0  0  0  81  81  0  0  0  81  81  0  0  81  0  81  0  81  81  81  0  81  0  81  0  0  81  0  

81  81  0  0  81  0  0  0  0  81  0  81  81  0  0  81  81  0  0  0  81  81  81  81  0  0  81  0  0  0  0  0  81  0  81  81  81  0  81  81  0  0  0  81  0  81  0  0  0  81  0  0  81  81  0  0  81  0  0  0  81  0  81  81  0  81  81  81  0  81  0  0  81  0  0  0  0  0  0  0  

81  81  0  81  0  81  0  0  0  0  0  81  0  81  81  0  81  81  0  81  81  81  0  0  0  81  81  81  0  0  0  0  81  0  81  0  0  81  0  0  0  0  81  0  0  81  81  0  81  0  0  0  81  81  81  81  81  81  0  0  81  81  0  81  81  0  0  81  0  0  0  81  0  81  0  0  0  0  0  0  

0  0  81  0  0  81  0  81  0  0  0  81  0  0  0  0  0  0  0  81  81  0  81  81  0  0  81  0  81  0  0  0  81  0  81  0  0  0  0  0  0  81  81  81  81  0  0  0  81  0  0  0  81  0  81  81  0  0  81  81  0  0  81  81  81  0  81  0  0  0  81  0  81  0  81  0  0  81  0  0  

81  0  0  0  0  81  0  0  0  0  0  81  0  0  81  81  81  0  0  0  81  0  81  81  0  0  81  81  81  0  81  81  81  0  0  0  81  0  0  0  81  0  0  81  0  81  0  0  0  0  81  81  0  81  0  0  81  81  0  81  0  81  0  81  0  0  0  0  81  81  81  0  0  0  81  0  81  0  0  0  

0  0  0  81  0  0  0  81  81  0  81  0  0  81  0  0  0  81  0  0  0  0  0  0  81  0  0  0  0  0  0  81  0  0  0  0  81  81  81  81  0  81  0  0  0  0  0  0  0  0  81  0  0  81  0  0  0  81  0  0  0  81  0  0  0  81  81  81  81  0  81  0  0  0  81  0  0  0  0  0  

0  0  81  81  81  81  0  81  0  81  81  0  81  0  0  81  0  0  0  0  0  81  0  0  0  81  0  0  81  0  81  81  0  0  0  0  81  0  0  0  0  81  0  0  0  81  0  0  81  0  81  81  81  81  0  81  0  0  0  0  0  0  81  81  0  81  0  81  81  81  0  0  81  81  0  0  81  81  0  81  

0  0  0  81  0  81  0  81  0  0  0  81  81  0  81  0  0  81  0  81  81  81  81  81  0  0  81  0  81  0  81  81  0  81  0  0  0  0  81  0  0  0  0  81  0  0  81  81  81  0  81  0  81  0  0  0  0  0  81  81  81  0  0  0  0  0  0  0  0  81  81  81  0  81  0  81  0  81  0  81  

81  0  0  0  81  0  0  0  0  81  0  0  0  81  0  0  0  0  81  81  0  81  0  81  0  0  0  81  81  0  0  0  0  81  0  0  0  0  81  0  0  0  81  81  0  0  0  81  81  81  0  0  0  0  0  81  0  0  0  0  81  0  81  0  0  0  81  81  81  81  81  0  81  81  0  0  0  0  81  0  

0  0  0  81  0  0  81  0  81  81  0  0  0  0  0  0  81  81  81  0  0  0  81  81  0  81  81  81  81  0  0  0  81  81  81  0  0  81  81  81  0  81  81  81  0  0  81  0  81  81  81  0  81  0  81  81  0  0  0  0  0  81  0  81  0  0  0  81  0  81  0  0  0  0  81  81  0  0  0  0  

81  81  0  0  0  81  81  0  81  81  0  0  81  0  0  0  81  81  0  0  0  0  0  0  0  0  0  0  0  81  0  0  0  0  0  81  0  0  0  0  0  81  0  0  0  0  0  0  81  81  81  0  81  0  81  0  0  0  81  0  0  0  0  0  81  81  0  81  0  0  0  0  0  0  81  81  0  0  0  0  

0  81  0  81  81  0  0  81  0  0  81  0  0  0  0  0  81  81  81  0  0  0  0  81  0  81  81  0  0  0  81  0  81  0  0  0  0  0  0  0  81  0  81  0  81  81  0  81  0  0  0  81  81  0  0  81  0  81  81  0  81  81  0  0  0  0  0  0  81  0  0  0  81  81  0  0  0  0  0  0  

0  0  81  0  0  0  0  81  0  81  81  0  81  0  81  81  81  81  0  0  0  0  0  81  81  81  81  0  0  0  0  81  81  81  0  81  81  0  81  0  0  0  0  81  81  0  0  81  81  81  81  0  81  0  81  0  81  81  0  0  0  0  0  0  0  0  81  0  81  0  0  81  0  81  0  81  81  81  0  0  

0  0  81  0  0  0  0  81  0  0  0  0  0  81  0  0  0  0  0  0  81  81  81  81  0  0  0  0  81  0  81  81  81  0  81  81  0  0  81  81  0  0  0  0  0  0  0  0  0  0  81  81  0  0  0  81  0  81  0  0  81  0  0  81  81  0  0  0  0  81  0  0  0  0  0  0  0  81  81  81  

0  81  0  81  0  81  0  0  0  81  0  0  0  81  81  0  81  0  0  0  0  0  0  0  0  0  81  81  81  0  0  81  0  81  0  0  0  81  0  0  0  0  0  0  81  0  0  81  81  81  0  81  0  81  81  0  81  81  0  0  81  0  0  81  81  0  81  81  0  0  0  0  0  0  81  81  81  81  0  0  

0  0  0  0  0  0  81  0  81  0  0  0  0  81  0  81  0  0  81  81  81  81  81  0  0  0  0  0  81  0  0  0  81  0  81  0  81  81  0  81  81  0  81  0  0  81  0  0  0  0  0  81  81  0  81  81  81  0  0  0  0  0  81  81  81  81  81  0  0  0  81  81  81  81  81  0  0  0  81  0  

81  81  0  81  0  81  81  0  0  81  0  0  0  81  81  0  0  0  81  0  81  0  0  0  0  0  0  0  0  81  0  81  81  0  0  81  81  0  0  0  0  0  0  81  81  0  81  81  81  0  81  0  0  0  0  81  0  0  81  0  0  81  81  0  0  81  81  0  0  0  81  0  81  0  0  0  0  0  0  0  

81  0  0  81  0  81  0  81  0  81  0  81  0  0  81  0  0  0  0  81  81  0  0  81  81  81  0  0  0  0  0  81  0  0  81  81  81  81  0  81  0  81  0  0  0  0  0  81  0  81  0  81  0  0  0  0  81  81  0  0  81  0  81  0  81  0  0  81  0  81  0  81  81  0  0  0  0  0  0  81  

0  0  81  0  81  81  81  0  81  81  81  81  81  81  0  81  81  0  81  0  0  81  0  0  81  0  0  0  81  0  0  0  0  81  81  0  81  81  81  0  0  0  0  0  0  0  0  81  0  81  0  0  81  81  0  0  81  81  0  81  0  0  81  0  81  0  81  81  0  81  81  81  81  81  0  81  0  0  0  81  

0  0  0  0  0  81  0  0  0  0  0  81  0  81  81  0  81  81  0  0  81  0  0  0  81  0  81  81  81  0  0  81  81  0  0  0  0  81  81  81  0  81  81  0  81  81  0  0  81  81  0  0  0  81  0  81  0  81  0  0  0  81  81  81  0  81  0  0  81  81  0  81  81  81  81  0  81  0  0  0  

0  0  81  0  0  81  0  81  0  0  0  81  0  81  81  0  0  0  81  81  81  0  0  0  81  0  0  0  81  0  0  0  81  0  81  0  81  0  81  81  0  81  0  0  0  81  81  81  0  0  0  0  0  81  0  0  0  0  0  81  0  0  0  81  0  0  81  0  0  81  81  81  0  0  0  81  0  81  81  81  

81  0  81  0  0  0  81  0  0  0  81  81  0  0  0  0  0  0  0  0  0  0  0  81  0  0  0  0  0  0  81  0  0  0  81  0  0  0  0  0  81  0  0  0  81  0  81  0  81  0  0  0  0  0  0  81  0  0  0  0  81  81  81  0  0  81  81  81  0  81  81  81  81  81  0  0  0  81  81  81  

81  81  0  0  0  81  81  81  0  0  0  0  81  0  0  0  0  0  0  81  0  0  81  0  81  81  0  0  81  81  0  0  0  0  0  0  81  0  81  81  0  81  0  81  81  0  0  0  0  0  0  81  0  0  0  0  0  0  0  0  0  0  81  81  0  81  81  0  0  0  81  0  81  81  0  0  0  81  0  0  

0  0  81  81  81  0  81  0  0  0  81  81  0  0  0  0  81  0  81  81  0  81  81  0  0  0  0  81  81  0  81  0  0  0  81  0  0  0  81  0  0  0  81  81  0  81  81  81  0  0  81  0  81  0  0  81  81  0  0  0  0  81  0  81  81  81  0  81  0  81  81  0  0  0  81  0  0  81  81  0  

0  0  0  0  0  0  0  81  0  0  81  0  81  0  0  0  0  81  0  0  81  0  81  81  0  0  81  81  81  0  0  81  0  0  0  81  0  0  0  0  0  81  81  81  81  0  81  81  0  81  81  0  81  0  0  0  0  0  0  0  81  0  81  0  0  0  0  81  81  0  0  0  81  81  0  81  0  81  0  0  

81  0  81  0  0  81  81  0  0  81  0  81  81  0  0  81  0  81  0  81  0  0  81  0  0  0  0  0  0  0  81  81  0  81  0  81  0  0  81  0  81  81  0  81  81  0  81  81  81  81  0  81  0  0  81  81  81  0  81  0  0  0  0  0  0  0  81  0  0  0  0  0  0  0  0  0  0  0  81  0  

0  0  81  0  0  0  0  0  0  0  81  0  0  81  81  0  0  81  0  81  81  81  0  81  0  81  0  0  0  0  81  0  0  0  81  0  0  0  81  81  0  0  81  0  0  81  0  0  81  0  0  0  81  81  0  81  81  81  81  81  0  0  0  0  0  0  0  0  81  0  81  81  81  81  0  81  0  81  0  81  

0  0  0  0  0  0  81  81  81  81  0  81  0  0  81  81  81  0  81  0  0  81  0  0  0  0  81  0  81  0  0  0  0  0  0  81  0  0  0  81  81  0  81  81  81  0  81  81  0  81  0  0  81  0  0  81  81  0  0  81  0  0  0  0  0  0  0  0  0  0  81  0  0  81  81  0  0  81  0  0  

0  81  81  81  0  81  0  0  0  0  0  0  0  81  81  0  0  0  81  0  0  0  0  0  0  0  81  81  0  0  81  81  0  81  0  81  81  81  0  81  0  0  81  81  81  0  81  81  0  81  0  0  81  81  0  0  0  81  81  0  81  81  81  81  81  81  0  0  0  0  0  81  81  0  81  0  0  0  81  0  

0  81  81  0  81  0  0  81  0  0  81  81  81  0  0  0  0  0  0  81  0  81  81  0  0  81  81  81  81  81  0  81  0  81  0  81  0  0  81  0  81  0  0  0  81  81  0  0  81  0  0  0  0  0  0  0  81  81  0  81  81  81  81  0  0  0  0  0  81  81  81  0  0  0  0  0  81  81  0  81  

0  81  81  81  81  81  0  81  81  81  0  0  0  0  81  81  0  0  0  0  81  0  0  0  0  0  0  81  81  81  0  81  0  81  0  0  81  81  81  0  0  0  0  81  81  0  81  81  0  81  81  0  0  0  0  0  0  81  0  0  0  0  81  0  0  81  0  81  0  81  0  0  0  0  81  0  0  0  0  0  

0  81  0  81  0  81  81  81  0  0  0  81  81  0  0  0  81  0  0  81  0  0  0  81  81  81  81  0  81  81  0  81  81  0  0  81  0  0  0  0  0  0  81  81  0  0  0  0  0  81  81  81  81  0  81  81  0  81  0  0  81  0  0  81  0  81  81  0  0  0  0  0  81  81  0  81  0  81  0  81  

0  0  0  0  0  0  81  0  0  0  0  0  0  0  0  0  0  0  0  0  0  0  0  81  0  81  0  0  0  0  81  0  81  81  81  0  81  0  0  0  0  81  0  0  81  0  0  0  0  0  81  81  0  0  0  0  0  0  0  81  0  81  0  0  81  81  81  81  0  0  0  0  0  81  81  0  0  81  0  81  

0  81  0  0  0  0  81  0  0  0  0  0  81  0  81  81  0  81  81  81  81  81  81  0  0  81  81  0  81  81  81  81  0  0  81  0  0  81  0  0  0  0  81  81  0  81  81  81  0  0  81  0  81  81  81  0  81  0  81  0  0  0  0  0  81  81  0  81  0  0  0  81  0  0  81  0  0  0  0  81  

0  81  81  0  0  81  0  0  81  81  0  81  81  81  81  0  81  81  81  0  81  81  0  81  81  81  0  0  0  0  0  0  0  81  0  0  0  81  81  81  0  0  0  0  0  81  0  81  0  0  0  0  81  81  0  0  0  81  0  81  81  81  0  0  0  0  0  81  0  0  0  81  81  81  0  0  81  0  0  0  

0  0  81  0  0  81  0  81  0  81  0  0  0  81  0  81  81  81  0  0  0  81  81  0  0  0  0  0  81  81  0  81  0  81  81  0  0  0  0  0  0  0  0  0  81  0  0  0  0  0  81  0  81  0  81  0  81  0  0  0  0  81  81  81  81  81  81  0  0  81  0  81  0  81  0  0  0  0  0  0  

81  0  81  0  0  0  0  0  0  0  0  0  81  0  0  81  0  0  0  0  0  81  81  0  0  81  0  81  81  0  81  0  81  0  81  81  0  0  81  0  81  0  81  0  81  81  81  0  0  0  81  0  0  0  0  81  81  81  81  0  0  0  0  0  0  0  0  0  81  0  0  81  0  0  0  81  0  0  0  0  

81  0  81  0  0  0  81  0  0  81  0  81  0  0  81  0  81  0  81  81  81  81  0  81  0  0  0  0  0  0  0  81  0  81  81  0  81  81  0  0  0  0  81  0  81  81  81  0  81  0  0  0  81  0  81  81  81  0  0  81  0  81  0  0  81  0  81  0  81  0  81  81  81  0  0  0  0  0  0  0  

0  0  0  0  81  0  81  0  0  0  81  0  81  81  81  81  0  0  0  81  0  81  0  81  81  0  0  0  0  0  81  81  81  81  0  0  81  81  81  0  0  0  0  0  0  81  0  81  81  81  81  0  0  81  0  81  0  81  0  81  0  0  0  0  0  0  81  81  81  81  81  0  0  0  0  0  81  81  0  0  

0  0  81  81  81  81  81  0  0  0  81  0  81  0  81  0  81  0  0  0  0  0  81  0  0  0  81  0  0  81  81  0  0  0  0  81  0  0  0  0  0  0  0  0  81  81  0  81  0  0  0  0  81  0  0  81  0  0  81  81  0  0  0  81  81  0  81  0  81  0  81  0  0  0  0  0  81  0  0  81  

0  81  0  0  0  81  0  81  0  0  81  0  0  0  0  0  81  0  0  0  0  0  81  81  0  0  81  0  0  0  0  0  0  0  0  0  0  81  0  81  0  0  0  0  0  81  81  0  81  0  0  81  0  81  0  0  81  81  81  81  81  81  81  0  81  81  81  0  81  81  0  81  0  0  0  81  81  81  0  81  

0  0  0  0  0  0  0  0  0  0  0  0  81  0  81  81  81  81  0  0  81  81  0  0  0  0  81  81  0  0  81  0  81  81  0  0  81  0  0  0  81  0  0  81  0  0  0  81  81  0  81  0  0  81  0  0  0  0  0  81  81  81  0  81  0  0  0  0  0  0  0  0  0  0  0  81  0  0  81  0  

0  81  81  81  0  81  0  0  0  0  81  0  81  81  81  0  0  81  0  81  0  81  0  81  81  0  0  0  81  0  81  0  0  0  0  81  0  0  81  0  81  0  81  0  0  0  0  81  81  0  0  81  0  81  81  0  81  0  0  81  81  81  0  0  81  0  0  0  0  0  81  81  0  81  0  81  0  81  81  0  

0  0  0  0  0  0  0  0  81  81  0  81  81  0  0  0  0  81  81  81  81  0  81  0  0  81  0  81  0  0  0  0  0  0  81  81  81  81  81  0  81  81  0  81  0  0  0  81  81  81  0  0  0  0  81  0  0  0  0  81  0  0  81  0  0  0  0  0  81  0  81  81  81  81  0  81  0  0  0  0  

0  81  81  0  0  0  0  81  81  81  81  0  81  0  0  0  0  0  81  0  81  81  81  81  0  81  0  0  81  0  0  0  81  81  81  0  0  0  81  81  0  81  81  0  0  0  0  81  0  0  81  0  0  0  81  0  0  0  81  0  81  0  0  81  0  81  0  0  81  0  81  0  0  0  81  81  0  0  0  81  

0  81  0  81  81  81  81  0  81  81  81  81  0  81  0  0  81  0  0  0  0  81  81  0  0  0  0  0  0  81  0  0  81  81  81  0  81  81  0  0  0  0  81  0  0  0  0  81  0  0  0  81  81  0  81  0  81  0  81  81  0  81  0  0  81  0  0  81  0  81  0  81  81  81  0  0  81  0  81  0  

81  0  0  81  0  81  81  0  81  0  81  0  0  81  0  0  81  81  0  81  81  0  0  0  81  81  0  0  0  81  0  0  0  0  81  81  0  0  81  0  81  81  81  0  0  0  0  81  0  81  81  81  81  0  81  0  0  0  0  81  0  0  0  81  0  81  81  0  81  81  0  81  81  0  81  0  81  0  81  0  

81  0  0  81  81  0  81  0  0  81  81  81  0  81  81  81  0  0  0  0  81  0  81  0  81  0  0  81  0  0  0  81  0  81  81  81  0  81  0  81  81  81  0  0  81  0  0  0  0  0  81  81  0  0  81  0  81  81  81  81  0  0  0  0  0  81  81  81  81  0  0  0  81  81  81  0  0  81  81  81  

0  0  81  0  0  0  81  81  0  0  0  81  0  81  0  0  0  81  81  81  81  81  0  0  81  81  0  81  81  81  0  0  0  81  0  0  81  81  0  0  81  0  81  81  0  0  0  0  0  81  0  81  81  81  0  0  0  81  0  0  0  0  0  0  81  0  81  81  0  0  81  81  81  0  0  0  81  81  0  81  

0  0  81  81  81  81  0  81  81  81  81  81  0  0  0  0  0  81  81  0  0  0  0  81  81  81  0  81  0  0  81  81  0  0  0  0  0  0  81  0  0  0  0  81  0  81  0  0  81  0  0  0  0  0  0  81  81  81  81  81  0  0  81  81  0  81  81  0  81  0  81  0  81  0  81  81  81  0  81  81  

0  81  0  81  0  0  81  81  81  0  0  0  81  0  81  0  0  81  81  81  81  0  0  81  0  81  81  81  81  0  0  0  81  0  0  0  81  81  81  81  81  0  81  0  0  0  0  0  81  81  0  0  0  0  81  0  0  81  0  81  0  0  0  0  81  81  0  0  0  81  81  81  0  81  0  0  81  0  81  81  

81  0  0  81  0  81  0  0  0  0  0  81  0  0  81  81  0  81  0  81  0  0  81  81  81  0  81  81  0  0  0  0  0  0  81  81  0  81  0  81  81  81  81  0  0  81  81  0  81  0  0  0  0  0  0  0  81  81  81  0  0  81  81  81  0  0  0  81  81  81  81  0  0  81  81  0  0  81  0  0  

0  0  0  81  81  0  0  0  81  81  0  0  81  0  81  0  81  81  81  81  0  81  0  0  0  0  81  0  0  0  0  81  0  0  81  0  81  81  81  81  81  0  0  0  0  81  0  81  0  0  0  0  81  81  81  81  81  0  0  81  0  81  81  0  81  81  0  81  0  81  0  81  81  81  0  0  0  81  81  0  

81  81  0  0  81  0  0  0  81  81  0  81  0  81  81  0  0  81  0  0  81  0  81  0  0  81  0  81  0  0  81  0  0  0  81  81  81  81  81  0  81  81  0  81  0  81  0  81  0  0  81  0  0  81  0  0  81  0  0  0  0  0  81  0  81  81  81  81  81  0  0  81  81  0  0  0  0  0  0  0  

81  0  81  0  81  81  0  0  81  0  0  0  81  0  0  0  0  0  0  81  0  81  0  0  0  81  81  81  0  0  81  81  0  0  81  0  0  81  81  0  81  81  0  81  0  81  81  0  0  0  81  81  0  81  81  0  0  0  0  0  0  81  81  0  81  0  81  0  0  81  81  81  0  81  0  0  0  81  81  81  

0  0  81  81  81  0  81  0  0  0  81  0  0  81  0  81  0  0  0  0  0  0  81  81  81  0  0  0  81  81  0  0  0  81  81  0  0  0  81  0  0  0  81  0  0  0  81  81  0  81  0  81  81  0  0  0  0  0  0  0  0  0  0  81  0  81  81  0  81  0  81  0  0  0  81  0  0  0  81  0  

0  81  81  81  0  0  0  0  0  0  0  0  0  0  81  0  81  0  0  81  0  0  0  0  0  0  81  0  81  81  0  81  0  81  0  0  0  81  0  81  0  0  0  81  0  81  0  0  0  0  81  0  0  0  0  81  0  0  0  81  81  81  81  81  0  0  0  0  81  0  0  0  0  0  0  81  0  81  81  0  

81  0  81  0  0  81  81  81  81  0  0  0  81  81  0  81  81  0  0  0  0  0  0  81  0  81  0  0  0  0  0  81  0  81  0  0  0  0  81  0  0  0  0  0  0  0  0  0  81  0  0  0  0  81  0  0  0  81  81  81  0  0  0  0  81  81  0  81  81  81  0  0  0  0  0  0  81  0  0  81  

0  0  0  0  81  0  0  0  0  0  0  0  0  81  0  0  0  0  81  0  0  0  81  0  0  81  81  0  0  0  0  81  81  81  0  0  0  0  0  81  81  81  81  81  0  81  81  0  81  0  81  81  0  0  0  0  0  81  0  81  0  81  0  0  0  0  81  81  0  0  81  81  0  81  0  81  0  81  0  81  

0  0  0  0  0  0  81  0  81  0  0  81  0  81  0  0  0  0  81  81  0  0  0  0  0  0  0  81  0  0  0  0  81  0  81  0  0  0  0  81  81  0  81  0  81  0  0  81  0  0  0  0  0  0  0  0  0  0  0  0  81  81  0  0  81  81  81  0  81  81  0  81  0  81  81  81  0  0  81  0  

81  0  0  81  0  81  0  81  0  0  0  0  0  0  81  0  81  0  0  0  0  0  0  0  0  81  81  0  0  0  0  0  81  0  0  0  81  81  0  81  81  0  0  0  0  81  0  0  81  0  81  81  81  0  0  0  0  0  81  81  0  0  0  81  0  0  81  81  81  81  0  0  0  81  0  0  81  81  0  81  

UnPairedArc=
1 5 
1 10 
1 11 
1 13 
1 15 
1 17 
1 19 
1 21 
1 22 
1 24 
1 28 
1 30 
1 36 
1 37 
1 41 
1 42 
1 45 
1 56 
1 57 
1 66 
1 67 
1 71 
1 73 
1 74 
1 77 
1 80 
2 6 
2 9 
2 14 
2 16 
2 19 
2 21 
2 22 
2 30 
2 31 
2 34 
2 36 
2 42 
2 48 
2 49 
2 50 
2 51 
2 53 
2 54 
2 60 
2 62 
2 64 
2 65 
2 70 
2 73 
2 76 
3 5 
3 6 
3 7 
3 8 
3 10 
3 11 
3 12 
3 13 
3 14 
3 15 
3 18 
3 19 
3 23 
3 26 
3 32 
3 33 
3 38 
3 40 
3 41 
3 43 
3 45 
3 46 
3 48 
3 49 
3 50 
3 54 
3 55 
3 56 
3 57 
3 59 
3 62 
3 64 
3 68 
3 69 
3 74 
3 75 
3 76 
3 77 
4 8 
4 11 
4 12 
4 13 
4 15 
4 17 
4 18 
4 22 
4 25 
4 26 
4 27 
4 29 
4 31 
4 34 
4 36 
4 37 
4 43 
4 48 
4 50 
4 51 
4 59 
4 62 
4 65 
4 66 
4 67 
4 69 
4 70 
4 71 
4 72 
4 75 
4 76 
4 80 
5 7 
5 8 
5 10 
5 14 
5 15 
5 17 
5 21 
5 26 
5 28 
5 31 
5 38 
5 43 
5 49 
5 50 
5 58 
5 59 
5 65 
5 67 
5 69 
5 72 
5 73 
5 74 
5 75 
5 78 
6 14 
6 18 
6 22 
6 23 
6 24 
6 26 
6 27 
6 30 
6 34 
6 36 
6 37 
6 38 
6 39 
6 40 
6 42 
6 45 
6 48 
6 50 
6 51 
6 54 
6 55 
6 59 
6 60 
6 62 
6 65 
6 66 
6 69 
6 71 
6 74 
6 77 
6 80 
7 8 
7 9 
7 11 
7 13 
7 15 
7 16 
7 18 
7 19 
7 29 
7 30 
7 35 
7 36 
7 38 
7 41 
7 42 
7 43 
7 45 
7 47 
7 51 
7 52 
7 53 
7 57 
7 58 
7 59 
7 65 
7 66 
7 67 
7 68 
7 70 
7 75 
7 77 
7 79 
8 10 
8 13 
8 15 
8 18 
8 23 
8 25 
8 26 
8 27 
8 31 
8 32 
8 33 
8 37 
8 40 
8 42 
8 44 
8 47 
8 49 
8 50 
8 51 
8 55 
8 60 
8 64 
8 68 
8 69 
8 70 
8 77 
8 80 
9 10 
9 13 
9 14 
9 15 
9 25 
9 29 
9 30 
9 35 
9 38 
9 47 
9 50 
9 54 
9 63 
9 64 
9 65 
9 66 
9 69 
9 70 
9 72 
9 73 
9 74 
9 77 
9 79 
10 12 
10 18 
10 19 
10 21 
10 26 
10 28 
10 29 
10 30 
10 32 
10 34 
10 36 
10 37 
10 38 
10 45 
10 47 
10 50 
10 54 
10 55 
10 57 
10 63 
10 64 
10 65 
10 67 
10 69 
10 72 
10 73 
11 12 
11 15 
11 19 
11 20 
11 25 
11 26 
11 31 
11 32 
11 38 
11 41 
11 43 
11 44 
11 46 
11 49 
11 58 
11 59 
11 60 
11 62 
11 64 
11 65 
11 66 
11 67 
11 69 
11 75 
12 13 
12 15 
12 18 
12 19 
12 21 
12 22 
12 23 
12 24 
12 27 
12 37 
12 38 
12 39 
12 40 
12 41 
12 43 
12 45 
12 47 
12 49 
12 51 
12 54 
12 57 
12 63 
12 65 
12 67 
12 68 
12 69 
12 71 
12 73 
12 79 
13 21 
13 26 
13 27 
13 30 
13 32 
13 38 
13 42 
13 44 
13 45 
13 49 
13 51 
13 53 
13 54 
13 56 
13 58 
13 59 
13 61 
13 62 
13 63 
13 64 
13 70 
13 72 
13 74 
13 77 
14 16 
14 18 
14 19 
14 20 
14 22 
14 25 
14 28 
14 33 
14 34 
14 35 
14 36 
14 38 
14 39 
14 40 
14 46 
14 48 
14 54 
14 55 
14 58 
14 62 
14 65 
14 66 
14 67 
14 68 
14 73 
14 75 
14 77 
14 78 
14 79 
15 22 
15 24 
15 27 
15 32 
15 34 
15 36 
15 37 
15 39 
15 40 
15 46 
15 47 
15 48 
15 50 
15 53 
15 54 
15 57 
15 58 
15 59 
15 61 
15 62 
15 67 
15 70 
15 71 
15 72 
15 73 
15 76 
15 80 
16 17 
16 18 
16 21 
16 24 
16 26 
16 32 
16 35 
16 38 
16 45 
16 47 
16 50 
16 53 
16 55 
16 56 
16 58 
16 61 
16 67 
16 71 
16 75 
16 77 
17 18 
17 19 
17 20 
17 21 
17 22 
17 24 
17 29 
17 30 
17 31 
17 32 
17 34 
17 38 
17 39 
17 43 
17 47 
17 51 
17 54 
17 55 
17 57 
17 59 
17 60 
17 61 
17 65 
17 66 
17 72 
17 76 
17 77 
17 80 
18 19 
18 22 
18 25 
18 27 
18 29 
18 30 
18 31 
18 32 
18 39 
18 44 
18 45 
18 46 
18 53 
18 54 
18 55 
18 61 
18 62 
18 63 
18 66 
18 68 
18 69 
18 70 
18 71 
18 72 
18 73 
19 20 
19 28 
19 29 
19 31 
19 35 
19 36 
19 38 
19 40 
19 43 
19 47 
19 48 
19 53 
19 54 
19 57 
19 63 
19 64 
19 68 
19 69 
19 70 
19 72 
19 78 
19 79 
20 22 
20 23 
20 27 
20 28 
20 35 
20 37 
20 40 
20 42 
20 43 
20 45 
20 46 
20 49 
20 51 
20 53 
20 57 
20 58 
20 62 
20 63 
20 66 
20 68 
20 70 
20 71 
20 72 
20 74 
20 76 
20 79 
21 22 
21 23 
21 24 
21 27 
21 33 
21 35 
21 36 
21 37 
21 39 
21 40 
21 44 
21 46 
21 50 
21 53 
21 54 
21 57 
21 61 
21 63 
21 64 
21 66 
21 67 
21 68 
21 70 
21 73 
22 26 
22 27 
22 28 
22 33 
22 35 
22 38 
22 43 
22 46 
22 47 
22 49 
22 53 
22 54 
22 55 
22 56 
22 57 
22 58 
22 61 
22 62 
22 64 
22 65 
22 68 
22 72 
22 74 
23 24 
23 27 
23 29 
23 33 
23 35 
23 42 
23 43 
23 44 
23 45 
23 49 
23 53 
23 55 
23 56 
23 59 
23 60 
23 63 
23 64 
23 65 
23 67 
23 71 
23 73 
23 75 
23 78 
24 27 
24 28 
24 29 
24 31 
24 32 
24 33 
24 37 
24 41 
24 44 
24 46 
24 51 
24 52 
24 54 
24 57 
24 58 
24 60 
24 62 
24 64 
24 69 
24 70 
24 71 
24 75 
24 77 
25 32 
25 37 
25 38 
25 39 
25 40 
25 42 
25 51 
25 54 
25 58 
25 62 
25 66 
25 67 
25 68 
25 69 
25 71 
25 75 
26 29 
26 31 
26 32 
26 37 
26 42 
26 46 
26 49 
26 51 
26 52 
26 53 
26 54 
26 56 
26 63 
26 64 
26 66 
26 68 
26 69 
26 70 
26 73 
26 74 
26 77 
26 78 
26 80 
27 29 
27 31 
27 32 
27 34 
27 39 
27 44 
27 47 
27 48 
27 49 
27 51 
27 53 
27 59 
27 60 
27 61 
27 70 
27 71 
27 72 
27 74 
27 76 
27 78 
27 80 
28 29 
28 34 
28 39 
28 43 
28 44 
28 48 
28 49 
28 50 
28 56 
28 61 
28 63 
28 67 
28 68 
28 69 
28 70 
28 71 
28 73 
28 74 
28 79 
29 33 
29 34 
29 35 
29 38 
29 39 
29 40 
29 42 
29 43 
29 44 
29 47 
29 49 
29 50 
29 51 
29 53 
29 55 
29 56 
29 62 
29 64 
29 68 
29 70 
29 75 
29 76 
30 36 
30 42 
30 49 
30 50 
30 51 
30 53 
30 55 
30 59 
30 65 
30 66 
30 68 
30 75 
30 76 
31 33 
31 41 
31 43 
31 45 
31 46 
31 48 
31 52 
31 53 
31 56 
31 58 
31 59 
31 61 
31 62 
31 69 
31 73 
31 74 
32 33 
32 34 
32 36 
32 37 
32 39 
32 44 
32 45 
32 48 
32 49 
32 50 
32 51 
32 53 
32 55 
32 57 
32 58 
32 67 
32 69 
32 72 
32 74 
32 76 
32 77 
32 78 
33 35 
33 36 
33 39 
33 40 
33 51 
33 52 
33 56 
33 58 
33 61 
33 64 
33 65 
33 70 
33 78 
33 79 
33 80 
34 38 
34 45 
34 48 
34 49 
34 50 
34 52 
34 54 
34 55 
34 57 
34 58 
34 61 
34 64 
34 65 
34 67 
34 68 
34 75 
34 76 
34 77 
34 78 
35 37 
35 38 
35 40 
35 41 
35 43 
35 46 
35 52 
35 53 
35 55 
35 56 
35 57 
35 63 
35 64 
35 65 
35 66 
35 67 
35 71 
35 72 
35 73 
35 74 
35 75 
35 79 
36 37 
36 44 
36 45 
36 47 
36 48 
36 49 
36 51 
36 56 
36 59 
36 62 
36 63 
36 66 
36 67 
36 71 
36 73 
37 38 
37 40 
37 42 
37 48 
37 50 
37 52 
37 57 
37 58 
37 61 
37 63 
37 65 
37 68 
37 70 
37 72 
37 73 
37 80 
38 39 
38 48 
38 50 
38 53 
38 54 
38 57 
38 58 
38 60 
38 63 
38 65 
38 67 
38 68 
38 70 
38 71 
38 72 
38 73 
38 74 
38 76 
38 80 
39 40 
39 42 
39 43 
39 45 
39 46 
39 49 
39 50 
39 54 
39 56 
39 58 
39 62 
39 63 
39 64 
39 66 
39 69 
39 70 
39 72 
39 73 
39 74 
39 75 
39 77 
40 42 
40 46 
40 47 
40 48 
40 54 
40 60 
40 64 
40 67 
40 70 
40 71 
40 72 
40 76 
40 78 
40 79 
40 80 
41 45 
41 47 
41 49 
41 56 
41 61 
41 62 
41 63 
41 66 
41 67 
41 68 
41 70 
41 71 
41 72 
41 73 
41 74 
41 78 
41 79 
41 80 
42 44 
42 45 
42 52 
42 63 
42 64 
42 66 
42 67 
42 71 
42 73 
42 74 
42 78 
43 44 
43 46 
43 47 
43 48 
43 51 
43 53 
43 56 
43 57 
43 62 
43 64 
43 65 
43 66 
43 68 
43 70 
43 71 
43 75 
43 78 
43 79 
44 45 
44 47 
44 48 
44 50 
44 51 
44 53 
44 61 
44 63 
44 68 
44 69 
44 73 
44 74 
44 76 
44 78 
45 47 
45 48 
45 49 
45 50 
45 52 
45 55 
45 56 
45 57 
45 59 
45 67 
45 79 
46 49 
46 53 
46 54 
46 56 
46 57 
46 58 
46 59 
46 60 
46 69 
46 71 
46 72 
46 73 
46 74 
46 76 
46 78 
46 80 
47 48 
47 50 
47 53 
47 56 
47 57 
47 60 
47 71 
47 74 
47 75 
47 78 
48 50 
48 53 
48 54 
48 58 
48 59 
48 61 
48 62 
48 63 
48 64 
48 65 
48 66 
48 72 
48 73 
48 75 
48 79 
49 57 
49 58 
49 60 
49 61 
49 62 
49 63 
49 69 
49 70 
49 71 
49 77 
49 78 
49 80 
50 51 
50 58 
50 63 
50 66 
50 68 
50 70 
50 75 
51 52 
51 53 
51 55 
51 56 
51 58 
51 61 
51 64 
51 66 
51 67 
51 73 
51 74 
51 76 
51 78 
51 80 
52 60 
52 62 
52 65 
52 66 
52 67 
52 68 
52 74 
52 75 
52 78 
52 80 
53 54 
53 55 
53 57 
53 59 
53 65 
53 66 
53 68 
53 72 
53 75 
53 80 
54 58 
54 60 
54 61 
54 62 
54 68 
54 72 
54 73 
54 74 
54 77 
55 57 
55 62 
55 63 
55 64 
55 65 
55 66 
55 67 
55 70 
55 72 
55 74 
56 57 
56 58 
56 59 
56 69 
56 72 
56 76 
57 60 
57 62 
57 65 
57 67 
57 69 
57 71 
57 72 
57 73 
58 60 
58 67 
58 68 
58 69 
58 70 
58 71 
58 77 
58 78 
59 60 
59 64 
59 65 
59 67 
59 69 
59 71 
59 77 
59 80 
60 61 
60 62 
60 63 
60 65 
60 66 
60 67 
60 69 
60 70 
60 72 
60 76 
60 77 
60 78 
60 80 
61 62 
61 64 
61 76 
61 79 
62 65 
62 71 
62 72 
62 74 
62 76 
62 78 
62 79 
63 69 
63 71 
63 72 
63 73 
63 74 
63 76 
64 66 
64 69 
64 71 
64 75 
64 76 
64 80 
65 68 
65 70 
65 72 
65 73 
65 74 
65 77 
65 79 
66 67 
66 69 
66 70 
66 72 
66 73 
66 75 
66 77 
66 79 
67 68 
67 69 
67 73 
67 74 
67 75 
67 78 
67 79 
67 80 
68 71 
68 72 
68 73 
68 77 
68 78 
68 80 
69 71 
69 73 
69 75 
69 76 
69 77 
69 79 
69 80 
70 71 
70 72 
70 74 
70 77 
70 79 
70 80 
71 74 
71 75 
71 78 
72 73 
72 74 
72 78 
72 79 
74 78 
74 79 
74 80 
75 79 
76 78 
76 79 
77 80 
78 80 
