nNodes=80;
 nPairs=1541;
Cost=

81  0  0  0  0  81  0  0  81  81  81  0  0  81  81  81  0  81  0  81  0  81  0  81  0  0  81  81  0  81  81  81  0  0  81  0  81  81  0  81  81  81  81  81  81  81  81  0  81  81  81  81  81  81  81  0  81  81  0  0  81  0  0  81  0  81  81  0  0  81  0  81  81  81  81  81  0  0  81  81  

0  81  0  81  81  0  0  81  0  81  0  0  0  0  81  0  0  0  81  0  0  0  0  81  81  81  81  0  81  81  0  0  81  0  0  0  81  0  0  81  0  81  81  0  0  0  81  0  0  81  0  0  81  81  81  0  81  0  81  0  0  0  81  0  81  0  81  81  81  0  0  81  0  0  81  0  81  0  0  81  

0  0  81  81  81  0  81  81  0  81  81  81  0  0  0  0  81  81  0  0  81  0  81  0  81  0  81  0  81  81  81  0  81  81  81  0  81  81  81  0  0  0  81  81  0  0  81  81  81  0  0  0  0  81  0  81  81  81  81  81  0  0  0  0  0  81  0  81  0  0  81  0  0  81  0  81  0  0  81  0  

0  81  81  81  81  0  0  81  0  81  0  81  81  81  0  0  0  81  81  0  0  0  0  81  0  81  81  81  0  81  81  81  0  0  0  0  81  0  0  81  0  0  81  0  81  0  81  81  0  81  0  0  0  0  0  81  81  0  81  0  0  0  0  0  0  0  81  81  81  0  81  81  81  0  0  0  81  0  0  81  

0  81  81  81  81  0  0  81  81  0  0  81  81  81  81  81  0  0  0  81  81  0  0  81  81  0  81  81  81  0  81  81  0  0  81  0  81  0  81  0  0  0  81  81  0  0  81  0  0  81  81  81  81  81  0  0  0  0  81  0  0  81  81  0  81  0  0  81  0  81  81  81  0  81  81  81  0  81  0  81  

81  0  0  0  0  81  81  81  81  0  0  0  0  0  81  81  0  81  81  81  0  0  0  0  0  81  0  0  0  81  0  0  81  81  81  0  0  81  0  81  0  0  0  81  0  0  0  0  0  81  81  0  0  0  81  81  0  81  0  81  81  81  0  0  81  0  0  81  0  0  0  0  81  81  81  81  81  81  81  0  

0  0  81  0  0  81  81  81  0  0  0  81  0  0  0  81  81  0  81  0  0  0  0  81  81  81  0  81  0  0  0  81  81  81  0  0  0  0  81  81  0  81  0  0  0  0  0  0  81  0  0  0  0  81  81  81  81  0  0  81  81  0  0  0  0  0  81  0  81  0  81  81  0  0  81  81  0  0  81  0  

0  81  81  81  81  81  81  81  81  81  81  81  0  81  81  81  0  81  81  0  81  81  0  0  0  0  81  81  0  0  0  81  0  81  0  0  81  0  81  0  81  0  81  81  81  81  0  0  0  0  0  0  0  0  81  0  81  81  81  0  0  0  0  81  81  81  0  81  0  81  0  0  81  81  81  0  81  0  0  81  

81  0  0  0  81  81  0  81  81  81  0  81  0  0  0  0  0  0  81  0  0  0  81  0  81  81  0  0  81  81  81  81  81  81  0  81  0  81  81  0  81  0  81  0  0  0  81  0  81  81  0  81  0  0  81  0  0  81  81  0  81  0  0  0  81  81  0  81  0  0  0  81  0  0  0  81  81  81  0  81  

81  81  81  81  0  0  0  81  81  81  81  81  0  81  81  0  0  81  81  0  81  81  0  0  81  0  81  0  0  81  0  81  81  81  0  0  0  0  0  81  0  0  0  0  0  0  0  0  0  0  0  0  81  0  81  0  81  0  0  0  81  81  0  0  81  81  0  0  81  0  0  0  0  0  0  81  81  0  81  0  

81  0  81  0  0  0  0  81  0  81  81  81  81  0  0  81  81  81  81  81  0  0  0  0  81  81  0  81  0  0  0  81  0  0  81  81  0  0  81  81  0  81  81  0  0  0  81  81  0  81  0  81  81  81  0  0  0  0  81  0  0  0  81  0  0  0  0  81  0  0  81  0  81  0  81  0  0  0  81  0  

0  0  81  81  81  0  81  81  81  81  81  81  81  81  81  81  0  0  81  81  81  81  0  0  81  81  81  0  81  81  0  0  0  0  0  0  0  0  81  0  0  0  0  81  81  81  0  0  0  81  81  0  81  0  0  0  0  0  0  81  81  0  0  0  81  0  0  0  81  81  81  81  81  81  81  0  81  81  81  81  

0  0  0  81  81  0  0  0  0  0  81  81  81  0  0  0  81  0  0  81  81  0  81  81  81  81  81  0  0  81  81  0  81  0  81  0  81  81  81  81  0  81  0  81  0  81  81  0  0  81  0  0  0  81  81  0  81  0  81  81  0  81  0  0  81  81  81  81  0  81  0  81  81  0  0  0  0  81  0  81  

81  0  0  81  81  0  0  81  0  81  0  81  0  81  81  0  0  0  0  81  81  0  0  81  0  81  81  81  81  0  81  0  0  81  81  81  81  81  0  81  0  0  0  81  0  0  81  0  81  0  0  0  81  81  0  0  0  81  81  0  0  81  0  0  81  0  81  81  0  81  0  81  0  0  81  0  0  81  81  0  

81  81  0  0  81  81  0  81  0  81  0  81  0  81  81  0  81  81  81  0  81  0  0  81  81  0  81  0  81  0  0  81  0  81  0  81  0  81  81  81  81  81  81  0  81  0  81  0  0  81  0  0  0  0  81  81  81  0  0  81  0  0  0  0  0  0  81  0  0  0  0  0  81  0  0  0  81  81  81  81  

81  0  0  0  81  81  81  81  0  0  81  81  0  0  0  81  81  81  0  81  0  0  0  81  0  0  81  81  0  0  81  0  81  0  0  0  0  0  81  0  0  0  0  81  0  81  0  0  0  81  81  0  0  0  0  0  81  81  0  0  81  81  81  0  0  0  81  0  0  0  81  0  0  0  81  81  81  81  81  0  

0  0  81  0  0  0  81  0  0  0  81  0  81  0  81  81  81  0  81  0  81  0  81  81  0  81  0  81  0  81  0  81  0  81  81  81  0  0  81  81  0  81  0  0  0  81  81  0  81  81  0  81  0  81  81  81  81  0  0  0  81  0  0  81  81  81  81  81  81  0  81  81  81  0  0  81  81  0  0  0  

81  0  81  81  0  81  0  81  0  81  81  0  0  0  81  81  0  81  81  81  81  0  0  81  81  0  0  81  0  0  81  0  81  0  0  81  0  0  81  0  81  0  81  0  0  81  81  0  81  81  0  0  0  81  0  0  0  81  81  81  0  0  81  0  81  0  0  81  0  81  0  0  81  81  0  81  0  81  0  81  

0  81  0  81  0  81  81  81  81  81  81  81  0  0  81  0  81  81  81  81  81  0  0  81  0  81  0  0  81  81  81  0  0  0  81  81  81  0  0  81  0  0  0  0  81  81  81  0  81  0  0  0  0  81  81  81  0  0  81  0  0  81  81  81  0  81  81  81  0  0  0  0  81  0  0  81  81  0  0  81  

81  0  0  0  81  81  0  0  0  0  81  81  81  81  0  81  0  81  81  81  81  81  81  0  0  0  81  0  81  0  81  0  0  0  81  81  81  81  81  81  81  81  81  0  0  81  81  81  81  0  0  0  81  0  81  81  81  81  81  81  0  81  81  0  0  81  0  0  0  81  0  0  81  81  0  0  0  0  0  81  

0  0  81  0  81  0  0  81  0  81  0  81  81  81  81  0  81  81  81  81  81  81  81  81  81  81  0  0  0  81  81  0  0  81  0  0  0  0  81  0  81  0  81  0  0  0  0  0  81  0  81  81  81  81  81  81  81  81  0  0  81  0  0  0  0  0  81  0  81  81  0  81  0  0  0  81  81  0  0  81  

81  0  0  0  0  0  0  81  0  81  0  81  0  0  0  0  0  0  0  81  81  81  0  81  81  81  0  0  81  81  0  0  0  0  0  81  0  0  81  81  0  0  0  81  81  81  81  81  81  0  81  0  81  0  0  81  0  0  81  81  0  0  0  0  81  81  0  0  81  81  81  0  0  0  0  0  0  0  81  81  

0  0  81  0  0  0  0  0  81  0  0  0  81  0  0  0  81  0  0  81  81  0  81  0  0  81  0  81  81  0  81  0  0  0  81  0  0  81  81  81  81  0  0  81  81  81  81  81  81  81  81  0  81  0  0  0  81  0  0  0  0  0  81  81  81  81  0  81  81  0  81  81  0  0  81  81  0  81  81  81  

81  81  0  81  81  0  81  0  0  0  0  0  81  81  81  81  81  81  81  0  81  81  0  81  0  0  81  81  81  0  0  0  0  81  0  81  0  0  0  0  0  81  81  0  81  81  81  81  81  81  81  0  0  0  81  0  81  81  81  81  0  0  81  81  0  81  0  0  0  81  0  81  81  81  81  0  81  81  0  81  

0  81  81  0  81  0  81  0  81  81  81  81  81  0  81  0  0  81  0  0  81  81  0  0  81  81  0  81  81  0  0  0  0  81  81  0  81  0  0  0  0  0  81  0  0  0  0  81  81  81  81  0  81  81  0  0  0  81  0  0  0  0  81  81  81  81  0  81  0  0  81  0  81  0  81  81  81  81  81  81  

0  81  0  81  0  81  81  0  81  0  81  81  81  81  0  0  81  0  81  0  81  81  81  0  81  81  0  0  81  0  81  0  0  81  0  0  0  0  81  81  0  0  0  81  81  81  0  81  81  0  81  81  0  81  0  0  81  81  81  81  0  81  81  0  0  81  81  0  81  81  81  0  81  0  0  81  0  0  0  81  

81  81  81  81  81  0  0  81  0  81  0  81  81  81  81  81  0  0  0  81  0  0  0  81  0  0  81  0  81  81  0  0  0  81  81  81  81  81  81  81  81  81  0  0  81  0  0  0  0  81  81  81  81  81  0  81  0  0  81  0  0  81  0  0  81  0  81  81  81  0  0  0  81  0  81  81  0  81  81  0  

81  0  0  81  81  0  81  81  0  0  81  0  0  81  0  81  81  81  0  0  0  0  81  81  81  0  0  81  0  0  81  81  0  0  81  81  81  81  0  0  0  0  81  81  81  81  0  81  81  0  0  81  0  81  81  0  81  81  0  0  0  81  81  0  0  81  81  0  81  81  0  0  0  0  81  81  81  0  81  0  

0  81  81  0  81  0  0  0  81  0  0  81  0  81  81  0  0  0  81  81  0  81  81  81  81  81  81  0  81  0  81  81  0  81  81  81  0  0  0  0  81  0  0  81  0  0  81  0  0  81  0  0  81  0  81  0  0  81  81  81  81  0  0  0  0  0  81  81  0  81  81  0  81  0  81  0  81  0  0  81  

81  81  81  81  0  81  0  0  81  81  0  81  81  0  0  0  81  0  81  0  81  81  0  0  0  0  81  0  0  81  81  0  0  81  0  0  81  0  0  81  0  81  0  0  81  81  0  0  0  0  0  81  0  81  81  81  0  81  81  0  81  0  0  81  81  0  81  81  81  0  0  0  0  0  81  0  0  0  0  81  

81  0  81  81  81  0  0  0  81  0  0  0  81  81  0  81  0  81  81  81  81  0  81  0  0  81  0  81  81  81  81  81  81  0  81  0  81  81  0  81  0  81  0  81  0  0  0  81  0  81  81  81  0  0  81  0  0  0  0  0  81  81  81  0  0  0  0  81  81  81  0  0  81  81  0  81  0  0  81  81  

81  0  0  81  81  0  81  81  81  81  81  0  0  0  81  0  81  0  0  0  0  0  0  0  0  0  0  81  81  0  81  81  81  81  81  81  0  81  0  0  0  0  0  0  0  0  81  0  0  0  0  81  81  0  0  0  81  0  0  0  0  81  81  81  0  81  81  81  81  0  81  0  81  81  0  0  0  81  81  0  

0  81  81  0  0  81  81  0  81  81  0  0  81  0  0  81  0  81  0  0  0  0  0  0  0  0  0  0  0  0  81  81  81  0  0  81  81  81  81  81  81  0  0  0  81  0  81  81  0  81  81  0  81  0  0  81  81  0  81  81  81  0  81  0  81  0  81  0  0  0  0  0  0  0  81  0  81  81  81  81  

0  0  81  0  0  81  81  81  81  81  0  0  0  81  81  0  81  0  0  0  81  0  0  81  81  81  81  0  81  81  0  81  0  81  0  0  81  0  0  0  0  0  81  81  81  0  81  81  0  81  81  0  0  81  81  0  81  81  81  81  81  0  0  0  81  81  81  81  81  0  0  81  0  81  0  0  81  0  0  0  

81  0  81  0  81  81  0  0  0  0  81  0  81  81  0  0  81  0  81  81  0  0  81  0  81  0  81  81  81  0  81  81  0  0  81  81  0  0  81  0  81  0  81  0  81  81  81  81  0  0  81  0  0  81  81  81  81  81  0  0  81  81  0  81  0  81  81  0  81  0  81  0  81  0  81  0  81  0  81  81  

0  0  0  0  0  0  0  0  81  0  81  0  0  81  81  0  81  81  81  81  0  81  0  81  0  0  81  81  81  0  0  81  81  0  81  81  81  81  0  0  0  0  81  0  0  81  0  81  81  0  0  81  81  0  0  81  0  0  0  0  81  81  0  0  0  81  81  81  0  0  0  0  81  0  81  0  0  0  81  81  

81  81  81  81  81  0  0  81  0  0  0  0  81  81  0  0  0  0  81  81  0  0  0  0  81  0  81  81  0  81  81  0  81  81  0  81  81  81  0  81  0  81  0  81  81  81  81  81  0  0  81  0  81  0  0  81  0  0  81  81  0  81  81  81  81  81  0  0  81  81  0  0  0  81  81  0  81  81  81  81  

81  0  81  0  0  81  0  0  81  0  0  0  81  81  81  0  0  0  0  81  0  0  81  0  0  0  81  81  0  0  81  81  81  0  0  81  81  81  0  81  0  0  81  81  81  0  81  81  81  81  0  81  81  81  0  81  0  81  0  81  0  81  0  0  0  0  81  81  81  0  81  81  0  81  81  81  0  81  81  81  

0  0  81  0  81  0  81  81  81  0  81  81  81  0  81  81  81  81  0  81  81  81  81  0  0  81  81  0  0  0  0  0  81  0  81  0  0  0  81  0  81  81  81  81  81  81  0  81  0  81  0  0  0  81  81  0  81  81  81  81  0  0  0  81  0  0  81  0  81  0  81  0  0  0  81  81  81  81  0  81  

81  81  0  81  0  81  81  0  0  81  81  0  81  81  81  0  81  0  81  81  0  81  81  0  0  81  81  0  0  81  81  0  81  0  0  0  81  81  0  81  0  0  0  0  81  0  81  0  81  81  81  81  0  81  0  0  81  81  0  0  81  0  81  81  0  81  0  81  81  81  0  81  0  81  0  0  81  81  81  0  

81  0  0  0  0  0  0  81  81  0  0  0  0  0  81  0  0  81  0  81  81  0  81  0  0  0  81  0  81  0  0  0  81  0  81  0  0  0  81  0  81  0  81  81  0  81  81  0  0  81  81  0  81  81  0  81  0  81  0  0  81  0  0  0  81  81  0  0  0  81  0  0  0  81  0  0  0  0  0  81  

81  81  0  0  0  0  81  0  0  0  81  0  81  0  81  0  81  0  0  81  0  0  0  81  0  0  81  0  0  81  81  0  0  0  0  0  81  0  81  0  0  81  81  0  81  81  81  81  81  81  0  0  0  81  0  81  81  81  0  81  0  81  81  0  81  0  81  0  81  0  81  81  81  0  81  81  0  81  0  0  

81  81  81  81  81  0  0  81  81  0  81  0  0  0  81  0  0  81  0  81  81  0  0  81  81  0  0  81  0  0  0  0  0  81  81  81  0  81  81  0  81  81  81  0  81  81  0  0  81  81  0  0  0  0  0  0  81  0  81  81  0  0  81  81  0  81  0  0  81  81  81  0  0  0  0  0  81  0  0  81  

81  0  81  0  81  81  0  81  0  0  0  81  81  81  0  81  0  0  0  0  0  81  81  0  0  81  0  81  81  0  81  0  0  81  0  0  81  81  81  0  81  0  0  81  0  81  0  0  81  81  0  81  81  0  0  81  81  81  81  0  0  0  0  81  0  0  81  0  0  81  0  81  0  0  81  81  0  0  81  0  

81  0  0  81  0  0  0  81  0  0  0  81  0  0  81  0  0  0  81  0  0  81  81  81  0  81  81  81  0  81  0  0  81  81  81  0  81  81  81  81  0  81  81  0  81  0  81  0  0  0  81  81  0  0  81  0  0  81  0  81  81  0  81  81  81  81  0  0  0  81  81  0  0  81  81  81  0  81  0  0  

81  0  0  0  0  0  0  81  0  0  0  81  81  0  0  81  81  81  81  81  0  81  81  81  0  81  0  81  0  81  0  0  0  0  81  81  81  0  81  0  81  81  81  81  0  81  0  81  0  0  0  0  0  81  0  0  0  0  81  81  81  81  0  81  81  81  81  81  0  0  0  81  81  0  0  81  0  81  81  0  

81  81  81  81  81  0  0  0  81  0  81  0  81  81  81  0  81  81  81  81  0  81  81  81  0  0  0  0  81  0  0  81  81  81  81  0  81  81  0  81  81  81  0  0  81  0  81  81  81  0  81  81  0  0  0  0  81  0  81  0  81  81  0  0  0  0  0  81  0  81  81  0  81  0  0  0  81  81  81  0  

0  0  81  81  0  0  0  0  0  0  81  0  0  0  0  0  0  0  0  81  0  81  81  81  81  81  0  81  0  0  81  0  81  81  81  81  81  81  81  0  0  81  0  0  0  81  81  81  81  81  0  81  81  0  81  0  0  81  81  0  81  0  0  81  0  0  0  0  0  81  81  0  0  0  0  81  0  0  0  81  

81  0  81  0  0  0  81  0  81  0  0  0  0  81  0  0  81  81  81  81  81  81  81  81  81  81  0  81  0  0  0  0  0  0  0  81  0  81  0  81  0  81  81  81  0  0  81  81  81  0  81  0  81  81  0  81  81  81  0  81  0  0  0  0  0  0  0  81  81  0  81  81  0  81  81  0  0  81  0  81  

81  81  0  81  81  81  0  0  81  0  81  81  81  0  81  81  81  81  0  0  0  0  81  81  81  0  81  0  81  0  81  0  81  81  0  0  0  81  81  81  81  81  81  81  0  0  0  81  0  81  81  0  81  81  81  0  81  81  0  81  0  81  0  0  81  81  0  81  0  81  81  0  0  81  0  0  0  0  0  0  

81  0  0  0  81  81  0  0  0  0  0  81  0  0  0  81  0  0  0  0  81  81  81  81  81  81  81  0  0  0  81  0  81  81  81  0  81  0  0  81  81  0  0  0  81  0  81  0  81  81  81  0  0  0  81  81  81  0  81  81  0  81  81  81  0  0  0  81  0  81  0  0  81  81  0  0  0  0  81  81  

81  0  0  0  81  0  0  0  81  0  81  0  0  0  0  0  81  0  0  0  81  0  0  0  0  81  81  81  0  81  81  81  0  0  0  81  0  81  0  81  0  0  0  81  81  0  81  81  0  0  0  81  0  0  81  81  0  81  0  0  81  81  0  81  81  81  81  0  0  81  0  81  0  0  0  81  81  81  81  81  

81  81  0  0  81  0  0  0  0  81  81  81  0  81  0  0  0  0  0  81  81  81  81  0  81  0  81  0  81  0  0  81  81  0  0  81  81  81  0  0  81  0  0  81  0  0  0  81  81  81  0  0  81  0  0  0  81  81  81  0  81  81  81  81  81  0  0  0  81  81  81  0  81  81  81  0  81  0  81  0  

81  81  81  0  81  0  81  0  0  0  81  0  81  81  0  0  81  81  81  0  81  0  0  0  81  81  81  81  0  81  0  0  0  81  81  0  0  81  81  81  81  81  0  0  0  81  0  0  81  81  0  0  0  81  81  81  0  81  81  0  81  0  81  81  0  81  81  81  81  81  0  0  81  0  0  0  0  81  0  0  

81  81  0  0  0  81  81  81  81  81  0  0  81  0  81  0  81  0  81  81  81  0  0  81  0  0  0  81  81  81  81  0  0  81  81  0  0  0  81  0  0  0  0  0  81  0  0  81  0  81  81  81  0  81  81  81  0  0  0  0  0  81  81  81  0  0  81  0  0  81  0  0  0  0  0  0  0  0  81  0  

0  0  81  81  0  81  81  0  0  0  0  0  0  0  81  0  81  0  81  81  81  81  0  0  0  0  81  0  0  81  0  0  81  0  81  81  81  81  0  0  81  81  0  81  0  0  0  0  81  0  81  81  0  81  81  81  0  0  0  0  0  0  81  0  0  81  0  81  0  81  81  0  81  0  0  0  81  0  0  0  

81  81  81  81  0  0  81  81  0  81  0  0  81  0  81  81  81  0  0  81  81  0  81  81  0  81  0  81  0  0  0  81  81  81  81  0  0  0  81  81  0  81  81  81  0  0  81  0  81  81  81  0  81  0  0  0  81  0  81  81  81  81  0  0  81  81  0  81  0  0  81  0  81  0  81  0  0  0  0  0  

81  0  81  0  0  81  0  81  81  0  0  0  0  81  0  81  0  81  0  81  81  0  0  81  81  81  0  81  81  81  0  0  0  81  81  0  0  81  81  81  81  81  0  81  81  0  0  81  81  81  0  81  81  81  0  0  0  81  81  0  0  0  81  81  0  81  81  81  0  0  0  0  0  81  81  0  0  81  0  0  

0  81  81  81  81  0  0  81  81  0  81  0  81  81  0  0  0  81  81  81  0  81  0  81  0  81  81  0  81  81  0  0  81  81  0  0  81  0  81  0  0  0  81  81  0  81  81  81  0  0  81  0  81  81  0  0  81  81  81  0  0  0  81  81  0  0  81  81  81  81  81  81  0  81  0  0  0  0  0  81  

0  0  81  0  0  81  81  0  0  0  0  81  81  0  81  0  0  81  0  81  0  81  0  81  0  81  0  0  81  0  0  0  81  81  0  0  81  81  81  0  0  81  81  0  81  81  0  0  81  81  81  0  0  0  0  0  81  0  0  81  81  81  0  81  81  81  0  0  0  81  81  0  0  81  81  81  81  0  0  0  

81  0  0  0  0  81  81  0  81  81  0  81  0  0  0  81  81  0  0  0  81  0  0  0  0  0  0  0  81  81  81  0  81  81  81  81  0  0  0  81  81  0  0  0  81  81  81  81  0  0  0  81  81  81  0  0  81  0  0  81  81  81  0  0  81  0  0  81  81  0  0  0  81  81  0  0  0  81  0  0  

0  0  0  0  81  81  0  0  0  81  0  0  81  81  0  81  0  0  81  81  0  0  0  0  0  81  81  81  0  0  81  81  0  0  81  81  81  81  0  0  0  81  0  0  0  81  81  0  0  81  81  81  81  0  81  0  81  0  0  81  81  81  81  81  81  81  81  0  81  81  81  81  81  81  0  81  81  81  81  0  

0  81  0  0  81  0  0  0  0  0  81  0  0  0  0  81  0  81  81  81  0  0  81  81  81  81  0  81  0  0  81  81  81  0  0  0  81  0  0  81  0  81  81  0  81  0  0  0  0  0  81  0  81  81  81  81  0  81  81  0  0  81  81  81  81  81  81  0  0  81  81  0  81  0  81  81  81  0  0  81  

81  0  0  0  0  0  0  81  0  0  0  0  0  0  0  0  81  0  81  0  0  0  81  81  81  0  0  0  0  81  0  81  0  0  81  0  81  0  81  81  0  0  81  81  81  81  0  81  0  0  81  81  81  81  81  0  0  81  81  81  0  81  81  81  81  0  81  0  81  0  81  0  81  0  81  81  0  0  81  81  

0  81  0  0  81  81  0  81  81  81  0  81  81  81  0  0  81  81  0  0  0  81  81  0  81  0  81  0  0  81  0  0  81  81  0  0  81  0  0  0  81  81  0  0  81  81  0  0  0  81  0  81  81  0  0  0  81  0  0  81  81  81  81  81  81  81  0  81  0  0  0  0  81  0  0  0  81  0  81  81  

81  0  81  0  0  0  0  81  81  81  0  0  81  0  0  0  81  0  81  81  0  81  81  81  81  81  0  81  0  0  0  81  0  81  81  81  81  0  0  81  81  0  81  0  81  81  0  0  0  81  0  81  0  81  0  81  81  81  0  81  0  81  81  0  81  81  81  0  0  81  0  81  81  0  0  81  0  0  81  81  

81  81  0  81  0  0  81  0  0  0  0  0  81  81  81  81  81  0  81  0  81  0  0  0  0  81  81  81  81  81  0  81  81  81  81  81  0  81  81  0  0  81  0  81  0  81  0  0  0  0  0  81  0  81  81  0  0  81  81  0  0  81  81  81  0  81  81  81  0  0  81  0  0  0  0  81  0  0  0  0  

0  81  81  81  81  81  0  81  81  0  81  0  81  81  0  0  81  81  81  0  0  0  81  0  81  0  81  0  81  81  81  81  0  81  0  81  0  81  0  81  0  0  0  0  0  81  81  0  81  81  81  0  0  81  0  81  81  81  81  0  81  0  0  0  81  0  81  81  81  81  0  81  0  81  0  81  81  81  81  81  

0  81  0  81  0  0  81  0  0  81  0  81  0  0  0  0  81  0  0  0  81  81  81  0  0  81  81  81  0  81  81  81  0  81  81  0  81  81  81  81  0  81  81  0  0  0  0  0  81  0  0  0  81  81  0  0  0  0  81  0  81  81  0  81  0  0  0  81  81  81  0  81  81  0  0  0  0  81  81  81  

81  0  0  0  81  0  0  81  0  0  0  81  81  81  0  0  0  81  0  81  81  81  0  81  0  81  0  81  81  0  81  0  0  0  0  0  81  0  0  81  81  0  81  81  81  0  81  81  0  81  81  81  81  81  81  81  0  0  81  81  0  81  81  0  0  81  0  81  81  81  81  0  81  0  81  81  81  81  0  81  

0  0  81  81  81  0  81  0  0  0  81  81  0  0  0  81  81  0  0  0  0  81  81  0  81  81  0  0  81  0  0  81  0  0  81  0  0  81  81  0  0  81  81  0  81  0  81  81  81  81  0  0  81  0  0  81  81  0  81  81  0  81  81  81  0  0  81  0  0  81  81  81  0  0  0  81  0  0  81  81  

81  81  0  81  81  0  81  0  81  0  0  81  81  81  0  0  81  0  0  0  81  0  81  81  0  0  0  0  0  0  0  0  0  81  0  0  0  81  0  81  0  81  0  81  0  81  0  0  81  0  0  81  0  0  0  0  0  0  81  0  0  81  0  0  0  81  0  81  81  0  81  81  81  0  81  81  0  81  0  81  

81  0  0  81  0  81  0  81  0  0  81  81  81  0  81  0  81  81  81  81  0  0  0  81  81  81  81  0  81  0  81  81  0  0  81  81  0  0  0  0  0  81  0  0  0  81  81  0  0  0  81  0  81  81  0  81  81  0  0  0  81  81  81  81  81  81  0  0  81  81  0  81  81  0  81  81  0  81  0  0  

81  0  81  0  81  81  0  81  0  0  0  81  0  0  0  0  0  81  0  81  0  0  0  81  0  0  0  0  0  0  81  81  0  81  0  0  81  81  0  81  81  0  0  0  81  0  0  0  81  81  81  0  81  0  0  0  0  81  81  81  81  81  0  0  0  0  0  81  0  0  0  0  0  81  0  81  0  0  81  81  

81  81  0  0  81  81  81  81  0  0  81  81  0  81  0  81  0  0  0  0  0  0  81  81  81  0  81  81  81  81  0  0  81  0  81  81  81  81  81  0  0  81  0  81  81  0  0  0  81  0  0  0  81  0  0  0  81  81  0  81  0  0  81  81  0  0  0  0  0  81  0  81  81  0  81  0  81  0  0  0  

81  0  81  0  81  81  81  0  81  81  0  0  0  0  0  81  81  81  81  0  81  0  81  0  81  81  81  81  0  0  81  0  0  0  0  0  0  81  81  0  0  81  0  81  81  81  0  81  0  0  0  81  0  0  0  0  0  0  0  81  0  81  81  81  0  81  81  81  0  81  81  81  81  81  0  81  0  81  81  81  

0  81  0  81  0  81  0  81  81  81  0  81  0  0  81  81  81  0  81  0  81  0  0  81  81  0  0  81  81  0  0  0  81  81  81  0  81  0  81  81  0  0  81  0  0  0  81  0  0  0  0  81  81  0  0  81  0  0  0  81  0  81  81  0  81  0  0  81  0  81  0  0  0  0  81  0  81  81  81  0  

0  0  0  0  81  81  0  0  81  0  0  81  81  81  81  81  0  81  0  0  0  0  81  81  81  0  81  0  0  0  0  81  81  0  0  0  81  81  81  81  0  81  0  0  81  81  81  0  81  0  0  81  0  81  0  0  0  81  0  0  81  81  0  0  0  0  0  81  81  81  0  81  81  0  0  81  81  81  0  0  

81  0  81  0  0  81  81  0  0  81  81  81  0  81  81  81  0  0  0  0  0  81  81  0  81  0  81  81  0  0  81  81  81  0  81  81  81  81  0  81  0  0  0  81  0  81  81  0  0  0  81  81  81  0  81  0  0  0  0  0  0  81  0  81  81  81  0  81  81  0  81  0  0  81  0  81  81  0  81  81  

81  81  0  81  81  0  0  81  81  0  0  81  81  0  81  0  0  81  81  81  81  81  81  81  81  81  0  0  81  81  81  0  81  0  81  81  81  81  81  0  81  0  81  0  0  0  0  81  81  0  81  81  0  0  0  0  0  0  81  0  0  0  81  81  81  81  0  81  81  81  81  81  0  81  0  81  0  0  81  81  

UnPairedArc=
1 6 
1 9 
1 10 
1 11 
1 14 
1 15 
1 16 
1 18 
1 20 
1 22 
1 24 
1 27 
1 28 
1 30 
1 31 
1 32 
1 35 
1 37 
1 38 
1 40 
1 41 
1 42 
1 43 
1 44 
1 45 
1 46 
1 47 
1 49 
1 50 
1 51 
1 52 
1 53 
1 54 
1 55 
1 57 
1 58 
1 61 
1 64 
1 66 
1 67 
1 70 
1 72 
1 73 
1 74 
1 75 
1 76 
1 79 
1 80 
2 4 
2 5 
2 8 
2 10 
2 15 
2 19 
2 24 
2 25 
2 26 
2 27 
2 29 
2 30 
2 33 
2 37 
2 40 
2 42 
2 43 
2 47 
2 50 
2 53 
2 54 
2 55 
2 57 
2 59 
2 63 
2 65 
2 67 
2 68 
2 69 
2 72 
2 75 
2 77 
2 80 
3 4 
3 5 
3 7 
3 8 
3 10 
3 11 
3 12 
3 17 
3 18 
3 21 
3 23 
3 25 
3 27 
3 29 
3 30 
3 31 
3 33 
3 34 
3 35 
3 37 
3 38 
3 39 
3 43 
3 44 
3 47 
3 48 
3 49 
3 54 
3 56 
3 57 
3 58 
3 59 
3 60 
3 66 
3 68 
3 71 
3 74 
3 76 
3 79 
4 5 
4 8 
4 10 
4 12 
4 13 
4 14 
4 18 
4 19 
4 24 
4 26 
4 27 
4 28 
4 30 
4 31 
4 32 
4 37 
4 40 
4 43 
4 45 
4 47 
4 48 
4 50 
4 56 
4 57 
4 59 
4 67 
4 68 
4 69 
4 71 
4 72 
4 73 
4 77 
4 80 
5 8 
5 9 
5 12 
5 13 
5 14 
5 15 
5 16 
5 20 
5 21 
5 24 
5 25 
5 27 
5 28 
5 29 
5 31 
5 32 
5 35 
5 37 
5 39 
5 43 
5 44 
5 47 
5 50 
5 51 
5 52 
5 53 
5 54 
5 59 
5 62 
5 63 
5 65 
5 68 
5 70 
5 71 
5 72 
5 74 
5 75 
5 76 
5 78 
5 80 
6 7 
6 8 
6 9 
6 15 
6 16 
6 18 
6 19 
6 20 
6 26 
6 30 
6 33 
6 34 
6 35 
6 38 
6 40 
6 44 
6 50 
6 51 
6 55 
6 56 
6 58 
6 60 
6 61 
6 62 
6 65 
6 68 
6 73 
6 74 
6 75 
6 76 
6 77 
6 78 
6 79 
7 8 
7 12 
7 16 
7 17 
7 19 
7 24 
7 25 
7 26 
7 28 
7 32 
7 33 
7 34 
7 39 
7 40 
7 42 
7 49 
7 54 
7 55 
7 56 
7 57 
7 60 
7 61 
7 67 
7 69 
7 71 
7 72 
7 75 
7 76 
7 79 
8 9 
8 10 
8 11 
8 12 
8 14 
8 15 
8 16 
8 18 
8 19 
8 21 
8 22 
8 27 
8 28 
8 32 
8 34 
8 37 
8 39 
8 41 
8 43 
8 44 
8 45 
8 46 
8 55 
8 57 
8 58 
8 59 
8 64 
8 65 
8 66 
8 68 
8 70 
8 73 
8 74 
8 75 
8 77 
8 80 
9 10 
9 12 
9 19 
9 23 
9 25 
9 26 
9 29 
9 30 
9 31 
9 32 
9 33 
9 34 
9 36 
9 38 
9 39 
9 41 
9 43 
9 47 
9 49 
9 50 
9 52 
9 55 
9 58 
9 59 
9 61 
9 65 
9 66 
9 68 
9 72 
9 76 
9 77 
9 78 
9 80 
10 11 
10 12 
10 14 
10 15 
10 18 
10 19 
10 21 
10 22 
10 25 
10 27 
10 30 
10 32 
10 33 
10 34 
10 40 
10 53 
10 55 
10 57 
10 61 
10 62 
10 65 
10 66 
10 69 
10 76 
10 77 
10 79 
11 12 
11 13 
11 16 
11 17 
11 18 
11 19 
11 20 
11 25 
11 26 
11 28 
11 32 
11 35 
11 36 
11 39 
11 40 
11 42 
11 43 
11 47 
11 48 
11 50 
11 52 
11 53 
11 54 
11 59 
11 63 
11 68 
11 71 
11 73 
11 75 
11 79 
12 13 
12 14 
12 15 
12 16 
12 19 
12 20 
12 21 
12 22 
12 25 
12 26 
12 27 
12 29 
12 30 
12 39 
12 44 
12 45 
12 46 
12 50 
12 51 
12 53 
12 60 
12 61 
12 65 
12 69 
12 70 
12 71 
12 72 
12 73 
12 74 
12 75 
12 77 
12 78 
12 79 
12 80 
13 17 
13 20 
13 21 
13 23 
13 24 
13 25 
13 26 
13 27 
13 30 
13 31 
13 33 
13 35 
13 37 
13 38 
13 39 
13 40 
13 42 
13 44 
13 46 
13 47 
13 50 
13 54 
13 55 
13 57 
13 59 
13 60 
13 62 
13 65 
13 66 
13 67 
13 68 
13 70 
13 72 
13 73 
13 78 
13 80 
14 15 
14 20 
14 21 
14 24 
14 26 
14 27 
14 28 
14 29 
14 31 
14 34 
14 35 
14 36 
14 37 
14 38 
14 40 
14 44 
14 47 
14 49 
14 53 
14 54 
14 58 
14 59 
14 62 
14 65 
14 67 
14 68 
14 70 
14 72 
14 75 
14 78 
14 79 
15 17 
15 18 
15 19 
15 21 
15 24 
15 25 
15 27 
15 29 
15 32 
15 34 
15 36 
15 38 
15 39 
15 40 
15 41 
15 42 
15 43 
15 45 
15 47 
15 50 
15 55 
15 56 
15 57 
15 60 
15 67 
15 73 
15 77 
15 78 
15 79 
15 80 
16 17 
16 18 
16 20 
16 24 
16 27 
16 28 
16 31 
16 33 
16 39 
16 44 
16 46 
16 50 
16 51 
16 57 
16 58 
16 61 
16 62 
16 63 
16 67 
16 71 
16 75 
16 76 
16 77 
16 78 
16 79 
17 19 
17 21 
17 23 
17 24 
17 26 
17 28 
17 30 
17 32 
17 34 
17 35 
17 36 
17 39 
17 40 
17 42 
17 46 
17 47 
17 49 
17 50 
17 52 
17 54 
17 55 
17 56 
17 57 
17 61 
17 64 
17 65 
17 66 
17 67 
17 68 
17 69 
17 71 
17 72 
17 73 
17 76 
17 77 
18 19 
18 20 
18 21 
18 24 
18 25 
18 28 
18 31 
18 33 
18 36 
18 39 
18 41 
18 43 
18 46 
18 47 
18 49 
18 50 
18 54 
18 58 
18 59 
18 60 
18 63 
18 65 
18 68 
18 70 
18 73 
18 74 
18 76 
18 78 
18 80 
19 20 
19 21 
19 24 
19 26 
19 29 
19 30 
19 31 
19 35 
19 36 
19 37 
19 40 
19 45 
19 46 
19 47 
19 49 
19 54 
19 55 
19 56 
19 59 
19 62 
19 63 
19 64 
19 66 
19 67 
19 68 
19 73 
19 76 
19 77 
19 80 
20 21 
20 22 
20 23 
20 27 
20 29 
20 31 
20 35 
20 36 
20 37 
20 38 
20 39 
20 40 
20 41 
20 42 
20 43 
20 46 
20 47 
20 48 
20 49 
20 53 
20 55 
20 56 
20 57 
20 58 
20 59 
20 60 
20 62 
20 63 
20 66 
20 70 
20 73 
20 74 
20 80 
21 22 
21 23 
21 24 
21 25 
21 26 
21 30 
21 31 
21 34 
21 39 
21 41 
21 43 
21 49 
21 51 
21 52 
21 53 
21 54 
21 55 
21 56 
21 57 
21 58 
21 61 
21 67 
21 69 
21 70 
21 72 
21 76 
21 77 
21 80 
22 24 
22 25 
22 26 
22 29 
22 30 
22 36 
22 39 
22 40 
22 44 
22 45 
22 46 
22 47 
22 48 
22 49 
22 51 
22 53 
22 56 
22 59 
22 60 
22 65 
22 66 
22 69 
22 70 
22 71 
22 79 
22 80 
23 26 
23 28 
23 29 
23 31 
23 35 
23 38 
23 39 
23 40 
23 41 
23 44 
23 45 
23 46 
23 47 
23 48 
23 49 
23 50 
23 51 
23 53 
23 57 
23 63 
23 64 
23 65 
23 66 
23 68 
23 69 
23 71 
23 72 
23 75 
23 76 
23 78 
23 79 
23 80 
24 27 
24 28 
24 29 
24 34 
24 36 
24 42 
24 43 
24 45 
24 46 
24 47 
24 48 
24 49 
24 50 
24 51 
24 55 
24 57 
24 58 
24 59 
24 60 
24 63 
24 64 
24 66 
24 70 
24 72 
24 73 
24 74 
24 75 
24 77 
24 78 
24 80 
25 26 
25 28 
25 29 
25 34 
25 35 
25 37 
25 43 
25 48 
25 49 
25 50 
25 51 
25 53 
25 54 
25 58 
25 63 
25 64 
25 65 
25 66 
25 68 
25 71 
25 73 
25 75 
25 76 
25 77 
25 78 
25 79 
25 80 
26 29 
26 31 
26 34 
26 39 
26 40 
26 44 
26 45 
26 46 
26 48 
26 49 
26 51 
26 52 
26 54 
26 57 
26 58 
26 59 
26 60 
26 62 
26 63 
26 66 
26 67 
26 69 
26 70 
26 71 
26 73 
26 76 
26 80 
27 29 
27 30 
27 34 
27 35 
27 36 
27 37 
27 38 
27 39 
27 40 
27 41 
27 42 
27 45 
27 50 
27 51 
27 52 
27 53 
27 54 
27 56 
27 59 
27 62 
27 65 
27 67 
27 68 
27 69 
27 73 
27 75 
27 76 
27 78 
27 79 
28 31 
28 32 
28 35 
28 36 
28 37 
28 38 
28 43 
28 44 
28 45 
28 46 
28 48 
28 49 
28 52 
28 54 
28 55 
28 57 
28 58 
28 62 
28 63 
28 66 
28 67 
28 69 
28 70 
28 75 
28 76 
28 77 
28 79 
29 31 
29 32 
29 34 
29 35 
29 36 
29 41 
29 44 
29 47 
29 50 
29 53 
29 55 
29 58 
29 59 
29 60 
29 61 
29 67 
29 68 
29 70 
29 71 
29 73 
29 75 
29 77 
29 80 
30 31 
30 34 
30 37 
30 40 
30 42 
30 45 
30 46 
30 52 
30 54 
30 55 
30 56 
30 58 
30 59 
30 61 
30 64 
30 65 
30 67 
30 68 
30 69 
30 75 
30 80 
31 32 
31 33 
31 35 
31 37 
31 38 
31 40 
31 42 
31 44 
31 48 
31 50 
31 51 
31 52 
31 55 
31 61 
31 62 
31 63 
31 68 
31 69 
31 70 
31 73 
31 74 
31 76 
31 79 
31 80 
32 33 
32 34 
32 35 
32 36 
32 38 
32 47 
32 52 
32 53 
32 57 
32 62 
32 63 
32 64 
32 66 
32 67 
32 68 
32 69 
32 71 
32 73 
32 74 
32 78 
32 79 
33 36 
33 37 
33 38 
33 39 
33 40 
33 41 
33 45 
33 47 
33 48 
33 50 
33 51 
33 53 
33 56 
33 57 
33 59 
33 60 
33 61 
33 63 
33 65 
33 67 
33 75 
33 77 
33 78 
33 79 
33 80 
34 37 
34 43 
34 44 
34 45 
34 47 
34 48 
34 50 
34 51 
34 54 
34 55 
34 57 
34 58 
34 59 
34 60 
34 61 
34 65 
34 66 
34 67 
34 68 
34 69 
34 72 
34 74 
34 77 
35 36 
35 39 
35 41 
35 43 
35 45 
35 46 
35 47 
35 48 
35 51 
35 54 
35 55 
35 56 
35 57 
35 58 
35 61 
35 62 
35 64 
35 66 
35 67 
35 69 
35 71 
35 73 
35 75 
35 77 
35 79 
35 80 
36 37 
36 38 
36 43 
36 46 
36 48 
36 49 
36 52 
36 53 
36 56 
36 61 
36 62 
36 66 
36 67 
36 68 
36 73 
36 75 
36 79 
36 80 
37 38 
37 40 
37 42 
37 44 
37 45 
37 46 
37 47 
37 48 
37 51 
37 53 
37 56 
37 59 
37 60 
37 62 
37 63 
37 64 
37 65 
37 66 
37 69 
37 70 
37 74 
37 75 
37 77 
37 78 
37 79 
37 80 
38 40 
38 43 
38 44 
38 45 
38 47 
38 48 
38 49 
38 50 
38 52 
38 53 
38 54 
38 56 
38 58 
38 60 
38 62 
38 67 
38 68 
38 69 
38 71 
38 72 
38 74 
38 75 
38 76 
38 78 
38 79 
38 80 
39 41 
39 42 
39 43 
39 44 
39 45 
39 46 
39 48 
39 50 
39 54 
39 55 
39 57 
39 58 
39 59 
39 60 
39 64 
39 67 
39 69 
39 71 
39 75 
39 76 
39 77 
39 78 
39 80 
40 45 
40 47 
40 49 
40 50 
40 51 
40 52 
40 54 
40 57 
40 58 
40 61 
40 63 
40 64 
40 66 
40 68 
40 69 
40 70 
40 72 
40 74 
40 77 
40 78 
40 79 
41 43 
41 44 
41 46 
41 47 
41 50 
41 51 
41 53 
41 54 
41 56 
41 58 
41 61 
41 65 
41 66 
41 70 
41 74 
41 80 
42 43 
42 45 
42 46 
42 47 
42 48 
42 49 
42 50 
42 54 
42 56 
42 57 
42 58 
42 60 
42 62 
42 63 
42 65 
42 67 
42 69 
42 71 
42 72 
42 73 
42 75 
42 76 
42 78 
43 45 
43 46 
43 49 
43 50 
43 57 
43 59 
43 60 
43 63 
43 64 
43 66 
43 69 
43 70 
43 71 
43 77 
43 80 
44 46 
44 49 
44 50 
44 52 
44 53 
44 56 
44 57 
44 58 
44 59 
44 64 
44 67 
44 70 
44 72 
44 75 
44 76 
44 79 
45 47 
45 51 
45 52 
45 55 
45 58 
45 60 
45 61 
45 63 
45 64 
45 65 
45 66 
45 70 
45 71 
45 74 
45 75 
45 76 
45 78 
46 48 
46 54 
46 59 
46 60 
46 61 
46 62 
46 64 
46 65 
46 66 
46 67 
46 68 
46 72 
46 73 
46 76 
46 78 
46 79 
47 48 
47 49 
47 51 
47 52 
47 57 
47 59 
47 61 
47 62 
47 68 
47 70 
47 71 
47 73 
47 77 
47 78 
47 79 
48 49 
48 50 
48 52 
48 53 
48 55 
48 58 
48 59 
48 61 
48 64 
48 70 
48 71 
48 76 
48 80 
49 51 
49 53 
49 54 
49 56 
49 57 
49 58 
49 60 
49 68 
49 69 
49 71 
49 72 
49 74 
49 75 
49 78 
49 80 
50 51 
50 53 
50 54 
50 55 
50 57 
50 58 
50 60 
50 62 
50 65 
50 66 
50 68 
50 70 
50 71 
50 74 
51 55 
51 56 
51 57 
51 59 
51 60 
51 62 
51 63 
51 64 
51 68 
51 70 
51 73 
51 74 
51 79 
51 80 
52 55 
52 56 
52 58 
52 61 
52 62 
52 64 
52 65 
52 66 
52 67 
52 70 
52 72 
52 76 
52 77 
52 78 
52 79 
52 80 
53 57 
53 58 
53 59 
53 61 
53 62 
53 63 
53 64 
53 65 
53 69 
53 70 
53 71 
53 73 
53 74 
53 75 
53 77 
53 79 
54 55 
54 56 
54 58 
54 59 
54 61 
54 63 
54 64 
54 66 
54 67 
54 68 
54 69 
54 70 
54 73 
54 78 
55 56 
55 62 
55 63 
55 64 
55 67 
55 70 
55 79 
56 63 
56 66 
56 68 
56 70 
56 71 
56 73 
56 77 
57 59 
57 60 
57 61 
57 62 
57 65 
57 66 
57 68 
57 71 
57 73 
57 75 
58 59 
58 63 
58 64 
58 66 
58 67 
58 68 
58 74 
58 75 
58 78 
59 63 
59 64 
59 67 
59 68 
59 69 
59 70 
59 71 
59 72 
59 74 
59 80 
60 61 
60 62 
60 64 
60 65 
60 66 
60 70 
60 71 
60 74 
60 75 
60 76 
60 77 
61 62 
61 65 
61 68 
61 69 
61 73 
61 74 
61 78 
62 63 
62 64 
62 65 
62 66 
62 67 
62 69 
62 70 
62 71 
62 72 
62 73 
62 74 
62 76 
62 77 
62 78 
62 79 
63 64 
63 65 
63 66 
63 67 
63 70 
63 71 
63 73 
63 75 
63 76 
63 77 
63 80 
64 65 
64 67 
64 69 
64 71 
64 73 
64 75 
64 76 
64 79 
64 80 
65 66 
65 68 
65 73 
65 77 
65 79 
65 80 
66 67 
66 70 
66 72 
66 73 
66 76 
66 79 
66 80 
67 68 
67 71 
67 76 
68 69 
68 70 
68 72 
68 74 
68 76 
68 77 
68 78 
68 79 
68 80 
69 70 
69 72 
69 73 
69 78 
69 79 
69 80 
70 71 
70 73 
70 75 
70 76 
70 77 
70 78 
70 80 
71 72 
71 76 
71 79 
71 80 
72 73 
72 75 
72 76 
72 78 
72 80 
73 75 
73 76 
73 78 
74 76 
74 79 
74 80 
75 77 
76 78 
76 79 
76 80 
77 78 
77 79 
79 80 
