nNodes=80;
 nPairs=1541;
Cost=

81  81  81  0  0  0  81  81  0  81  0  0  81  81  81  0  81  81  81  81  0  81  0  0  0  0  81  81  81  0  81  81  81  0  81  81  0  0  0  0  0  81  0  81  81  81  81  0  81  0  0  0  81  0  0  81  0  0  81  0  0  0  81  0  0  81  0  0  81  0  0  81  0  0  0  0  0  0  0  0  

81  81  81  0  0  0  0  81  81  0  0  0  81  81  0  0  0  0  81  0  0  0  0  0  81  81  0  0  81  81  0  0  81  0  81  0  0  0  81  81  81  0  0  0  81  81  0  0  0  0  81  81  0  0  81  0  0  81  81  81  0  0  81  0  81  81  81  0  0  81  0  81  0  0  0  81  81  0  81  0  

81  81  81  0  81  81  0  81  81  0  81  0  0  81  0  81  0  81  81  81  0  81  0  0  0  81  0  81  81  0  0  81  81  81  0  0  0  81  0  0  81  81  0  0  0  81  0  0  81  0  0  0  0  81  0  81  81  0  81  81  0  0  81  0  0  81  0  81  0  0  81  81  0  0  0  0  0  81  0  0  

0  0  0  81  0  81  81  0  0  81  81  0  0  0  0  0  81  0  81  0  0  81  81  0  0  0  0  81  0  0  81  81  81  81  0  81  0  0  81  81  81  0  0  0  81  0  81  81  81  81  81  81  0  0  0  0  81  81  81  0  0  81  0  0  0  81  0  0  81  81  81  0  81  0  0  0  0  81  81  0  

0  0  81  0  81  81  81  81  0  81  0  81  0  81  81  0  81  81  0  0  0  0  0  0  81  0  81  0  0  0  81  0  81  81  81  0  0  81  0  81  0  81  0  81  81  0  81  0  0  81  81  81  81  0  0  0  81  81  81  81  81  0  0  0  0  0  0  81  81  81  81  0  0  0  81  81  81  0  81  0  

0  0  81  81  81  81  81  0  0  0  0  81  0  81  0  0  0  81  0  81  0  81  0  81  81  81  0  0  0  0  0  0  81  0  81  0  0  0  81  0  81  81  0  81  0  0  81  81  0  81  0  81  0  81  81  81  0  81  0  81  0  81  0  81  0  81  0  0  0  0  0  0  0  0  0  0  81  81  0  0  

81  0  0  81  81  81  81  0  0  81  81  81  0  0  81  81  81  0  81  81  0  0  0  81  0  0  81  0  81  0  0  81  0  81  0  0  0  81  81  0  81  0  81  81  0  81  0  0  81  0  0  81  0  81  81  81  81  0  0  0  81  0  0  81  0  81  81  0  81  81  81  0  81  81  0  0  81  81  0  81  

81  81  81  0  81  0  0  81  81  0  0  0  0  0  0  81  0  0  0  81  0  0  81  0  81  0  0  0  0  81  81  0  0  0  81  0  81  0  0  81  81  0  81  0  81  81  81  0  0  0  81  0  0  0  0  81  81  0  81  0  0  0  0  0  81  81  0  0  0  81  81  81  81  0  81  0  81  0  81  0  

0  81  81  0  0  0  0  81  81  81  0  81  81  0  0  0  0  81  0  81  0  81  0  0  0  0  0  81  0  81  0  0  81  0  0  81  81  81  0  81  0  81  0  0  0  81  0  0  0  0  81  0  0  0  0  81  81  81  0  0  81  81  81  0  0  0  0  81  81  81  81  81  0  0  0  0  81  81  81  81  

81  0  0  81  81  0  81  0  81  81  81  0  81  0  81  0  0  0  0  81  81  81  0  81  81  0  0  81  81  81  81  0  81  81  81  81  0  81  0  0  0  0  81  0  81  0  81  0  0  81  81  81  81  81  0  0  81  81  0  0  0  81  81  0  0  0  81  0  0  0  0  0  81  0  81  81  0  81  0  0  

0  0  81  81  0  0  81  0  0  81  81  0  81  0  0  81  81  0  81  81  81  81  81  0  81  81  0  0  81  81  81  0  81  0  81  81  81  81  0  0  81  81  81  81  0  0  81  81  81  0  81  81  0  0  0  81  81  0  81  0  0  81  81  0  81  0  0  0  81  0  81  81  0  81  0  81  0  81  81  0  

0  0  0  0  81  81  81  0  81  0  0  81  81  0  81  0  0  81  81  0  81  81  0  0  81  0  81  0  81  0  81  81  0  0  81  0  0  0  0  0  0  0  81  81  0  81  0  81  81  0  81  81  0  81  0  81  81  81  0  0  81  81  0  81  0  81  81  81  81  81  81  81  0  81  0  81  0  0  81  81  

81  81  0  0  0  0  0  0  81  81  81  81  81  81  81  0  0  81  0  0  0  81  0  81  81  0  0  0  0  0  0  81  81  81  0  0  0  0  81  0  0  81  0  0  0  81  81  81  0  81  0  81  81  0  0  0  81  81  81  0  0  81  81  0  81  0  0  0  81  0  0  81  81  81  81  0  0  0  81  81  

81  81  81  0  81  81  0  0  0  0  0  0  81  81  0  81  81  81  0  0  0  0  81  81  0  81  81  81  81  81  0  81  81  81  81  81  81  81  81  0  0  81  81  0  0  81  0  81  0  0  81  81  81  0  81  0  81  81  0  0  0  81  81  0  81  81  81  81  81  0  0  0  81  81  81  0  0  0  81  0  

81  0  0  0  81  0  81  0  0  81  0  81  81  0  81  81  81  0  0  0  81  81  0  0  81  0  81  81  81  81  81  0  0  81  81  81  81  0  81  0  0  81  81  81  0  0  81  0  81  0  0  0  81  81  81  0  0  0  81  81  0  0  81  0  81  0  81  0  81  0  81  0  0  81  0  0  81  81  81  0  

0  0  81  0  0  0  81  81  0  0  81  0  0  81  81  81  81  81  81  0  81  81  81  81  81  0  81  81  81  0  0  81  0  0  0  0  0  81  81  81  81  81  0  81  81  81  81  0  81  0  0  81  0  81  81  81  81  0  81  0  0  0  81  0  0  0  0  81  0  81  81  0  81  81  0  0  0  0  81  81  

81  0  0  81  81  0  81  0  0  0  81  0  0  81  81  81  81  0  81  81  0  0  0  0  81  81  81  81  81  81  0  0  81  0  0  0  0  81  81  0  81  0  81  81  0  81  0  0  0  81  81  0  81  0  0  0  0  81  0  0  0  81  81  81  0  81  0  81  81  0  81  0  81  0  0  81  81  81  81  81  

81  0  81  0  81  81  0  0  81  0  0  81  81  81  0  81  0  81  0  0  0  81  81  81  0  0  81  0  0  0  0  81  81  0  81  81  0  81  81  81  81  0  81  81  0  81  0  0  81  81  0  0  0  81  81  0  81  81  81  81  0  0  81  0  0  0  0  81  0  81  81  0  81  81  81  0  0  81  0  0  

81  81  81  81  0  0  81  0  0  0  81  81  0  0  0  81  81  0  81  81  0  81  81  81  81  81  0  0  81  0  81  0  81  0  0  81  81  0  81  81  0  81  81  81  0  0  81  81  81  0  81  0  81  0  81  81  0  0  0  81  81  0  0  0  81  0  81  81  0  81  81  0  0  0  0  81  0  81  81  0  

81  0  81  0  0  81  81  81  81  81  81  0  0  0  0  0  81  0  81  81  81  0  0  81  81  0  0  81  0  0  0  0  0  81  0  81  0  0  0  0  0  0  0  81  0  81  81  81  81  0  0  0  0  0  81  0  0  81  0  0  0  0  0  0  81  81  0  81  0  81  81  81  81  81  81  81  81  0  0  0  

0  0  0  0  0  0  0  0  0  81  81  81  0  0  81  81  0  0  0  81  81  81  81  81  0  81  0  81  81  0  81  0  0  81  0  81  81  81  0  0  81  0  81  0  0  81  81  0  81  0  0  0  81  81  81  81  81  81  0  81  81  0  81  81  0  81  0  81  81  0  81  0  0  81  81  81  0  0  0  0  

81  0  81  81  0  81  0  0  81  81  81  81  81  0  81  81  0  81  81  0  81  81  0  0  0  0  81  81  0  81  0  0  81  0  0  81  81  81  0  81  0  0  81  81  0  0  0  81  0  0  0  81  81  0  0  0  81  81  81  0  81  0  0  0  0  81  0  81  0  81  81  81  81  81  0  81  0  81  81  0  

0  0  0  81  0  0  0  81  0  0  81  0  0  81  0  81  0  81  81  0  81  0  81  81  81  0  0  0  81  81  81  81  81  81  81  0  81  0  0  81  81  81  0  81  81  0  0  81  0  81  81  81  81  81  81  81  81  81  0  0  0  0  0  81  0  0  81  81  81  81  81  0  0  81  81  81  0  0  0  0  

0  0  0  0  0  81  81  0  0  81  0  0  81  81  0  81  0  81  81  81  81  0  81  81  0  0  81  0  0  81  0  81  0  0  81  0  81  0  0  0  81  81  81  0  81  0  0  0  81  81  0  0  81  0  81  0  0  81  81  81  81  81  81  81  81  0  81  0  81  0  81  0  81  0  0  81  0  81  0  81  

0  81  0  0  81  81  0  81  0  81  81  81  81  0  81  81  81  0  81  81  0  0  81  0  81  0  81  0  0  81  0  0  0  81  0  0  0  81  81  0  81  0  0  0  0  0  0  81  81  81  0  81  81  0  81  81  0  81  0  81  0  81  0  81  0  0  81  81  81  0  0  81  0  0  81  0  0  81  81  0  

0  81  81  0  0  81  0  0  0  0  81  0  0  81  0  0  81  0  81  0  81  0  0  0  0  81  0  0  0  0  81  81  0  81  81  81  0  81  0  81  0  81  81  0  0  0  81  0  81  0  81  0  0  0  0  0  81  81  0  0  0  81  81  0  0  0  0  81  81  0  0  0  0  81  81  0  81  81  81  0  

81  0  0  0  81  0  81  0  0  0  0  81  0  81  81  81  81  81  0  0  0  81  0  81  81  0  81  0  81  0  81  0  0  81  0  81  81  81  81  81  81  0  81  81  81  81  81  81  0  81  0  0  0  81  0  0  0  0  81  81  0  0  0  0  81  81  81  81  0  0  0  0  81  0  81  81  0  81  81  81  

81  0  81  81  0  0  0  0  81  81  0  0  0  81  81  81  81  0  0  81  81  81  0  0  0  0  0  81  81  0  81  0  0  81  0  0  81  0  81  81  81  0  81  81  0  81  0  81  81  0  81  81  0  0  0  81  0  0  0  81  81  81  0  81  0  81  0  81  81  0  0  0  0  0  0  0  81  81  0  81  

81  81  81  0  0  0  81  0  0  81  81  81  0  81  81  81  81  0  81  0  81  0  81  0  0  0  81  81  81  0  81  0  0  81  0  81  81  0  81  0  81  0  0  0  0  81  81  81  0  81  0  0  0  0  81  81  81  0  0  0  81  0  0  0  81  81  81  0  81  0  0  81  81  0  0  0  0  0  0  0  

0  81  0  0  0  0  0  81  81  81  81  0  0  81  81  0  81  0  0  0  0  81  81  81  81  0  0  0  0  81  0  0  81  0  0  81  81  0  81  0  0  81  0  0  81  0  0  0  81  0  81  81  0  81  0  0  81  81  0  81  81  81  0  0  81  0  81  0  81  0  81  81  0  81  0  0  0  0  81  81  

81  0  0  81  81  0  0  81  0  81  81  81  0  0  81  0  0  0  81  0  81  0  81  0  0  81  81  81  81  0  81  81  0  81  0  0  0  0  0  0  0  0  0  0  81  0  81  0  81  81  81  81  81  81  0  81  0  0  81  81  0  0  81  0  81  0  0  81  81  81  0  81  81  0  0  0  0  0  0  0  

81  0  81  81  0  0  81  0  0  0  0  81  81  81  0  81  0  81  0  0  0  0  81  81  0  81  0  0  0  0  81  81  81  0  0  81  81  81  0  0  81  0  81  81  0  81  0  0  0  0  81  0  0  0  0  0  81  81  81  0  81  81  0  0  0  0  0  0  0  0  0  0  81  81  81  81  0  81  0  81  

81  81  81  81  81  81  0  0  81  81  81  0  81  81  0  0  81  81  81  0  0  81  81  0  0  0  0  0  0  81  0  81  81  81  0  81  81  0  0  0  81  81  0  0  0  0  0  0  81  0  0  81  81  0  0  0  81  0  0  0  0  0  81  0  0  0  81  81  81  81  0  81  0  0  0  0  81  0  0  0  

0  0  81  81  81  0  81  0  0  81  0  0  81  81  81  0  0  0  0  81  81  0  81  0  81  81  81  81  81  0  81  0  81  81  81  0  81  0  0  81  81  81  81  81  81  81  81  81  0  0  81  0  0  0  81  0  0  81  81  81  0  81  81  81  81  0  0  81  0  0  0  81  81  0  81  81  0  81  81  81  

81  81  0  0  81  81  0  81  0  81  81  81  0  81  81  0  0  81  0  0  0  0  81  81  0  81  0  0  0  0  0  0  0  81  81  81  81  0  0  81  0  0  0  0  81  81  81  81  0  81  0  81  0  0  81  0  0  0  81  0  81  0  81  0  0  81  81  0  0  0  81  81  81  0  0  0  81  81  0  81  

81  0  0  81  0  0  0  0  81  81  81  0  0  81  81  0  0  81  81  81  81  81  0  0  0  81  81  0  81  81  0  81  81  0  81  81  0  81  0  0  81  0  81  81  0  0  0  81  81  0  0  81  0  0  0  0  81  81  0  0  81  81  81  81  81  0  81  81  81  81  0  0  81  81  0  0  81  0  81  0  

0  0  0  0  0  0  0  81  81  0  81  0  0  81  81  0  0  0  81  0  81  81  81  81  0  0  81  81  81  81  0  81  81  81  81  0  81  81  0  0  81  81  0  81  81  81  0  0  81  0  81  0  0  81  81  0  0  0  0  81  0  0  0  81  0  81  81  81  0  81  0  81  0  81  0  81  81  81  81  81  

0  0  81  0  81  0  81  0  81  81  81  0  0  81  0  81  81  81  0  0  81  81  0  0  81  81  81  0  0  0  0  81  0  0  0  81  81  81  0  0  81  81  0  0  0  0  0  81  81  0  0  0  81  0  0  81  0  0  81  0  81  0  0  0  0  81  0  81  81  0  0  81  81  0  0  81  0  0  0  0  

0  81  0  81  0  81  81  0  0  0  0  0  81  81  81  81  81  81  81  0  0  0  0  0  81  0  81  81  81  81  0  0  0  0  0  0  0  0  81  0  0  0  81  81  81  81  81  0  0  0  0  81  0  81  81  0  0  0  81  0  81  81  81  81  0  81  0  0  0  0  81  0  0  81  0  0  0  81  0  0  

0  81  0  81  81  0  0  81  81  0  0  0  0  0  0  81  0  81  81  0  0  81  81  0  0  81  81  81  0  0  0  0  0  81  81  0  0  0  0  81  0  81  81  81  81  81  0  81  0  81  0  81  0  81  0  81  81  0  81  81  0  81  0  0  81  81  81  81  0  81  0  0  0  0  81  81  81  81  81  81  

0  81  81  81  0  81  81  81  0  0  81  0  0  0  0  81  81  81  0  0  81  0  81  81  81  0  81  81  81  0  0  81  81  81  0  81  81  81  0  0  81  81  0  81  81  0  81  81  81  0  81  81  0  0  0  0  0  81  81  81  81  0  81  0  81  81  0  81  0  0  81  0  81  81  0  0  81  81  81  81  

81  0  81  0  81  81  0  0  81  0  81  0  81  81  81  81  0  0  81  0  0  0  81  81  0  81  0  0  0  81  0  0  81  81  0  0  81  81  0  81  81  81  81  0  0  0  0  81  81  81  81  81  81  0  0  0  81  0  0  81  0  0  81  81  0  0  0  81  81  0  0  81  0  81  0  81  81  81  81  81  

0  0  0  0  0  0  81  81  0  81  81  81  0  81  81  0  81  81  81  0  81  81  0  81  0  81  81  81  0  0  0  81  0  81  0  81  0  0  81  81  0  81  81  0  0  0  81  0  0  0  81  0  81  0  81  0  0  0  0  81  81  81  81  81  0  81  81  0  0  81  0  81  0  0  81  0  81  81  81  0  

81  0  0  0  81  81  81  0  0  0  81  81  0  0  81  81  81  81  81  81  0  81  81  0  0  0  81  81  0  0  0  81  0  81  0  81  81  0  81  81  81  0  0  81  81  0  81  0  81  81  0  81  0  81  81  81  0  81  81  81  81  81  81  81  81  0  0  81  0  81  0  81  81  0  81  0  81  81  0  0  

81  81  0  81  81  0  0  81  0  81  0  0  0  0  0  81  0  0  0  0  0  0  81  81  0  0  81  0  0  81  81  0  0  81  81  0  81  0  81  81  81  0  0  81  81  0  81  81  81  81  81  81  81  81  0  0  0  81  0  0  81  81  0  0  81  81  0  0  0  0  0  0  81  81  0  81  81  0  0  0  

81  81  81  0  0  0  81  81  81  0  0  81  81  81  0  81  81  81  0  81  81  0  0  0  0  0  81  81  81  0  0  81  0  81  81  0  81  0  81  81  0  0  0  0  0  81  81  0  81  81  81  81  0  0  81  0  81  81  81  0  0  0  81  0  0  0  81  81  81  0  81  0  81  0  0  81  0  81  0  0  

81  0  0  81  81  81  0  81  0  81  81  0  81  0  81  81  0  0  81  81  81  0  0  0  0  81  81  0  81  0  81  0  0  81  81  0  0  0  81  0  81  0  81  81  81  81  81  0  81  0  0  0  0  0  0  81  0  0  81  81  81  0  81  81  81  0  81  0  0  81  0  0  81  0  81  81  0  0  0  0  

0  0  0  81  0  81  0  0  0  0  81  81  81  81  0  0  0  0  81  81  0  81  81  0  81  0  81  81  81  0  0  0  0  81  81  81  0  81  0  81  81  81  0  0  81  0  0  81  81  81  81  0  0  0  0  81  0  81  81  0  0  81  0  81  0  81  81  81  0  81  81  0  81  0  81  0  0  81  81  0  

81  0  81  81  0  0  81  0  0  0  81  81  0  0  81  81  0  81  81  81  81  0  0  81  81  81  0  81  0  81  81  0  81  0  0  81  81  81  0  0  81  81  0  81  81  81  81  81  81  81  81  81  0  0  81  81  81  81  0  0  0  0  81  0  0  0  81  81  0  0  0  0  0  81  81  81  81  81  0  81  

0  0  0  81  81  81  0  0  0  81  0  0  81  0  0  0  81  81  0  0  0  0  81  81  81  0  81  0  81  0  81  0  0  0  81  0  0  0  0  81  0  81  0  81  81  81  0  81  81  81  0  0  81  81  81  81  81  81  81  81  81  0  81  0  81  0  0  0  0  81  0  0  81  81  81  81  81  81  0  0  

0  81  0  81  81  0  0  81  81  81  81  81  0  81  0  0  81  0  81  0  0  0  81  0  0  81  0  81  0  81  81  81  0  81  0  0  81  0  0  0  81  81  81  0  81  81  0  81  81  0  81  0  0  81  81  81  81  81  81  81  0  0  0  81  81  0  0  81  81  0  0  0  81  0  0  0  81  81  81  0  

0  81  0  81  81  81  81  0  0  81  81  81  81  81  0  81  0  0  0  0  0  81  81  0  81  0  0  81  0  81  81  0  81  0  81  81  0  0  81  81  81  81  0  81  81  81  0  0  81  0  0  81  81  81  81  81  81  81  0  0  81  0  0  81  0  81  0  0  81  0  81  0  81  0  0  81  0  81  0  0  

81  0  0  0  81  0  0  0  0  81  0  0  81  81  81  0  81  0  81  0  81  81  81  81  81  0  0  0  0  0  81  0  81  0  0  0  0  81  0  0  0  81  81  0  81  0  0  0  0  81  0  81  81  81  0  81  81  81  0  0  0  0  0  81  81  81  81  81  81  0  0  0  81  81  0  81  81  81  0  0  

0  0  81  0  0  81  81  0  0  81  0  81  0  0  81  81  0  81  0  0  81  0  81  0  0  0  81  0  0  81  81  0  0  0  0  0  81  0  81  81  0  0  0  81  81  0  0  0  0  81  81  81  81  81  0  0  81  0  81  0  81  0  81  0  0  81  81  0  81  0  0  81  0  81  0  81  0  81  81  0  

0  81  0  0  0  81  81  0  0  0  0  0  0  81  81  81  0  81  81  81  81  0  81  81  81  0  0  0  81  0  0  0  0  81  81  0  81  0  81  0  0  0  81  81  0  81  0  0  81  81  81  81  0  0  81  81  81  0  0  81  81  0  0  0  81  81  81  0  81  0  81  0  81  81  81  81  0  0  81  81  

81  0  81  0  0  81  81  81  81  0  81  81  0  0  0  81  0  0  81  0  81  0  81  0  81  0  0  81  81  0  81  0  0  0  0  0  0  81  0  81  0  0  0  81  0  0  81  81  81  81  81  81  81  0  81  81  81  81  0  81  0  0  81  0  0  81  81  0  0  81  0  0  81  81  0  81  81  0  0  81  

0  0  81  81  81  0  81  81  81  81  81  81  81  81  0  81  0  81  0  0  81  81  81  0  0  81  0  0  81  81  0  81  81  0  0  81  0  0  0  81  0  81  0  0  0  81  0  0  81  81  81  81  81  81  81  81  81  0  0  81  81  0  0  81  0  81  0  81  0  81  81  0  0  81  81  0  0  0  0  0  

0  81  0  81  81  81  0  0  81  81  0  81  81  81  0  0  81  81  0  81  81  81  81  81  81  81  0  0  0  81  0  81  0  81  0  81  0  0  0  0  81  0  0  81  81  81  0  81  81  81  81  81  81  0  0  81  0  81  81  81  0  0  0  81  81  0  0  0  81  81  0  81  81  81  0  0  81  0  0  0  

81  81  81  81  81  0  0  81  0  0  81  0  81  0  81  81  0  81  0  0  0  81  0  81  0  0  81  0  0  0  81  81  0  81  81  0  0  81  81  81  81  0  0  81  0  81  81  81  0  81  81  0  0  81  0  0  0  81  81  0  0  0  81  81  81  81  81  81  81  0  0  81  81  81  0  0  81  81  0  0  

0  81  81  0  81  81  0  0  0  0  0  0  0  0  81  0  0  81  81  0  81  0  0  81  81  0  81  81  0  81  81  0  0  81  0  0  81  0  0  81  81  81  81  81  0  0  81  0  0  81  81  0  0  0  81  81  81  81  0  81  81  81  0  0  81  0  81  81  81  81  81  81  0  81  0  81  0  81  81  81  

0  0  0  0  81  0  81  0  81  0  0  81  0  0  0  0  0  0  81  0  81  81  0  81  0  0  0  81  81  81  0  81  0  0  81  81  0  81  81  0  81  0  81  81  81  0  81  0  0  81  0  81  0  81  81  0  81  0  0  81  81  81  81  81  0  81  81  0  81  81  0  0  0  0  0  0  81  81  0  0  

0  0  0  81  0  81  0  0  81  81  81  81  81  81  0  0  81  0  0  0  0  0  0  81  81  81  0  81  0  81  0  81  0  81  0  81  0  0  81  81  0  0  81  81  81  0  0  81  0  0  0  0  0  0  0  0  0  0  0  81  81  81  0  0  81  81  0  81  81  0  0  0  0  81  0  81  0  81  81  0  

81  81  81  0  0  0  0  0  81  81  81  0  81  81  81  81  81  81  0  0  81  0  0  81  0  81  0  0  0  0  81  0  81  81  81  81  0  0  81  0  81  81  81  81  0  81  81  0  81  81  0  0  0  81  0  81  0  0  81  0  81  0  81  0  0  81  0  81  81  0  81  81  0  81  0  0  0  81  81  0  

0  0  0  0  0  81  81  0  0  0  0  81  0  0  0  0  81  0  0  0  81  0  81  81  81  0  0  81  0  0  0  0  0  81  0  81  81  0  81  0  0  81  81  81  0  0  81  81  0  0  81  81  81  0  0  0  81  81  81  0  81  0  0  81  81  81  0  0  81  0  0  0  81  81  0  81  81  81  0  0  

0  81  0  0  0  0  0  81  0  0  81  0  81  81  81  0  0  0  81  81  0  0  0  81  0  0  81  0  81  81  81  0  0  81  0  81  0  0  0  81  81  0  0  81  81  0  81  0  0  81  81  0  81  0  81  0  0  81  81  81  0  81  0  81  81  81  81  81  0  0  0  81  0  0  81  81  0  0  0  0  

81  81  81  81  0  81  81  81  0  0  0  81  0  81  0  0  81  0  0  81  81  81  0  0  0  0  81  81  81  0  0  0  0  0  81  0  81  81  81  81  81  0  81  0  81  0  0  81  0  0  0  81  81  81  81  81  81  0  81  0  81  81  81  81  81  81  81  81  0  81  0  81  0  81  81  81  81  0  81  0  

0  81  0  0  0  0  81  0  0  81  0  81  0  81  81  0  0  0  81  0  0  0  81  81  81  0  81  0  81  81  0  0  81  0  81  81  81  0  0  81  0  0  81  0  0  81  81  81  81  0  0  0  81  81  81  81  0  0  81  81  81  0  0  0  81  81  81  0  0  81  81  81  81  81  0  81  0  81  0  81  

0  0  81  0  81  0  0  0  81  0  0  81  0  81  0  81  81  81  81  81  81  81  81  0  81  81  81  81  0  0  81  0  81  81  0  81  81  81  0  81  81  81  0  81  0  81  0  81  81  0  81  0  81  0  0  0  81  0  81  81  0  81  81  0  81  81  0  81  81  81  81  81  81  0  0  0  0  0  0  81  

81  0  0  81  81  0  81  0  81  0  81  81  81  81  81  0  81  0  0  0  81  0  81  81  81  81  0  81  81  81  81  0  81  0  0  81  0  81  0  0  0  81  0  0  0  81  0  0  0  0  81  81  81  81  81  0  0  81  81  81  81  81  81  81  0  0  0  81  81  0  0  81  0  0  0  0  81  81  81  0  

0  81  0  81  81  0  81  81  81  0  0  81  0  0  0  81  0  81  81  81  0  81  81  0  0  0  0  0  0  0  81  0  81  0  0  81  81  0  0  81  0  0  81  81  0  0  81  81  0  81  0  0  0  0  0  81  81  81  0  81  81  0  0  0  0  81  81  81  0  81  81  81  0  0  0  0  0  0  81  0  

0  0  81  81  81  0  81  81  81  0  81  81  0  0  81  81  81  81  81  81  81  81  81  81  0  0  0  0  0  81  0  0  0  0  81  0  0  0  81  0  81  0  0  0  0  81  0  81  0  0  0  81  0  0  81  0  81  0  0  81  0  0  81  0  0  0  81  81  0  81  81  81  0  81  0  81  0  81  81  0  

81  81  81  0  0  0  0  81  81  0  81  81  81  0  0  0  0  0  0  81  0  81  0  0  81  0  0  0  81  81  81  0  81  81  81  0  81  81  0  0  0  81  81  81  0  0  0  0  0  0  0  0  0  81  0  0  0  81  81  81  0  0  81  0  81  81  81  81  81  81  81  81  0  0  81  0  81  0  0  0  

0  0  0  81  0  0  81  81  0  81  0  0  81  81  0  81  81  81  0  81  0  81  0  81  0  0  81  0  81  0  81  81  0  81  81  81  0  81  0  0  81  0  0  81  81  81  81  81  0  81  81  81  81  0  81  81  0  81  81  0  0  0  0  81  0  0  81  81  0  0  0  0  81  81  81  0  81  0  81  0  

0  0  0  0  0  0  81  0  0  0  81  81  81  81  81  81  0  81  0  81  81  81  81  0  0  81  0  0  0  81  0  81  0  0  0  81  81  0  81  0  81  81  0  0  81  0  0  0  81  81  0  0  81  81  81  81  81  81  81  81  0  81  81  81  0  81  81  0  0  0  81  0  81  81  81  0  0  81  81  81  

0  0  0  0  81  0  0  81  0  81  0  0  81  81  0  0  0  81  0  81  81  0  81  0  81  81  81  0  0  0  0  81  0  81  0  0  0  0  0  81  0  0  81  81  0  0  81  81  81  81  0  0  0  0  81  0  81  0  0  0  0  0  0  0  81  81  0  0  0  0  0  81  81  81  81  81  0  0  81  0  

0  81  0  0  81  0  0  0  0  81  81  81  0  0  0  0  81  0  81  81  81  81  81  81  0  0  81  0  0  0  0  81  0  81  0  0  81  81  0  81  0  81  0  0  81  81  81  0  81  81  0  81  81  81  81  81  0  0  0  81  0  81  0  81  81  81  81  0  0  0  81  0  0  0  81  81  0  81  81  0  

0  81  0  0  81  81  81  81  81  0  0  0  0  0  81  0  81  0  0  81  0  0  0  0  0  81  0  81  0  0  0  0  81  0  81  81  81  0  0  81  81  81  81  81  81  0  0  0  81  81  81  0  81  0  0  81  0  81  81  0  81  0  0  81  0  81  0  0  81  0  0  81  81  0  0  0  81  81  0  81  

0  0  81  81  0  81  81  0  81  81  81  0  0  0  81  0  81  81  81  0  0  81  0  81  81  81  81  81  0  0  0  81  0  81  81  0  81  0  81  81  81  81  81  81  0  81  0  81  81  81  81  81  81  81  0  0  0  0  81  81  81  81  81  81  0  0  81  0  81  0  81  0  0  81  0  81  81  81  81  81  

0  81  0  81  81  0  0  81  81  0  81  81  81  81  81  81  81  0  81  0  0  81  0  0  81  81  81  0  0  81  0  0  0  81  0  81  81  0  0  81  81  81  81  0  0  0  0  81  0  0  81  0  0  81  81  0  0  0  0  81  0  81  81  0  0  81  0  0  81  81  81  0  81  81  81  81  0  81  81  81  

0  0  0  0  0  0  81  0  81  0  0  81  81  0  0  81  81  0  0  0  0  0  0  81  0  0  81  81  0  81  0  81  0  81  81  0  81  0  0  81  81  81  0  0  0  0  0  0  81  0  0  0  0  0  81  81  0  0  0  81  0  0  0  0  0  0  81  81  0  0  0  0  0  81  0  0  81  81  81  81  

UnPairedArc=
1 2 
1 3 
1 7 
1 8 
1 10 
1 13 
1 14 
1 15 
1 17 
1 18 
1 19 
1 20 
1 22 
1 27 
1 28 
1 29 
1 31 
1 32 
1 33 
1 35 
1 36 
1 42 
1 44 
1 45 
1 46 
1 47 
1 49 
1 53 
1 56 
1 59 
1 63 
1 66 
1 69 
1 72 
2 3 
2 8 
2 9 
2 13 
2 14 
2 19 
2 25 
2 26 
2 29 
2 30 
2 33 
2 35 
2 39 
2 40 
2 41 
2 45 
2 46 
2 51 
2 52 
2 55 
2 58 
2 59 
2 60 
2 63 
2 65 
2 66 
2 67 
2 70 
2 72 
2 76 
2 77 
2 79 
3 5 
3 6 
3 8 
3 9 
3 11 
3 14 
3 16 
3 18 
3 19 
3 20 
3 22 
3 26 
3 28 
3 29 
3 32 
3 33 
3 34 
3 38 
3 41 
3 42 
3 46 
3 49 
3 54 
3 56 
3 57 
3 59 
3 60 
3 63 
3 66 
3 68 
3 71 
3 72 
3 78 
4 6 
4 7 
4 10 
4 11 
4 17 
4 19 
4 22 
4 23 
4 28 
4 31 
4 32 
4 33 
4 34 
4 36 
4 39 
4 40 
4 41 
4 45 
4 47 
4 48 
4 49 
4 50 
4 51 
4 52 
4 57 
4 58 
4 59 
4 62 
4 66 
4 69 
4 70 
4 71 
4 73 
4 78 
4 79 
5 6 
5 7 
5 8 
5 10 
5 12 
5 14 
5 15 
5 17 
5 18 
5 25 
5 27 
5 31 
5 33 
5 34 
5 35 
5 38 
5 40 
5 42 
5 44 
5 45 
5 47 
5 50 
5 51 
5 52 
5 53 
5 57 
5 58 
5 59 
5 60 
5 61 
5 68 
5 69 
5 70 
5 71 
5 75 
5 76 
5 77 
5 79 
6 7 
6 12 
6 14 
6 18 
6 20 
6 22 
6 24 
6 25 
6 26 
6 33 
6 35 
6 39 
6 41 
6 42 
6 44 
6 47 
6 48 
6 50 
6 52 
6 54 
6 55 
6 56 
6 58 
6 60 
6 62 
6 64 
6 66 
6 77 
6 78 
7 10 
7 11 
7 12 
7 15 
7 16 
7 17 
7 19 
7 20 
7 24 
7 27 
7 29 
7 32 
7 34 
7 38 
7 39 
7 41 
7 43 
7 44 
7 46 
7 49 
7 52 
7 54 
7 55 
7 56 
7 57 
7 61 
7 64 
7 66 
7 67 
7 69 
7 70 
7 71 
7 73 
7 74 
7 77 
7 78 
7 80 
8 9 
8 16 
8 20 
8 23 
8 25 
8 30 
8 31 
8 35 
8 37 
8 40 
8 41 
8 43 
8 45 
8 46 
8 47 
8 51 
8 56 
8 57 
8 59 
8 65 
8 66 
8 70 
8 71 
8 72 
8 73 
8 75 
8 77 
8 79 
9 10 
9 12 
9 13 
9 18 
9 20 
9 22 
9 28 
9 30 
9 33 
9 36 
9 37 
9 38 
9 40 
9 42 
9 46 
9 51 
9 56 
9 57 
9 58 
9 61 
9 62 
9 63 
9 68 
9 69 
9 70 
9 71 
9 72 
9 77 
9 78 
9 79 
9 80 
10 11 
10 13 
10 15 
10 20 
10 21 
10 22 
10 24 
10 25 
10 28 
10 29 
10 30 
10 31 
10 33 
10 34 
10 35 
10 36 
10 38 
10 43 
10 45 
10 47 
10 50 
10 51 
10 52 
10 53 
10 54 
10 57 
10 58 
10 62 
10 63 
10 67 
10 73 
10 75 
10 76 
10 78 
11 13 
11 16 
11 17 
11 19 
11 20 
11 21 
11 22 
11 23 
11 25 
11 26 
11 29 
11 30 
11 31 
11 33 
11 35 
11 36 
11 37 
11 38 
11 41 
11 42 
11 43 
11 44 
11 47 
11 48 
11 49 
11 51 
11 52 
11 56 
11 57 
11 59 
11 62 
11 63 
11 65 
11 69 
11 71 
11 72 
11 74 
11 76 
11 78 
11 79 
12 13 
12 15 
12 18 
12 19 
12 21 
12 22 
12 25 
12 27 
12 29 
12 31 
12 32 
12 35 
12 43 
12 44 
12 46 
12 48 
12 49 
12 51 
12 52 
12 54 
12 56 
12 57 
12 58 
12 61 
12 62 
12 64 
12 66 
12 67 
12 68 
12 69 
12 70 
12 71 
12 72 
12 74 
12 76 
12 79 
12 80 
13 14 
13 15 
13 18 
13 22 
13 24 
13 25 
13 32 
13 33 
13 34 
13 39 
13 42 
13 46 
13 47 
13 48 
13 50 
13 52 
13 53 
13 57 
13 58 
13 59 
13 62 
13 63 
13 65 
13 69 
13 72 
13 73 
13 74 
13 75 
13 79 
13 80 
14 16 
14 17 
14 18 
14 23 
14 24 
14 26 
14 27 
14 28 
14 29 
14 30 
14 32 
14 33 
14 34 
14 35 
14 36 
14 37 
14 38 
14 39 
14 42 
14 43 
14 46 
14 48 
14 51 
14 52 
14 53 
14 55 
14 57 
14 58 
14 62 
14 63 
14 65 
14 66 
14 67 
14 68 
14 69 
14 73 
14 74 
14 75 
14 79 
15 16 
15 17 
15 21 
15 22 
15 25 
15 27 
15 28 
15 29 
15 30 
15 31 
15 34 
15 35 
15 36 
15 37 
15 39 
15 42 
15 43 
15 44 
15 47 
15 49 
15 53 
15 54 
15 55 
15 59 
15 60 
15 63 
15 65 
15 67 
15 69 
15 71 
15 74 
15 77 
15 78 
15 79 
16 17 
16 18 
16 19 
16 21 
16 22 
16 23 
16 24 
16 25 
16 27 
16 28 
16 29 
16 32 
16 38 
16 39 
16 40 
16 41 
16 42 
16 44 
16 45 
16 46 
16 47 
16 49 
16 52 
16 54 
16 55 
16 56 
16 57 
16 59 
16 63 
16 68 
16 70 
16 71 
16 73 
16 74 
16 79 
16 80 
17 19 
17 20 
17 25 
17 26 
17 27 
17 28 
17 29 
17 30 
17 33 
17 38 
17 39 
17 41 
17 43 
17 44 
17 46 
17 50 
17 51 
17 53 
17 58 
17 62 
17 63 
17 64 
17 66 
17 68 
17 69 
17 71 
17 73 
17 76 
17 77 
17 78 
17 79 
17 80 
18 22 
18 23 
18 24 
18 27 
18 32 
18 33 
18 35 
18 36 
18 38 
18 39 
18 40 
18 41 
18 43 
18 44 
18 46 
18 49 
18 50 
18 54 
18 55 
18 57 
18 58 
18 59 
18 60 
18 63 
18 68 
18 70 
18 71 
18 73 
18 74 
18 75 
18 78 
19 20 
19 22 
19 23 
19 24 
19 25 
19 26 
19 29 
19 31 
19 33 
19 36 
19 37 
19 39 
19 40 
19 42 
19 43 
19 44 
19 47 
19 48 
19 49 
19 51 
19 53 
19 55 
19 56 
19 60 
19 61 
19 65 
19 67 
19 68 
19 70 
19 71 
19 76 
19 78 
19 79 
20 21 
20 24 
20 25 
20 28 
20 34 
20 36 
20 44 
20 46 
20 47 
20 48 
20 49 
20 55 
20 58 
20 65 
20 66 
20 68 
20 70 
20 71 
20 72 
20 73 
20 74 
20 75 
20 76 
20 77 
21 22 
21 23 
21 24 
21 26 
21 28 
21 29 
21 31 
21 34 
21 36 
21 37 
21 38 
21 41 
21 43 
21 46 
21 47 
21 49 
21 53 
21 54 
21 55 
21 56 
21 57 
21 58 
21 60 
21 61 
21 63 
21 64 
21 66 
21 68 
21 69 
21 71 
21 74 
21 75 
21 76 
22 27 
22 28 
22 30 
22 33 
22 36 
22 37 
22 38 
22 40 
22 43 
22 44 
22 48 
22 52 
22 53 
22 57 
22 58 
22 59 
22 61 
22 66 
22 68 
22 70 
22 71 
22 72 
22 73 
22 74 
22 76 
22 78 
22 79 
23 24 
23 25 
23 29 
23 30 
23 31 
23 32 
23 33 
23 34 
23 35 
23 37 
23 40 
23 41 
23 42 
23 44 
23 45 
23 48 
23 50 
23 51 
23 52 
23 53 
23 54 
23 55 
23 56 
23 57 
23 58 
23 64 
23 67 
23 68 
23 69 
23 70 
23 71 
23 74 
23 75 
23 76 
24 27 
24 30 
24 32 
24 35 
24 37 
24 41 
24 42 
24 43 
24 45 
24 49 
24 50 
24 53 
24 55 
24 58 
24 59 
24 60 
24 61 
24 62 
24 63 
24 64 
24 65 
24 67 
24 69 
24 71 
24 73 
24 76 
24 78 
24 80 
25 27 
25 30 
25 34 
25 38 
25 39 
25 41 
25 48 
25 49 
25 50 
25 52 
25 53 
25 55 
25 56 
25 58 
25 60 
25 62 
25 64 
25 67 
25 68 
25 69 
25 72 
25 75 
25 78 
25 79 
26 31 
26 32 
26 34 
26 35 
26 36 
26 38 
26 40 
26 42 
26 43 
26 47 
26 49 
26 51 
26 57 
26 58 
26 62 
26 63 
26 68 
26 69 
26 74 
26 75 
26 77 
26 78 
26 79 
27 29 
27 31 
27 34 
27 36 
27 37 
27 38 
27 39 
27 40 
27 41 
27 43 
27 44 
27 45 
27 46 
27 47 
27 48 
27 50 
27 54 
27 59 
27 60 
27 65 
27 66 
27 67 
27 68 
27 73 
27 75 
27 76 
27 78 
27 79 
27 80 
28 29 
28 31 
28 34 
28 37 
28 39 
28 40 
28 41 
28 43 
28 44 
28 46 
28 48 
28 49 
28 51 
28 52 
28 56 
28 60 
28 61 
28 62 
28 64 
28 66 
28 68 
28 69 
28 77 
28 78 
28 80 
29 31 
29 34 
29 36 
29 37 
29 39 
29 41 
29 46 
29 47 
29 48 
29 50 
29 55 
29 56 
29 57 
29 61 
29 65 
29 66 
29 67 
29 69 
29 72 
29 73 
30 33 
30 36 
30 37 
30 39 
30 42 
30 45 
30 49 
30 51 
30 52 
30 54 
30 57 
30 58 
30 60 
30 61 
30 62 
30 65 
30 67 
30 69 
30 71 
30 72 
30 74 
30 79 
30 80 
31 32 
31 34 
31 45 
31 47 
31 49 
31 50 
31 51 
31 52 
31 53 
31 54 
31 56 
31 59 
31 60 
31 63 
31 65 
31 68 
31 69 
31 70 
31 72 
31 73 
32 33 
32 36 
32 37 
32 38 
32 41 
32 43 
32 44 
32 46 
32 51 
32 57 
32 58 
32 59 
32 61 
32 62 
32 73 
32 74 
32 75 
32 76 
32 78 
32 80 
33 34 
33 36 
33 37 
33 41 
33 42 
33 49 
33 52 
33 53 
33 57 
33 63 
33 67 
33 68 
33 69 
33 70 
33 72 
33 77 
34 35 
34 37 
34 40 
34 41 
34 42 
34 43 
34 44 
34 45 
34 46 
34 47 
34 48 
34 51 
34 55 
34 58 
34 59 
34 60 
34 62 
34 63 
34 64 
34 65 
34 68 
34 72 
34 73 
34 75 
34 76 
34 78 
34 79 
34 80 
35 36 
35 37 
35 40 
35 45 
35 46 
35 47 
35 48 
35 50 
35 52 
35 55 
35 59 
35 61 
35 63 
35 66 
35 67 
35 71 
35 72 
35 73 
35 77 
35 78 
35 80 
36 38 
36 41 
36 43 
36 44 
36 48 
36 49 
36 52 
36 57 
36 58 
36 61 
36 62 
36 63 
36 64 
36 65 
36 67 
36 68 
36 69 
36 70 
36 73 
36 74 
36 77 
36 79 
37 38 
37 41 
37 42 
37 44 
37 45 
37 46 
37 49 
37 51 
37 54 
37 55 
37 60 
37 64 
37 66 
37 67 
37 68 
37 70 
37 72 
37 74 
37 76 
37 77 
37 78 
37 79 
37 80 
38 41 
38 42 
38 48 
38 49 
38 53 
38 56 
38 59 
38 61 
38 66 
38 68 
38 69 
38 72 
38 73 
38 76 
39 43 
39 44 
39 45 
39 46 
39 47 
39 52 
39 54 
39 55 
39 59 
39 61 
39 62 
39 63 
39 64 
39 66 
39 71 
39 74 
39 78 
40 42 
40 43 
40 44 
40 45 
40 46 
40 48 
40 50 
40 52 
40 54 
40 56 
40 57 
40 59 
40 60 
40 62 
40 65 
40 66 
40 67 
40 68 
40 70 
40 75 
40 76 
40 77 
40 78 
40 79 
40 80 
41 42 
41 44 
41 45 
41 47 
41 48 
41 49 
41 51 
41 52 
41 58 
41 59 
41 60 
41 61 
41 63 
41 65 
41 66 
41 68 
41 71 
41 73 
41 74 
41 77 
41 78 
41 79 
41 80 
42 43 
42 48 
42 49 
42 50 
42 51 
42 52 
42 53 
42 57 
42 60 
42 63 
42 64 
42 68 
42 69 
42 72 
42 74 
42 76 
42 77 
42 78 
42 79 
42 80 
43 47 
43 51 
43 53 
43 55 
43 60 
43 61 
43 62 
43 63 
43 64 
43 66 
43 67 
43 70 
43 72 
43 75 
43 77 
43 78 
43 79 
44 45 
44 47 
44 49 
44 50 
44 52 
44 54 
44 55 
44 56 
44 58 
44 59 
44 60 
44 61 
44 62 
44 63 
44 64 
44 65 
44 68 
44 70 
44 72 
44 73 
44 75 
44 77 
44 78 
45 47 
45 48 
45 49 
45 50 
45 51 
45 52 
45 53 
45 54 
45 58 
45 61 
45 62 
45 65 
45 66 
45 73 
45 74 
45 76 
45 77 
46 47 
46 49 
46 50 
46 51 
46 52 
46 55 
46 57 
46 58 
46 59 
46 63 
46 67 
46 68 
46 69 
46 71 
46 73 
46 76 
46 78 
47 49 
47 56 
47 59 
47 60 
47 61 
47 63 
47 64 
47 65 
47 67 
47 70 
47 73 
47 75 
47 76 
48 49 
48 50 
48 51 
48 56 
48 58 
48 59 
48 62 
48 64 
48 66 
48 67 
48 68 
48 70 
48 71 
48 73 
48 75 
48 78 
48 79 
49 50 
49 51 
49 52 
49 55 
49 56 
49 57 
49 58 
49 63 
49 67 
49 68 
49 74 
49 75 
49 76 
49 77 
49 78 
49 80 
50 53 
50 54 
50 55 
50 56 
50 57 
50 58 
50 59 
50 60 
50 61 
50 63 
50 65 
50 70 
50 73 
50 74 
50 75 
50 76 
50 77 
50 78 
51 54 
51 55 
51 56 
51 57 
51 58 
51 59 
51 60 
51 64 
51 65 
51 68 
51 69 
51 73 
51 77 
51 78 
51 79 
52 53 
52 54 
52 55 
52 56 
52 57 
52 58 
52 61 
52 64 
52 66 
52 69 
52 71 
52 73 
52 76 
52 78 
53 54 
53 56 
53 57 
53 58 
53 64 
53 65 
53 66 
53 67 
53 68 
53 69 
53 73 
53 74 
53 76 
53 77 
53 78 
54 57 
54 59 
54 61 
54 63 
54 66 
54 67 
54 69 
54 72 
54 74 
54 76 
54 78 
54 79 
55 56 
55 57 
55 60 
55 61 
55 65 
55 66 
55 67 
55 69 
55 71 
55 73 
55 74 
55 75 
55 76 
55 79 
55 80 
56 57 
56 58 
56 60 
56 63 
56 66 
56 67 
56 70 
56 73 
56 74 
56 76 
56 77 
56 80 
57 60 
57 61 
57 64 
57 66 
57 68 
57 70 
57 71 
57 74 
57 75 
58 59 
58 60 
58 64 
58 65 
58 69 
58 70 
58 72 
58 73 
58 74 
58 77 
59 63 
59 64 
59 65 
59 66 
59 67 
59 68 
59 69 
59 72 
59 73 
59 74 
59 77 
59 78 
60 61 
60 62 
60 65 
60 67 
60 68 
60 69 
60 70 
60 71 
60 72 
60 74 
60 76 
60 78 
60 79 
60 80 
61 62 
61 63 
61 64 
61 66 
61 67 
61 69 
61 70 
61 77 
61 78 
62 65 
62 66 
62 68 
62 69 
62 74 
62 76 
62 78 
62 79 
63 66 
63 68 
63 69 
63 71 
63 72 
63 74 
63 78 
63 79 
64 65 
64 66 
64 69 
64 73 
64 74 
64 76 
64 77 
64 78 
65 66 
65 67 
65 68 
65 72 
65 75 
65 76 
66 67 
66 68 
66 70 
66 72 
66 74 
66 75 
66 76 
66 77 
66 79 
67 70 
67 71 
67 72 
67 73 
67 74 
67 76 
67 78 
67 80 
68 69 
68 70 
68 71 
68 72 
68 73 
68 80 
69 72 
69 77 
69 78 
69 79 
70 71 
70 72 
70 79 
71 72 
71 74 
71 76 
71 78 
71 79 
72 75 
72 77 
73 74 
73 75 
73 77 
73 79 
74 75 
74 78 
74 79 
74 80 
75 76 
75 79 
76 78 
76 79 
77 78 
77 80 
78 79 
78 80 
79 80 
