nNodes=80;
 nPairs=1233;
Cost=

81  81  0  81  81  0  81  81  0  81  0  0  0  81  0  0  81  0  81  0  0  0  0  81  0  0  0  0  81  0  0  0  0  0  0  81  81  0  0  81  81  81  81  0  0  0  81  0  0  81  0  0  81  81  0  0  0  0  81  81  81  0  0  0  81  0  0  0  0  81  0  81  0  81  0  0  0  0  0  0  

81  81  0  81  0  81  0  81  81  0  0  0  81  81  0  81  0  0  81  0  81  81  81  81  81  81  0  81  0  0  81  0  0  81  81  0  0  81  0  81  0  0  0  0  0  0  81  0  0  0  81  0  81  0  0  81  81  81  0  0  81  0  0  81  81  0  0  81  0  81  81  81  81  0  0  81  81  0  81  81  

0  0  81  81  0  0  0  81  0  0  0  81  81  81  81  81  0  0  81  0  81  0  0  0  0  81  81  0  0  81  81  0  81  81  0  0  0  0  81  0  0  81  81  0  0  0  0  81  0  0  0  81  0  81  0  0  0  81  81  0  0  0  81  81  0  0  0  0  81  81  81  81  81  0  0  0  0  0  81  81  

81  81  81  81  0  81  0  0  81  0  0  0  81  0  0  0  0  81  0  81  0  0  0  0  0  0  0  0  0  0  0  0  81  0  81  0  81  81  0  0  81  0  81  0  81  81  0  0  0  81  81  0  81  81  0  0  81  81  0  0  0  81  0  0  0  0  81  0  0  0  0  0  0  0  0  81  0  0  0  81  

81  0  0  0  81  81  81  0  0  81  81  0  81  81  0  0  81  0  0  81  0  0  0  0  0  0  81  81  0  0  0  0  0  0  0  0  0  81  81  81  81  0  0  0  81  0  81  81  0  0  0  0  0  0  0  81  81  81  81  0  81  81  81  0  0  0  81  81  0  81  0  0  81  0  81  0  81  81  0  81  

0  81  0  81  81  81  81  81  0  0  81  0  0  0  0  0  81  0  0  0  0  81  81  0  0  0  0  0  0  0  81  0  81  0  0  0  0  0  0  81  0  81  81  0  0  0  0  0  0  0  81  81  0  81  81  81  81  0  0  81  0  0  0  0  81  0  0  81  81  0  0  81  0  0  81  0  81  0  81  0  

81  0  0  0  81  81  81  0  0  81  81  81  0  0  0  81  81  0  0  81  81  81  0  0  0  81  0  0  81  81  0  0  0  81  0  81  81  81  0  0  0  81  0  81  0  0  0  0  0  81  81  0  0  81  81  81  0  0  81  81  81  81  0  81  0  0  0  0  0  0  81  0  81  81  0  0  0  81  0  0  

81  81  81  0  0  81  0  81  0  81  0  81  0  81  0  81  0  0  81  0  0  0  81  81  81  0  81  0  0  0  0  0  81  0  81  0  0  0  81  0  81  0  0  81  81  0  0  0  0  0  0  0  81  0  0  0  0  81  81  0  0  0  81  81  0  81  0  81  0  0  0  81  81  81  0  0  81  0  0  81  

0  81  0  81  0  0  0  0  81  0  81  0  81  81  81  81  81  81  0  0  0  0  0  81  81  81  0  0  0  81  81  0  81  81  0  0  81  0  0  0  0  0  0  81  81  0  0  0  0  0  0  0  81  0  81  81  81  0  0  81  0  0  0  0  0  0  81  0  0  0  81  0  0  0  0  0  81  0  81  81  

81  0  0  0  81  0  81  81  0  81  81  0  0  0  81  0  0  0  0  0  81  0  81  81  0  81  0  0  81  0  0  0  81  81  81  0  0  0  0  81  0  0  0  81  0  81  81  81  0  0  0  0  0  0  0  81  0  81  0  0  81  81  0  81  81  0  81  81  81  0  0  0  0  0  0  81  81  0  0  0  

0  0  0  0  81  81  81  0  81  81  81  0  81  0  0  0  81  0  81  0  0  81  0  0  0  81  0  81  81  0  0  0  81  81  0  0  81  81  81  81  0  81  81  0  81  0  0  0  81  0  0  0  81  0  0  0  0  81  0  0  81  81  0  0  0  0  0  81  0  0  0  0  0  0  81  0  81  81  0  81  

0  0  81  0  0  0  81  81  0  0  0  81  81  0  81  81  0  0  0  81  81  0  0  0  0  81  0  81  0  0  0  0  0  0  81  0  0  81  81  81  0  0  0  0  81  0  0  0  0  81  81  0  0  81  81  81  0  81  0  81  81  0  81  0  0  0  81  81  81  0  81  0  81  81  81  0  81  81  0  81  

0  81  81  81  81  0  0  0  81  0  81  81  81  0  0  0  81  0  81  81  81  0  0  81  0  0  0  81  0  81  0  0  81  81  0  0  0  81  0  0  0  0  0  81  0  81  81  81  0  81  0  0  81  0  0  0  81  81  81  81  0  0  81  0  0  81  81  81  0  81  0  0  0  81  81  81  0  0  0  0  

81  81  81  0  81  0  0  81  81  0  0  0  0  81  0  81  81  0  0  81  0  0  0  0  81  81  81  81  81  0  81  0  0  0  81  81  81  0  81  0  81  81  0  0  0  0  0  0  81  0  81  81  81  81  0  0  0  81  0  0  81  0  81  0  81  0  81  0  0  81  0  0  0  81  81  81  81  0  81  0  

0  0  81  0  0  0  0  0  81  81  0  81  0  0  81  0  81  0  81  0  0  0  0  0  81  0  81  81  0  81  0  0  0  0  0  0  81  0  0  81  0  81  81  0  81  0  0  81  0  0  0  81  0  0  0  0  81  81  81  0  0  81  0  0  0  0  81  81  81  81  81  0  0  0  0  81  81  0  81  0  

0  81  81  0  0  0  81  81  81  0  0  81  0  81  0  81  0  0  81  0  0  81  81  0  0  0  0  0  0  81  81  81  0  0  0  0  81  0  0  0  0  81  81  81  81  0  81  0  0  0  81  0  81  81  81  81  0  0  0  81  81  81  0  0  0  0  0  0  0  0  0  81  81  0  81  81  81  0  0  81  

81  0  0  0  81  81  81  0  81  0  81  0  81  81  81  0  81  81  0  81  0  81  0  0  0  0  81  81  81  81  0  81  0  0  81  81  0  81  0  0  81  81  0  0  0  0  81  81  81  0  81  0  81  0  81  81  0  0  81  0  81  81  0  0  0  0  0  81  81  0  81  0  0  81  81  0  81  0  0  0  

0  0  0  81  0  0  0  0  81  0  0  0  0  0  0  0  81  81  0  0  0  81  81  0  0  0  0  0  81  0  0  0  81  81  0  81  0  0  0  0  0  0  0  81  0  0  0  81  0  0  0  0  0  0  0  81  81  81  0  0  0  81  0  0  81  81  0  0  0  0  0  81  81  81  0  0  81  81  0  81  

81  81  81  0  0  0  0  81  0  0  81  0  81  0  81  81  0  0  81  81  81  0  0  0  81  0  0  81  0  0  0  0  0  0  0  81  81  81  81  0  81  81  0  81  0  0  0  0  0  0  0  0  81  81  0  0  81  81  81  81  0  81  81  0  0  0  0  0  0  0  0  0  0  81  0  0  81  0  0  81  

0  0  0  81  81  0  81  0  0  0  0  81  81  81  0  0  81  0  81  81  0  81  0  81  81  81  0  81  0  0  0  0  0  0  0  0  0  81  81  81  0  81  81  0  81  81  81  81  0  0  0  0  81  0  0  0  81  81  81  81  0  0  81  0  81  0  0  81  0  0  0  81  81  0  0  0  0  0  81  0  

0  81  81  0  0  0  81  0  0  81  0  81  81  0  0  0  0  0  81  0  81  0  81  0  81  81  0  0  81  0  0  81  0  0  0  81  0  0  81  0  81  0  81  0  0  81  0  0  81  81  81  81  0  0  0  0  0  0  0  81  0  0  81  81  81  0  0  0  0  81  81  0  0  81  81  0  0  81  0  0  

0  81  0  0  0  81  81  0  0  0  81  0  0  0  0  81  81  81  0  81  0  81  81  81  81  81  0  0  0  81  81  81  81  81  0  0  0  0  0  0  81  0  0  81  81  0  0  81  0  0  0  0  0  0  0  0  81  81  0  81  81  81  0  81  81  0  0  0  0  0  0  81  0  0  0  0  81  81  81  0  

0  81  0  0  0  81  0  81  0  81  0  0  0  0  0  81  0  81  0  0  81  81  81  0  81  81  81  0  81  81  0  81  0  0  0  0  0  0  81  0  0  81  0  81  81  81  0  81  0  81  0  81  81  81  0  81  0  81  0  81  0  0  0  0  0  81  0  81  0  0  0  0  0  0  0  81  0  81  0  81  

81  81  0  0  0  0  0  81  81  81  0  0  81  0  0  0  0  0  0  81  0  81  0  81  0  81  81  0  81  0  0  0  0  81  0  81  0  81  0  0  0  81  0  0  81  81  81  0  0  0  0  0  81  81  81  0  0  0  81  0  81  0  0  81  0  0  81  0  81  81  0  0  0  0  0  0  0  0  81  0  

0  81  0  0  0  0  0  81  81  0  0  0  0  81  81  0  0  0  81  81  81  81  81  0  81  81  0  0  81  0  81  0  0  81  0  0  81  81  0  81  0  0  0  81  81  81  0  0  81  0  0  81  81  81  81  0  0  0  81  0  81  81  0  0  81  81  0  0  81  0  0  81  0  0  0  0  81  0  81  81  

0  81  81  0  0  0  81  0  81  81  81  81  0  81  0  0  0  0  0  81  81  81  81  81  81  81  0  81  0  0  0  0  0  0  81  0  0  0  0  81  0  81  0  0  0  81  81  81  81  81  81  0  81  0  81  81  81  0  0  0  81  0  0  0  81  81  0  81  0  0  81  81  0  81  0  0  0  81  0  81  

0  0  81  0  81  0  0  81  0  0  0  0  0  81  81  0  81  0  0  0  0  0  81  81  0  0  81  0  81  0  81  81  0  81  0  0  81  81  81  0  81  0  81  81  0  81  81  0  81  0  0  0  81  81  0  0  81  0  81  0  0  0  0  81  0  81  81  0  81  0  0  81  0  0  0  81  0  81  0  0  

0  81  0  0  81  0  0  0  0  0  81  81  81  81  81  0  81  0  81  81  0  0  0  0  0  81  0  81  0  0  81  81  81  0  81  0  81  0  0  0  81  0  81  0  81  0  0  0  0  81  81  81  0  0  0  81  81  0  0  0  81  0  81  81  81  0  0  0  81  0  81  0  0  81  0  0  0  0  0  0  

81  0  0  0  0  0  81  0  0  81  81  0  0  81  0  0  81  81  0  0  81  0  81  81  81  0  81  0  81  0  0  0  0  81  0  0  0  81  0  0  0  0  0  0  0  81  81  81  81  81  0  0  0  0  0  81  0  0  81  0  81  0  81  0  81  81  81  81  0  0  0  0  81  81  0  81  0  0  0  0  

0  0  81  0  0  0  81  0  81  0  0  0  81  0  81  81  81  0  0  0  0  81  81  0  0  0  0  0  0  81  0  0  81  0  0  0  81  81  0  81  0  81  0  0  81  0  81  0  81  0  81  0  0  0  0  81  81  0  81  0  81  0  0  81  0  81  81  0  0  81  0  81  0  0  0  0  0  0  81  0  

0  81  81  0  0  81  0  0  81  0  0  0  0  81  0  81  0  0  0  0  0  81  0  0  81  0  81  81  0  0  81  0  0  0  81  0  0  81  81  81  0  0  0  0  0  0  0  81  0  81  81  0  81  0  0  0  0  81  0  0  0  0  0  81  0  81  81  81  0  0  0  81  0  0  0  0  81  0  81  0  

0  0  0  0  0  0  0  0  0  0  0  0  0  0  0  81  81  0  0  0  81  81  81  0  0  0  81  81  0  0  0  81  81  0  0  0  81  81  0  81  0  0  81  0  81  0  0  0  0  0  81  0  81  81  81  81  81  0  0  0  0  0  81  0  81  0  81  0  0  0  0  0  0  81  0  0  0  0  0  0  

0  0  81  81  0  81  0  81  81  81  81  0  81  0  0  0  0  81  0  0  0  81  0  0  0  0  0  81  0  81  0  81  81  0  0  81  81  0  0  0  81  0  81  0  0  0  81  81  81  0  81  81  0  0  0  81  0  0  81  81  0  81  0  0  81  81  0  81  0  0  0  0  0  0  0  0  0  0  0  0  

0  81  81  0  0  0  81  0  81  81  81  0  81  0  0  0  0  81  0  0  0  81  0  81  81  0  81  0  81  0  0  0  0  81  0  0  0  0  0  0  81  81  81  81  0  81  0  81  0  0  0  0  81  81  81  0  0  81  0  81  81  0  0  0  0  81  0  81  0  0  81  0  0  0  81  0  0  0  81  0  

0  81  0  81  0  0  0  81  0  81  0  81  0  81  0  0  81  0  0  0  0  0  0  0  0  81  0  81  0  0  81  0  0  0  81  81  0  81  0  0  0  0  81  0  0  81  81  0  0  0  0  0  0  0  0  0  81  81  0  81  0  0  0  0  0  81  81  81  81  81  0  81  0  81  0  81  0  81  81  0  

81  0  0  0  0  0  81  0  0  0  0  0  0  81  0  0  81  81  81  0  81  0  0  81  0  0  0  0  0  0  0  0  81  0  81  81  81  0  0  0  0  0  0  81  81  0  0  0  0  0  0  0  81  81  0  0  0  0  0  81  81  81  81  81  0  81  81  0  0  81  0  0  81  0  0  0  0  81  81  81  

81  0  0  81  0  0  81  0  81  0  81  0  0  81  81  81  0  0  81  0  0  0  0  0  81  0  81  81  0  81  0  81  81  0  0  81  81  0  81  0  0  81  0  0  81  81  0  81  0  81  0  81  0  0  0  0  81  0  0  0  81  0  0  0  81  81  81  81  0  0  0  81  0  81  81  81  81  81  0  81  

0  81  0  81  81  0  81  0  0  0  81  81  81  0  0  0  81  0  81  81  0  0  0  81  81  0  81  0  81  81  81  81  0  0  81  0  0  81  0  0  0  0  0  81  81  0  0  0  0  81  81  81  0  0  0  0  81  0  0  81  0  0  0  0  81  0  81  0  81  0  0  81  0  0  0  0  0  81  81  81  

0  0  81  0  81  0  0  81  0  0  81  81  0  81  0  0  0  0  81  81  81  0  81  0  0  0  81  0  0  0  81  0  0  0  0  0  81  0  81  0  0  81  0  81  0  0  81  81  0  0  81  0  81  81  0  0  0  0  81  0  0  81  0  81  0  0  0  81  0  81  0  0  0  0  0  81  0  0  0  0  

81  81  0  0  81  81  0  0  0  81  81  81  0  0  81  0  0  0  0  81  0  0  0  0  81  81  0  0  0  81  81  81  0  0  0  0  0  0  0  81  0  0  0  81  0  0  81  0  0  0  0  0  81  81  0  0  0  0  0  81  81  81  0  81  0  0  81  0  81  0  81  81  0  81  0  0  0  81  81  0  

81  0  0  81  81  0  0  81  0  0  0  0  0  81  0  0  81  0  81  0  81  81  0  0  0  0  81  81  0  0  0  0  81  81  0  0  0  0  0  0  81  81  0  0  0  81  0  81  0  0  0  81  0  0  0  0  81  0  81  0  81  81  0  0  81  0  81  81  81  0  0  0  0  0  81  0  81  0  81  81  

81  0  81  0  0  81  81  0  0  0  81  0  0  81  81  81  81  0  81  81  0  0  81  81  0  81  0  0  0  81  0  0  0  81  0  0  81  0  81  0  81  81  81  0  81  81  0  81  0  81  0  0  0  0  81  0  0  81  0  0  81  81  81  0  81  0  81  0  0  81  81  81  0  0  0  81  0  81  81  0  

81  0  81  81  0  81  0  0  0  0  81  0  0  0  81  81  0  0  0  81  81  0  0  0  0  0  81  81  0  0  0  81  81  81  81  0  0  0  0  0  0  81  81  81  81  0  81  81  0  81  81  0  0  81  0  0  81  81  81  81  0  81  81  0  81  0  81  0  0  81  0  0  0  81  0  0  81  0  0  81  

0  0  0  0  0  0  81  81  81  81  0  0  81  0  0  81  0  81  81  0  0  81  81  0  81  0  81  0  0  0  0  0  0  81  0  81  0  81  81  81  0  0  81  81  0  0  0  0  81  0  0  81  81  81  0  81  81  0  81  0  81  81  81  0  0  0  0  81  0  81  81  0  0  81  0  81  0  0  81  81  

0  0  0  81  81  0  0  81  81  0  81  81  0  0  81  81  0  0  0  81  0  81  81  81  81  0  0  81  0  81  0  81  0  0  0  81  81  81  0  0  0  81  81  0  81  0  81  0  0  0  0  0  81  0  81  81  0  81  0  0  0  81  81  81  81  81  81  81  0  0  0  0  0  81  81  0  81  0  0  81  

0  0  0  81  0  0  0  0  0  81  0  0  81  0  0  0  0  0  0  81  81  0  81  81  81  81  81  0  81  0  0  0  0  81  81  0  81  0  0  0  81  81  0  0  0  81  0  81  0  0  81  0  0  0  0  0  0  0  81  81  81  0  81  0  0  81  0  0  0  0  0  0  0  81  0  81  81  0  0  81  

81  81  0  0  81  0  0  0  0  81  0  0  81  0  0  81  81  0  0  81  0  0  0  81  0  81  81  0  81  81  0  0  81  0  81  0  0  0  81  81  0  0  81  0  81  0  81  81  0  81  81  0  0  81  0  0  81  0  0  0  81  0  0  81  81  0  0  0  81  0  0  0  81  0  81  0  0  81  0  0  

0  0  81  0  81  0  0  0  0  81  0  0  81  0  81  0  81  81  0  81  0  81  81  0  0  81  0  0  81  0  81  0  81  81  0  0  81  0  81  0  81  81  81  0  0  81  81  81  81  0  0  0  0  81  81  81  81  0  0  81  0  0  0  0  0  81  0  0  81  0  0  0  0  81  0  81  81  81  81  81  

0  0  0  0  0  0  0  0  0  0  81  0  0  81  0  0  81  0  0  0  81  0  0  0  81  81  81  0  81  81  0  0  81  0  0  0  0  0  0  0  0  0  0  81  0  0  0  81  81  0  0  0  0  0  81  0  81  81  81  0  81  0  0  0  81  0  0  0  0  81  81  0  0  0  0  81  0  0  0  0  

81  0  0  81  0  0  81  0  0  0  0  81  81  0  0  0  0  0  0  0  81  0  81  0  0  81  0  81  81  0  81  0  0  0  0  0  81  81  0  0  0  81  81  0  0  0  81  0  0  81  81  0  81  81  0  0  0  81  81  0  0  81  0  0  0  0  81  0  0  0  81  0  0  0  0  0  81  0  0  0  

0  81  0  81  0  81  81  0  0  0  0  81  0  81  0  81  81  0  0  0  81  0  0  0  0  81  0  81  0  81  81  81  81  0  0  0  0  81  81  0  0  0  81  0  0  81  81  0  0  81  81  81  81  0  0  0  81  81  81  0  81  81  0  0  81  81  81  0  0  0  0  0  81  0  81  81  81  0  0  81  

0  0  81  0  0  81  0  0  0  0  0  0  0  81  81  0  0  0  0  0  81  0  81  0  81  0  0  81  0  0  0  0  81  0  0  0  81  81  0  0  81  0  0  81  0  0  0  0  0  0  81  81  81  0  0  81  0  0  0  0  81  0  0  0  0  81  81  0  0  0  81  81  0  81  0  0  0  81  0  0  

81  81  0  81  0  0  0  81  81  0  81  0  81  81  0  81  81  0  81  81  0  0  81  81  81  81  81  0  0  0  81  81  0  81  0  81  0  0  81  81  0  0  0  81  81  0  0  0  0  81  81  81  81  81  81  81  0  81  81  81  0  0  81  81  81  0  0  0  0  0  81  0  81  0  0  0  0  0  0  0  

81  0  81  81  0  81  81  0  0  0  0  81  0  81  0  81  0  0  81  0  0  0  81  81  81  0  81  0  0  0  0  81  0  81  0  81  0  0  81  81  0  0  81  81  0  0  81  81  0  81  0  0  81  81  0  0  0  81  0  0  0  0  0  0  81  0  0  81  0  0  81  81  81  0  0  0  81  0  81  0  

0  0  0  0  0  81  81  0  81  0  0  81  0  0  0  81  81  0  0  0  0  0  0  81  81  81  0  0  0  0  0  81  0  81  0  0  0  0  0  0  0  81  0  0  81  0  0  81  81  0  0  0  81  0  81  81  0  0  81  0  81  0  81  81  81  0  81  0  0  81  0  81  0  81  0  0  81  81  81  0  

0  81  0  0  81  81  81  0  81  81  0  81  0  0  0  81  81  81  0  0  0  0  81  0  0  81  0  81  81  81  0  81  81  0  0  0  0  0  0  0  0  0  0  81  81  0  0  81  0  0  0  81  81  0  81  81  81  0  0  0  0  81  0  81  0  0  81  81  0  81  0  0  0  81  0  0  81  0  81  0  

0  81  0  81  81  81  0  0  81  0  0  0  81  0  81  0  0  81  81  81  0  81  0  0  0  81  81  81  0  81  0  81  0  0  81  0  81  81  0  0  81  0  81  81  0  0  81  81  81  0  81  0  0  0  0  81  81  81  81  81  0  81  81  0  0  81  81  0  81  81  81  0  0  0  0  0  81  0  0  0  

0  81  81  81  81  0  0  81  0  81  81  81  81  81  81  0  0  81  81  81  0  81  81  0  0  0  0  0  0  0  81  0  0  81  81  0  0  0  0  0  0  81  81  0  81  0  0  0  81  81  81  0  81  81  0  0  81  81  81  81  0  0  0  81  0  0  0  0  0  0  81  0  0  0  0  0  0  0  81  0  

81  0  81  0  81  0  81  81  0  0  0  0  81  0  81  0  81  0  81  81  0  0  0  81  81  0  81  0  81  81  0  0  81  0  0  0  0  0  81  0  81  0  81  81  0  81  0  0  81  81  81  0  81  0  81  0  81  81  81  81  81  0  0  0  0  0  81  0  0  0  81  0  81  0  0  0  0  0  81  0  

81  0  0  0  0  81  81  0  81  0  0  81  81  0  0  81  0  0  81  81  81  81  81  0  0  0  0  0  0  0  0  0  81  81  81  81  0  81  0  81  0  0  81  0  0  81  0  81  0  0  0  0  81  0  0  0  81  81  81  81  81  0  0  0  0  81  0  0  0  0  0  0  0  0  0  81  0  81  0  81  

81  81  0  0  81  0  81  0  0  81  81  81  0  81  0  81  81  0  0  0  0  81  0  81  81  81  0  81  81  81  0  0  0  81  0  81  81  0  0  81  81  81  0  81  0  81  81  0  81  0  81  81  0  0  81  0  0  0  81  81  81  0  0  81  0  0  0  0  0  81  0  0  0  0  81  81  81  0  81  0  

0  0  0  81  81  0  81  0  0  81  81  0  0  0  81  81  81  81  81  0  0  81  0  0  81  0  0  0  0  0  0  0  81  0  0  81  0  0  81  81  81  81  81  81  81  0  0  0  0  81  81  0  0  0  0  81  81  0  0  0  0  81  0  0  0  81  0  0  0  0  0  0  81  0  0  0  81  81  81  81  

0  0  81  0  81  0  0  81  0  0  0  81  81  81  0  0  0  0  81  81  81  0  0  0  0  0  0  81  81  0  0  81  0  0  0  81  0  0  0  0  0  81  81  81  81  81  0  0  0  0  0  0  81  0  81  0  81  0  0  0  0  0  81  0  0  0  0  0  0  0  81  81  81  81  0  81  0  81  0  0  

0  81  81  0  0  0  81  81  0  81  0  0  0  0  0  0  0  0  0  0  81  81  0  81  0  0  81  81  0  81  81  0  0  0  0  81  0  0  81  81  0  0  0  0  81  0  81  0  0  0  0  0  81  0  81  81  0  81  0  0  81  0  0  81  0  0  81  81  0  0  81  0  0  81  81  81  0  0  0  0  

81  81  0  0  0  81  0  0  0  81  0  0  0  81  0  0  0  81  0  81  81  81  0  0  81  81  0  81  81  0  0  81  81  0  0  0  81  81  0  0  81  81  81  0  81  0  81  0  81  0  81  0  81  81  81  0  0  0  0  0  0  0  0  0  81  81  0  81  0  0  0  81  0  0  0  81  0  0  0  0  

0  0  0  0  0  0  0  81  0  0  0  0  81  0  0  0  0  81  0  0  0  0  81  0  81  81  81  0  81  81  81  0  81  81  81  81  81  0  0  0  0  0  0  0  81  81  0  81  0  0  81  81  0  0  0  0  81  0  0  81  0  81  0  0  81  81  0  0  0  0  0  0  0  0  0  81  0  81  0  81  

0  0  0  81  81  0  0  0  81  81  0  81  81  81  81  0  0  0  0  0  0  0  0  81  0  0  81  0  81  81  81  81  0  0  81  81  81  81  0  81  81  81  81  0  81  0  0  0  0  81  81  81  0  0  81  81  81  0  81  0  0  0  0  81  0  0  81  0  0  0  0  0  0  0  0  0  0  0  81  81  

0  81  0  0  81  81  0  81  0  81  81  81  81  0  81  0  81  0  0  81  0  0  81  0  0  81  0  0  81  0  81  0  81  81  81  0  81  0  81  0  81  0  0  81  81  0  0  0  0  0  0  0  0  81  0  81  0  0  0  0  0  0  0  81  81  0  0  81  81  81  0  81  81  81  81  81  81  81  0  81  

0  0  81  0  0  81  0  0  0  81  0  81  0  0  81  0  81  0  0  0  0  0  0  81  81  0  81  81  0  0  0  0  0  0  81  0  0  81  0  81  81  0  0  0  0  0  81  81  0  0  0  0  0  0  0  0  81  0  0  0  0  0  0  0  0  0  0  81  81  81  81  0  81  0  0  0  0  0  81  0  

81  81  81  0  81  0  0  0  0  0  0  0  81  81  81  0  0  0  0  0  81  0  0  81  0  0  0  0  0  81  0  0  0  0  81  81  0  0  81  0  0  81  81  81  0  0  0  0  81  0  0  0  0  0  81  81  81  0  0  0  81  0  0  0  0  0  0  81  81  81  0  0  0  81  81  81  0  0  0  0  

0  81  81  0  0  0  81  0  81  0  0  81  0  0  81  0  81  0  0  0  81  0  0  0  0  81  0  81  0  0  0  0  0  81  0  0  0  0  0  81  0  81  0  81  0  0  0  0  81  81  0  81  81  81  0  0  81  81  81  0  0  0  81  81  0  0  0  0  81  0  81  0  0  0  81  81  0  81  81  0  

81  81  81  0  0  81  0  81  0  0  0  0  0  0  0  81  0  81  0  81  0  81  0  0  81  81  81  0  0  81  81  0  0  0  81  0  81  81  0  81  0  81  0  0  0  0  0  0  0  0  0  81  0  81  81  0  0  0  0  0  0  0  81  0  81  0  0  81  0  0  0  81  0  81  81  0  0  0  0  0  

0  81  81  0  81  0  81  81  0  0  0  81  0  0  0  81  0  81  0  81  0  0  0  0  0  0  0  0  81  0  0  0  0  0  0  81  0  0  0  0  0  0  0  0  0  0  81  0  0  0  81  0  81  81  0  0  0  0  81  0  0  81  81  0  0  0  0  81  81  0  0  0  81  81  0  0  0  0  0  0  

81  0  0  0  0  0  81  81  0  0  0  81  81  81  0  0  81  81  81  0  81  0  0  0  0  81  0  81  81  0  0  81  0  0  81  0  81  0  0  81  0  0  81  81  81  81  0  81  0  0  0  81  0  0  81  81  0  0  0  0  0  0  81  81  0  0  0  81  0  81  0  81  81  81  0  0  81  0  0  81  

0  0  0  0  81  81  0  0  0  0  81  81  81  81  0  81  81  0  0  0  81  0  0  0  0  0  0  0  0  0  0  0  0  81  0  0  81  0  0  0  81  0  0  0  81  0  81  0  0  0  81  0  0  0  0  0  0  0  0  0  81  0  0  81  0  0  0  81  0  81  81  81  0  0  81  0  0  81  81  81  

0  81  0  81  0  0  0  0  0  81  0  0  81  81  81  81  0  0  0  0  0  0  81  0  0  0  81  0  81  0  0  0  0  0  81  0  81  0  81  0  0  81  0  81  0  81  0  81  81  0  81  0  0  0  0  0  0  0  0  81  81  0  81  81  81  81  0  81  0  81  81  0  0  0  0  81  81  0  81  81  

0  81  0  0  81  81  0  81  81  81  81  81  0  81  81  81  81  81  81  0  0  81  0  0  81  0  0  0  0  0  81  0  0  0  0  0  81  0  0  0  81  0  81  0  81  81  0  81  0  81  81  0  0  81  81  81  81  0  0  0  81  81  0  0  0  0  0  81  0  0  0  0  0  81  0  81  81  0  0  81  

0  0  0  0  81  0  81  0  0  0  81  81  0  0  0  0  0  81  0  0  81  81  81  0  0  81  81  0  0  0  0  0  0  0  81  81  81  81  0  81  0  81  0  0  0  0  81  81  0  0  0  81  0  0  81  0  0  0  0  81  0  81  81  0  0  81  0  81  0  0  81  0  0  0  81  0  0  81  0  0  

0  81  81  0  0  81  0  0  81  0  0  0  0  81  81  0  0  0  0  81  0  81  0  81  81  0  0  0  0  81  81  0  0  81  81  81  0  81  0  81  81  81  0  81  0  0  0  81  0  0  0  0  0  81  81  81  0  81  81  0  81  81  0  0  0  0  81  0  81  0  81  0  0  0  81  81  0  0  81  0  

0  81  81  81  81  0  0  81  81  0  81  81  0  0  0  81  0  81  81  0  0  0  81  0  81  81  0  0  0  0  0  0  0  0  0  81  81  81  0  0  81  0  81  81  81  81  0  81  0  0  81  0  0  0  0  0  0  0  0  81  0  81  0  0  0  81  81  81  0  0  0  0  0  81  81  81  81  0  0  81  

UnPairedArc=
1 2 
1 4 
1 5 
1 7 
1 8 
1 10 
1 14 
1 17 
1 19 
1 24 
1 29 
1 36 
1 37 
1 40 
1 41 
1 42 
1 43 
1 47 
1 50 
1 53 
1 54 
1 59 
1 60 
1 61 
1 65 
1 70 
1 72 
1 74 
2 4 
2 6 
2 8 
2 9 
2 13 
2 14 
2 16 
2 19 
2 21 
2 22 
2 23 
2 24 
2 25 
2 26 
2 28 
2 31 
2 34 
2 35 
2 38 
2 40 
2 47 
2 51 
2 53 
2 56 
2 57 
2 58 
2 61 
2 64 
2 65 
2 68 
2 70 
2 71 
2 72 
2 73 
2 76 
2 77 
2 79 
2 80 
3 4 
3 8 
3 12 
3 13 
3 14 
3 15 
3 16 
3 19 
3 21 
3 26 
3 27 
3 30 
3 31 
3 33 
3 34 
3 39 
3 42 
3 43 
3 48 
3 52 
3 54 
3 58 
3 59 
3 63 
3 64 
3 69 
3 70 
3 71 
3 72 
3 73 
3 79 
3 80 
4 6 
4 9 
4 13 
4 18 
4 20 
4 33 
4 35 
4 37 
4 38 
4 41 
4 43 
4 45 
4 46 
4 50 
4 51 
4 53 
4 54 
4 57 
4 58 
4 62 
4 67 
4 76 
4 80 
5 6 
5 7 
5 10 
5 11 
5 13 
5 14 
5 17 
5 20 
5 27 
5 28 
5 38 
5 39 
5 40 
5 41 
5 45 
5 47 
5 48 
5 56 
5 57 
5 58 
5 59 
5 61 
5 62 
5 63 
5 67 
5 68 
5 70 
5 73 
5 75 
5 77 
5 78 
5 80 
6 7 
6 8 
6 11 
6 17 
6 22 
6 23 
6 31 
6 33 
6 40 
6 42 
6 43 
6 51 
6 52 
6 54 
6 55 
6 56 
6 57 
6 60 
6 65 
6 68 
6 69 
6 72 
6 75 
6 77 
6 79 
7 10 
7 11 
7 12 
7 16 
7 17 
7 20 
7 21 
7 22 
7 26 
7 29 
7 30 
7 34 
7 36 
7 37 
7 38 
7 42 
7 44 
7 50 
7 51 
7 54 
7 55 
7 56 
7 59 
7 60 
7 61 
7 62 
7 64 
7 71 
7 73 
7 74 
7 78 
8 10 
8 12 
8 14 
8 16 
8 19 
8 23 
8 24 
8 25 
8 27 
8 33 
8 35 
8 39 
8 41 
8 44 
8 45 
8 53 
8 58 
8 59 
8 63 
8 64 
8 66 
8 68 
8 72 
8 73 
8 74 
8 77 
8 80 
9 11 
9 13 
9 14 
9 15 
9 16 
9 17 
9 18 
9 24 
9 25 
9 26 
9 30 
9 31 
9 33 
9 34 
9 37 
9 44 
9 45 
9 53 
9 55 
9 56 
9 57 
9 60 
9 67 
9 71 
9 77 
9 79 
9 80 
10 11 
10 15 
10 21 
10 23 
10 24 
10 26 
10 29 
10 33 
10 34 
10 35 
10 40 
10 44 
10 46 
10 47 
10 48 
10 56 
10 58 
10 61 
10 62 
10 64 
10 65 
10 67 
10 68 
10 69 
10 76 
10 77 
11 13 
11 17 
11 19 
11 22 
11 26 
11 28 
11 29 
11 33 
11 34 
11 37 
11 38 
11 39 
11 40 
11 42 
11 43 
11 45 
11 49 
11 53 
11 58 
11 61 
11 62 
11 68 
11 75 
11 77 
11 78 
11 80 
12 13 
12 15 
12 16 
12 20 
12 21 
12 26 
12 28 
12 35 
12 38 
12 39 
12 40 
12 45 
12 50 
12 51 
12 54 
12 55 
12 56 
12 58 
12 60 
12 61 
12 63 
12 67 
12 68 
12 69 
12 71 
12 73 
12 74 
12 75 
12 77 
12 78 
12 80 
13 17 
13 19 
13 20 
13 21 
13 24 
13 28 
13 30 
13 33 
13 34 
13 38 
13 44 
13 46 
13 47 
13 48 
13 50 
13 53 
13 57 
13 58 
13 59 
13 60 
13 63 
13 66 
13 67 
13 68 
13 70 
13 74 
13 75 
13 76 
14 16 
14 17 
14 20 
14 25 
14 26 
14 27 
14 28 
14 29 
14 31 
14 35 
14 36 
14 37 
14 39 
14 41 
14 42 
14 49 
14 51 
14 52 
14 53 
14 54 
14 58 
14 61 
14 63 
14 65 
14 67 
14 70 
14 74 
14 75 
14 76 
14 77 
14 79 
15 17 
15 19 
15 25 
15 27 
15 28 
15 30 
15 37 
15 40 
15 42 
15 43 
15 45 
15 48 
15 52 
15 57 
15 58 
15 59 
15 62 
15 67 
15 68 
15 69 
15 70 
15 71 
15 76 
15 77 
15 79 
16 19 
16 22 
16 23 
16 30 
16 31 
16 32 
16 37 
16 42 
16 43 
16 44 
16 45 
16 47 
16 51 
16 53 
16 54 
16 55 
16 56 
16 60 
16 61 
16 62 
16 72 
16 73 
16 75 
16 76 
16 77 
16 80 
17 18 
17 20 
17 22 
17 27 
17 28 
17 29 
17 30 
17 32 
17 35 
17 36 
17 38 
17 41 
17 42 
17 47 
17 48 
17 49 
17 51 
17 53 
17 55 
17 56 
17 59 
17 61 
17 62 
17 68 
17 69 
17 71 
17 74 
17 75 
17 77 
18 22 
18 23 
18 29 
18 33 
18 34 
18 36 
18 44 
18 48 
18 56 
18 57 
18 58 
18 62 
18 65 
18 66 
18 72 
18 73 
18 74 
18 77 
18 78 
18 80 
19 20 
19 21 
19 25 
19 28 
19 36 
19 37 
19 38 
19 39 
19 41 
19 42 
19 44 
19 53 
19 54 
19 57 
19 58 
19 59 
19 60 
19 62 
19 63 
19 74 
19 77 
19 80 
20 22 
20 24 
20 25 
20 26 
20 28 
20 38 
20 39 
20 40 
20 42 
20 43 
20 45 
20 46 
20 47 
20 48 
20 53 
20 57 
20 58 
20 59 
20 60 
20 63 
20 65 
20 68 
20 72 
20 73 
20 79 
21 23 
21 25 
21 26 
21 29 
21 32 
21 36 
21 39 
21 41 
21 43 
21 46 
21 49 
21 50 
21 51 
21 52 
21 60 
21 63 
21 64 
21 65 
21 70 
21 71 
21 74 
21 75 
21 78 
22 23 
22 24 
22 25 
22 26 
22 30 
22 31 
22 32 
22 33 
22 34 
22 41 
22 44 
22 45 
22 48 
22 57 
22 58 
22 60 
22 61 
22 62 
22 64 
22 65 
22 72 
22 77 
22 78 
22 79 
23 25 
23 26 
23 27 
23 29 
23 30 
23 32 
23 39 
23 42 
23 44 
23 45 
23 46 
23 48 
23 50 
23 52 
23 53 
23 54 
23 56 
23 58 
23 60 
23 66 
23 68 
23 76 
23 78 
23 80 
24 26 
24 27 
24 29 
24 34 
24 36 
24 38 
24 42 
24 45 
24 46 
24 47 
24 53 
24 54 
24 55 
24 59 
24 61 
24 64 
24 67 
24 69 
24 70 
24 79 
25 26 
25 29 
25 31 
25 34 
25 37 
25 38 
25 40 
25 44 
25 45 
25 46 
25 49 
25 52 
25 53 
25 54 
25 55 
25 59 
25 61 
25 62 
25 65 
25 66 
25 69 
25 72 
25 77 
25 79 
25 80 
26 28 
26 35 
26 40 
26 42 
26 46 
26 47 
26 48 
26 49 
26 50 
26 51 
26 53 
26 55 
26 56 
26 57 
26 61 
26 65 
26 66 
26 68 
26 71 
26 72 
26 74 
26 78 
26 80 
27 29 
27 31 
27 32 
27 34 
27 37 
27 38 
27 39 
27 41 
27 43 
27 44 
27 46 
27 47 
27 49 
27 53 
27 54 
27 57 
27 59 
27 64 
27 66 
27 67 
27 69 
27 72 
27 76 
27 78 
28 31 
28 32 
28 33 
28 35 
28 37 
28 41 
28 43 
28 45 
28 50 
28 51 
28 52 
28 56 
28 57 
28 61 
28 63 
28 64 
28 65 
28 69 
28 71 
28 74 
29 34 
29 38 
29 46 
29 47 
29 48 
29 49 
29 50 
29 56 
29 59 
29 61 
29 63 
29 65 
29 66 
29 67 
29 68 
29 73 
29 74 
29 76 
30 33 
30 37 
30 38 
30 40 
30 42 
30 45 
30 47 
30 49 
30 51 
30 56 
30 57 
30 59 
30 61 
30 64 
30 66 
30 67 
30 70 
30 72 
30 79 
31 35 
31 38 
31 39 
31 40 
31 48 
31 50 
31 51 
31 53 
31 58 
31 64 
31 66 
31 67 
31 68 
31 72 
31 77 
31 79 
32 33 
32 37 
32 38 
32 40 
32 43 
32 45 
32 51 
32 53 
32 54 
32 55 
32 56 
32 57 
32 63 
32 65 
32 67 
32 74 
33 36 
33 37 
33 41 
33 43 
33 47 
33 48 
33 49 
33 51 
33 52 
33 56 
33 59 
33 60 
33 62 
33 65 
33 66 
33 68 
34 41 
34 42 
34 43 
34 44 
34 46 
34 48 
34 53 
34 54 
34 55 
34 58 
34 60 
34 61 
34 66 
34 68 
34 71 
34 75 
34 79 
35 36 
35 38 
35 43 
35 46 
35 47 
35 57 
35 58 
35 60 
35 66 
35 67 
35 68 
35 69 
35 70 
35 72 
35 74 
35 76 
35 78 
35 79 
36 37 
36 44 
36 45 
36 53 
36 54 
36 60 
36 61 
36 62 
36 63 
36 64 
36 66 
36 67 
36 70 
36 73 
36 78 
36 79 
36 80 
37 39 
37 42 
37 45 
37 46 
37 48 
37 50 
37 52 
37 57 
37 61 
37 65 
37 66 
37 67 
37 68 
37 72 
37 74 
37 75 
37 76 
37 77 
37 78 
37 80 
38 44 
38 45 
38 50 
38 51 
38 52 
38 57 
38 60 
38 65 
38 67 
38 69 
38 72 
38 78 
38 79 
38 80 
39 42 
39 44 
39 47 
39 48 
39 51 
39 53 
39 54 
39 59 
39 62 
39 64 
39 68 
39 70 
39 76 
40 44 
40 47 
40 53 
40 54 
40 60 
40 61 
40 62 
40 64 
40 67 
40 69 
40 71 
40 72 
40 74 
40 78 
40 79 
41 42 
41 46 
41 48 
41 52 
41 57 
41 59 
41 61 
41 62 
41 65 
41 67 
41 68 
41 69 
41 75 
41 77 
41 79 
41 80 
42 43 
42 45 
42 46 
42 48 
42 50 
42 55 
42 58 
42 61 
42 62 
42 63 
42 65 
42 67 
42 70 
42 71 
42 72 
42 76 
42 78 
42 79 
43 44 
43 45 
43 47 
43 48 
43 50 
43 51 
43 54 
43 57 
43 58 
43 59 
43 60 
43 62 
43 63 
43 65 
43 67 
43 70 
43 74 
43 77 
43 80 
44 49 
44 52 
44 53 
44 54 
44 56 
44 57 
44 59 
44 61 
44 62 
44 63 
44 68 
44 70 
44 71 
44 74 
44 76 
44 79 
44 80 
45 47 
45 53 
45 55 
45 56 
45 58 
45 62 
45 63 
45 64 
45 65 
45 66 
45 67 
45 68 
45 74 
45 75 
45 77 
45 80 
46 48 
46 51 
46 59 
46 60 
46 61 
46 63 
46 66 
46 74 
46 76 
46 77 
46 80 
47 48 
47 50 
47 51 
47 54 
47 57 
47 61 
47 64 
47 65 
47 69 
47 73 
47 75 
47 78 
48 49 
48 54 
48 55 
48 56 
48 57 
48 60 
48 66 
48 69 
48 74 
48 76 
48 77 
48 78 
48 79 
48 80 
49 55 
49 57 
49 58 
49 59 
49 61 
49 65 
49 70 
49 71 
49 76 
50 51 
50 53 
50 54 
50 58 
50 59 
50 62 
50 67 
50 71 
50 77 
51 52 
51 53 
51 57 
51 58 
51 59 
51 61 
51 62 
51 65 
51 66 
51 67 
51 73 
51 75 
51 76 
51 77 
51 80 
52 53 
52 56 
52 61 
52 66 
52 67 
52 71 
52 72 
52 74 
52 78 
53 54 
53 55 
53 56 
53 58 
53 59 
53 60 
53 63 
53 64 
53 65 
53 71 
53 73 
54 58 
54 65 
54 68 
54 71 
54 72 
54 73 
54 77 
54 79 
55 56 
55 59 
55 61 
55 63 
55 64 
55 65 
55 67 
55 70 
55 72 
55 74 
55 77 
55 78 
55 79 
56 57 
56 62 
56 64 
56 67 
56 68 
56 70 
56 74 
56 77 
56 79 
57 58 
57 59 
57 60 
57 62 
57 63 
57 66 
57 67 
57 69 
57 70 
57 71 
57 77 
58 59 
58 60 
58 64 
58 71 
58 79 
59 60 
59 61 
59 67 
59 71 
59 73 
59 79 
60 61 
60 66 
60 76 
60 78 
60 80 
61 64 
61 70 
61 75 
61 76 
61 77 
61 79 
62 66 
62 73 
62 77 
62 78 
62 79 
62 80 
63 71 
63 72 
63 73 
63 74 
63 76 
63 78 
64 67 
64 68 
64 71 
64 74 
64 75 
64 76 
65 66 
65 68 
65 72 
65 76 
66 76 
66 78 
66 80 
67 79 
67 80 
68 69 
68 70 
68 72 
68 73 
68 74 
68 75 
68 76 
68 77 
68 78 
68 80 
69 70 
69 71 
69 73 
69 79 
70 74 
70 75 
70 76 
71 75 
71 76 
71 78 
71 79 
72 74 
72 75 
73 74 
74 77 
74 80 
75 78 
75 79 
75 80 
76 77 
76 79 
76 80 
77 80 
