nNodes=100;
 nPairs=971;
Cost=

101  0  0  0  0  0  101  101  0  0  0  0  0  101  0  0  101  0  0  0  0  0  0  0  0  0  0  0  0  0  0  101  101  0  101  0  0  0  101  101  0  101  0  0  0  0  0  0  0  0  101  0  0  0  0  101  0  101  0  0  0  0  0  0  0  0  101  0  0  0  0  101  101  0  0  0  0  0  0  101  0  0  0  0  101  0  0  0  0  0  0  0  101  0  0  0  0  0  0  0  

0  101  0  0  0  0  0  0  0  0  0  0  0  0  0  0  0  0  0  101  101  0  101  0  0  101  0  0  0  0  0  0  0  0  0  0  0  0  0  0  0  0  101  0  101  0  0  101  0  101  0  101  0  101  0  0  0  0  0  0  0  0  0  0  0  0  0  0  0  0  0  0  101  0  0  0  0  101  0  101  0  0  0  0  0  0  0  0  0  101  0  0  0  0  0  0  0  0  0  0  

0  0  101  0  0  0  0  101  101  0  101  0  101  0  101  101  0  0  0  101  0  0  0  0  0  0  0  0  101  101  0  101  0  101  0  0  0  0  0  101  101  0  0  101  101  101  0  0  0  0  0  0  0  0  101  0  0  0  0  0  0  0  101  101  0  0  0  0  101  0  0  0  0  0  0  0  0  0  0  0  0  0  101  0  101  0  101  0  0  101  0  0  0  0  0  0  101  0  101  0  

0  0  0  101  0  101  101  0  101  0  0  0  0  101  101  0  0  0  0  0  0  101  0  0  101  0  0  0  101  0  0  0  0  0  0  0  0  0  0  101  0  0  0  101  0  0  0  0  0  0  0  0  0  0  0  0  0  0  101  0  0  0  101  0  0  0  101  0  0  0  0  0  0  0  0  0  101  0  0  0  101  0  0  0  101  0  0  101  0  0  101  0  0  0  101  0  0  0  0  0  

0  0  0  0  101  0  101  101  0  0  101  101  0  101  101  0  101  0  0  0  0  0  0  0  0  101  101  0  0  0  0  0  0  0  0  101  0  0  0  101  0  101  0  0  0  101  101  101  0  0  101  0  101  0  101  0  0  101  0  0  0  0  0  0  0  0  0  0  0  0  0  101  0  0  101  0  0  0  0  0  0  0  0  101  0  101  0  0  0  0  101  0  0  0  0  0  101  0  101  0  

0  0  0  101  0  101  0  0  0  0  0  0  0  0  0  0  0  101  0  0  101  101  101  0  0  0  101  101  0  0  0  0  0  0  0  0  0  0  0  0  0  0  0  101  101  0  0  0  0  0  0  0  0  0  0  0  0  101  0  0  0  0  0  0  0  0  0  0  0  0  0  0  0  101  0  0  101  0  0  101  0  0  0  0  0  0  0  0  101  101  101  0  0  101  0  0  0  0  101  0  

101  0  0  101  101  0  101  0  0  0  0  101  0  0  0  0  101  101  0  0  101  101  0  0  0  101  0  0  0  0  0  0  0  0  0  0  0  101  0  0  0  0  0  101  0  0  0  0  0  0  0  0  0  0  0  0  0  101  101  0  0  0  0  0  0  101  0  0  0  0  0  0  101  101  0  0  101  0  0  0  0  0  101  0  0  101  101  101  0  0  0  0  0  0  0  0  0  0  0  0  

101  0  101  0  101  0  0  101  101  0  0  0  0  0  0  0  0  0  0  0  0  0  0  0  0  0  0  0  101  0  101  0  0  101  0  0  0  0  101  0  0  101  0  0  0  0  0  0  0  101  0  0  0  101  0  101  0  101  0  0  0  0  0  101  0  0  0  0  0  0  101  0  101  0  0  0  0  101  101  101  0  101  0  101  0  0  0  0  0  0  0  0  101  0  0  0  0  0  0  0  

0  0  101  101  0  0  0  101  101  101  101  0  0  0  101  0  0  0  0  0  0  0  0  0  0  101  0  101  0  0  0  0  0  101  101  0  0  0  0  0  101  0  0  0  0  101  0  0  0  0  0  0  101  101  0  0  0  0  0  0  0  101  0  0  101  0  0  0  0  0  0  0  0  101  0  0  0  0  0  0  101  0  0  0  0  0  0  101  0  0  101  0  0  101  0  101  0  0  0  0  

0  0  0  0  0  0  0  0  101  101  0  101  0  0  0  0  0  101  0  101  0  0  0  0  0  0  0  0  0  101  0  0  101  0  0  0  0  0  0  0  0  0  101  101  0  0  0  0  0  0  0  0  101  101  0  0  101  101  101  0  0  0  0  0  0  0  101  0  0  0  0  101  101  0  0  0  101  0  0  0  0  0  0  0  0  101  0  0  0  0  0  0  101  0  0  0  0  0  0  0  

0  0  101  0  101  0  0  0  101  0  101  101  101  0  0  0  0  0  0  101  0  0  0  0  0  0  0  0  0  0  0  0  101  0  101  0  101  0  101  0  0  101  0  101  0  0  0  0  0  101  0  101  0  0  0  0  0  0  0  101  0  101  0  0  101  0  0  101  0  0  101  0  0  101  0  101  0  0  0  101  0  101  0  0  101  0  0  101  0  101  0  0  0  0  0  101  0  0  101  0  

0  0  0  0  101  0  101  0  0  101  101  101  0  0  0  0  101  0  0  0  0  0  0  101  101  0  0  0  0  0  0  0  0  0  0  0  0  0  101  0  0  101  0  0  0  0  0  101  0  0  0  0  0  0  0  0  0  0  0  0  0  0  101  0  0  0  0  101  101  0  0  0  0  101  0  0  0  101  0  0  0  0  101  0  0  0  0  0  0  0  101  101  0  0  0  0  101  0  0  0  

0  0  101  0  0  0  0  0  0  0  101  0  101  0  0  0  101  0  0  0  0  0  0  101  0  0  101  0  0  0  0  0  101  0  0  0  0  0  0  0  0  0  0  0  0  0  0  0  0  0  0  0  0  101  0  0  0  0  0  101  0  0  0  0  101  0  101  0  0  0  101  101  0  0  0  0  0  101  0  0  0  0  0  0  0  0  0  0  0  0  0  0  101  0  0  0  0  0  0  0  

101  0  0  101  101  0  0  0  0  0  0  0  0  101  0  0  0  0  0  0  0  0  0  0  0  0  0  0  0  0  0  0  101  0  0  0  0  0  101  0  0  0  0  0  0  0  0  0  0  0  0  0  0  0  101  0  101  0  0  101  0  0  0  0  0  0  0  0  0  0  0  0  0  0  101  101  101  101  0  101  0  101  0  0  101  0  0  0  101  0  0  101  0  101  0  0  0  0  101  0  

0  0  101  101  101  0  0  0  101  0  0  0  0  0  101  0  0  0  0  0  0  0  0  0  0  101  0  0  0  0  0  101  0  101  0  0  0  0  101  0  0  101  0  101  101  0  0  0  101  0  101  0  0  0  0  101  101  0  0  0  0  0  101  101  0  0  0  101  0  0  0  0  101  0  0  0  0  101  101  0  0  0  0  0  0  0  0  0  0  0  0  101  0  0  0  0  101  0  0  0  

0  0  101  0  0  0  0  0  0  0  0  0  0  0  0  101  0  0  0  0  101  0  0  101  0  0  101  0  0  0  0  0  0  0  0  0  101  0  0  101  0  0  0  0  0  0  0  0  0  0  0  101  101  0  0  0  0  0  0  0  0  0  0  0  0  0  0  0  101  0  0  0  0  0  0  0  0  0  0  0  0  0  0  0  0  101  0  0  0  0  0  0  0  0  0  101  101  0  0  101  

101  0  0  0  101  0  101  0  0  0  0  101  101  0  0  0  101  101  0  0  101  0  0  0  0  0  0  0  0  101  101  0  0  0  0  101  0  0  0  0  0  0  0  0  0  0  0  0  0  0  0  0  0  0  101  0  0  0  0  101  0  0  0  0  0  0  0  101  0  0  0  101  0  0  0  0  101  0  101  0  0  0  0  0  0  101  0  0  0  0  101  101  101  0  0  0  0  0  0  0  

0  0  0  0  0  101  101  0  0  101  0  0  0  0  0  0  101  101  0  101  0  0  0  0  0  0  101  0  101  0  0  0  0  101  0  0  0  0  0  0  0  0  0  0  101  0  0  0  0  101  0  101  101  0  0  0  0  0  0  0  0  101  0  0  0  101  0  0  0  101  0  0  0  0  0  0  101  0  0  0  0  0  0  0  0  0  101  0  0  0  101  101  0  0  0  0  0  0  0  0  

0  0  0  0  0  0  0  0  0  0  0  0  0  0  0  0  0  0  101  101  0  0  0  0  101  0  0  0  0  0  0  0  0  0  101  0  0  0  0  0  0  0  0  0  0  0  0  0  0  0  0  0  101  101  0  0  0  0  101  101  101  0  0  101  0  0  0  0  0  101  0  0  0  0  0  101  0  0  0  101  0  0  101  0  0  0  0  0  0  0  0  0  0  0  0  0  0  0  0  0  

0  101  101  0  0  0  0  0  0  101  101  0  0  0  0  0  0  101  101  101  0  0  0  0  0  101  101  0  0  0  0  0  0  0  0  0  101  0  0  101  0  101  0  0  0  0  0  0  101  101  0  0  0  0  0  0  0  0  0  0  101  0  0  0  0  0  0  101  0  0  0  0  0  101  0  0  0  0  0  0  0  0  0  0  0  0  0  0  0  0  101  0  0  0  0  0  0  0  0  101  

0  101  0  0  0  101  101  0  0  0  0  0  0  0  0  101  101  0  0  0  101  0  0  0  0  0  101  101  0  0  0  0  0  0  0  0  0  0  101  101  0  0  0  0  0  0  0  101  0  101  0  0  0  0  0  0  0  101  0  0  0  0  0  0  0  101  0  0  0  101  101  0  0  0  101  101  101  0  0  0  0  0  0  101  0  0  0  101  0  0  0  0  0  0  0  0  0  0  0  101  

0  0  0  101  0  101  101  0  0  0  0  0  0  0  0  0  0  0  0  0  0  101  101  0  101  101  0  0  0  0  0  0  101  0  0  0  0  0  0  0  101  101  0  0  101  0  0  0  101  0  101  0  0  0  0  101  0  0  0  101  101  0  0  0  0  0  0  0  101  0  0  0  0  0  0  0  0  0  0  0  0  0  0  0  0  0  0  0  0  0  0  101  0  0  0  0  0  0  101  101  

0  101  0  0  0  101  0  0  0  0  0  0  0  0  0  0  0  0  0  0  0  101  101  0  0  101  0  0  0  0  0  0  0  0  0  0  0  0  0  0  0  0  0  0  0  0  0  0  101  0  0  0  0  0  0  0  0  0  101  0  0  0  101  0  101  0  0  101  0  0  0  0  0  0  101  0  101  0  0  0  101  0  0  0  0  101  0  0  0  0  0  0  0  0  0  0  0  0  0  101  

0  0  0  0  0  0  0  0  0  0  0  101  101  0  0  101  0  0  0  0  0  0  0  101  0  101  0  0  101  0  101  0  0  0  0  0  0  101  0  0  0  0  101  0  0  0  0  0  0  0  0  0  0  0  101  0  0  0  101  0  101  0  0  0  0  0  101  0  0  0  0  0  0  101  0  0  0  0  0  0  101  0  0  0  0  101  101  101  0  0  0  101  101  101  101  0  0  0  0  0  

0  0  0  101  0  0  0  0  0  0  0  101  0  0  0  0  0  0  101  0  0  101  0  0  101  0  0  0  0  0  0  0  0  101  0  0  0  0  0  0  0  0  0  0  0  0  101  0  0  101  0  0  0  0  0  0  0  0  0  0  0  101  101  0  0  0  101  0  0  0  0  0  0  0  0  0  0  101  101  0  0  0  101  101  0  0  0  0  101  0  101  101  0  0  0  0  0  101  0  0  

0  101  0  0  101  0  101  0  101  0  0  0  0  0  101  0  0  0  0  101  0  101  101  101  0  101  101  101  101  0  0  0  0  0  0  0  0  0  0  0  0  101  0  0  0  0  0  0  0  101  0  0  0  0  101  101  101  0  0  0  0  101  0  0  0  0  0  0  0  101  0  0  0  0  0  0  0  0  0  0  0  101  0  0  101  0  0  0  0  0  0  0  101  0  0  0  0  0  0  0  

0  0  0  0  101  101  0  0  0  0  0  0  101  0  0  101  0  101  0  101  101  0  0  0  0  101  101  0  0  0  0  0  101  0  0  0  0  0  101  0  0  101  0  0  0  0  101  0  0  0  101  101  101  0  0  0  0  0  0  0  0  0  101  0  0  0  0  0  0  101  0  101  101  0  0  0  0  0  0  0  0  0  101  0  0  0  0  0  0  101  101  0  0  0  0  101  101  0  101  101  

0  0  0  0  0  101  0  0  101  0  0  0  0  0  0  0  0  0  0  0  101  0  0  0  0  101  0  101  0  101  0  0  0  0  0  0  0  0  0  0  0  0  0  0  101  0  101  0  0  0  0  0  0  0  0  0  0  0  0  0  101  101  0  0  101  0  0  101  0  101  0  0  0  0  0  0  0  0  0  0  101  101  0  0  0  0  0  0  0  0  101  101  0  0  0  101  0  0  0  0  

0  0  101  101  0  0  0  101  0  0  0  0  0  0  0  0  0  101  0  0  0  0  0  101  0  101  0  0  101  101  0  101  0  0  0  0  0  0  101  0  0  0  0  0  0  0  0  0  0  0  101  101  0  0  0  0  0  0  0  101  0  0  0  0  0  0  0  0  0  0  0  0  0  0  0  101  0  101  0  0  0  101  0  0  0  0  0  0  0  0  0  0  0  0  0  0  0  0  0  101  

0  0  101  0  0  0  0  0  0  101  0  0  0  0  0  0  101  0  0  0  0  0  0  0  0  0  0  101  101  101  0  0  0  0  0  101  0  0  0  0  101  101  0  101  0  0  101  0  0  0  0  0  0  0  0  0  0  0  0  0  0  0  0  0  0  0  0  0  0  0  101  0  0  101  0  0  0  0  0  0  0  0  0  0  0  0  0  101  0  0  0  101  0  0  101  0  0  101  0  0  

0  0  0  0  0  0  0  101  0  0  0  0  0  0  0  0  101  0  0  0  0  0  0  101  0  0  0  0  0  0  101  101  0  101  0  0  0  101  0  0  0  0  0  0  0  0  101  0  0  0  0  0  101  101  101  0  101  0  0  0  0  0  0  0  0  0  0  0  0  101  0  0  0  0  0  0  0  0  0  101  0  0  0  101  0  0  0  0  0  0  101  0  0  0  0  0  0  0  0  0  

101  0  101  0  0  0  0  0  0  0  0  0  0  0  101  0  0  0  0  0  0  0  0  0  0  0  0  0  101  0  101  101  0  101  0  0  101  0  0  101  101  0  0  0  0  0  0  101  101  0  0  0  0  0  0  0  101  101  101  101  0  0  0  0  0  0  0  0  0  0  0  101  0  0  0  0  0  0  101  0  101  0  101  0  0  0  0  0  0  0  0  101  0  0  0  0  0  0  0  101  

101  0  0  0  0  0  0  0  0  101  101  0  101  101  0  0  0  0  0  0  0  101  0  0  0  0  101  0  0  0  0  0  101  0  101  0  0  0  0  101  101  0  0  0  0  101  0  101  0  0  0  0  0  0  0  0  0  0  0  0  0  0  0  0  0  101  0  0  0  0  0  101  0  0  0  0  0  101  0  0  101  0  0  0  101  0  0  0  101  101  0  101  0  101  0  101  0  0  0  0  

0  0  101  0  0  0  0  101  101  0  0  0  0  0  101  0  0  101  0  0  0  0  0  0  101  0  0  0  0  0  101  101  0  101  0  0  101  0  0  0  0  0  101  101  0  0  0  0  0  0  0  0  101  0  101  0  0  0  0  0  101  0  0  0  0  101  0  0  0  0  0  0  101  0  101  101  0  0  0  101  101  101  0  0  0  0  0  0  0  0  0  0  0  101  0  0  0  0  101  0  

101  0  0  0  0  0  0  0  101  0  101  0  0  0  0  0  0  0  101  0  0  0  0  0  0  0  0  0  0  0  0  0  101  0  101  0  0  0  0  0  101  0  0  0  101  0  0  101  0  0  0  101  0  101  0  0  0  0  0  0  101  0  0  0  101  101  0  0  0  0  0  0  0  101  101  101  0  0  0  0  0  0  101  0  0  0  0  101  101  0  0  101  101  0  0  101  0  0  0  0  

0  0  0  0  101  0  0  0  0  0  0  0  0  0  0  0  101  0  0  0  0  0  0  0  0  0  0  0  0  101  0  0  0  0  0  101  0  0  0  0  0  0  0  101  0  0  101  0  101  0  0  0  0  0  0  101  0  0  0  0  0  0  0  0  0  0  0  0  0  0  101  0  101  0  0  0  0  0  0  0  101  0  0  0  0  0  0  0  0  0  0  0  101  0  0  0  0  0  0  0  

0  0  0  0  0  0  0  0  0  0  101  0  0  0  0  101  0  0  0  101  0  0  0  0  0  0  0  0  0  0  0  101  0  101  0  0  101  0  0  0  0  0  101  101  0  0  101  0  0  0  0  0  0  0  101  0  0  0  0  101  0  0  0  101  0  0  0  0  101  0  0  0  0  0  0  0  0  0  0  0  101  0  0  0  101  0  0  0  0  101  0  0  101  101  0  0  0  0  0  0  

0  0  0  0  0  0  101  0  0  0  0  0  0  0  0  0  0  0  0  0  0  0  0  101  0  0  0  0  0  0  101  0  0  0  0  0  0  101  0  0  101  0  101  0  0  0  101  101  0  0  101  0  0  101  0  0  0  0  0  101  101  0  0  0  0  0  0  101  0  0  101  0  101  0  0  0  0  0  0  0  0  0  0  0  0  0  0  0  0  101  0  0  0  101  0  0  0  0  101  101  

101  0  0  0  0  0  0  101  0  0  101  101  0  101  101  0  0  0  0  0  101  0  0  0  0  0  101  0  101  0  0  0  0  0  0  0  0  0  101  0  0  101  0  0  0  0  0  0  0  0  0  0  0  0  0  0  0  0  0  0  101  0  0  0  101  0  0  0  101  101  0  0  0  0  0  0  0  0  0  0  101  101  101  0  101  0  0  0  0  0  0  0  101  0  0  0  0  0  0  0  

101  0  101  101  101  0  0  0  0  0  0  0  0  0  0  101  0  0  0  101  101  0  0  0  0  0  0  0  0  0  0  101  101  0  0  0  0  0  0  101  0  0  0  0  0  0  101  101  0  101  101  0  0  0  0  101  0  101  0  0  101  0  0  0  0  0  0  0  101  0  0  0  0  0  0  101  0  101  0  0  101  0  0  0  0  0  101  0  0  101  0  101  0  0  0  0  0  0  0  101  

0  0  101  0  0  0  0  0  101  0  0  0  0  0  0  0  0  0  0  0  0  101  0  0  0  0  0  0  0  101  0  101  101  0  101  0  0  101  0  0  101  0  0  0  0  0  0  0  0  0  101  0  0  0  0  0  101  0  0  101  0  0  0  0  0  0  0  0  0  0  0  0  0  0  0  0  0  0  0  0  0  0  0  0  101  0  0  0  101  0  0  0  0  0  0  0  101  0  0  0  

101  0  0  0  101  0  0  101  0  0  101  101  0  0  101  0  0  0  0  101  0  101  0  0  0  101  101  0  0  101  0  0  0  0  0  0  0  0  101  0  0  101  0  0  0  0  0  0  0  0  0  0  0  0  0  101  0  0  101  0  0  0  0  101  0  0  0  0  0  101  0  101  0  0  0  101  101  101  0  0  0  0  0  101  101  0  0  0  0  0  0  0  0  0  0  101  0  0  101  0  

0  101  0  0  0  0  0  0  0  101  0  0  0  0  0  0  0  0  0  0  0  0  0  101  0  0  0  0  0  0  0  0  0  101  0  0  101  101  0  0  0  0  101  0  0  0  0  0  0  0  101  101  0  0  0  0  0  101  0  0  0  0  0  0  0  0  0  0  0  0  101  0  101  0  0  0  0  0  0  101  0  101  101  0  0  0  0  0  101  0  101  0  101  0  0  0  101  101  0  0  

0  0  101  101  0  101  101  0  0  101  101  0  0  0  101  0  0  0  0  0  0  0  0  0  0  0  0  0  0  101  0  0  0  101  0  101  101  0  0  0  0  0  0  101  0  0  0  0  0  0  101  0  0  101  0  0  0  0  0  0  0  0  0  101  0  0  0  0  0  0  0  0  0  0  0  0  0  0  0  101  101  0  0  0  0  101  101  0  0  101  0  0  0  0  0  0  0  101  0  0  

0  101  101  0  0  101  0  0  0  0  0  0  0  0  101  0  0  101  0  0  0  101  0  0  0  0  0  101  0  0  0  0  0  0  101  0  0  0  0  0  0  0  0  0  101  0  101  101  101  0  0  101  0  0  0  0  0  0  0  101  101  0  0  0  0  0  0  101  0  0  101  101  0  0  0  0  101  0  0  0  0  0  0  0  0  0  0  0  101  0  0  101  0  101  0  0  0  0  101  0  

0  0  101  0  101  0  0  0  101  0  0  0  0  0  0  0  0  0  0  0  0  0  0  0  0  0  0  0  0  0  0  0  101  0  0  0  0  0  0  0  0  0  0  0  0  101  0  0  0  0  0  0  0  0  0  101  0  0  101  101  101  0  0  101  0  0  101  0  0  0  101  0  0  0  0  101  101  101  101  0  0  0  0  0  0  0  101  0  101  0  0  0  0  101  0  101  0  0  0  0  

0  0  0  0  101  0  0  0  0  0  0  0  0  0  0  0  0  0  0  0  0  0  0  0  101  0  101  101  0  101  101  0  0  0  0  101  101  101  0  101  0  0  0  0  101  0  101  0  0  0  101  0  0  0  101  0  0  0  0  101  0  0  0  0  0  101  0  0  0  101  0  101  0  0  0  0  101  0  0  0  0  101  0  0  0  0  0  101  0  101  0  0  101  0  0  101  0  101  0  0  

0  101  0  0  101  0  0  0  0  0  0  101  0  0  0  0  0  0  0  0  101  0  0  0  0  0  0  0  0  0  0  101  101  0  101  0  0  101  0  101  0  0  0  0  101  0  0  101  0  0  0  0  0  0  0  0  0  0  0  101  0  0  0  0  0  0  0  101  101  0  101  0  101  0  0  0  0  0  0  0  0  0  0  0  0  0  101  101  0  0  0  0  0  0  0  0  0  0  0  0  

0  0  0  0  0  0  0  0  0  0  0  0  0  0  101  0  0  0  0  101  0  101  101  0  0  0  0  0  0  0  0  101  0  0  0  101  0  0  0  0  0  0  0  0  101  0  0  0  101  0  0  0  0  0  0  0  101  0  0  101  0  0  0  0  0  0  0  0  0  0  101  0  101  101  0  0  0  0  0  0  0  0  0  101  0  0  101  0  0  0  0  0  0  0  0  101  0  0  0  0  

0  101  0  0  0  0  0  101  0  0  101  0  0  0  0  0  0  101  0  101  101  0  0  0  101  101  0  0  0  0  0  0  0  0  0  0  0  0  0  101  0  0  0  0  0  0  0  0  0  101  0  101  0  0  0  0  0  0  101  0  0  0  0  0  0  0  0  0  0  0  0  0  101  0  0  0  101  0  0  0  0  0  0  0  0  0  0  0  0  0  0  0  101  101  0  0  0  0  0  101  

101  0  0  0  101  0  0  0  0  0  0  0  0  0  101  0  0  0  0  0  0  101  0  0  0  0  101  0  101  0  0  0  0  0  0  0  0  101  0  101  101  0  101  101  0  0  101  0  0  0  101  0  101  0  0  101  0  0  0  101  0  0  0  0  0  0  0  0  0  0  0  101  101  0  0  0  0  0  0  0  0  0  0  0  101  101  0  0  101  101  0  101  101  101  0  0  101  101  101  0  

0  101  0  0  0  0  0  0  0  0  101  0  0  0  0  101  0  101  0  0  0  0  0  0  0  0  101  0  101  0  0  0  0  0  101  0  0  0  0  0  0  0  101  0  101  0  0  0  0  101  0  101  0  0  0  101  0  0  0  101  0  0  101  0  0  0  101  0  0  0  0  101  0  0  0  0  0  0  0  0  0  0  0  0  101  101  0  0  0  101  0  0  0  0  0  0  0  0  0  0  

0  0  0  0  101  0  0  0  101  101  0  0  0  0  0  101  0  101  101  0  0  0  0  0  0  0  101  0  0  0  101  0  0  101  0  0  0  0  0  0  0  0  0  0  0  0  0  0  0  0  101  0  101  0  101  101  101  101  0  0  0  0  101  0  0  0  0  0  0  0  0  0  0  0  0  101  0  0  0  101  101  0  101  0  0  101  0  0  0  0  0  0  0  0  0  0  0  101  0  0  

0  101  0  0  0  0  0  101  101  101  0  0  101  0  0  0  0  0  101  0  0  0  0  0  0  0  0  0  0  0  101  0  0  0  101  0  0  101  0  0  0  0  0  101  0  0  0  0  0  0  0  0  0  101  0  0  0  101  0  101  101  0  0  0  0  0  0  0  0  0  0  0  0  0  0  0  0  101  0  0  0  0  0  0  0  0  0  0  0  0  0  0  0  0  0  0  0  0  0  0  

0  0  101  0  101  0  0  0  0  0  0  0  0  101  0  0  101  0  0  0  0  0  0  101  0  101  0  0  0  0  101  0  0  101  0  0  101  0  0  0  0  0  0  0  0  0  101  0  0  0  0  0  101  0  101  0  101  0  101  0  0  0  0  0  0  0  0  101  0  0  0  0  0  0  0  0  0  0  101  0  101  0  0  0  0  0  0  0  101  0  0  101  101  0  0  101  101  0  101  0  

101  0  0  0  0  0  0  101  0  0  0  0  0  0  101  0  0  0  0  0  0  101  0  0  0  101  0  0  0  0  0  0  0  0  0  101  0  0  0  101  0  101  0  0  0  101  0  0  0  0  101  101  101  0  0  101  0  0  0  0  0  0  0  101  101  0  0  0  0  101  101  0  0  101  0  0  0  0  101  0  101  101  0  0  101  0  0  0  0  0  0  0  0  0  0  0  0  0  0  0  

0  0  0  0  0  0  0  0  0  101  0  0  0  101  101  0  0  0  0  0  0  0  0  0  0  101  0  0  0  0  101  101  0  0  0  0  0  0  0  0  101  0  0  0  0  0  0  0  101  0  0  0  101  0  101  0  101  0  0  0  0  0  0  0  0  101  0  0  0  0  0  0  101  0  0  0  0  0  0  0  101  0  101  0  0  0  0  0  0  0  0  0  0  0  0  0  0  0  0  0  

101  0  0  0  101  101  101  101  0  101  0  0  0  0  0  0  0  0  0  0  101  0  0  0  0  0  0  0  0  0  0  101  0  0  0  0  0  0  0  101  0  0  101  0  0  0  0  0  0  0  0  0  101  101  0  0  0  101  0  101  0  0  0  0  0  0  0  0  0  0  0  0  0  101  101  0  0  0  0  0  0  0  0  0  0  0  0  0  0  101  101  0  101  0  0  0  0  0  0  0  

0  0  0  101  0  0  101  0  0  101  0  0  0  0  0  0  0  0  101  0  0  0  101  101  0  0  0  0  0  0  0  101  0  0  0  0  0  0  0  0  0  101  0  0  0  101  0  0  0  101  0  0  0  0  101  0  0  0  101  0  0  101  0  0  101  0  0  101  0  0  0  0  101  0  0  0  0  0  0  0  0  0  101  0  0  0  0  0  0  101  0  101  0  0  0  0  0  0  0  0  

0  0  0  0  0  0  0  0  0  0  101  0  101  101  0  0  101  0  101  0  0  101  0  0  0  0  0  0  101  0  0  101  0  0  0  0  101  101  0  0  101  0  0  0  101  101  101  101  101  0  101  101  0  101  0  0  0  101  0  101  0  0  0  101  0  0  0  0  0  101  101  0  0  0  101  101  0  0  0  0  0  0  101  0  101  0  0  0  0  0  0  101  0  0  101  0  0  0  0  0  

0  0  0  0  0  0  0  0  0  0  0  0  0  0  0  0  0  0  101  101  0  101  0  101  0  0  0  101  0  0  0  0  0  101  101  0  0  101  101  101  0  0  0  0  101  101  0  0  0  0  0  0  0  101  0  0  0  0  0  0  101  0  0  0  0  0  0  101  0  0  0  0  0  0  0  0  0  101  0  0  0  101  101  0  0  101  0  101  0  0  0  101  0  0  0  101  0  0  0  0  

0  0  0  0  0  0  0  0  101  0  101  0  0  0  0  0  0  101  0  0  0  0  0  0  101  101  0  101  0  0  0  0  0  0  0  0  0  0  0  0  0  0  0  0  0  0  0  0  0  0  0  0  0  0  0  0  0  0  101  0  0  101  0  0  0  101  0  0  101  0  0  0  0  0  0  0  0  0  101  0  101  0  0  0  0  0  101  0  0  101  0  101  101  0  0  0  0  0  0  0  

0  0  101  101  0  0  0  0  0  0  0  101  0  0  101  0  0  0  0  0  0  0  101  0  101  0  101  0  0  0  0  0  0  0  0  0  0  0  0  0  0  0  0  0  0  0  0  0  0  0  0  101  101  0  0  0  0  0  0  0  0  0  101  0  0  0  0  0  101  0  0  0  0  0  0  0  0  0  0  0  0  0  0  101  0  0  0  0  0  0  0  0  0  0  0  101  0  0  0  0  

0  0  101  0  0  0  0  101  0  0  0  0  0  0  101  0  0  0  101  0  0  0  0  0  0  0  0  0  0  0  0  0  0  0  0  0  101  0  0  0  0  101  0  101  0  101  0  0  0  0  0  0  0  0  0  101  0  0  0  101  0  0  0  101  0  101  101  0  0  101  101  0  0  0  0  0  101  0  0  0  0  0  0  0  0  0  0  0  0  0  0  0  0  0  0  0  0  0  0  0  

0  0  0  0  0  0  0  0  101  0  101  0  101  0  0  0  0  0  0  0  0  0  101  0  0  0  0  101  0  0  0  0  0  0  101  0  0  0  101  0  0  0  0  0  0  0  0  0  0  0  0  0  0  0  0  101  0  0  101  0  0  0  0  0  101  101  101  0  0  101  0  0  0  0  0  0  0  0  0  101  0  0  101  0  0  0  0  0  0  0  0  0  0  0  0  0  0  0  0  0  

0  0  0  0  0  0  101  0  0  0  0  0  0  0  0  0  0  101  0  0  101  0  0  0  0  0  0  0  0  0  0  0  101  101  101  0  0  0  0  0  0  0  0  0  0  0  101  0  0  0  0  0  0  0  0  0  101  0  0  0  0  101  0  101  101  101  0  0  0  0  0  101  101  0  101  0  0  0  0  0  0  0  0  0  0  0  0  101  101  101  0  0  101  0  0  0  0  0  0  0  

101  0  0  101  0  0  0  0  0  101  0  0  101  0  0  0  0  0  0  0  0  0  0  101  101  0  0  0  0  0  0  0  0  0  0  0  0  0  0  0  0  0  0  0  0  101  0  0  0  0  0  101  0  0  0  0  0  0  0  0  0  0  0  101  101  0  101  0  0  101  101  0  101  0  101  0  0  0  0  0  0  0  0  0  101  0  0  0  0  0  101  0  0  101  0  101  0  0  101  0  

0  0  0  0  0  0  0  0  0  0  101  101  0  0  101  0  101  0  0  101  0  0  101  0  0  0  0  101  0  0  0  0  0  0  0  0  0  101  0  0  0  0  0  0  101  0  0  101  0  0  0  0  0  0  101  0  0  0  101  0  101  0  0  0  0  0  0  101  101  0  0  0  0  0  0  0  0  0  0  0  0  0  101  101  0  0  0  0  0  101  0  0  0  0  0  0  0  0  101  0  

0  0  101  0  0  0  0  0  0  0  0  101  0  0  0  101  0  0  0  0  0  101  0  0  0  0  0  0  0  0  0  0  0  0  0  0  101  0  101  101  0  0  0  0  0  0  0  101  0  0  0  0  0  0  0  0  0  0  0  0  0  101  101  0  0  0  0  101  101  0  101  0  0  0  0  101  0  0  0  0  0  0  0  0  0  0  0  101  101  0  0  0  0  0  0  101  0  0  0  0  

0  0  0  0  0  0  0  0  0  0  0  0  0  0  0  0  0  101  101  0  101  0  0  0  0  101  101  101  0  0  101  0  0  0  0  0  0  0  101  0  0  101  0  0  0  0  101  0  0  0  0  0  0  0  0  101  0  0  0  101  0  0  0  101  101  0  101  0  0  101  0  0  0  0  101  0  0  0  0  0  0  0  0  0  0  101  0  101  0  101  0  0  0  0  0  0  0  0  0  0  

0  0  0  0  0  0  0  101  0  0  101  0  101  0  0  0  0  0  0  0  101  0  0  0  0  0  0  0  0  101  0  0  0  0  0  101  0  101  0  0  0  0  101  0  101  101  0  101  101  0  0  0  0  0  0  101  0  0  0  101  0  0  0  101  0  0  101  0  101  0  101  0  0  0  101  101  0  0  0  0  101  101  0  101  0  0  101  0  0  0  0  0  0  101  0  0  101  0  0  101  

101  0  0  0  101  0  0  0  0  101  0  0  101  0  0  0  101  0  0  0  0  0  0  0  0  0  101  0  0  0  0  101  101  0  0  0  0  0  0  0  0  101  0  0  101  0  101  0  0  0  101  101  0  0  0  0  0  0  0  0  0  0  0  0  0  101  0  0  0  0  0  101  101  0  0  0  0  0  101  101  0  0  101  0  0  101  0  0  0  101  0  0  0  101  0  0  0  0  0  0  

101  101  0  0  0  0  101  101  0  101  0  0  0  0  101  0  0  0  0  0  0  0  0  0  0  0  101  0  0  0  0  0  0  101  0  101  0  101  0  0  0  0  101  0  0  0  0  101  101  101  101  0  0  0  0  0  101  0  101  0  0  0  0  0  0  101  101  0  0  0  0  101  101  101  0  0  0  0  0  0  0  101  0  101  0  0  101  101  0  0  101  0  0  0  0  0  0  0  0  0  

0  0  0  0  0  101  101  0  101  0  101  101  0  0  0  0  0  0  0  101  0  0  0  101  0  0  0  0  0  101  0  0  0  0  101  0  0  0  0  0  0  0  0  0  0  0  0  0  101  0  0  0  0  0  0  101  0  101  0  0  0  0  0  0  0  0  0  0  0  0  0  0  101  101  0  101  0  0  0  0  0  0  0  0  0  0  0  101  0  0  0  0  0  0  0  0  0  0  101  101  

0  0  0  0  101  0  0  0  0  0  0  0  0  101  0  0  0  0  0  0  101  0  101  0  0  0  0  0  0  0  0  0  0  101  101  0  0  0  0  0  0  0  0  0  0  0  0  0  0  0  0  0  0  0  0  0  0  101  0  101  0  0  0  0  0  101  101  0  0  101  101  0  0  0  101  0  0  0  0  0  101  0  0  101  0  0  0  0  0  0  0  0  0  0  0  0  0  101  0  0  

0  0  0  0  0  0  0  0  0  0  101  0  0  101  0  0  0  0  101  0  101  0  0  0  0  0  0  0  101  0  0  0  0  101  101  0  0  0  0  101  0  101  0  0  0  101  0  0  0  0  0  0  101  0  0  0  0  0  0  101  0  0  0  0  0  0  0  0  101  0  101  0  0  101  0  101  101  101  0  101  0  0  0  0  0  101  0  0  0  0  0  0  0  101  0  101  101  0  0  0  

0  0  0  101  0  101  101  0  0  101  0  0  0  101  0  0  101  101  0  0  101  0  101  0  0  0  0  0  0  0  0  0  0  0  0  0  0  0  0  0  0  101  0  0  101  101  101  0  0  101  0  0  0  0  0  0  0  0  0  0  0  0  0  101  0  0  0  0  0  0  0  0  0  0  0  101  101  0  0  101  0  0  101  0  0  0  0  0  0  0  101  0  0  0  0  0  0  0  0  0  

0  101  0  0  0  0  0  101  0  0  0  101  101  101  101  0  0  0  0  0  0  0  0  0  101  0  0  0  101  0  0  0  101  0  0  0  0  0  0  101  0  101  0  0  0  101  0  0  0  0  0  0  0  101  0  0  0  0  0  0  101  0  0  0  0  0  0  0  0  0  0  0  0  0  0  101  0  101  0  0  0  101  0  0  101  101  0  0  0  101  0  0  0  101  101  0  0  101  101  0  

0  0  0  0  0  0  0  101  0  0  0  0  0  0  101  0  101  0  0  0  0  0  0  0  101  0  0  0  0  0  0  101  0  0  0  0  0  0  0  0  0  0  0  0  0  101  0  0  0  0  0  0  0  0  101  101  0  0  0  0  0  101  0  0  0  0  0  0  0  0  0  101  0  0  0  0  0  0  101  0  0  0  101  101  0  101  0  0  0  101  101  0  0  101  0  101  101  0  101  0  

101  101  0  0  0  101  0  101  0  0  101  0  0  101  0  0  0  0  101  0  0  0  0  0  0  0  0  0  0  0  101  0  0  101  0  0  0  0  0  0  0  0  101  101  0  0  0  0  0  0  0  0  101  0  0  0  0  0  0  0  0  0  0  0  101  0  0  0  0  0  0  101  0  0  0  101  101  0  0  101  101  101  101  0  0  0  0  0  0  0  0  0  0  0  0  101  101  0  0  0  

0  0  0  101  0  0  0  0  101  0  0  0  0  0  0  0  0  0  0  0  0  0  101  101  0  0  0  101  0  0  0  101  101  101  0  101  101  0  101  101  0  0  0  101  0  0  0  0  0  0  0  0  101  0  101  101  101  0  0  0  0  101  0  0  0  0  0  0  0  0  101  0  0  0  101  0  0  0  0  101  101  0  0  0  0  101  0  0  0  0  0  0  0  0  101  0  0  101  101  0  

0  0  0  0  0  0  0  101  0  0  101  0  0  101  0  0  0  0  0  0  0  0  0  0  0  101  0  101  101  0  0  0  0  101  0  0  0  0  101  0  0  0  101  0  0  0  101  0  0  0  0  0  0  0  0  101  0  0  0  0  101  0  0  0  0  0  0  0  0  0  101  0  101  0  0  0  0  101  0  101  0  101  0  0  0  0  0  0  0  101  0  0  0  0  0  0  0  0  101  101  

0  0  101  0  0  0  101  0  0  0  0  101  0  0  0  0  0  0  101  0  0  0  0  0  101  0  101  0  0  0  0  101  0  0  101  0  0  0  101  0  0  0  101  0  0  0  0  0  0  0  0  0  101  0  0  0  101  0  101  101  101  0  0  0  101  0  0  101  0  0  0  101  0  0  0  0  101  0  101  101  0  0  101  0  0  0  0  0  0  0  101  0  0  0  0  0  101  101  0  0  

0  0  0  0  101  0  0  101  0  0  0  0  0  0  0  0  0  0  0  0  101  0  0  0  101  0  0  0  0  0  101  0  0  0  0  0  0  0  0  0  0  101  0  0  0  0  0  0  101  0  0  0  0  0  0  0  0  0  0  0  0  0  101  0  0  0  0  101  0  0  101  0  101  0  101  0  0  0  101  0  0  0  0  101  0  0  0  101  0  0  0  0  0  101  101  0  0  0  0  0  

101  0  101  101  0  0  0  0  0  0  101  0  0  101  0  0  0  0  0  0  0  0  0  0  0  101  0  0  0  0  0  0  101  0  0  0  101  0  101  0  101  101  0  0  0  0  0  0  0  0  101  101  0  0  0  101  0  0  0  101  0  0  0  0  0  0  101  0  0  0  0  0  0  0  0  0  0  101  0  0  0  0  0  0  101  0  101  0  0  0  0  0  101  0  0  0  0  0  101  0  

0  0  0  0  101  0  101  0  0  101  0  0  0  0  0  101  101  0  0  0  0  0  101  101  0  0  0  0  0  0  0  0  0  0  0  0  0  0  0  0  0  0  0  101  0  0  0  0  0  0  101  101  101  0  0  0  0  0  0  0  101  0  0  0  0  0  0  0  0  101  0  101  0  0  0  101  0  101  101  0  101  0  0  0  0  101  0  101  0  0  0  0  0  0  0  101  0  0  0  0  

0  0  101  0  0  0  101  0  0  0  0  0  0  0  0  0  0  101  0  0  0  0  0  101  0  0  0  0  0  0  0  0  0  0  0  0  0  0  0  101  0  0  0  101  0  101  0  101  101  0  0  0  0  0  0  0  0  0  0  0  0  101  0  0  0  0  0  0  0  0  101  0  101  0  0  0  0  0  0  0  0  0  0  0  101  0  101  0  101  0  101  101  0  0  0  101  0  101  101  0  

0  0  0  101  0  0  101  0  101  0  101  0  0  0  0  0  0  0  0  0  101  0  0  101  0  0  0  0  0  101  0  0  0  0  101  0  0  0  0  0  0  0  0  0  0  0  101  101  0  0  0  0  0  0  0  0  0  0  0  0  101  0  0  0  0  101  0  0  101  101  0  0  101  101  0  0  0  0  0  0  0  0  0  101  0  101  0  101  101  101  0  0  0  0  101  0  0  101  0  0  

0  0  0  0  0  101  0  0  0  0  0  0  0  101  0  0  0  0  0  0  0  0  0  0  101  0  0  0  0  0  0  0  101  0  101  0  0  0  0  0  101  0  101  0  101  101  0  0  0  0  101  0  0  0  101  0  0  0  0  0  0  0  0  0  0  101  0  0  101  0  0  0  0  0  0  0  0  0  0  0  0  0  0  0  0  0  101  101  101  0  0  101  0  0  0  0  0  101  0  0  

0  101  101  0  0  101  0  0  0  0  101  0  0  0  0  0  0  0  0  0  0  0  0  0  0  0  101  0  0  0  0  0  101  0  0  0  101  101  0  101  0  0  0  101  0  0  101  0  0  0  101  101  0  0  0  0  0  101  101  0  0  101  0  0  0  101  0  101  0  101  0  101  0  0  0  0  0  101  101  0  0  101  0  0  0  0  0  101  0  101  0  0  0  0  0  0  0  0  0  101  

0  0  0  101  101  101  0  0  101  0  0  101  0  0  0  0  101  101  0  101  0  0  0  0  101  0  101  101  0  0  101  0  0  0  0  0  0  0  0  0  0  0  101  0  0  0  0  0  0  0  0  0  0  0  0  0  0  101  0  0  0  0  0  0  0  0  101  0  0  0  0  0  101  0  0  0  101  0  101  0  0  0  101  0  0  0  101  0  0  0  101  0  0  101  0  0  0  0  0  0  

0  0  0  0  0  0  0  0  0  0  0  101  0  101  101  0  101  101  0  0  0  101  0  101  101  0  0  101  0  101  0  101  101  0  101  0  0  0  0  101  0  0  0  0  101  0  0  0  0  0  101  0  0  0  101  0  0  0  101  101  101  101  0  0  0  0  0  0  0  0  0  0  0  0  0  0  0  0  0  0  0  0  0  0  0  0  101  0  101  0  0  101  0  101  0  101  0  0  0  0  

101  0  0  0  0  0  0  101  0  101  0  0  101  0  0  0  101  0  0  0  0  0  0  101  0  101  0  0  0  0  0  0  0  0  101  101  101  0  101  0  0  0  101  0  0  0  101  0  0  101  101  0  0  0  101  0  0  101  0  0  0  101  0  0  0  101  0  0  0  0  0  0  0  0  0  0  0  0  0  0  0  0  0  0  101  0  0  0  0  0  0  0  101  0  0  0  101  0  0  101  

0  0  0  0  0  101  0  0  101  0  0  0  0  101  0  0  0  0  0  0  0  0  0  101  0  0  0  0  0  0  0  0  101  101  0  0  101  101  0  0  0  0  0  0  101  101  0  0  0  101  101  0  0  0  0  0  0  0  0  0  0  0  0  0  0  0  101  0  0  0  101  101  0  0  0  101  0  101  101  0  0  0  0  101  0  0  0  0  0  0  101  101  0  101  0  0  0  0  0  101  

0  0  0  101  0  0  0  0  0  0  0  0  0  0  0  0  0  0  0  0  0  0  0  101  0  0  0  0  0  101  0  0  0  0  0  0  0  0  0  0  0  0  0  0  0  0  0  0  0  0  0  0  0  0  0  0  0  0  0  101  0  0  0  0  0  0  0  0  0  0  0  0  0  0  0  0  0  101  0  0  101  0  0  101  0  0  0  101  0  0  0  0  0  0  101  0  101  0  0  0  

0  0  0  0  0  0  0  0  101  0  101  0  0  0  0  101  0  0  0  0  0  0  0  0  0  0  101  101  0  0  0  0  101  0  101  0  0  0  0  0  0  101  0  0  0  101  101  0  101  0  0  0  0  0  101  0  0  0  0  0  101  0  101  0  0  0  101  0  101  0  0  0  0  0  0  101  0  0  101  101  0  0  0  0  0  101  101  0  0  0  0  101  0  0  0  101  0  101  0  0  

0  0  101  0  101  0  0  0  0  0  0  101  0  0  101  101  0  0  0  0  0  0  0  0  0  0  101  0  0  0  0  0  0  0  0  0  0  0  0  0  101  0  101  0  0  0  0  0  0  0  101  0  0  0  101  0  0  0  0  0  0  0  0  0  0  0  0  0  0  0  101  0  0  0  0  101  0  0  101  101  0  0  101  0  0  0  0  0  0  0  0  0  101  0  101  0  101  0  0  0  

0  0  0  0  0  0  0  0  0  0  0  0  0  0  0  0  0  0  0  0  0  0  0  0  101  0  0  0  0  101  0  0  0  0  0  0  0  0  0  0  0  0  101  101  0  0  101  0  0  0  101  0  101  0  0  0  0  0  0  0  0  0  0  0  0  0  0  0  0  0  0  0  0  0  101  0  0  101  0  0  101  0  101  0  0  0  101  101  101  0  0  0  0  0  0  101  0  101  0  0  

0  0  101  0  101  101  0  0  0  0  101  0  0  101  0  0  0  0  0  0  0  101  0  0  0  0  101  0  0  0  0  0  0  101  0  0  0  101  0  0  0  101  0  0  101  0  0  0  0  0  101  0  0  0  101  0  0  0  0  0  0  0  0  0  0  0  101  101  0  0  0  0  0  101  0  0  0  101  101  0  101  101  0  0  101  0  101  0  0  0  0  0  0  0  0  0  0  0  101  0  

0  0  0  0  0  0  0  0  0  0  0  0  0  0  0  101  0  0  0  101  101  101  101  0  0  0  101  0  101  0  0  101  0  0  0  0  0  101  0  101  0  0  0  0  0  0  0  0  0  101  0  0  0  0  0  0  0  0  0  0  0  0  0  0  0  0  0  0  0  0  101  0  0  101  0  0  0  0  0  0  0  101  0  0  0  0  0  0  0  101  0  0  101  101  0  0  0  0  0  101  

UnPairedArc=
1 7 
1 8 
1 14 
1 17 
1 32 
1 33 
1 35 
1 39 
1 40 
1 42 
1 51 
1 56 
1 58 
1 67 
1 72 
1 73 
1 80 
1 85 
1 93 
2 20 
2 21 
2 23 
2 26 
2 43 
2 45 
2 48 
2 50 
2 52 
2 54 
2 73 
2 78 
2 80 
2 90 
3 8 
3 9 
3 11 
3 13 
3 15 
3 16 
3 20 
3 29 
3 30 
3 32 
3 34 
3 40 
3 41 
3 44 
3 45 
3 46 
3 55 
3 63 
3 64 
3 69 
3 83 
3 85 
3 87 
3 90 
3 97 
3 99 
4 6 
4 7 
4 9 
4 14 
4 15 
4 22 
4 25 
4 29 
4 40 
4 44 
4 59 
4 63 
4 67 
4 77 
4 81 
4 85 
4 88 
4 91 
4 95 
5 7 
5 8 
5 11 
5 12 
5 14 
5 15 
5 17 
5 26 
5 27 
5 36 
5 40 
5 42 
5 46 
5 47 
5 48 
5 51 
5 53 
5 55 
5 58 
5 72 
5 75 
5 84 
5 86 
5 91 
5 97 
5 99 
6 18 
6 21 
6 22 
6 23 
6 27 
6 28 
6 44 
6 45 
6 58 
6 74 
6 77 
6 80 
6 89 
6 90 
6 91 
6 94 
6 99 
7 12 
7 17 
7 18 
7 21 
7 22 
7 26 
7 38 
7 44 
7 58 
7 59 
7 66 
7 73 
7 74 
7 77 
7 83 
7 86 
7 87 
7 88 
8 9 
8 29 
8 31 
8 34 
8 39 
8 42 
8 50 
8 54 
8 56 
8 58 
8 64 
8 71 
8 73 
8 78 
8 79 
8 80 
8 82 
8 84 
8 93 
9 10 
9 11 
9 15 
9 26 
9 28 
9 34 
9 35 
9 41 
9 46 
9 53 
9 54 
9 62 
9 65 
9 74 
9 81 
9 88 
9 91 
9 94 
9 96 
10 12 
10 18 
10 20 
10 30 
10 33 
10 43 
10 44 
10 53 
10 54 
10 57 
10 58 
10 59 
10 67 
10 72 
10 73 
10 77 
10 86 
10 93 
11 12 
11 13 
11 20 
11 33 
11 35 
11 37 
11 39 
11 42 
11 44 
11 50 
11 52 
11 60 
11 62 
11 65 
11 68 
11 71 
11 74 
11 76 
11 80 
11 82 
11 85 
11 88 
11 90 
11 96 
11 99 
12 17 
12 24 
12 25 
12 39 
12 42 
12 48 
12 63 
12 68 
12 69 
12 74 
12 78 
12 83 
12 91 
12 92 
12 97 
13 17 
13 24 
13 27 
13 33 
13 54 
13 60 
13 65 
13 67 
13 71 
13 72 
13 78 
13 93 
14 33 
14 39 
14 55 
14 57 
14 60 
14 75 
14 76 
14 77 
14 78 
14 80 
14 82 
14 85 
14 89 
14 92 
14 94 
14 99 
15 26 
15 32 
15 34 
15 39 
15 42 
15 44 
15 45 
15 49 
15 51 
15 56 
15 57 
15 63 
15 64 
15 68 
15 73 
15 78 
15 79 
15 92 
15 97 
16 21 
16 24 
16 27 
16 37 
16 40 
16 52 
16 53 
16 69 
16 86 
16 96 
16 97 
16 100 
17 18 
17 21 
17 30 
17 31 
17 36 
17 55 
17 60 
17 68 
17 72 
17 77 
17 79 
17 86 
17 91 
17 92 
17 93 
18 20 
18 27 
18 29 
18 34 
18 45 
18 50 
18 52 
18 53 
18 62 
18 66 
18 70 
18 77 
18 87 
18 91 
18 92 
19 20 
19 25 
19 35 
19 53 
19 54 
19 59 
19 60 
19 61 
19 64 
19 70 
19 76 
19 80 
19 83 
20 26 
20 27 
20 37 
20 40 
20 42 
20 49 
20 50 
20 61 
20 68 
20 74 
20 91 
20 100 
21 27 
21 28 
21 39 
21 40 
21 48 
21 50 
21 58 
21 66 
21 70 
21 71 
21 75 
21 76 
21 77 
21 84 
21 88 
21 100 
22 23 
22 25 
22 26 
22 33 
22 41 
22 42 
22 45 
22 49 
22 51 
22 56 
22 60 
22 61 
22 69 
22 92 
22 99 
22 100 
23 26 
23 49 
23 59 
23 63 
23 65 
23 68 
23 75 
23 77 
23 81 
23 86 
23 100 
24 26 
24 29 
24 31 
24 38 
24 43 
24 55 
24 59 
24 61 
24 67 
24 74 
24 81 
24 86 
24 87 
24 88 
24 92 
24 93 
24 94 
24 95 
25 34 
25 47 
25 50 
25 62 
25 63 
25 67 
25 78 
25 79 
25 83 
25 84 
25 89 
25 91 
25 92 
25 98 
26 27 
26 28 
26 29 
26 42 
26 50 
26 55 
26 56 
26 57 
26 62 
26 70 
26 82 
26 85 
26 93 
27 33 
27 39 
27 42 
27 47 
27 51 
27 52 
27 53 
27 63 
27 70 
27 72 
27 73 
27 83 
27 90 
27 91 
27 96 
27 97 
27 99 
27 100 
28 30 
28 45 
28 47 
28 61 
28 62 
28 65 
28 68 
28 70 
28 81 
28 82 
28 91 
28 92 
28 96 
29 30 
29 32 
29 39 
29 51 
29 52 
29 60 
29 76 
29 78 
29 82 
29 100 
30 36 
30 41 
30 42 
30 44 
30 47 
30 71 
30 74 
30 88 
30 92 
30 95 
30 98 
31 32 
31 34 
31 38 
31 47 
31 53 
31 54 
31 55 
31 57 
31 70 
31 80 
31 84 
31 91 
32 34 
32 37 
32 40 
32 41 
32 48 
32 49 
32 57 
32 58 
32 59 
32 60 
32 72 
32 79 
32 81 
32 83 
32 92 
32 100 
33 35 
33 40 
33 41 
33 46 
33 48 
33 66 
33 72 
33 78 
33 81 
33 85 
33 89 
33 90 
33 92 
33 94 
33 96 
34 37 
34 43 
34 44 
34 53 
34 55 
34 61 
34 66 
34 73 
34 75 
34 76 
34 80 
34 81 
34 82 
34 94 
34 99 
35 41 
35 45 
35 48 
35 52 
35 54 
35 61 
35 65 
35 66 
35 74 
35 75 
35 76 
35 83 
35 88 
35 89 
35 92 
35 93 
35 96 
36 44 
36 47 
36 49 
36 56 
36 71 
36 73 
36 81 
36 93 
37 43 
37 44 
37 47 
37 55 
37 60 
37 64 
37 69 
37 81 
37 85 
37 90 
37 93 
37 94 
38 41 
38 43 
38 47 
38 48 
38 51 
38 54 
38 60 
38 61 
38 68 
38 71 
38 73 
38 90 
38 94 
38 99 
38 100 
39 42 
39 61 
39 65 
39 69 
39 70 
39 81 
39 82 
39 83 
39 85 
39 93 
40 47 
40 48 
40 50 
40 51 
40 56 
40 58 
40 61 
40 69 
40 76 
40 78 
40 81 
40 87 
40 90 
40 92 
40 100 
41 51 
41 57 
41 60 
41 85 
41 89 
41 97 
42 56 
42 59 
42 64 
42 70 
42 72 
42 76 
42 77 
42 78 
42 84 
42 85 
42 96 
42 99 
43 51 
43 52 
43 58 
43 71 
43 73 
43 80 
43 82 
43 83 
43 89 
43 91 
43 93 
43 97 
43 98 
44 51 
44 54 
44 64 
44 80 
44 81 
44 86 
44 87 
44 90 
44 98 
45 47 
45 48 
45 49 
45 52 
45 60 
45 61 
45 68 
45 71 
45 72 
45 77 
45 89 
45 92 
45 94 
45 99 
46 56 
46 59 
46 60 
46 61 
46 64 
46 67 
46 71 
46 76 
46 77 
46 78 
46 79 
46 87 
46 89 
46 94 
46 96 
47 51 
47 55 
47 60 
47 66 
47 70 
47 72 
47 77 
47 82 
47 88 
47 90 
47 93 
47 96 
47 98 
48 60 
48 68 
48 69 
48 71 
48 73 
48 87 
48 88 
49 57 
49 60 
49 71 
49 73 
49 74 
49 84 
49 87 
49 96 
50 52 
50 59 
50 73 
50 77 
50 93 
50 94 
50 100 
51 53 
51 56 
51 60 
51 72 
51 73 
51 85 
51 86 
51 89 
51 90 
51 92 
51 93 
51 94 
51 97 
51 98 
51 99 
52 56 
52 60 
52 63 
52 67 
52 72 
52 85 
52 86 
52 90 
53 55 
53 56 
53 57 
53 58 
53 63 
53 76 
53 80 
53 81 
53 83 
53 86 
53 98 
54 58 
54 60 
54 61 
54 78 
55 57 
55 59 
55 68 
55 79 
55 81 
55 89 
55 92 
55 93 
55 96 
55 97 
55 99 
56 64 
56 65 
56 70 
56 71 
56 74 
56 79 
56 81 
56 82 
56 85 
57 66 
57 73 
57 81 
57 83 
58 60 
58 74 
58 75 
58 90 
58 91 
58 93 
59 62 
59 65 
59 68 
59 73 
59 83 
59 90 
59 92 
60 64 
60 70 
60 71 
60 75 
60 76 
60 83 
60 85 
60 92 
60 95 
61 68 
61 78 
61 82 
61 83 
61 86 
61 88 
61 92 
61 96 
62 66 
62 69 
62 79 
62 81 
62 87 
62 90 
62 92 
62 93 
63 69 
63 84 
63 96 
64 66 
64 67 
64 70 
64 71 
64 77 
65 66 
65 67 
65 70 
65 80 
65 83 
66 72 
66 73 
66 75 
66 88 
66 89 
66 90 
66 93 
67 70 
67 71 
67 73 
67 75 
67 85 
67 91 
67 94 
67 96 
67 99 
68 69 
68 83 
68 84 
68 90 
68 99 
69 71 
69 76 
69 88 
69 89 
69 96 
70 75 
70 86 
70 88 
70 90 
71 75 
71 76 
71 81 
71 82 
71 84 
71 87 
71 94 
71 97 
71 100 
72 73 
72 79 
72 80 
72 83 
72 86 
72 90 
72 94 
73 74 
73 82 
73 84 
73 87 
73 88 
73 91 
74 76 
74 88 
74 99 
74 100 
75 81 
75 84 
75 98 
76 77 
76 78 
76 80 
76 86 
76 94 
76 96 
76 97 
77 80 
77 83 
77 91 
78 82 
78 85 
78 86 
78 90 
78 94 
78 95 
78 98 
78 99 
79 83 
79 84 
79 86 
79 90 
79 91 
79 94 
79 96 
79 97 
79 99 
80 81 
80 82 
80 83 
80 96 
80 97 
81 86 
81 95 
81 98 
81 99 
82 90 
82 99 
82 100 
83 91 
83 97 
83 98 
84 88 
84 94 
84 95 
85 87 
85 93 
85 99 
86 88 
86 96 
87 89 
87 91 
87 92 
87 96 
87 98 
87 99 
88 89 
88 90 
88 95 
88 98 
89 92 
89 98 
90 100 
91 94 
92 94 
92 96 
93 97 
93 100 
94 100 
95 97 
96 98 
