nNodes=60;
 nPairs=514;
Cost=

61  0  0  0  0  0  0  61  0  0  61  0  61  61  61  0  61  0  61  61  0  0  0  0  61  61  0  0  61  0  0  0  0  0  61  61  0  0  61  61  0  61  0  0  0  0  0  0  61  0  61  0  0  0  0  61  0  0  0  0  

0  61  61  0  61  0  0  0  0  0  61  0  61  0  0  61  0  0  0  61  61  61  0  61  61  61  0  0  0  61  0  0  0  61  0  0  0  61  61  61  0  0  61  61  0  0  61  0  61  0  0  0  61  61  0  0  61  0  61  0  

0  61  61  0  61  0  0  0  0  0  61  0  61  61  0  61  0  0  0  61  61  0  0  0  61  0  0  0  0  0  0  0  61  61  0  0  0  61  0  0  0  0  0  0  0  0  0  0  0  0  61  61  0  0  0  61  61  0  61  0  

0  0  0  61  0  0  0  0  0  0  0  0  0  0  61  61  61  0  0  0  61  61  0  0  61  61  61  61  0  0  0  0  61  0  0  0  0  0  0  0  0  61  0  0  61  0  0  0  0  0  0  0  61  0  61  0  61  0  0  0  

0  61  61  0  61  0  61  0  61  61  61  0  0  0  0  0  0  0  0  61  61  61  0  0  61  0  0  0  61  0  0  0  61  0  61  0  0  0  0  0  0  61  0  0  0  61  0  61  0  61  0  61  0  0  61  0  61  0  0  0  

0  0  0  0  0  61  0  0  0  0  0  0  61  0  0  0  61  61  0  0  0  0  0  61  0  0  0  0  0  0  0  0  0  0  0  0  61  0  0  0  0  0  61  0  61  0  0  0  0  0  0  0  61  0  61  61  0  0  61  0  

0  0  0  0  61  0  61  61  0  0  0  61  61  61  0  61  61  61  0  0  0  0  61  0  0  61  61  0  0  61  61  0  0  0  61  61  61  0  0  0  0  0  0  61  0  61  0  0  0  0  0  61  61  61  61  0  0  0  0  0  

61  0  0  0  0  0  61  61  0  0  0  0  0  61  0  0  0  0  0  0  0  61  61  61  0  61  0  0  0  0  61  0  61  0  0  0  61  0  0  0  0  61  61  61  61  0  0  61  0  0  0  61  0  0  0  61  0  0  61  0  

0  0  0  0  61  0  0  0  61  0  61  0  0  0  0  0  61  61  0  61  0  0  61  0  0  0  0  0  0  0  61  0  0  0  61  0  0  0  0  0  0  61  0  0  0  61  0  0  0  0  0  61  0  0  0  61  0  0  0  0  

0  0  0  0  61  0  0  0  0  61  0  0  0  0  0  0  0  0  0  61  61  0  0  0  0  61  61  0  0  0  61  0  0  0  61  61  61  0  61  61  61  0  0  0  0  0  0  0  0  0  0  0  0  61  0  0  0  0  61  0  

61  61  61  0  61  0  0  0  61  0  61  0  61  0  61  0  61  0  61  61  0  0  61  0  0  61  0  0  0  61  61  0  0  0  0  0  0  0  61  61  0  0  0  0  61  61  61  61  61  0  0  0  0  0  61  0  0  0  0  0  

0  0  0  0  0  0  61  0  0  0  0  61  0  0  61  0  0  61  0  0  61  0  0  61  0  0  61  0  0  0  0  0  61  0  0  61  0  0  61  0  0  0  61  61  0  61  61  61  0  0  61  0  61  0  0  0  0  0  0  0  

61  61  61  0  0  61  61  0  0  0  61  0  61  61  0  61  0  0  61  0  61  0  0  0  0  61  0  61  61  0  0  0  0  61  0  61  61  0  61  0  0  0  0  61  0  61  0  0  61  0  0  0  61  61  0  0  61  0  61  0  

61  0  61  0  0  0  61  61  0  0  0  0  61  61  0  61  0  0  61  0  0  0  0  0  0  0  61  0  0  0  0  0  61  0  0  61  0  61  0  61  61  0  0  61  61  0  0  0  61  0  0  0  0  0  0  0  0  0  61  0  

61  0  0  61  0  0  0  0  0  0  61  61  0  0  61  61  0  0  0  61  0  0  61  61  61  0  0  0  0  61  61  0  0  0  0  0  0  61  0  0  0  61  61  0  0  0  0  0  0  61  61  0  0  0  61  0  0  0  0  61  

0  61  61  61  0  0  61  0  0  0  0  0  61  61  61  61  0  0  61  0  0  0  0  0  0  0  61  0  0  0  61  61  0  0  0  0  0  0  0  61  0  61  0  61  0  0  0  61  0  0  0  0  0  61  0  61  61  0  0  0  

61  0  0  61  0  61  61  0  61  0  61  0  0  0  0  0  61  61  61  0  0  0  0  0  61  0  61  0  61  0  0  0  0  0  61  0  0  0  0  0  0  0  0  0  0  0  0  0  61  0  0  61  0  61  0  0  61  0  0  0  

0  0  0  0  0  61  61  0  61  0  0  61  0  0  0  0  61  61  0  61  0  0  0  61  0  0  0  0  0  0  0  0  61  0  0  0  0  0  0  61  0  0  61  0  61  0  0  0  0  0  0  0  61  0  61  0  0  0  0  61  

61  0  0  0  0  0  0  0  0  0  61  0  61  61  0  61  61  0  61  61  0  0  0  0  0  61  61  0  61  0  61  61  61  0  0  0  0  0  61  0  0  0  0  0  0  0  0  0  0  0  61  0  0  61  0  61  0  0  0  61  

61  61  61  0  61  0  0  0  61  61  61  0  0  0  61  0  0  61  61  61  61  0  0  0  0  0  0  0  0  0  0  0  0  61  61  0  0  61  61  0  0  0  0  0  0  0  0  61  0  0  0  0  0  0  61  61  61  61  0  0  

0  61  61  61  61  0  0  0  0  61  0  61  61  0  0  0  0  0  0  61  61  0  0  61  0  0  0  0  0  61  0  0  0  0  61  0  0  0  0  0  0  0  61  0  61  0  0  0  61  0  0  0  0  0  61  0  0  0  0  0  

0  61  0  61  61  0  0  61  0  0  0  0  0  0  0  0  0  0  0  0  0  61  61  61  0  0  61  0  0  0  0  61  0  0  61  0  0  0  0  61  61  0  61  0  61  61  0  61  61  0  0  61  61  0  0  0  0  0  0  0  

0  0  0  0  0  0  61  61  61  0  61  0  0  0  61  0  0  0  0  0  0  61  61  0  0  61  0  61  0  0  0  61  0  0  0  0  0  0  61  0  61  0  0  61  0  61  0  0  0  0  0  0  61  0  0  0  0  0  0  0  

0  61  0  0  0  61  0  61  0  0  0  61  0  0  61  0  0  61  0  0  61  61  0  61  0  0  0  0  0  61  0  0  61  61  0  0  61  0  0  61  0  61  61  0  0  0  0  61  0  61  0  0  0  0  0  61  61  0  0  61  

61  61  61  61  61  0  0  0  0  0  0  0  0  0  61  0  61  0  0  0  0  0  0  0  61  0  0  0  61  0  0  0  0  0  0  0  61  0  0  61  0  0  0  0  61  0  61  61  0  61  0  61  61  0  61  61  0  0  0  0  

61  61  0  61  0  0  61  61  0  61  61  0  61  0  0  0  0  0  61  0  0  0  61  0  0  61  0  0  0  0  0  61  0  0  0  0  0  0  0  61  0  0  0  0  61  61  0  0  61  61  0  0  0  61  61  61  61  61  0  61  

0  0  0  61  0  0  61  0  0  61  0  61  0  61  0  61  61  0  61  0  0  61  0  0  0  0  61  61  61  0  0  61  61  0  0  61  61  61  0  0  61  0  0  61  0  0  0  0  61  0  0  0  0  0  61  0  61  0  0  0  

0  0  0  61  0  0  0  0  0  0  0  0  61  0  0  0  0  0  0  0  0  0  61  0  0  0  61  61  0  0  0  61  0  0  0  0  0  61  61  0  0  0  0  0  61  0  61  0  0  0  0  61  61  0  0  61  0  0  61  61  

61  0  0  0  61  0  0  0  0  0  0  0  61  0  0  0  61  0  61  0  0  0  0  0  61  0  61  0  61  0  61  0  0  0  0  0  61  0  61  0  0  0  0  0  0  0  61  0  61  0  0  0  0  61  0  0  0  0  0  61  

0  61  0  0  0  0  61  0  0  0  61  0  0  0  61  0  0  0  0  0  61  0  0  61  0  0  0  0  0  61  0  0  0  0  0  0  0  0  61  61  0  0  0  0  61  61  0  0  0  0  0  0  61  0  0  0  0  0  61  0  

0  0  0  0  0  0  61  61  61  61  61  0  0  0  61  61  0  0  61  0  0  0  0  0  0  0  0  0  61  0  61  61  0  0  61  61  0  61  0  61  0  0  61  0  0  0  0  0  0  0  0  61  0  0  0  0  0  0  0  0  

0  0  0  0  0  0  0  0  0  0  0  0  0  0  0  61  0  0  61  0  0  61  61  0  0  61  61  61  0  0  61  61  0  61  0  0  0  0  61  0  61  0  0  0  0  0  61  0  0  0  0  0  0  0  0  61  61  61  0  0  

0  0  61  61  61  0  0  61  0  0  0  61  0  61  0  0  0  61  61  0  0  0  0  61  0  0  61  0  0  0  0  0  61  0  0  61  0  0  0  0  61  0  0  0  0  0  61  61  61  0  0  0  61  0  61  0  0  61  0  0  

0  61  61  0  0  0  0  0  0  0  0  0  61  0  0  0  0  0  0  61  0  0  0  61  0  0  0  0  0  0  0  61  0  61  61  0  0  0  61  0  61  0  0  0  61  0  61  61  61  0  0  0  0  0  61  0  0  0  0  0  

61  0  0  0  61  0  61  0  61  61  0  0  0  0  0  0  61  0  0  61  61  61  0  0  0  0  0  0  0  0  61  0  0  61  61  0  0  0  0  61  0  61  0  0  61  0  61  0  0  0  0  0  61  0  0  61  0  61  0  0  

61  0  0  0  0  0  61  0  0  61  0  61  61  61  0  0  0  0  0  0  0  0  0  0  0  0  61  0  0  0  61  0  61  0  0  61  61  61  0  0  0  0  61  0  61  0  0  0  0  0  0  0  0  0  0  0  0  0  61  0  

0  0  0  0  0  61  61  61  0  61  0  0  61  0  0  0  0  0  0  0  0  0  0  61  61  0  61  0  61  0  0  0  0  0  0  61  61  61  61  0  0  61  0  0  0  0  0  0  0  0  0  0  61  61  61  0  0  61  0  61  

0  61  61  0  0  0  0  0  0  0  0  0  0  61  61  0  0  0  0  61  0  0  0  0  0  0  61  61  0  0  61  0  0  0  0  61  61  61  0  0  0  0  61  0  0  0  0  61  61  0  0  0  0  0  0  61  0  0  0  0  

61  61  0  0  0  0  0  0  0  61  61  61  61  0  0  0  0  0  61  61  0  0  61  0  0  0  0  61  61  61  0  61  0  61  0  0  61  0  61  0  0  61  0  61  0  0  0  61  0  61  0  61  0  61  0  0  61  0  0  61  

61  61  0  0  0  0  0  0  0  61  61  0  0  61  0  61  0  61  0  0  0  61  0  61  61  61  0  0  0  61  61  0  0  0  61  0  0  0  0  61  0  0  0  0  0  0  61  61  0  61  0  0  0  0  0  0  0  61  0  0  

0  0  0  0  0  0  0  0  0  61  0  0  0  61  0  0  0  0  0  0  0  61  61  0  0  0  61  0  0  0  0  61  61  61  0  0  0  0  0  0  61  61  0  0  61  61  0  0  61  61  0  0  0  0  61  61  0  0  0  0  

61  0  0  61  61  0  0  61  61  0  0  0  0  0  61  61  0  0  0  0  0  0  0  61  0  0  0  0  0  0  0  0  0  0  61  0  61  0  61  0  61  61  61  0  0  61  0  61  0  61  61  0  0  0  0  0  0  0  61  61  

0  61  0  0  0  61  0  61  0  0  0  61  0  0  61  0  0  61  0  0  61  61  0  61  0  0  0  0  0  0  61  0  0  0  0  61  0  61  0  0  0  61  61  0  0  0  0  0  0  0  0  0  61  0  0  0  0  0  0  0  

0  61  0  0  0  0  61  61  0  0  0  61  61  61  0  61  0  0  0  0  0  0  61  0  0  0  61  0  0  0  0  0  0  0  0  0  0  0  61  0  0  0  0  61  0  0  61  0  0  0  0  61  0  0  0  61  0  0  0  0  

0  0  0  61  0  61  0  61  0  0  61  0  0  61  0  0  0  61  0  0  61  61  0  0  61  61  0  61  0  61  0  0  0  61  61  61  0  0  0  0  61  0  0  0  61  61  0  0  0  61  61  0  61  61  0  0  0  0  0  0  

0  0  0  0  61  0  61  0  61  0  61  61  61  0  0  0  0  0  0  0  0  61  61  0  0  61  0  0  0  61  0  0  0  0  0  0  0  0  0  0  61  61  0  0  61  61  61  61  0  0  0  61  61  0  61  0  61  0  61  61  

0  61  0  0  0  0  0  0  0  0  61  61  0  0  0  0  0  0  0  0  0  0  0  0  61  0  0  61  61  0  0  61  61  61  61  0  0  0  0  61  0  0  0  61  0  61  61  61  0  0  61  0  0  0  61  0  0  0  61  0  

0  0  0  0  61  0  0  61  0  0  61  61  0  0  0  61  0  0  0  61  0  61  0  61  61  0  0  0  0  0  0  0  61  61  0  0  0  61  61  61  0  61  0  0  0  61  61  61  0  0  0  0  0  0  61  0  61  0  61  0  

61  61  0  0  0  0  0  0  0  0  61  0  61  61  0  0  61  0  0  0  61  61  0  0  0  61  61  0  61  0  0  0  61  61  0  0  0  61  0  0  61  0  0  0  0  0  0  0  61  0  0  0  61  0  0  0  61  0  0  61  

0  0  0  0  61  0  0  0  0  0  0  0  0  0  61  0  0  0  0  0  0  0  0  61  61  61  0  0  0  0  0  0  0  0  0  0  0  0  61  61  61  61  0  0  61  0  0  0  0  61  0  0  0  0  0  0  0  0  61  0  

61  0  61  0  0  0  0  0  0  0  0  61  0  0  61  0  0  0  61  0  0  0  0  0  0  0  0  0  0  0  0  0  0  0  0  0  0  0  0  0  0  61  0  0  61  0  61  0  0  0  61  0  0  0  61  0  61  0  0  0  

0  0  61  0  61  0  61  61  61  0  0  0  0  0  0  0  61  0  0  0  0  61  0  0  61  0  0  61  0  0  61  0  0  0  0  0  0  0  61  0  0  0  0  61  0  61  0  0  0  0  0  61  61  0  0  0  0  61  61  0  

0  61  0  61  0  61  61  0  0  0  0  61  61  0  0  0  0  61  0  0  0  61  61  0  61  0  0  61  0  61  0  0  61  0  61  0  61  0  0  0  0  0  61  0  61  61  0  0  61  0  0  61  61  0  0  61  61  0  0  0  

0  61  0  0  0  0  61  0  0  61  0  0  61  0  0  61  61  0  61  0  0  0  0  0  0  61  0  0  61  0  0  0  0  0  0  0  61  0  61  0  0  0  0  0  61  0  0  0  0  0  0  0  0  61  61  0  0  0  61  61  

0  0  0  61  61  61  61  0  0  0  61  0  0  0  61  0  0  61  0  61  61  0  0  0  61  61  61  0  0  0  0  0  61  61  0  0  61  0  0  0  61  0  0  0  0  61  61  61  0  0  61  0  0  61  61  0  0  0  0  61  

61  0  61  0  0  61  0  61  61  0  0  0  0  0  0  61  0  0  61  61  0  0  0  61  61  61  0  61  0  0  0  61  0  0  61  0  0  61  0  0  61  0  0  61  0  0  0  0  0  0  0  0  61  0  0  61  61  0  0  0  

0  61  61  61  61  0  0  0  0  0  0  0  61  0  0  61  61  0  0  61  0  0  0  61  0  61  61  0  0  0  0  61  0  0  0  0  0  0  61  0  0  0  0  0  0  61  0  61  61  0  61  0  61  0  0  61  61  61  0  0  

0  0  0  0  0  0  0  0  0  0  0  0  0  0  0  0  0  0  0  61  0  0  0  0  0  61  0  0  0  0  0  61  61  0  61  0  61  0  0  61  0  0  0  0  0  0  0  0  0  0  0  61  0  0  0  0  61  61  61  0  

0  61  61  0  0  61  0  61  0  61  0  0  61  61  0  0  0  0  0  0  0  0  0  0  0  0  0  61  0  61  0  0  0  0  0  61  0  0  0  0  0  61  0  0  0  61  61  61  0  61  0  61  0  61  0  0  0  61  61  61  

0  0  0  0  0  0  0  0  0  0  0  0  0  0  61  0  0  61  61  0  0  0  0  61  0  61  0  61  61  0  0  0  0  0  0  0  61  0  61  0  0  61  0  0  0  61  0  0  61  0  0  0  0  61  61  0  0  0  61  61  

UnPairedArc=
1 8 
1 11 
1 13 
1 14 
1 15 
1 17 
1 19 
1 20 
1 25 
1 26 
1 29 
1 35 
1 36 
1 39 
1 40 
1 42 
1 49 
1 51 
1 56 
2 3 
2 5 
2 11 
2 13 
2 16 
2 20 
2 21 
2 22 
2 24 
2 25 
2 26 
2 30 
2 34 
2 38 
2 39 
2 40 
2 43 
2 44 
2 47 
2 49 
2 53 
2 54 
2 57 
2 59 
3 5 
3 11 
3 13 
3 14 
3 16 
3 20 
3 21 
3 25 
3 33 
3 34 
3 38 
3 51 
3 52 
3 56 
3 57 
3 59 
4 15 
4 16 
4 17 
4 21 
4 22 
4 25 
4 26 
4 27 
4 28 
4 33 
4 42 
4 45 
4 53 
4 55 
4 57 
5 7 
5 9 
5 10 
5 11 
5 20 
5 21 
5 22 
5 25 
5 29 
5 33 
5 35 
5 42 
5 46 
5 48 
5 50 
5 52 
5 55 
5 57 
6 13 
6 17 
6 18 
6 24 
6 37 
6 43 
6 45 
6 53 
6 55 
6 56 
6 59 
7 8 
7 12 
7 13 
7 14 
7 16 
7 17 
7 18 
7 23 
7 26 
7 27 
7 30 
7 31 
7 35 
7 36 
7 37 
7 44 
7 46 
7 52 
7 53 
7 54 
7 55 
8 14 
8 22 
8 23 
8 24 
8 26 
8 31 
8 33 
8 37 
8 42 
8 43 
8 44 
8 45 
8 48 
8 52 
8 56 
8 59 
9 11 
9 17 
9 18 
9 20 
9 23 
9 31 
9 35 
9 42 
9 46 
9 52 
9 56 
10 20 
10 21 
10 26 
10 27 
10 31 
10 35 
10 36 
10 37 
10 39 
10 40 
10 41 
10 54 
10 59 
11 13 
11 15 
11 17 
11 19 
11 20 
11 23 
11 26 
11 30 
11 31 
11 39 
11 40 
11 45 
11 46 
11 47 
11 48 
11 49 
11 55 
12 15 
12 18 
12 21 
12 24 
12 27 
12 33 
12 36 
12 39 
12 43 
12 44 
12 46 
12 47 
12 48 
12 51 
12 53 
13 14 
13 16 
13 19 
13 21 
13 26 
13 28 
13 29 
13 34 
13 36 
13 37 
13 39 
13 44 
13 46 
13 49 
13 53 
13 54 
13 57 
13 59 
14 16 
14 19 
14 27 
14 33 
14 36 
14 38 
14 40 
14 41 
14 44 
14 45 
14 49 
14 59 
15 16 
15 20 
15 23 
15 24 
15 25 
15 30 
15 31 
15 38 
15 42 
15 43 
15 50 
15 51 
15 55 
15 60 
16 19 
16 27 
16 31 
16 32 
16 40 
16 42 
16 44 
16 48 
16 54 
16 56 
16 57 
17 18 
17 19 
17 25 
17 27 
17 29 
17 35 
17 49 
17 52 
17 54 
17 57 
18 20 
18 24 
18 33 
18 40 
18 43 
18 45 
18 53 
18 55 
18 60 
19 20 
19 26 
19 27 
19 29 
19 31 
19 32 
19 33 
19 39 
19 51 
19 54 
19 56 
19 60 
20 21 
20 34 
20 35 
20 38 
20 39 
20 48 
20 55 
20 56 
20 57 
20 58 
21 24 
21 30 
21 35 
21 43 
21 45 
21 49 
21 55 
22 23 
22 24 
22 27 
22 32 
22 35 
22 40 
22 41 
22 43 
22 45 
22 46 
22 48 
22 49 
22 52 
22 53 
23 26 
23 28 
23 32 
23 39 
23 41 
23 44 
23 46 
23 53 
24 30 
24 33 
24 34 
24 37 
24 40 
24 42 
24 43 
24 48 
24 50 
24 56 
24 57 
24 60 
25 29 
25 37 
25 40 
25 45 
25 47 
25 48 
25 50 
25 52 
25 53 
25 55 
25 56 
26 32 
26 40 
26 45 
26 46 
26 49 
26 50 
26 54 
26 55 
26 56 
26 57 
26 58 
26 60 
27 28 
27 29 
27 32 
27 33 
27 36 
27 37 
27 38 
27 41 
27 44 
27 49 
27 55 
27 57 
28 32 
28 38 
28 39 
28 45 
28 47 
28 52 
28 53 
28 56 
28 59 
28 60 
29 31 
29 37 
29 39 
29 47 
29 49 
29 54 
29 60 
30 39 
30 40 
30 45 
30 46 
30 53 
30 59 
31 32 
31 35 
31 36 
31 38 
31 40 
31 43 
31 52 
32 34 
32 39 
32 41 
32 47 
32 56 
32 57 
32 58 
33 36 
33 41 
33 47 
33 48 
33 49 
33 53 
33 55 
33 58 
34 35 
34 39 
34 41 
34 45 
34 47 
34 48 
34 49 
34 55 
35 40 
35 42 
35 45 
35 47 
35 53 
35 56 
35 58 
36 37 
36 38 
36 43 
36 45 
36 59 
37 38 
37 39 
37 42 
37 53 
37 54 
37 55 
37 58 
37 60 
38 43 
38 48 
38 49 
38 56 
39 42 
39 44 
39 48 
39 50 
39 52 
39 54 
39 57 
39 60 
40 47 
40 48 
40 50 
40 58 
41 42 
41 45 
41 46 
41 49 
41 50 
41 55 
41 56 
42 43 
42 46 
42 48 
42 50 
42 51 
42 59 
42 60 
43 53 
44 47 
44 52 
44 56 
45 46 
45 50 
45 51 
45 53 
45 54 
46 47 
46 48 
46 52 
46 53 
46 55 
46 57 
46 59 
46 60 
47 48 
47 51 
47 55 
47 59 
48 55 
48 57 
48 59 
49 53 
49 57 
49 60 
50 59 
51 55 
51 57 
52 53 
52 58 
52 59 
53 56 
53 57 
54 55 
54 59 
54 60 
55 60 
56 57 
57 58 
58 59 
59 60 
