nNodes=100;
 nPairs=2426;
Cost=

101  101  101  0  0  101  101  101  101  0  0  0  0  0  101  101  101  101  101  0  0  101  0  0  101  0  101  0  101  0  101  0  101  101  0  0  0  101  101  0  101  101  0  0  101  0  101  101  0  0  0  0  0  0  101  101  0  101  0  101  101  0  101  101  101  101  0  0  101  101  101  0  101  0  101  101  101  0  0  0  101  101  0  0  0  101  101  0  0  101  101  0  0  0  0  0  0  0  101  101  

101  101  101  101  101  0  101  101  0  0  101  101  0  101  0  0  0  0  0  0  0  0  101  0  101  0  101  101  0  0  0  0  0  0  0  101  101  101  0  0  0  101  0  0  0  101  101  0  101  0  101  0  101  101  0  0  101  0  101  101  101  0  0  101  101  101  0  101  0  101  0  0  101  0  101  0  0  0  101  101  0  101  101  101  101  101  101  101  101  0  0  0  0  101  101  0  101  0  0  0  

101  101  101  0  0  101  101  0  0  101  101  0  0  101  101  0  0  0  0  101  101  0  101  0  0  0  101  0  0  0  101  0  0  101  0  101  101  0  0  101  101  101  101  101  0  101  101  0  101  0  101  101  0  0  101  0  0  0  0  0  0  101  101  101  0  0  0  101  101  0  101  0  0  101  0  0  101  101  0  0  0  0  0  101  0  0  0  0  101  101  101  0  0  0  101  101  0  0  101  101  

0  101  0  101  0  0  101  0  0  101  101  0  0  101  0  101  0  0  101  101  0  0  101  0  0  101  0  101  101  0  101  101  101  0  0  101  0  101  101  101  0  101  0  0  101  0  0  0  101  101  0  0  101  101  101  101  0  101  101  101  101  0  0  101  0  0  101  101  0  101  101  0  101  0  0  0  101  101  101  0  101  101  0  0  0  101  101  0  101  101  0  101  101  101  0  101  0  101  0  101  

0  101  0  0  101  0  101  101  101  101  101  101  101  101  101  101  0  101  101  0  101  101  0  0  0  0  101  0  101  0  101  0  0  0  0  0  101  0  0  101  101  101  101  0  101  0  101  101  0  0  0  101  0  0  101  101  0  0  0  101  101  101  0  101  0  101  101  0  0  0  0  0  0  101  101  0  0  101  0  0  101  0  101  0  0  0  0  101  0  0  0  0  0  0  101  101  0  0  0  101  

101  0  101  0  0  101  0  101  101  101  0  0  0  0  101  101  0  101  101  0  101  101  101  0  0  0  101  0  0  101  101  101  0  0  0  101  101  101  101  0  101  101  101  101  101  101  0  101  101  101  101  101  0  101  101  0  101  0  0  101  101  0  101  0  101  101  0  0  0  0  101  0  0  101  0  101  101  101  101  0  101  101  101  101  0  0  101  0  101  101  101  0  101  101  101  101  101  0  101  0  

101  101  101  101  101  0  101  0  0  0  0  101  101  101  101  0  101  101  101  101  101  101  101  0  101  0  101  0  0  101  0  101  0  101  0  101  101  101  101  0  101  0  101  101  101  0  101  101  101  101  101  101  101  0  101  0  101  101  0  0  101  0  0  0  0  101  0  0  0  101  0  0  101  101  0  0  101  101  101  0  0  0  101  0  0  101  0  0  0  101  101  101  0  101  101  101  101  0  101  101  

101  101  0  0  101  101  0  101  0  101  0  101  0  101  101  101  101  101  101  101  101  0  0  0  101  101  0  101  0  0  0  0  0  0  0  101  0  0  0  101  101  0  101  101  0  0  0  0  101  0  101  101  101  101  0  0  0  0  101  0  0  0  101  101  101  0  101  101  101  0  0  101  0  101  101  101  101  0  101  101  0  0  0  0  101  101  101  101  101  0  0  101  101  0  101  101  0  101  0  101  

101  0  0  0  101  101  0  0  101  0  101  101  0  0  101  0  0  0  101  101  0  101  0  101  101  0  0  101  101  0  101  0  0  0  101  0  0  0  101  0  101  0  0  101  0  0  101  101  0  101  101  101  0  101  0  101  0  101  0  0  101  101  0  101  0  0  101  101  101  0  101  0  0  0  0  101  0  101  0  0  101  0  101  101  0  101  101  0  0  101  101  101  0  0  0  0  101  0  0  0  

0  0  101  101  101  101  0  101  0  101  101  101  0  0  101  0  101  0  101  101  0  101  0  0  101  101  0  0  0  101  0  0  101  101  101  101  101  0  101  0  0  0  101  101  101  101  101  0  101  101  0  0  0  101  101  101  0  101  101  101  101  101  0  0  101  0  0  0  0  0  101  0  101  101  101  101  101  0  101  0  101  101  0  101  101  0  0  0  0  101  0  101  101  101  0  0  101  0  0  0  

0  101  101  101  101  0  0  0  101  101  101  0  0  0  0  101  0  0  0  101  0  101  101  0  0  101  0  0  0  0  101  0  101  101  101  0  101  0  0  101  101  101  101  0  0  0  101  101  101  101  0  0  0  101  101  0  0  0  0  0  101  101  0  0  0  0  0  101  0  101  101  0  101  0  0  0  101  0  0  0  0  101  0  101  101  101  0  0  101  0  101  101  101  0  0  101  0  101  0  101  

0  101  0  0  101  0  101  101  101  101  0  101  0  101  101  101  0  0  101  0  0  101  101  101  0  0  101  101  101  0  0  0  101  0  0  0  0  0  101  101  101  101  101  0  101  101  101  0  0  0  0  0  101  0  101  101  101  101  0  0  0  0  101  101  0  101  101  101  0  0  101  0  101  101  101  101  0  101  0  0  101  101  0  0  101  0  0  101  101  101  101  101  0  0  0  0  0  101  101  101  

0  0  0  0  101  0  101  0  0  0  0  0  101  101  0  0  101  101  0  101  101  0  101  0  0  0  0  0  0  0  101  0  101  0  0  101  101  101  101  0  0  0  101  0  0  101  0  101  0  0  101  0  101  0  0  0  0  0  101  101  101  0  0  0  0  0  0  101  0  101  101  0  0  0  101  101  101  0  101  101  101  0  0  0  101  0  0  101  0  101  0  101  0  0  0  101  0  0  0  101  

0  101  101  101  101  0  101  101  0  0  0  101  101  101  0  0  0  0  0  101  101  101  0  101  0  0  101  101  101  101  0  0  0  0  0  101  0  0  0  0  101  101  0  0  0  101  0  101  0  101  101  0  101  0  0  101  0  101  0  0  101  0  101  0  101  101  101  101  0  0  101  101  0  101  101  101  101  101  0  0  0  101  0  0  101  101  0  101  101  101  0  101  0  0  101  0  0  101  101  0  

101  0  101  0  101  101  101  101  101  101  0  101  0  0  101  0  101  0  101  0  0  0  101  0  0  101  0  101  101  101  0  0  0  101  0  101  101  0  101  101  101  0  0  101  0  0  101  101  0  0  0  0  101  0  101  101  0  0  0  0  101  101  101  101  101  0  101  101  101  101  0  0  0  101  0  101  101  0  0  0  0  0  0  0  101  101  0  101  101  101  101  0  101  101  101  101  0  101  101  0  

101  0  0  101  101  101  0  101  0  0  101  101  0  0  0  101  101  101  0  101  101  0  0  0  0  101  0  0  0  0  101  0  0  0  101  101  0  101  0  0  101  101  101  101  0  101  0  0  0  101  101  0  101  101  0  101  101  0  101  0  0  101  0  0  101  101  101  0  101  0  0  101  0  0  0  0  0  101  0  101  0  101  101  0  101  101  101  0  101  101  101  101  0  0  0  101  101  0  101  0  

101  0  0  0  0  0  101  101  0  101  0  0  101  0  101  101  101  0  101  0  0  101  101  0  0  0  0  101  101  101  101  0  101  101  0  0  101  101  0  101  101  0  0  101  101  101  101  101  0  0  101  0  101  0  0  0  101  101  0  0  101  0  101  101  101  0  0  0  101  0  101  101  101  0  0  0  101  101  101  101  0  0  101  101  0  0  0  0  0  0  101  0  101  0  0  101  0  0  101  101  

101  0  0  0  101  101  101  101  0  0  0  0  101  0  0  101  0  101  101  0  101  0  0  101  101  101  0  0  0  101  101  0  101  101  101  101  0  101  0  101  0  0  101  0  0  101  0  0  0  0  0  101  101  101  101  101  101  101  0  101  0  0  0  0  0  101  101  101  101  101  0  101  101  0  101  101  101  0  0  0  0  0  101  0  0  101  101  101  0  0  101  0  0  101  101  101  101  0  101  101  

101  0  0  101  101  101  101  101  101  101  0  101  0  0  101  0  101  101  101  101  101  0  0  0  0  101  101  0  0  101  0  0  0  101  101  101  101  101  0  101  0  101  101  0  0  101  101  101  101  101  0  0  0  0  0  0  101  0  101  101  101  0  101  101  0  0  101  0  0  0  101  101  0  101  101  0  101  0  101  0  101  0  101  101  101  101  0  0  0  0  0  0  101  101  0  0  101  0  0  101  

0  0  101  101  0  0  101  101  101  101  101  0  101  101  0  101  0  0  101  101  101  0  101  101  0  101  101  0  0  101  0  101  0  0  101  0  0  101  101  101  101  101  0  101  101  101  101  101  101  101  0  101  101  101  101  0  101  101  101  101  0  0  101  101  0  101  101  0  0  0  101  101  0  101  0  0  0  101  101  0  0  0  101  0  0  0  101  101  101  101  101  0  0  0  101  0  0  0  101  101  

0  0  101  0  101  101  101  101  0  0  0  0  101  101  0  101  0  101  101  101  101  101  0  101  0  0  101  0  0  0  101  0  101  101  101  0  101  0  0  101  0  101  0  0  0  101  101  0  101  0  0  101  101  101  0  101  101  101  101  101  101  101  101  101  101  0  101  101  0  0  101  101  0  101  101  101  0  0  0  0  0  0  0  101  101  101  101  0  101  101  101  0  0  101  101  101  101  0  101  101  

101  0  0  0  101  101  101  0  101  101  101  101  0  101  0  0  101  0  0  0  101  101  0  0  101  101  101  101  101  0  0  101  101  101  101  101  0  0  101  0  101  101  0  0  101  0  0  0  0  0  0  0  0  101  101  101  101  0  101  0  101  0  0  0  0  101  0  0  101  0  101  101  0  0  101  0  101  101  101  101  101  0  0  101  0  101  101  0  101  0  0  101  0  101  101  0  0  0  101  101  

0  101  101  101  0  101  101  0  0  0  101  101  101  0  101  0  101  0  0  101  0  0  101  0  0  101  101  0  101  0  101  101  0  0  0  0  0  0  101  101  101  0  0  0  101  101  0  101  101  0  0  101  0  101  101  101  101  0  101  0  0  0  101  0  101  0  0  101  0  101  0  0  0  101  101  101  101  0  101  101  0  0  0  101  0  0  101  101  0  101  0  101  101  101  0  0  101  101  101  0  

0  0  0  0  0  0  0  0  101  0  0  101  0  101  0  0  0  101  0  101  101  0  0  101  0  101  101  101  101  0  101  101  101  101  0  0  101  0  101  0  0  0  0  101  101  0  101  0  0  101  101  101  0  101  0  0  101  101  0  0  101  101  0  0  101  101  101  101  101  101  0  0  101  101  101  101  101  101  0  101  0  101  101  101  0  0  0  101  0  101  0  0  101  0  101  101  101  101  0  0  

101  101  0  0  0  0  101  101  101  101  0  0  0  0  0  0  0  101  0  0  0  101  0  0  101  0  101  0  0  101  101  101  0  101  101  0  0  0  101  0  0  0  0  0  0  101  0  101  0  0  101  0  101  101  0  101  0  0  101  101  101  0  101  101  101  101  0  101  0  0  0  0  101  101  101  0  101  101  0  101  101  0  0  101  101  101  0  0  0  0  0  101  0  101  101  0  0  0  0  0  

0  0  0  101  0  0  0  101  0  101  101  0  0  0  101  101  0  101  101  101  0  101  101  101  0  101  101  101  0  101  101  101  101  101  0  0  101  0  101  101  0  101  101  0  0  101  101  0  101  101  0  0  0  101  101  0  101  0  101  0  0  0  0  101  0  0  0  0  101  0  0  101  0  0  101  101  101  0  0  101  0  0  101  0  0  0  101  101  101  0  0  101  101  0  0  0  0  101  101  0  

101  101  101  0  101  101  101  0  0  0  0  101  0  101  0  0  0  0  101  101  101  101  101  101  101  101  101  0  0  0  101  0  0  0  0  0  0  0  101  101  101  0  101  0  0  0  0  0  0  101  101  101  0  0  101  101  0  0  0  101  101  0  101  0  0  0  0  0  101  101  0  0  101  0  0  101  101  0  0  101  101  101  101  0  0  0  101  0  101  101  0  0  0  0  0  0  101  0  0  0  

0  101  0  101  0  0  0  101  101  0  0  101  0  101  101  0  101  0  0  0  0  101  0  101  0  101  0  101  101  0  0  0  0  101  101  0  101  0  0  0  101  0  101  0  0  0  101  0  0  101  101  0  101  0  0  101  101  101  101  0  0  0  101  0  101  0  101  101  101  0  0  101  101  0  0  0  0  0  101  0  0  101  101  0  101  101  0  0  101  101  101  0  101  101  101  101  0  0  0  0  

101  0  0  101  101  0  0  0  101  0  0  101  0  101  101  0  101  0  0  0  0  101  101  101  0  0  0  101  101  0  101  101  0  101  101  0  0  0  101  0  0  0  0  0  0  0  0  101  0  101  101  101  101  0  0  0  101  101  101  101  101  0  0  101  101  101  0  101  101  0  101  101  0  0  101  0  0  101  101  0  0  101  0  101  101  0  0  101  101  101  0  101  101  101  101  0  101  0  0  0  

0  0  0  0  0  101  101  0  0  101  0  0  0  101  101  0  101  101  101  101  0  0  0  0  101  101  0  0  0  101  0  101  0  101  101  101  101  101  0  0  101  0  0  0  101  101  0  0  101  0  101  101  101  0  0  101  0  101  0  0  0  0  101  0  0  0  101  101  0  0  101  0  101  101  101  101  101  101  0  101  101  101  0  0  0  101  0  101  101  101  101  0  0  0  0  101  0  101  101  101  

101  0  101  101  101  101  0  0  101  0  101  0  101  0  0  101  101  101  0  0  101  0  101  101  101  101  101  0  101  0  101  0  101  0  0  101  101  0  0  0  0  101  0  0  0  0  101  0  0  0  101  101  0  101  101  101  101  101  101  101  101  101  101  101  101  0  0  0  101  0  101  101  101  101  101  0  0  0  0  0  101  0  0  101  0  0  0  101  101  101  0  0  0  101  101  0  101  101  101  0  

0  0  0  101  0  101  101  0  0  0  0  0  0  0  0  0  0  0  0  101  0  101  101  101  101  101  0  0  101  101  0  101  101  0  101  101  101  101  0  101  0  0  0  101  0  0  0  0  101  101  101  101  101  0  101  101  101  0  0  0  101  0  101  101  0  101  0  101  101  0  101  0  101  0  101  101  0  101  101  101  0  0  101  101  101  0  0  0  101  0  0  0  0  101  0  0  101  101  0  101  

101  0  0  101  0  0  0  0  0  101  101  101  101  0  0  0  101  101  0  0  101  101  0  101  0  101  0  0  0  0  101  101  101  101  0  101  0  0  0  101  0  0  0  101  101  101  0  101  101  0  0  0  101  101  101  0  101  0  0  101  0  101  0  0  101  101  0  101  101  0  101  0  0  101  0  0  101  0  101  101  0  0  101  0  0  101  101  0  101  0  101  0  101  101  0  0  0  0  101  0  

101  0  101  0  0  0  101  0  0  101  101  0  0  0  101  0  101  101  101  0  101  101  0  101  101  101  0  101  101  101  0  0  101  101  0  101  0  101  0  0  101  101  0  0  0  101  0  101  0  0  0  0  0  101  101  101  101  0  0  101  0  0  0  101  0  0  101  101  101  101  101  101  0  101  0  101  101  101  101  101  0  101  101  101  0  101  0  101  101  0  0  0  101  0  101  0  0  101  101  101  

0  0  0  0  0  0  0  0  101  101  101  0  0  0  0  101  0  101  101  101  101  101  0  0  101  0  0  101  101  101  0  101  0  0  101  101  101  0  101  0  101  0  101  0  0  101  101  101  0  0  0  0  101  101  0  101  0  101  101  101  0  101  101  0  0  0  101  101  101  101  101  0  0  0  0  101  101  0  101  101  101  101  0  0  0  101  101  101  101  0  101  101  0  101  0  101  101  0  0  0  

0  101  101  101  0  101  101  101  0  101  0  0  101  101  101  101  0  101  101  0  0  101  0  0  0  0  0  0  0  101  101  101  101  101  101  101  0  101  0  101  0  0  0  0  101  0  101  101  101  0  101  0  0  101  101  101  0  0  0  0  101  101  0  0  101  0  101  101  101  101  0  101  101  101  101  0  101  101  0  0  101  0  0  0  101  0  0  0  0  0  0  101  0  101  0  0  0  0  101  101  

0  101  101  0  101  101  101  0  0  101  101  0  101  0  101  0  101  0  101  0  101  0  0  101  0  101  0  101  0  101  101  101  0  0  101  0  101  0  101  0  101  101  0  101  101  101  101  101  0  0  0  0  101  101  101  0  0  0  0  101  101  101  0  101  0  0  101  101  101  0  101  101  0  0  0  0  101  101  101  101  0  101  101  0  0  0  0  0  101  0  101  101  0  0  0  101  0  0  0  0  

101  101  0  101  0  101  101  0  0  0  0  0  101  0  0  101  101  101  101  101  0  0  0  0  0  0  0  0  0  101  0  101  0  101  0  101  0  101  101  101  101  101  101  101  101  0  0  0  101  101  101  101  0  0  0  101  101  0  0  0  101  101  101  0  0  101  0  0  0  101  101  0  0  0  0  101  0  101  0  101  0  101  101  101  0  101  101  101  101  0  101  101  0  0  0  0  101  101  0  101  

101  0  0  101  0  101  101  0  101  101  0  101  101  0  101  0  0  0  0  101  0  101  101  101  101  101  101  0  101  0  0  0  0  0  101  0  101  101  101  0  101  101  101  101  0  101  0  101  0  0  0  101  0  101  101  0  101  101  0  0  0  0  101  0  101  0  0  101  0  0  0  0  0  101  0  0  0  101  0  101  0  0  101  101  101  101  0  0  0  0  101  101  101  101  101  0  0  0  101  101  

0  0  101  101  101  0  0  101  0  0  101  101  0  0  101  0  101  101  101  101  101  0  101  0  0  101  101  0  0  0  0  101  101  0  0  101  0  101  0  101  0  101  101  0  101  0  0  101  101  101  0  101  101  101  0  101  101  0  101  0  101  0  101  101  0  0  101  0  0  101  101  101  101  101  101  101  0  101  0  0  101  0  101  0  0  101  0  0  0  101  0  101  101  0  0  101  0  101  0  101  

101  0  101  0  101  101  101  101  101  0  101  101  0  101  101  101  101  0  0  101  0  101  101  0  0  0  101  101  0  101  0  0  0  101  101  0  101  101  101  0  101  101  101  0  101  101  0  101  101  101  0  0  0  0  0  101  0  101  101  0  0  101  0  0  0  0  0  0  101  101  0  0  101  101  0  0  101  0  0  101  0  101  101  0  0  0  0  0  101  0  0  101  0  0  0  101  0  0  0  101  

101  101  101  101  101  101  0  0  0  0  101  101  0  101  0  101  0  0  101  101  101  101  0  0  0  101  0  0  0  0  101  0  0  101  0  0  101  101  101  101  101  101  0  101  101  0  101  0  0  101  101  101  101  101  101  101  101  0  0  0  0  101  101  101  0  0  0  0  101  101  101  0  101  0  0  101  101  0  0  101  0  0  0  101  0  101  0  101  0  101  101  101  0  101  101  0  0  101  0  0  

0  0  101  0  101  101  101  101  0  101  101  101  101  0  0  101  0  101  101  0  0  0  0  0  0  101  101  101  0  0  0  0  0  0  101  0  0  101  101  101  101  0  101  0  0  101  101  0  0  101  101  101  0  0  0  0  101  0  0  0  0  0  101  101  101  101  101  0  0  101  0  101  101  101  0  101  101  0  101  101  0  101  101  0  101  101  0  0  101  101  0  0  0  0  0  101  0  101  101  0  

0  0  101  0  0  101  101  101  101  101  0  0  0  0  101  101  101  0  0  101  0  0  0  101  0  0  0  0  0  0  0  101  101  0  0  0  101  101  101  0  0  101  0  101  0  101  0  101  101  0  0  0  0  101  0  0  101  101  0  101  0  0  0  0  0  101  0  0  0  101  0  0  101  0  0  0  101  101  101  101  0  101  0  101  101  101  101  101  0  0  101  101  101  0  0  0  0  101  101  0  

101  0  0  101  101  101  101  0  0  101  0  101  0  0  0  0  101  0  0  101  0  101  101  101  0  0  0  0  0  101  0  0  101  0  0  101  101  101  0  101  101  101  0  0  101  101  101  0  0  101  0  0  0  101  101  0  0  101  0  101  0  0  0  0  101  101  101  0  0  101  0  0  0  0  101  0  101  101  101  101  0  101  101  0  101  0  0  0  0  0  101  101  0  0  101  101  101  0  101  101  

0  101  101  0  0  101  0  0  0  101  0  101  101  101  0  101  101  101  101  101  101  0  101  0  101  101  0  0  0  101  0  0  101  101  101  0  101  0  101  0  101  0  101  101  101  101  101  101  101  101  0  0  0  0  0  101  101  101  0  101  101  101  0  0  101  0  0  0  101  101  0  101  0  101  0  101  0  101  101  101  0  101  101  101  101  0  0  0  101  101  0  101  101  101  101  101  101  101  0  0  

101  101  101  0  101  0  101  0  101  101  101  101  0  0  101  0  101  0  101  101  101  0  0  101  0  101  0  101  0  0  101  0  0  0  101  101  101  0  0  0  0  101  101  0  101  101  101  0  0  0  101  101  101  101  101  101  0  101  0  0  0  0  101  0  101  101  101  101  0  0  0  0  0  101  101  0  101  101  101  0  0  101  0  101  0  101  0  101  101  0  101  101  0  0  0  101  101  101  0  101  

101  0  0  0  101  101  101  0  101  0  101  0  101  101  101  0  101  0  101  101  0  0  101  0  101  0  0  0  101  0  0  0  101  101  101  101  101  0  101  101  101  0  0  101  0  101  0  101  101  0  0  101  101  101  101  101  0  0  101  0  101  101  0  0  101  101  101  101  0  0  101  0  0  0  101  0  0  101  101  0  101  0  0  101  0  0  101  101  0  0  101  0  0  101  101  0  0  101  0  0  

0  101  101  101  0  101  101  101  0  101  101  0  0  0  0  0  0  0  101  101  101  0  101  0  0  101  0  0  0  101  0  101  101  0  0  101  0  101  0  101  101  0  0  101  0  101  0  101  101  101  101  0  101  101  101  0  101  0  0  0  0  0  101  101  101  101  0  101  101  0  0  0  0  101  0  0  101  0  101  0  0  101  101  0  0  101  101  0  0  0  101  0  101  0  0  0  101  101  0  0  

0  0  0  101  0  101  101  0  101  101  101  0  0  101  0  101  0  0  101  101  0  0  0  101  0  101  101  101  101  0  0  101  0  0  0  0  0  101  0  101  101  101  101  0  101  101  0  0  101  101  0  101  0  101  0  101  101  0  0  101  0  0  0  101  101  101  101  0  101  101  0  101  101  101  0  0  101  0  0  0  101  0  0  101  101  0  101  0  101  101  0  101  101  0  0  0  101  0  0  0  

0  101  101  0  0  101  101  101  101  0  0  0  101  101  0  101  101  0  0  0  0  0  0  101  101  0  101  101  101  101  101  101  0  0  0  101  0  101  0  0  0  101  101  0  0  0  101  0  101  0  101  101  101  101  101  0  101  101  0  0  101  0  0  0  0  0  101  101  101  0  101  0  101  101  0  0  101  101  0  0  101  101  0  101  0  0  101  101  0  0  0  0  101  0  0  0  101  101  0  0  

0  0  101  0  101  101  101  101  101  0  0  0  0  0  0  0  0  101  0  101  101  0  101  101  0  0  101  0  101  101  101  101  0  0  0  0  0  101  101  101  0  101  101  0  0  0  101  101  0  101  101  101  101  101  101  0  101  101  0  101  101  101  101  101  0  101  0  101  101  101  0  101  101  101  0  0  0  0  101  0  101  101  101  0  0  0  0  0  0  101  0  101  0  101  101  0  101  0  0  101  

0  101  0  101  0  0  101  101  0  0  0  101  101  101  101  101  101  101  0  101  101  0  0  0  101  0  0  101  101  101  0  101  101  0  101  0  101  0  0  101  0  101  0  0  0  0  101  101  101  0  101  101  101  0  101  0  0  101  0  101  101  101  0  0  0  0  101  101  0  101  0  101  0  101  0  101  0  0  0  101  101  0  0  101  101  0  0  101  101  101  101  101  101  101  101  101  0  0  101  0  

0  101  0  101  0  101  0  101  101  101  101  0  0  0  0  101  0  101  0  101  101  101  101  101  101  101  0  0  0  0  101  0  101  101  101  101  101  0  101  101  0  101  0  101  101  0  101  101  101  101  101  101  0  101  0  0  0  101  101  0  0  0  101  0  0  0  101  101  101  0  101  0  0  0  0  0  101  101  101  101  0  101  0  101  0  101  0  101  0  0  101  101  101  101  101  101  101  101  0  0  

101  0  101  101  101  101  101  0  0  101  101  101  0  0  101  0  0  101  0  101  0  101  101  0  0  101  101  0  0  0  101  101  101  101  0  101  101  0  101  0  0  101  0  0  101  0  101  101  101  0  101  101  101  0  101  101  101  101  0  0  0  101  0  0  101  0  101  0  0  101  101  0  101  0  0  0  101  0  101  0  0  101  101  101  0  101  101  101  0  0  0  0  0  0  101  0  0  101  0  0  

101  0  0  101  101  0  0  0  101  101  0  101  0  101  101  101  0  101  0  0  101  101  101  0  101  0  101  101  0  101  101  101  0  101  101  101  0  101  0  101  101  101  0  0  0  101  101  101  0  101  0  0  0  0  101  101  101  0  0  0  0  101  101  0  0  0  101  101  101  101  0  0  101  0  101  101  0  101  0  101  101  0  101  0  0  101  0  101  0  0  101  101  0  0  0  0  101  0  101  101  

0  101  0  0  0  101  101  0  0  0  0  101  0  0  0  101  101  101  101  101  101  101  101  101  0  101  0  101  101  0  101  101  101  101  0  0  0  101  101  101  0  101  101  101  0  101  0  0  101  101  101  101  0  0  101  101  101  101  0  101  0  0  0  101  0  101  0  0  101  0  0  0  101  0  101  101  0  101  0  0  0  0  101  0  101  0  0  0  101  0  101  0  0  0  0  0  0  101  101  101  

101  0  0  101  0  0  101  0  101  101  0  101  0  101  0  0  101  101  0  101  101  0  0  101  0  0  0  101  101  101  101  0  0  0  101  0  0  0  101  0  101  0  0  101  101  101  101  0  0  0  101  101  101  101  101  0  101  101  0  101  0  0  0  0  0  101  101  0  101  0  101  0  101  0  0  0  101  0  0  0  0  0  0  0  101  0  101  0  101  101  0  0  101  0  0  0  101  0  101  0  

0  101  0  101  0  0  0  101  0  101  0  0  101  0  0  101  0  0  101  101  101  101  101  0  101  101  0  101  101  0  101  0  0  0  101  0  0  0  0  101  101  0  0  0  0  0  0  101  0  0  0  0  0  101  0  0  0  0  101  101  0  0  101  0  0  101  0  0  0  0  101  0  0  0  101  101  0  101  101  0  101  101  101  101  0  101  0  101  0  101  0  101  0  0  0  0  101  101  101  101  

101  101  0  101  101  101  0  0  0  101  0  0  101  0  0  0  0  101  101  101  101  0  0  0  101  0  101  0  101  0  101  0  101  101  101  0  101  0  0  0  0  0  0  101  101  101  0  0  0  101  0  101  101  0  0  0  101  101  101  101  0  101  101  101  0  0  0  0  101  101  0  0  101  101  101  0  101  101  101  0  0  0  101  101  101  0  101  0  0  0  0  101  0  0  0  101  0  0  0  101  

101  101  0  101  101  101  101  0  101  101  101  0  101  101  101  0  101  0  101  0  101  101  0  101  101  0  101  0  101  0  101  101  0  0  0  101  101  101  0  101  0  0  0  0  0  101  0  101  0  0  101  101  101  0  0  0  0  0  0  0  101  101  101  0  0  101  101  101  0  0  0  0  0  0  0  101  101  0  0  101  101  0  101  0  101  0  101  0  101  0  0  101  0  101  0  101  0  0  0  101  

0  0  101  0  101  0  0  0  101  101  101  0  0  0  101  101  0  0  0  0  101  0  0  101  0  0  0  0  0  0  101  0  101  0  101  101  101  101  0  0  101  101  0  0  0  101  0  101  0  0  0  101  101  0  101  101  0  0  0  101  101  101  0  0  0  0  0  101  0  101  0  101  0  101  0  101  0  101  101  101  0  0  0  0  0  0  101  101  101  101  0  0  101  101  0  101  101  0  101  0  

101  0  101  0  0  101  0  101  0  0  0  101  0  101  101  0  101  0  101  101  101  0  101  0  101  0  101  101  0  101  101  101  0  0  101  0  0  101  101  101  0  101  101  0  0  0  101  0  101  0  0  101  0  101  0  101  0  0  101  101  101  0  101  101  0  0  101  101  0  101  0  101  101  0  101  0  0  101  101  0  0  0  0  101  0  101  0  0  0  0  0  0  101  101  101  101  0  0  0  101  

101  101  101  101  101  0  0  101  101  0  0  101  0  0  101  0  101  0  101  101  101  0  0  0  101  101  0  0  101  0  101  101  0  101  0  0  101  0  0  101  0  101  101  0  0  0  0  0  101  101  0  101  0  0  0  0  101  0  0  101  0  0  101  101  0  0  0  101  101  101  101  101  0  101  101  0  101  101  101  0  101  101  0  0  101  101  101  0  0  101  101  101  101  0  0  101  101  0  0  101  

101  101  0  0  0  101  0  101  0  101  0  0  0  101  101  101  101  0  0  0  101  0  101  101  101  0  0  101  101  0  101  0  101  0  0  101  0  0  101  0  0  0  101  0  101  101  101  101  101  101  0  0  0  0  101  0  0  0  0  0  0  0  0  0  101  0  101  0  101  0  0  101  101  0  101  101  101  0  101  101  0  0  0  101  0  101  101  0  101  101  0  0  101  0  0  101  0  101  0  101  

101  101  0  0  101  101  101  0  0  0  0  101  0  101  0  101  0  101  0  101  0  101  0  101  101  0  0  0  101  0  0  101  101  0  0  0  0  101  0  0  0  0  101  101  101  0  101  101  101  101  0  101  0  0  0  0  101  101  101  0  101  0  0  0  0  101  0  0  0  0  101  101  0  0  0  101  0  101  101  101  101  101  0  101  0  0  101  101  0  0  0  0  101  0  101  0  101  0  0  0  

0  0  0  101  101  0  0  101  101  0  0  101  0  101  101  101  0  101  101  101  101  0  0  101  0  0  0  101  0  101  0  0  0  101  101  101  101  0  0  101  0  0  101  0  101  0  101  101  0  101  101  0  101  101  101  101  0  101  0  0  101  0  101  0  101  0  101  0  0  0  101  101  101  101  101  0  0  0  101  0  101  101  101  0  0  0  0  101  0  0  0  101  101  0  0  0  101  0  0  101  

0  101  101  101  0  0  0  101  101  0  101  101  101  101  101  0  0  101  0  0  101  0  101  101  101  0  0  101  101  101  0  101  101  101  101  101  101  0  101  0  0  0  0  0  0  0  101  101  101  0  101  101  101  101  0  101  0  0  0  0  101  101  101  101  0  0  0  101  101  0  0  0  101  0  0  101  101  101  0  0  0  101  0  101  101  0  0  101  101  101  0  0  0  101  0  0  0  101  101  0  

101  0  101  0  0  0  0  101  101  0  0  0  0  0  101  101  101  101  0  0  0  101  0  101  0  101  101  101  101  0  101  101  101  101  101  101  101  0  0  0  101  101  0  0  0  101  0  0  101  101  101  101  0  101  0  101  101  101  0  101  0  0  0  101  101  0  0  101  101  101  0  101  101  0  0  0  101  101  101  0  0  0  101  0  101  101  0  101  101  0  101  101  0  0  101  0  0  101  101  0  

101  101  0  101  0  0  101  0  0  0  101  0  101  0  101  0  0  101  0  0  0  0  101  101  0  0  101  0  0  0  0  0  0  101  101  101  0  101  0  101  101  101  101  101  101  101  0  0  0  101  0  101  101  0  101  101  0  0  0  101  0  101  101  101  0  0  0  0  101  101  101  0  101  101  0  101  0  101  0  101  101  101  0  101  0  101  101  0  0  0  0  0  0  0  101  0  0  0  101  0  

101  0  101  101  0  101  0  0  101  101  101  101  101  101  0  0  101  0  101  101  101  101  0  0  0  0  0  0  101  101  101  101  101  101  101  0  101  101  0  101  0  101  0  0  0  0  0  101  0  0  101  0  0  101  101  0  0  101  101  0  0  0  0  101  0  101  101  0  0  101  101  101  0  0  0  101  0  0  0  101  0  0  101  0  0  0  0  101  101  101  0  101  0  101  0  0  0  101  101  0  

0  0  0  0  0  0  0  101  0  0  0  0  0  101  0  101  101  101  101  101  101  101  0  0  0  101  0  101  101  0  101  0  0  101  0  101  101  0  0  101  0  0  101  0  0  101  0  0  0  101  0  101  101  0  0  0  0  0  0  0  0  101  101  101  101  101  101  0  101  0  101  101  101  0  101  0  0  101  0  0  101  101  101  0  0  0  101  0  0  0  0  101  0  101  101  0  0  101  0  101  

101  101  0  101  0  0  101  0  0  101  101  101  0  0  0  0  101  101  0  0  0  0  0  101  101  0  101  101  0  101  101  101  0  0  0  101  0  0  0  101  101  101  101  101  0  0  0  0  0  101  101  101  0  0  101  101  101  101  0  101  0  0  101  0  101  0  101  101  101  101  0  101  101  0  0  101  0  101  0  0  101  101  0  101  0  0  101  0  0  101  0  0  0  0  0  0  101  101  101  101  

0  0  101  0  101  101  101  101  0  101  0  101  0  101  101  0  0  0  101  101  101  0  101  101  101  0  0  0  0  101  101  0  101  101  0  101  0  0  101  101  101  0  101  0  0  101  101  0  101  101  101  101  101  0  0  0  0  0  0  101  0  101  0  101  0  0  101  0  0  101  0  0  0  101  0  101  0  101  101  101  101  101  0  0  0  101  101  101  101  0  0  0  0  101  0  101  0  101  0  0  

101  101  0  0  101  0  0  101  0  101  0  101  101  101  0  0  0  101  101  0  101  101  101  101  101  101  0  0  101  101  101  101  0  0  0  101  0  0  0  101  0  0  0  0  101  0  101  101  0  0  0  0  0  0  0  101  101  0  101  101  0  0  101  101  101  0  101  0  0  0  0  101  0  0  101  0  101  0  101  0  0  101  101  0  101  101  101  0  0  0  0  101  101  101  101  101  101  101  101  101  

101  0  0  0  0  101  0  101  101  101  0  101  101  101  101  0  0  101  0  0  101  0  101  101  0  101  101  0  0  101  0  101  0  101  101  0  0  101  0  101  0  101  101  0  0  101  0  0  0  0  0  0  101  0  0  101  101  0  101  0  101  101  0  0  101  101  0  101  0  101  101  0  101  101  0  101  101  0  0  101  101  101  101  101  101  0  101  0  0  101  101  0  0  0  0  0  0  101  0  101  

101  0  101  101  0  101  101  101  0  101  101  0  101  101  101  0  101  101  101  0  0  101  101  101  101  101  101  0  0  101  0  0  101  101  101  101  101  0  0  0  101  101  101  101  101  0  101  0  101  101  101  0  0  101  101  0  0  101  0  101  101  0  0  101  101  0  0  101  101  0  0  0  0  0  101  101  101  0  0  0  0  0  101  101  101  101  101  101  101  101  0  0  0  0  0  0  0  101  101  101  

0  0  101  101  101  101  101  0  101  0  0  101  0  101  0  101  101  0  0  101  0  101  0  101  101  0  0  0  101  101  0  101  0  101  0  101  101  101  101  101  0  0  0  101  101  101  101  101  0  0  101  0  0  101  0  101  101  0  101  101  0  101  101  101  0  101  0  101  101  101  0  101  101  101  0  0  0  101  0  0  0  101  0  0  0  0  101  101  101  101  0  101  0  0  101  101  0  0  0  0  

0  101  0  101  0  101  101  101  0  101  0  0  101  0  0  0  101  0  101  101  0  101  101  0  0  0  0  101  101  0  0  101  101  101  101  0  101  0  0  0  0  0  101  101  101  101  101  101  101  0  0  101  0  101  101  0  0  0  101  101  0  101  101  101  101  101  101  0  101  0  0  0  0  101  101  0  0  0  101  0  101  101  0  101  0  101  101  101  101  0  101  0  0  101  0  0  0  0  0  101  

0  101  0  0  0  0  0  101  0  0  0  0  101  0  0  101  101  0  0  0  0  101  101  101  101  101  101  0  0  101  0  101  101  101  101  0  101  101  101  0  101  101  101  101  101  101  0  0  0  0  0  0  101  101  0  101  0  0  0  0  101  101  0  0  101  101  0  0  0  101  101  0  0  101  0  101  0  0  0  101  0  101  0  101  0  0  101  0  101  0  0  101  101  101  0  101  101  0  0  101  

101  0  0  101  101  101  0  0  101  101  0  101  101  0  0  0  0  0  101  0  0  101  0  0  101  0  101  0  0  101  101  0  0  0  101  101  0  0  0  101  0  0  0  0  0  0  0  101  0  101  101  101  101  0  0  101  0  0  101  0  101  0  0  101  0  101  101  0  0  101  0  101  101  101  0  101  0  0  101  0  101  0  101  0  0  101  101  101  101  0  0  101  0  101  0  0  0  0  101  0  

101  101  0  101  0  101  0  0  0  101  101  101  0  101  0  101  0  0  0  0  0  0  0  101  0  0  101  101  101  101  0  0  0  101  101  0  101  101  0  0  101  0  101  101  101  101  101  0  101  0  101  101  0  101  101  0  0  0  101  0  0  0  0  101  0  101  101  101  0  101  0  101  101  101  101  101  0  101  101  101  0  101  0  101  101  0  0  0  0  101  101  0  101  0  101  0  101  101  0  101  

0  101  0  0  101  101  101  0  101  0  0  0  0  0  0  101  101  101  101  101  0  0  0  101  0  101  101  101  0  0  0  101  101  101  0  0  101  101  101  101  101  0  101  0  101  101  0  0  101  0  0  101  0  0  101  101  101  0  101  101  101  0  0  0  0  0  101  0  101  0  101  101  0  0  101  101  101  0  0  0  101  0  101  0  101  0  0  0  0  101  0  0  0  101  0  101  0  0  101  0  

0  101  101  0  0  101  0  0  101  101  101  0  0  0  0  0  101  0  101  0  101  101  101  101  101  0  0  0  101  0  101  101  0  101  0  0  0  101  101  0  0  101  0  101  0  101  101  101  0  101  101  0  101  101  101  0  0  0  101  101  0  0  101  0  101  101  0  101  0  101  0  0  101  0  0  101  101  0  101  101  0  101  0  101  101  101  101  101  101  101  101  0  101  101  0  101  101  0  0  0  

0  101  0  0  0  0  0  101  0  101  101  101  101  101  101  101  0  0  101  0  101  0  0  0  101  0  0  101  101  0  0  101  0  0  0  101  0  0  101  0  0  0  101  101  101  101  0  0  0  101  0  0  101  0  0  0  101  101  0  101  101  0  0  101  0  0  0  101  101  0  0  0  0  0  101  101  101  0  0  0  0  101  101  101  101  101  0  0  0  0  0  0  101  0  101  101  0  0  0  0  

101  101  0  101  0  0  101  101  101  0  101  0  0  101  101  101  0  101  101  0  101  101  0  0  101  0  0  101  0  101  0  0  101  101  101  0  0  101  101  101  0  101  101  101  0  0  101  0  101  0  0  0  0  101  101  101  0  0  101  0  0  0  101  101  101  0  0  0  101  101  0  0  0  101  101  0  101  0  101  0  101  0  0  101  101  101  0  101  101  0  101  0  101  0  101  0  101  101  0  0  

101  101  0  101  0  101  0  101  101  0  0  0  0  0  0  101  0  101  0  101  101  101  101  0  0  101  101  0  0  0  0  0  101  0  101  0  0  101  0  0  0  0  0  101  0  0  0  101  101  101  101  0  0  0  101  0  0  101  0  101  101  101  0  101  101  101  0  0  0  101  0  101  101  101  101  101  101  101  101  101  101  0  0  101  0  0  101  101  101  0  101  101  101  101  0  0  101  0  101  0  

0  101  0  0  101  0  0  101  0  0  0  101  101  101  101  0  0  101  0  101  0  0  101  101  0  101  0  0  101  101  101  0  0  101  101  0  0  101  0  0  0  101  0  101  0  0  101  101  0  0  101  0  101  101  101  101  0  0  101  0  0  101  0  0  0  101  101  101  101  0  101  0  0  101  0  0  101  101  101  0  101  0  0  101  0  101  101  101  0  0  0  101  0  0  0  101  101  0  101  101  

0  101  101  101  0  101  0  101  0  0  101  101  0  101  101  101  0  0  0  101  101  101  0  0  0  101  101  101  101  101  101  101  101  101  101  0  101  101  0  0  101  0  101  0  0  101  101  0  0  101  0  0  101  0  0  0  101  101  0  0  101  101  0  0  101  0  0  101  101  0  101  0  0  101  0  0  101  101  101  101  101  0  0  101  0  101  101  0  101  0  101  101  101  0  101  101  0  101  101  101  

101  0  101  101  0  101  101  0  101  101  0  101  101  101  101  101  0  0  0  101  101  0  101  101  0  0  101  101  101  101  101  0  0  0  0  0  0  0  0  101  0  101  101  0  0  101  0  0  0  101  0  101  101  0  0  0  0  101  101  0  0  101  0  101  101  0  0  101  0  0  101  0  101  0  0  101  101  101  0  0  0  101  101  101  0  0  0  0  0  101  101  0  101  0  101  101  101  0  101  101  

101  0  101  0  0  101  101  0  101  0  101  101  0  0  101  101  101  101  0  101  101  0  0  0  0  0  0  101  0  101  0  0  101  0  101  0  101  101  101  0  0  101  0  101  101  0  101  101  101  0  0  0  101  101  0  101  101  0  0  0  0  0  0  101  0  0  0  0  101  0  0  0  0  0  0  101  0  0  101  0  0  101  0  101  0  101  101  0  101  101  101  101  101  0  0  101  101  0  0  0  

0  0  0  101  0  0  101  101  101  101  101  101  101  101  0  101  0  0  0  0  0  101  101  0  101  101  0  0  101  0  0  0  0  0  101  101  101  101  101  101  101  101  0  101  101  101  101  0  0  101  0  101  101  101  0  101  0  0  101  101  101  0  0  101  0  0  101  0  101  0  101  101  0  0  101  0  0  101  0  101  101  0  0  0  0  0  101  101  101  0  101  101  0  101  0  0  101  0  101  0  

0  0  0  101  0  101  0  101  0  101  101  0  0  0  101  0  101  0  101  0  0  0  101  101  0  101  0  101  101  0  0  0  101  101  0  0  0  0  101  101  0  0  0  101  0  101  0  0  101  101  101  0  101  101  0  0  0  101  0  0  0  101  101  101  101  101  101  0  0  0  0  0  0  0  101  0  0  0  0  101  0  101  0  101  101  101  101  0  101  101  101  0  101  0  101  0  101  101  0  0  

0  101  0  101  0  101  101  0  0  101  0  0  0  0  101  0  0  101  101  0  101  101  101  0  101  0  0  101  101  0  101  101  101  0  101  101  0  0  101  0  0  101  0  0  0  101  0  101  0  0  0  101  101  101  0  0  0  0  0  0  101  101  101  0  0  0  0  101  0  0  101  101  0  101  101  0  0  0  101  101  101  0  101  101  0  0  101  0  0  0  0  101  0  101  0  0  101  0  101  101  

0  101  101  0  101  101  101  101  0  0  0  0  0  101  101  0  0  101  0  101  101  101  0  101  101  0  0  101  101  0  101  0  0  101  0  0  0  0  101  0  0  101  0  0  101  101  0  101  0  0  0  101  101  101  101  0  0  0  0  0  0  0  101  0  0  101  0  0  101  101  0  101  0  0  101  0  0  101  0  0  0  101  0  0  101  101  0  0  101  101  0  0  101  0  101  101  0  101  101  101  

0  0  101  101  101  101  101  101  0  0  101  0  101  0  101  101  101  101  0  0  101  0  0  101  0  0  0  101  0  101  0  0  0  0  101  0  101  0  0  101  101  0  101  0  101  101  101  0  0  0  0  0  101  101  0  0  0  0  0  101  101  101  101  101  101  0  0  0  0  0  0  0  0  101  101  0  0  101  0  101  0  0  101  101  101  0  0  101  101  101  101  0  0  0  101  101  0  0  0  101  

0  101  0  0  0  101  101  0  101  101  0  0  0  0  0  101  0  101  101  0  101  0  101  101  0  0  101  0  101  0  101  101  0  0  101  0  0  101  0  0  0  0  0  0  101  101  101  0  101  101  101  101  0  101  0  101  0  101  101  0  0  101  0  101  0  101  101  0  0  0  0  0  101  0  101  0  0  0  0  101  0  101  0  101  0  101  101  101  0  101  101  101  101  101  0  0  101  0  101  101  

0  0  0  101  0  0  0  101  0  0  101  101  0  101  101  0  0  0  0  0  0  0  101  101  0  101  0  0  0  101  101  101  0  101  0  0  0  101  0  101  0  101  101  101  0  101  101  101  101  0  101  0  0  101  101  0  101  0  101  0  0  0  0  0  101  0  0  101  101  0  101  101  101  101  101  101  101  0  0  0  0  101  0  0  0  101  0  0  101  0  0  0  101  0  101  0  0  101  101  0  

101  0  101  0  0  101  101  0  0  0  0  101  0  101  101  101  101  101  0  101  101  101  101  0  0  101  0  0  0  101  101  0  101  101  0  101  0  0  101  0  0  0  101  101  101  0  0  0  0  0  0  0  101  0  0  101  101  101  101  0  0  101  0  0  0  0  0  101  101  101  101  0  101  0  101  0  101  0  0  0  101  0  101  0  0  0  101  101  101  101  0  101  0  101  101  0  101  101  101  0  

101  0  101  101  101  0  101  101  0  0  101  101  101  0  0  0  101  101  101  101  101  101  0  0  0  0  0  0  0  101  0  101  0  101  0  101  0  101  101  101  101  0  0  0  101  0  101  0  0  0  0  101  0  0  0  101  101  0  101  101  101  0  101  101  101  0  101  0  0  0  0  101  101  0  101  101  101  0  101  101  0  101  0  0  0  0  0  101  101  101  0  0  0  101  101  101  101  0  0  101  

UnPairedArc=
1 2 
1 3 
1 6 
1 7 
1 8 
1 9 
1 15 
1 16 
1 17 
1 18 
1 19 
1 22 
1 25 
1 27 
1 29 
1 31 
1 33 
1 34 
1 38 
1 39 
1 41 
1 42 
1 45 
1 47 
1 48 
1 55 
1 56 
1 58 
1 60 
1 61 
1 63 
1 64 
1 65 
1 66 
1 69 
1 70 
1 71 
1 73 
1 75 
1 76 
1 77 
1 81 
1 82 
1 86 
1 87 
1 90 
1 91 
1 99 
1 100 
2 3 
2 4 
2 5 
2 7 
2 8 
2 11 
2 12 
2 14 
2 23 
2 25 
2 27 
2 28 
2 36 
2 37 
2 38 
2 42 
2 46 
2 47 
2 49 
2 51 
2 53 
2 54 
2 57 
2 59 
2 60 
2 61 
2 64 
2 65 
2 66 
2 68 
2 70 
2 73 
2 75 
2 79 
2 80 
2 82 
2 83 
2 84 
2 85 
2 86 
2 87 
2 88 
2 89 
2 94 
2 95 
2 97 
3 6 
3 7 
3 10 
3 11 
3 14 
3 15 
3 20 
3 21 
3 23 
3 27 
3 31 
3 34 
3 36 
3 37 
3 40 
3 41 
3 42 
3 43 
3 44 
3 46 
3 47 
3 49 
3 51 
3 52 
3 55 
3 62 
3 63 
3 64 
3 68 
3 69 
3 71 
3 74 
3 77 
3 78 
3 84 
3 89 
3 90 
3 91 
3 95 
3 96 
3 99 
3 100 
4 7 
4 10 
4 11 
4 14 
4 16 
4 19 
4 20 
4 23 
4 26 
4 28 
4 29 
4 31 
4 32 
4 33 
4 36 
4 38 
4 39 
4 40 
4 42 
4 45 
4 49 
4 50 
4 53 
4 54 
4 55 
4 56 
4 58 
4 59 
4 60 
4 61 
4 64 
4 67 
4 68 
4 70 
4 71 
4 73 
4 77 
4 78 
4 79 
4 81 
4 82 
4 86 
4 87 
4 89 
4 90 
4 92 
4 93 
4 94 
4 96 
4 98 
4 100 
5 7 
5 8 
5 9 
5 10 
5 11 
5 12 
5 13 
5 14 
5 15 
5 16 
5 18 
5 19 
5 21 
5 22 
5 27 
5 29 
5 31 
5 37 
5 40 
5 41 
5 42 
5 43 
5 45 
5 47 
5 48 
5 52 
5 55 
5 56 
5 60 
5 61 
5 62 
5 64 
5 66 
5 67 
5 74 
5 75 
5 78 
5 81 
5 83 
5 88 
5 95 
5 96 
5 100 
6 8 
6 9 
6 10 
6 15 
6 16 
6 18 
6 19 
6 21 
6 22 
6 23 
6 27 
6 30 
6 31 
6 32 
6 36 
6 37 
6 38 
6 39 
6 41 
6 42 
6 43 
6 44 
6 45 
6 46 
6 48 
6 49 
6 50 
6 51 
6 52 
6 54 
6 55 
6 57 
6 60 
6 61 
6 63 
6 65 
6 66 
6 71 
6 74 
6 76 
6 77 
6 78 
6 79 
6 81 
6 82 
6 83 
6 84 
6 87 
6 89 
6 90 
6 91 
6 93 
6 94 
6 95 
6 96 
6 97 
6 99 
7 12 
7 13 
7 14 
7 15 
7 17 
7 18 
7 19 
7 20 
7 21 
7 22 
7 23 
7 25 
7 27 
7 30 
7 32 
7 34 
7 36 
7 37 
7 38 
7 39 
7 41 
7 43 
7 44 
7 45 
7 47 
7 48 
7 49 
7 50 
7 51 
7 52 
7 53 
7 55 
7 57 
7 58 
7 61 
7 66 
7 70 
7 73 
7 74 
7 77 
7 78 
7 79 
7 83 
7 86 
7 90 
7 91 
7 92 
7 94 
7 95 
7 96 
7 97 
7 99 
7 100 
8 10 
8 12 
8 14 
8 15 
8 16 
8 17 
8 18 
8 19 
8 20 
8 21 
8 25 
8 26 
8 28 
8 36 
8 40 
8 41 
8 43 
8 44 
8 49 
8 51 
8 52 
8 53 
8 54 
8 59 
8 63 
8 64 
8 65 
8 67 
8 68 
8 69 
8 72 
8 74 
8 75 
8 76 
8 77 
8 79 
8 80 
8 85 
8 86 
8 87 
8 88 
8 89 
8 92 
8 93 
8 95 
8 96 
8 98 
8 100 
9 11 
9 12 
9 15 
9 19 
9 20 
9 22 
9 24 
9 25 
9 28 
9 29 
9 31 
9 35 
9 39 
9 41 
9 44 
9 47 
9 48 
9 50 
9 51 
9 52 
9 54 
9 56 
9 58 
9 61 
9 62 
9 64 
9 67 
9 68 
9 69 
9 71 
9 76 
9 78 
9 81 
9 83 
9 84 
9 86 
9 87 
9 90 
9 91 
9 92 
9 97 
10 11 
10 12 
10 15 
10 17 
10 19 
10 20 
10 22 
10 25 
10 26 
10 30 
10 33 
10 34 
10 35 
10 36 
10 37 
10 39 
10 43 
10 44 
10 45 
10 46 
10 47 
10 49 
10 50 
10 54 
10 55 
10 56 
10 58 
10 59 
10 60 
10 61 
10 62 
10 65 
10 71 
10 73 
10 74 
10 75 
10 76 
10 77 
10 79 
10 81 
10 82 
10 84 
10 85 
10 90 
10 92 
10 93 
10 94 
10 97 
11 16 
11 20 
11 22 
11 23 
11 26 
11 31 
11 33 
11 34 
11 35 
11 37 
11 40 
11 41 
11 42 
11 43 
11 47 
11 48 
11 49 
11 50 
11 54 
11 55 
11 61 
11 62 
11 68 
11 70 
11 71 
11 73 
11 77 
11 82 
11 84 
11 85 
11 86 
11 89 
11 91 
11 92 
11 93 
11 96 
11 98 
11 100 
12 14 
12 15 
12 16 
12 19 
12 22 
12 23 
12 24 
12 27 
12 28 
12 29 
12 33 
12 39 
12 40 
12 41 
12 42 
12 43 
12 45 
12 46 
12 47 
12 53 
12 55 
12 56 
12 57 
12 58 
12 63 
12 64 
12 66 
12 67 
12 68 
12 71 
12 73 
12 74 
12 75 
12 76 
12 78 
12 81 
12 82 
12 85 
12 88 
12 89 
12 90 
12 91 
12 92 
12 98 
12 99 
12 100 
13 14 
13 17 
13 18 
13 20 
13 21 
13 23 
13 31 
13 33 
13 36 
13 37 
13 38 
13 39 
13 43 
13 46 
13 48 
13 51 
13 53 
13 59 
13 60 
13 61 
13 68 
13 70 
13 71 
13 75 
13 76 
13 77 
13 79 
13 80 
13 81 
13 85 
13 88 
13 90 
13 92 
13 96 
13 100 
14 20 
14 21 
14 22 
14 24 
14 27 
14 28 
14 29 
14 30 
14 36 
14 41 
14 42 
14 46 
14 48 
14 50 
14 51 
14 53 
14 56 
14 58 
14 61 
14 63 
14 65 
14 66 
14 67 
14 68 
14 71 
14 72 
14 74 
14 75 
14 76 
14 77 
14 78 
14 82 
14 85 
14 86 
14 88 
14 89 
14 90 
14 92 
14 95 
14 98 
14 99 
15 17 
15 19 
15 23 
15 26 
15 28 
15 29 
15 30 
15 34 
15 36 
15 37 
15 39 
15 40 
15 41 
15 44 
15 47 
15 48 
15 53 
15 55 
15 56 
15 61 
15 62 
15 63 
15 64 
15 65 
15 67 
15 68 
15 69 
15 70 
15 74 
15 76 
15 77 
15 85 
15 86 
15 88 
15 89 
15 90 
15 91 
15 93 
15 94 
15 95 
15 96 
15 98 
15 99 
16 17 
16 18 
16 20 
16 21 
16 26 
16 31 
16 35 
16 36 
16 38 
16 41 
16 42 
16 43 
16 44 
16 46 
16 50 
16 51 
16 53 
16 54 
16 56 
16 57 
16 59 
16 62 
16 65 
16 66 
16 67 
16 69 
16 72 
16 78 
16 80 
16 82 
16 83 
16 85 
16 86 
16 87 
16 89 
16 90 
16 91 
16 92 
16 96 
16 97 
16 99 
17 19 
17 22 
17 23 
17 28 
17 29 
17 30 
17 31 
17 33 
17 34 
17 37 
17 38 
17 40 
17 41 
17 44 
17 45 
17 46 
17 47 
17 48 
17 51 
17 53 
17 57 
17 58 
17 61 
17 63 
17 64 
17 65 
17 69 
17 71 
17 72 
17 73 
17 77 
17 78 
17 79 
17 80 
17 83 
17 84 
17 91 
17 93 
17 96 
17 99 
17 100 
18 19 
18 21 
18 24 
18 25 
18 26 
18 30 
18 31 
18 33 
18 34 
18 35 
18 36 
18 38 
18 40 
18 43 
18 46 
18 52 
18 53 
18 54 
18 55 
18 56 
18 57 
18 58 
18 60 
18 66 
18 67 
18 68 
18 69 
18 70 
18 72 
18 73 
18 75 
18 76 
18 77 
18 83 
18 86 
18 87 
18 88 
18 91 
18 94 
18 95 
18 96 
18 97 
18 99 
18 100 
19 20 
19 21 
19 26 
19 27 
19 30 
19 34 
19 35 
19 36 
19 37 
19 38 
19 40 
19 42 
19 43 
19 46 
19 47 
19 48 
19 49 
19 50 
19 57 
19 59 
19 60 
19 61 
19 63 
19 64 
19 67 
19 71 
19 72 
19 74 
19 75 
19 77 
19 79 
19 81 
19 83 
19 84 
19 85 
19 86 
19 93 
19 94 
19 97 
19 100 
20 21 
20 23 
20 24 
20 26 
20 27 
20 30 
20 32 
20 35 
20 38 
20 39 
20 40 
20 41 
20 42 
20 44 
20 45 
20 46 
20 47 
20 48 
20 49 
20 50 
20 52 
20 53 
20 54 
20 55 
20 57 
20 58 
20 59 
20 60 
20 63 
20 64 
20 66 
20 67 
20 71 
20 72 
20 74 
20 78 
20 79 
20 83 
20 87 
20 88 
20 89 
20 90 
20 91 
20 95 
20 99 
20 100 
21 22 
21 24 
21 27 
21 31 
21 33 
21 34 
21 35 
21 37 
21 40 
21 42 
21 46 
21 47 
21 49 
21 52 
21 53 
21 54 
21 56 
21 57 
21 58 
21 59 
21 60 
21 61 
21 62 
21 63 
21 64 
21 65 
21 67 
21 68 
21 71 
21 72 
21 74 
21 75 
21 76 
21 84 
21 85 
21 86 
21 87 
21 89 
21 90 
21 91 
21 94 
21 95 
21 96 
21 97 
21 99 
21 100 
22 25 
22 26 
22 27 
22 28 
22 29 
22 32 
22 33 
22 34 
22 35 
22 36 
22 39 
22 41 
22 42 
22 45 
22 54 
22 55 
22 56 
22 57 
22 59 
22 61 
22 66 
22 69 
22 71 
22 72 
22 75 
22 77 
22 78 
22 79 
22 80 
22 81 
22 84 
22 86 
22 87 
22 89 
22 92 
22 94 
22 95 
22 99 
22 100 
23 26 
23 27 
23 29 
23 31 
23 32 
23 39 
23 40 
23 41 
23 45 
23 46 
23 48 
23 49 
23 52 
23 54 
23 55 
23 56 
23 57 
23 59 
23 63 
23 65 
23 68 
23 70 
23 74 
23 75 
23 76 
23 77 
23 79 
23 80 
23 84 
23 87 
23 88 
23 90 
23 92 
23 93 
23 94 
23 97 
23 98 
23 99 
24 26 
24 27 
24 28 
24 29 
24 31 
24 32 
24 33 
24 34 
24 37 
24 39 
24 44 
24 45 
24 47 
24 50 
24 51 
24 52 
24 54 
24 57 
24 58 
24 61 
24 62 
24 65 
24 66 
24 67 
24 68 
24 69 
24 70 
24 73 
24 74 
24 75 
24 76 
24 77 
24 78 
24 80 
24 82 
24 83 
24 84 
24 88 
24 90 
24 93 
24 95 
24 96 
24 97 
24 98 
25 27 
25 30 
25 31 
25 32 
25 34 
25 35 
25 39 
25 46 
25 48 
25 51 
25 53 
25 54 
25 56 
25 59 
25 60 
25 61 
25 63 
25 64 
25 65 
25 66 
25 68 
25 73 
25 74 
25 75 
25 77 
25 78 
25 80 
25 81 
25 84 
25 85 
25 86 
25 92 
25 94 
25 95 
26 27 
26 28 
26 30 
26 31 
26 32 
26 33 
26 34 
26 37 
26 39 
26 40 
26 42 
26 43 
26 46 
26 47 
26 49 
26 50 
26 54 
26 55 
26 57 
26 59 
26 64 
26 69 
26 72 
26 75 
26 76 
26 77 
26 80 
26 83 
26 87 
26 88 
26 89 
26 92 
26 93 
26 98 
26 99 
27 31 
27 39 
27 40 
27 41 
27 43 
27 50 
27 51 
27 52 
27 55 
27 56 
27 60 
27 61 
27 63 
27 69 
27 70 
27 73 
27 76 
27 77 
27 80 
27 81 
27 82 
27 83 
27 87 
27 89 
27 90 
27 97 
28 29 
28 34 
28 35 
28 37 
28 41 
28 43 
28 47 
28 50 
28 51 
28 53 
28 56 
28 57 
28 58 
28 59 
28 63 
28 65 
28 67 
28 68 
28 69 
28 72 
28 73 
28 79 
28 82 
28 83 
28 85 
28 86 
28 89 
28 90 
28 91 
28 93 
28 94 
28 95 
28 96 
29 31 
29 32 
29 34 
29 35 
29 39 
29 48 
29 50 
29 51 
29 52 
29 53 
29 57 
29 58 
29 59 
29 60 
29 61 
29 64 
29 65 
29 66 
29 68 
29 69 
29 71 
29 72 
29 75 
29 78 
29 79 
29 82 
29 84 
29 85 
29 88 
29 89 
29 90 
29 92 
29 93 
29 94 
29 95 
29 97 
30 32 
30 34 
30 35 
30 36 
30 37 
30 38 
30 41 
30 45 
30 46 
30 49 
30 51 
30 52 
30 53 
30 56 
30 58 
30 63 
30 67 
30 68 
30 71 
30 73 
30 74 
30 75 
30 76 
30 77 
30 78 
30 80 
30 81 
30 82 
30 86 
30 88 
30 89 
30 90 
30 91 
30 96 
30 98 
30 99 
30 100 
31 33 
31 36 
31 37 
31 42 
31 47 
31 51 
31 52 
31 54 
31 55 
31 56 
31 57 
31 58 
31 59 
31 60 
31 61 
31 62 
31 63 
31 64 
31 65 
31 69 
31 71 
31 72 
31 73 
31 74 
31 75 
31 81 
31 84 
31 88 
31 89 
31 90 
31 94 
31 95 
31 97 
31 98 
31 99 
32 33 
32 35 
32 36 
32 37 
32 38 
32 40 
32 44 
32 49 
32 50 
32 51 
32 52 
32 53 
32 55 
32 56 
32 57 
32 61 
32 63 
32 64 
32 66 
32 68 
32 69 
32 71 
32 73 
32 75 
32 76 
32 78 
32 79 
32 80 
32 83 
32 84 
32 85 
32 89 
32 94 
32 97 
32 98 
32 100 
33 34 
33 36 
33 40 
33 44 
33 45 
33 46 
33 48 
33 49 
33 53 
33 54 
33 55 
33 57 
33 60 
33 62 
33 65 
33 66 
33 68 
33 69 
33 71 
33 74 
33 77 
33 79 
33 80 
33 83 
33 86 
33 87 
33 89 
33 91 
33 93 
33 94 
33 99 
34 36 
34 38 
34 41 
34 42 
34 46 
34 48 
34 54 
34 55 
34 56 
34 57 
34 60 
34 64 
34 67 
34 68 
34 69 
34 70 
34 71 
34 72 
34 74 
34 76 
34 77 
34 78 
34 79 
34 80 
34 82 
34 83 
34 84 
34 86 
34 88 
34 89 
34 93 
34 95 
34 98 
34 99 
34 100 
35 36 
35 37 
35 39 
35 41 
35 43 
35 46 
35 47 
35 48 
35 53 
35 54 
35 56 
35 58 
35 59 
35 60 
35 62 
35 63 
35 67 
35 68 
35 69 
35 70 
35 71 
35 76 
35 77 
35 79 
35 80 
35 81 
35 82 
35 86 
35 87 
35 88 
35 89 
35 91 
35 92 
35 94 
35 96 
35 97 
36 38 
36 40 
36 45 
36 47 
36 48 
36 49 
36 51 
36 54 
36 55 
36 56 
36 61 
36 62 
36 65 
36 67 
36 68 
36 69 
36 70 
36 72 
36 73 
36 74 
36 75 
36 77 
36 78 
36 81 
36 85 
36 92 
36 94 
36 99 
36 100 
37 39 
37 41 
37 42 
37 44 
37 45 
37 46 
37 47 
37 48 
37 53 
37 54 
37 55 
37 60 
37 61 
37 62 
37 64 
37 67 
37 68 
37 69 
37 71 
37 72 
37 77 
37 78 
37 79 
37 80 
37 82 
37 83 
37 89 
37 91 
37 92 
37 96 
38 39 
38 40 
38 41 
38 42 
38 43 
38 44 
38 45 
38 49 
38 50 
38 51 
38 52 
38 56 
38 57 
38 61 
38 62 
38 63 
38 66 
38 70 
38 71 
38 76 
38 78 
38 80 
38 82 
38 83 
38 84 
38 86 
38 87 
38 88 
38 89 
38 91 
38 92 
38 97 
38 98 
38 100 
39 41 
39 42 
39 43 
39 44 
39 46 
39 48 
39 52 
39 54 
39 55 
39 57 
39 58 
39 63 
39 65 
39 68 
39 74 
39 78 
39 80 
39 83 
39 84 
39 85 
39 86 
39 91 
39 92 
39 93 
39 94 
39 95 
39 99 
39 100 
40 42 
40 43 
40 45 
40 48 
40 49 
40 50 
40 52 
40 53 
40 54 
40 56 
40 57 
40 59 
40 61 
40 63 
40 64 
40 67 
40 70 
40 71 
40 72 
40 73 
40 74 
40 75 
40 76 
40 78 
40 81 
40 83 
40 86 
40 90 
40 92 
40 93 
40 96 
40 98 
40 100 
41 42 
41 43 
41 45 
41 46 
41 48 
41 49 
41 50 
41 56 
41 58 
41 59 
41 62 
41 69 
41 70 
41 73 
41 74 
41 77 
41 80 
41 82 
41 83 
41 89 
41 92 
41 96 
41 100 
42 44 
42 45 
42 47 
42 50 
42 51 
42 52 
42 53 
42 54 
42 55 
42 56 
42 57 
42 62 
42 63 
42 64 
42 69 
42 70 
42 71 
42 73 
42 76 
42 77 
42 80 
42 84 
42 86 
42 88 
42 90 
42 91 
42 92 
42 94 
42 95 
42 98 
43 46 
43 47 
43 50 
43 51 
43 52 
43 57 
43 63 
43 64 
43 65 
43 66 
43 67 
43 70 
43 72 
43 73 
43 74 
43 76 
43 77 
43 79 
43 80 
43 82 
43 83 
43 85 
43 86 
43 89 
43 90 
43 96 
43 98 
43 99 
44 46 
44 48 
44 49 
44 54 
44 57 
44 58 
44 60 
44 66 
44 70 
44 73 
44 77 
44 78 
44 79 
44 80 
44 82 
44 84 
44 85 
44 86 
44 87 
44 88 
44 91 
44 92 
44 93 
44 98 
44 99 
45 46 
45 47 
45 50 
45 54 
45 55 
45 58 
45 60 
45 65 
45 66 
45 67 
45 70 
45 75 
45 77 
45 78 
45 79 
45 80 
45 82 
45 83 
45 85 
45 91 
45 92 
45 95 
45 96 
45 97 
45 99 
45 100 
46 47 
46 48 
46 49 
46 50 
46 56 
46 57 
46 58 
46 60 
46 61 
46 62 
46 65 
46 69 
46 70 
46 72 
46 74 
46 76 
46 78 
46 79 
46 80 
46 82 
46 83 
46 84 
46 85 
46 89 
46 90 
46 92 
46 93 
46 94 
46 95 
46 96 
46 97 
46 98 
47 51 
47 52 
47 53 
47 54 
47 55 
47 56 
47 58 
47 63 
47 65 
47 66 
47 67 
47 68 
47 74 
47 75 
47 77 
47 78 
47 79 
47 82 
47 84 
47 86 
47 88 
47 89 
47 91 
47 92 
47 96 
47 97 
47 98 
47 100 
48 49 
48 52 
48 53 
48 54 
48 55 
48 56 
48 59 
48 61 
48 62 
48 65 
48 66 
48 67 
48 68 
48 71 
48 75 
48 78 
48 79 
48 81 
48 84 
48 87 
48 88 
48 91 
48 94 
48 95 
48 98 
49 50 
49 51 
49 53 
49 54 
49 55 
49 57 
49 63 
49 64 
49 65 
49 66 
49 68 
49 69 
49 74 
49 77 
49 79 
49 82 
49 83 
49 86 
49 87 
49 91 
49 93 
49 97 
49 98 
50 52 
50 54 
50 56 
50 57 
50 60 
50 64 
50 65 
50 66 
50 67 
50 69 
50 70 
50 72 
50 73 
50 74 
50 77 
50 81 
50 84 
50 85 
50 87 
50 89 
50 90 
50 92 
50 93 
50 97 
51 52 
51 53 
51 54 
51 55 
51 57 
51 58 
51 61 
51 67 
51 68 
51 69 
51 71 
51 73 
51 74 
51 77 
51 78 
51 81 
51 82 
51 84 
51 87 
51 88 
51 93 
51 97 
51 98 
52 53 
52 54 
52 55 
52 57 
52 58 
52 60 
52 61 
52 62 
52 63 
52 64 
52 66 
52 68 
52 69 
52 70 
52 72 
52 73 
52 74 
52 79 
52 81 
52 82 
52 83 
52 90 
52 92 
52 94 
52 95 
52 97 
52 100 
53 55 
53 58 
53 60 
53 61 
53 62 
53 67 
53 68 
53 70 
53 72 
53 74 
53 76 
53 80 
53 81 
53 84 
53 85 
53 88 
53 89 
53 90 
53 91 
53 92 
53 93 
53 94 
53 95 
53 96 
53 99 
54 58 
54 59 
54 63 
54 67 
54 68 
54 69 
54 71 
54 77 
54 78 
54 79 
54 80 
54 82 
54 84 
54 86 
54 88 
54 91 
54 92 
54 93 
54 94 
54 95 
54 96 
54 97 
54 98 
55 56 
55 57 
55 58 
55 62 
55 65 
55 67 
55 70 
55 71 
55 73 
55 77 
55 79 
55 82 
55 83 
55 84 
55 86 
55 87 
55 88 
55 95 
55 98 
56 57 
56 62 
56 63 
56 67 
56 68 
56 69 
56 70 
56 73 
56 75 
56 76 
56 78 
56 80 
56 81 
56 83 
56 86 
56 88 
56 91 
56 92 
56 97 
56 99 
56 100 
57 58 
57 60 
57 64 
57 66 
57 69 
57 73 
57 75 
57 76 
57 78 
57 83 
57 85 
57 89 
57 91 
57 98 
57 99 
57 100 
58 60 
58 66 
58 67 
58 69 
58 71 
58 73 
58 77 
58 85 
58 87 
58 89 
58 90 
58 93 
58 97 
58 99 
59 60 
59 63 
59 66 
59 71 
59 75 
59 76 
59 78 
59 79 
59 81 
59 82 
59 83 
59 84 
59 86 
59 88 
59 90 
59 92 
59 97 
59 98 
59 99 
59 100 
60 62 
60 63 
60 64 
60 69 
60 70 
60 73 
60 74 
60 75 
60 77 
60 78 
60 79 
60 83 
60 84 
60 85 
60 87 
60 92 
60 96 
60 100 
61 62 
61 63 
61 66 
61 67 
61 68 
61 76 
61 77 
61 80 
61 81 
61 83 
61 85 
61 87 
61 89 
61 92 
61 94 
61 96 
61 100 
62 68 
62 70 
62 72 
62 74 
62 76 
62 78 
62 79 
62 80 
62 87 
62 88 
62 89 
62 90 
62 93 
62 94 
62 96 
62 97 
62 99 
63 64 
63 67 
63 68 
63 70 
63 72 
63 73 
63 75 
63 78 
63 79 
63 84 
63 86 
63 93 
63 94 
63 95 
63 96 
63 100 
64 68 
64 69 
64 70 
64 71 
64 72 
64 74 
64 75 
64 77 
64 78 
64 79 
64 81 
64 82 
64 85 
64 86 
64 87 
64 90 
64 91 
64 92 
64 93 
64 96 
64 97 
64 100 
65 67 
65 69 
65 72 
65 73 
65 75 
65 76 
65 77 
65 79 
65 80 
65 84 
65 86 
65 87 
65 89 
65 90 
65 93 
65 96 
65 98 
65 100 
66 71 
66 72 
66 76 
66 78 
66 79 
66 80 
66 81 
66 82 
66 84 
66 87 
66 88 
66 93 
66 95 
66 97 
67 71 
67 72 
67 73 
67 74 
67 75 
67 79 
67 81 
67 82 
67 83 
67 88 
67 92 
67 93 
67 97 
67 100 
68 69 
68 73 
68 76 
68 77 
68 78 
68 82 
68 84 
68 85 
68 88 
68 89 
68 90 
68 94 
68 98 
68 99 
69 70 
69 72 
69 73 
69 77 
69 78 
69 79 
69 83 
69 85 
69 86 
69 88 
69 89 
69 91 
69 92 
69 95 
69 98 
69 99 
70 71 
70 73 
70 74 
70 76 
70 78 
70 80 
70 81 
70 82 
70 84 
70 86 
70 87 
70 95 
70 99 
71 72 
71 76 
71 80 
71 83 
71 88 
71 89 
71 90 
71 92 
71 94 
71 98 
71 99 
72 73 
72 75 
72 78 
72 81 
72 82 
72 83 
72 87 
72 92 
72 94 
72 95 
72 98 
72 100 
73 76 
73 78 
73 81 
73 82 
73 84 
73 87 
73 90 
73 97 
73 98 
73 99 
73 100 
74 76 
74 78 
74 79 
74 80 
74 81 
74 82 
74 86 
74 87 
74 88 
74 89 
74 94 
74 96 
74 98 
75 77 
75 79 
75 82 
75 83 
75 85 
75 86 
75 87 
75 92 
75 93 
75 94 
75 95 
75 96 
75 97 
75 98 
75 99 
75 100 
76 77 
76 80 
76 81 
76 82 
76 83 
76 84 
76 85 
76 87 
76 90 
76 91 
76 98 
76 100 
77 83 
77 84 
77 85 
77 86 
77 87 
77 88 
77 89 
77 90 
77 98 
77 99 
77 100 
78 82 
78 87 
78 88 
78 89 
78 90 
78 92 
78 95 
78 96 
79 81 
79 82 
79 84 
79 86 
79 87 
79 88 
79 89 
79 91 
79 94 
79 100 
80 82 
80 84 
80 87 
80 89 
80 92 
80 93 
80 94 
80 96 
80 97 
80 100 
81 83 
81 86 
81 87 
81 88 
81 89 
81 92 
81 94 
81 99 
82 84 
82 85 
82 90 
82 91 
82 93 
82 95 
82 97 
82 98 
82 100 
83 85 
83 90 
83 94 
83 96 
83 99 
84 85 
84 86 
84 87 
84 88 
84 89 
84 90 
84 91 
84 93 
84 94 
84 96 
84 97 
85 86 
85 93 
85 95 
85 96 
86 88 
86 89 
86 91 
86 93 
86 95 
86 97 
86 98 
87 88 
87 89 
87 91 
87 92 
87 93 
87 94 
87 97 
87 99 
88 92 
88 96 
88 97 
88 99 
88 100 
89 91 
89 92 
89 93 
89 95 
89 96 
89 98 
89 99 
89 100 
90 91 
90 93 
90 95 
90 96 
90 97 
90 99 
90 100 
91 92 
91 93 
91 96 
91 97 
92 94 
92 97 
92 99 
93 95 
93 97 
93 98 
94 97 
94 99 
94 100 
95 96 
95 98 
95 99 
95 100 
96 100 
97 99 
97 100 
98 99 
