nNodes=80;
 nPairs=1849;
Cost=

81  0  0  81  0  0  81  81  81  0  81  81  0  81  81  0  81  0  0  81  81  81  81  81  0  81  0  81  81  0  81  81  0  81  0  0  0  0  81  81  81  81  81  81  81  81  81  0  81  81  81  81  0  0  81  81  81  81  0  81  0  0  0  81  0  0  0  0  81  81  0  81  0  81  0  81  81  81  0  0  

0  81  0  0  81  81  81  0  0  0  0  81  81  81  0  81  81  81  81  81  81  0  0  81  81  81  81  81  81  0  0  81  0  81  81  81  81  81  0  81  0  81  0  81  0  81  81  0  0  81  81  0  81  81  0  0  0  81  0  0  81  81  0  81  81  81  81  0  81  81  81  81  0  81  0  81  0  81  0  81  

0  0  81  0  81  0  0  81  0  81  81  81  81  0  81  81  0  81  81  81  0  0  81  81  81  81  81  0  81  0  0  0  0  81  0  0  81  0  0  0  0  0  81  81  81  0  0  0  0  81  0  81  81  0  81  0  81  81  81  81  81  81  81  0  81  0  81  81  0  81  81  81  81  0  0  0  81  81  0  81  

81  0  0  81  0  0  0  81  81  81  81  81  81  0  81  81  0  81  81  81  0  0  81  81  0  81  81  81  81  0  81  81  0  0  0  81  81  81  0  81  81  81  0  0  81  81  81  0  81  81  0  0  0  81  81  81  81  81  0  81  81  81  81  0  0  81  0  81  81  0  0  0  0  81  81  81  81  81  0  81  

0  81  81  0  81  0  0  81  0  81  81  0  0  81  81  81  0  0  0  81  81  81  81  0  0  0  81  81  0  81  81  81  81  81  81  81  81  0  81  81  0  0  81  0  81  81  0  0  0  0  0  81  81  81  81  0  81  81  81  0  81  0  0  0  0  81  81  0  81  81  0  81  81  0  81  81  0  0  81  81  

0  81  0  0  0  81  0  81  81  0  0  81  81  0  0  81  0  81  0  0  81  81  0  0  0  0  81  81  81  81  0  0  81  0  0  0  81  0  81  81  81  81  0  81  81  0  0  81  0  0  81  81  0  81  0  0  0  0  0  0  81  0  81  0  81  81  0  0  0  81  81  81  81  0  0  81  81  0  81  81  

81  81  0  0  0  0  81  81  81  0  0  0  81  0  81  0  81  81  0  81  81  81  0  81  81  0  81  81  81  81  0  81  81  0  0  0  81  81  81  81  0  0  81  81  0  81  81  81  0  81  81  0  81  81  0  0  81  81  81  81  81  0  81  81  0  81  81  81  0  81  81  0  0  0  81  81  81  0  81  81  

81  0  81  81  81  81  81  81  0  0  81  81  81  0  0  81  0  81  0  0  81  81  0  81  81  0  81  0  81  0  0  81  81  81  81  81  81  0  0  0  0  0  0  0  81  81  0  81  0  81  81  81  0  81  81  81  81  81  81  81  81  0  0  0  81  81  0  0  0  0  0  81  81  0  0  0  81  81  81  0  

81  0  0  81  0  81  81  0  81  81  81  81  81  81  0  81  0  81  81  81  81  0  81  0  0  0  81  81  81  0  0  81  81  81  0  81  81  81  0  81  0  81  0  0  0  0  0  81  81  81  81  0  81  81  0  81  81  81  81  81  81  81  81  81  81  81  81  81  81  81  0  81  81  0  81  81  0  0  81  81  

0  0  81  81  81  0  0  0  81  81  81  81  0  81  81  81  0  81  0  81  0  81  81  81  0  81  81  81  81  81  81  81  81  81  81  0  81  0  0  81  81  81  0  81  0  81  0  81  0  81  0  0  81  81  81  81  0  81  81  81  81  81  0  0  81  81  81  81  81  81  0  0  0  0  0  81  81  0  0  81  

81  0  81  81  81  0  0  81  81  81  81  81  81  0  81  81  0  0  81  0  81  81  0  81  0  81  0  81  81  0  81  81  81  0  81  0  81  0  81  0  0  81  81  81  81  81  0  81  81  0  0  0  0  81  81  81  81  81  0  81  0  0  0  0  0  0  0  0  0  81  0  81  81  0  0  0  81  81  0  81  

81  81  81  81  0  81  0  81  81  81  81  81  0  81  81  81  0  81  0  0  0  81  81  81  81  81  81  0  81  0  81  81  0  81  0  81  0  81  81  0  0  0  81  81  81  81  0  81  0  81  0  0  81  0  81  0  81  81  81  0  81  0  81  0  0  81  0  0  81  81  0  81  81  81  0  0  0  0  81  0  

0  81  81  81  0  81  81  81  81  0  81  0  81  0  0  81  0  81  0  81  0  81  0  81  81  0  81  81  81  81  0  0  81  0  0  0  0  81  0  0  0  0  0  81  0  0  81  0  0  0  81  0  0  0  81  0  81  81  0  0  81  0  81  0  81  81  0  0  81  81  81  0  81  0  81  0  0  0  81  0  

81  81  0  0  81  0  0  0  81  81  0  81  0  81  81  0  81  81  0  0  81  81  81  0  0  81  81  81  81  0  0  0  81  0  0  0  0  81  0  0  81  81  0  81  81  81  0  81  0  81  0  81  81  81  0  81  81  81  0  81  81  81  81  0  81  81  81  81  0  81  0  81  0  0  0  81  81  81  81  0  

81  0  81  81  81  0  81  0  0  81  81  81  0  81  81  0  0  0  0  81  81  81  81  81  0  81  81  81  81  81  81  0  81  81  81  81  81  0  0  81  81  0  81  0  0  81  81  81  81  81  81  81  81  0  0  81  0  81  81  81  81  81  81  81  0  0  81  0  81  81  81  81  0  81  0  0  81  81  81  81  

0  81  81  81  81  81  0  81  81  81  81  81  81  0  0  81  81  81  0  81  0  0  81  81  81  81  81  0  81  0  81  0  81  81  0  0  81  0  81  0  81  0  81  0  81  0  81  0  81  0  81  81  81  81  81  81  81  81  81  81  81  81  81  0  0  81  81  81  81  0  81  0  81  81  0  81  0  0  0  0  

81  81  0  0  0  0  81  0  0  0  0  0  0  81  0  81  81  81  0  81  0  0  0  0  81  81  81  0  81  81  0  81  81  0  0  0  81  81  81  81  81  81  81  0  81  81  81  81  81  0  81  81  0  81  0  81  81  0  81  81  81  81  0  81  81  81  81  81  81  0  81  0  0  81  0  0  81  81  0  0  

0  81  81  81  0  81  81  81  81  81  0  81  81  81  0  81  81  81  0  81  81  0  81  81  81  81  0  81  0  81  0  81  81  0  81  81  0  0  81  0  0  0  0  81  0  0  0  0  81  81  0  81  81  81  81  0  81  81  81  0  0  81  0  81  81  0  0  81  81  81  81  81  0  81  81  0  0  0  81  81  

0  81  81  81  0  0  0  0  81  0  81  0  0  0  0  0  0  0  81  81  0  81  81  0  0  0  0  81  0  0  81  81  0  81  81  81  81  81  0  81  0  81  81  81  81  81  81  81  81  0  0  81  81  81  0  81  0  81  0  81  81  81  81  81  81  0  81  81  81  81  81  81  0  81  81  81  81  0  81  0  

81  81  81  81  81  0  81  0  81  81  0  0  81  0  81  81  81  81  81  81  81  0  0  0  0  81  0  0  81  81  0  81  81  0  81  81  0  0  81  81  0  81  81  0  0  81  81  81  0  81  0  81  81  0  0  0  81  81  81  81  81  81  0  81  0  0  81  81  0  81  0  81  81  81  81  81  0  81  0  0  

81  81  0  0  81  81  81  81  81  0  81  0  0  81  81  0  0  81  0  81  81  81  81  81  81  81  0  81  81  0  0  0  81  0  81  81  0  81  0  0  0  81  0  0  0  81  81  81  81  81  0  81  81  81  81  81  0  81  81  0  0  0  81  0  81  0  0  81  81  0  81  0  81  0  0  0  81  0  0  81  

81  0  0  0  81  81  81  81  0  81  81  81  81  81  81  0  0  0  81  0  81  81  81  81  0  0  0  81  0  0  81  81  81  81  0  81  81  81  0  81  81  81  0  0  0  81  0  81  81  0  0  81  81  0  0  0  81  81  81  81  81  0  81  81  81  81  0  81  81  0  81  81  0  81  81  81  0  0  0  0  

81  0  81  81  81  0  0  0  81  81  0  81  0  81  81  81  0  81  81  0  81  81  81  81  81  0  0  81  81  81  81  0  0  81  81  0  0  0  0  81  81  0  81  0  81  81  0  0  81  0  81  81  0  81  81  81  81  81  81  81  0  81  81  81  81  81  0  0  81  81  81  81  0  81  81  81  81  0  0  0  

81  81  81  81  0  0  81  81  0  81  81  81  81  0  81  81  0  81  0  0  81  81  81  81  81  81  0  0  81  0  0  0  81  81  81  0  81  0  81  0  81  0  81  81  81  81  81  81  0  81  0  0  81  81  81  0  81  81  0  81  81  81  81  81  0  0  81  0  81  0  81  81  81  81  81  0  0  0  81  81  

0  81  81  0  0  0  81  81  0  0  0  81  81  0  0  81  81  81  0  0  81  0  81  81  81  81  81  81  81  81  81  81  81  81  81  81  81  0  0  81  81  81  0  81  81  81  81  81  0  0  0  0  0  0  81  0  81  81  81  81  81  81  81  81  81  81  81  0  81  81  0  81  0  81  0  81  81  81  0  81  

81  81  81  81  0  0  0  0  0  81  81  81  0  81  81  81  81  81  0  81  81  0  0  81  81  81  81  0  0  0  0  81  81  0  81  81  0  0  81  0  81  81  81  81  81  0  81  0  81  0  0  0  0  0  0  81  0  81  81  0  81  0  81  81  81  0  81  0  0  81  0  81  0  81  81  0  0  81  81  81  

0  81  81  81  81  81  81  81  81  81  0  81  81  81  81  81  81  0  0  0  0  0  0  0  81  81  81  81  0  81  81  0  81  0  81  81  0  81  81  81  0  0  0  0  0  81  81  0  81  0  0  81  0  81  0  0  0  81  81  0  81  0  81  81  0  0  81  0  81  81  0  0  81  81  0  0  81  0  0  0  

81  81  0  81  81  81  81  0  81  81  81  0  81  81  81  0  0  81  81  0  81  81  81  0  81  0  81  81  81  81  0  0  81  0  0  81  0  0  0  81  81  81  81  0  81  81  0  81  0  0  81  81  81  0  81  81  81  0  81  81  0  0  0  0  81  0  0  81  0  81  0  0  81  81  81  81  0  0  0  81  

81  81  81  81  0  81  81  81  81  81  81  81  81  81  81  81  81  0  0  81  81  0  81  81  81  0  0  81  81  81  0  81  0  81  0  81  81  0  81  81  81  81  0  81  0  0  81  81  0  81  81  81  81  0  81  81  0  0  81  81  81  81  81  81  0  0  81  0  0  0  81  81  81  0  81  81  81  81  81  81  

0  0  0  0  81  81  81  0  0  81  0  0  81  0  81  0  81  81  0  81  0  0  81  0  81  0  81  81  81  81  81  81  81  0  81  81  0  0  0  81  81  81  81  0  0  81  0  81  0  81  81  81  0  0  81  81  81  0  81  81  0  81  81  81  0  81  81  0  81  81  0  81  81  81  0  81  81  81  81  81  

81  0  0  81  81  0  0  0  0  81  81  81  0  0  81  81  0  0  81  0  0  81  81  0  81  0  81  0  0  81  81  0  81  0  81  81  0  0  81  81  0  0  0  0  81  81  81  81  81  81  81  0  81  81  81  81  81  0  81  81  0  81  81  0  0  81  81  0  0  0  81  81  0  81  81  0  81  0  81  81  

81  81  0  81  81  0  81  81  81  81  81  81  0  0  0  0  81  81  81  81  0  81  0  0  81  81  0  0  81  81  0  81  81  81  81  81  0  0  0  81  81  0  0  0  81  0  81  81  0  81  0  0  0  81  81  0  81  0  0  81  81  81  0  81  0  0  81  0  0  81  0  0  0  81  0  0  0  81  81  0  

0  0  0  0  81  81  81  81  81  81  81  0  81  81  81  81  81  81  0  81  81  81  0  81  81  81  81  81  0  81  81  81  81  81  81  81  0  81  81  0  81  81  81  0  81  0  0  81  0  81  81  81  81  81  81  0  81  81  81  81  0  81  81  0  0  81  0  81  0  0  0  0  81  0  81  81  81  0  81  81  

81  81  81  0  81  0  0  81  81  81  0  81  0  0  81  81  0  0  81  0  0  81  81  81  81  0  0  0  81  0  0  81  81  81  0  81  81  0  0  0  0  0  0  81  0  81  0  81  81  0  81  0  81  81  81  0  81  81  0  0  0  81  81  0  0  0  81  81  0  0  81  0  81  81  81  0  81  0  0  0  

0  81  0  0  81  0  0  81  0  81  81  0  0  0  81  0  0  81  81  81  81  0  81  81  81  81  81  0  0  81  81  81  81  0  81  0  81  0  81  81  81  0  81  81  81  0  0  0  0  0  81  81  81  0  81  0  0  0  81  0  81  81  81  0  81  0  0  81  81  81  81  81  81  81  81  0  81  0  81  81  

0  81  0  81  81  0  0  81  81  0  0  81  0  0  81  0  0  81  81  81  81  81  0  0  81  81  81  81  81  81  81  81  81  81  0  81  0  0  0  81  81  0  81  81  0  0  81  81  0  81  0  0  81  81  81  81  0  0  81  81  0  81  81  81  81  81  0  81  81  0  81  0  0  81  0  0  81  81  81  0  

0  81  81  81  81  81  81  81  81  81  81  0  0  0  81  81  81  0  81  0  0  81  0  81  81  0  0  0  81  0  0  0  0  81  81  0  81  0  81  0  81  0  81  0  0  0  0  81  0  81  0  81  81  0  81  81  81  0  0  0  81  81  81  81  0  81  0  81  81  81  0  81  81  81  81  81  0  0  81  81  

0  81  0  81  0  0  81  0  81  0  0  81  81  81  0  0  81  0  81  0  81  81  0  0  0  0  81  0  0  0  0  0  81  0  0  0  0  81  81  81  0  81  81  81  0  81  81  0  81  0  0  0  81  81  0  0  0  81  0  0  0  0  81  0  0  0  0  81  81  81  0  81  81  81  81  81  81  0  81  0  

81  0  0  0  81  81  81  0  0  0  81  81  0  0  0  81  81  81  0  81  0  0  0  81  0  81  81  0  81  0  81  0  81  0  81  0  81  81  81  81  81  0  0  0  81  0  0  0  0  0  81  81  81  81  81  81  0  81  0  81  81  0  81  0  0  0  0  0  0  81  0  81  81  81  0  81  81  0  81  81  

81  81  0  81  81  81  81  0  81  81  0  0  0  0  81  0  81  0  81  81  0  81  81  0  81  0  81  81  81  81  81  81  0  0  81  81  0  81  81  81  81  81  0  81  0  81  0  0  0  0  81  81  0  81  0  81  81  81  81  81  0  81  0  81  0  0  81  81  81  81  0  0  81  81  81  81  81  81  0  0  

81  0  0  81  0  81  0  0  0  81  0  0  0  81  81  81  81  0  0  0  0  81  81  81  81  81  0  81  81  81  0  81  81  0  81  81  81  0  81  81  81  81  81  81  81  81  0  0  81  0  81  0  0  81  0  81  0  0  0  81  81  0  81  0  0  81  81  0  0  0  81  0  81  81  81  0  81  81  81  0  

81  81  0  81  0  81  0  0  81  81  81  0  0  81  0  0  81  0  81  81  81  81  0  0  81  81  0  81  81  81  0  0  81  0  0  0  0  81  0  81  81  81  0  81  0  0  0  81  0  81  81  81  81  0  81  0  81  81  0  0  81  81  81  0  0  81  81  81  81  0  0  81  81  81  81  81  0  81  81  0  

81  0  81  0  81  0  81  0  0  0  81  81  0  0  81  81  81  0  81  81  0  0  81  81  0  81  0  81  0  81  0  0  81  0  81  81  81  81  0  0  81  0  81  81  0  0  81  0  81  81  81  81  81  81  81  81  0  81  81  81  81  81  81  81  81  81  81  81  0  81  0  81  81  81  81  0  81  81  81  0  

81  81  81  0  0  81  81  0  0  81  81  81  81  81  0  0  0  81  81  0  0  0  0  81  81  81  0  0  81  0  0  0  0  81  81  81  0  81  0  81  81  81  81  81  0  0  0  81  81  81  0  81  81  81  0  0  0  0  0  81  0  0  81  0  0  81  81  81  81  81  81  81  0  0  81  81  0  81  0  0  

81  0  81  81  81  81  0  81  0  0  81  81  0  81  0  81  81  0  81  0  0  0  81  81  81  81  0  81  0  0  81  81  81  0  81  0  0  0  81  0  81  0  0  0  81  81  81  0  0  0  81  0  0  81  0  81  81  81  81  81  0  81  0  81  81  0  81  0  0  81  0  81  81  81  0  0  81  81  81  0  

81  81  0  81  81  0  81  81  0  81  81  81  0  81  81  0  81  0  81  81  81  81  81  81  81  0  81  81  0  81  81  0  0  81  0  0  0  81  0  81  81  0  0  0  81  81  81  0  0  0  81  81  81  81  0  0  0  81  81  81  0  0  0  0  0  81  81  81  0  0  81  81  81  81  81  0  81  81  81  0  

81  81  0  81  0  0  81  0  0  0  0  0  81  0  81  81  81  0  81  81  81  0  0  81  81  81  81  0  81  0  81  81  0  0  0  81  0  81  0  0  0  0  81  0  81  81  81  0  0  81  0  81  81  81  81  81  0  81  0  81  81  81  81  0  0  81  81  81  81  81  0  81  0  0  81  0  0  0  81  81  

0  0  0  0  0  81  81  81  81  81  81  81  0  81  81  0  81  0  81  81  81  81  0  81  81  0  0  81  81  81  81  81  81  81  0  81  81  0  0  0  0  81  0  81  0  0  0  81  81  0  81  81  81  0  81  81  81  81  0  0  81  81  81  81  0  81  81  81  81  0  81  0  81  0  81  0  81  81  0  81  

81  0  0  81  0  0  0  0  81  0  81  0  0  0  81  81  81  81  81  0  81  81  81  0  0  81  81  0  0  0  81  0  0  81  0  0  0  81  0  0  81  0  81  81  0  0  0  81  81  0  0  0  81  81  81  0  0  0  0  81  81  81  81  0  81  0  81  81  81  81  81  81  0  81  81  81  81  81  81  81  

81  81  81  81  0  0  81  81  81  81  0  81  0  81  81  0  0  81  0  81  81  0  0  81  0  0  0  0  81  81  81  81  81  0  0  81  81  0  0  0  0  81  81  81  0  0  81  0  0  81  0  0  81  0  81  81  81  0  81  0  81  81  81  81  0  81  0  81  0  81  81  81  81  81  81  81  0  0  81  0  

81  81  0  0  0  81  81  81  81  0  0  0  81  0  81  81  81  0  0  0  0  0  81  0  0  0  0  81  81  81  81  0  81  81  81  0  0  0  81  81  81  81  81  0  81  81  0  81  0  0  81  81  81  81  0  81  81  0  81  81  81  81  81  81  81  81  81  0  81  81  0  81  81  81  0  0  81  81  0  0  

81  0  81  0  81  81  0  81  0  0  0  0  0  81  81  81  81  81  81  81  81  81  81  0  0  0  81  81  81  81  0  0  81  0  81  0  81  0  81  81  0  81  81  81  0  81  81  81  0  0  81  81  0  81  81  0  0  81  81  0  0  0  81  0  81  81  0  81  81  81  81  81  0  81  0  81  0  0  81  81  

0  81  81  0  81  0  81  0  81  81  0  81  0  81  81  81  0  81  81  81  81  81  0  81  0  0  0  81  81  0  81  0  81  81  81  81  81  81  81  0  0  81  81  81  0  81  81  81  81  81  81  0  81  81  81  0  81  0  0  81  0  0  81  81  81  81  81  81  0  81  81  0  81  0  81  81  0  0  0  0  

0  81  0  81  81  81  81  81  81  81  81  0  0  81  0  81  81  81  81  0  81  0  81  81  0  0  81  0  0  0  81  81  81  81  0  81  0  81  81  81  81  0  81  81  81  81  81  0  81  0  81  81  81  81  81  0  81  81  81  0  0  81  81  81  81  0  0  0  81  0  81  81  0  0  0  81  0  0  0  0  

81  0  81  81  81  0  0  81  0  81  81  81  81  0  0  81  0  81  0  0  81  0  81  81  81  0  0  81  81  81  81  81  81  81  81  81  81  0  81  0  0  81  81  0  0  0  81  81  81  81  0  81  81  81  81  81  0  81  81  0  81  0  81  0  0  81  81  0  81  81  81  0  81  81  0  0  81  81  0  81  

81  0  0  81  0  0  0  81  81  81  81  0  0  81  81  81  81  0  81  0  81  0  81  0  0  81  0  81  81  81  81  0  0  0  0  81  81  0  81  81  81  0  81  0  81  0  81  81  0  81  81  0  0  0  81  81  0  81  81  0  0  0  81  81  0  0  0  81  81  81  0  0  0  0  81  0  0  81  0  81  

81  0  81  81  81  0  81  81  81  0  81  81  81  81  0  81  81  81  0  81  0  81  81  81  81  0  0  81  0  81  81  81  81  81  0  0  81  0  0  81  0  81  0  0  81  0  0  81  0  81  81  0  81  81  0  0  81  0  81  81  81  81  0  0  0  81  81  81  0  81  0  0  81  0  0  0  81  0  81  81  

81  81  81  81  81  0  81  81  81  81  81  81  81  81  81  81  0  81  81  81  81  81  81  81  81  81  81  0  0  0  0  0  81  81  0  0  0  81  81  81  0  81  81  0  81  81  81  81  0  0  0  81  0  81  81  81  0  81  81  81  81  81  0  0  0  0  0  81  81  0  0  0  0  81  0  81  0  0  81  0  

0  0  81  0  81  0  81  81  81  81  0  81  0  0  81  81  81  81  0  81  81  81  81  0  81  81  81  81  81  81  81  0  81  0  81  81  0  0  0  81  0  0  81  0  81  81  0  0  0  81  81  81  0  81  81  81  81  81  81  0  81  0  81  81  0  0  81  0  0  0  81  81  81  0  81  81  0  0  0  81  

81  0  81  81  0  0  81  81  81  81  81  0  0  81  81  81  81  0  81  81  0  81  81  81  81  0  0  81  81  81  81  81  81  0  0  81  0  0  81  81  81  0  81  81  81  81  81  0  81  0  81  0  81  0  0  0  81  81  0  81  0  81  81  81  81  0  81  81  81  81  81  81  81  0  0  81  81  81  0  81  

0  81  81  81  81  81  81  81  81  81  0  81  81  81  81  81  81  0  81  81  0  81  0  81  81  81  81  0  81  0  0  81  0  0  81  0  81  0  81  0  81  81  81  0  0  0  81  81  81  81  81  0  0  0  81  0  81  81  81  0  81  81  81  0  81  0  0  81  81  81  81  0  81  0  81  81  81  0  81  81  

0  81  81  81  0  0  0  0  81  81  0  0  0  81  81  81  81  81  81  81  0  0  81  81  81  0  0  0  81  81  81  81  81  81  81  81  81  0  0  81  0  81  81  0  81  0  81  81  81  81  81  0  0  81  0  0  81  81  0  81  81  81  0  81  0  81  0  81  81  81  0  0  81  81  0  81  81  0  0  0  

0  0  81  81  0  81  81  0  81  0  0  81  81  81  81  81  0  0  81  0  81  81  81  81  81  81  81  0  81  81  81  0  81  81  81  81  81  81  81  0  81  81  81  81  0  0  81  81  81  81  81  81  81  81  81  81  0  0  81  81  81  0  81  0  0  81  81  0  81  81  81  0  81  81  81  81  81  0  81  0  

81  81  0  0  0  0  81  0  81  0  0  0  0  0  81  0  81  81  81  81  0  81  81  81  81  81  81  0  81  81  0  81  0  0  0  81  81  0  0  81  0  0  81  0  81  0  0  81  0  81  81  0  81  81  0  81  0  0  81  81  0  81  0  81  81  0  0  81  81  0  0  0  81  81  81  0  81  0  81  81  

0  81  81  0  0  81  0  81  81  81  0  0  81  81  0  0  81  81  81  0  81  81  81  0  81  81  0  81  0  0  0  0  0  0  81  81  0  0  0  0  0  0  81  0  81  0  0  0  81  0  81  81  81  81  0  0  0  0  0  81  81  0  0  81  81  0  0  0  81  81  81  81  0  81  81  81  81  81  0  81  

0  81  0  81  81  81  81  81  81  81  0  81  81  81  0  81  81  0  0  0  0  81  81  0  81  0  0  0  0  81  81  0  81  0  0  81  81  0  0  0  81  81  81  81  0  81  81  81  0  81  81  81  81  0  81  0  81  0  0  0  0  81  81  0  0  81  0  81  0  0  81  0  81  0  0  81  81  0  81  81  

0  81  81  0  81  0  81  0  81  81  0  0  0  81  81  81  81  0  81  81  0  0  0  81  81  81  81  0  81  81  81  81  0  81  0  0  0  0  0  81  81  81  81  81  81  81  81  81  81  0  81  0  81  0  81  0  81  0  81  81  0  0  81  0  0  0  81  81  0  0  81  0  0  81  0  81  81  0  81  81  

0  0  81  81  0  0  81  0  81  81  0  0  0  81  0  81  81  81  81  81  81  81  0  0  0  0  0  81  0  0  0  0  81  81  81  81  81  81  0  81  0  81  81  81  0  81  81  81  81  81  0  81  81  0  0  81  81  81  0  81  81  81  0  81  0  81  81  81  81  81  81  81  81  0  0  0  0  81  0  0  

81  81  0  81  81  0  0  0  81  81  0  81  81  0  81  81  81  81  81  0  81  81  81  81  81  0  81  0  0  81  0  0  0  0  81  81  81  81  0  81  0  81  0  81  0  0  81  81  81  0  81  81  0  81  81  81  0  81  0  81  81  81  81  81  81  0  0  81  81  0  81  81  0  81  81  0  0  81  81  0  

81  81  81  0  81  81  81  0  81  81  81  81  81  81  81  0  0  81  81  81  0  0  81  0  81  81  81  81  0  81  0  81  0  0  81  0  81  81  81  81  0  0  81  81  81  0  81  0  81  81  81  81  81  0  81  81  81  0  0  81  81  81  81  0  81  0  0  81  0  81  0  0  81  0  81  81  81  0  81  0  

0  81  81  0  0  81  81  0  0  0  0  0  81  0  81  81  81  81  81  0  81  81  81  81  0  0  0  0  81  0  81  0  0  81  81  81  0  0  0  0  81  0  0  81  0  81  0  81  81  81  0  81  81  81  81  0  0  0  81  81  81  0  81  0  81  81  81  81  81  0  81  81  81  81  81  81  81  81  81  0  

81  81  81  0  81  81  0  81  81  0  81  81  0  81  81  0  0  81  81  81  0  81  81  81  81  81  0  0  81  81  81  0  0  0  81  0  81  81  81  0  0  81  81  81  81  81  81  0  81  81  81  81  0  81  0  0  0  0  81  81  0  0  0  0  81  0  0  81  81  0  81  81  0  0  0  0  81  0  0  81  

0  0  81  0  81  81  0  81  81  0  81  81  81  0  0  81  0  0  0  81  81  0  0  81  0  0  81  81  81  81  0  0  81  81  81  0  81  81  81  81  81  81  81  0  81  81  0  81  0  81  81  0  81  0  81  0  81  0  81  81  81  81  81  81  0  81  0  81  0  81  81  0  81  81  0  81  0  81  81  81  

81  81  0  81  0  0  0  0  0  0  0  81  0  0  81  81  81  81  81  81  0  81  81  81  81  81  81  81  0  81  81  81  0  81  81  81  81  81  81  81  81  81  81  0  81  81  0  0  81  81  81  81  0  0  81  0  0  81  0  0  0  81  81  81  81  0  81  0  81  0  81  0  81  81  0  81  81  81  81  81  

0  0  0  81  81  0  81  0  81  0  0  0  81  0  0  0  0  81  81  81  0  81  81  81  0  81  0  81  81  0  81  0  81  81  81  0  81  81  0  81  81  81  81  81  0  81  81  81  81  81  0  0  81  0  0  81  0  0  81  0  81  0  81  81  81  0  0  0  81  81  81  0  0  0  81  81  0  0  81  0  

81  81  0  81  81  81  81  0  81  81  0  0  0  81  0  81  0  0  81  81  0  81  81  0  81  0  0  81  81  81  0  0  81  0  0  0  81  81  81  81  0  81  0  81  0  0  0  0  81  81  0  81  81  81  0  0  0  81  81  81  81  81  81  0  81  81  81  0  0  81  81  0  81  81  81  81  81  0  81  81  

81  0  81  81  0  81  81  81  0  81  81  0  0  81  81  0  81  0  81  0  81  0  81  0  81  0  81  0  81  81  81  0  81  81  81  81  0  81  81  81  81  0  81  0  81  81  0  81  81  0  81  0  0  0  81  0  81  0  0  81  81  81  81  81  81  81  81  0  0  81  81  81  0  81  0  81  81  0  0  0  

81  81  81  81  0  0  0  81  0  0  81  0  0  81  81  0  81  0  0  81  0  0  0  0  81  81  0  0  81  81  0  81  0  0  0  81  0  0  0  81  81  81  81  81  81  81  0  81  81  0  81  0  0  0  81  81  0  0  0  81  0  0  0  0  81  0  0  81  81  0  81  0  81  81  0  0  0  81  81  0  

0  0  0  0  81  81  81  81  81  0  0  81  81  81  81  0  0  81  81  0  0  0  0  81  0  81  0  0  81  81  81  81  81  0  81  81  81  81  81  0  81  81  81  0  81  81  81  0  81  81  0  81  0  0  0  0  81  81  0  0  81  0  81  81  0  81  81  0  81  81  81  0  81  81  81  81  0  81  81  81  

0  81  81  81  81  81  81  0  81  81  81  0  0  0  81  0  0  81  0  0  81  0  0  81  81  81  0  81  81  81  81  0  81  0  81  0  81  0  81  0  0  0  0  0  0  0  81  81  81  0  0  81  0  0  81  81  81  0  81  81  81  0  0  81  81  81  81  0  0  0  0  81  81  81  0  81  0  0  81  81  

UnPairedArc=
1 4 
1 7 
1 8 
1 9 
1 11 
1 12 
1 14 
1 15 
1 17 
1 20 
1 21 
1 22 
1 23 
1 24 
1 26 
1 28 
1 29 
1 31 
1 32 
1 34 
1 39 
1 40 
1 41 
1 42 
1 43 
1 44 
1 45 
1 46 
1 47 
1 49 
1 50 
1 51 
1 52 
1 55 
1 56 
1 57 
1 58 
1 60 
1 64 
1 69 
1 70 
1 72 
1 74 
1 76 
1 77 
1 78 
2 5 
2 6 
2 7 
2 12 
2 13 
2 14 
2 16 
2 17 
2 18 
2 19 
2 20 
2 21 
2 24 
2 25 
2 26 
2 27 
2 28 
2 29 
2 32 
2 34 
2 35 
2 36 
2 37 
2 38 
2 40 
2 42 
2 44 
2 46 
2 47 
2 50 
2 51 
2 53 
2 54 
2 58 
2 61 
2 62 
2 64 
2 65 
2 66 
2 67 
2 69 
2 70 
2 71 
2 72 
2 74 
2 76 
2 78 
2 80 
3 5 
3 8 
3 10 
3 11 
3 12 
3 13 
3 15 
3 16 
3 18 
3 19 
3 20 
3 23 
3 24 
3 25 
3 26 
3 27 
3 29 
3 34 
3 37 
3 43 
3 44 
3 45 
3 50 
3 52 
3 53 
3 55 
3 57 
3 58 
3 59 
3 60 
3 61 
3 62 
3 63 
3 65 
3 67 
3 68 
3 70 
3 71 
3 72 
3 73 
3 77 
3 78 
3 80 
4 8 
4 9 
4 10 
4 11 
4 12 
4 13 
4 15 
4 16 
4 18 
4 19 
4 20 
4 23 
4 24 
4 26 
4 27 
4 28 
4 29 
4 31 
4 32 
4 36 
4 37 
4 38 
4 40 
4 41 
4 42 
4 45 
4 46 
4 47 
4 49 
4 50 
4 54 
4 55 
4 56 
4 57 
4 58 
4 60 
4 61 
4 62 
4 63 
4 66 
4 68 
4 69 
4 74 
4 75 
4 76 
4 77 
4 78 
4 80 
5 8 
5 10 
5 11 
5 14 
5 15 
5 16 
5 20 
5 21 
5 22 
5 23 
5 27 
5 28 
5 30 
5 31 
5 32 
5 33 
5 34 
5 35 
5 36 
5 37 
5 39 
5 40 
5 43 
5 45 
5 46 
5 52 
5 53 
5 54 
5 55 
5 57 
5 58 
5 59 
5 61 
5 66 
5 67 
5 69 
5 70 
5 72 
5 73 
5 75 
5 76 
5 79 
5 80 
6 8 
6 9 
6 12 
6 13 
6 16 
6 18 
6 21 
6 22 
6 27 
6 28 
6 29 
6 30 
6 33 
6 37 
6 39 
6 40 
6 41 
6 42 
6 44 
6 45 
6 48 
6 51 
6 52 
6 54 
6 61 
6 63 
6 65 
6 66 
6 70 
6 71 
6 72 
6 73 
6 76 
6 77 
6 79 
6 80 
7 8 
7 9 
7 13 
7 15 
7 17 
7 18 
7 20 
7 21 
7 22 
7 24 
7 25 
7 27 
7 28 
7 29 
7 30 
7 32 
7 33 
7 37 
7 38 
7 39 
7 40 
7 43 
7 44 
7 46 
7 47 
7 48 
7 50 
7 51 
7 53 
7 54 
7 57 
7 58 
7 59 
7 60 
7 61 
7 63 
7 64 
7 66 
7 67 
7 68 
7 70 
7 71 
7 75 
7 76 
7 77 
7 79 
7 80 
8 11 
8 12 
8 13 
8 16 
8 18 
8 21 
8 22 
8 24 
8 25 
8 27 
8 29 
8 32 
8 33 
8 34 
8 35 
8 36 
8 37 
8 45 
8 46 
8 48 
8 50 
8 51 
8 52 
8 54 
8 55 
8 56 
8 57 
8 58 
8 59 
8 60 
8 61 
8 65 
8 66 
8 72 
8 73 
8 77 
8 78 
8 79 
9 10 
9 11 
9 12 
9 13 
9 14 
9 16 
9 18 
9 19 
9 20 
9 21 
9 23 
9 27 
9 28 
9 29 
9 32 
9 33 
9 34 
9 36 
9 37 
9 38 
9 40 
9 42 
9 48 
9 49 
9 50 
9 51 
9 53 
9 54 
9 56 
9 57 
9 58 
9 59 
9 60 
9 61 
9 62 
9 63 
9 64 
9 65 
9 66 
9 67 
9 68 
9 69 
9 70 
9 72 
9 73 
9 75 
9 76 
9 79 
9 80 
10 11 
10 12 
10 14 
10 15 
10 16 
10 18 
10 20 
10 22 
10 23 
10 24 
10 26 
10 27 
10 28 
10 29 
10 30 
10 31 
10 32 
10 33 
10 34 
10 35 
10 37 
10 40 
10 41 
10 42 
10 44 
10 46 
10 48 
10 50 
10 53 
10 54 
10 55 
10 56 
10 58 
10 59 
10 60 
10 61 
10 62 
10 65 
10 66 
10 67 
10 68 
10 69 
10 70 
10 76 
10 77 
10 80 
11 12 
11 13 
11 15 
11 16 
11 19 
11 21 
11 22 
11 24 
11 26 
11 28 
11 29 
11 31 
11 32 
11 33 
11 35 
11 37 
11 39 
11 42 
11 43 
11 44 
11 45 
11 46 
11 48 
11 49 
11 54 
11 55 
11 56 
11 57 
11 58 
11 60 
11 70 
11 72 
11 73 
11 77 
11 78 
11 80 
12 14 
12 15 
12 16 
12 18 
12 22 
12 23 
12 24 
12 25 
12 26 
12 27 
12 29 
12 31 
12 32 
12 34 
12 36 
12 38 
12 39 
12 43 
12 44 
12 45 
12 46 
12 48 
12 50 
12 53 
12 55 
12 57 
12 58 
12 59 
12 61 
12 63 
12 66 
12 69 
12 70 
12 72 
12 73 
12 74 
12 79 
13 16 
13 18 
13 20 
13 22 
13 24 
13 25 
13 27 
13 28 
13 29 
13 30 
13 33 
13 38 
13 44 
13 47 
13 51 
13 55 
13 57 
13 58 
13 61 
13 63 
13 65 
13 66 
13 69 
13 70 
13 71 
13 73 
13 75 
13 79 
14 15 
14 17 
14 18 
14 21 
14 22 
14 23 
14 26 
14 27 
14 28 
14 29 
14 33 
14 38 
14 41 
14 42 
14 44 
14 45 
14 46 
14 48 
14 50 
14 52 
14 53 
14 54 
14 56 
14 57 
14 58 
14 60 
14 61 
14 62 
14 63 
14 65 
14 66 
14 67 
14 68 
14 70 
14 72 
14 76 
14 77 
14 78 
14 79 
15 20 
15 21 
15 22 
15 23 
15 24 
15 26 
15 27 
15 28 
15 29 
15 30 
15 31 
15 33 
15 34 
15 35 
15 36 
15 37 
15 40 
15 41 
15 43 
15 46 
15 47 
15 48 
15 49 
15 50 
15 51 
15 52 
15 53 
15 56 
15 58 
15 59 
15 60 
15 61 
15 62 
15 63 
15 64 
15 67 
15 69 
15 70 
15 71 
15 72 
15 74 
15 77 
15 78 
15 79 
15 80 
16 17 
16 18 
16 20 
16 23 
16 24 
16 25 
16 26 
16 27 
16 29 
16 31 
16 33 
16 34 
16 37 
16 39 
16 41 
16 43 
16 45 
16 47 
16 49 
16 51 
16 52 
16 53 
16 54 
16 55 
16 56 
16 57 
16 58 
16 59 
16 60 
16 61 
16 62 
16 63 
16 66 
16 67 
16 68 
16 69 
16 71 
16 73 
16 74 
16 76 
17 18 
17 20 
17 25 
17 26 
17 27 
17 29 
17 30 
17 32 
17 33 
17 37 
17 38 
17 39 
17 40 
17 41 
17 42 
17 43 
17 45 
17 46 
17 47 
17 48 
17 49 
17 51 
17 52 
17 54 
17 56 
17 57 
17 59 
17 60 
17 61 
17 62 
17 64 
17 65 
17 66 
17 67 
17 68 
17 69 
17 71 
17 74 
17 77 
17 78 
18 20 
18 21 
18 23 
18 24 
18 25 
18 26 
18 28 
18 30 
18 32 
18 33 
18 35 
18 36 
18 39 
18 44 
18 49 
18 50 
18 52 
18 53 
18 54 
18 55 
18 57 
18 58 
18 59 
18 62 
18 64 
18 65 
18 68 
18 69 
18 70 
18 71 
18 72 
18 74 
18 75 
18 79 
18 80 
19 20 
19 22 
19 23 
19 28 
19 31 
19 32 
19 34 
19 35 
19 36 
19 37 
19 38 
19 40 
19 42 
19 43 
19 44 
19 45 
19 46 
19 47 
19 48 
19 49 
19 52 
19 53 
19 54 
19 56 
19 58 
19 60 
19 61 
19 62 
19 63 
19 64 
19 65 
19 67 
19 68 
19 69 
19 70 
19 71 
19 72 
19 74 
19 75 
19 76 
19 77 
19 79 
20 21 
20 26 
20 29 
20 30 
20 32 
20 33 
20 35 
20 36 
20 39 
20 40 
20 42 
20 43 
20 46 
20 47 
20 48 
20 50 
20 52 
20 53 
20 57 
20 58 
20 59 
20 60 
20 61 
20 62 
20 64 
20 67 
20 68 
20 70 
20 72 
20 73 
20 74 
20 75 
20 76 
20 78 
21 22 
21 23 
21 24 
21 25 
21 26 
21 28 
21 29 
21 33 
21 35 
21 36 
21 38 
21 42 
21 46 
21 47 
21 48 
21 49 
21 50 
21 52 
21 53 
21 54 
21 55 
21 56 
21 58 
21 59 
21 63 
21 65 
21 68 
21 69 
21 71 
21 73 
21 77 
21 80 
22 23 
22 24 
22 28 
22 31 
22 32 
22 33 
22 34 
22 36 
22 37 
22 38 
22 40 
22 41 
22 42 
22 46 
22 48 
22 49 
22 52 
22 53 
22 57 
22 58 
22 59 
22 60 
22 61 
22 63 
22 64 
22 65 
22 66 
22 68 
22 69 
22 71 
22 72 
22 74 
22 75 
22 76 
23 24 
23 25 
23 28 
23 29 
23 30 
23 31 
23 34 
23 35 
23 40 
23 41 
23 43 
23 45 
23 46 
23 49 
23 51 
23 52 
23 54 
23 55 
23 56 
23 57 
23 58 
23 59 
23 60 
23 62 
23 63 
23 64 
23 65 
23 66 
23 69 
23 70 
23 71 
23 72 
23 74 
23 75 
23 76 
23 77 
24 25 
24 26 
24 29 
24 33 
24 34 
24 35 
24 37 
24 39 
24 41 
24 43 
24 44 
24 45 
24 46 
24 47 
24 48 
24 50 
24 53 
24 54 
24 55 
24 57 
24 58 
24 60 
24 61 
24 62 
24 63 
24 64 
24 67 
24 69 
24 71 
24 72 
24 73 
24 74 
24 75 
24 79 
24 80 
25 26 
25 27 
25 28 
25 29 
25 30 
25 31 
25 32 
25 33 
25 34 
25 35 
25 36 
25 37 
25 40 
25 41 
25 42 
25 44 
25 45 
25 46 
25 47 
25 48 
25 55 
25 57 
25 58 
25 59 
25 60 
25 61 
25 62 
25 63 
25 64 
25 65 
25 66 
25 67 
25 69 
25 70 
25 72 
25 74 
25 76 
25 77 
25 78 
25 80 
26 27 
26 32 
26 33 
26 35 
26 36 
26 39 
26 41 
26 42 
26 43 
26 44 
26 45 
26 47 
26 49 
26 56 
26 58 
26 59 
26 61 
26 63 
26 64 
26 65 
26 67 
26 70 
26 72 
26 74 
26 75 
26 78 
26 79 
26 80 
27 28 
27 30 
27 31 
27 33 
27 35 
27 36 
27 38 
27 39 
27 40 
27 46 
27 47 
27 49 
27 52 
27 54 
27 58 
27 59 
27 61 
27 63 
27 64 
27 67 
27 69 
27 70 
27 73 
27 74 
27 77 
28 29 
28 30 
28 33 
28 36 
28 40 
28 41 
28 42 
28 43 
28 45 
28 46 
28 48 
28 51 
28 52 
28 53 
28 55 
28 56 
28 57 
28 59 
28 60 
28 65 
28 68 
28 70 
28 73 
28 74 
28 75 
28 76 
28 80 
29 30 
29 32 
29 34 
29 36 
29 37 
29 39 
29 40 
29 41 
29 42 
29 44 
29 47 
29 48 
29 50 
29 51 
29 52 
29 53 
29 55 
29 56 
29 59 
29 60 
29 61 
29 62 
29 63 
29 64 
29 67 
29 71 
29 72 
29 73 
29 75 
29 76 
29 77 
29 78 
29 79 
29 80 
30 31 
30 32 
30 33 
30 35 
30 36 
30 40 
30 41 
30 42 
30 43 
30 46 
30 48 
30 50 
30 51 
30 52 
30 55 
30 56 
30 57 
30 59 
30 60 
30 62 
30 63 
30 64 
30 66 
30 67 
30 69 
30 70 
30 72 
30 73 
30 74 
30 76 
30 77 
30 78 
30 79 
30 80 
31 33 
31 35 
31 36 
31 39 
31 40 
31 45 
31 46 
31 47 
31 48 
31 49 
31 50 
31 51 
31 53 
31 54 
31 55 
31 56 
31 57 
31 59 
31 60 
31 62 
31 63 
31 66 
31 67 
31 71 
31 72 
31 74 
31 75 
31 77 
31 79 
31 80 
32 33 
32 34 
32 35 
32 36 
32 40 
32 41 
32 45 
32 47 
32 48 
32 50 
32 54 
32 55 
32 57 
32 60 
32 61 
32 62 
32 64 
32 67 
32 70 
32 74 
32 78 
32 79 
33 34 
33 35 
33 36 
33 38 
33 39 
33 41 
33 42 
33 43 
33 45 
33 48 
33 50 
33 51 
33 52 
33 53 
33 54 
33 55 
33 57 
33 58 
33 59 
33 60 
33 62 
33 63 
33 66 
33 68 
33 73 
33 75 
33 76 
33 77 
33 79 
33 80 
34 36 
34 37 
34 44 
34 46 
34 48 
34 49 
34 51 
34 53 
34 54 
34 55 
34 57 
34 58 
34 62 
34 63 
34 67 
34 68 
34 71 
34 73 
34 74 
34 75 
34 77 
35 37 
35 39 
35 40 
35 41 
35 43 
35 44 
35 45 
35 51 
35 52 
35 53 
35 55 
35 59 
35 61 
35 62 
35 63 
35 65 
35 68 
35 69 
35 70 
35 71 
35 72 
35 73 
35 74 
35 75 
35 77 
35 79 
35 80 
36 40 
36 41 
36 43 
36 44 
36 47 
36 48 
36 50 
36 53 
36 54 
36 55 
36 56 
36 59 
36 60 
36 62 
36 63 
36 64 
36 65 
36 66 
36 68 
36 69 
36 71 
36 74 
36 77 
36 78 
36 79 
37 39 
37 41 
37 43 
37 48 
37 50 
37 52 
37 53 
37 55 
37 56 
37 57 
37 61 
37 62 
37 63 
37 64 
37 66 
37 68 
37 69 
37 70 
37 72 
37 73 
37 74 
37 75 
37 76 
37 79 
37 80 
38 39 
38 40 
38 42 
38 43 
38 44 
38 46 
38 47 
38 49 
38 53 
38 54 
38 58 
38 63 
38 68 
38 69 
38 70 
38 72 
38 73 
38 74 
38 75 
38 76 
38 77 
38 79 
39 40 
39 41 
39 45 
39 51 
39 52 
39 53 
39 54 
39 55 
39 56 
39 58 
39 60 
39 61 
39 63 
39 70 
39 72 
39 73 
39 74 
39 76 
39 77 
39 79 
39 80 
40 41 
40 42 
40 44 
40 46 
40 51 
40 52 
40 54 
40 56 
40 57 
40 58 
40 59 
40 60 
40 62 
40 64 
40 67 
40 68 
40 69 
40 70 
40 73 
40 74 
40 75 
40 76 
40 77 
40 78 
41 42 
41 43 
41 44 
41 45 
41 46 
41 49 
41 51 
41 54 
41 56 
41 60 
41 61 
41 63 
41 66 
41 67 
41 71 
41 73 
41 74 
41 75 
41 77 
41 78 
41 79 
42 44 
42 48 
42 50 
42 51 
42 52 
42 53 
42 55 
42 57 
42 58 
42 61 
42 62 
42 63 
42 66 
42 67 
42 68 
42 69 
42 72 
42 73 
42 74 
42 75 
42 76 
42 78 
42 79 
43 44 
43 47 
43 49 
43 50 
43 51 
43 52 
43 53 
43 54 
43 55 
43 56 
43 58 
43 59 
43 60 
43 61 
43 62 
43 63 
43 64 
43 65 
43 66 
43 67 
43 68 
43 70 
43 72 
43 73 
43 74 
43 75 
43 77 
43 78 
43 79 
44 48 
44 49 
44 50 
44 52 
44 53 
44 54 
44 60 
44 63 
44 66 
44 67 
44 68 
44 69 
44 70 
44 71 
44 72 
44 75 
44 76 
44 78 
45 46 
45 47 
45 51 
45 54 
45 56 
45 57 
45 58 
45 59 
45 60 
45 62 
45 64 
45 65 
45 67 
45 70 
45 72 
45 73 
45 74 
45 77 
45 78 
45 79 
46 47 
46 51 
46 52 
46 53 
46 54 
46 58 
46 59 
46 60 
46 66 
46 67 
46 68 
46 71 
46 72 
46 73 
46 74 
46 75 
46 77 
46 78 
46 79 
47 50 
47 52 
47 53 
47 54 
47 55 
47 56 
47 58 
47 60 
47 61 
47 62 
47 63 
47 66 
47 67 
47 68 
47 69 
47 70 
47 72 
47 75 
47 79 
47 80 
48 49 
48 51 
48 52 
48 53 
48 55 
48 56 
48 57 
48 58 
48 61 
48 62 
48 63 
48 64 
48 66 
48 67 
48 68 
48 69 
48 71 
48 73 
48 75 
48 77 
48 78 
48 80 
49 53 
49 54 
49 55 
49 60 
49 61 
49 62 
49 63 
49 65 
49 67 
49 68 
49 69 
49 70 
49 71 
49 72 
49 74 
49 75 
49 76 
49 77 
49 78 
49 79 
49 80 
50 53 
50 55 
50 56 
50 57 
50 59 
50 61 
50 62 
50 63 
50 64 
50 66 
50 68 
50 70 
50 71 
50 72 
50 73 
50 74 
50 75 
50 76 
50 79 
51 52 
51 53 
51 54 
51 56 
51 57 
51 59 
51 60 
51 61 
51 62 
51 63 
51 64 
51 65 
51 66 
51 67 
51 69 
51 70 
51 72 
51 73 
51 74 
51 77 
51 78 
52 54 
52 55 
52 58 
52 59 
52 63 
52 65 
52 66 
52 68 
52 69 
52 70 
52 71 
52 72 
52 74 
52 76 
52 79 
52 80 
53 54 
53 55 
53 57 
53 60 
53 63 
53 64 
53 65 
53 66 
53 67 
53 68 
53 70 
53 71 
53 73 
53 75 
53 76 
54 55 
54 57 
54 58 
54 59 
54 62 
54 63 
54 64 
54 65 
54 69 
54 71 
54 72 
54 76 
55 56 
55 58 
55 59 
55 61 
55 63 
55 66 
55 67 
55 69 
55 70 
55 71 
55 73 
55 74 
55 77 
55 78 
55 80 
56 58 
56 59 
56 63 
56 64 
56 68 
56 69 
56 70 
56 75 
56 78 
56 80 
57 59 
57 60 
57 61 
57 62 
57 66 
57 67 
57 68 
57 70 
57 73 
57 77 
57 79 
57 80 
58 59 
58 60 
58 61 
58 62 
58 68 
58 69 
58 74 
58 76 
58 79 
59 61 
59 63 
59 64 
59 67 
59 71 
59 72 
59 73 
59 75 
59 76 
59 80 
60 62 
60 63 
60 64 
60 65 
60 67 
60 68 
60 69 
60 70 
60 71 
60 72 
60 73 
60 76 
60 77 
60 78 
60 80 
61 62 
61 63 
61 65 
61 68 
61 69 
61 70 
61 71 
61 73 
61 75 
61 76 
61 77 
61 79 
61 80 
62 64 
62 66 
62 68 
62 69 
62 70 
62 73 
62 74 
62 76 
62 77 
63 66 
63 67 
63 69 
63 70 
63 71 
63 73 
63 74 
63 75 
63 76 
63 77 
63 79 
64 65 
64 68 
64 69 
64 73 
64 74 
64 75 
64 77 
64 79 
64 80 
65 69 
65 70 
65 71 
65 72 
65 74 
65 75 
65 76 
65 77 
65 78 
65 80 
66 68 
66 71 
66 73 
66 76 
66 77 
66 79 
66 80 
67 68 
67 71 
67 74 
67 76 
67 77 
67 79 
67 80 
68 69 
68 70 
68 71 
68 72 
68 73 
68 78 
69 71 
69 72 
69 74 
69 75 
69 78 
69 79 
70 73 
70 75 
70 76 
70 77 
70 79 
71 72 
71 73 
71 74 
71 75 
71 76 
71 77 
71 78 
71 79 
72 77 
72 80 
73 74 
73 76 
73 78 
73 79 
73 80 
74 76 
74 77 
74 78 
74 79 
74 80 
75 76 
75 79 
76 77 
76 79 
76 80 
78 79 
79 80 
