nNodes=60;
 nPairs=514;
Cost=

61  0  0  61  61  0  0  0  0  0  0  61  61  0  0  0  0  0  0  0  0  61  61  0  61  0  0  0  0  0  0  61  0  61  0  61  61  0  61  0  61  0  61  0  0  0  61  61  0  0  61  0  61  0  0  0  61  0  61  0  

0  61  0  0  61  0  61  61  0  0  61  0  0  61  61  61  0  0  0  0  61  0  0  0  0  61  61  0  61  0  0  0  0  0  0  0  61  0  0  61  61  0  0  61  0  61  61  0  0  0  61  0  61  0  0  61  0  61  0  0  

0  0  61  61  61  61  0  0  0  61  0  61  0  61  0  0  0  61  0  0  61  61  0  0  0  61  0  0  0  0  0  0  0  61  0  61  61  0  0  0  61  0  0  61  0  61  61  61  61  0  0  0  61  0  0  0  0  0  0  0  

61  0  61  61  0  0  0  0  0  0  0  61  0  61  0  0  61  0  61  61  0  0  0  0  0  0  0  0  0  0  0  0  0  0  0  0  0  0  61  0  61  0  0  61  0  61  0  0  0  61  0  0  0  0  0  0  0  0  0  0  

61  61  61  0  61  0  0  0  0  61  61  0  61  0  0  0  0  61  0  0  0  0  0  61  0  0  61  0  0  61  61  0  61  0  0  0  0  0  0  0  0  0  0  0  0  0  0  61  61  0  0  0  0  61  0  0  0  61  0  61  

0  0  61  0  0  61  0  61  0  0  0  0  61  0  0  61  0  0  0  61  0  0  0  0  61  0  0  61  0  0  0  61  0  61  0  0  0  0  0  0  0  0  0  0  0  61  61  61  0  61  0  61  0  0  61  61  0  61  0  61  

0  61  0  0  0  0  61  0  61  0  0  0  0  0  0  61  0  0  61  0  0  61  0  0  61  0  61  61  61  0  0  0  0  0  0  0  0  0  0  0  61  0  0  0  0  0  0  0  0  61  0  0  0  0  61  0  0  0  0  0  

0  61  0  0  0  61  0  61  0  0  0  0  0  0  0  0  0  61  0  61  61  61  0  0  0  61  61  0  61  0  0  61  61  0  0  61  0  0  0  0  61  0  0  61  61  0  61  61  0  0  0  0  0  0  0  0  0  61  0  0  

0  0  0  0  0  0  61  0  61  0  0  61  61  0  0  61  0  0  0  0  0  0  0  0  0  61  0  0  61  0  0  0  0  0  0  0  0  0  0  0  0  0  0  61  0  0  0  0  61  0  0  61  61  61  0  61  0  0  0  61  

0  0  61  0  61  0  0  0  0  61  0  0  0  0  0  0  61  0  0  0  0  0  61  0  0  0  0  0  0  0  0  0  0  0  61  0  61  61  61  61  61  0  0  0  0  61  61  0  0  61  0  0  61  0  0  0  0  0  0  61  

0  61  0  0  61  0  0  0  0  0  61  0  61  0  61  61  0  61  61  61  61  0  0  0  61  0  0  61  0  0  0  0  0  0  0  0  0  61  61  0  61  0  0  0  0  0  0  0  0  0  61  61  0  0  61  0  0  61  61  0  

61  0  61  61  0  0  0  0  61  0  0  61  61  0  61  61  0  61  0  0  0  0  0  61  0  0  0  0  0  61  61  0  61  0  0  0  0  0  0  61  61  0  0  0  61  61  61  0  0  61  0  0  61  0  0  0  61  61  0  0  

61  0  0  0  61  61  0  0  61  0  61  61  61  61  61  0  0  0  0  61  0  0  61  61  0  61  0  61  0  61  0  0  0  61  0  0  0  0  0  0  0  61  0  0  61  61  0  0  0  0  61  0  0  0  61  61  0  0  0  0  

0  61  61  61  0  0  0  0  0  0  0  0  61  61  0  0  61  0  0  0  61  0  0  0  0  61  0  0  0  61  0  61  0  0  61  61  0  0  61  0  0  0  0  61  0  0  61  0  0  0  0  61  0  0  0  0  0  0  0  61  

0  61  0  0  0  0  0  0  0  0  61  61  61  0  61  0  0  0  61  0  0  0  61  0  61  0  0  0  0  0  61  61  61  0  61  0  61  0  0  61  0  0  0  61  61  61  0  0  61  61  0  0  0  61  0  0  0  61  0  0  

0  61  0  0  0  61  61  0  61  0  61  61  0  0  0  61  0  0  0  0  0  0  0  0  0  0  0  0  0  0  0  0  0  0  0  61  0  0  61  61  0  0  0  61  0  0  0  0  0  0  0  0  0  0  0  61  0  0  61  0  

0  0  0  61  0  0  0  0  0  61  0  0  0  61  0  0  61  61  61  61  61  0  61  61  0  0  0  0  0  0  0  0  0  0  0  0  0  0  0  0  0  0  0  0  61  0  0  0  0  0  0  0  61  61  61  0  0  61  61  0  

0  0  61  0  61  0  0  61  0  0  61  61  0  0  0  0  61  61  0  61  0  0  0  0  61  0  0  0  0  0  0  61  0  61  0  0  0  0  0  0  0  0  0  0  0  61  0  0  0  61  0  0  61  0  61  0  0  0  0  0  

0  0  0  61  0  0  61  0  0  0  61  0  0  0  61  0  61  0  61  0  0  61  0  0  0  0  0  0  61  0  0  0  61  0  0  0  61  61  0  0  0  61  61  0  0  0  61  61  61  0  0  0  61  61  61  0  0  61  0  61  

0  0  0  61  0  61  0  61  0  0  61  0  61  0  0  0  61  61  0  61  0  61  0  0  0  0  61  0  0  0  61  0  61  0  0  0  0  61  0  0  61  0  61  0  0  0  61  0  0  61  0  0  0  0  0  0  61  0  0  61  

0  61  61  0  0  0  0  61  0  0  61  0  0  61  0  0  61  0  0  0  61  0  0  0  61  0  61  0  0  61  0  0  0  0  0  61  0  0  0  0  0  0  61  0  0  0  0  0  0  0  0  0  61  0  61  0  0  0  0  0  

61  0  61  0  0  0  61  61  0  0  0  0  0  0  0  0  0  0  61  61  0  61  0  0  0  0  0  0  0  61  0  0  61  0  0  0  0  0  61  0  0  61  0  0  0  0  61  0  0  0  0  61  0  0  61  61  0  61  0  61  

61  0  0  0  0  0  0  0  0  61  0  0  61  0  61  0  61  0  0  0  0  0  61  61  61  61  0  61  0  0  61  0  0  0  61  61  61  61  0  0  61  0  61  0  0  0  61  0  0  61  0  61  0  0  0  0  0  0  0  0  

0  0  0  0  61  0  0  0  0  0  0  61  61  0  0  0  61  0  0  0  0  0  61  61  61  0  0  0  0  0  0  61  0  0  61  0  61  0  0  0  0  0  0  0  61  0  0  0  61  0  0  0  0  0  0  0  61  0  61  61  

61  0  0  0  0  61  61  0  0  0  61  0  0  0  61  0  0  61  0  0  61  0  61  61  61  0  61  0  0  61  0  61  0  0  61  0  61  0  0  0  0  0  0  61  0  0  0  61  0  61  0  61  61  0  0  0  0  0  0  61  

0  61  61  0  0  0  0  61  61  0  0  0  61  61  0  0  0  0  0  0  0  0  61  0  0  61  61  0  0  0  0  0  61  61  0  0  0  0  61  61  0  61  0  61  0  0  0  61  0  61  0  0  0  0  0  61  0  0  0  0  

0  61  0  0  61  0  61  61  0  0  0  0  0  0  0  0  0  0  0  61  61  0  0  0  61  61  61  61  0  61  0  0  0  0  61  0  61  0  61  0  0  61  0  0  0  0  61  0  61  0  0  61  61  0  61  61  61  0  0  61  

0  0  0  0  0  61  61  0  0  0  61  0  61  0  0  0  0  0  0  0  0  0  61  0  0  0  61  61  0  0  0  61  61  0  0  61  0  0  0  61  61  61  0  61  0  61  61  61  0  0  0  0  0  61  0  0  0  0  0  0  

0  61  0  0  0  0  61  61  61  0  0  0  0  0  0  0  0  0  61  0  0  0  0  0  0  0  0  0  61  0  0  0  61  0  61  61  61  0  61  0  0  61  61  0  0  0  0  0  61  0  0  61  0  0  61  61  61  61  0  61  

0  0  0  0  61  0  0  0  0  0  0  61  61  61  0  0  0  0  0  0  61  61  0  0  61  0  61  0  0  61  61  0  0  0  0  0  0  61  0  0  0  61  0  61  61  61  61  0  0  0  61  0  0  0  61  0  0  61  61  0  

0  0  0  0  61  0  0  0  0  0  0  61  0  0  61  0  0  0  0  61  0  0  61  0  0  0  0  0  0  61  61  61  0  0  0  0  0  0  0  61  0  0  61  0  0  61  0  61  0  0  0  0  61  61  0  61  0  0  0  0  

61  0  0  0  0  61  0  61  0  0  0  0  0  61  61  0  0  61  0  0  0  0  0  61  61  0  0  61  0  0  61  61  61  0  0  61  0  0  0  0  61  0  61  0  0  0  61  61  61  0  0  0  0  0  0  0  0  0  0  61  

0  0  0  0  61  0  0  61  0  0  0  61  0  0  61  0  0  0  61  61  0  61  0  0  0  61  0  61  61  0  0  61  61  0  61  0  0  0  0  0  0  0  61  0  0  61  0  0  61  0  0  61  0  61  61  0  0  0  0  0  

61  0  61  0  0  61  0  0  0  0  0  0  61  0  0  0  0  61  0  0  0  0  0  0  0  61  0  0  0  0  0  0  0  61  61  0  0  61  61  0  61  0  0  0  0  0  61  61  0  0  0  61  0  61  0  61  61  0  0  0  

0  0  0  0  0  0  0  0  0  61  0  0  0  61  61  0  0  0  0  0  0  0  61  61  61  0  61  0  61  0  0  0  61  61  61  0  0  61  0  0  0  0  61  0  0  61  61  0  0  0  0  61  0  0  0  0  0  61  0  0  

61  0  61  0  0  0  0  61  0  0  0  0  0  61  0  61  0  0  0  0  61  0  61  0  0  0  0  61  61  0  0  61  0  0  0  61  61  0  0  61  61  0  0  0  61  61  0  0  61  0  0  0  0  0  61  0  0  0  0  0  

61  61  61  0  0  0  0  0  0  61  0  0  0  0  61  0  0  0  61  0  0  0  61  61  61  0  61  0  61  0  0  0  0  0  0  61  61  61  0  0  0  0  0  0  0  0  61  0  0  0  0  0  0  0  0  0  0  0  0  61  

0  0  0  0  0  0  0  0  0  61  61  0  0  0  0  0  0  0  61  61  0  0  61  0  0  0  0  0  0  61  0  0  0  61  61  0  61  61  61  61  0  0  0  61  0  0  61  61  61  0  0  0  61  0  61  61  0  61  0  61  

61  0  0  61  0  0  0  0  0  61  61  0  0  61  0  61  0  0  0  0  0  61  0  0  0  61  61  0  61  0  0  0  0  61  0  0  0  61  61  61  0  0  0  0  0  0  0  61  0  0  0  61  0  0  0  0  0  0  0  61  

0  61  0  0  0  0  0  0  0  61  0  61  0  0  61  61  0  0  0  0  0  0  0  0  0  61  0  61  0  0  61  0  0  0  0  61  0  61  61  61  0  0  61  0  0  0  0  61  0  61  0  0  0  61  0  0  0  61  61  0  

61  61  61  61  0  0  61  61  0  61  61  61  0  0  0  0  0  0  0  61  0  0  61  0  0  0  0  61  0  0  0  61  0  61  0  61  0  0  0  0  61  61  61  0  0  0  61  0  0  0  0  61  0  61  61  0  0  61  0  61  

0  0  0  0  0  0  0  0  0  0  0  0  61  0  0  0  0  0  61  0  0  61  0  0  0  61  61  61  61  61  0  0  0  0  0  0  0  0  0  0  61  61  61  0  0  0  0  0  61  0  0  61  0  61  0  61  0  61  0  0  

61  0  0  0  0  0  0  0  0  0  0  0  0  0  0  0  0  0  61  61  61  0  61  0  0  0  0  0  61  0  61  61  61  0  61  0  0  0  0  61  61  61  61  0  0  61  0  0  0  0  0  0  0  0  61  0  61  0  0  0  

0  61  61  61  0  0  0  61  61  0  0  0  0  61  61  61  0  0  0  0  0  0  0  0  61  61  0  61  0  61  0  0  0  0  0  0  0  61  0  0  0  0  0  61  0  0  0  61  0  61  0  61  0  61  0  0  61  0  0  0  

0  0  0  0  0  0  0  61  0  0  0  61  61  0  61  0  61  0  0  0  0  0  0  61  0  0  0  0  0  61  0  0  0  0  0  61  0  0  0  0  0  0  0  0  61  0  0  0  0  0  0  0  0  0  0  61  0  0  0  61  

0  61  61  61  0  61  0  0  0  61  0  61  61  0  61  0  0  61  0  0  0  0  0  0  0  0  0  61  0  61  61  0  61  0  61  61  0  0  0  0  0  0  61  0  0  61  0  0  0  0  0  0  0  0  61  0  0  0  0  0  

61  61  61  0  0  61  0  61  0  61  0  61  0  61  0  0  0  0  61  61  0  61  61  0  0  0  61  61  0  61  0  61  0  61  61  0  61  61  0  0  61  0  0  0  0  0  61  61  0  0  0  0  0  0  0  0  0  0  0  0  

61  0  61  0  61  61  0  61  0  0  0  0  0  0  0  0  0  0  61  0  0  0  0  0  61  61  0  61  0  0  61  61  0  61  0  0  0  61  61  61  0  0  0  61  0  0  61  61  0  61  61  0  61  0  61  61  61  0  0  0  

0  0  61  0  61  0  0  0  61  0  0  0  0  0  61  0  0  0  61  0  0  0  0  61  0  0  61  0  61  0  0  61  61  0  0  61  0  61  0  0  0  61  0  0  0  0  0  0  61  0  0  0  0  61  0  0  0  0  61  0  

0  0  0  61  0  61  61  0  0  61  0  61  0  0  61  0  0  61  0  61  0  0  61  0  61  61  0  0  0  0  0  0  0  0  0  0  0  0  0  61  0  0  0  61  0  0  0  61  0  61  0  0  61  61  0  0  0  0  61  61  

61  61  0  0  0  0  0  0  0  0  61  0  61  0  0  0  0  0  0  0  0  0  0  0  0  0  0  0  0  61  0  0  0  0  0  0  0  0  0  0  0  0  0  0  0  0  0  61  0  0  61  0  61  0  0  0  0  0  61  0  

0  0  0  0  0  61  0  0  61  0  61  0  0  61  0  0  0  0  0  0  0  61  61  0  61  0  61  0  61  0  0  0  61  61  61  0  0  0  61  0  61  61  0  61  0  0  0  0  0  0  0  61  0  61  0  0  0  61  61  0  

61  61  61  0  0  0  0  0  61  61  0  61  0  0  0  0  61  61  61  0  61  0  0  0  61  0  61  0  0  0  61  0  0  0  0  0  0  61  0  0  0  0  0  0  0  0  0  61  0  61  61  0  61  0  0  61  0  61  0  0  

0  0  0  0  61  0  0  0  61  0  0  0  0  0  61  0  61  0  61  0  0  0  0  0  0  0  0  61  0  0  61  0  61  61  0  0  0  0  0  61  61  61  0  61  0  0  0  0  61  61  0  61  0  61  0  0  61  61  61  61  

0  0  0  0  0  61  61  0  0  0  61  0  61  0  0  0  61  61  61  0  61  61  0  0  0  0  61  0  61  61  0  0  61  0  0  61  0  61  0  0  61  0  61  0  0  61  0  61  0  0  0  0  0  0  61  0  0  0  0  0  

0  61  0  0  0  61  0  0  61  0  0  0  61  0  0  61  0  0  0  0  0  61  0  0  0  61  61  0  61  0  61  0  0  61  0  0  0  61  0  0  0  61  0  0  61  0  0  61  0  0  0  0  61  0  0  61  0  0  0  0  

61  0  0  0  0  0  0  0  0  0  0  61  0  0  0  0  0  0  0  61  0  0  0  61  0  0  61  0  61  0  0  0  0  61  0  0  0  0  0  0  0  0  61  61  0  0  0  61  0  0  0  0  0  61  0  0  61  61  0  0  

0  61  0  0  61  61  0  61  0  0  61  61  0  0  61  0  61  0  61  0  0  61  0  0  0  0  0  0  61  61  0  0  0  0  61  0  0  61  0  61  61  61  0  0  0  0  0  0  0  0  0  61  61  61  0  0  61  61  0  0  

61  0  0  0  0  0  0  0  0  0  61  0  0  0  0  61  61  0  0  0  0  0  0  61  0  0  0  0  0  61  0  0  0  0  0  0  0  0  0  61  0  0  0  0  0  0  0  0  61  61  61  61  0  61  0  0  0  0  61  0  

0  0  0  0  61  61  0  0  61  61  0  0  0  61  0  0  0  0  61  61  0  61  0  61  61  0  61  0  61  0  0  61  0  0  0  0  61  61  61  0  61  0  0  0  61  0  0  0  0  61  0  0  0  61  0  0  0  0  0  61  

UnPairedArc=
1 4 
1 5 
1 12 
1 13 
1 22 
1 23 
1 25 
1 32 
1 34 
1 36 
1 37 
1 39 
1 41 
1 43 
1 47 
1 48 
1 51 
1 53 
1 57 
1 59 
2 5 
2 7 
2 8 
2 11 
2 14 
2 15 
2 16 
2 21 
2 26 
2 27 
2 29 
2 37 
2 40 
2 41 
2 44 
2 46 
2 47 
2 51 
2 53 
2 56 
2 58 
3 4 
3 5 
3 6 
3 10 
3 12 
3 14 
3 18 
3 21 
3 22 
3 26 
3 34 
3 36 
3 37 
3 41 
3 44 
3 46 
3 47 
3 48 
3 49 
3 53 
4 12 
4 14 
4 17 
4 19 
4 20 
4 39 
4 41 
4 44 
4 46 
4 50 
5 10 
5 11 
5 13 
5 18 
5 24 
5 27 
5 30 
5 31 
5 33 
5 48 
5 49 
5 54 
5 58 
5 60 
6 8 
6 13 
6 16 
6 20 
6 25 
6 28 
6 32 
6 34 
6 46 
6 47 
6 48 
6 50 
6 52 
6 55 
6 56 
6 58 
6 60 
7 9 
7 16 
7 19 
7 22 
7 25 
7 27 
7 28 
7 29 
7 41 
7 50 
7 55 
8 18 
8 20 
8 21 
8 22 
8 26 
8 27 
8 29 
8 32 
8 33 
8 36 
8 41 
8 44 
8 45 
8 47 
8 48 
8 58 
9 12 
9 13 
9 16 
9 26 
9 29 
9 44 
9 49 
9 52 
9 53 
9 54 
9 56 
9 60 
10 17 
10 23 
10 35 
10 37 
10 38 
10 39 
10 40 
10 41 
10 46 
10 47 
10 50 
10 53 
10 60 
11 13 
11 15 
11 16 
11 18 
11 19 
11 20 
11 21 
11 25 
11 28 
11 38 
11 39 
11 41 
11 51 
11 52 
11 55 
11 58 
11 59 
12 13 
12 15 
12 16 
12 18 
12 24 
12 30 
12 31 
12 33 
12 40 
12 41 
12 45 
12 46 
12 47 
12 50 
12 53 
12 57 
12 58 
13 14 
13 15 
13 20 
13 23 
13 24 
13 26 
13 28 
13 30 
13 34 
13 42 
13 45 
13 46 
13 51 
13 55 
13 56 
14 17 
14 21 
14 26 
14 30 
14 32 
14 35 
14 36 
14 39 
14 44 
14 47 
14 52 
14 60 
15 19 
15 23 
15 25 
15 31 
15 32 
15 33 
15 35 
15 37 
15 40 
15 44 
15 45 
15 46 
15 49 
15 50 
15 54 
15 58 
16 36 
16 39 
16 40 
16 44 
16 56 
16 59 
17 18 
17 19 
17 20 
17 21 
17 23 
17 24 
17 45 
17 53 
17 54 
17 55 
17 58 
17 59 
18 20 
18 25 
18 32 
18 34 
18 46 
18 50 
18 53 
18 55 
19 22 
19 29 
19 33 
19 37 
19 38 
19 42 
19 43 
19 47 
19 48 
19 49 
19 53 
19 54 
19 55 
19 58 
19 60 
20 22 
20 27 
20 31 
20 33 
20 38 
20 41 
20 43 
20 47 
20 50 
20 57 
20 60 
21 25 
21 27 
21 30 
21 36 
21 43 
21 53 
21 55 
22 30 
22 33 
22 39 
22 42 
22 47 
22 52 
22 55 
22 56 
22 58 
22 60 
23 24 
23 25 
23 26 
23 28 
23 31 
23 35 
23 36 
23 37 
23 38 
23 41 
23 43 
23 47 
23 50 
23 52 
24 25 
24 32 
24 35 
24 37 
24 45 
24 49 
24 57 
24 59 
24 60 
25 27 
25 30 
25 32 
25 35 
25 37 
25 44 
25 48 
25 50 
25 52 
25 53 
25 60 
26 27 
26 33 
26 34 
26 39 
26 40 
26 42 
26 44 
26 48 
26 50 
26 56 
27 28 
27 30 
27 35 
27 37 
27 39 
27 42 
27 47 
27 49 
27 52 
27 53 
27 55 
27 56 
27 57 
27 60 
28 32 
28 33 
28 36 
28 40 
28 41 
28 42 
28 44 
28 46 
28 47 
28 48 
28 54 
29 33 
29 35 
29 36 
29 37 
29 39 
29 42 
29 43 
29 49 
29 52 
29 55 
29 56 
29 57 
29 58 
29 60 
30 31 
30 38 
30 42 
30 44 
30 45 
30 46 
30 47 
30 51 
30 55 
30 58 
30 59 
31 32 
31 40 
31 43 
31 46 
31 48 
31 53 
31 54 
31 56 
32 33 
32 36 
32 41 
32 43 
32 47 
32 48 
32 49 
32 60 
33 35 
33 43 
33 46 
33 49 
33 52 
33 54 
33 55 
34 35 
34 38 
34 39 
34 41 
34 47 
34 48 
34 52 
34 54 
34 56 
34 57 
35 38 
35 43 
35 46 
35 47 
35 52 
35 58 
36 37 
36 40 
36 41 
36 45 
36 46 
36 49 
36 55 
37 38 
37 47 
37 60 
38 39 
38 40 
38 44 
38 47 
38 48 
38 49 
38 53 
38 55 
38 56 
38 58 
38 60 
39 40 
39 48 
39 52 
39 60 
40 43 
40 48 
40 50 
40 54 
40 58 
40 59 
41 42 
41 43 
41 47 
41 52 
41 54 
41 55 
41 58 
41 60 
42 43 
42 49 
42 52 
42 54 
42 56 
42 58 
43 46 
43 55 
43 57 
44 48 
44 50 
44 52 
44 54 
44 57 
45 56 
45 60 
46 55 
47 48 
48 50 
48 51 
48 53 
48 55 
48 56 
48 57 
49 54 
49 59 
50 53 
50 54 
50 59 
50 60 
51 53 
51 59 
52 54 
52 58 
52 59 
53 56 
53 58 
54 57 
54 58 
54 59 
54 60 
57 58 
