nNodes=80;
 nPairs=1541;
Cost=

81  81  81  0  81  81  0  81  0  81  0  0  0  0  0  0  81  0  0  0  0  0  81  0  81  0  0  81  81  0  81  0  0  81  0  0  81  0  0  0  81  0  0  0  0  81  0  81  0  0  81  0  0  0  81  0  81  81  0  81  0  0  81  0  81  0  0  81  81  81  0  81  81  81  0  0  81  0  0  81  

81  81  0  0  0  81  0  81  0  0  81  81  81  81  81  0  81  81  81  0  0  0  0  0  0  0  0  81  0  81  81  0  0  81  81  0  81  81  81  81  81  0  0  0  81  81  81  0  0  81  0  81  81  0  0  81  0  81  0  81  0  0  81  81  81  0  0  81  81  0  81  0  81  0  81  0  0  0  81  81  

81  0  81  81  0  81  81  81  0  0  81  81  0  81  81  0  0  81  0  0  81  81  81  0  81  81  81  81  81  81  0  0  81  0  0  0  81  0  0  81  81  81  0  0  81  0  81  81  0  0  0  81  0  81  0  81  81  81  0  81  81  81  81  81  81  0  81  0  0  0  0  81  81  0  81  0  81  81  81  0  

0  0  81  81  81  0  81  81  0  0  81  0  0  81  0  81  0  0  81  0  81  81  0  81  0  0  81  0  81  81  0  81  0  0  81  0  81  0  0  0  81  81  81  81  0  0  0  81  0  81  81  0  81  81  81  81  0  0  0  0  81  81  81  81  0  81  0  0  0  0  81  81  0  0  0  81  81  81  0  0  

81  0  0  81  81  0  0  81  0  0  81  81  81  0  0  0  0  81  81  0  0  0  81  0  81  0  81  0  0  81  81  81  0  0  81  81  0  0  81  0  0  81  81  81  81  81  81  0  81  81  0  81  0  0  81  0  81  0  81  81  81  81  0  81  0  81  81  0  0  81  0  81  0  81  0  81  0  81  81  0  

81  81  81  0  0  81  81  81  0  0  81  0  0  81  0  0  81  81  0  81  81  0  81  0  81  0  0  81  81  81  81  0  0  81  81  0  81  0  0  81  81  81  0  0  81  81  0  0  0  81  0  81  81  0  81  81  0  81  81  0  81  0  81  81  81  0  0  81  0  0  0  81  0  81  0  0  81  0  0  81  

0  0  81  81  0  81  81  0  0  81  81  0  81  0  81  0  81  81  0  81  81  81  81  81  0  0  81  81  0  0  0  81  81  0  0  0  0  0  81  0  81  0  0  81  0  81  81  81  81  81  81  0  0  81  81  0  0  0  0  0  0  81  81  81  0  0  81  81  0  0  81  0  0  81  0  0  0  81  81  0  

81  81  81  81  81  81  0  81  81  0  0  0  81  81  81  0  81  81  0  0  0  0  0  0  81  0  0  81  0  0  81  0  81  81  0  81  81  81  81  0  81  0  81  0  0  81  0  81  0  81  0  81  81  81  0  0  0  0  0  81  0  81  81  81  81  0  81  0  0  0  81  81  81  0  0  81  81  81  0  0  

0  0  0  0  0  0  0  81  81  81  0  81  0  0  81  81  0  0  81  81  0  81  0  0  81  0  81  0  81  81  81  81  0  0  0  81  81  0  0  81  0  81  81  0  81  0  0  81  0  0  0  0  81  81  81  0  0  0  0  0  81  81  0  81  81  81  0  81  0  0  0  81  81  81  81  81  0  0  81  0  

81  0  0  0  0  0  81  0  81  81  81  81  0  0  0  0  0  0  0  81  81  0  0  0  81  0  0  0  0  81  81  0  0  81  81  81  81  0  0  81  81  81  0  0  0  81  81  0  0  0  81  0  81  0  81  0  81  0  0  81  81  0  0  81  0  0  81  0  0  0  81  81  81  0  0  0  81  0  0  0  

0  81  81  81  81  81  81  0  0  81  81  0  81  81  0  81  0  81  0  0  0  0  0  0  81  0  0  0  81  0  81  0  81  81  0  81  81  0  81  81  0  0  81  81  81  0  81  0  81  0  0  0  81  81  81  0  81  0  0  81  81  81  0  0  0  81  0  0  81  81  81  81  81  81  0  0  81  81  0  0  

0  81  81  0  81  0  0  0  81  81  0  81  0  81  81  81  81  0  0  0  0  0  81  81  0  81  81  0  81  0  81  0  81  81  0  81  81  81  81  81  81  0  81  0  0  0  81  81  0  81  81  81  0  0  81  0  0  81  0  0  81  0  81  81  81  0  81  0  0  0  81  0  81  0  81  81  0  81  0  81  

0  81  0  0  81  0  81  81  0  0  81  0  81  0  81  0  0  81  0  0  81  81  81  81  81  81  0  0  0  81  81  81  0  81  0  0  81  81  0  81  81  0  81  81  81  0  81  81  81  81  0  0  81  0  81  81  81  0  0  0  81  0  0  0  81  0  81  0  0  81  81  81  0  81  81  0  81  81  0  81  

0  81  81  81  0  81  0  81  0  0  81  81  0  81  81  81  81  81  0  0  81  81  81  81  81  0  0  0  81  81  0  0  81  81  0  81  0  0  81  0  81  0  81  81  0  81  0  81  0  81  0  0  0  0  0  0  81  81  0  0  81  0  0  0  81  0  0  81  0  81  0  0  0  81  81  0  0  0  0  81  

0  81  81  0  0  0  81  81  81  0  0  81  81  81  81  81  0  81  81  0  0  0  81  81  0  0  81  81  0  0  81  81  81  0  0  0  81  0  0  0  81  81  81  0  81  81  81  0  81  81  0  0  0  81  81  0  81  0  81  81  81  81  81  81  81  0  0  0  81  81  81  0  81  0  81  0  81  0  81  81  

0  0  0  81  0  0  0  0  81  0  81  81  0  81  81  81  81  81  81  81  0  0  0  0  0  0  81  0  81  81  81  81  81  81  0  0  0  0  0  0  0  0  0  0  0  81  81  81  0  81  81  81  0  81  0  81  0  81  81  0  81  81  0  0  0  0  81  0  81  0  81  0  81  0  81  0  81  0  81  81  

81  81  0  0  0  81  81  81  0  0  0  81  0  81  0  81  81  0  0  81  81  0  81  0  0  0  81  0  0  81  0  0  0  81  81  0  81  81  81  81  81  81  81  0  0  0  0  81  0  81  0  0  81  81  0  81  81  81  81  0  0  0  0  81  81  81  81  81  81  81  0  0  0  0  0  81  0  0  81  81  

0  81  81  0  81  81  81  81  0  0  81  0  81  81  81  81  0  81  0  0  81  0  0  0  81  0  81  0  81  0  0  0  0  0  81  81  0  81  0  81  0  0  81  0  0  0  81  0  0  81  81  0  0  0  81  0  81  0  81  0  81  81  0  0  81  0  81  0  81  0  0  0  81  81  81  81  0  0  0  0  

0  81  0  81  81  0  0  0  81  0  0  0  0  0  81  81  0  0  81  81  0  0  81  0  0  81  81  0  0  81  81  81  81  0  0  0  81  0  0  81  0  0  0  81  0  0  81  0  0  0  0  81  81  0  81  81  0  0  0  0  81  81  81  81  0  0  81  81  0  81  0  81  81  0  81  81  81  0  0  0  

0  0  0  0  0  81  81  0  81  81  0  0  0  0  0  81  81  0  81  81  0  0  0  0  81  81  81  81  81  0  0  81  81  81  81  0  81  0  0  0  0  0  0  81  0  0  81  81  0  0  81  81  81  0  81  0  81  81  0  81  0  81  0  0  81  81  81  0  0  0  0  0  0  0  0  81  81  81  0  0  

0  0  81  81  0  81  81  0  0  81  0  0  81  81  0  0  81  81  0  0  81  81  81  0  81  81  81  81  0  81  0  0  0  81  81  0  0  81  0  81  0  81  81  81  0  0  0  81  81  81  0  81  81  0  0  0  81  81  81  0  81  0  0  81  0  0  81  81  81  81  81  0  81  0  81  81  0  81  81  0  

0  0  81  81  0  0  81  0  81  0  0  0  81  81  0  0  0  0  0  0  81  81  81  0  0  0  0  0  81  81  81  0  0  81  0  81  0  0  0  81  0  0  0  0  0  0  81  0  81  81  0  0  0  0  0  0  81  81  81  81  0  0  81  81  81  0  81  0  81  0  0  81  81  0  81  81  0  0  0  0  

81  0  81  0  81  81  81  0  0  0  0  81  81  81  81  0  81  0  81  0  81  81  81  81  0  81  81  0  0  81  0  81  0  81  81  81  81  81  81  81  0  81  0  81  81  81  0  81  0  0  0  0  0  0  0  81  0  0  0  81  81  0  81  0  0  0  81  81  81  81  0  0  0  0  0  81  81  0  81  81  

0  0  0  81  0  0  81  0  0  0  0  81  81  81  81  0  0  0  0  0  0  0  81  81  81  0  0  0  0  0  81  81  0  81  0  81  0  81  0  0  0  0  0  81  0  81  81  0  81  0  81  81  81  0  0  81  0  81  0  81  81  0  0  0  81  81  81  81  0  0  0  0  0  81  81  81  0  0  81  81  

81  0  81  0  81  81  0  81  81  81  81  0  81  81  0  0  0  81  0  81  81  0  0  81  81  81  0  0  0  0  81  0  0  0  81  0  0  0  81  81  0  81  81  81  0  81  81  81  0  0  0  0  0  0  81  0  0  0  0  81  0  0  0  81  0  0  81  0  0  81  81  0  0  81  81  81  81  0  0  0  

0  0  81  0  0  0  0  0  0  0  0  81  81  0  0  0  0  0  81  81  81  0  81  0  81  81  0  0  0  0  81  0  0  81  81  81  81  81  81  0  0  0  81  0  81  81  0  0  81  0  0  0  81  0  81  0  81  81  0  0  0  0  81  0  0  0  81  0  81  0  0  81  81  0  0  81  0  81  0  0  

0  0  81  81  81  0  81  0  81  0  0  81  0  0  81  81  81  81  81  81  81  0  81  0  0  0  81  81  0  0  0  0  81  0  0  0  81  0  0  0  81  0  81  81  0  81  0  81  81  0  0  81  81  81  81  81  0  0  0  81  81  81  0  81  0  0  81  81  0  81  0  0  81  81  0  81  0  81  0  81  

81  81  81  0  0  81  81  81  0  0  0  0  0  0  81  0  0  0  0  81  81  0  0  0  0  0  81  81  81  81  81  81  81  81  81  0  81  81  81  0  81  81  0  0  81  0  81  0  0  0  81  81  0  81  0  0  81  0  0  0  0  0  0  81  0  81  0  0  0  0  0  81  81  81  0  81  0  0  0  81  

81  0  81  81  0  81  0  0  81  0  81  81  0  81  0  81  0  81  0  81  0  81  0  0  0  0  0  81  81  81  0  81  81  81  0  81  81  81  0  81  0  0  0  81  81  81  81  81  81  0  0  81  81  0  81  0  0  81  81  81  0  81  81  0  0  81  81  81  0  81  81  81  0  0  81  0  81  81  0  81  

0  81  81  81  81  81  0  0  81  81  0  0  81  81  0  81  81  0  81  0  81  81  81  0  0  0  0  81  81  81  81  0  81  81  81  0  81  0  0  0  0  0  81  81  0  0  0  81  81  0  81  81  0  81  81  0  0  81  81  0  0  0  0  0  0  81  0  81  81  0  81  0  0  81  81  0  0  81  0  0  

81  81  0  0  81  81  0  81  81  81  81  81  81  0  81  81  0  0  81  0  0  81  0  81  81  81  0  81  0  81  81  81  0  81  0  81  0  81  81  81  81  81  0  0  81  81  0  0  81  81  0  0  81  0  0  0  81  81  0  0  0  81  0  81  0  81  81  0  0  0  81  0  0  81  81  81  0  81  81  0  

0  0  0  81  81  0  81  0  81  0  0  0  81  0  81  81  0  0  81  81  0  0  81  81  0  0  0  81  81  0  81  81  0  81  81  81  0  0  0  81  0  81  0  81  0  81  0  0  0  81  0  0  81  81  0  81  0  0  0  81  81  81  81  0  81  81  0  0  81  0  81  0  0  81  81  0  81  81  81  81  

0  0  81  0  0  0  81  81  0  0  81  81  0  81  81  81  0  0  81  81  0  0  0  0  0  0  81  81  81  81  0  0  81  81  81  81  81  0  0  81  0  0  0  81  0  0  0  81  81  81  81  0  0  0  0  0  81  0  0  81  81  0  0  0  81  81  81  0  0  0  81  0  0  0  81  81  0  81  0  0  

81  81  0  0  0  81  0  81  0  81  81  81  81  81  0  81  81  0  0  81  81  81  81  81  0  81  0  81  81  81  81  81  81  81  0  81  0  0  0  0  81  81  81  81  81  81  0  81  0  81  81  81  0  0  81  0  81  81  81  81  0  81  81  0  0  0  0  81  0  0  81  81  0  81  81  0  0  81  81  81  

0  81  0  81  81  81  0  0  0  81  0  0  0  0  0  0  81  81  0  81  81  0  81  0  81  81  0  81  0  81  0  81  81  0  81  81  0  81  0  81  81  81  81  81  0  81  0  81  81  81  0  0  81  0  81  0  0  0  0  0  0  0  0  81  0  81  0  81  0  81  81  0  0  81  0  81  81  81  81  81  

0  0  0  0  81  0  0  81  81  81  81  81  0  81  0  0  0  81  0  0  0  81  81  81  0  81  0  0  81  0  81  81  81  81  81  81  0  0  81  81  81  81  81  0  81  0  81  0  0  0  0  0  0  0  81  0  81  81  81  81  81  0  0  0  81  0  0  81  81  81  0  81  0  0  81  81  81  81  81  81  

81  81  81  81  0  81  0  81  81  81  81  81  81  0  81  0  81  0  81  81  0  0  81  0  0  81  81  81  81  81  0  0  81  0  0  0  81  0  0  0  0  81  81  0  0  81  0  81  81  81  0  0  81  81  81  0  0  81  81  81  0  0  81  0  81  0  0  81  0  0  0  81  0  81  81  81  81  0  81  81  

0  81  0  0  0  0  0  81  0  0  0  81  81  0  0  0  81  81  0  0  81  0  81  81  0  81  0  81  81  0  81  0  0  0  81  0  0  81  81  81  81  81  0  0  81  81  81  81  0  0  0  81  0  0  0  81  81  81  0  0  81  0  81  81  81  81  0  81  81  0  81  81  81  81  81  81  0  0  81  0  

0  81  0  0  81  0  81  81  0  0  81  81  0  81  0  0  81  0  0  0  0  0  81  0  81  81  0  81  0  0  81  0  0  0  0  81  0  81  81  0  0  81  81  81  81  0  81  0  0  0  0  0  0  0  0  81  81  81  0  81  0  81  81  0  81  81  81  81  0  81  81  81  81  81  81  0  81  0  0  81  

0  81  81  0  0  81  0  0  81  81  81  81  81  0  0  0  81  81  81  0  81  81  81  0  81  0  0  0  81  0  81  81  81  0  81  81  0  81  0  81  81  0  81  81  0  81  0  0  0  81  0  81  81  81  81  0  0  0  0  0  0  81  81  0  0  81  81  81  81  0  0  81  81  81  0  81  81  0  81  0  

81  81  81  81  0  81  81  81  0  81  0  81  81  81  81  0  81  0  0  0  0  0  0  0  0  0  81  81  0  0  81  0  0  81  81  81  0  81  0  81  81  0  0  0  81  81  0  81  81  81  0  0  0  81  0  81  81  81  0  81  81  0  0  81  81  0  0  0  81  81  0  81  81  81  81  81  0  0  0  0  

0  0  81  81  81  81  0  0  81  81  0  0  0  0  81  0  81  0  0  0  81  0  81  0  81  0  0  81  0  0  81  81  0  81  81  81  81  81  81  0  0  81  81  81  0  0  0  81  81  81  0  0  81  0  81  81  0  0  81  0  81  0  81  0  81  81  0  0  0  0  81  81  81  81  81  81  81  0  81  81  

0  0  0  81  81  0  0  81  81  0  81  81  81  81  81  0  81  81  0  0  81  0  0  0  81  81  81  0  0  81  0  0  0  81  81  81  81  0  81  81  0  81  81  81  0  0  81  81  81  0  0  0  0  81  81  0  0  81  0  0  0  0  81  0  81  81  81  81  0  0  0  0  0  81  0  81  0  0  81  81  

0  0  0  81  81  0  81  0  0  0  81  0  81  81  0  0  0  0  81  81  81  0  81  81  81  0  81  0  81  81  0  81  81  81  81  0  0  0  81  81  0  81  81  81  81  81  81  81  81  0  0  0  81  0  0  81  0  81  0  0  0  0  81  0  81  0  0  81  0  81  81  81  81  81  81  81  0  81  0  0  

0  81  81  0  81  81  0  0  81  0  81  0  81  0  81  0  0  0  0  0  0  0  81  0  0  81  0  81  81  0  81  0  0  81  0  81  0  81  81  0  81  0  0  81  81  81  81  0  0  0  0  0  0  81  0  81  81  0  81  81  0  0  81  81  81  81  0  81  0  0  81  81  0  81  0  0  81  81  81  0  

81  81  0  0  81  81  81  81  0  81  0  0  0  81  81  81  0  0  0  0  0  0  81  81  81  81  81  0  81  0  81  81  0  81  81  0  81  81  0  81  81  0  0  81  81  81  81  0  0  81  0  81  0  0  0  0  0  0  81  81  81  81  0  81  0  0  0  0  0  81  0  81  81  81  81  0  81  0  0  0  

0  81  81  0  81  0  81  0  0  81  81  81  81  0  81  81  0  81  81  81  0  81  0  81  81  0  0  81  81  0  0  0  0  0  0  81  0  81  81  0  0  0  81  81  81  81  81  81  0  0  0  81  0  0  81  0  0  81  81  81  81  81  81  81  0  0  0  0  81  0  0  81  0  81  0  0  81  81  0  81  

81  0  81  81  0  0  81  81  81  0  0  81  81  81  0  81  81  0  0  81  81  0  81  0  81  0  81  0  81  81  0  0  81  81  81  0  81  81  0  0  81  81  81  81  0  0  81  81  81  0  81  0  0  81  0  81  81  0  0  81  0  81  81  0  0  0  0  0  0  0  0  0  0  0  0  0  81  0  81  0  

0  0  0  0  81  0  81  0  0  0  81  0  81  0  81  0  0  0  0  0  81  81  0  81  0  81  81  0  81  81  81  0  81  0  81  0  81  0  0  0  81  81  81  81  0  0  0  81  81  81  0  81  0  81  0  0  0  81  81  0  81  0  0  0  81  81  0  0  81  0  81  81  0  0  81  81  81  0  0  81  

0  81  0  81  81  81  81  81  0  0  0  81  81  81  81  81  81  81  0  0  81  81  0  0  0  0  0  0  0  0  81  81  81  81  81  0  81  0  0  81  81  81  0  0  0  81  0  0  81  81  0  81  0  0  0  0  0  81  0  81  0  0  81  0  0  0  81  0  81  81  0  0  81  0  0  81  81  81  0  81  

81  0  0  81  0  0  81  0  0  81  0  81  0  0  0  81  0  81  0  81  0  0  0  81  0  0  0  81  0  81  0  0  81  81  0  0  0  0  0  0  0  0  0  0  0  0  0  81  0  0  81  0  81  81  81  81  0  81  81  81  0  0  0  0  81  0  81  81  0  0  0  0  0  0  81  81  0  81  0  81  

0  81  81  0  81  81  0  81  0  0  0  81  0  0  0  81  0  0  81  81  81  0  0  81  0  0  81  81  81  81  0  0  0  81  0  0  0  81  0  81  0  0  0  0  0  81  81  0  81  81  0  81  0  0  81  81  0  0  81  0  81  81  0  0  81  0  0  0  0  0  81  0  0  0  81  81  0  0  0  81  

0  81  0  81  0  81  0  81  81  81  81  0  81  0  0  0  81  0  81  81  81  0  0  81  0  81  81  0  81  0  81  81  0  0  81  0  81  0  0  81  0  81  0  81  0  0  0  0  0  0  81  0  81  81  0  81  81  0  81  0  0  81  0  0  0  81  81  81  81  0  81  81  0  0  81  0  81  0  81  81  

0  0  81  81  0  0  81  81  81  0  81  0  0  0  81  81  81  0  0  0  0  0  0  0  0  0  81  81  0  81  0  81  0  0  0  0  81  0  0  81  81  0  81  0  81  0  0  81  81  0  81  0  81  81  0  81  0  0  81  0  0  81  81  81  81  0  0  0  81  0  0  81  0  0  81  0  81  81  81  81  

81  0  0  81  81  81  81  0  81  81  81  81  81  0  81  0  0  81  81  81  0  0  0  0  81  81  81  0  81  81  0  0  0  81  81  81  81  0  0  81  0  81  81  0  0  0  81  0  0  0  81  81  0  0  81  0  0  0  0  81  0  0  81  0  81  81  81  0  81  81  0  0  81  81  0  81  0  0  0  81  

0  81  81  81  0  81  0  0  0  0  0  0  81  0  0  81  81  0  81  0  0  0  81  81  0  0  81  0  0  0  0  81  0  0  0  0  0  81  81  0  81  81  0  81  81  0  0  81  0  0  81  81  81  81  0  81  81  0  0  0  81  0  0  0  0  81  81  81  81  81  81  81  0  81  81  0  0  0  0  81  

81  0  81  0  81  0  0  0  0  81  81  0  81  81  81  0  81  81  0  81  81  81  0  0  0  81  0  81  0  0  81  0  81  81  0  81  0  81  81  0  81  0  0  0  81  0  0  81  0  0  0  0  81  0  0  81  81  0  81  81  0  81  0  81  81  0  81  0  0  0  81  81  0  0  0  81  0  0  81  81  

81  81  81  0  0  81  0  0  0  0  0  81  0  81  0  81  81  0  0  81  81  81  0  81  0  81  0  0  81  81  81  0  0  81  0  81  81  81  81  0  81  0  81  81  0  0  81  0  81  81  81  0  0  0  0  0  0  81  81  0  0  81  81  0  81  0  0  0  0  0  0  81  81  0  0  0  81  81  81  0  

0  0  0  0  81  81  0  0  0  0  0  0  0  0  81  81  81  81  0  0  81  81  0  0  0  0  0  0  81  81  0  0  0  81  0  81  81  0  0  0  0  81  0  0  81  81  81  0  81  0  81  81  81  81  0  0  81  81  81  81  0  81  81  0  81  0  81  0  81  81  81  81  81  0  81  81  0  81  81  0  

81  81  81  0  81  0  0  81  0  81  81  0  0  0  81  0  0  0  0  81  0  81  81  81  81  0  81  0  81  0  0  81  81  81  0  81  81  0  81  0  81  0  0  0  81  81  81  81  0  81  81  0  0  0  81  0  81  0  81  81  81  81  0  81  81  0  0  0  0  81  0  0  0  0  81  81  0  81  0  0  

0  0  81  81  81  81  0  0  81  81  81  81  81  81  81  81  0  81  81  0  81  0  81  81  0  0  81  0  0  0  0  81  81  0  0  81  0  81  0  0  81  81  0  0  0  81  81  0  81  0  0  81  0  0  0  81  0  0  0  81  81  81  81  0  81  0  0  0  0  81  0  0  81  0  0  0  81  0  0  0  

0  0  81  81  81  0  81  81  81  0  81  0  0  0  81  81  0  81  81  81  0  0  0  0  0  0  81  0  81  0  81  81  0  81  0  0  0  0  81  81  0  0  0  0  0  81  81  81  0  0  0  81  81  81  0  0  81  81  81  81  81  81  81  0  81  81  81  0  81  0  81  0  0  0  0  0  0  81  81  0  

81  81  81  81  0  81  81  81  0  0  0  81  0  0  81  0  0  0  81  0  0  81  81  0  0  81  0  0  81  0  0  81  0  81  0  0  81  81  81  81  0  81  81  81  81  0  81  81  0  81  0  0  0  81  81  0  0  81  81  0  81  81  81  0  0  81  0  81  0  0  0  81  81  0  81  0  81  0  81  81  

0  81  81  81  81  81  81  81  81  81  0  81  0  0  81  0  81  0  81  0  81  81  0  0  81  0  81  81  0  0  81  0  0  0  81  0  0  81  0  0  81  0  0  0  81  81  81  0  0  0  0  0  0  81  0  0  81  0  0  81  0  0  0  81  0  81  0  0  81  81  0  81  0  81  81  81  0  81  81  0  

81  81  81  0  0  81  0  81  81  0  0  81  81  81  81  0  81  81  0  81  0  81  0  81  0  0  0  0  0  0  0  81  81  0  0  81  81  81  81  0  81  81  81  81  81  0  0  0  81  0  81  81  0  81  81  0  81  81  81  81  81  81  0  0  81  0  81  0  0  81  81  81  0  0  0  81  0  0  0  0  

0  0  0  81  81  0  0  0  81  0  81  0  0  0  0  0  81  0  0  81  0  0  0  81  0  0  0  81  81  81  81  81  81  0  81  0  0  81  81  81  0  81  81  0  81  0  0  0  81  0  0  0  81  0  81  81  0  0  0  0  0  81  81  81  0  81  81  81  81  0  0  0  81  0  81  81  0  81  0  81  

0  0  81  0  81  0  81  81  0  81  0  81  81  0  0  81  81  81  81  81  81  81  81  81  81  81  81  0  81  0  81  0  81  0  0  0  0  0  81  81  0  0  81  0  0  0  0  0  0  81  81  0  81  0  81  81  81  0  81  0  0  81  0  0  81  81  81  81  81  0  81  0  81  0  0  81  0  81  81  0  

81  81  0  0  0  81  81  0  81  0  0  0  0  81  0  0  81  0  81  0  81  0  81  81  0  0  81  0  81  81  0  0  0  81  81  81  81  81  81  81  0  0  81  81  81  0  0  0  0  0  81  0  81  0  0  81  0  0  0  0  0  0  81  0  0  81  81  81  81  0  81  0  0  81  0  0  0  81  0  0  

81  81  0  0  0  0  0  0  0  0  81  0  0  0  81  81  81  81  0  0  81  81  81  0  0  81  0  0  0  81  0  81  0  0  0  81  0  81  0  81  81  0  0  0  0  0  81  0  81  81  0  0  81  81  81  81  0  0  81  0  0  81  0  81  0  81  81  81  81  0  0  81  81  81  81  0  81  0  0  81  

81  0  0  0  81  0  0  0  0  0  81  0  81  81  81  0  81  0  81  0  81  0  81  0  81  0  81  0  81  0  0  0  0  0  81  81  0  0  81  0  81  0  0  81  0  81  0  0  0  81  0  0  0  0  81  81  0  0  81  81  81  0  0  81  81  0  0  0  0  81  81  0  81  81  0  81  81  0  0  0  

0  81  0  81  0  0  81  81  0  81  81  81  81  0  81  81  0  0  0  0  81  0  0  0  81  0  0  0  81  81  81  81  81  81  81  0  0  81  81  0  0  81  0  81  81  0  0  0  81  0  0  81  81  0  0  81  81  0  81  0  0  81  0  0  81  0  81  81  0  81  81  0  0  81  81  0  81  0  0  0  

81  0  81  81  81  81  0  81  81  81  81  0  81  0  0  0  0  0  81  0  0  81  0  0  0  81  0  81  81  0  0  0  0  81  0  81  81  81  81  81  81  81  0  81  81  81  81  0  81  0  0  0  81  81  0  81  81  81  81  0  0  0  81  81  81  0  0  0  81  0  0  81  0  0  0  81  0  0  81  81  

81  81  81  0  0  0  0  81  81  81  81  81  0  0  81  81  0  81  81  0  81  81  0  0  0  81  81  81  0  0  0  0  0  0  0  0  0  81  81  81  81  81  0  81  0  81  0  0  0  81  0  0  0  0  81  0  0  81  81  0  81  0  81  0  0  81  81  0  81  81  0  0  81  81  0  0  0  81  0  81  

81  0  0  0  81  81  81  0  81  0  81  0  81  81  0  0  0  81  0  0  0  0  0  81  81  0  81  81  0  81  81  81  0  81  81  0  81  81  81  81  81  81  81  81  81  81  81  0  0  0  0  0  0  0  81  81  0  0  0  0  0  0  0  81  0  0  0  81  81  81  81  0  81  81  0  81  81  81  81  81  

0  81  81  0  0  0  0  0  81  0  0  81  81  81  81  81  0  81  81  0  81  81  0  81  81  0  0  0  81  81  81  81  81  81  0  81  81  81  81  0  81  81  0  81  0  81  0  0  81  0  81  81  81  81  0  81  0  0  81  81  0  0  81  81  0  81  0  0  81  0  81  0  0  0  81  0  81  81  81  0  

0  0  0  81  81  0  0  81  81  0  0  81  0  0  0  0  81  81  81  81  81  81  81  81  81  81  81  81  0  0  81  0  81  0  81  81  81  81  0  81  81  81  81  81  0  0  0  0  81  81  81  81  0  0  81  0  81  0  81  81  0  0  0  81  81  81  81  0  0  81  0  81  0  81  0  81  81  81  0  0  

81  0  81  81  0  81  0  81  0  81  81  0  81  0  81  81  0  0  81  81  0  0  81  0  81  0  0  0  81  0  0  81  0  0  81  81  81  0  81  81  0  81  0  0  81  81  81  81  81  81  0  0  81  81  0  0  0  81  0  0  81  0  81  0  0  0  0  0  81  81  81  0  0  81  81  81  81  81  0  0  

0  0  81  81  81  0  81  81  0  0  81  81  81  0  0  0  0  0  0  81  81  0  0  0  0  81  81  0  81  81  81  81  81  81  81  81  0  0  0  0  0  0  0  81  81  0  81  0  0  81  81  0  0  81  0  0  0  81  81  81  0  81  0  81  0  81  81  81  0  0  0  0  81  81  81  81  81  81  0  0  

0  81  81  0  81  0  81  0  81  0  0  0  0  0  81  81  81  0  0  0  81  0  81  81  0  0  0  0  0  0  81  81  0  81  81  81  81  81  0  81  0  81  81  0  81  0  0  81  0  0  0  0  81  81  0  0  81  81  81  0  0  81  81  81  0  0  81  0  0  0  0  81  0  81  81  0  0  0  81  0  

81  81  0  0  0  81  0  0  0  0  0  81  81  81  81  81  81  0  0  0  0  0  81  81  0  0  81  81  81  0  0  81  0  81  81  81  81  0  81  0  0  81  81  0  0  0  81  0  81  81  81  81  81  81  81  81  81  0  0  0  0  0  81  0  0  81  0  0  81  0  0  81  81  81  0  0  0  0  0  81  

UnPairedArc=
1 2 
1 3 
1 5 
1 6 
1 8 
1 10 
1 17 
1 23 
1 25 
1 28 
1 29 
1 31 
1 34 
1 37 
1 41 
1 46 
1 48 
1 51 
1 55 
1 57 
1 58 
1 60 
1 63 
1 65 
1 68 
1 69 
1 70 
1 72 
1 73 
1 74 
1 77 
1 80 
2 6 
2 8 
2 11 
2 12 
2 13 
2 14 
2 15 
2 17 
2 18 
2 19 
2 28 
2 30 
2 31 
2 34 
2 35 
2 37 
2 38 
2 39 
2 40 
2 41 
2 45 
2 46 
2 47 
2 50 
2 52 
2 53 
2 56 
2 58 
2 60 
2 63 
2 64 
2 65 
2 68 
2 69 
2 71 
2 73 
2 75 
2 79 
2 80 
3 4 
3 6 
3 7 
3 8 
3 11 
3 12 
3 14 
3 15 
3 18 
3 21 
3 22 
3 23 
3 25 
3 26 
3 27 
3 28 
3 29 
3 30 
3 33 
3 37 
3 40 
3 41 
3 42 
3 45 
3 47 
3 48 
3 52 
3 54 
3 56 
3 57 
3 58 
3 60 
3 61 
3 62 
3 63 
3 64 
3 65 
3 67 
3 72 
3 73 
3 75 
3 77 
3 78 
3 79 
4 5 
4 7 
4 8 
4 11 
4 14 
4 16 
4 19 
4 21 
4 22 
4 24 
4 27 
4 29 
4 30 
4 32 
4 35 
4 37 
4 41 
4 42 
4 43 
4 44 
4 48 
4 50 
4 51 
4 53 
4 54 
4 55 
4 56 
4 61 
4 62 
4 63 
4 64 
4 66 
4 71 
4 72 
4 76 
4 77 
4 78 
5 8 
5 11 
5 12 
5 13 
5 18 
5 19 
5 23 
5 25 
5 27 
5 30 
5 31 
5 32 
5 35 
5 36 
5 39 
5 42 
5 43 
5 44 
5 45 
5 46 
5 47 
5 49 
5 50 
5 52 
5 55 
5 57 
5 59 
5 60 
5 61 
5 62 
5 64 
5 66 
5 67 
5 70 
5 72 
5 74 
5 76 
5 78 
5 79 
6 7 
6 8 
6 11 
6 14 
6 17 
6 18 
6 20 
6 21 
6 23 
6 25 
6 28 
6 29 
6 30 
6 31 
6 34 
6 35 
6 37 
6 40 
6 41 
6 42 
6 45 
6 46 
6 50 
6 52 
6 53 
6 55 
6 56 
6 58 
6 59 
6 61 
6 63 
6 64 
6 65 
6 68 
6 72 
6 74 
6 77 
6 80 
7 10 
7 11 
7 13 
7 15 
7 17 
7 18 
7 20 
7 21 
7 22 
7 23 
7 24 
7 27 
7 28 
7 32 
7 33 
7 39 
7 41 
7 44 
7 46 
7 47 
7 48 
7 49 
7 50 
7 51 
7 54 
7 55 
7 62 
7 63 
7 64 
7 67 
7 68 
7 71 
7 74 
7 78 
7 79 
8 9 
8 13 
8 14 
8 15 
8 17 
8 18 
8 25 
8 28 
8 31 
8 33 
8 34 
8 36 
8 37 
8 38 
8 39 
8 41 
8 43 
8 46 
8 48 
8 50 
8 52 
8 53 
8 54 
8 60 
8 62 
8 63 
8 64 
8 65 
8 67 
8 71 
8 72 
8 73 
8 76 
8 77 
8 78 
9 10 
9 12 
9 15 
9 16 
9 19 
9 20 
9 22 
9 25 
9 27 
9 29 
9 30 
9 31 
9 32 
9 36 
9 37 
9 40 
9 42 
9 43 
9 45 
9 48 
9 53 
9 54 
9 55 
9 61 
9 62 
9 64 
9 65 
9 66 
9 68 
9 72 
9 73 
9 74 
9 75 
9 76 
9 79 
10 11 
10 12 
10 20 
10 21 
10 25 
10 30 
10 31 
10 34 
10 35 
10 36 
10 37 
10 40 
10 41 
10 42 
10 46 
10 47 
10 51 
10 53 
10 55 
10 57 
10 60 
10 61 
10 64 
10 67 
10 71 
10 72 
10 73 
10 77 
11 13 
11 14 
11 16 
11 18 
11 25 
11 29 
11 31 
11 33 
11 34 
11 36 
11 37 
11 39 
11 40 
11 43 
11 44 
11 45 
11 47 
11 49 
11 53 
11 54 
11 55 
11 57 
11 60 
11 61 
11 62 
11 66 
11 69 
11 70 
11 71 
11 72 
11 73 
11 74 
11 77 
11 78 
12 14 
12 15 
12 16 
12 17 
12 23 
12 24 
12 26 
12 27 
12 29 
12 31 
12 33 
12 34 
12 36 
12 37 
12 38 
12 39 
12 40 
12 41 
12 43 
12 47 
12 48 
12 50 
12 51 
12 52 
12 55 
12 58 
12 61 
12 63 
12 64 
12 65 
12 67 
12 71 
12 73 
12 75 
12 76 
12 78 
12 80 
13 15 
13 18 
13 21 
13 22 
13 23 
13 24 
13 25 
13 26 
13 30 
13 31 
13 32 
13 34 
13 37 
13 38 
13 40 
13 41 
13 43 
13 44 
13 45 
13 47 
13 48 
13 49 
13 50 
13 53 
13 55 
13 56 
13 57 
13 61 
13 65 
13 67 
13 70 
13 71 
13 72 
13 74 
13 75 
13 77 
13 78 
13 80 
14 15 
14 16 
14 17 
14 18 
14 21 
14 22 
14 23 
14 24 
14 25 
14 29 
14 30 
14 33 
14 34 
14 36 
14 39 
14 41 
14 43 
14 44 
14 46 
14 48 
14 50 
14 57 
14 58 
14 61 
14 65 
14 68 
14 70 
14 74 
14 75 
14 80 
15 16 
15 18 
15 19 
15 23 
15 24 
15 27 
15 28 
15 31 
15 32 
15 33 
15 37 
15 41 
15 42 
15 43 
15 45 
15 46 
15 47 
15 49 
15 50 
15 54 
15 55 
15 57 
15 59 
15 60 
15 61 
15 62 
15 63 
15 64 
15 65 
15 69 
15 70 
15 71 
15 73 
15 75 
15 77 
15 79 
15 80 
16 17 
16 18 
16 19 
16 20 
16 27 
16 29 
16 30 
16 31 
16 32 
16 33 
16 34 
16 46 
16 47 
16 48 
16 50 
16 51 
16 52 
16 54 
16 56 
16 58 
16 59 
16 61 
16 62 
16 67 
16 69 
16 71 
16 73 
16 75 
16 77 
16 79 
16 80 
17 20 
17 21 
17 23 
17 27 
17 30 
17 34 
17 35 
17 37 
17 38 
17 39 
17 40 
17 41 
17 42 
17 43 
17 48 
17 50 
17 53 
17 54 
17 56 
17 57 
17 58 
17 59 
17 64 
17 65 
17 66 
17 67 
17 68 
17 69 
17 70 
17 76 
17 79 
17 80 
18 21 
18 25 
18 27 
18 29 
18 35 
18 36 
18 38 
18 40 
18 43 
18 47 
18 50 
18 51 
18 55 
18 57 
18 59 
18 61 
18 62 
18 65 
18 67 
18 69 
18 73 
18 74 
18 75 
18 76 
19 20 
19 23 
19 26 
19 27 
19 30 
19 31 
19 32 
19 33 
19 37 
19 40 
19 44 
19 47 
19 52 
19 53 
19 55 
19 56 
19 61 
19 62 
19 63 
19 64 
19 67 
19 68 
19 70 
19 72 
19 73 
19 75 
19 76 
19 77 
20 25 
20 26 
20 27 
20 28 
20 29 
20 32 
20 33 
20 34 
20 35 
20 37 
20 44 
20 47 
20 48 
20 51 
20 52 
20 53 
20 55 
20 57 
20 58 
20 60 
20 62 
20 65 
20 66 
20 67 
20 76 
20 77 
20 78 
21 22 
21 23 
21 25 
21 26 
21 27 
21 28 
21 30 
21 34 
21 35 
21 38 
21 40 
21 42 
21 43 
21 44 
21 48 
21 49 
21 50 
21 52 
21 53 
21 57 
21 58 
21 59 
21 61 
21 64 
21 67 
21 68 
21 69 
21 70 
21 71 
21 73 
21 75 
21 76 
21 78 
21 79 
22 23 
22 29 
22 30 
22 31 
22 34 
22 36 
22 40 
22 47 
22 49 
22 50 
22 57 
22 58 
22 59 
22 60 
22 63 
22 64 
22 65 
22 67 
22 69 
22 72 
22 73 
22 75 
22 76 
23 24 
23 26 
23 27 
23 30 
23 32 
23 34 
23 35 
23 36 
23 37 
23 38 
23 39 
23 40 
23 42 
23 44 
23 45 
23 46 
23 48 
23 56 
23 60 
23 61 
23 63 
23 67 
23 68 
23 69 
23 70 
23 76 
23 77 
23 79 
23 80 
24 25 
24 31 
24 32 
24 34 
24 36 
24 38 
24 44 
24 46 
24 47 
24 49 
24 51 
24 52 
24 53 
24 56 
24 58 
24 60 
24 61 
24 65 
24 66 
24 67 
24 68 
24 74 
24 75 
24 76 
24 79 
24 80 
25 26 
25 31 
25 35 
25 39 
25 40 
25 42 
25 43 
25 44 
25 46 
25 47 
25 48 
25 55 
25 60 
25 64 
25 67 
25 70 
25 71 
25 74 
25 75 
25 76 
25 77 
26 31 
26 34 
26 35 
26 36 
26 37 
26 38 
26 39 
26 43 
26 45 
26 46 
26 49 
26 53 
26 55 
26 57 
26 58 
26 63 
26 67 
26 69 
26 72 
26 73 
26 76 
26 78 
27 28 
27 33 
27 37 
27 41 
27 43 
27 44 
27 46 
27 48 
27 49 
27 52 
27 53 
27 54 
27 55 
27 56 
27 60 
27 61 
27 62 
27 64 
27 67 
27 68 
27 70 
27 73 
27 74 
27 76 
27 78 
27 80 
28 29 
28 30 
28 31 
28 32 
28 33 
28 34 
28 35 
28 37 
28 38 
28 39 
28 41 
28 42 
28 45 
28 47 
28 51 
28 52 
28 54 
28 57 
28 64 
28 66 
28 72 
28 73 
28 74 
28 76 
28 80 
29 30 
29 32 
29 33 
29 34 
29 36 
29 37 
29 38 
29 40 
29 44 
29 45 
29 46 
29 47 
29 48 
29 49 
29 52 
29 53 
29 55 
29 58 
29 59 
29 60 
29 62 
29 63 
29 66 
29 67 
29 68 
29 70 
29 71 
29 72 
29 75 
29 77 
29 78 
29 80 
30 31 
30 33 
30 34 
30 35 
30 37 
30 43 
30 44 
30 48 
30 49 
30 51 
30 52 
30 54 
30 55 
30 58 
30 59 
30 66 
30 68 
30 69 
30 71 
30 74 
30 75 
30 78 
31 32 
31 34 
31 36 
31 38 
31 39 
31 40 
31 41 
31 42 
31 45 
31 46 
31 49 
31 50 
31 53 
31 57 
31 58 
31 62 
31 64 
31 66 
31 67 
31 71 
31 74 
31 75 
31 76 
31 78 
31 79 
32 34 
32 35 
32 36 
32 40 
32 42 
32 44 
32 46 
32 50 
32 53 
32 54 
32 56 
32 60 
32 61 
32 62 
32 63 
32 65 
32 66 
32 69 
32 71 
32 74 
32 75 
32 77 
32 78 
32 79 
32 80 
33 34 
33 35 
33 36 
33 37 
33 40 
33 44 
33 48 
33 49 
33 50 
33 51 
33 57 
33 60 
33 61 
33 65 
33 66 
33 67 
33 71 
33 75 
33 76 
33 78 
34 36 
34 41 
34 42 
34 43 
34 44 
34 45 
34 46 
34 48 
34 50 
34 51 
34 52 
34 55 
34 57 
34 58 
34 59 
34 60 
34 62 
34 63 
34 68 
34 71 
34 72 
34 74 
34 75 
34 78 
34 79 
34 80 
35 36 
35 38 
35 40 
35 41 
35 42 
35 43 
35 44 
35 46 
35 48 
35 49 
35 50 
35 53 
35 55 
35 64 
35 66 
35 68 
35 70 
35 71 
35 74 
35 76 
35 77 
35 78 
35 79 
35 80 
36 39 
36 40 
36 41 
36 42 
36 43 
36 45 
36 47 
36 55 
36 57 
36 58 
36 59 
36 60 
36 61 
36 65 
36 68 
36 69 
36 70 
36 72 
36 75 
36 76 
36 77 
36 78 
36 79 
36 80 
37 42 
37 43 
37 46 
37 48 
37 49 
37 50 
37 53 
37 54 
37 55 
37 58 
37 59 
37 60 
37 63 
37 65 
37 68 
37 72 
37 74 
37 75 
37 76 
37 77 
37 79 
37 80 
38 39 
38 40 
38 41 
38 42 
38 45 
38 46 
38 47 
38 48 
38 52 
38 56 
38 57 
38 58 
38 61 
38 63 
38 64 
38 65 
38 66 
38 68 
38 69 
38 71 
38 72 
38 73 
38 74 
38 75 
38 76 
38 79 
39 42 
39 43 
39 44 
39 45 
39 47 
39 56 
39 57 
39 58 
39 60 
39 62 
39 63 
39 65 
39 66 
39 67 
39 68 
39 70 
39 71 
39 72 
39 73 
39 74 
39 75 
39 77 
39 80 
40 41 
40 43 
40 44 
40 46 
40 50 
40 52 
40 53 
40 54 
40 55 
40 62 
40 63 
40 66 
40 67 
40 68 
40 69 
40 72 
40 73 
40 74 
40 76 
40 77 
40 79 
41 45 
41 46 
41 48 
41 49 
41 50 
41 54 
41 56 
41 57 
41 58 
41 60 
41 61 
41 64 
41 65 
41 69 
41 70 
41 72 
41 73 
41 74 
41 75 
41 76 
42 43 
42 44 
42 48 
42 49 
42 50 
42 53 
42 55 
42 56 
42 59 
42 61 
42 63 
42 65 
42 66 
42 71 
42 72 
42 73 
42 74 
42 75 
42 76 
42 77 
42 79 
42 80 
43 44 
43 47 
43 48 
43 49 
43 54 
43 55 
43 58 
43 63 
43 65 
43 66 
43 67 
43 68 
43 74 
43 76 
43 79 
43 80 
44 45 
44 46 
44 47 
44 48 
44 49 
44 53 
44 56 
44 58 
44 63 
44 65 
44 68 
44 70 
44 71 
44 72 
44 73 
44 74 
44 75 
44 76 
44 78 
45 46 
45 47 
45 54 
45 56 
45 57 
45 59 
45 60 
45 63 
45 64 
45 65 
45 66 
45 68 
45 71 
45 72 
45 74 
45 77 
45 78 
45 79 
46 47 
46 50 
46 52 
46 59 
46 60 
46 61 
46 62 
46 64 
46 70 
46 72 
46 73 
46 74 
46 75 
46 77 
47 48 
47 52 
47 55 
47 58 
47 59 
47 60 
47 61 
47 62 
47 63 
47 64 
47 69 
47 72 
47 74 
47 77 
47 78 
47 80 
48 49 
48 51 
48 54 
48 56 
48 57 
48 60 
48 62 
48 63 
48 77 
48 79 
49 50 
49 52 
49 54 
49 58 
49 59 
49 61 
49 65 
49 66 
49 69 
49 71 
49 72 
49 75 
49 76 
49 77 
49 80 
50 52 
50 58 
50 60 
50 63 
50 67 
50 69 
50 70 
50 73 
50 76 
50 77 
50 78 
50 80 
51 53 
51 54 
51 55 
51 56 
51 58 
51 59 
51 60 
51 65 
51 67 
51 68 
51 75 
51 76 
51 78 
51 80 
52 55 
52 56 
52 59 
52 61 
52 62 
52 65 
52 71 
52 75 
52 76 
52 80 
53 54 
53 56 
53 57 
53 59 
53 62 
53 66 
53 67 
53 68 
53 69 
53 71 
53 72 
53 75 
53 77 
53 79 
53 80 
54 56 
54 59 
54 62 
54 63 
54 64 
54 65 
54 69 
54 72 
54 75 
54 77 
54 78 
54 79 
54 80 
55 60 
55 63 
55 65 
55 66 
55 67 
55 69 
55 70 
55 73 
55 74 
55 76 
55 80 
56 57 
56 61 
56 66 
56 67 
56 68 
56 69 
56 70 
56 71 
56 72 
56 74 
56 75 
56 80 
57 59 
57 60 
57 62 
57 64 
57 65 
57 67 
57 71 
57 72 
57 76 
57 79 
57 80 
58 59 
58 62 
58 63 
58 65 
58 72 
58 73 
58 77 
58 78 
58 79 
59 60 
59 62 
59 63 
59 65 
59 67 
59 69 
59 70 
59 71 
59 72 
59 73 
59 75 
59 76 
59 78 
59 79 
60 61 
60 62 
60 64 
60 65 
60 70 
60 75 
60 76 
60 78 
61 62 
61 63 
61 65 
61 70 
61 73 
61 77 
62 63 
62 65 
62 66 
62 67 
62 69 
62 71 
62 78 
62 79 
63 66 
63 68 
63 72 
63 73 
63 75 
63 77 
63 79 
63 80 
64 66 
64 69 
64 70 
64 72 
64 74 
64 75 
64 76 
64 78 
64 79 
65 67 
65 70 
65 71 
65 72 
65 76 
66 67 
66 68 
66 69 
66 73 
66 75 
66 76 
66 78 
66 80 
67 68 
67 69 
67 71 
67 73 
67 76 
67 78 
67 79 
68 69 
68 71 
68 74 
68 78 
69 72 
69 73 
69 74 
69 75 
69 77 
69 80 
70 71 
70 73 
70 74 
70 76 
70 77 
71 74 
71 75 
71 77 
72 76 
72 79 
72 80 
73 74 
73 78 
73 80 
74 76 
74 77 
74 78 
74 79 
74 80 
75 77 
75 78 
75 79 
76 77 
76 78 
77 78 
