nNodes=40;
 nPairs=75;
Cost=

41  0  0  0  0  0  0  0  0  41  0  0  0  0  0  0  0  0  0  0  0  0  0  0  0  0  0  0  0  0  0  0  0  0  0  41  0  0  0  0  

0  41  0  41  0  0  0  0  41  0  0  0  0  0  0  0  0  0  0  0  0  0  0  0  0  0  0  0  0  0  0  0  41  0  0  41  0  0  0  0  

0  0  41  0  0  0  0  41  0  0  0  0  0  0  0  0  0  0  0  0  0  0  0  0  0  0  0  0  0  0  0  0  0  0  0  0  0  0  0  0  

0  41  0  41  0  0  0  0  0  0  41  41  0  0  0  41  0  0  0  0  0  0  0  0  41  0  0  0  0  0  0  0  0  0  0  0  0  0  0  0  

0  0  0  0  41  0  0  0  0  41  0  0  0  0  0  41  41  41  0  0  0  0  0  0  0  0  0  0  0  0  0  0  0  0  0  0  0  0  0  0  

0  0  0  0  0  41  0  0  0  0  0  0  0  0  41  0  0  0  0  0  0  0  0  0  0  0  0  0  41  0  0  0  0  0  41  41  0  0  0  0  

0  0  0  0  0  0  41  0  0  0  41  0  0  0  41  41  0  41  0  0  0  0  0  41  0  0  0  0  41  0  0  0  0  0  0  0  0  0  0  0  

0  0  41  0  0  0  0  41  0  0  0  0  0  0  0  0  0  0  0  0  0  0  0  0  0  0  41  0  0  0  0  0  41  0  41  0  0  0  0  0  

0  41  0  0  0  0  0  0  41  0  0  0  0  0  0  41  41  0  0  0  0  41  0  0  0  0  0  0  0  0  41  0  41  0  0  0  0  0  0  0  

41  0  0  0  41  0  0  0  0  41  0  41  0  0  0  0  41  0  0  0  0  0  0  0  0  0  41  0  0  0  0  0  0  0  0  0  0  41  0  0  

0  0  0  41  0  0  41  0  0  0  41  0  0  0  0  0  0  0  41  0  0  0  0  0  0  0  0  0  0  0  0  0  0  41  0  0  0  0  41  0  

0  0  0  41  0  0  0  0  0  41  0  41  0  0  0  0  0  41  0  0  41  0  0  0  0  0  0  0  0  0  0  0  41  41  0  0  0  41  0  0  

0  0  0  0  0  0  0  0  0  0  0  0  41  0  0  0  0  0  41  0  0  0  0  0  0  41  0  0  0  0  0  0  0  0  0  0  0  0  0  0  

0  0  0  0  0  0  0  0  0  0  0  0  0  41  0  41  0  0  0  0  0  0  0  0  0  41  0  0  0  0  0  0  0  0  0  41  0  0  0  0  

0  0  0  0  0  41  41  0  0  0  0  0  0  0  41  0  0  0  0  0  0  0  0  0  0  41  0  0  0  0  0  0  0  0  0  0  0  41  0  0  

0  0  0  41  41  0  41  0  41  0  0  0  0  41  0  41  0  0  0  0  0  0  0  0  0  0  41  0  0  0  0  0  0  0  0  41  0  0  0  0  

0  0  0  0  41  0  0  0  41  41  0  0  0  0  0  0  41  0  0  0  0  0  0  0  0  0  0  0  0  0  0  0  0  0  41  0  0  0  0  0  

0  0  0  0  41  0  41  0  0  0  0  41  0  0  0  0  0  41  0  41  0  0  0  0  0  41  0  0  0  0  0  0  0  0  0  0  0  0  0  0  

0  0  0  0  0  0  0  0  0  0  41  0  41  0  0  0  0  0  41  0  0  0  0  0  0  0  0  0  0  0  0  0  0  0  41  0  0  0  0  0  

0  0  0  0  0  0  0  0  0  0  0  0  0  0  0  0  0  41  0  41  0  0  0  0  0  41  0  0  0  0  0  0  0  0  0  41  0  0  0  41  

0  0  0  0  0  0  0  0  0  0  0  41  0  0  0  0  0  0  0  0  41  0  0  0  0  0  0  0  0  0  0  0  0  0  0  0  0  0  41  0  

0  0  0  0  0  0  0  0  41  0  0  0  0  0  0  0  0  0  0  0  0  41  0  0  0  0  0  0  0  41  0  0  41  0  41  0  0  0  0  0  

0  0  0  0  0  0  0  0  0  0  0  0  0  0  0  0  0  0  0  0  0  0  41  0  0  0  0  0  0  0  0  0  0  0  0  0  0  0  0  0  

0  0  0  0  0  0  41  0  0  0  0  0  0  0  0  0  0  0  0  0  0  0  0  41  0  0  0  0  0  0  0  0  41  41  0  0  0  0  0  0  

0  0  0  41  0  0  0  0  0  0  0  0  0  0  0  0  0  0  0  0  0  0  0  0  41  0  41  0  0  0  0  0  0  0  41  0  0  0  0  0  

0  0  0  0  0  0  0  0  0  0  0  0  41  41  41  0  0  41  0  41  0  0  0  0  0  41  0  0  0  0  0  0  0  41  0  0  0  0  0  0  

0  0  0  0  0  0  0  41  0  41  0  0  0  0  0  41  0  0  0  0  0  0  0  0  41  0  41  0  0  0  0  0  0  0  41  0  0  0  0  0  

0  0  0  0  0  0  0  0  0  0  0  0  0  0  0  0  0  0  0  0  0  0  0  0  0  0  0  41  0  0  0  0  41  0  0  0  0  0  0  0  

0  0  0  0  0  41  41  0  0  0  0  0  0  0  0  0  0  0  0  0  0  0  0  0  0  0  0  0  41  0  0  0  0  0  0  0  0  0  0  0  

0  0  0  0  0  0  0  0  0  0  0  0  0  0  0  0  0  0  0  0  0  41  0  0  0  0  0  0  0  41  0  0  0  0  0  41  0  0  0  0  

0  0  0  0  0  0  0  0  41  0  0  0  0  0  0  0  0  0  0  0  0  0  0  0  0  0  0  0  0  0  41  0  0  41  0  0  0  0  0  0  

0  0  0  0  0  0  0  0  0  0  0  0  0  0  0  0  0  0  0  0  0  0  0  0  0  0  0  0  0  0  0  41  0  0  0  0  0  0  0  0  

0  41  0  0  0  0  0  41  41  0  0  41  0  0  0  0  0  0  0  0  0  41  0  41  0  0  0  41  0  0  0  0  41  0  0  0  0  0  0  0  

0  0  0  0  0  0  0  0  0  0  41  41  0  0  0  0  0  0  0  0  0  0  0  41  0  41  0  0  0  0  41  0  0  41  0  0  0  0  0  0  

0  0  0  0  0  41  0  41  0  0  0  0  0  0  0  0  41  0  41  0  0  41  0  0  41  0  41  0  0  0  0  0  0  0  41  0  0  0  0  41  

41  41  0  0  0  41  0  0  0  0  0  0  0  41  0  41  0  0  0  41  0  0  0  0  0  0  0  0  0  41  0  0  0  0  0  41  0  0  0  0  

0  0  0  0  0  0  0  0  0  0  0  0  0  0  0  0  0  0  0  0  0  0  0  0  0  0  0  0  0  0  0  0  0  0  0  0  41  0  0  0  

0  0  0  0  0  0  0  0  0  41  0  41  0  0  41  0  0  0  0  0  0  0  0  0  0  0  0  0  0  0  0  0  0  0  0  0  0  41  0  0  

0  0  0  0  0  0  0  0  0  0  41  0  0  0  0  0  0  0  0  0  41  0  0  0  0  0  0  0  0  0  0  0  0  0  0  0  0  0  41  0  

0  0  0  0  0  0  0  0  0  0  0  0  0  0  0  0  0  0  0  41  0  0  0  0  0  0  0  0  0  0  0  0  0  0  41  0  0  0  0  41  

UnPairedArc=
1 10 
1 36 
2 4 
2 9 
2 33 
2 36 
3 8 
4 11 
4 12 
4 16 
4 25 
5 10 
5 16 
5 17 
5 18 
6 15 
6 29 
6 35 
6 36 
7 11 
7 15 
7 16 
7 18 
7 24 
7 29 
8 27 
8 33 
8 35 
9 16 
9 17 
9 22 
9 31 
9 33 
10 12 
10 17 
10 27 
10 38 
11 19 
11 34 
11 39 
12 18 
12 21 
12 33 
12 34 
12 38 
13 19 
13 26 
14 16 
14 26 
14 36 
15 26 
15 38 
16 27 
16 36 
17 35 
18 20 
18 26 
19 35 
20 26 
20 36 
20 40 
21 39 
22 30 
22 33 
22 35 
24 33 
24 34 
25 27 
25 35 
26 34 
27 35 
28 33 
30 36 
31 34 
35 40 
