nNodes=100;
 nPairs=1456;
Cost=

101  0  0  0  101  0  101  0  0  101  0  101  101  0  101  0  0  0  0  0  0  0  101  101  101  0  0  0  101  0  101  0  0  101  101  0  0  0  101  101  0  0  101  0  0  0  0  0  0  0  0  101  0  101  0  0  101  101  101  101  0  0  101  0  101  0  101  0  0  0  0  0  0  0  101  0  101  0  101  101  101  101  0  0  0  101  0  0  0  0  0  0  0  0  0  101  101  0  0  0  

0  101  101  101  101  0  0  0  101  0  101  0  101  0  101  0  101  0  101  0  101  101  0  0  0  0  101  0  0  0  101  101  0  0  0  0  0  101  0  0  101  101  0  0  0  0  0  0  101  0  0  0  0  0  0  101  0  101  0  0  0  101  0  0  0  0  101  0  0  0  0  0  0  0  101  101  0  101  101  0  0  0  0  0  101  101  0  101  101  101  101  101  0  0  0  0  0  0  0  0  

0  101  101  0  0  0  0  0  0  101  0  0  0  0  0  0  101  101  0  0  0  101  0  0  0  0  0  0  0  0  0  101  0  0  0  0  0  101  0  0  0  101  0  101  101  0  0  101  101  0  101  0  0  0  101  0  0  101  0  0  0  0  0  101  101  0  0  0  101  0  0  0  0  101  101  101  0  0  101  101  0  0  0  0  0  0  0  0  0  0  0  101  0  101  0  0  101  0  0  101  

0  101  0  101  0  0  0  0  0  101  0  101  0  0  0  101  0  101  0  101  0  101  0  0  0  101  0  101  0  0  101  0  0  0  0  0  0  101  0  0  101  0  101  0  0  0  101  0  0  0  101  0  101  0  0  0  0  101  0  0  0  0  101  0  0  101  101  0  0  0  0  0  0  0  0  0  0  0  0  101  0  0  0  0  0  101  0  101  0  0  0  0  0  0  0  101  0  101  0  0  

101  101  0  0  101  101  0  0  0  0  101  0  101  101  101  0  0  0  101  101  101  0  101  0  101  0  0  101  0  101  0  101  0  101  101  101  0  0  0  0  0  101  0  101  0  0  0  0  0  101  0  0  0  0  0  0  101  101  0  0  0  0  101  101  101  101  0  0  0  101  0  0  0  0  0  0  101  0  0  0  0  0  0  0  0  0  101  101  101  101  0  101  101  101  0  101  0  101  0  0  

0  0  0  0  101  101  0  0  0  101  0  0  0  0  0  101  0  0  0  0  101  0  0  0  101  0  0  0  0  101  101  0  0  101  0  101  0  0  101  101  0  0  0  0  0  0  101  0  101  101  0  0  0  0  0  0  101  101  101  101  0  0  0  101  0  101  0  101  0  0  0  0  101  0  0  0  101  0  0  101  101  0  101  101  0  0  101  0  0  0  0  0  101  0  101  0  0  0  0  101  

101  0  0  0  0  0  101  0  101  101  0  0  0  101  0  0  0  0  0  0  0  101  101  0  0  0  101  0  0  0  0  101  0  101  101  0  0  0  0  0  0  0  0  0  101  0  0  0  0  0  0  0  0  0  0  0  0  0  101  101  0  0  101  101  0  101  101  0  0  101  0  101  101  101  0  0  0  0  101  0  0  0  101  0  0  0  0  0  101  0  0  0  101  0  0  0  0  0  0  101  

0  0  0  0  0  0  0  101  0  101  101  0  101  0  0  0  0  0  101  0  0  0  0  101  0  0  0  101  101  101  0  101  0  101  0  0  0  0  101  0  0  101  101  0  0  0  0  0  0  0  0  0  101  101  0  0  101  0  0  0  0  0  0  0  101  0  0  101  0  0  0  0  101  101  101  101  0  101  101  0  0  101  0  0  0  0  0  101  0  0  0  101  101  0  0  0  0  0  0  0  

0  101  0  0  0  0  101  0  101  0  101  0  0  0  0  101  101  0  101  101  0  101  101  0  0  0  0  101  101  0  0  0  0  0  0  101  0  0  101  0  101  0  0  0  0  0  0  0  0  101  0  0  0  0  101  0  0  0  0  101  0  101  101  101  101  0  101  0  101  0  101  101  0  0  0  0  0  0  0  101  0  0  0  0  101  0  101  0  101  0  0  101  0  0  101  101  0  0  101  101  

101  0  101  101  0  101  101  101  0  101  0  0  0  0  101  0  0  0  0  101  0  101  101  0  0  0  0  0  101  101  101  0  101  0  0  0  0  0  0  101  0  0  101  101  101  0  0  0  101  0  101  0  101  0  0  0  0  0  101  0  0  0  0  0  0  0  101  0  101  101  0  101  0  0  0  0  0  0  0  0  0  0  0  101  0  0  101  0  0  0  0  0  0  0  0  0  0  101  0  101  

0  101  0  0  101  0  0  101  101  0  101  0  0  0  101  0  0  101  0  0  101  0  0  0  0  0  0  101  101  0  0  0  0  0  101  0  0  0  0  101  101  101  0  0  101  0  0  0  0  0  101  0  0  0  0  0  0  0  101  0  0  0  101  0  0  101  0  0  0  0  0  0  0  101  0  0  0  0  101  0  101  101  0  0  101  0  101  0  0  0  101  101  0  0  101  0  101  0  0  0  

101  0  0  101  0  0  0  0  0  0  0  101  101  0  0  0  0  101  101  0  0  0  0  101  0  0  0  101  0  0  0  0  0  0  0  0  0  101  101  0  101  101  0  0  101  0  0  0  101  0  0  0  0  0  101  0  101  0  0  101  0  0  0  101  0  0  101  101  0  0  0  0  0  0  0  0  0  0  0  0  0  0  101  0  0  0  101  0  0  0  101  101  101  0  101  0  0  0  101  0  

101  101  0  0  101  0  0  101  0  0  0  101  101  101  0  0  0  0  101  101  0  0  101  0  101  0  0  0  0  0  0  101  0  101  0  0  0  0  0  0  0  101  0  0  101  0  0  0  0  101  0  0  101  0  0  101  101  0  0  0  101  101  0  0  0  0  0  0  0  101  0  0  0  0  0  101  0  0  101  0  101  101  0  101  0  0  101  0  101  101  101  0  101  0  101  101  0  0  0  0  

0  0  0  0  101  0  101  0  0  0  0  0  101  101  0  101  0  0  0  101  0  101  0  0  0  0  0  0  0  101  0  0  0  101  101  101  0  0  0  0  0  0  0  0  0  101  0  0  0  101  0  0  0  101  0  0  0  101  0  0  0  0  0  0  0  0  0  0  101  101  0  101  0  0  0  0  101  0  0  101  101  101  0  0  0  101  0  0  0  0  101  0  0  101  0  0  0  0  0  0  

101  101  0  0  101  0  0  0  0  101  101  0  0  0  101  0  0  0  101  0  0  0  0  101  0  0  0  0  0  101  0  0  101  0  101  101  0  101  0  101  101  0  0  0  0  101  101  101  0  0  0  101  0  101  0  0  0  0  0  0  0  101  0  101  0  0  101  0  0  101  0  0  101  101  101  101  101  0  0  0  0  0  0  0  0  0  0  101  0  101  0  0  101  101  0  0  0  0  101  0  

0  0  0  101  0  101  0  0  101  0  0  0  0  101  0  101  0  0  0  0  0  0  0  0  101  101  101  0  0  0  0  0  0  0  0  101  0  0  0  0  0  0  0  0  0  0  101  0  0  0  101  0  0  101  0  0  0  0  0  0  0  101  0  101  0  101  0  0  0  0  0  0  101  0  101  0  101  101  0  101  0  0  101  0  0  0  0  101  0  0  0  0  0  101  0  0  0  0  0  0  

0  101  101  0  0  0  0  0  101  0  0  0  0  0  0  0  101  0  0  0  101  101  0  0  0  101  0  0  101  0  101  101  0  0  0  0  101  101  0  101  0  0  101  0  0  0  101  0  101  0  0  0  0  0  101  101  0  101  0  101  0  0  0  0  101  0  0  0  0  101  0  0  101  0  101  0  0  0  0  101  0  0  0  0  0  0  0  0  101  101  101  0  0  0  101  0  0  0  0  0  

0  0  101  101  0  0  0  0  0  0  101  101  0  0  0  0  0  101  101  0  0  0  101  101  0  0  101  0  101  101  101  101  101  101  0  0  0  0  0  101  0  0  101  101  0  0  0  0  0  0  0  0  0  0  0  0  101  0  101  0  0  101  101  0  101  0  0  0  0  101  0  0  0  0  101  0  0  0  101  0  101  0  0  101  0  101  0  101  0  0  0  101  0  0  101  101  0  0  101  0  

0  101  0  0  101  0  0  101  101  0  0  101  101  0  101  0  0  101  101  0  0  0  0  101  0  0  0  101  0  0  101  0  0  0  0  101  101  101  0  101  0  101  0  0  0  101  0  0  0  101  0  0  0  0  0  0  0  101  101  101  0  0  0  0  101  0  0  101  0  0  0  0  0  0  0  0  101  0  0  101  101  101  0  0  0  101  0  101  0  101  0  0  101  0  0  0  0  0  0  0  

0  0  0  101  101  0  0  0  101  101  0  0  101  101  0  0  0  0  0  101  0  0  0  0  0  0  0  0  101  0  0  0  101  101  101  101  0  0  101  101  0  0  0  0  101  0  0  0  101  0  0  0  101  0  101  0  0  0  0  0  0  0  0  0  0  0  0  0  0  0  0  101  0  101  0  0  101  101  0  0  0  0  0  0  0  0  0  0  101  0  0  101  0  0  101  0  101  101  0  0  

0  101  0  0  101  101  0  0  0  0  101  0  0  0  0  0  101  0  0  0  101  101  0  0  0  0  0  0  0  0  0  0  0  0  0  0  0  101  101  0  101  0  101  0  0  0  0  101  0  101  0  101  101  0  0  0  0  0  0  101  101  101  0  101  101  0  0  101  0  0  0  0  0  0  101  0  0  101  0  0  101  0  0  101  0  0  0  101  0  0  0  0  0  0  0  101  0  0  101  0  

0  101  101  101  0  0  101  0  101  101  0  0  0  101  0  0  101  0  0  0  101  101  101  0  101  0  0  0  0  101  0  101  0  0  101  0  0  0  101  0  101  0  101  101  0  0  0  101  0  0  101  0  0  0  0  0  0  0  0  0  101  0  101  0  0  0  0  0  0  0  101  101  0  0  0  0  0  0  0  0  0  0  0  0  0  101  0  0  0  0  101  101  101  0  0  0  101  101  101  0  

101  0  0  0  101  0  101  0  101  101  0  0  101  0  0  0  0  101  0  0  0  101  101  101  0  101  0  101  0  0  0  0  101  101  0  101  101  0  101  0  0  0  0  0  101  0  0  0  0  0  0  0  101  0  0  0  0  0  0  0  0  0  0  0  101  101  0  101  101  0  0  0  0  0  101  0  0  0  101  0  0  0  101  0  0  0  0  0  0  0  101  101  0  0  0  0  0  0  101  0  

101  0  0  0  0  0  0  101  0  0  0  101  0  0  101  0  0  101  101  0  0  0  101  101  0  0  0  0  0  101  101  101  0  0  0  101  0  0  0  0  0  0  0  101  0  0  0  101  0  101  0  0  0  0  0  101  0  101  101  101  0  0  0  101  101  0  0  101  0  0  0  101  101  0  101  0  0  0  0  101  0  0  0  0  0  101  101  101  0  101  0  0  0  0  101  0  101  101  0  0  

101  0  0  0  101  101  0  0  0  0  0  0  101  0  0  101  0  0  0  0  0  101  0  0  101  0  0  0  101  101  0  0  0  0  0  0  0  0  0  0  101  0  0  101  0  0  0  0  101  101  0  101  101  0  0  0  0  0  101  0  101  0  0  0  101  0  0  101  0  0  0  0  0  0  0  0  101  0  0  101  101  0  101  101  0  101  0  0  101  0  101  101  0  0  0  0  0  0  0  0  

0  0  0  101  0  0  0  0  0  0  0  0  0  0  0  101  101  0  0  0  0  0  101  0  0  101  0  0  0  101  0  101  0  0  0  0  0  0  0  0  0  0  0  0  0  0  101  0  0  0  0  0  0  0  0  0  0  0  0  0  101  0  0  101  0  0  0  0  0  0  0  0  0  0  0  101  101  0  0  0  0  0  101  101  0  0  0  0  0  0  101  101  0  0  0  0  101  101  0  0  

0  101  0  0  0  0  101  0  0  0  0  0  0  0  0  101  0  101  0  0  0  0  0  0  0  0  101  101  0  101  0  101  101  0  0  0  0  0  0  0  101  0  0  0  0  0  0  0  0  101  0  101  0  0  0  0  0  0  0  0  0  0  0  0  0  0  0  0  0  0  0  0  101  0  101  0  0  0  0  0  0  0  0  0  101  0  0  101  101  0  0  0  0  101  0  0  0  0  0  101  

0  0  0  101  101  0  0  101  101  0  101  101  0  0  0  0  0  0  101  0  0  0  101  0  0  0  101  101  0  0  101  0  0  101  0  0  0  0  0  0  101  0  101  0  0  0  101  0  0  0  0  101  101  101  0  101  0  101  101  101  0  0  0  101  101  0  101  0  101  0  0  0  0  101  101  0  0  101  0  0  0  101  0  101  101  0  0  0  101  0  0  101  0  0  101  0  0  0  0  0  

101  0  0  0  0  0  0  101  101  101  101  0  0  0  0  0  101  101  0  101  0  0  0  0  101  0  0  0  101  0  101  0  0  0  0  101  0  101  0  0  0  0  101  101  0  101  101  0  101  0  101  0  101  101  0  0  101  0  0  0  101  0  0  0  0  101  0  0  101  0  101  0  101  101  0  0  101  0  101  0  0  0  101  0  0  0  101  0  0  0  101  101  0  0  0  0  0  0  101  0  

0  0  0  0  101  101  0  101  0  101  0  0  0  101  101  0  0  101  0  0  0  101  0  101  101  101  101  0  0  101  101  101  0  0  0  0  101  101  101  0  101  0  0  0  101  0  0  0  101  0  101  0  0  0  0  0  0  0  0  0  101  101  0  0  0  0  101  0  0  0  0  101  0  0  0  0  0  0  101  0  0  101  0  0  101  0  101  101  0  0  0  0  0  0  0  0  0  0  101  0  

101  101  0  101  0  101  0  0  0  101  0  0  0  0  0  0  101  101  101  0  0  0  0  101  0  0  0  101  101  101  101  101  0  0  101  101  0  0  0  0  101  101  0  0  0  0  0  0  0  0  101  0  0  101  101  0  101  0  0  0  101  0  0  0  0  101  0  0  0  0  0  0  101  0  0  0  0  0  101  0  0  0  0  0  101  0  0  101  0  101  0  101  0  101  0  0  0  0  0  0  

0  101  101  0  101  0  101  101  0  0  0  0  101  0  0  0  101  101  0  0  0  101  0  101  0  101  101  0  0  101  101  101  0  101  0  0  0  101  0  0  101  0  0  0  0  0  0  101  0  0  0  101  0  0  0  0  101  101  0  0  0  101  0  0  101  0  0  0  0  101  0  101  101  0  0  0  101  0  0  0  0  0  101  0  0  0  101  0  101  0  0  101  0  0  101  101  0  101  0  0  

0  0  0  0  0  0  0  0  0  101  0  0  0  0  101  0  0  101  0  101  0  0  101  0  0  0  101  0  0  0  0  0  101  0  0  0  0  101  101  101  0  101  0  0  101  0  0  0  101  0  101  101  101  101  0  0  0  0  0  0  101  0  0  0  0  101  0  0  0  0  0  0  0  0  0  101  0  0  101  0  0  101  0  0  0  0  0  101  101  0  0  0  0  0  0  0  101  0  101  0  

101  0  0  0  101  101  101  101  0  0  0  0  101  101  0  0  0  101  0  101  0  0  101  0  0  0  0  101  0  0  0  101  0  101  0  101  0  0  101  0  0  101  0  0  0  101  0  0  0  101  0  101  0  0  0  0  101  0  0  0  0  0  0  101  0  0  0  0  0  0  101  101  0  0  0  0  0  101  101  0  0  0  0  0  0  101  0  0  0  0  0  0  0  0  0  0  101  0  0  0  

101  0  0  0  101  0  101  0  0  0  101  0  0  101  101  0  0  0  0  101  0  101  0  0  0  0  0  0  0  0  101  0  0  0  101  0  0  0  0  0  0  101  0  0  0  0  0  0  101  0  0  0  0  0  101  0  0  101  0  0  101  101  0  0  101  0  101  0  0  0  101  0  101  0  0  101  101  101  0  101  0  0  0  0  0  101  101  0  0  0  101  0  0  0  101  101  0  0  101  0  

0  0  0  0  101  101  0  0  101  0  0  0  0  101  101  101  0  0  101  101  0  0  101  101  0  0  0  0  101  0  101  0  0  101  0  101  101  101  0  0  0  0  0  0  0  0  101  0  0  0  101  101  101  101  0  101  0  0  101  0  101  0  0  101  0  101  0  0  101  0  101  101  0  101  0  0  0  0  0  0  0  101  0  0  0  0  0  101  101  0  101  101  101  101  0  101  0  0  0  0  

0  0  0  0  0  0  0  0  0  0  0  0  0  0  0  0  101  0  101  0  0  0  101  0  0  0  0  0  0  101  0  0  0  0  0  101  101  101  0  0  0  101  101  0  0  0  0  101  0  0  0  0  101  0  0  101  0  0  0  0  0  0  101  0  0  101  101  0  0  0  0  0  0  101  101  0  101  101  101  101  0  101  0  0  0  0  0  0  0  0  0  0  0  0  101  0  0  0  101  0  

0  101  101  101  0  0  0  0  0  0  0  101  0  0  101  0  101  0  101  0  101  0  0  0  0  0  0  0  101  101  0  101  101  0  0  101  101  101  101  0  0  0  101  0  101  0  0  101  0  0  0  0  0  0  101  0  101  0  101  0  0  101  101  101  0  0  101  0  101  0  0  101  0  101  101  0  0  101  0  101  0  0  0  0  0  101  0  0  0  0  0  0  101  0  101  0  0  0  0  0  

101  0  0  0  0  101  0  101  101  0  0  101  0  0  0  0  0  0  0  101  101  101  101  0  0  0  0  0  0  101  0  0  101  101  0  0  0  101  101  101  0  0  0  101  0  0  0  0  0  101  0  0  0  0  0  0  101  101  101  0  0  101  0  0  0  0  0  0  101  0  0  0  0  101  0  0  101  101  0  0  0  0  101  101  101  0  0  101  101  101  101  101  101  0  0  0  0  0  0  0  

101  0  0  0  0  101  0  0  0  101  101  0  0  0  101  0  101  101  101  101  0  0  0  0  0  0  0  0  0  0  0  0  101  0  0  0  0  0  101  101  0  101  101  0  0  0  101  0  0  0  0  0  101  0  0  0  0  0  0  0  101  0  101  0  0  0  0  0  0  101  101  0  0  101  0  0  0  0  0  0  0  0  101  0  0  101  0  0  0  0  0  101  0  0  101  0  101  0  101  0  

0  101  0  101  0  0  0  0  101  0  101  101  0  0  101  0  0  0  0  0  101  101  0  0  101  0  101  101  0  101  101  101  0  0  0  0  0  0  0  0  101  0  0  101  101  101  0  0  101  0  101  0  101  101  0  101  0  101  101  101  0  0  101  0  0  0  0  0  0  0  0  0  101  101  101  101  0  101  0  0  0  101  0  0  101  101  0  0  101  0  0  0  101  0  0  101  0  0  0  0  

0  101  101  0  101  0  0  101  0  0  101  101  101  0  0  0  0  0  101  0  0  0  0  0  0  0  0  0  0  0  101  0  101  101  101  0  101  0  0  101  0  101  0  101  101  0  0  0  101  0  0  0  0  0  101  0  0  0  101  0  0  101  0  101  0  0  0  0  0  101  0  0  0  0  0  0  0  101  101  101  0  0  0  0  101  101  101  101  0  0  101  0  0  101  0  101  0  101  0  0  

101  0  0  101  0  0  0  101  0  101  0  0  0  0  0  0  101  101  0  0  101  101  0  0  0  0  0  101  101  0  0  0  0  0  0  0  101  101  0  101  0  0  101  101  0  0  101  0  0  0  0  0  0  101  0  0  0  0  0  0  0  101  0  101  0  0  0  101  0  0  0  101  0  0  0  0  0  0  0  0  0  0  101  101  0  0  0  0  0  101  0  101  0  101  0  0  0  0  0  0  

0  0  101  0  101  0  0  0  0  101  0  0  0  0  0  0  0  101  0  0  0  101  0  101  101  0  0  0  101  0  0  0  0  0  0  0  0  0  101  0  101  101  101  101  101  0  0  0  0  0  0  0  101  0  0  0  0  101  101  0  0  0  0  101  101  0  0  0  0  101  101  101  0  0  0  0  0  0  101  101  101  101  0  0  0  101  0  101  0  0  0  101  0  101  101  0  0  0  0  0  

0  0  101  0  0  0  101  0  0  101  101  101  101  0  0  0  0  0  0  101  0  0  101  0  0  0  0  0  0  101  0  0  101  0  0  0  0  101  0  0  101  101  0  101  101  0  0  101  0  0  0  101  0  0  0  0  0  0  0  101  0  0  0  0  0  0  101  0  0  0  101  0  0  0  0  0  0  0  0  0  101  0  0  0  101  0  0  101  0  0  0  0  0  0  0  0  101  0  0  0  

0  0  0  0  0  0  0  0  0  0  0  0  0  101  101  0  0  0  101  0  0  0  0  0  0  0  0  0  101  0  0  0  0  101  0  0  0  0  0  0  101  0  0  0  0  101  101  0  0  0  101  101  0  0  101  101  0  101  101  0  0  0  0  0  0  101  0  0  0  0  0  0  0  0  101  0  0  0  101  0  0  0  101  101  0  0  0  0  0  0  0  0  0  101  101  101  0  101  0  101  

0  0  0  101  0  101  0  0  0  0  0  0  0  0  101  101  101  0  0  0  0  0  0  0  0  101  0  101  101  0  0  0  0  0  0  101  0  0  0  101  0  0  101  0  0  101  101  101  0  0  0  0  101  0  0  0  101  0  101  101  101  0  0  101  0  101  101  0  0  0  101  101  0  101  0  0  0  0  0  0  101  0  0  0  0  0  0  0  0  0  0  0  0  101  101  101  101  101  0  0  

0  0  101  0  0  0  0  0  0  0  0  0  0  0  101  0  0  0  0  0  101  101  0  101  0  0  0  0  0  0  0  101  0  0  0  0  101  101  0  0  0  0  0  0  101  0  101  101  101  0  0  101  0  101  0  0  0  0  101  0  0  0  101  0  0  0  0  0  0  0  0  101  0  101  101  0  101  101  0  0  0  0  0  101  0  0  0  101  0  0  0  101  0  0  0  101  0  0  0  0  

0  101  101  0  0  101  0  0  0  101  0  101  0  0  0  0  101  0  0  101  0  0  0  0  101  0  0  0  101  101  0  0  101  0  101  0  0  0  0  0  101  101  0  0  0  0  0  101  101  101  0  0  101  0  0  0  0  0  101  101  101  0  0  0  0  0  101  0  101  0  0  0  0  101  0  101  101  101  0  101  0  0  101  0  0  101  101  0  0  101  0  101  0  0  101  0  0  101  0  101  

0  0  0  0  101  101  0  0  101  0  0  0  101  101  0  0  0  0  101  0  101  0  0  101  101  0  101  0  0  0  0  0  0  101  0  0  0  0  101  0  0  0  0  0  0  0  0  0  101  101  0  101  0  0  101  101  101  101  0  0  0  0  0  0  0  101  0  0  101  0  0  101  0  101  0  101  0  0  0  0  0  0  0  0  101  0  0  101  0  0  0  0  0  0  0  101  101  0  0  0  

0  0  101  101  0  0  0  0  0  101  101  0  0  0  0  101  0  0  0  0  0  101  0  0  0  0  0  0  101  101  101  0  101  0  0  101  0  0  0  0  101  0  0  0  0  101  0  0  0  0  101  0  0  0  0  0  0  101  0  0  0  101  0  101  0  0  0  101  0  0  101  101  101  0  0  0  0  101  0  0  0  0  0  0  0  0  0  0  101  0  0  101  0  0  0  0  101  0  101  0  

101  0  0  0  0  0  0  0  0  0  0  0  0  0  101  0  0  0  0  0  101  0  0  0  101  0  101  101  0  0  0  101  101  101  0  101  0  0  0  0  0  0  0  0  101  101  0  101  0  101  0  101  0  0  101  0  0  0  101  101  0  101  101  101  0  0  101  0  0  0  101  101  0  0  0  0  0  0  0  101  101  0  101  0  0  0  0  0  0  0  101  0  0  0  0  101  101  0  0  0  

0  0  0  101  0  0  0  101  0  101  0  0  101  0  0  0  0  0  0  101  101  0  101  0  101  0  0  101  101  0  0  0  101  0  0  101  101  0  0  101  101  0  0  101  0  0  101  0  101  0  0  0  101  0  101  0  0  0  0  101  0  101  101  0  0  101  0  101  0  101  101  0  0  101  101  101  0  0  0  0  0  0  0  101  101  0  0  101  101  0  101  0  101  101  0  101  0  0  101  0  

101  0  0  0  0  0  0  101  0  0  0  0  0  101  101  101  0  0  0  0  0  0  0  0  0  0  0  101  101  0  101  0  101  0  0  101  0  0  0  0  101  0  101  0  0  0  0  101  0  0  0  0  0  101  0  0  0  0  0  101  0  101  0  0  0  0  101  0  0  0  101  0  0  101  0  0  101  0  101  0  101  0  101  101  0  0  101  0  0  0  0  0  0  0  0  0  0  0  101  0  

0  0  101  0  0  0  0  0  101  0  0  101  0  0  0  0  101  0  0  101  0  0  0  0  0  0  0  0  0  0  101  0  0  0  101  0  0  101  0  0  0  101  0  0  0  101  0  0  0  101  0  101  101  0  101  0  0  101  0  0  101  101  0  0  0  0  0  101  101  101  0  0  101  0  0  0  101  0  0  0  101  0  0  0  101  101  0  0  0  0  0  0  0  0  0  101  0  0  0  101  

0  101  0  0  0  0  0  0  0  0  0  0  101  0  0  0  101  0  0  0  0  0  0  101  0  0  0  101  0  0  0  0  0  0  0  101  101  0  0  0  101  0  0  0  0  101  0  0  0  101  0  0  0  0  0  101  0  0  101  0  0  101  0  101  0  0  0  0  101  0  0  0  0  0  0  0  0  0  101  101  101  101  0  101  101  101  0  0  101  0  0  0  101  0  0  0  0  0  0  0  

101  0  0  0  101  101  0  101  0  0  0  101  101  0  0  0  0  101  0  0  0  0  0  0  0  0  0  0  101  0  101  101  0  101  0  0  0  101  101  0  0  0  0  0  0  0  101  0  0  101  0  0  0  0  0  0  101  0  0  101  0  101  0  0  0  101  0  0  101  0  0  0  0  0  0  101  101  101  0  0  0  101  0  0  0  101  0  0  0  0  101  0  0  0  0  101  101  0  0  0  

101  101  101  101  101  101  0  0  0  0  0  0  0  101  0  0  101  0  101  0  0  0  0  101  0  0  0  101  0  0  0  101  0  0  101  0  0  0  101  0  101  0  0  101  0  101  0  0  0  101  101  0  0  0  101  0  0  101  101  0  0  0  0  101  0  0  0  0  0  101  0  0  0  0  101  0  0  0  0  101  0  0  101  0  0  101  101  101  0  101  101  0  101  101  0  0  0  0  101  101  

101  0  0  0  0  101  101  0  0  101  101  0  0  0  0  0  0  101  101  0  0  0  0  101  101  0  0  101  0  0  0  0  0  0  0  101  0  101  101  0  101  101  0  101  0  101  101  101  101  0  0  101  0  0  0  101  0  101  101  0  0  0  0  0  0  0  0  0  0  101  101  0  0  101  0  0  101  0  0  0  0  0  0  0  0  0  0  101  101  101  0  101  101  0  101  0  101  0  0  0  

101  0  0  0  0  101  101  0  101  0  0  101  0  0  0  0  101  0  101  0  101  0  0  101  0  0  0  101  0  0  0  0  0  0  0  0  0  0  0  0  101  0  0  0  101  0  101  0  101  0  0  101  101  101  0  0  101  0  0  101  0  0  101  0  0  101  0  0  0  0  0  0  101  0  0  0  0  0  0  0  101  0  101  0  101  0  0  0  0  0  101  0  0  0  101  0  0  0  0  0  

0  0  0  0  0  0  0  0  0  0  0  0  101  0  0  0  0  0  0  0  101  101  0  0  101  101  0  0  101  101  101  0  101  0  101  101  0  0  0  101  0  0  0  0  0  0  101  0  101  0  0  0  0  0  101  0  0  0  0  0  101  101  101  0  0  0  0  0  101  0  101  0  101  0  0  0  0  101  0  0  0  101  101  101  0  101  0  0  0  0  0  0  101  101  101  0  0  0  0  0  

0  101  0  0  0  0  0  0  101  0  0  0  101  0  101  101  0  101  0  0  101  0  0  0  0  0  0  0  0  101  0  101  0  0  101  0  0  101  101  0  0  101  101  0  0  0  0  0  0  0  101  101  101  101  101  101  101  0  0  0  101  101  0  101  0  0  0  0  0  0  101  0  101  101  0  0  101  0  101  0  0  0  0  0  101  101  0  0  101  0  101  0  0  0  0  0  101  0  0  0  

101  0  0  101  101  0  101  0  101  0  101  0  0  0  0  0  0  101  0  0  0  101  0  0  0  0  0  0  0  0  0  0  0  0  0  0  101  101  0  101  101  0  0  0  0  0  0  101  0  0  0  101  101  0  0  0  0  0  0  101  101  0  101  101  101  101  0  0  0  0  101  0  0  101  0  101  0  0  0  0  0  0  101  0  101  101  0  0  0  0  0  0  0  101  0  0  0  0  101  0  

0  0  101  0  101  101  101  0  101  0  0  101  0  0  101  101  0  0  0  0  101  0  0  101  0  101  0  101  0  0  0  0  0  101  0  101  0  101  0  0  0  101  101  101  0  0  101  0  0  0  101  101  0  0  0  101  0  101  0  0  0  101  101  101  101  101  101  0  101  0  0  0  101  0  0  0  0  101  101  101  0  0  0  0  0  101  0  0  0  0  0  0  101  0  0  0  101  0  0  0  

101  0  101  0  101  0  0  101  101  0  0  0  0  0  0  0  101  101  101  0  101  0  101  101  101  0  0  101  0  0  0  101  0  0  101  0  0  0  0  0  0  0  0  101  0  0  0  0  0  0  0  0  0  0  0  0  0  0  0  0  0  0  101  101  101  0  0  101  101  0  101  0  101  0  101  0  0  101  0  0  0  0  0  0  101  0  101  0  0  101  101  101  0  0  0  0  0  0  101  101  

0  0  0  101  101  101  101  0  0  0  101  0  0  0  0  101  0  0  0  0  0  0  101  0  0  0  0  0  101  0  101  0  101  0  0  101  101  0  0  0  0  0  0  0  0  101  101  0  0  101  0  0  101  0  0  0  101  0  0  101  0  0  101  101  0  101  101  0  101  0  0  0  0  101  0  101  101  101  101  101  0  0  0  0  0  0  0  0  101  0  0  0  101  0  0  101  0  0  101  0  

101  101  0  101  0  0  101  0  101  101  0  101  0  0  101  0  0  0  0  0  0  0  0  0  0  0  0  101  0  101  0  0  0  0  101  0  101  101  0  0  0  0  0  0  101  0  101  0  101  0  0  101  0  101  0  0  0  0  0  0  0  0  0  101  0  101  101  101  0  101  101  0  0  0  101  0  0  101  0  101  0  0  0  0  101  0  0  0  0  0  0  0  0  0  101  0  0  0  0  101  

0  0  0  0  0  101  0  101  0  0  0  101  0  0  0  0  0  0  101  0  101  0  101  101  101  0  0  0  0  0  0  0  0  0  0  0  0  0  0  0  0  0  101  0  0  0  0  0  0  0  101  0  101  0  101  0  0  0  0  0  0  0  0  0  101  0  101  101  101  0  0  0  0  0  0  101  0  0  101  101  0  101  101  0  101  0  0  0  0  0  0  0  0  101  0  101  0  0  101  0  

0  0  101  0  0  0  0  0  101  101  0  0  0  101  0  0  0  0  0  0  0  0  101  0  0  0  0  101  101  0  0  0  0  0  0  101  0  101  101  0  0  0  0  0  0  0  0  0  101  101  0  0  0  0  101  101  101  0  0  0  101  0  0  101  101  101  0  101  101  0  0  0  0  0  0  101  0  0  101  0  101  0  0  0  101  0  0  0  0  101  101  0  0  101  101  0  0  101  0  0  

0  0  0  0  101  0  101  0  0  101  0  0  101  101  101  0  101  101  0  0  0  0  0  0  0  0  0  0  0  0  0  101  0  0  0  0  0  0  0  101  0  101  0  101  0  0  0  0  0  0  0  0  101  0  101  0  0  101  101  0  0  0  0  0  0  0  101  0  0  101  0  101  0  0  0  101  101  0  0  0  0  101  0  0  0  0  0  0  101  0  101  0  0  0  0  0  0  101  0  0  

0  0  0  0  0  0  0  0  101  0  0  0  0  0  0  0  0  0  0  0  0  101  0  0  0  0  0  0  101  0  0  0  0  101  101  101  0  0  0  101  0  0  0  101  101  0  101  0  0  0  101  101  101  101  0  0  0  0  101  0  101  101  101  0  101  0  101  0  0  0  101  101  0  0  0  0  101  101  101  101  0  0  0  0  0  0  0  0  0  0  101  101  0  0  0  0  0  0  0  0  

0  0  0  0  0  0  101  0  101  101  0  0  0  101  0  0  0  0  0  101  0  101  0  101  0  0  0  0  0  101  0  101  0  101  0  101  0  101  0  0  0  0  101  101  0  0  101  101  0  101  101  101  0  0  0  0  0  0  0  0  0  0  0  0  0  0  0  0  0  101  101  101  101  101  0  101  0  101  0  101  0  101  0  0  101  101  101  0  0  0  0  0  0  0  0  0  101  0  0  0  

0  0  0  0  0  101  101  101  0  0  0  0  0  0  101  101  101  0  0  0  0  0  0  101  0  0  101  0  101  0  101  101  0  0  101  0  0  0  0  0  101  0  0  0  0  0  0  0  0  0  101  0  0  0  101  0  0  0  0  101  101  101  0  101  101  0  0  0  0  0  0  101  101  101  0  101  0  101  0  101  0  0  0  0  0  0  0  0  0  0  101  0  0  101  101  0  0  0  0  101  

0  0  101  0  0  0  101  101  0  0  101  0  0  0  101  0  0  0  0  101  0  0  0  0  0  0  0  101  101  0  0  0  0  0  0  101  101  101  101  101  101  0  0  0  0  0  101  101  101  101  0  0  101  101  0  0  0  0  101  0  0  101  101  0  0  101  0  0  0  0  0  101  101  101  0  0  0  0  0  0  0  0  0  0  0  101  0  0  0  101  101  101  0  0  0  0  101  0  101  0  

101  101  101  0  0  0  0  101  0  0  0  0  0  0  101  101  101  101  0  0  101  0  101  101  0  0  101  101  0  0  0  0  0  0  0  0  101  101  0  0  101  0  0  0  0  101  0  101  0  0  0  0  101  0  0  0  0  101  0  0  0  0  0  0  101  0  101  0  0  0  0  0  0  0  101  0  101  0  101  101  0  101  0  101  0  0  0  0  101  101  0  0  101  101  0  101  0  0  0  0  

0  101  101  0  0  0  0  101  0  0  0  0  101  0  101  0  0  0  0  0  0  0  0  0  0  101  0  0  0  0  0  0  101  0  101  0  0  0  0  0  101  0  0  0  0  0  0  0  101  101  0  0  101  0  0  0  101  0  0  0  0  0  101  0  0  101  0  101  101  101  0  101  101  0  0  101  101  101  0  101  0  0  101  101  0  0  101  0  101  0  0  101  0  101  0  101  0  0  0  0  

101  0  0  0  101  101  0  0  0  0  0  0  0  101  101  101  0  0  101  101  0  0  0  0  101  101  0  0  101  0  0  101  0  0  101  0  101  0  101  0  0  0  0  0  0  0  0  101  101  0  0  0  0  101  101  0  101  0  101  0  0  101  0  0  0  101  0  0  0  101  101  0  0  0  101  101  101  101  0  0  101  0  0  101  0  101  0  0  0  0  0  0  0  0  0  101  0  0  101  0  

0  101  0  0  0  0  0  101  0  0  0  0  0  0  0  101  0  0  0  101  101  0  0  0  0  0  0  101  0  0  0  0  0  101  101  0  101  101  101  0  101  101  0  0  0  0  0  101  101  0  101  0  0  0  0  0  101  0  0  0  101  0  0  101  101  101  101  0  0  0  101  101  101  0  0  101  101  101  101  0  101  0  0  101  0  0  0  101  0  0  0  0  0  101  101  0  0  101  101  0  

101  101  101  0  0  0  101  101  0  0  101  0  101  0  0  0  0  101  0  0  0  0  101  0  0  0  0  0  101  101  101  0  101  101  0  0  101  0  0  0  0  101  0  101  0  101  0  0  0  0  0  0  0  101  0  101  0  0  0  0  0  101  0  101  0  101  0  101  101  0  101  0  0  0  101  0  0  101  101  0  101  0  0  101  0  101  0  0  0  0  0  0  101  0  0  101  0  0  0  101  

101  0  101  101  0  101  0  0  101  0  0  0  0  101  0  101  101  0  101  0  0  0  0  101  101  0  0  0  0  0  0  0  0  0  101  0  101  101  0  0  0  101  0  101  0  0  0  0  101  0  0  101  0  0  0  101  0  101  0  0  0  0  0  101  0  101  101  101  0  0  101  101  101  0  101  101  0  0  0  101  0  0  0  0  0  0  0  101  101  0  0  0  101  101  0  0  0  101  101  0  

101  0  0  0  0  101  0  0  0  0  101  0  101  101  0  0  0  101  101  0  101  0  0  0  101  0  0  0  0  0  0  0  0  0  0  0  0  0  0  0  0  0  0  101  101  0  101  0  0  0  0  101  0  101  101  101  0  0  0  101  0  0  0  0  0  0  0  0  101  0  0  0  0  0  0  0  101  101  101  0  101  101  0  101  101  0  101  101  0  101  101  0  0  0  101  0  101  0  0  0  

101  0  0  0  0  0  0  101  0  0  101  0  101  101  0  0  0  0  101  0  0  0  0  0  0  0  0  101  0  101  0  0  101  0  0  101  101  0  0  0  101  0  0  101  0  0  0  0  0  0  0  0  0  0  0  101  101  0  0  0  101  0  0  0  0  0  0  101  0  101  0  101  0  0  101  0  0  0  0  0  101  101  0  0  0  101  0  101  101  101  0  0  101  101  101  0  0  0  0  0  

0  0  0  0  0  101  101  0  0  0  0  101  0  0  0  101  0  0  0  0  0  0  101  0  101  101  0  0  101  0  0  101  0  0  0  0  0  0  101  101  0  0  101  0  0  101  0  0  101  0  0  101  0  101  0  0  0  101  0  101  101  0  101  0  0  0  0  101  0  0  0  0  0  0  0  101  0  0  0  0  0  0  101  0  0  0  0  0  0  101  0  101  0  101  101  0  0  0  101  0  

0  0  0  0  0  101  0  0  0  101  0  0  101  0  0  0  0  101  0  0  101  0  0  0  101  101  0  101  0  0  0  0  0  0  0  0  0  0  101  0  0  0  101  0  0  101  0  101  0  0  0  0  101  101  0  101  0  0  0  0  101  0  0  0  0  0  0  0  0  0  0  0  0  0  101  101  101  101  101  0  101  0  0  101  0  0  0  101  101  0  0  0  0  101  0  101  0  0  0  0  

0  101  0  0  0  0  0  0  101  0  101  0  0  0  0  0  0  0  0  0  0  0  0  0  0  0  101  101  0  101  101  0  0  0  0  0  0  0  101  0  101  101  0  0  101  0  0  0  0  101  0  0  101  0  101  101  0  0  0  101  0  101  101  0  101  0  101  101  101  0  0  101  0  0  0  0  0  0  0  0  101  0  0  0  101  0  0  0  0  0  0  0  0  0  0  0  0  0  0  0  

101  101  0  101  0  0  0  0  0  0  0  0  0  101  0  0  0  101  101  0  0  101  0  101  101  0  0  0  0  0  0  0  0  101  101  0  0  101  0  101  101  101  0  101  0  0  0  0  101  0  0  0  0  0  101  101  101  101  0  0  101  101  101  101  0  0  0  0  0  0  0  101  0  101  0  0  101  0  101  0  0  101  0  0  0  101  0  0  101  101  101  0  101  101  0  101  101  0  101  0  

0  0  0  0  101  101  0  0  101  101  101  101  101  0  0  0  0  0  0  0  0  0  0  101  0  0  0  0  101  101  0  101  0  0  101  0  0  0  0  0  0  101  0  0  0  0  0  0  101  0  0  0  0  101  0  0  0  101  0  0  0  0  0  0  101  0  0  0  0  0  0  101  0  0  0  101  0  0  0  0  101  0  0  0  0  0  101  0  0  101  0  0  0  0  0  0  0  0  0  101  

0  101  0  101  101  0  0  101  0  0  0  0  0  0  101  101  0  101  101  0  101  0  0  101  0  0  101  0  0  101  101  0  101  0  0  101  0  0  101  0  0  101  0  101  101  0  0  101  0  101  0  0  101  0  0  0  0  101  101  0  0  0  0  0  0  0  0  0  0  0  0  0  0  0  0  0  0  101  0  101  101  101  0  101  0  0  0  101  0  0  0  0  0  0  0  0  0  0  0  0  

0  101  0  0  101  0  101  0  101  0  0  0  101  0  0  0  101  0  0  101  0  0  0  0  101  0  101  101  0  0  0  101  101  0  0  101  0  0  101  0  101  0  0  0  0  0  0  0  0  0  101  0  101  0  0  101  0  0  101  0  0  101  0  0  0  101  0  0  0  101  0  0  0  0  101  101  0  0  0  101  0  101  0  101  0  101  0  0  101  0  0  101  101  0  0  101  0  0  0  0  

0  101  0  0  101  0  0  0  0  0  0  0  101  0  101  0  101  0  101  0  0  0  0  101  0  0  0  0  0  0  101  0  0  0  0  0  0  0  101  0  0  0  101  0  0  0  0  0  101  0  0  0  0  0  0  0  0  101  101  0  0  0  0  0  101  0  0  0  101  0  0  0  0  101  101  0  0  0  0  0  101  101  101  0  0  101  101  0  0  101  0  0  0  0  0  0  101  0  0  0  

0  101  0  0  0  0  0  0  0  0  101  101  101  101  0  0  101  0  0  0  0  101  101  0  101  101  0  0  101  0  0  0  0  0  101  101  0  0  101  0  0  101  0  0  0  0  0  0  0  0  0  101  101  0  0  0  101  101  0  101  0  101  0  0  101  0  0  0  101  101  101  0  101  101  0  0  0  0  0  0  101  0  0  0  0  101  0  0  0  0  101  0  0  0  0  0  0  0  101  0  

0  101  101  0  101  0  0  101  101  0  101  101  0  0  0  0  0  101  0  101  0  101  101  0  101  101  0  101  101  0  101  101  0  0  0  101  0  0  101  101  0  0  101  101  0  0  0  101  101  0  101  0  0  0  0  0  0  0  101  0  0  0  0  0  101  0  0  0  0  0  101  0  0  101  0  101  0  0  0  0  0  0  101  0  0  0  0  0  101  0  0  101  0  101  101  0  0  0  0  0  

0  0  0  0  101  101  101  101  0  0  0  101  101  0  101  0  0  0  101  0  0  101  0  0  0  0  0  0  0  0  0  0  0  0  0  101  0  101  101  0  101  0  0  0  0  0  0  0  0  0  0  0  101  0  0  101  0  101  101  0  101  0  0  101  0  101  0  0  0  0  0  0  0  0  101  0  0  0  101  101  0  101  0  0  0  101  0  0  101  0  0  0  101  0  101  0  0  0  0  0  

0  0  101  0  101  0  0  0  0  0  0  0  0  101  101  101  0  0  0  0  0  0  0  0  0  0  101  0  0  0  101  0  0  0  0  101  0  0  0  0  0  101  101  101  0  101  101  0  0  0  0  0  101  0  0  0  0  101  0  0  101  0  101  0  0  0  0  101  101  0  0  0  101  0  101  101  0  101  0  101  0  101  101  101  0  101  0  0  0  0  0  101  0  101  101  101  0  101  0  0  

0  0  0  0  0  101  0  0  101  0  101  101  101  0  0  0  101  101  0  101  0  0  0  101  0  0  0  101  0  0  0  101  0  0  101  0  101  101  0  101  0  0  0  101  0  101  101  0  101  0  0  0  0  0  0  0  0  0  101  101  101  0  0  0  0  0  101  0  101  0  0  0  101  0  0  0  0  101  0  0  101  101  101  0  0  0  0  0  0  0  0  101  101  101  101  101  0  0  0  0  

101  0  0  101  101  0  0  0  101  0  0  0  101  0  0  0  0  101  0  0  101  0  0  0  0  0  0  0  0  0  0  101  0  0  101  101  0  0  0  0  101  101  0  0  0  101  101  101  0  101  0  101  101  0  101  0  101  0  0  0  0  0  0  0  0  101  0  101  0  0  0  0  0  0  101  101  101  0  101  0  0  0  0  101  0  101  0  0  101  0  0  0  0  101  101  101  0  0  0  101  

101  0  101  0  0  0  0  0  0  0  101  0  0  0  0  0  0  0  0  101  0  101  0  101  0  101  0  0  0  0  0  0  101  101  0  0  0  0  0  101  0  0  0  0  101  0  101  0  0  101  101  101  0  0  0  0  101  0  101  0  0  101  0  101  0  0  0  0  0  0  0  101  0  101  0  0  0  0  0  0  101  0  0  0  0  101  0  0  0  101  0  0  0  0  0  0  101  101  0  101  

0  0  0  101  101  0  0  0  0  101  0  0  0  0  0  0  0  0  0  101  0  101  0  101  0  101  0  0  0  0  0  101  0  0  0  0  0  0  0  0  0  101  0  0  0  101  101  0  101  0  0  0  0  0  0  0  0  0  0  0  0  0  0  0  0  0  0  0  101  101  0  0  0  0  0  0  0  101  0  101  0  0  0  0  0  0  0  0  0  0  0  0  0  101  0  0  101  101  101  101  

0  0  0  0  0  0  0  0  101  0  0  101  0  0  101  0  0  101  0  0  101  101  101  0  0  0  0  0  101  101  0  0  101  0  101  0  101  0  0  101  0  0  0  0  0  0  0  0  0  0  101  0  101  101  0  0  0  101  0  0  0  0  101  0  101  101  0  101  0  0  0  0  0  101  0  0  101  101  0  101  0  0  101  0  0  101  0  0  0  0  101  0  0  0  0  0  0  101  101  0  

0  0  101  0  0  101  101  0  101  101  0  0  0  0  0  0  0  0  0  0  0  0  0  0  0  0  101  0  0  0  0  0  0  0  0  0  0  0  0  0  0  0  0  0  0  101  0  0  101  0  0  0  0  0  101  0  0  101  0  0  0  0  0  0  101  0  101  0  0  0  0  0  101  0  0  0  0  0  101  0  0  0  0  0  0  0  101  0  0  0  0  0  0  0  0  101  101  101  0  101  

UnPairedArc=
1 5 
1 7 
1 10 
1 12 
1 13 
1 15 
1 23 
1 24 
1 25 
1 29 
1 31 
1 34 
1 35 
1 39 
1 40 
1 43 
1 52 
1 54 
1 57 
1 58 
1 59 
1 60 
1 63 
1 65 
1 67 
1 75 
1 77 
1 79 
1 80 
1 81 
1 82 
1 86 
1 96 
1 97 
2 3 
2 4 
2 5 
2 9 
2 11 
2 13 
2 15 
2 17 
2 19 
2 21 
2 22 
2 27 
2 31 
2 32 
2 38 
2 41 
2 42 
2 49 
2 56 
2 58 
2 62 
2 67 
2 75 
2 76 
2 78 
2 79 
2 85 
2 86 
2 88 
2 89 
2 90 
2 91 
2 92 
3 10 
3 17 
3 18 
3 22 
3 32 
3 38 
3 42 
3 44 
3 45 
3 48 
3 49 
3 51 
3 55 
3 58 
3 64 
3 65 
3 69 
3 74 
3 75 
3 76 
3 79 
3 80 
3 92 
3 94 
3 97 
3 100 
4 10 
4 12 
4 16 
4 18 
4 20 
4 22 
4 26 
4 28 
4 31 
4 38 
4 41 
4 43 
4 47 
4 51 
4 53 
4 58 
4 63 
4 66 
4 67 
4 80 
4 86 
4 88 
4 96 
4 98 
5 6 
5 11 
5 13 
5 14 
5 15 
5 19 
5 20 
5 21 
5 23 
5 25 
5 28 
5 30 
5 32 
5 34 
5 35 
5 36 
5 42 
5 44 
5 50 
5 57 
5 58 
5 63 
5 64 
5 65 
5 66 
5 70 
5 77 
5 87 
5 88 
5 89 
5 90 
5 92 
5 93 
5 94 
5 96 
5 98 
6 10 
6 16 
6 21 
6 25 
6 30 
6 31 
6 34 
6 36 
6 39 
6 40 
6 47 
6 49 
6 50 
6 57 
6 58 
6 59 
6 60 
6 64 
6 66 
6 68 
6 73 
6 77 
6 80 
6 81 
6 83 
6 84 
6 87 
6 93 
6 95 
6 100 
7 9 
7 10 
7 14 
7 22 
7 23 
7 27 
7 32 
7 34 
7 35 
7 45 
7 59 
7 60 
7 63 
7 64 
7 66 
7 67 
7 70 
7 72 
7 73 
7 74 
7 79 
7 83 
7 89 
7 93 
7 100 
8 10 
8 11 
8 13 
8 19 
8 24 
8 28 
8 29 
8 30 
8 32 
8 34 
8 39 
8 42 
8 43 
8 53 
8 54 
8 57 
8 65 
8 68 
8 73 
8 74 
8 75 
8 76 
8 78 
8 79 
8 82 
8 88 
8 92 
8 93 
9 11 
9 16 
9 17 
9 19 
9 20 
9 22 
9 23 
9 28 
9 29 
9 36 
9 39 
9 41 
9 50 
9 55 
9 60 
9 62 
9 63 
9 64 
9 65 
9 67 
9 69 
9 71 
9 72 
9 80 
9 85 
9 87 
9 89 
9 92 
9 95 
9 96 
9 99 
9 100 
10 15 
10 20 
10 22 
10 23 
10 29 
10 30 
10 31 
10 33 
10 40 
10 43 
10 44 
10 45 
10 49 
10 51 
10 53 
10 59 
10 67 
10 69 
10 70 
10 72 
10 84 
10 87 
10 98 
10 100 
11 15 
11 18 
11 21 
11 28 
11 29 
11 35 
11 40 
11 41 
11 42 
11 45 
11 51 
11 59 
11 63 
11 66 
11 74 
11 79 
11 81 
11 82 
11 85 
11 87 
11 91 
11 92 
11 95 
11 97 
12 13 
12 18 
12 19 
12 24 
12 28 
12 38 
12 39 
12 41 
12 42 
12 45 
12 49 
12 55 
12 57 
12 60 
12 64 
12 67 
12 68 
12 83 
12 87 
12 91 
12 92 
12 93 
12 95 
12 99 
13 14 
13 19 
13 20 
13 23 
13 25 
13 32 
13 34 
13 42 
13 45 
13 50 
13 53 
13 56 
13 57 
13 61 
13 62 
13 70 
13 76 
13 79 
13 81 
13 82 
13 84 
13 87 
13 89 
13 90 
13 91 
13 93 
13 95 
13 96 
14 16 
14 20 
14 22 
14 30 
14 34 
14 35 
14 36 
14 46 
14 50 
14 54 
14 58 
14 69 
14 70 
14 72 
14 77 
14 80 
14 81 
14 82 
14 86 
14 91 
14 94 
15 19 
15 24 
15 30 
15 33 
15 35 
15 36 
15 38 
15 40 
15 41 
15 46 
15 47 
15 48 
15 52 
15 54 
15 62 
15 64 
15 67 
15 70 
15 73 
15 74 
15 75 
15 76 
15 77 
15 88 
15 90 
15 93 
15 94 
15 99 
16 25 
16 26 
16 27 
16 36 
16 47 
16 51 
16 54 
16 62 
16 64 
16 66 
16 73 
16 75 
16 77 
16 78 
16 80 
16 83 
16 88 
16 94 
17 21 
17 22 
17 26 
17 29 
17 31 
17 32 
17 37 
17 38 
17 40 
17 43 
17 47 
17 49 
17 55 
17 56 
17 58 
17 60 
17 65 
17 70 
17 73 
17 75 
17 80 
17 89 
17 90 
17 91 
17 95 
18 19 
18 23 
18 24 
18 27 
18 29 
18 30 
18 31 
18 32 
18 33 
18 34 
18 40 
18 43 
18 44 
18 57 
18 59 
18 62 
18 63 
18 65 
18 70 
18 75 
18 79 
18 81 
18 84 
18 86 
18 88 
18 92 
18 95 
18 96 
18 99 
19 24 
19 28 
19 31 
19 36 
19 37 
19 38 
19 40 
19 42 
19 46 
19 50 
19 58 
19 59 
19 60 
19 65 
19 68 
19 77 
19 80 
19 81 
19 82 
19 86 
19 88 
19 90 
19 93 
20 29 
20 33 
20 34 
20 35 
20 36 
20 39 
20 40 
20 45 
20 49 
20 53 
20 55 
20 72 
20 74 
20 77 
20 78 
20 89 
20 92 
20 95 
20 97 
20 98 
21 22 
21 38 
21 39 
21 41 
21 43 
21 48 
21 50 
21 52 
21 53 
21 60 
21 61 
21 62 
21 64 
21 65 
21 68 
21 75 
21 78 
21 81 
21 84 
21 88 
21 96 
21 99 
22 23 
22 25 
22 30 
22 32 
22 35 
22 39 
22 41 
22 43 
22 44 
22 48 
22 51 
22 61 
22 63 
22 71 
22 72 
22 86 
22 91 
22 92 
22 93 
22 97 
22 98 
22 99 
23 24 
23 26 
23 28 
23 33 
23 34 
23 36 
23 37 
23 39 
23 45 
23 53 
23 65 
23 66 
23 68 
23 69 
23 75 
23 79 
23 83 
23 91 
23 92 
23 99 
24 30 
24 31 
24 32 
24 36 
24 44 
24 48 
24 50 
24 56 
24 58 
24 59 
24 60 
24 64 
24 65 
24 68 
24 72 
24 73 
24 75 
24 80 
24 86 
24 87 
24 88 
24 90 
24 95 
24 97 
24 98 
25 29 
25 30 
25 41 
25 44 
25 49 
25 50 
25 52 
25 53 
25 59 
25 61 
25 65 
25 68 
25 77 
25 80 
25 81 
25 83 
25 84 
25 86 
25 89 
25 91 
25 92 
26 30 
26 32 
26 47 
26 61 
26 64 
26 76 
26 77 
26 83 
26 84 
26 91 
26 92 
26 97 
26 98 
27 28 
27 30 
27 32 
27 33 
27 41 
27 50 
27 52 
27 73 
27 75 
27 85 
27 88 
27 89 
27 94 
27 100 
28 31 
28 34 
28 41 
28 43 
28 47 
28 52 
28 53 
28 54 
28 56 
28 58 
28 59 
28 60 
28 64 
28 65 
28 67 
28 69 
28 74 
28 75 
28 78 
28 82 
28 84 
28 85 
28 89 
28 92 
28 95 
29 31 
29 36 
29 38 
29 43 
29 44 
29 46 
29 47 
29 49 
29 51 
29 53 
29 54 
29 57 
29 61 
29 66 
29 69 
29 71 
29 73 
29 74 
29 77 
29 79 
29 83 
29 87 
29 91 
29 92 
29 99 
30 31 
30 32 
30 37 
30 38 
30 39 
30 41 
30 45 
30 49 
30 51 
30 61 
30 62 
30 67 
30 72 
30 79 
30 82 
30 85 
30 87 
30 88 
30 99 
31 32 
31 35 
31 36 
31 41 
31 42 
31 51 
31 54 
31 55 
31 57 
31 61 
31 66 
31 73 
31 79 
31 85 
31 88 
31 90 
31 92 
31 94 
32 34 
32 38 
32 41 
32 48 
32 52 
32 57 
32 58 
32 62 
32 65 
32 70 
32 72 
32 73 
32 77 
32 83 
32 87 
32 89 
32 92 
32 95 
32 96 
32 98 
33 38 
33 39 
33 40 
33 42 
33 45 
33 49 
33 51 
33 52 
33 53 
33 54 
33 61 
33 66 
33 76 
33 79 
33 82 
33 88 
33 89 
33 97 
33 99 
34 36 
34 39 
34 42 
34 46 
34 50 
34 52 
34 57 
34 64 
34 71 
34 72 
34 78 
34 79 
34 86 
34 97 
35 42 
35 49 
35 55 
35 58 
35 61 
35 62 
35 65 
35 67 
35 71 
35 73 
35 76 
35 77 
35 78 
35 80 
35 86 
35 87 
35 91 
35 95 
35 96 
35 99 
36 37 
36 38 
36 47 
36 51 
36 52 
36 53 
36 54 
36 56 
36 59 
36 61 
36 64 
36 66 
36 69 
36 71 
36 72 
36 74 
36 82 
36 88 
36 89 
36 91 
36 92 
36 93 
36 94 
36 96 
37 38 
37 42 
37 43 
37 48 
37 53 
37 56 
37 63 
37 66 
37 67 
37 74 
37 75 
37 77 
37 78 
37 79 
37 80 
37 82 
37 95 
37 99 
38 39 
38 43 
38 45 
38 48 
38 55 
38 57 
38 59 
38 62 
38 63 
38 64 
38 67 
38 69 
38 72 
38 74 
38 75 
38 78 
38 80 
38 86 
38 93 
38 95 
39 40 
39 44 
39 50 
39 57 
39 58 
39 59 
39 62 
39 69 
39 74 
39 77 
39 78 
39 83 
39 84 
39 85 
39 88 
39 89 
39 90 
39 91 
39 92 
39 93 
40 42 
40 43 
40 47 
40 53 
40 61 
40 63 
40 70 
40 71 
40 74 
40 83 
40 86 
40 92 
40 95 
40 97 
40 99 
41 44 
41 45 
41 46 
41 49 
41 51 
41 53 
41 54 
41 56 
41 58 
41 59 
41 60 
41 63 
41 73 
41 74 
41 75 
41 76 
41 78 
41 82 
41 85 
41 86 
41 89 
41 93 
41 96 
42 44 
42 45 
42 49 
42 55 
42 59 
42 62 
42 64 
42 70 
42 78 
42 79 
42 80 
42 85 
42 86 
42 87 
42 88 
42 91 
42 94 
42 96 
42 98 
43 44 
43 47 
43 54 
43 62 
43 64 
43 68 
43 72 
43 83 
43 84 
43 90 
43 92 
43 94 
44 45 
44 53 
44 58 
44 59 
44 64 
44 65 
44 70 
44 71 
44 72 
44 79 
44 80 
44 81 
44 82 
44 86 
44 88 
44 92 
44 94 
44 95 
45 48 
45 52 
45 60 
45 67 
45 71 
45 81 
45 85 
45 88 
45 97 
46 47 
46 51 
46 52 
46 55 
46 56 
46 58 
46 59 
46 66 
46 75 
46 79 
46 83 
46 84 
46 94 
46 95 
46 96 
46 98 
46 100 
47 48 
47 53 
47 57 
47 59 
47 60 
47 61 
47 64 
47 66 
47 67 
47 71 
47 72 
47 74 
47 81 
47 94 
47 95 
47 96 
47 97 
47 98 
48 49 
48 52 
48 54 
48 59 
48 63 
48 72 
48 74 
48 75 
48 77 
48 78 
48 84 
48 88 
48 92 
48 96 
49 50 
49 53 
49 59 
49 60 
49 61 
49 67 
49 69 
49 74 
49 76 
49 77 
49 78 
49 80 
49 83 
49 86 
49 87 
49 90 
49 92 
49 95 
49 98 
49 100 
50 52 
50 55 
50 56 
50 57 
50 58 
50 66 
50 69 
50 72 
50 74 
50 76 
50 85 
50 88 
50 96 
50 97 
51 58 
51 62 
51 64 
51 68 
51 71 
51 72 
51 73 
51 78 
51 89 
51 92 
51 97 
51 99 
52 55 
52 59 
52 60 
52 62 
52 63 
52 64 
52 67 
52 71 
52 72 
52 80 
52 81 
52 83 
52 91 
52 96 
52 97 
53 55 
53 60 
53 62 
53 63 
53 66 
53 68 
53 70 
53 71 
53 74 
53 75 
53 76 
53 84 
53 85 
53 88 
53 89 
53 91 
53 93 
53 94 
53 96 
53 99 
54 60 
54 62 
54 67 
54 71 
54 74 
54 77 
54 79 
54 81 
54 83 
54 84 
54 87 
54 99 
55 58 
55 61 
55 62 
55 68 
55 69 
55 70 
55 73 
55 77 
55 81 
55 85 
55 86 
55 96 
55 100 
56 59 
56 62 
56 64 
56 69 
56 79 
56 80 
56 81 
56 82 
56 84 
56 85 
56 86 
56 89 
56 93 
57 60 
57 62 
57 66 
57 69 
57 76 
57 77 
57 78 
57 82 
57 86 
57 91 
57 96 
57 97 
58 59 
58 64 
58 70 
58 75 
58 80 
58 83 
58 86 
58 87 
58 88 
58 90 
58 91 
58 93 
58 94 
58 99 
58 100 
59 70 
59 71 
59 74 
59 77 
59 88 
59 89 
59 90 
59 92 
59 93 
59 95 
59 97 
60 63 
60 66 
60 73 
60 81 
60 83 
60 85 
60 91 
60 95 
61 62 
61 63 
61 69 
61 71 
61 73 
61 78 
61 82 
61 83 
61 84 
61 86 
61 93 
61 94 
61 95 
62 64 
62 71 
62 73 
62 74 
62 77 
62 79 
62 85 
62 86 
62 89 
62 91 
62 97 
63 64 
63 65 
63 66 
63 71 
63 74 
63 76 
63 83 
63 85 
63 86 
63 94 
63 99 
64 65 
64 66 
64 67 
64 69 
64 73 
64 78 
64 79 
64 80 
64 86 
64 93 
64 97 
65 68 
65 69 
65 71 
65 73 
65 75 
65 78 
65 85 
65 87 
65 90 
65 91 
65 92 
65 99 
65 100 
66 67 
66 69 
66 74 
66 76 
66 77 
66 78 
66 79 
66 80 
66 89 
66 93 
66 96 
66 99 
67 68 
67 70 
67 71 
67 75 
67 78 
67 80 
67 85 
67 95 
67 100 
68 69 
68 76 
68 79 
68 80 
68 82 
68 83 
68 85 
68 94 
68 96 
68 99 
69 76 
69 79 
69 81 
69 85 
69 90 
69 91 
69 94 
69 95 
69 98 
70 72 
70 76 
70 77 
70 82 
70 89 
70 91 
70 98 
71 72 
71 77 
71 78 
71 79 
71 80 
71 91 
71 92 
72 73 
72 74 
72 76 
72 78 
72 80 
72 82 
72 85 
72 86 
72 87 
72 97 
73 74 
73 76 
73 78 
73 80 
73 91 
73 94 
73 95 
73 100 
74 86 
74 90 
74 91 
74 92 
74 97 
74 99 
75 77 
75 79 
75 80 
75 82 
75 84 
75 89 
75 90 
75 93 
75 94 
75 96 
76 77 
76 78 
76 80 
76 83 
76 84 
76 87 
76 89 
76 92 
76 94 
76 96 
77 78 
77 81 
77 84 
77 86 
77 96 
77 99 
78 79 
78 81 
78 84 
78 88 
78 94 
78 95 
78 98 
78 99 
79 81 
79 84 
79 86 
79 93 
79 96 
79 100 
80 88 
80 89 
80 93 
80 94 
80 98 
80 99 
81 82 
81 84 
81 85 
81 87 
81 88 
81 90 
81 91 
81 95 
81 97 
82 86 
82 88 
82 89 
82 90 
82 93 
82 94 
82 95 
83 90 
83 92 
83 94 
83 95 
83 99 
84 88 
84 89 
84 94 
84 96 
86 89 
86 90 
86 91 
86 93 
86 94 
86 96 
86 97 
86 99 
87 90 
87 100 
89 92 
89 93 
89 96 
90 97 
91 99 
92 94 
92 95 
93 95 
94 95 
94 96 
94 98 
95 96 
96 100 
97 98 
97 100 
98 99 
98 100 
