nNodes=100;
 nPairs=971;
Cost=

101  0  101  0  0  0  0  0  0  0  0  0  0  0  0  0  0  0  101  0  0  101  0  101  0  0  0  0  0  0  101  0  0  0  0  101  0  101  0  0  101  0  0  0  0  0  101  0  101  0  0  0  0  0  0  101  0  0  0  0  0  101  0  0  0  0  0  0  0  101  0  0  0  101  101  0  0  0  0  0  0  0  0  0  101  0  0  101  0  0  0  0  0  0  101  0  0  101  101  101  

0  101  0  0  0  0  101  0  101  0  0  0  0  0  0  0  0  0  101  0  0  0  0  0  0  0  0  0  0  0  101  0  101  0  0  0  0  0  0  0  101  0  0  0  0  0  0  0  0  101  0  0  0  0  0  0  101  101  0  0  0  0  0  0  0  0  0  0  0  101  101  0  0  0  0  0  0  0  0  0  0  0  0  0  101  0  0  0  0  0  0  0  0  0  0  101  101  0  101  0  

101  0  101  101  0  0  0  0  101  0  0  0  0  0  101  0  101  0  0  0  0  0  0  0  0  0  0  0  101  0  0  0  0  0  0  0  0  101  0  0  0  0  0  101  101  101  0  0  0  101  0  101  0  0  0  0  101  0  0  0  101  0  101  0  0  0  0  0  0  0  0  0  0  0  101  101  0  0  0  0  0  101  0  101  0  101  0  0  0  101  0  0  0  101  0  0  101  101  0  0  

0  0  101  101  101  0  0  101  0  0  101  0  0  0  0  0  101  0  0  101  0  0  0  0  0  0  0  0  0  0  0  0  0  101  101  101  0  0  0  0  101  0  101  101  0  0  0  0  0  0  101  0  101  0  0  0  0  0  101  0  0  101  0  0  0  0  0  0  0  0  0  0  0  0  0  0  0  0  0  0  0  0  0  0  0  0  0  0  0  101  101  0  101  0  0  0  0  0  101  0  

0  0  0  101  101  0  0  0  0  101  101  101  0  0  0  0  0  101  0  0  0  101  101  0  0  0  0  0  101  101  0  101  0  0  101  0  0  0  101  0  101  0  0  0  0  0  0  0  0  0  0  0  0  0  0  101  0  0  0  0  0  0  0  0  0  0  0  0  0  101  0  0  0  0  0  0  0  101  0  0  101  0  0  0  101  0  0  101  101  0  0  0  0  0  0  101  0  0  0  0  

0  0  0  0  0  101  0  0  0  0  0  101  0  0  0  0  0  0  0  101  0  0  0  0  0  101  0  0  101  101  101  0  0  101  101  0  101  101  0  0  0  0  0  0  0  0  0  0  0  101  0  0  0  0  0  0  0  0  0  0  0  0  0  0  0  0  101  0  0  0  0  0  0  0  0  0  0  0  0  0  101  0  0  0  0  0  0  0  0  0  0  0  0  0  0  0  0  0  101  0  

0  101  0  0  0  0  101  0  101  101  0  0  0  0  0  0  0  0  0  0  101  0  0  0  101  101  0  101  0  0  0  0  0  0  101  101  0  0  0  101  101  0  0  0  101  0  0  0  0  0  0  0  0  0  101  101  101  101  0  0  0  0  0  101  0  0  0  0  101  101  0  101  0  0  0  0  0  101  101  0  0  101  101  0  0  0  0  0  0  0  0  0  0  0  0  101  0  0  0  0  

0  0  0  101  0  0  0  101  101  0  0  0  101  0  101  101  101  101  0  0  101  0  101  0  0  0  0  101  0  0  0  0  0  0  0  0  101  101  0  0  0  0  0  0  0  0  0  0  0  101  0  0  0  0  0  0  0  0  0  0  0  0  0  0  0  0  0  0  0  0  0  0  101  0  0  0  0  0  0  0  101  0  0  0  0  101  0  0  0  101  0  0  101  0  0  0  0  0  101  0  

0  101  101  0  0  0  101  101  101  0  0  101  0  0  101  0  0  0  0  101  101  0  0  0  0  0  101  0  0  0  0  101  0  0  101  0  0  0  0  0  0  0  0  0  101  0  0  0  0  0  101  0  0  0  0  101  0  101  0  0  101  0  101  0  101  0  0  0  0  101  0  0  0  101  0  0  101  0  0  0  101  101  0  0  0  0  0  101  0  101  0  0  0  101  0  101  0  0  0  0  

0  0  0  0  101  0  101  0  0  101  0  101  0  0  0  0  0  101  101  0  0  0  0  101  0  0  101  0  0  101  101  101  0  0  101  0  0  0  0  0  101  0  101  0  0  101  0  0  0  0  0  0  101  0  0  0  101  0  0  101  101  101  0  0  0  0  0  0  101  0  0  0  0  0  0  0  101  0  101  0  0  0  0  101  0  0  0  0  0  0  0  0  0  0  0  0  0  0  0  0  

0  0  0  101  101  0  0  0  0  0  101  0  0  101  0  101  0  101  0  0  0  0  101  0  0  0  0  0  0  101  101  0  101  101  0  0  101  0  0  101  0  0  0  0  0  0  0  0  101  0  101  0  101  0  0  0  0  0  0  101  0  101  0  0  0  0  0  0  101  0  0  101  0  0  0  0  0  0  0  0  0  0  0  0  101  101  101  0  0  0  0  0  0  0  0  0  0  0  0  0  

0  0  0  0  101  101  0  0  101  101  0  101  0  0  0  0  101  101  0  0  101  0  0  0  0  101  0  0  0  0  0  0  0  0  0  0  101  101  0  0  0  0  0  0  0  0  0  0  0  101  0  0  101  0  0  0  0  0  0  0  0  0  0  0  0  0  0  0  101  0  0  101  0  0  0  101  0  101  101  0  0  0  101  0  101  0  0  101  0  0  101  0  101  0  101  0  101  0  0  0  

0  0  0  0  0  0  0  101  0  0  0  0  101  0  0  0  0  0  0  0  0  0  0  0  0  0  101  0  0  0  101  0  101  0  0  0  0  101  101  0  0  0  0  101  0  0  0  0  101  0  0  0  0  0  101  0  0  101  0  101  0  0  0  0  0  0  0  0  0  0  0  0  0  0  0  0  101  0  101  0  0  0  101  0  101  0  0  101  0  0  0  0  0  0  0  0  101  0  0  0  

0  0  0  0  0  0  0  0  0  0  101  0  0  101  0  0  101  0  101  0  0  0  0  0  0  0  0  0  0  0  101  0  0  0  0  0  101  0  0  0  0  101  0  0  101  101  0  0  0  101  101  0  0  101  0  101  0  0  0  0  101  101  0  101  0  0  0  101  101  101  0  0  0  101  0  0  0  0  0  0  0  0  0  0  0  101  101  101  0  0  0  0  101  0  0  0  0  0  0  0  

0  0  101  0  0  0  0  101  101  0  0  0  0  0  101  0  101  0  0  0  101  101  0  0  0  101  0  0  101  0  0  0  0  0  0  0  0  101  101  0  0  0  0  0  0  0  101  0  0  0  0  0  0  0  101  0  0  0  0  0  0  0  101  101  0  101  0  101  101  0  0  0  0  0  0  0  0  0  0  0  0  0  0  0  0  0  0  0  0  0  0  0  0  0  0  0  0  0  0  0  

0  0  0  0  0  0  0  101  0  0  101  0  0  0  0  101  0  0  0  0  101  0  101  0  0  0  0  0  101  0  0  0  0  0  101  101  0  0  0  0  101  0  0  0  0  0  101  0  101  0  101  0  0  0  0  101  101  0  0  0  101  0  0  0  0  0  101  0  101  0  0  0  0  0  0  0  101  101  0  0  101  0  0  0  0  0  0  0  0  101  0  0  101  0  101  0  0  0  0  0  

0  0  101  101  0  0  0  101  0  0  0  101  0  101  101  0  101  0  0  101  0  0  0  0  0  0  0  0  0  101  101  0  0  0  0  0  0  0  101  101  0  0  101  0  101  101  0  0  0  0  0  0  101  0  0  0  0  101  101  0  0  101  101  0  0  0  101  0  0  0  0  0  0  0  101  0  101  0  0  0  0  101  0  0  101  0  0  0  101  0  0  0  0  101  0  0  0  101  0  0  

0  0  0  0  101  0  0  101  0  101  101  101  0  0  0  0  0  101  0  0  0  0  0  0  101  101  0  0  0  0  0  0  0  0  0  0  0  0  0  0  101  0  101  0  0  101  0  0  0  0  0  101  0  0  0  0  0  101  0  0  0  0  0  0  0  0  0  0  0  0  0  0  0  101  0  0  0  0  101  0  0  0  0  0  0  0  0  0  101  101  0  0  0  0  0  0  0  0  0  0  

101  101  0  0  0  0  0  0  0  101  0  0  0  101  0  0  0  0  101  0  0  0  0  101  101  0  0  0  0  0  0  0  101  0  0  0  0  0  101  0  0  101  0  101  0  0  0  101  0  0  0  101  0  0  0  0  0  0  0  101  0  0  0  0  0  0  0  0  0  0  0  0  0  0  101  101  101  0  0  0  0  0  0  101  101  0  0  0  0  0  0  0  0  0  0  0  0  0  0  0  

0  0  0  101  0  101  0  0  101  0  0  0  0  0  0  0  101  0  0  101  0  0  0  0  0  0  0  0  0  101  0  101  0  0  0  0  0  0  0  0  101  0  0  0  0  0  0  0  0  0  0  0  0  0  0  0  0  101  0  0  0  0  0  0  0  101  0  0  0  101  0  0  0  0  0  0  0  101  0  0  0  0  0  0  0  0  0  0  0  101  0  0  101  0  0  101  0  0  0  0  

0  0  0  0  0  0  101  101  101  0  0  101  0  0  101  101  0  0  0  0  101  0  0  0  0  0  101  0  0  0  101  0  101  0  0  0  101  101  0  0  0  0  0  0  0  101  101  0  0  0  101  0  0  0  101  0  0  101  101  0  101  0  0  0  0  101  0  0  0  0  0  0  0  101  0  101  0  101  0  0  0  0  0  101  0  0  0  0  0  101  0  0  0  0  0  0  0  0  101  0  

101  0  0  0  101  0  0  0  0  0  0  0  0  0  101  0  0  0  0  0  0  101  0  101  0  0  0  0  101  0  101  0  101  0  0  0  101  101  0  0  0  0  0  0  0  0  101  0  0  0  0  101  0  101  0  0  0  0  0  101  101  0  0  0  0  0  0  0  0  101  0  0  0  0  0  0  0  101  0  101  0  0  0  101  101  0  0  0  0  101  101  0  0  0  0  0  0  101  0  0  

0  0  0  0  101  0  0  101  0  0  101  0  0  0  0  101  0  0  0  0  0  0  101  0  101  0  101  0  0  0  0  101  0  0  0  0  101  0  0  0  0  0  101  101  101  0  0  101  0  0  0  0  101  101  101  101  0  101  0  101  0  0  101  0  0  0  0  101  0  0  0  0  0  101  0  0  0  0  101  0  0  0  0  0  0  0  0  101  101  101  0  0  0  0  101  0  0  0  0  0  

101  0  0  0  0  0  0  0  0  101  0  0  0  0  0  0  0  0  101  0  0  101  0  101  0  0  0  0  0  0  101  0  101  0  0  0  0  0  101  0  101  0  0  0  0  0  0  0  0  0  0  0  0  0  0  0  0  0  0  101  0  0  101  101  0  0  0  0  0  101  0  101  0  0  0  101  0  0  0  0  0  0  0  101  0  0  0  101  101  0  101  0  0  0  0  101  0  0  0  0  

0  0  0  0  0  0  101  0  0  0  0  0  0  0  0  0  0  101  101  0  0  0  101  0  101  0  0  101  0  0  0  0  0  0  0  0  0  0  101  0  0  0  0  101  0  0  101  0  101  0  0  101  0  101  0  0  101  101  101  0  0  0  0  101  101  0  0  0  0  0  0  0  0  0  0  101  101  0  0  0  0  0  0  0  101  0  0  101  101  0  0  0  0  101  101  101  0  0  0  0  

0  0  0  0  0  101  101  0  0  0  0  101  0  0  101  0  0  101  0  0  0  0  0  0  0  101  0  0  101  0  101  0  0  0  101  0  0  0  101  0  0  0  0  0  0  0  101  0  0  0  0  0  0  101  0  0  0  0  0  101  0  0  0  0  0  0  0  101  0  0  0  0  0  101  0  101  0  0  0  0  101  0  0  0  0  101  0  0  0  101  0  0  0  0  0  0  0  101  101  0  

0  0  0  0  0  0  0  0  101  101  0  0  101  0  0  0  0  0  0  0  101  0  101  0  0  0  101  101  0  0  0  0  0  0  0  0  101  0  0  0  0  101  0  0  101  0  0  0  0  0  0  0  0  0  0  0  0  101  0  0  0  0  101  0  101  0  0  0  0  101  101  0  0  0  0  0  101  0  0  0  101  0  0  0  0  0  0  101  0  0  101  0  0  0  0  0  0  0  0  101  

0  0  0  0  0  0  101  101  0  0  0  0  0  0  0  0  0  0  0  0  0  0  0  0  101  0  101  101  0  0  0  0  0  101  0  0  0  0  101  101  0  0  0  0  101  0  0  0  0  0  0  0  0  0  0  0  0  0  0  0  101  101  0  0  101  0  0  0  0  101  0  0  0  0  0  0  0  0  101  0  101  0  101  101  0  0  101  0  0  0  101  0  0  101  0  0  0  101  101  0  

0  0  101  0  101  101  0  0  0  0  0  0  0  0  101  101  0  0  0  0  0  101  0  0  0  101  0  0  101  0  0  101  0  0  0  0  0  0  0  0  101  0  0  0  0  0  0  0  0  0  0  0  0  0  0  0  0  0  0  0  0  0  0  0  0  101  0  0  0  0  101  0  0  0  0  0  101  0  0  0  101  0  101  0  0  0  0  0  0  0  101  0  0  0  0  0  0  0  0  0  

0  0  0  0  101  101  0  0  0  101  101  0  0  0  0  0  101  0  0  101  0  0  0  0  0  0  0  0  0  101  0  0  0  0  0  0  0  101  0  0  0  0  101  101  0  101  0  0  0  0  0  0  0  0  0  0  101  0  101  0  0  0  0  0  0  101  0  0  0  0  0  101  0  0  0  0  0  0  0  0  0  101  101  0  0  0  0  0  0  101  0  0  0  0  101  0  0  0  0  0  

101  101  0  0  0  101  0  0  0  101  101  0  101  101  0  0  101  0  0  0  101  101  0  101  0  101  0  0  0  0  101  101  0  0  101  101  0  0  101  101  101  0  0  101  0  0  0  0  0  0  0  101  0  101  0  0  101  0  0  101  0  0  0  0  0  101  0  0  0  0  0  101  0  0  0  0  101  0  0  0  0  0  0  101  0  0  0  0  0  0  0  0  101  0  0  0  0  0  0  101  

0  0  0  0  101  0  0  0  101  101  0  0  0  0  0  0  0  0  0  101  0  0  101  0  0  0  0  0  101  0  101  101  0  101  0  0  0  0  0  0  0  0  101  0  0  0  0  0  0  0  0  101  0  0  0  0  0  0  101  101  0  0  0  0  0  0  101  101  0  101  0  0  0  0  101  101  0  0  0  0  0  101  0  0  0  0  0  0  0  0  0  0  0  0  0  0  0  0  101  0  

0  101  0  0  0  0  0  0  0  0  101  0  101  0  0  0  0  0  101  0  101  101  0  101  0  0  0  0  0  0  0  0  101  0  0  0  101  0  0  0  0  0  0  0  0  0  0  0  0  0  0  101  101  0  0  0  0  101  101  101  0  0  0  0  0  101  0  0  101  0  0  0  101  0  101  0  0  0  0  0  0  0  0  0  0  0  0  0  0  0  0  101  0  0  0  0  101  0  0  0  

0  0  0  101  0  101  0  0  0  0  101  0  0  0  0  0  0  0  0  0  0  0  0  0  0  0  0  101  0  0  0  101  0  101  0  0  101  0  0  0  0  0  0  0  0  0  0  0  0  0  0  0  0  0  0  101  0  0  0  0  0  101  0  0  101  0  0  0  0  0  0  0  0  0  0  0  0  101  0  0  0  0  0  0  0  0  0  0  101  0  101  0  0  0  0  0  0  101  101  101  

0  0  0  101  101  101  101  0  101  101  0  0  0  0  0  101  0  0  0  0  0  0  0  0  0  101  0  0  0  0  101  0  0  0  101  101  0  101  101  0  0  0  0  0  0  101  101  0  0  0  0  0  0  0  101  0  0  0  0  101  0  101  0  0  0  0  0  0  0  101  0  0  101  0  0  0  0  0  0  0  0  101  0  0  0  0  0  0  0  0  0  0  101  0  0  0  0  0  0  0  

101  0  0  101  0  0  101  0  0  0  0  0  0  0  0  101  0  0  0  0  0  0  0  0  0  0  0  0  0  0  101  0  0  0  101  101  0  0  0  0  101  0  101  0  0  0  0  0  0  0  0  0  0  0  0  101  101  0  101  0  0  0  0  0  0  0  0  0  0  0  0  0  0  0  0  0  0  0  0  0  0  101  0  0  0  0  0  0  0  101  0  101  0  0  0  0  0  0  0  0  

0  0  0  0  0  101  0  101  0  0  101  101  0  101  0  0  0  0  0  0  101  101  101  0  0  0  101  0  0  0  0  0  101  101  0  0  101  0  0  0  0  101  0  0  101  101  0  0  0  0  101  0  0  0  0  0  0  0  0  0  101  0  0  101  0  0  0  0  0  0  0  0  0  0  0  0  0  0  0  0  0  0  0  0  0  0  0  0  0  0  101  0  0  0  0  0  101  101  0  0  

101  0  101  0  0  101  0  101  0  0  0  101  101  0  101  0  0  0  0  0  101  101  0  0  0  0  0  0  0  101  0  0  0  0  101  0  0  101  0  0  0  0  0  0  0  0  0  0  0  0  0  0  0  0  0  101  0  0  101  0  0  0  0  0  101  0  101  0  0  0  0  0  0  0  0  0  0  0  0  0  0  0  0  0  0  101  0  0  0  0  0  0  0  101  0  0  0  0  101  0  

0  0  0  0  101  0  0  0  0  0  0  0  101  0  101  0  101  0  101  0  0  0  0  101  101  101  0  101  0  0  101  0  0  0  101  0  0  0  101  0  0  0  0  101  0  0  0  0  0  0  0  0  101  101  0  0  0  0  0  0  0  101  0  0  0  0  0  0  0  0  0  0  0  0  0  101  0  0  0  0  0  0  101  101  0  0  101  0  0  0  0  0  0  101  0  0  0  101  0  101  

0  0  0  0  0  0  101  0  0  0  101  0  0  0  0  0  101  0  0  0  0  0  0  0  0  0  0  101  0  0  101  0  0  0  0  0  0  0  0  101  101  0  0  0  0  0  0  101  0  0  0  101  0  0  0  0  0  0  0  101  0  0  0  0  0  0  0  0  0  0  0  0  101  0  0  0  0  0  0  0  0  0  0  0  101  0  0  101  0  0  0  0  0  0  0  101  0  0  0  0  

101  101  0  101  101  0  101  0  0  101  0  0  0  0  0  101  0  101  0  101  0  0  0  101  0  0  0  0  101  0  101  0  0  0  0  101  0  0  0  101  101  101  101  0  0  0  0  101  0  0  0  101  0  0  101  0  0  0  0  0  101  0  0  0  0  0  0  0  0  101  0  0  101  0  101  101  0  0  0  0  0  0  0  0  0  0  0  0  0  101  0  0  0  0  0  101  0  0  0  0  

0  0  0  0  0  0  0  0  0  0  0  0  0  101  0  0  0  0  101  0  0  0  0  0  0  0  101  0  0  0  0  0  0  0  0  0  101  0  0  0  101  101  0  0  0  0  101  0  0  0  0  0  0  0  0  0  101  0  101  0  0  101  101  0  0  0  0  101  101  0  101  0  101  0  0  0  0  0  0  101  101  101  0  0  101  0  0  0  0  0  0  0  0  0  0  0  0  0  0  0  

0  0  0  101  0  0  0  0  0  101  0  0  0  0  0  0  101  101  0  0  0  0  101  0  0  0  0  0  0  101  0  101  0  0  0  101  0  0  0  0  101  0  101  101  0  0  0  0  0  0  101  0  0  0  0  0  0  0  0  0  0  0  101  0  0  0  0  0  101  0  0  0  0  101  0  0  0  101  0  0  0  0  0  0  0  101  0  0  0  0  0  0  0  0  0  0  0  0  0  0  

0  0  101  101  0  0  0  0  0  0  0  0  101  0  0  0  0  0  101  0  0  0  101  0  101  0  0  0  0  101  101  0  0  0  0  0  0  0  101  0  0  0  101  101  0  101  0  0  101  101  0  0  0  0  0  0  0  0  0  0  101  0  0  0  0  0  0  101  0  101  0  0  101  0  0  101  101  0  101  101  0  0  0  0  0  0  0  0  0  0  0  0  101  101  0  0  0  0  101  0  

0  0  101  0  0  0  101  0  101  0  0  0  0  101  0  0  101  0  0  0  0  0  101  0  0  0  101  101  0  0  0  0  0  0  0  0  101  0  0  0  0  0  0  0  101  0  0  101  0  0  0  0  0  0  0  0  101  101  0  0  0  0  0  0  0  0  0  0  0  0  0  0  0  101  0  0  101  101  0  0  0  0  101  0  101  0  101  101  101  0  0  0  0  0  0  101  101  0  0  0  

0  0  101  0  0  0  0  0  0  101  0  0  0  101  0  0  101  101  0  0  101  0  0  0  0  0  0  0  0  101  0  0  0  0  101  0  101  0  0  0  0  0  0  101  0  101  101  0  0  0  0  0  101  0  0  0  0  101  101  101  0  0  0  0  0  0  0  0  0  0  0  0  0  0  0  0  0  0  0  0  0  0  0  0  0  0  0  0  0  0  0  101  101  101  0  101  0  0  0  0  

101  0  0  0  0  0  0  0  0  0  0  0  0  0  101  101  0  0  0  0  101  101  0  0  101  101  0  0  0  0  0  0  0  0  101  0  0  0  0  0  0  101  0  0  0  101  101  0  101  101  101  0  0  0  0  0  0  101  0  0  0  0  0  0  0  0  0  0  101  0  0  0  0  0  0  0  0  0  0  0  0  0  101  0  0  0  0  0  0  0  0  0  0  0  0  0  0  0  0  101  

0  0  0  0  0  0  0  0  0  0  0  0  0  0  0  0  0  0  101  0  0  0  101  0  0  0  0  0  0  0  0  0  0  0  0  0  0  0  0  101  101  0  0  0  101  0  0  101  0  101  0  0  0  101  101  0  0  101  0  0  0  0  0  0  101  0  0  0  0  0  0  101  0  0  101  101  0  0  0  0  0  101  0  0  0  0  0  101  0  0  0  0  0  0  0  0  101  0  0  0  

101  0  0  0  0  0  0  0  0  0  101  0  101  0  0  101  0  0  0  0  0  0  0  0  101  0  0  0  0  0  0  0  0  0  0  0  0  0  0  0  0  0  0  101  0  0  101  0  101  0  0  0  0  0  101  0  0  0  0  0  0  0  0  0  101  0  0  0  101  0  101  101  0  101  0  0  0  0  0  0  0  0  0  0  0  0  0  0  101  0  101  0  0  0  0  0  0  0  0  0  

0  101  101  0  0  101  0  101  0  0  0  101  0  101  0  0  0  0  0  0  0  0  0  0  0  0  0  0  0  0  0  0  0  0  0  0  0  0  0  0  0  0  0  101  0  0  101  101  0  101  0  0  0  0  0  101  0  0  0  0  0  101  0  0  0  0  0  0  0  0  0  0  0  0  0  0  0  0  0  0  0  0  0  0  0  0  0  0  0  0  0  0  0  101  0  101  101  0  0  0  

0  0  0  101  0  0  0  0  101  0  101  0  0  101  0  101  0  0  0  0  101  0  0  0  0  0  0  0  0  0  0  0  0  0  0  0  101  0  0  0  0  0  101  0  0  0  101  0  0  0  101  0  0  0  0  0  0  0  0  0  0  0  0  101  0  101  0  0  0  0  101  0  0  101  0  0  0  0  0  0  0  0  0  101  0  0  0  0  0  0  0  0  0  0  0  0  101  101  0  101  

0  0  101  0  0  0  0  0  0  0  0  0  0  0  0  0  0  101  101  0  0  101  0  0  101  0  0  0  0  0  101  101  101  0  0  0  0  0  0  101  101  0  0  0  0  0  0  0  0  0  0  101  101  0  0  0  0  0  0  0  0  101  0  0  0  0  0  0  0  101  0  0  101  0  0  0  0  0  0  0  101  0  0  0  0  0  0  0  0  0  0  0  0  0  101  0  0  0  101  0  

0  0  0  101  0  0  0  0  0  101  101  101  0  0  0  0  101  0  0  0  0  0  101  0  0  0  0  0  0  0  0  0  101  0  0  0  0  0  101  0  0  0  0  0  0  101  0  0  0  0  0  101  101  0  0  101  0  0  0  0  0  101  0  0  0  101  0  0  0  0  0  101  101  0  0  0  0  0  0  0  0  0  0  101  0  0  101  0  0  101  101  0  0  0  0  0  101  0  0  0  

0  0  0  0  0  0  0  0  0  0  0  0  0  101  0  0  0  0  0  0  0  101  101  0  101  101  0  0  0  0  101  0  0  0  0  0  0  0  101  0  0  0  0  0  0  0  0  101  0  0  0  0  0  101  0  101  101  0  0  0  101  0  101  0  0  0  101  0  0  0  0  0  101  0  101  0  0  0  0  0  0  0  101  0  0  101  101  0  0  0  0  101  0  0  0  0  0  0  0  0  

0  0  0  0  0  0  101  0  0  0  0  0  101  0  101  0  0  0  0  0  101  0  101  0  0  0  0  0  0  0  0  0  0  0  101  0  0  0  0  0  101  0  0  0  0  0  0  101  101  0  0  0  0  0  101  101  0  0  0  101  0  0  0  101  0  0  0  101  101  0  0  0  0  0  0  0  0  101  0  0  0  0  0  0  0  0  0  0  0  0  0  101  0  0  101  0  0  0  0  0  

101  0  0  0  101  0  101  0  101  0  0  0  0  101  0  101  0  0  0  0  0  0  101  0  0  0  0  0  0  0  0  0  0  101  0  101  0  101  0  0  0  0  0  0  0  0  0  0  0  101  0  0  101  101  101  101  101  0  101  0  0  101  101  0  0  0  0  0  0  0  0  0  101  0  0  0  0  0  0  0  0  0  0  101  0  101  0  0  0  0  0  101  0  101  0  0  101  0  0  0  

0  101  101  0  0  0  101  0  0  101  0  0  0  0  0  101  0  0  0  0  0  0  0  0  101  0  0  0  0  101  101  0  0  0  0  101  0  0  0  0  0  101  0  0  101  0  0  0  0  0  0  0  0  101  0  101  101  0  0  0  0  0  0  0  0  0  0  0  0  0  0  0  0  0  0  0  0  101  0  101  101  0  0  0  0  101  0  0  101  0  0  101  101  0  0  0  101  0  101  101  

0  101  0  0  0  0  101  0  101  0  0  0  101  0  0  0  101  101  0  101  101  0  101  0  101  0  101  0  0  0  0  0  101  0  0  0  0  0  0  0  0  0  0  0  101  101  101  101  0  0  0  0  0  0  0  0  0  101  0  101  0  0  101  0  0  101  101  0  101  0  0  0  0  0  0  101  101  0  0  0  0  0  0  0  0  101  101  0  0  101  0  0  0  0  101  101  0  0  0  0  

0  0  0  101  0  0  0  0  0  0  0  0  0  0  0  0  101  0  0  0  101  0  0  0  101  0  0  0  0  101  0  101  101  0  0  101  0  101  0  0  0  101  0  0  0  101  0  0  0  0  0  0  0  0  0  101  0  0  101  0  0  0  0  0  0  0  0  101  0  0  0  0  0  101  0  0  0  0  0  101  0  0  0  0  0  0  101  0  0  0  0  0  0  101  0  0  0  0  0  0  

0  0  0  0  0  0  0  0  0  101  101  0  101  0  0  0  0  0  101  0  0  101  101  101  0  101  0  0  0  0  101  101  101  0  101  0  0  0  0  101  0  0  0  0  0  101  0  0  0  0  0  0  0  0  101  0  0  101  0  101  0  101  0  0  0  0  0  101  0  0  101  101  0  0  0  101  0  0  0  0  101  0  0  0  0  0  101  0  0  0  0  0  0  0  101  101  101  0  0  0  

0  0  101  0  0  0  0  0  101  101  0  0  0  101  0  101  0  0  0  0  101  101  0  0  0  0  0  101  0  0  0  0  0  0  0  0  101  0  0  0  101  0  0  101  0  0  0  0  0  0  0  0  0  101  0  0  0  0  0  0  101  0  0  0  0  0  0  0  0  0  0  0  101  101  0  0  0  0  101  0  0  0  0  0  0  0  0  0  0  101  0  0  101  0  0  0  0  101  0  0  

101  0  0  101  0  0  0  0  0  101  101  0  0  101  0  0  101  0  0  0  0  0  0  0  0  0  0  101  0  0  0  0  0  101  101  0  0  0  101  0  0  101  0  0  0  0  0  0  0  101  0  101  101  0  0  101  0  0  0  101  0  101  101  0  101  0  0  0  0  0  101  0  0  0  101  0  0  101  101  101  0  0  101  0  0  0  101  0  0  0  101  0  0  0  0  0  0  0  101  0  

0  0  101  0  0  0  0  0  101  0  0  0  0  0  101  0  101  0  0  0  0  0  101  101  0  0  101  0  0  0  0  0  0  0  0  0  0  0  0  0  0  101  101  0  0  0  0  0  0  0  0  0  0  101  0  101  0  101  0  0  0  101  101  0  101  0  101  0  0  0  0  0  0  0  0  0  0  101  101  101  0  0  0  101  0  0  0  0  0  101  0  101  0  101  101  0  0  0  0  0  

0  0  0  0  0  0  101  0  0  0  0  0  0  101  101  0  0  0  0  0  0  0  0  101  101  0  0  0  0  0  0  0  0  0  0  0  101  0  0  0  0  0  0  0  0  0  0  0  0  0  101  0  0  0  101  0  0  0  0  0  0  0  0  101  0  0  0  0  101  0  101  0  0  0  0  0  0  0  101  101  101  0  0  0  0  0  0  0  0  101  0  0  0  0  101  0  0  101  101  0  

0  0  0  0  0  0  0  0  101  0  0  0  0  0  0  0  0  0  0  0  0  0  0  0  101  0  101  101  0  0  0  0  0  101  0  0  0  101  0  0  0  0  0  0  0  0  0  101  101  0  0  0  0  0  0  0  0  0  0  0  0  101  101  0  101  0  0  0  0  0  0  0  101  0  0  101  0  0  101  101  0  0  0  0  0  0  0  0  0  0  0  0  0  101  0  0  0  0  101  101  

0  0  0  0  0  0  0  0  0  0  0  0  0  0  101  0  0  0  0  101  101  0  0  0  0  0  0  0  101  101  101  0  101  0  0  0  0  0  0  0  0  0  0  0  0  0  0  0  0  0  101  0  101  0  0  0  0  101  0  0  0  0  0  0  0  101  0  0  0  0  0  0  0  0  0  0  0  101  0  0  0  0  0  101  0  0  0  0  0  0  0  0  0  0  0  0  0  0  0  0  

0  0  0  0  0  101  0  0  0  0  0  0  0  0  0  101  101  0  0  0  0  0  0  0  0  0  0  0  0  0  0  101  0  0  0  0  0  101  0  0  0  0  0  0  0  0  0  0  0  0  0  0  0  101  0  0  0  101  0  0  0  0  101  0  0  0  101  0  0  101  101  0  0  101  0  0  0  0  101  101  0  0  0  0  0  0  101  0  0  0  0  101  0  0  0  0  0  0  0  101  

0  0  0  0  0  0  0  0  0  0  0  0  0  101  101  0  0  0  0  0  0  0  101  0  0  101  0  0  0  0  0  101  0  0  0  0  0  0  0  0  0  101  0  101  0  0  0  0  0  0  0  0  0  0  101  0  0  0  101  101  0  0  0  0  0  0  0  101  0  0  0  0  101  0  101  0  0  0  0  0  0  0  101  0  101  0  0  0  0  0  0  101  0  101  0  101  0  0  0  101  

0  0  0  0  0  0  101  0  0  101  101  101  0  101  101  101  0  0  0  0  0  0  0  0  0  0  0  0  0  0  0  0  101  0  0  0  0  0  0  0  0  101  101  0  0  0  101  0  101  0  0  0  0  0  101  0  0  101  0  0  0  0  0  101  0  0  0  0  101  0  0  0  0  101  0  0  0  0  0  0  0  0  0  101  0  0  101  0  0  0  0  0  101  0  101  0  101  0  0  0  

101  101  0  0  101  0  101  0  101  0  0  0  0  101  0  0  0  0  0  101  0  101  0  101  0  0  101  101  0  0  0  101  0  0  101  0  0  0  0  0  101  0  0  101  0  0  0  0  0  0  0  101  0  0  0  0  0  0  0  0  0  0  0  0  0  0  101  0  0  101  0  0  0  0  101  0  0  0  101  101  0  0  0  0  0  0  0  101  0  0  0  0  101  0  0  0  0  101  0  0  

0  101  0  0  0  0  0  0  0  0  0  0  0  0  0  0  0  0  0  0  0  0  0  0  0  0  101  0  101  0  0  0  0  0  0  0  0  0  0  0  0  101  0  0  0  0  0  0  101  0  101  0  0  0  0  0  0  0  0  101  0  101  0  101  0  0  101  0  0  0  101  101  0  101  0  101  101  0  0  101  101  101  0  101  0  0  0  0  0  0  101  0  0  0  0  0  0  0  101  0  

0  0  0  0  0  0  101  0  0  0  101  101  0  0  0  0  0  0  0  0  0  0  0  101  0  0  0  0  0  101  101  0  0  0  0  0  0  0  0  0  0  0  0  0  0  0  0  101  101  0  0  0  101  0  0  0  0  0  0  101  0  0  0  0  0  0  0  0  0  0  101  101  0  101  0  101  0  0  0  0  101  0  101  0  0  0  0  0  0  0  101  0  0  0  0  0  0  0  101  101  

0  0  0  0  0  0  0  101  0  0  0  0  0  0  0  0  0  0  0  0  0  0  0  0  0  0  0  0  0  0  0  0  101  0  101  0  0  0  0  101  101  101  0  101  0  0  0  0  0  0  0  101  101  101  0  101  0  0  0  0  101  0  0  0  101  0  0  101  0  0  0  0  101  101  0  0  0  0  0  0  0  0  0  0  0  0  101  0  0  0  0  0  0  0  0  0  0  0  101  0  

101  0  0  0  0  0  0  0  101  0  0  0  0  101  0  0  0  101  0  0  101  0  101  0  0  101  0  0  0  0  0  0  0  0  0  0  0  0  0  0  0  0  101  0  101  0  0  0  101  0  101  0  0  0  0  0  0  0  101  0  101  0  0  0  0  0  101  0  101  0  101  101  101  101  0  0  0  0  0  0  0  0  0  0  0  0  0  0  0  0  0  0  101  0  0  0  0  0  0  0  

101  0  101  0  0  0  0  0  0  0  0  0  0  0  0  0  101  0  101  0  0  0  0  0  0  0  0  0  0  0  0  101  101  0  0  0  0  0  0  0  101  0  0  0  0  0  0  101  0  0  0  0  0  101  0  0  0  0  0  0  0  101  0  0  0  0  0  101  0  101  0  0  0  0  101  0  0  0  0  0  0  0  0  0  0  0  0  0  101  0  101  0  0  101  0  0  0  0  101  101  

0  0  101  0  0  0  0  0  0  0  0  101  0  0  0  0  0  0  101  0  101  0  0  101  101  101  0  0  0  0  0  101  0  0  0  0  0  0  101  0  101  0  0  101  0  0  0  101  0  0  0  0  0  0  0  0  0  101  0  101  0  0  0  0  101  0  0  0  0  0  101  101  0  0  0  101  0  101  0  0  0  0  101  0  0  101  0  0  101  101  0  0  0  0  0  101  0  0  101  0  

0  0  0  0  0  0  0  0  101  101  0  0  101  0  0  101  101  0  101  0  0  0  0  0  101  0  101  0  101  0  101  0  0  0  0  0  0  0  0  0  0  0  0  101  101  0  0  0  0  0  0  0  0  0  0  0  0  101  0  0  0  0  0  0  0  0  0  0  0  0  101  0  0  0  0  0  101  0  0  0  0  0  0  0  0  101  0  0  0  0  0  0  0  0  0  0  0  0  0  0  

0  0  0  0  101  0  101  0  0  0  0  101  0  0  0  101  0  0  0  101  101  101  0  0  0  0  0  0  0  0  0  0  0  101  0  0  0  0  0  0  0  0  101  0  101  0  0  0  0  0  0  0  0  0  101  0  101  0  0  0  0  101  101  0  0  101  0  0  0  0  0  0  0  0  0  101  0  101  0  0  0  0  101  0  0  0  0  0  0  0  0  0  0  0  101  0  101  0  0  0  

0  0  0  0  0  0  101  0  0  101  0  101  101  0  0  0  0  101  0  0  0  0  101  0  0  0  0  101  0  0  0  0  0  0  0  0  0  0  0  0  0  0  0  101  0  0  0  0  0  0  0  0  0  0  0  0  0  0  0  0  101  101  101  101  101  0  101  0  0  101  0  0  0  0  0  0  0  0  101  0  0  0  101  0  0  0  0  0  0  0  0  101  0  101  0  0  0  0  0  101  

0  0  0  0  0  0  0  0  0  0  0  0  0  0  0  0  0  0  0  0  0  101  0  0  0  0  0  0  0  0  0  0  0  0  0  0  0  0  0  0  0  101  0  101  0  0  0  0  0  0  0  0  0  0  0  0  101  0  101  0  0  101  101  101  101  0  101  0  0  101  101  0  0  0  0  0  0  0  0  101  101  0  0  0  0  0  0  0  0  0  0  0  0  101  0  0  101  0  101  0  

0  0  0  0  101  101  0  101  101  0  0  0  0  0  0  101  0  0  0  0  0  0  0  0  0  101  101  101  101  0  0  0  0  0  0  0  0  0  0  0  0  101  0  0  0  0  0  0  0  0  0  101  0  0  0  0  101  0  0  101  0  0  0  101  0  0  0  0  0  0  101  101  0  0  0  0  0  0  0  101  101  0  101  0  0  0  0  101  0  0  0  0  0  0  0  0  0  0  0  0  

0  0  101  0  0  0  101  0  101  0  0  0  0  0  0  0  101  0  0  0  0  0  0  0  0  0  0  0  0  101  0  101  0  0  101  101  0  0  0  0  0  101  0  0  0  0  0  101  0  0  0  0  0  0  0  0  0  0  0  0  0  0  0  0  0  0  0  0  0  0  101  0  0  0  0  0  0  0  0  0  0  101  0  0  0  0  0  101  0  0  101  0  0  0  0  101  0  0  0  0  

0  0  0  0  0  0  101  0  0  0  0  101  101  0  0  0  0  0  0  0  0  0  0  0  0  0  0  101  101  101  0  0  0  0  0  0  0  0  101  0  0  0  0  0  101  0  101  0  0  0  0  0  0  101  0  0  0  0  0  0  0  101  0  0  0  0  0  101  0  0  0  101  0  0  0  101  0  101  101  0  101  0  101  0  0  0  0  0  0  0  0  101  0  0  0  0  0  0  0  0  

0  0  101  0  0  0  0  0  0  101  0  0  0  0  0  0  0  0  101  0  101  101  0  101  0  0  0  101  0  0  101  0  0  0  0  0  0  0  101  0  0  0  0  0  0  0  0  0  0  0  101  0  101  0  0  101  0  0  0  0  0  0  101  0  0  101  0  0  101  0  101  0  0  0  0  0  0  0  0  0  0  0  0  101  101  0  0  0  0  0  101  0  0  0  0  0  0  0  0  0  

101  101  0  0  101  0  0  0  0  0  101  101  101  0  0  0  101  0  101  0  0  101  0  0  101  0  0  0  0  0  0  0  0  0  0  0  0  0  0  101  0  101  0  0  101  0  0  0  0  0  0  0  0  0  0  0  0  0  0  0  0  0  0  0  0  0  0  101  0  0  0  0  0  0  0  0  0  0  0  0  0  0  0  101  101  0  101  0  0  0  0  0  0  0  0  0  101  0  0  101  

0  0  101  0  0  0  0  101  0  0  101  0  0  101  0  0  0  0  0  0  0  0  0  0  0  101  0  0  0  0  0  0  0  0  0  0  0  101  0  0  0  0  101  0  0  0  0  0  0  0  0  0  0  101  0  101  101  101  0  0  0  0  0  0  0  0  0  0  0  0  0  0  0  0  0  101  101  0  0  0  0  0  0  0  0  101  0  0  0  0  0  101  0  0  0  0  0  0  0  0  

0  0  0  0  0  0  0  0  0  0  101  0  0  101  0  0  0  0  0  0  0  0  0  0  0  0  0  101  0  0  0  0  0  0  0  0  0  0  101  0  0  0  0  0  101  0  0  0  0  0  0  0  101  101  0  0  0  101  101  101  0  101  0  0  0  0  101  0  101  0  0  0  101  0  0  0  0  0  0  0  0  0  0  0  101  0  101  0  0  101  0  101  0  101  101  0  0  101  0  0  

101  0  0  0  101  0  0  0  101  0  0  101  101  101  0  0  0  0  0  0  0  0  101  101  101  0  101  0  0  0  0  0  0  0  0  0  0  0  0  101  0  0  0  0  101  0  0  101  0  0  0  0  0  0  0  0  0  0  0  0  0  0  0  0  0  0  0  0  0  101  0  0  0  0  0  0  0  0  0  0  101  101  0  0  0  0  0  101  0  101  0  101  101  0  0  0  0  0  0  0  

0  0  0  0  101  0  0  0  0  0  0  0  0  0  0  0  101  101  0  0  0  0  101  101  101  0  0  0  0  0  0  0  0  101  0  0  0  0  0  0  0  0  0  0  101  0  0  0  101  0  0  0  0  0  0  0  101  0  0  0  0  0  0  0  0  0  0  0  0  0  0  0  0  0  101  101  0  0  0  0  0  0  0  0  0  0  0  0  101  0  0  0  101  0  0  0  0  101  0  0  

0  0  101  101  0  0  0  101  101  0  0  0  0  0  0  101  0  101  0  101  101  101  101  0  0  101  0  0  0  101  0  0  0  0  0  101  0  0  0  0  101  0  0  0  0  0  0  0  0  0  0  0  101  0  0  0  0  101  0  0  101  0  101  101  0  0  0  0  0  0  0  0  0  0  0  101  0  0  0  0  0  0  0  0  0  0  101  101  0  101  0  0  0  101  0  0  101  0  0  0  

0  0  0  101  0  0  0  0  0  0  0  101  0  0  0  0  0  0  0  0  0  101  0  101  0  0  101  101  101  0  0  0  0  101  0  0  101  0  0  0  0  0  0  0  0  0  0  0  101  0  0  0  101  0  0  0  0  0  0  0  0  101  0  0  0  0  0  0  0  0  101  101  0  0  101  0  0  0  0  0  0  101  0  101  0  0  0  0  0  0  101  101  0  0  0  0  0  0  0  101  

0  0  0  0  0  0  0  0  0  0  0  0  0  0  0  0  0  0  0  0  0  0  0  0  0  0  0  0  0  0  0  0  101  0  0  101  0  0  0  0  0  0  0  0  0  101  0  0  0  0  0  0  0  101  101  101  101  0  0  0  0  0  101  0  0  0  101  101  0  0  0  0  0  0  0  0  0  0  101  0  0  0  101  0  0  101  101  101  0  0  101  101  0  0  0  0  0  0  0  101  

0  0  0  101  0  0  0  101  0  0  0  101  0  101  0  101  0  0  0  101  0  0  0  0  0  0  0  0  0  0  101  0  0  0  101  0  0  0  0  0  0  0  0  101  0  101  0  0  0  0  0  0  0  0  0  0  101  0  0  0  101  0  0  0  0  0  0  0  101  101  0  0  0  101  0  0  0  0  0  0  0  0  0  0  0  0  0  101  101  0  0  0  101  0  101  0  0  101  0  0  

0  0  101  0  0  0  0  0  101  0  0  0  0  0  0  0  101  0  0  0  0  0  0  0  101  0  0  101  0  0  0  0  0  0  0  0  0  101  101  0  0  0  0  101  0  101  0  0  0  101  0  0  0  0  0  101  0  0  101  0  0  0  101  0  101  0  0  101  0  0  0  0  0  0  101  0  0  0  101  101  0  0  0  0  0  0  101  0  0  101  0  0  0  101  0  0  0  0  101  0  

101  0  0  0  0  0  0  0  0  0  0  101  0  0  0  101  0  0  0  0  0  0  101  0  101  0  0  0  0  101  0  0  0  0  0  0  0  0  0  0  0  0  0  0  0  0  0  0  0  0  0  101  0  0  101  0  0  101  0  101  0  0  101  101  0  0  0  0  101  0  0  0  0  0  0  0  0  101  0  0  0  0  0  0  0  0  101  0  0  0  0  0  101  0  101  0  0  0  0  0  

0  101  0  0  101  0  101  0  101  0  0  0  0  0  0  0  0  0  0  101  0  0  0  101  101  0  0  0  0  0  0  0  0  0  0  0  0  0  0  101  101  0  0  0  101  101  0  0  0  101  0  0  0  0  0  0  0  101  0  101  0  0  0  0  0  0  0  101  0  0  0  0  0  0  0  101  0  0  0  0  0  101  0  0  0  0  0  0  0  0  0  0  0  0  0  101  0  0  0  0  

0  101  101  0  0  0  0  0  0  0  0  101  101  0  0  0  0  0  0  0  0  0  0  0  0  0  0  0  0  0  0  0  101  0  0  0  101  0  0  0  0  0  0  0  101  0  0  101  0  101  101  0  101  0  0  101  101  0  0  101  0  0  0  0  0  0  0  0  101  0  0  0  0  0  0  0  0  101  0  101  0  0  0  0  101  0  0  0  0  101  0  0  0  0  0  0  101  0  0  0  

101  0  101  0  0  0  0  0  0  0  0  0  0  0  0  0  101  0  0  0  0  101  0  0  0  101  0  101  0  0  0  0  0  101  0  0  101  0  101  0  0  0  0  0  0  0  0  0  0  0  101  0  0  0  0  0  0  0  0  0  101  0  0  101  0  0  0  0  0  101  0  0  0  0  0  0  0  0  0  0  0  0  0  0  0  0  101  0  101  0  0  0  101  0  0  0  0  101  0  0  

101  101  0  101  0  101  0  101  0  0  0  0  0  0  0  0  0  0  0  0  101  0  0  0  0  101  0  101  0  0  0  101  0  101  0  0  0  101  0  0  0  0  0  101  0  0  0  0  0  0  0  101  0  0  0  0  101  0  0  0  0  101  0  101  101  0  0  0  0  0  101  101  101  0  101  101  0  0  0  101  0  0  0  0  0  0  0  0  0  0  0  0  0  101  0  0  0  0  101  0  

101  0  0  0  0  0  0  0  0  0  0  0  0  0  0  0  0  0  0  0  0  0  0  0  0  0  101  0  0  0  101  0  0  101  0  0  0  0  101  0  0  0  0  0  0  0  101  0  0  0  101  0  0  0  0  0  101  0  0  0  0  0  0  0  101  0  101  101  0  0  0  101  0  0  101  0  0  0  101  0  0  0  0  0  101  0  0  0  0  0  101  101  0  0  0  0  0  0  0  101  

UnPairedArc=
1 3 
1 19 
1 22 
1 24 
1 31 
1 36 
1 38 
1 41 
1 47 
1 49 
1 56 
1 62 
1 70 
1 74 
1 75 
1 85 
1 88 
1 95 
1 98 
1 99 
1 100 
2 7 
2 9 
2 19 
2 31 
2 33 
2 41 
2 50 
2 57 
2 58 
2 70 
2 71 
2 85 
2 96 
2 97 
2 99 
3 4 
3 9 
3 15 
3 17 
3 29 
3 38 
3 44 
3 45 
3 46 
3 50 
3 52 
3 57 
3 61 
3 63 
3 75 
3 76 
3 82 
3 84 
3 86 
3 90 
3 94 
3 97 
3 98 
4 5 
4 8 
4 11 
4 17 
4 20 
4 34 
4 35 
4 36 
4 41 
4 43 
4 44 
4 51 
4 53 
4 59 
4 62 
4 90 
4 91 
4 93 
4 99 
5 10 
5 11 
5 12 
5 18 
5 22 
5 23 
5 29 
5 30 
5 32 
5 35 
5 39 
5 41 
5 56 
5 70 
5 78 
5 81 
5 85 
5 88 
5 89 
5 96 
6 12 
6 20 
6 26 
6 29 
6 30 
6 31 
6 34 
6 35 
6 37 
6 38 
6 50 
6 67 
6 81 
6 99 
7 9 
7 10 
7 21 
7 25 
7 26 
7 28 
7 35 
7 36 
7 40 
7 41 
7 45 
7 55 
7 56 
7 57 
7 58 
7 64 
7 69 
7 70 
7 72 
7 78 
7 79 
7 82 
7 83 
7 96 
8 9 
8 13 
8 15 
8 16 
8 17 
8 18 
8 21 
8 23 
8 28 
8 37 
8 38 
8 50 
8 73 
8 81 
8 86 
8 90 
8 93 
8 99 
9 12 
9 15 
9 20 
9 21 
9 27 
9 32 
9 35 
9 45 
9 51 
9 56 
9 58 
9 61 
9 63 
9 65 
9 70 
9 74 
9 77 
9 81 
9 82 
9 88 
9 90 
9 94 
9 96 
10 12 
10 18 
10 19 
10 24 
10 27 
10 30 
10 31 
10 32 
10 35 
10 41 
10 43 
10 46 
10 53 
10 57 
10 60 
10 61 
10 62 
10 69 
10 77 
10 79 
10 84 
11 14 
11 16 
11 18 
11 23 
11 30 
11 31 
11 33 
11 34 
11 37 
11 40 
11 49 
11 51 
11 53 
11 60 
11 62 
11 69 
11 72 
11 85 
11 86 
11 87 
12 17 
12 18 
12 21 
12 26 
12 37 
12 38 
12 50 
12 53 
12 69 
12 72 
12 76 
12 78 
12 79 
12 83 
12 85 
12 88 
12 91 
12 93 
12 95 
12 97 
13 27 
13 31 
13 33 
13 38 
13 39 
13 44 
13 49 
13 55 
13 58 
13 60 
13 77 
13 79 
13 83 
13 85 
13 88 
13 97 
14 17 
14 19 
14 31 
14 37 
14 42 
14 45 
14 46 
14 50 
14 51 
14 54 
14 56 
14 61 
14 62 
14 64 
14 68 
14 69 
14 70 
14 74 
14 86 
14 87 
14 88 
14 93 
15 17 
15 21 
15 22 
15 26 
15 29 
15 38 
15 39 
15 47 
15 55 
15 63 
15 64 
15 66 
15 68 
15 69 
16 21 
16 23 
16 29 
16 35 
16 36 
16 41 
16 47 
16 49 
16 51 
16 56 
16 57 
16 61 
16 67 
16 69 
16 77 
16 78 
16 81 
16 90 
16 93 
16 95 
17 20 
17 30 
17 31 
17 39 
17 40 
17 43 
17 45 
17 46 
17 53 
17 58 
17 59 
17 62 
17 63 
17 67 
17 75 
17 77 
17 82 
17 85 
17 89 
17 94 
17 98 
18 25 
18 26 
18 41 
18 43 
18 46 
18 52 
18 58 
18 74 
18 79 
18 89 
18 90 
19 24 
19 25 
19 33 
19 39 
19 42 
19 44 
19 48 
19 52 
19 60 
19 75 
19 76 
19 77 
19 84 
19 85 
20 30 
20 32 
20 41 
20 58 
20 66 
20 70 
20 78 
20 90 
20 93 
20 96 
21 27 
21 31 
21 33 
21 37 
21 38 
21 46 
21 47 
21 51 
21 55 
21 58 
21 59 
21 61 
21 66 
21 74 
21 76 
21 78 
21 84 
21 90 
21 99 
22 24 
22 29 
22 31 
22 33 
22 37 
22 38 
22 47 
22 52 
22 54 
22 60 
22 61 
22 70 
22 78 
22 80 
22 84 
22 85 
22 90 
22 91 
22 98 
23 25 
23 27 
23 32 
23 37 
23 43 
23 44 
23 45 
23 48 
23 53 
23 54 
23 55 
23 56 
23 58 
23 60 
23 63 
23 68 
23 74 
23 79 
23 88 
23 89 
23 90 
23 95 
24 31 
24 33 
24 39 
24 41 
24 60 
24 63 
24 64 
24 70 
24 72 
24 76 
24 84 
24 88 
24 89 
24 91 
24 96 
25 28 
25 39 
25 44 
25 47 
25 49 
25 52 
25 54 
25 57 
25 58 
25 59 
25 64 
25 65 
25 76 
25 77 
25 85 
25 88 
25 89 
25 94 
25 95 
25 96 
26 29 
26 31 
26 35 
26 39 
26 47 
26 54 
26 60 
26 68 
26 74 
26 76 
26 81 
26 86 
26 90 
26 98 
26 99 
27 28 
27 37 
27 42 
27 45 
27 58 
27 63 
27 65 
27 70 
27 71 
27 77 
27 81 
27 88 
27 91 
27 100 
28 34 
28 39 
28 40 
28 45 
28 61 
28 62 
28 65 
28 70 
28 79 
28 81 
28 83 
28 84 
28 87 
28 91 
28 94 
28 98 
28 99 
29 32 
29 41 
29 66 
29 71 
29 77 
29 81 
29 83 
29 91 
30 38 
30 43 
30 44 
30 46 
30 57 
30 59 
30 66 
30 72 
30 82 
30 83 
30 90 
30 95 
31 32 
31 35 
31 36 
31 39 
31 40 
31 41 
31 44 
31 52 
31 54 
31 57 
31 60 
31 66 
31 72 
31 77 
31 84 
31 93 
31 100 
32 34 
32 43 
32 52 
32 59 
32 60 
32 67 
32 68 
32 70 
32 75 
32 76 
32 82 
32 99 
33 37 
33 52 
33 53 
33 58 
33 59 
33 60 
33 66 
33 69 
33 73 
33 75 
33 92 
33 97 
34 37 
34 56 
34 62 
34 65 
34 78 
34 89 
34 91 
34 98 
34 99 
34 100 
35 36 
35 38 
35 39 
35 46 
35 47 
35 55 
35 60 
35 62 
35 70 
35 73 
35 82 
35 93 
36 41 
36 43 
36 56 
36 57 
36 59 
36 82 
36 90 
36 92 
37 42 
37 45 
37 46 
37 51 
37 61 
37 64 
37 91 
37 97 
37 98 
38 56 
38 59 
38 65 
38 67 
38 86 
38 94 
38 99 
39 44 
39 53 
39 54 
39 62 
39 76 
39 83 
39 84 
39 87 
39 94 
39 98 
39 100 
40 41 
40 48 
40 52 
40 60 
40 73 
40 85 
40 88 
40 96 
41 42 
41 43 
41 48 
41 52 
41 55 
41 61 
41 70 
41 73 
41 75 
41 76 
41 90 
41 96 
42 47 
42 57 
42 59 
42 62 
42 63 
42 68 
42 69 
42 71 
42 73 
42 80 
42 81 
42 82 
42 85 
43 44 
43 51 
43 63 
43 69 
43 74 
43 78 
43 86 
44 46 
44 49 
44 50 
44 61 
44 68 
44 70 
44 73 
44 76 
44 77 
44 79 
44 80 
44 93 
44 94 
44 99 
45 48 
45 57 
45 58 
45 74 
45 77 
45 78 
45 83 
45 85 
45 87 
45 88 
45 89 
45 96 
45 97 
46 47 
46 53 
46 58 
46 59 
46 60 
46 92 
46 93 
46 94 
46 96 
47 49 
47 50 
47 51 
47 58 
47 69 
47 83 
47 100 
48 50 
48 54 
48 55 
48 58 
48 65 
48 72 
48 75 
48 76 
48 82 
48 88 
48 97 
49 55 
49 65 
49 69 
49 71 
49 72 
49 74 
49 89 
49 91 
50 56 
50 62 
50 94 
50 96 
50 97 
51 64 
51 66 
51 71 
51 74 
51 84 
51 97 
51 98 
51 100 
52 53 
52 62 
52 70 
52 73 
52 81 
52 95 
52 99 
53 56 
53 62 
53 66 
53 72 
53 73 
53 84 
53 87 
53 90 
53 91 
53 97 
54 56 
54 57 
54 61 
54 63 
54 67 
54 73 
54 75 
54 83 
54 86 
54 87 
54 92 
55 56 
55 60 
55 64 
55 68 
55 69 
55 78 
55 92 
55 95 
56 57 
56 59 
56 62 
56 63 
56 73 
56 84 
56 86 
56 92 
56 94 
56 97 
57 78 
57 80 
57 81 
57 86 
57 89 
57 92 
57 93 
57 97 
57 99 
57 100 
58 60 
58 63 
58 66 
58 67 
58 69 
58 76 
58 77 
58 86 
58 87 
58 90 
58 95 
58 96 
59 68 
59 74 
59 80 
59 87 
59 94 
60 62 
60 68 
60 71 
60 72 
60 76 
60 81 
60 87 
60 95 
60 96 
60 97 
61 73 
61 74 
61 79 
61 90 
61 93 
61 98 
62 63 
62 65 
62 71 
62 75 
62 78 
62 79 
62 80 
62 83 
62 87 
62 91 
62 99 
63 65 
63 67 
63 78 
63 79 
63 80 
63 84 
63 90 
63 92 
63 94 
63 95 
64 69 
64 71 
64 79 
64 80 
64 81 
64 90 
64 95 
64 98 
64 99 
65 73 
65 76 
65 79 
65 80 
65 94 
65 99 
65 100 
66 78 
66 84 
67 70 
67 71 
67 74 
67 79 
67 80 
67 87 
67 92 
67 100 
68 73 
68 75 
68 83 
68 85 
68 92 
68 94 
68 96 
68 100 
69 74 
69 84 
69 87 
69 93 
69 95 
69 97 
70 75 
70 79 
70 80 
70 88 
70 93 
70 98 
71 72 
71 74 
71 76 
71 77 
71 80 
71 81 
71 82 
71 84 
71 91 
71 99 
72 74 
72 76 
72 81 
72 83 
72 91 
72 99 
72 100 
73 74 
73 87 
73 99 
74 93 
75 89 
75 91 
75 94 
75 99 
75 100 
76 78 
76 83 
76 86 
76 89 
76 90 
76 96 
76 99 
77 86 
78 83 
78 95 
78 97 
79 83 
79 92 
79 94 
79 100 
80 81 
80 94 
80 97 
80 99 
81 83 
81 88 
82 88 
82 91 
82 96 
83 92 
84 85 
84 91 
85 87 
85 97 
85 100 
86 92 
87 90 
87 92 
87 94 
87 95 
87 98 
88 90 
88 92 
88 93 
89 93 
89 98 
90 94 
90 97 
91 92 
91 100 
92 100 
93 95 
93 98 
94 99 
