nNodes=40;
 nPairs=445;
Cost=

41  0  0  41  41  41  41  41  0  41  41  0  41  0  0  41  41  0  41  41  41  0  41  0  41  0  41  41  41  41  41  41  0  41  0  41  0  41  41  0  

0  41  41  41  0  0  41  0  41  0  41  0  41  41  41  0  41  0  0  41  41  41  0  0  41  41  0  0  41  41  0  41  41  41  41  0  41  0  0  0  

0  41  41  41  41  41  41  0  41  0  41  41  0  0  41  0  0  0  0  41  41  41  0  0  0  0  41  0  0  41  41  41  41  0  0  41  0  41  41  0  

41  41  41  41  41  0  41  0  41  0  0  0  0  0  41  41  0  0  0  41  0  0  41  0  0  41  41  0  41  0  41  41  41  0  41  41  41  0  41  0  

41  0  41  41  41  0  41  0  0  0  0  41  41  41  0  0  0  41  41  41  41  41  41  0  0  0  0  41  0  41  41  0  41  41  0  41  41  41  41  41  

41  0  41  0  0  41  0  41  0  41  41  41  0  41  41  0  41  0  41  41  41  0  0  0  41  0  0  41  0  41  41  41  0  41  0  41  0  41  41  0  

41  41  41  41  41  0  41  0  41  41  0  0  41  41  41  41  0  0  41  0  0  41  41  41  0  41  0  0  41  41  41  0  0  0  41  0  41  41  41  41  

41  0  0  0  0  41  0  41  41  41  41  41  41  0  0  41  41  0  0  0  0  0  0  41  41  41  0  0  0  0  41  41  41  0  0  0  41  0  41  41  

0  41  41  41  0  0  41  41  41  41  41  0  0  41  41  41  0  0  0  0  41  0  41  41  0  41  41  41  0  41  41  41  41  41  0  0  41  41  41  41  

41  0  0  0  0  41  41  41  41  41  41  0  0  0  0  0  41  41  41  41  41  0  0  41  41  41  41  0  0  41  0  0  0  41  41  41  0  41  41  0  

41  41  41  0  0  41  0  41  41  41  41  41  41  41  41  41  41  0  0  41  41  0  41  41  41  0  41  41  0  41  41  0  41  41  41  0  41  0  0  41  

0  0  41  0  41  41  0  41  0  0  41  41  0  41  41  0  0  0  0  41  41  41  41  41  0  41  0  0  41  41  0  0  0  0  41  0  41  41  41  41  

41  41  0  0  41  0  41  41  0  0  41  0  41  41  41  0  41  41  41  41  41  41  0  41  0  41  41  41  0  41  41  41  0  41  0  41  0  41  0  41  

0  41  0  0  41  41  41  0  41  0  41  41  41  41  0  41  41  41  41  41  0  41  41  41  0  41  0  41  0  0  41  0  41  41  0  41  0  0  41  41  

0  41  41  41  0  41  41  0  41  0  41  41  41  0  41  0  0  41  41  41  0  41  41  0  41  0  0  41  0  41  0  0  41  41  41  41  41  41  0  41  

41  0  0  41  0  0  41  41  41  0  41  0  0  41  0  41  41  41  0  0  0  0  0  41  0  0  41  0  41  41  41  41  41  0  41  41  41  0  0  41  

41  41  0  0  0  41  0  41  0  41  41  0  41  41  0  41  41  0  41  0  41  0  0  41  0  0  41  0  41  41  0  0  41  0  41  0  0  0  0  41  

0  0  0  0  41  0  0  0  0  41  0  0  41  41  41  41  0  41  0  0  41  0  0  41  0  0  0  41  0  41  0  41  0  41  0  0  0  41  41  41  

41  0  0  0  41  41  41  0  0  41  0  0  41  41  41  0  41  0  41  0  41  0  0  0  0  0  41  0  0  0  41  41  0  0  41  0  41  0  0  41  

41  41  41  41  41  41  0  0  0  41  41  41  41  41  41  0  0  0  0  41  0  41  41  0  0  41  41  41  0  0  0  41  41  0  41  41  41  41  41  0  

41  41  41  0  41  41  0  0  41  41  41  41  41  0  0  0  41  41  41  0  41  41  0  41  41  41  0  41  41  41  0  41  41  0  0  0  41  0  41  0  

0  41  41  0  41  0  41  0  0  0  0  41  41  41  41  0  0  0  0  41  41  41  0  0  0  41  41  41  41  0  0  41  41  41  41  0  41  41  41  41  

41  0  0  41  41  0  41  0  41  0  41  41  0  41  41  0  0  0  0  41  0  0  41  0  0  41  41  0  41  41  41  41  41  0  41  41  0  0  41  41  

0  0  0  0  0  0  41  41  41  41  41  41  41  41  0  41  41  41  0  0  41  0  0  41  0  0  0  0  0  41  41  41  0  41  41  0  0  41  0  41  

41  41  0  0  0  41  0  41  0  41  41  0  0  0  41  0  0  0  0  0  41  0  0  0  41  0  0  0  0  41  41  41  41  0  41  0  0  0  0  0  

0  41  0  41  0  0  41  41  41  41  0  41  41  41  0  0  0  0  0  41  41  41  41  0  0  41  41  0  41  0  41  41  41  0  41  41  41  41  0  41  

41  0  41  41  0  0  0  0  41  41  41  0  41  0  0  41  41  0  41  41  0  41  41  0  0  41  41  41  41  41  0  41  41  41  0  41  41  41  41  0  

41  0  0  0  41  41  0  0  41  0  41  0  41  41  41  0  0  41  0  41  41  41  0  0  0  0  41  41  41  41  0  41  0  41  41  41  41  41  41  41  

41  41  0  41  0  0  41  0  0  0  0  41  0  0  0  41  41  0  0  0  41  41  41  0  0  41  41  41  41  41  41  41  41  0  41  41  41  41  41  0  

41  41  41  0  41  41  41  0  41  41  41  41  41  0  41  41  41  41  0  0  41  0  41  41  41  0  41  41  41  41  0  0  41  0  41  41  41  41  0  41  

41  0  41  41  41  41  41  41  41  0  41  0  41  41  0  41  0  0  41  0  0  0  41  41  41  41  0  0  41  0  41  41  0  41  0  0  41  0  41  41  

41  41  41  41  0  41  0  41  41  0  0  0  41  0  0  41  0  41  41  41  41  41  41  41  41  41  41  41  41  0  41  41  0  41  0  0  41  41  41  41  

0  41  41  41  41  0  0  41  41  0  41  0  0  41  41  41  41  0  0  41  41  41  41  0  41  41  41  0  41  41  0  0  41  41  41  0  41  41  0  0  

41  41  0  0  41  41  0  0  41  41  41  0  41  41  41  0  0  41  0  0  0  41  0  41  0  0  41  41  0  0  41  41  41  41  41  0  0  0  41  0  

0  41  0  41  0  0  41  0  0  41  41  41  0  0  41  41  41  0  41  41  0  41  41  41  41  41  0  41  41  41  0  0  41  41  41  0  0  41  41  41  

41  0  41  41  41  41  0  0  0  41  0  0  41  41  41  41  0  0  0  41  0  0  41  0  0  41  41  41  41  41  0  0  0  0  0  41  41  41  0  41  

0  41  0  41  41  0  41  41  41  0  41  41  0  0  41  41  0  0  41  41  41  41  0  0  0  41  41  41  41  41  41  41  41  0  0  41  41  41  0  41  

41  0  41  0  41  41  41  0  41  41  0  41  41  0  41  0  0  41  0  41  0  41  0  41  0  41  41  41  41  41  0  41  41  0  41  41  41  41  41  41  

41  0  41  41  41  41  41  41  41  41  0  41  0  41  0  0  0  41  0  41  41  41  41  0  0  0  41  41  41  0  41  41  0  41  41  0  0  41  41  41  

0  0  0  0  41  0  41  41  41  0  41  41  41  41  41  41  41  41  41  0  0  41  41  41  0  41  0  41  0  41  41  41  0  0  41  41  41  41  41  41  

UnPairedArc=
1 4 
1 5 
1 6 
1 7 
1 8 
1 10 
1 11 
1 13 
1 16 
1 17 
1 19 
1 20 
1 21 
1 23 
1 25 
1 27 
1 28 
1 29 
1 30 
1 31 
1 32 
1 34 
1 36 
1 38 
1 39 
2 3 
2 4 
2 7 
2 9 
2 11 
2 13 
2 14 
2 15 
2 17 
2 20 
2 21 
2 22 
2 25 
2 26 
2 29 
2 30 
2 32 
2 33 
2 34 
2 35 
2 37 
3 4 
3 5 
3 6 
3 7 
3 9 
3 11 
3 12 
3 15 
3 20 
3 21 
3 22 
3 27 
3 30 
3 31 
3 32 
3 33 
3 36 
3 38 
3 39 
4 5 
4 7 
4 9 
4 15 
4 16 
4 20 
4 23 
4 26 
4 27 
4 29 
4 31 
4 32 
4 33 
4 35 
4 36 
4 37 
4 39 
5 7 
5 12 
5 13 
5 14 
5 18 
5 19 
5 20 
5 21 
5 22 
5 23 
5 28 
5 30 
5 31 
5 33 
5 34 
5 36 
5 37 
5 38 
5 39 
5 40 
6 8 
6 10 
6 11 
6 12 
6 14 
6 15 
6 17 
6 19 
6 20 
6 21 
6 25 
6 28 
6 30 
6 31 
6 32 
6 34 
6 36 
6 38 
6 39 
7 9 
7 10 
7 13 
7 14 
7 15 
7 16 
7 19 
7 22 
7 23 
7 24 
7 26 
7 29 
7 30 
7 31 
7 35 
7 37 
7 38 
7 39 
7 40 
8 9 
8 10 
8 11 
8 12 
8 13 
8 16 
8 17 
8 24 
8 25 
8 26 
8 31 
8 32 
8 33 
8 37 
8 39 
8 40 
9 10 
9 11 
9 14 
9 15 
9 16 
9 21 
9 23 
9 24 
9 26 
9 27 
9 28 
9 30 
9 31 
9 32 
9 33 
9 34 
9 37 
9 38 
9 39 
9 40 
10 11 
10 17 
10 18 
10 19 
10 20 
10 21 
10 24 
10 25 
10 26 
10 27 
10 30 
10 34 
10 35 
10 36 
10 38 
10 39 
11 12 
11 13 
11 14 
11 15 
11 16 
11 17 
11 20 
11 21 
11 23 
11 24 
11 25 
11 27 
11 28 
11 30 
11 31 
11 33 
11 34 
11 35 
11 37 
11 40 
12 14 
12 15 
12 20 
12 21 
12 22 
12 23 
12 24 
12 26 
12 29 
12 30 
12 35 
12 37 
12 38 
12 39 
12 40 
13 14 
13 15 
13 17 
13 18 
13 19 
13 20 
13 21 
13 22 
13 24 
13 26 
13 27 
13 28 
13 30 
13 31 
13 32 
13 34 
13 36 
13 38 
13 40 
14 16 
14 17 
14 18 
14 19 
14 20 
14 22 
14 23 
14 24 
14 26 
14 28 
14 31 
14 33 
14 34 
14 36 
14 39 
14 40 
15 18 
15 19 
15 20 
15 22 
15 23 
15 25 
15 28 
15 30 
15 33 
15 34 
15 35 
15 36 
15 37 
15 38 
15 40 
16 17 
16 18 
16 24 
16 27 
16 29 
16 30 
16 31 
16 32 
16 33 
16 35 
16 36 
16 37 
16 40 
17 19 
17 21 
17 24 
17 27 
17 29 
17 30 
17 33 
17 35 
17 40 
18 21 
18 24 
18 28 
18 30 
18 32 
18 34 
18 38 
18 39 
18 40 
19 21 
19 27 
19 31 
19 32 
19 35 
19 37 
19 40 
20 22 
20 23 
20 26 
20 27 
20 28 
20 32 
20 33 
20 35 
20 36 
20 37 
20 38 
20 39 
21 22 
21 24 
21 25 
21 26 
21 28 
21 29 
21 30 
21 32 
21 33 
21 37 
21 39 
22 26 
22 27 
22 28 
22 29 
22 32 
22 33 
22 34 
22 35 
22 37 
22 38 
22 39 
22 40 
23 26 
23 27 
23 29 
23 30 
23 31 
23 32 
23 33 
23 35 
23 36 
23 39 
23 40 
24 30 
24 31 
24 32 
24 34 
24 35 
24 38 
24 40 
25 30 
25 31 
25 32 
25 33 
25 35 
26 27 
26 29 
26 31 
26 32 
26 33 
26 35 
26 36 
26 37 
26 38 
26 40 
27 28 
27 29 
27 30 
27 32 
27 33 
27 34 
27 36 
27 37 
27 38 
27 39 
28 29 
28 30 
28 32 
28 34 
28 35 
28 36 
28 37 
28 38 
28 39 
28 40 
29 30 
29 31 
29 32 
29 33 
29 35 
29 36 
29 37 
29 38 
29 39 
30 33 
30 35 
30 36 
30 37 
30 38 
30 40 
31 32 
31 34 
31 37 
31 39 
31 40 
32 34 
32 37 
32 38 
32 39 
32 40 
33 34 
33 35 
33 37 
33 38 
34 35 
34 39 
35 38 
35 39 
35 40 
36 37 
36 38 
36 40 
37 38 
37 40 
38 39 
38 40 
39 40 
