nNodes=40;
 nPairs=371;
Cost=

41  41  41  41  0  0  41  41  41  0  41  0  41  0  0  41  41  41  41  0  0  41  0  0  41  0  0  0  0  0  0  0  0  0  41  0  0  0  41  0  

41  41  0  41  0  0  41  41  41  0  41  0  41  0  41  0  41  41  41  0  0  0  0  41  41  41  41  0  0  41  0  0  0  41  41  0  41  0  0  41  

41  0  41  41  0  41  41  0  41  0  0  41  0  0  0  0  0  41  41  41  0  0  0  0  0  41  41  0  0  0  41  0  41  41  0  41  0  41  0  41  

41  41  41  41  0  41  41  0  41  0  41  0  0  41  41  0  41  0  41  0  0  0  41  41  0  0  41  0  41  41  41  0  41  0  41  41  0  0  0  0  

0  0  0  0  41  0  0  41  41  0  41  0  41  0  0  0  0  0  41  0  41  0  41  41  0  41  41  0  41  41  41  0  0  0  41  0  0  41  41  0  

0  0  41  41  0  41  41  41  0  0  41  0  0  41  0  41  41  0  41  0  0  0  0  0  0  0  41  41  0  41  41  41  0  0  41  41  0  41  41  41  

41  41  41  41  0  41  41  0  0  0  0  41  41  0  41  0  41  0  41  0  41  0  41  41  0  0  0  41  0  41  0  0  0  0  41  0  41  41  0  0  

41  41  0  0  41  41  0  41  0  0  41  0  0  41  41  41  0  41  0  41  41  0  0  41  0  41  41  0  0  41  0  0  0  41  41  0  41  41  0  0  

41  41  41  41  41  0  0  0  41  0  41  41  0  0  0  0  41  0  41  41  0  0  0  0  41  0  41  41  0  0  0  41  0  0  41  41  41  0  41  41  

0  0  0  0  0  0  0  0  0  41  0  0  0  41  41  0  0  0  0  0  41  41  0  0  0  41  41  41  41  0  0  0  41  41  0  0  41  41  0  0  

41  41  0  41  41  41  0  41  41  0  41  41  41  41  41  41  0  41  41  41  0  0  41  41  0  41  41  0  41  0  0  41  41  0  41  0  0  41  41  0  

0  0  41  0  0  0  41  0  41  0  41  41  41  41  0  0  0  0  0  41  0  0  41  0  0  41  0  0  0  0  0  41  0  0  0  41  0  0  0  41  

41  41  0  0  41  0  41  0  0  0  41  41  41  41  0  0  41  41  0  41  0  41  0  0  0  41  41  41  0  0  41  41  0  41  0  41  41  41  41  41  

0  0  0  41  0  41  0  41  0  41  41  41  41  41  0  0  41  41  41  0  0  41  41  0  0  0  0  41  41  41  41  41  41  41  0  0  41  41  0  0  

0  41  0  41  0  0  41  41  0  41  41  0  0  0  41  0  0  41  0  41  41  41  41  41  41  0  0  41  41  0  0  0  41  41  41  0  0  41  0  0  

41  0  0  0  0  41  0  41  0  0  41  0  0  0  0  41  0  0  0  41  41  0  0  41  0  41  0  0  41  0  0  41  41  0  0  41  41  0  0  0  

41  41  0  41  0  41  41  0  41  0  0  0  41  41  0  0  41  41  41  0  0  0  41  41  0  41  41  41  0  0  41  0  41  41  41  41  0  41  41  41  

41  41  41  0  0  0  0  41  0  0  41  0  41  41  41  0  41  41  41  0  0  0  0  0  41  41  41  41  41  41  0  41  0  0  0  0  41  0  41  0  

41  41  41  41  41  41  41  0  41  0  41  0  0  41  0  0  41  41  41  0  0  41  0  0  0  41  41  0  0  0  41  0  0  0  0  0  41  0  41  41  

0  0  41  0  0  0  0  41  41  0  41  41  41  0  41  41  0  0  0  41  0  41  0  0  0  41  0  41  41  41  41  0  0  0  0  0  41  0  0  41  

0  0  0  0  41  0  41  41  0  41  0  0  0  0  41  41  0  0  0  0  41  41  0  41  41  41  41  0  41  0  41  0  0  0  0  41  0  0  0  0  

41  0  0  0  0  0  0  0  0  41  0  0  41  41  41  0  0  0  41  41  41  41  41  0  0  0  0  0  41  0  0  41  41  0  0  0  41  0  41  41  

0  0  0  41  41  0  41  0  0  0  41  41  0  41  41  0  41  0  0  0  0  41  41  41  0  0  0  0  41  0  0  41  41  0  41  41  41  41  0  0  

0  41  0  41  41  0  41  41  0  0  41  0  0  0  41  41  41  0  0  0  41  0  41  41  0  41  0  41  41  0  0  41  41  41  41  41  41  0  0  0  

41  41  0  0  0  0  0  0  41  0  0  0  0  0  41  0  0  41  0  0  41  0  0  0  41  41  41  41  0  41  41  0  41  0  41  0  0  0  41  0  

0  41  41  0  41  0  0  41  0  41  41  41  41  0  0  41  41  41  41  41  41  0  0  41  41  41  0  41  0  0  0  0  0  0  0  0  41  41  41  41  

0  41  41  41  41  41  0  41  41  41  41  0  41  0  0  0  41  41  41  0  41  0  0  0  41  0  41  41  0  41  41  0  0  0  41  41  41  0  0  0  

0  0  0  0  0  41  41  0  41  41  0  0  41  41  41  0  41  41  0  41  0  0  0  41  41  41  41  41  41  41  41  41  41  41  41  0  41  41  0  41  

0  0  0  41  41  0  0  0  0  41  41  0  0  41  41  41  0  41  0  41  41  41  41  41  0  0  0  41  41  41  41  0  41  0  0  41  0  41  41  41  

0  41  0  41  41  41  41  41  0  0  0  0  0  41  0  0  0  41  0  41  0  0  0  0  41  0  41  41  41  41  41  41  0  41  41  0  41  0  41  0  

0  0  41  41  41  41  0  0  0  0  0  0  41  41  0  0  41  0  41  41  41  0  0  0  41  0  41  41  41  41  41  0  0  41  41  0  0  0  41  0  

0  0  0  0  0  41  0  0  41  0  41  41  41  41  0  41  0  41  0  0  0  41  41  41  0  0  0  41  0  41  0  41  41  0  0  41  41  41  41  0  

0  0  41  41  0  0  0  0  0  41  41  0  0  41  41  41  41  0  0  0  0  41  41  41  41  0  0  41  41  0  0  41  41  41  0  0  0  41  0  41  

0  41  41  0  0  0  0  41  0  41  0  0  41  41  41  0  41  0  0  0  0  0  0  41  0  0  0  41  0  41  41  0  41  41  0  41  0  41  41  0  

41  41  0  41  41  41  41  41  41  0  41  0  0  0  41  0  41  0  0  0  0  0  41  41  41  0  41  41  0  41  41  0  0  0  41  0  41  41  41  0  

0  0  41  41  0  41  0  0  41  0  0  41  41  0  0  41  41  0  0  0  41  0  41  41  0  0  41  0  41  0  0  41  0  41  0  41  41  41  0  0  

0  41  0  0  0  0  41  41  41  41  0  0  41  41  0  41  0  41  41  41  0  41  41  41  0  41  41  41  0  41  0  41  0  0  41  41  41  41  41  41  

0  0  41  0  41  41  41  41  0  41  41  0  41  41  41  0  41  0  0  0  0  0  41  0  0  41  0  41  41  0  0  41  41  41  41  41  41  41  41  0  

41  0  0  0  41  41  0  0  41  0  41  0  41  0  0  0  41  41  41  0  0  41  0  0  41  41  0  0  41  41  41  41  0  41  41  0  41  41  41  41  

0  41  41  0  0  41  0  0  41  0  0  41  41  0  0  0  41  0  41  41  0  41  0  0  0  41  0  41  41  0  0  0  41  0  0  0  41  0  41  41  

UnPairedArc=
1 2 
1 3 
1 4 
1 7 
1 8 
1 9 
1 11 
1 13 
1 16 
1 17 
1 18 
1 19 
1 22 
1 25 
1 35 
1 39 
2 4 
2 7 
2 8 
2 9 
2 11 
2 13 
2 15 
2 17 
2 18 
2 19 
2 24 
2 25 
2 26 
2 27 
2 30 
2 34 
2 35 
2 37 
2 40 
3 4 
3 6 
3 7 
3 9 
3 12 
3 18 
3 19 
3 20 
3 26 
3 27 
3 31 
3 33 
3 34 
3 36 
3 38 
3 40 
4 6 
4 7 
4 9 
4 11 
4 14 
4 15 
4 17 
4 19 
4 23 
4 24 
4 27 
4 29 
4 30 
4 31 
4 33 
4 35 
4 36 
5 8 
5 9 
5 11 
5 13 
5 19 
5 21 
5 23 
5 24 
5 26 
5 27 
5 29 
5 30 
5 31 
5 35 
5 38 
5 39 
6 7 
6 8 
6 11 
6 14 
6 16 
6 17 
6 19 
6 27 
6 28 
6 30 
6 31 
6 32 
6 35 
6 36 
6 38 
6 39 
6 40 
7 12 
7 13 
7 15 
7 17 
7 19 
7 21 
7 23 
7 24 
7 28 
7 30 
7 35 
7 37 
7 38 
8 11 
8 14 
8 15 
8 16 
8 18 
8 20 
8 21 
8 24 
8 26 
8 27 
8 30 
8 34 
8 35 
8 37 
8 38 
9 11 
9 12 
9 17 
9 19 
9 20 
9 25 
9 27 
9 28 
9 32 
9 35 
9 36 
9 37 
9 39 
9 40 
10 14 
10 15 
10 21 
10 22 
10 26 
10 27 
10 28 
10 29 
10 33 
10 34 
10 37 
10 38 
11 12 
11 13 
11 14 
11 15 
11 16 
11 18 
11 19 
11 20 
11 23 
11 24 
11 26 
11 27 
11 29 
11 32 
11 33 
11 35 
11 38 
11 39 
12 13 
12 14 
12 20 
12 23 
12 26 
12 32 
12 36 
12 40 
13 14 
13 17 
13 18 
13 20 
13 22 
13 26 
13 27 
13 28 
13 31 
13 32 
13 34 
13 36 
13 37 
13 38 
13 39 
13 40 
14 17 
14 18 
14 19 
14 22 
14 23 
14 28 
14 29 
14 30 
14 31 
14 32 
14 33 
14 34 
14 37 
14 38 
15 18 
15 20 
15 21 
15 22 
15 23 
15 24 
15 25 
15 28 
15 29 
15 33 
15 34 
15 35 
15 38 
16 20 
16 21 
16 24 
16 26 
16 29 
16 32 
16 33 
16 36 
16 37 
17 18 
17 19 
17 23 
17 24 
17 26 
17 27 
17 28 
17 31 
17 33 
17 34 
17 35 
17 36 
17 38 
17 39 
17 40 
18 19 
18 25 
18 26 
18 27 
18 28 
18 29 
18 30 
18 32 
18 37 
18 39 
19 22 
19 26 
19 27 
19 31 
19 37 
19 39 
19 40 
20 22 
20 26 
20 28 
20 29 
20 30 
20 31 
20 37 
20 40 
21 22 
21 24 
21 25 
21 26 
21 27 
21 29 
21 31 
21 36 
22 23 
22 29 
22 32 
22 33 
22 37 
22 39 
22 40 
23 24 
23 29 
23 32 
23 33 
23 35 
23 36 
23 37 
23 38 
24 26 
24 28 
24 29 
24 32 
24 33 
24 34 
24 35 
24 36 
24 37 
25 26 
25 27 
25 28 
25 30 
25 31 
25 33 
25 35 
25 39 
26 28 
26 37 
26 38 
26 39 
26 40 
27 28 
27 30 
27 31 
27 35 
27 36 
27 37 
28 29 
28 30 
28 31 
28 32 
28 33 
28 34 
28 35 
28 37 
28 38 
28 40 
29 30 
29 31 
29 33 
29 36 
29 38 
29 39 
29 40 
30 31 
30 32 
30 34 
30 35 
30 37 
30 39 
31 34 
31 35 
31 39 
32 33 
32 36 
32 37 
32 38 
32 39 
33 34 
33 38 
33 40 
34 36 
34 38 
34 39 
35 37 
35 38 
35 39 
36 37 
36 38 
37 38 
37 39 
37 40 
38 39 
39 40 
