nNodes=40;
 nPairs=593;
Cost=

41  41  0  41  41  0  41  41  41  41  41  41  41  41  41  41  41  41  41  0  0  41  0  41  41  41  41  41  41  41  41  41  41  41  0  41  41  41  41  41  

41  41  41  0  41  41  41  41  41  0  41  41  41  0  0  41  41  41  0  41  41  41  41  41  41  0  41  41  41  41  0  41  41  41  41  41  41  41  41  41  

0  41  41  0  41  0  41  41  41  41  41  41  0  41  41  41  41  41  41  41  0  41  0  0  41  41  41  41  41  41  0  41  41  0  41  41  41  41  41  41  

41  0  0  41  41  41  41  41  41  41  0  0  0  0  41  0  41  41  41  41  41  41  41  41  0  0  41  41  41  41  0  41  41  41  41  41  41  41  41  0  

41  41  41  41  41  41  41  41  41  41  41  41  0  41  41  41  41  41  0  41  0  0  41  41  0  0  41  41  41  41  41  41  41  41  0  41  41  41  41  0  

0  41  0  41  41  41  0  41  41  41  0  41  0  41  0  41  0  41  41  41  0  0  0  41  41  0  41  41  0  41  41  41  41  41  41  41  0  0  0  41  

41  41  41  41  41  0  41  0  41  41  41  0  41  41  41  41  41  41  41  41  41  41  41  41  0  0  41  41  0  41  41  41  41  41  41  41  41  41  41  41  

41  41  41  41  41  41  0  41  41  41  0  41  41  0  0  41  0  41  0  41  41  41  41  41  41  41  0  41  41  41  41  0  41  41  41  0  41  41  41  41  

41  41  41  41  41  41  41  41  41  0  41  0  0  41  0  41  0  41  41  41  0  0  41  41  0  41  41  41  41  0  41  41  41  41  41  41  41  41  0  41  

41  0  41  41  41  41  41  41  0  41  41  41  41  41  41  41  41  41  41  0  0  41  41  41  0  41  0  41  41  41  41  0  41  41  41  41  41  41  0  0  

41  41  41  0  41  0  41  0  41  41  41  0  41  41  41  41  41  41  41  0  0  41  41  41  41  0  0  41  41  41  0  41  0  0  41  41  41  41  0  41  

41  41  41  0  41  41  0  41  0  41  0  41  41  0  41  41  41  41  41  41  41  0  0  0  41  41  41  0  41  41  41  0  41  41  41  41  41  41  0  41  

41  41  0  0  0  0  41  41  0  41  41  41  41  41  41  0  41  41  41  41  41  41  41  41  41  41  41  0  41  41  41  0  41  41  41  41  41  41  41  41  

41  0  41  0  41  41  41  0  41  41  41  0  41  41  41  0  41  41  41  41  41  41  41  41  41  41  41  41  41  41  41  41  41  41  41  41  41  41  41  41  

41  0  41  41  41  0  41  0  0  41  41  41  41  41  41  41  41  41  41  41  41  41  41  41  41  0  0  41  0  0  0  41  41  41  41  41  41  41  0  41  

41  41  41  0  41  41  41  41  41  41  41  41  0  0  41  41  41  41  0  41  0  41  41  41  0  41  0  41  0  0  41  41  0  41  41  41  41  0  0  0  

41  41  41  41  41  0  41  0  0  41  41  41  41  41  41  41  41  41  0  41  41  41  41  41  41  0  41  41  41  41  0  41  41  41  41  41  41  41  41  41  

41  41  41  41  41  41  41  41  41  41  41  41  41  41  41  41  41  41  0  41  41  41  0  0  41  0  41  41  41  41  41  41  0  41  41  41  0  41  0  0  

41  0  41  41  0  41  41  0  41  41  41  41  41  41  41  0  0  0  41  41  0  41  41  41  41  0  41  0  41  41  41  41  41  41  0  41  41  41  41  41  

0  41  41  41  41  41  41  41  41  0  0  41  41  41  41  41  41  41  41  41  0  41  41  0  41  41  41  41  41  41  41  41  41  41  41  41  41  41  0  41  

0  41  0  41  0  0  41  41  0  0  0  41  41  41  41  0  41  41  0  0  41  41  41  41  41  41  41  0  41  0  41  0  41  41  41  0  0  41  41  41  

41  41  41  41  0  0  41  41  0  41  41  0  41  41  41  41  41  41  41  41  41  41  41  41  41  0  0  41  41  41  41  0  41  41  0  41  41  41  0  41  

0  41  0  41  41  0  41  41  41  41  41  0  41  41  41  41  41  0  41  41  41  41  41  41  41  41  0  0  41  41  41  0  0  41  41  41  41  0  41  41  

41  41  0  41  41  41  41  41  41  41  41  0  41  41  41  41  41  0  41  0  41  41  41  41  0  0  0  41  41  41  0  41  41  41  41  41  0  0  41  41  

41  41  41  0  0  41  0  41  0  0  41  41  41  41  41  0  41  41  41  41  41  41  41  0  41  41  41  41  41  41  41  41  41  0  41  0  41  0  41  41  

41  0  41  0  0  0  0  41  41  41  0  41  41  41  0  41  0  0  0  41  41  0  41  0  41  41  41  41  41  0  41  41  0  41  0  41  41  41  41  0  

41  41  41  41  41  41  41  0  41  0  0  41  41  41  0  0  41  41  41  41  41  0  0  0  41  41  41  41  41  41  41  41  0  41  41  41  0  41  41  41  

41  41  41  41  41  41  41  41  41  41  41  0  0  41  41  41  41  41  0  41  0  41  0  41  41  41  41  41  0  41  41  0  41  41  41  41  41  0  41  0  

41  41  41  41  41  0  0  41  41  41  41  41  41  41  0  0  41  41  41  41  41  41  41  41  41  41  41  0  41  41  41  0  41  41  0  41  41  41  41  0  

41  41  41  41  41  41  41  41  0  41  41  41  41  41  0  0  41  41  41  41  0  41  41  41  41  0  41  41  41  41  0  0  41  41  0  41  41  41  41  41  

41  0  0  0  41  41  41  41  41  41  0  41  41  41  0  41  0  41  41  41  41  41  41  0  41  41  41  41  41  0  41  41  41  41  41  41  0  0  41  41  

41  41  41  41  41  41  41  0  41  0  41  0  0  41  41  41  41  41  41  41  0  0  0  41  41  41  41  0  0  0  41  41  41  0  0  41  41  41  41  41  

41  41  41  41  41  41  41  41  41  41  0  41  41  41  41  0  41  0  41  41  41  41  0  41  41  0  0  41  41  41  41  41  41  41  0  41  41  0  0  0  

41  41  0  41  41  41  41  41  41  41  0  41  41  41  41  41  41  41  41  41  41  41  41  41  0  41  41  41  41  41  41  0  41  41  41  41  41  41  41  41  

0  41  41  41  0  41  41  41  41  41  41  41  41  41  41  41  41  41  0  41  41  0  41  41  41  0  41  41  0  0  41  0  0  41  41  41  41  41  41  0  

41  41  41  41  41  41  41  0  41  41  41  41  41  41  41  41  41  41  41  41  0  41  41  41  0  41  41  41  41  41  41  41  41  41  41  41  41  0  41  41  

41  41  41  41  41  0  41  41  41  41  41  41  41  41  41  41  41  0  41  41  0  41  41  0  41  41  0  41  41  41  0  41  41  41  41  41  41  41  0  41  

41  41  41  41  41  0  41  41  41  41  41  41  41  41  41  0  41  41  41  41  41  41  0  0  0  41  41  0  41  41  0  41  0  41  41  0  41  41  41  0  

41  41  41  41  41  0  41  41  0  0  0  0  41  41  0  0  41  0  41  0  41  0  41  41  41  41  41  41  41  41  41  41  0  41  41  41  0  41  41  41  

41  41  41  0  0  41  41  41  41  0  41  41  41  41  41  0  41  0  41  41  41  41  41  41  41  0  41  0  0  41  41  41  0  41  0  41  41  0  41  41  

UnPairedArc=
1 2 
1 4 
1 5 
1 7 
1 8 
1 9 
1 10 
1 11 
1 12 
1 13 
1 14 
1 15 
1 16 
1 17 
1 18 
1 19 
1 22 
1 24 
1 25 
1 26 
1 27 
1 28 
1 29 
1 30 
1 31 
1 32 
1 33 
1 34 
1 36 
1 37 
1 38 
1 39 
1 40 
2 3 
2 5 
2 6 
2 7 
2 8 
2 9 
2 11 
2 12 
2 13 
2 16 
2 17 
2 18 
2 20 
2 21 
2 22 
2 23 
2 24 
2 25 
2 27 
2 28 
2 29 
2 30 
2 32 
2 33 
2 34 
2 35 
2 36 
2 37 
2 38 
2 39 
2 40 
3 5 
3 7 
3 8 
3 9 
3 10 
3 11 
3 12 
3 14 
3 15 
3 16 
3 17 
3 18 
3 19 
3 20 
3 22 
3 25 
3 26 
3 27 
3 28 
3 29 
3 30 
3 32 
3 33 
3 35 
3 36 
3 37 
3 38 
3 39 
3 40 
4 5 
4 6 
4 7 
4 8 
4 9 
4 10 
4 15 
4 17 
4 18 
4 19 
4 20 
4 21 
4 22 
4 23 
4 24 
4 27 
4 28 
4 29 
4 30 
4 32 
4 33 
4 34 
4 35 
4 36 
4 37 
4 38 
4 39 
5 6 
5 7 
5 8 
5 9 
5 10 
5 11 
5 12 
5 14 
5 15 
5 16 
5 17 
5 18 
5 20 
5 23 
5 24 
5 27 
5 28 
5 29 
5 30 
5 31 
5 32 
5 33 
5 34 
5 36 
5 37 
5 38 
5 39 
6 8 
6 9 
6 10 
6 12 
6 14 
6 16 
6 18 
6 19 
6 20 
6 24 
6 25 
6 27 
6 28 
6 30 
6 31 
6 32 
6 33 
6 34 
6 35 
6 36 
6 40 
7 9 
7 10 
7 11 
7 13 
7 14 
7 15 
7 16 
7 17 
7 18 
7 19 
7 20 
7 21 
7 22 
7 23 
7 24 
7 27 
7 28 
7 30 
7 31 
7 32 
7 33 
7 34 
7 35 
7 36 
7 37 
7 38 
7 39 
7 40 
8 9 
8 10 
8 12 
8 13 
8 16 
8 18 
8 20 
8 21 
8 22 
8 23 
8 24 
8 25 
8 26 
8 28 
8 29 
8 30 
8 31 
8 33 
8 34 
8 35 
8 37 
8 38 
8 39 
8 40 
9 11 
9 14 
9 16 
9 18 
9 19 
9 20 
9 23 
9 24 
9 26 
9 27 
9 28 
9 29 
9 31 
9 32 
9 33 
9 34 
9 35 
9 36 
9 37 
9 38 
9 40 
10 11 
10 12 
10 13 
10 14 
10 15 
10 16 
10 17 
10 18 
10 19 
10 22 
10 23 
10 24 
10 26 
10 28 
10 29 
10 30 
10 31 
10 33 
10 34 
10 35 
10 36 
10 37 
10 38 
11 13 
11 14 
11 15 
11 16 
11 17 
11 18 
11 19 
11 22 
11 23 
11 24 
11 25 
11 28 
11 29 
11 30 
11 32 
11 35 
11 36 
11 37 
11 38 
11 40 
12 13 
12 15 
12 16 
12 17 
12 18 
12 19 
12 20 
12 21 
12 25 
12 26 
12 27 
12 29 
12 30 
12 31 
12 33 
12 34 
12 35 
12 36 
12 37 
12 38 
12 40 
13 14 
13 15 
13 17 
13 18 
13 19 
13 20 
13 21 
13 22 
13 23 
13 24 
13 25 
13 26 
13 27 
13 29 
13 30 
13 31 
13 33 
13 34 
13 35 
13 36 
13 37 
13 38 
13 39 
13 40 
14 15 
14 17 
14 18 
14 19 
14 20 
14 21 
14 22 
14 23 
14 24 
14 25 
14 26 
14 27 
14 28 
14 29 
14 30 
14 31 
14 32 
14 33 
14 34 
14 35 
14 36 
14 37 
14 38 
14 39 
14 40 
15 16 
15 17 
15 18 
15 19 
15 20 
15 21 
15 22 
15 23 
15 24 
15 25 
15 28 
15 32 
15 33 
15 34 
15 35 
15 36 
15 37 
15 38 
15 40 
16 17 
16 18 
16 20 
16 22 
16 23 
16 24 
16 26 
16 28 
16 31 
16 32 
16 34 
16 35 
16 36 
16 37 
17 18 
17 20 
17 21 
17 22 
17 23 
17 24 
17 25 
17 27 
17 28 
17 29 
17 30 
17 32 
17 33 
17 34 
17 35 
17 36 
17 37 
17 38 
17 39 
17 40 
18 20 
18 21 
18 22 
18 25 
18 27 
18 28 
18 29 
18 30 
18 31 
18 32 
18 34 
18 35 
18 36 
18 38 
19 20 
19 22 
19 23 
19 24 
19 25 
19 27 
19 29 
19 30 
19 31 
19 32 
19 33 
19 34 
19 36 
19 37 
19 38 
19 39 
19 40 
20 22 
20 23 
20 25 
20 26 
20 27 
20 28 
20 29 
20 30 
20 31 
20 32 
20 33 
20 34 
20 35 
20 36 
20 37 
20 38 
20 40 
21 22 
21 23 
21 24 
21 25 
21 26 
21 27 
21 29 
21 31 
21 33 
21 34 
21 35 
21 38 
21 39 
21 40 
22 23 
22 24 
22 25 
22 28 
22 29 
22 30 
22 31 
22 33 
22 34 
22 36 
22 37 
22 38 
22 40 
23 24 
23 25 
23 26 
23 29 
23 30 
23 31 
23 34 
23 35 
23 36 
23 37 
23 39 
23 40 
24 28 
24 29 
24 30 
24 32 
24 33 
24 34 
24 35 
24 36 
24 39 
24 40 
25 26 
25 27 
25 28 
25 29 
25 30 
25 31 
25 32 
25 33 
25 35 
25 37 
25 39 
25 40 
26 27 
26 28 
26 29 
26 31 
26 32 
26 34 
26 36 
26 37 
26 38 
26 39 
27 28 
27 29 
27 30 
27 31 
27 32 
27 34 
27 35 
27 36 
27 38 
27 39 
27 40 
28 30 
28 31 
28 33 
28 34 
28 35 
28 36 
28 37 
28 39 
29 30 
29 31 
29 33 
29 34 
29 36 
29 37 
29 38 
29 39 
30 33 
30 34 
30 36 
30 37 
30 38 
30 39 
30 40 
31 32 
31 33 
31 34 
31 35 
31 36 
31 39 
31 40 
32 33 
32 36 
32 37 
32 38 
32 39 
32 40 
33 34 
33 36 
33 37 
34 35 
34 36 
34 37 
34 38 
34 39 
34 40 
35 36 
35 37 
35 38 
35 39 
36 37 
36 39 
36 40 
37 38 
37 40 
38 39 
39 40 
