nNodes=60;
 nPairs=685;
Cost=

61  0  61  61  61  0  61  0  0  0  0  61  0  0  61  0  61  0  61  0  0  61  0  0  61  61  0  61  0  0  61  0  61  0  0  61  61  61  0  61  0  61  61  61  0  0  0  0  61  0  61  61  0  0  61  0  0  0  61  0  

0  61  0  61  0  61  61  61  0  0  0  0  0  0  0  61  0  61  61  0  0  0  0  0  0  0  0  0  0  61  61  0  61  0  61  0  0  61  61  61  61  0  0  0  61  0  0  61  0  61  0  61  61  61  61  61  0  0  0  0  

61  0  61  61  61  61  0  0  0  0  61  0  61  0  0  0  0  61  0  0  0  61  0  0  0  61  0  61  61  0  0  0  61  61  61  61  61  0  0  0  0  61  0  0  61  0  61  61  0  0  61  0  0  61  61  0  0  0  0  0  

61  61  61  61  0  0  0  61  0  0  0  61  0  0  0  61  61  0  0  61  61  61  0  61  0  61  61  0  0  0  61  61  61  0  0  0  61  0  0  61  61  0  0  0  61  61  61  0  61  61  0  0  61  0  61  0  61  0  0  0  

61  0  61  0  61  61  61  0  0  61  61  0  0  61  0  61  0  0  0  61  0  0  0  0  0  0  0  61  0  61  0  61  61  61  0  0  61  0  0  61  0  61  0  0  61  0  0  0  0  0  61  61  61  0  0  0  0  61  61  0  

0  61  61  0  61  61  0  0  0  0  0  0  0  0  61  61  0  0  0  61  0  0  0  0  0  0  61  61  61  61  61  61  61  0  0  0  61  61  61  0  61  61  0  0  0  0  0  0  0  0  0  0  61  0  61  61  61  0  0  0  

61  61  0  0  61  0  61  0  0  61  0  61  0  0  0  0  0  61  61  61  0  0  0  61  0  61  0  61  0  0  0  61  61  61  0  0  61  61  61  0  0  0  0  0  61  0  61  61  0  61  0  61  0  0  0  61  0  61  61  61  

0  61  0  61  0  0  0  61  0  0  0  61  61  61  0  61  0  0  0  61  0  0  0  0  61  61  0  61  0  0  0  61  61  0  0  61  61  0  0  61  61  61  0  0  61  0  61  61  0  0  61  61  61  0  61  0  0  0  61  0  

0  0  0  0  0  0  0  0  61  61  0  0  0  0  0  0  0  0  0  0  61  61  0  61  0  0  0  0  0  61  0  0  0  0  61  0  0  0  61  0  0  0  61  61  0  0  61  0  61  61  61  61  0  0  61  0  0  0  0  61  

0  0  0  0  61  0  61  0  61  61  61  61  0  61  0  61  0  0  0  0  61  0  0  0  0  0  61  61  61  0  0  0  0  0  0  0  61  61  0  0  61  61  0  0  0  0  61  61  0  61  0  0  0  0  0  0  61  0  0  0  

0  0  61  0  61  0  0  0  0  61  61  0  0  61  61  61  0  0  61  0  61  0  0  0  0  0  61  0  0  0  61  61  0  61  0  0  0  61  0  61  0  61  61  0  61  0  61  61  0  61  61  61  61  0  61  0  0  0  0  61  

61  0  0  61  0  0  61  61  0  61  0  61  61  61  61  0  61  61  0  0  61  0  0  61  0  0  61  0  61  0  0  61  0  0  0  61  0  61  0  61  61  0  61  0  61  0  61  0  0  0  61  0  61  0  61  61  0  0  61  0  

0  0  61  0  0  0  0  61  0  0  0  61  61  0  61  61  0  0  0  61  0  61  0  61  0  61  61  0  0  0  0  0  0  0  0  0  0  0  0  0  0  61  0  61  61  0  61  0  0  61  0  61  61  0  61  0  61  0  0  61  

0  0  0  0  61  0  0  61  0  61  61  61  0  61  0  61  0  0  0  61  0  0  61  0  0  0  0  61  0  0  61  0  61  0  61  61  61  61  61  0  61  0  0  61  0  0  61  0  61  61  0  0  61  0  0  0  0  61  61  0  

61  0  0  0  0  61  0  0  0  0  61  61  61  0  61  0  0  61  0  0  0  61  61  0  61  0  61  0  0  61  0  0  61  61  61  0  61  0  0  0  0  61  61  61  61  0  0  0  0  0  61  0  61  0  0  0  0  61  61  61  

0  61  0  61  61  61  0  61  0  61  61  0  61  61  0  61  61  61  0  61  61  61  0  61  61  0  61  0  0  0  61  61  61  61  0  0  61  0  61  0  61  0  0  0  61  0  0  0  0  61  0  61  61  0  0  0  61  0  61  0  

61  0  0  61  0  0  0  0  0  0  0  61  0  0  0  61  61  0  0  0  61  0  0  0  0  0  0  0  0  0  0  0  61  0  0  0  0  0  0  0  61  0  0  0  0  0  61  0  0  0  0  61  61  61  0  0  0  0  61  0  

0  61  61  0  0  0  61  0  0  0  0  61  0  0  61  61  0  61  61  0  61  0  0  0  0  0  0  0  0  0  61  0  0  0  61  0  0  0  0  0  0  61  0  0  0  61  0  0  61  0  0  61  0  0  61  61  0  0  0  61  

61  61  0  0  0  0  61  0  0  0  61  0  0  0  0  0  0  61  61  61  0  61  61  61  0  61  61  61  61  61  0  0  0  0  0  61  0  61  0  0  0  0  0  61  0  61  0  0  0  0  61  0  61  0  0  0  0  61  61  0  

0  0  0  61  61  61  61  61  0  0  0  0  61  61  0  61  0  0  61  61  61  61  0  0  61  0  61  0  61  0  0  61  0  61  61  61  0  0  0  61  0  61  0  0  0  61  0  61  0  61  0  0  0  0  0  0  0  61  0  0  

0  0  0  61  0  0  0  0  61  61  61  61  0  0  0  61  61  61  0  61  61  0  61  61  0  61  0  61  0  0  0  61  0  61  0  61  0  61  0  0  61  0  0  0  0  61  0  0  0  0  61  0  0  0  61  0  61  0  0  0  

61  0  61  61  0  0  0  0  61  0  0  0  61  0  61  61  0  0  61  61  0  61  0  0  0  61  61  0  0  0  0  61  61  0  61  61  61  61  0  61  0  0  0  61  61  0  61  61  0  61  0  0  0  61  0  61  61  0  0  61  

0  0  0  0  0  0  0  0  0  0  0  0  0  61  61  0  0  0  61  0  61  0  61  0  61  0  0  61  61  0  61  0  61  0  0  0  0  61  61  61  61  61  0  61  61  0  61  0  61  0  61  0  0  0  0  61  61  61  0  0  

0  0  0  61  0  0  61  0  61  0  0  61  61  0  0  61  0  0  61  0  61  0  0  61  0  61  0  0  61  61  0  61  0  61  0  0  0  0  61  61  0  61  61  61  0  0  0  0  0  61  0  61  61  0  0  0  0  0  0  61  

61  0  0  0  0  0  0  61  0  0  0  0  0  0  61  61  0  0  0  61  0  0  61  0  61  0  0  61  0  61  61  0  0  0  0  61  0  61  0  0  0  0  0  0  0  61  0  61  61  0  0  61  0  61  0  0  0  61  0  0  

61  0  61  61  0  0  61  61  0  0  0  0  61  0  0  0  0  0  61  0  61  61  0  61  0  61  61  0  0  0  61  61  0  61  61  61  0  0  0  0  0  61  61  0  61  61  0  0  0  0  0  61  0  0  61  0  61  61  0  0  

0  0  0  61  0  61  0  0  0  61  61  61  61  0  61  61  0  0  61  61  0  61  0  0  0  61  61  0  0  0  61  0  61  0  0  0  61  61  61  61  61  61  61  0  0  0  0  0  0  0  61  0  61  61  0  0  61  0  0  61  

61  0  61  0  61  61  61  61  0  61  0  0  0  61  0  0  0  0  61  0  61  0  61  0  61  0  0  61  0  0  0  0  61  0  61  0  0  0  0  0  0  0  61  0  0  0  0  0  0  0  61  61  61  0  0  0  61  61  0  0  

0  0  61  0  0  61  0  0  0  61  0  61  0  0  0  0  0  0  61  61  0  0  61  61  0  0  0  0  61  0  0  61  0  0  61  61  0  0  0  61  0  61  0  0  0  61  61  0  0  0  61  61  61  61  0  0  61  0  61  61  

0  61  0  0  61  61  0  0  61  0  0  0  0  0  61  0  0  0  61  0  0  0  0  61  61  0  0  0  0  61  61  0  0  0  0  0  0  0  61  61  0  0  0  0  61  0  0  61  0  61  0  61  0  61  0  0  0  0  61  61  

61  61  0  61  0  61  0  0  0  0  61  0  0  61  0  61  0  61  0  0  0  0  61  0  61  61  61  0  0  61  61  61  61  0  61  0  0  0  0  0  0  0  0  0  61  0  0  0  0  61  61  61  0  0  0  0  61  61  0  0  

0  0  0  61  61  61  61  61  0  0  61  61  0  0  0  61  0  0  0  61  61  61  0  61  0  61  0  0  61  0  61  61  61  61  0  61  0  61  0  0  0  61  61  0  0  0  61  0  0  61  61  61  0  0  61  0  0  61  0  0  

61  61  61  61  61  61  61  61  0  0  0  0  0  61  61  61  61  0  0  0  0  61  61  0  0  0  61  61  0  0  61  61  61  0  61  0  0  0  0  0  0  61  0  0  0  61  0  0  0  0  0  61  0  0  61  0  0  0  0  0  

0  0  61  0  61  0  61  0  0  0  61  0  0  0  61  61  0  0  0  61  61  0  0  61  0  61  0  0  0  0  0  61  0  61  0  61  61  0  0  0  0  0  0  0  61  0  0  0  61  61  61  0  0  61  0  0  0  61  0  0  

0  61  61  0  0  0  0  0  61  0  0  0  0  61  61  0  0  61  0  61  0  61  0  0  0  61  0  61  61  0  61  0  61  0  61  61  61  0  61  0  0  0  0  61  61  0  61  0  0  61  0  61  0  0  61  61  0  0  0  0  

61  0  61  0  0  0  0  61  0  0  0  61  0  61  0  0  0  0  61  61  61  61  0  0  61  61  0  0  61  0  0  61  0  61  61  61  61  61  0  61  0  61  0  0  0  0  0  0  0  61  0  0  0  0  0  0  61  0  61  0  

61  0  61  61  61  61  61  61  0  61  0  0  0  61  61  61  0  0  0  0  0  61  0  0  0  0  61  0  0  0  0  0  0  61  61  61  61  61  0  61  0  61  0  61  0  0  0  0  0  0  61  0  0  0  61  0  61  61  61  61  

61  61  0  0  0  61  61  0  0  61  61  61  0  61  0  0  0  0  61  0  61  61  61  0  61  0  61  0  0  0  0  61  0  0  0  61  61  61  0  0  0  0  0  61  0  61  0  61  0  0  0  0  0  0  0  0  61  61  61  61  

0  61  0  0  0  61  61  0  61  0  0  0  0  61  0  61  0  0  0  0  0  0  61  61  0  0  61  0  0  61  0  0  0  0  61  0  0  0  61  61  61  0  0  61  0  0  61  61  0  61  61  61  0  0  0  61  61  0  0  0  

61  61  0  61  61  0  0  61  0  0  61  61  0  0  0  0  0  0  0  61  0  61  61  61  0  0  61  0  61  61  0  0  0  0  0  61  61  0  61  61  0  61  0  0  0  0  61  61  61  0  0  0  61  0  61  0  61  61  61  0  

0  61  0  61  0  61  0  61  0  61  0  61  0  61  0  61  61  0  0  0  61  0  61  0  0  0  61  0  0  0  0  0  0  0  0  0  0  0  61  0  61  0  0  61  0  0  0  0  61  61  0  61  0  0  61  61  61  0  0  0  

61  0  61  0  61  61  0  61  0  61  61  0  61  0  61  0  0  61  0  61  0  0  61  61  0  61  61  0  61  0  0  61  61  0  0  61  61  0  0  61  0  61  0  61  0  0  0  0  61  0  0  0  0  61  61  61  0  0  0  61  

61  0  0  0  0  0  0  0  61  0  61  61  0  0  61  0  0  0  0  0  0  0  0  61  0  61  61  61  0  0  0  61  0  0  0  0  0  0  0  0  0  0  61  61  0  0  0  61  61  61  0  61  0  0  0  61  61  0  0  0  

61  0  0  0  0  0  0  0  61  0  0  0  61  61  61  0  0  0  61  0  0  61  61  61  0  0  0  0  0  0  0  0  0  0  61  0  61  61  61  0  61  61  61  61  0  0  0  61  0  0  61  0  0  0  0  0  61  0  0  61  

0  61  61  61  61  0  61  61  0  0  61  61  61  0  61  61  0  0  0  0  0  61  61  0  0  61  0  0  0  61  61  0  0  61  61  0  0  0  0  0  0  0  0  0  61  61  61  61  61  0  61  0  0  61  0  61  61  61  0  0  

0  0  0  61  0  0  0  0  0  0  0  0  0  0  0  0  0  61  61  61  61  0  0  0  61  61  0  0  61  0  0  0  61  0  0  0  0  61  0  0  0  0  0  0  61  61  61  0  0  61  61  0  0  0  0  0  0  0  0  61  

0  0  61  61  0  0  61  61  61  61  61  61  61  61  0  0  61  0  0  0  0  61  61  0  0  0  0  0  61  0  0  61  0  0  61  0  0  0  61  61  0  0  0  0  61  61  61  61  61  0  0  61  0  61  0  61  61  61  0  61  

0  61  61  0  0  0  61  61  0  61  61  0  0  0  0  0  0  0  0  61  0  61  0  0  61  0  0  0  0  61  0  0  0  0  0  0  0  61  61  61  0  0  61  61  61  0  61  61  61  0  0  61  0  0  61  0  61  61  0  0  

61  0  0  61  0  0  0  0  61  0  0  0  0  61  0  0  0  61  0  0  0  0  61  0  61  0  0  0  0  0  0  0  0  61  0  0  0  0  0  61  61  61  61  0  61  0  61  61  61  0  61  61  61  61  61  61  0  61  0  0  

0  61  0  61  0  0  61  0  61  61  61  0  61  61  0  61  0  0  0  61  0  61  0  61  0  0  0  0  0  61  61  61  0  61  61  61  0  0  61  0  61  0  61  0  0  61  0  0  0  61  0  0  0  61  0  61  0  0  0  0  

61  0  61  0  61  0  0  61  61  0  61  61  0  0  61  0  0  0  61  0  61  0  61  0  0  0  61  61  61  0  61  61  0  61  0  0  61  0  61  0  0  0  0  61  61  61  0  0  61  0  61  61  0  61  0  0  0  61  61  61  

61  61  0  0  61  0  61  61  61  0  61  0  61  0  0  61  61  61  0  0  0  0  0  61  61  61  0  61  61  61  61  61  61  0  61  0  0  0  61  0  61  0  61  0  0  0  61  61  61  0  61  61  0  61  0  61  0  0  61  0  

0  61  0  61  61  61  0  61  0  0  61  61  61  61  61  61  61  0  61  0  0  0  0  61  0  0  61  61  61  0  0  0  0  0  0  0  0  0  0  61  0  0  0  0  0  0  0  0  61  0  0  0  61  61  0  61  0  61  61  0  

0  61  61  0  0  0  0  0  0  0  0  0  0  0  0  0  61  0  0  0  0  61  0  0  61  0  61  0  61  61  0  0  0  61  0  0  0  0  0  0  0  61  0  0  61  0  61  0  61  61  61  61  61  61  0  0  0  0  61  0  

61  61  61  61  0  61  0  61  61  0  61  61  61  0  0  0  0  61  0  0  61  0  0  0  0  61  0  0  0  0  0  61  61  0  61  0  61  0  0  61  61  61  0  0  0  0  0  61  61  0  0  0  0  0  61  61  61  61  61  0  

0  61  0  0  0  61  61  0  0  0  0  61  0  0  0  0  0  61  0  0  0  61  61  0  0  0  0  0  0  0  0  0  0  0  61  0  0  0  61  0  61  61  61  0  61  0  61  0  61  61  0  61  61  0  61  61  0  61  0  0  

0  0  0  61  0  61  0  0  0  61  0  0  61  0  0  61  0  0  0  0  61  61  61  0  0  61  61  61  61  0  61  0  0  0  0  61  61  61  61  61  61  0  61  61  61  0  61  61  0  0  0  0  0  0  61  0  61  61  0  0  

0  0  0  0  61  0  61  0  0  0  0  0  0  61  61  0  0  0  61  61  0  0  61  0  61  61  0  61  0  0  61  61  0  61  0  0  61  61  0  61  0  0  0  0  61  0  61  61  61  0  61  0  61  0  61  61  61  61  61  0  

61  0  0  0  61  0  61  61  0  0  0  61  0  61  61  61  61  0  61  0  0  0  0  0  0  0  0  0  61  61  0  0  0  0  0  61  61  61  0  61  0  0  0  0  0  0  0  0  0  0  61  61  61  61  61  0  0  61  61  61  

0  0  0  0  0  0  61  0  61  0  61  0  61  0  61  0  0  61  0  0  0  61  0  61  0  0  61  0  61  61  0  0  0  0  0  0  61  61  0  0  0  61  0  61  0  61  61  0  0  0  61  0  0  0  0  0  0  0  61  61  

UnPairedArc=
1 3 
1 4 
1 5 
1 7 
1 12 
1 15 
1 17 
1 19 
1 22 
1 25 
1 26 
1 28 
1 31 
1 33 
1 36 
1 37 
1 38 
1 40 
1 42 
1 43 
1 44 
1 49 
1 51 
1 52 
1 55 
1 59 
2 4 
2 6 
2 7 
2 8 
2 16 
2 18 
2 19 
2 30 
2 31 
2 33 
2 35 
2 38 
2 39 
2 40 
2 41 
2 45 
2 48 
2 50 
2 52 
2 53 
2 54 
2 55 
2 56 
3 4 
3 5 
3 6 
3 11 
3 13 
3 18 
3 22 
3 26 
3 28 
3 29 
3 33 
3 34 
3 35 
3 36 
3 37 
3 42 
3 45 
3 47 
3 48 
3 51 
3 54 
3 55 
4 8 
4 12 
4 16 
4 17 
4 20 
4 21 
4 22 
4 24 
4 26 
4 27 
4 31 
4 32 
4 33 
4 37 
4 40 
4 41 
4 45 
4 46 
4 47 
4 49 
4 50 
4 53 
4 55 
4 57 
5 6 
5 7 
5 10 
5 11 
5 14 
5 16 
5 20 
5 28 
5 30 
5 32 
5 33 
5 34 
5 37 
5 40 
5 42 
5 45 
5 51 
5 52 
5 53 
5 58 
5 59 
6 15 
6 16 
6 20 
6 27 
6 28 
6 29 
6 30 
6 31 
6 32 
6 33 
6 37 
6 38 
6 39 
6 41 
6 42 
6 53 
6 55 
6 56 
6 57 
7 10 
7 12 
7 18 
7 19 
7 20 
7 24 
7 26 
7 28 
7 32 
7 33 
7 34 
7 37 
7 38 
7 39 
7 45 
7 47 
7 48 
7 50 
7 52 
7 56 
7 58 
7 59 
7 60 
8 12 
8 13 
8 14 
8 16 
8 20 
8 25 
8 26 
8 28 
8 32 
8 33 
8 36 
8 37 
8 40 
8 41 
8 42 
8 45 
8 47 
8 48 
8 51 
8 52 
8 53 
8 55 
8 59 
9 10 
9 21 
9 22 
9 24 
9 30 
9 35 
9 39 
9 43 
9 44 
9 47 
9 49 
9 50 
9 51 
9 52 
9 55 
9 60 
10 11 
10 12 
10 14 
10 16 
10 21 
10 27 
10 28 
10 29 
10 37 
10 38 
10 41 
10 42 
10 47 
10 48 
10 50 
10 57 
11 14 
11 15 
11 16 
11 19 
11 21 
11 27 
11 31 
11 32 
11 34 
11 38 
11 40 
11 42 
11 43 
11 45 
11 47 
11 48 
11 50 
11 51 
11 52 
11 53 
11 55 
11 60 
12 13 
12 14 
12 15 
12 17 
12 18 
12 21 
12 24 
12 27 
12 29 
12 32 
12 36 
12 38 
12 40 
12 41 
12 43 
12 45 
12 47 
12 51 
12 53 
12 55 
12 56 
12 59 
13 15 
13 16 
13 20 
13 22 
13 24 
13 26 
13 27 
13 42 
13 44 
13 45 
13 47 
13 50 
13 52 
13 53 
13 55 
13 57 
13 60 
14 16 
14 20 
14 23 
14 28 
14 31 
14 33 
14 35 
14 36 
14 37 
14 38 
14 39 
14 41 
14 44 
14 47 
14 49 
14 50 
14 53 
14 58 
14 59 
15 18 
15 22 
15 23 
15 25 
15 27 
15 30 
15 33 
15 34 
15 35 
15 37 
15 42 
15 43 
15 44 
15 45 
15 51 
15 53 
15 58 
15 59 
15 60 
16 17 
16 18 
16 20 
16 21 
16 22 
16 24 
16 25 
16 27 
16 31 
16 32 
16 33 
16 34 
16 37 
16 39 
16 41 
16 45 
16 50 
16 52 
16 53 
16 57 
16 59 
17 21 
17 33 
17 41 
17 47 
17 52 
17 53 
17 54 
17 59 
18 19 
18 21 
18 31 
18 35 
18 42 
18 46 
18 49 
18 52 
18 55 
18 56 
18 60 
19 20 
19 22 
19 23 
19 24 
19 26 
19 27 
19 28 
19 29 
19 30 
19 36 
19 38 
19 44 
19 46 
19 51 
19 53 
19 58 
19 59 
20 21 
20 22 
20 25 
20 27 
20 29 
20 32 
20 34 
20 35 
20 36 
20 40 
20 42 
20 46 
20 48 
20 50 
20 58 
21 23 
21 24 
21 26 
21 28 
21 32 
21 34 
21 36 
21 38 
21 41 
21 46 
21 51 
21 55 
21 57 
22 26 
22 27 
22 32 
22 33 
22 35 
22 36 
22 37 
22 38 
22 40 
22 44 
22 45 
22 47 
22 48 
22 50 
22 54 
22 56 
22 57 
22 60 
23 25 
23 28 
23 29 
23 31 
23 33 
23 38 
23 39 
23 40 
23 41 
23 42 
23 44 
23 45 
23 47 
23 49 
23 51 
23 56 
23 57 
23 58 
24 26 
24 29 
24 30 
24 32 
24 34 
24 39 
24 40 
24 42 
24 43 
24 44 
24 50 
24 52 
24 53 
24 60 
25 28 
25 30 
25 31 
25 36 
25 38 
25 46 
25 48 
25 49 
25 52 
25 54 
25 58 
26 27 
26 31 
26 32 
26 34 
26 35 
26 36 
26 42 
26 43 
26 45 
26 46 
26 52 
26 55 
26 57 
26 58 
27 31 
27 33 
27 37 
27 38 
27 39 
27 40 
27 41 
27 42 
27 43 
27 51 
27 53 
27 54 
27 57 
27 60 
28 33 
28 35 
28 43 
28 51 
28 52 
28 53 
28 57 
28 58 
29 32 
29 35 
29 36 
29 40 
29 42 
29 46 
29 47 
29 51 
29 52 
29 53 
29 54 
29 57 
29 59 
29 60 
30 31 
30 39 
30 40 
30 45 
30 48 
30 50 
30 52 
30 54 
30 59 
30 60 
31 32 
31 33 
31 35 
31 45 
31 50 
31 51 
31 52 
31 57 
31 58 
32 33 
32 34 
32 36 
32 38 
32 42 
32 43 
32 47 
32 50 
32 51 
32 52 
32 55 
32 58 
33 35 
33 42 
33 46 
33 52 
33 55 
34 36 
34 37 
34 45 
34 49 
34 50 
34 51 
34 54 
34 58 
35 36 
35 37 
35 39 
35 44 
35 45 
35 47 
35 50 
35 52 
35 55 
35 56 
36 37 
36 38 
36 40 
36 42 
36 50 
36 57 
36 59 
37 38 
37 40 
37 42 
37 44 
37 51 
37 55 
37 57 
37 58 
37 59 
37 60 
38 44 
38 46 
38 48 
38 57 
38 58 
38 59 
38 60 
39 40 
39 41 
39 44 
39 47 
39 48 
39 50 
39 51 
39 52 
39 56 
39 57 
40 42 
40 47 
40 48 
40 49 
40 53 
40 55 
40 57 
40 58 
40 59 
41 44 
41 49 
41 50 
41 52 
41 55 
41 56 
41 57 
42 44 
42 49 
42 54 
42 55 
42 56 
42 60 
43 44 
43 48 
43 49 
43 50 
43 52 
43 56 
43 57 
44 48 
44 51 
44 57 
44 60 
45 46 
45 47 
45 48 
45 49 
45 51 
45 54 
45 56 
45 57 
45 58 
46 47 
46 50 
46 51 
46 60 
47 48 
47 49 
47 52 
47 54 
47 56 
47 57 
47 58 
47 60 
48 49 
48 52 
48 55 
48 57 
48 58 
49 51 
49 52 
49 53 
49 54 
49 55 
49 56 
49 58 
50 54 
50 56 
51 52 
51 54 
51 58 
51 59 
51 60 
52 54 
52 56 
52 59 
53 54 
53 56 
53 58 
53 59 
54 59 
55 56 
55 57 
55 58 
55 59 
56 58 
57 58 
58 59 
59 60 
