nNodes=80;
 nPairs=617;
Cost=

81  0  0  0  0  0  0  0  0  0  0  0  0  0  0  0  81  0  0  81  0  0  0  0  0  0  0  81  0  0  0  0  0  0  81  81  0  0  0  0  0  0  81  0  0  0  0  0  0  0  0  0  0  0  0  0  81  81  81  81  0  0  0  81  0  81  0  0  81  0  0  0  0  0  0  0  0  0  0  0  

0  81  0  81  81  0  81  0  0  0  81  0  0  0  0  0  0  81  0  0  0  0  0  0  0  0  81  81  0  0  0  0  0  0  0  0  0  0  0  0  0  81  0  0  0  0  0  81  0  81  81  0  0  0  0  0  0  0  0  0  81  0  0  0  0  0  0  0  0  0  0  81  81  0  0  81  0  0  0  0  

0  0  81  0  81  0  81  0  0  0  0  0  0  0  81  0  0  0  0  0  0  0  81  0  0  0  0  0  0  0  81  0  0  0  0  81  81  0  0  0  81  0  81  0  0  0  0  0  0  0  81  0  0  0  0  0  0  0  0  0  0  0  81  0  0  0  0  0  81  0  81  0  81  0  0  81  0  0  0  0  

0  81  0  81  0  0  0  81  81  0  0  0  81  0  0  0  0  0  0  0  0  0  0  0  0  0  0  0  0  0  0  0  0  0  0  0  81  0  0  0  81  0  0  0  0  0  81  0  0  0  0  0  81  0  0  0  0  0  0  0  81  0  0  0  81  0  0  81  0  0  0  0  81  0  0  0  0  0  0  81  

0  81  81  0  81  0  0  0  81  81  0  0  81  0  0  0  0  0  0  0  81  81  0  0  0  0  0  0  0  0  0  81  0  0  0  81  0  0  0  0  81  0  81  0  0  0  0  0  0  0  0  81  81  81  0  0  0  0  0  0  81  0  0  0  0  0  0  0  81  0  81  0  0  0  0  0  0  0  0  81  

0  0  0  0  0  81  0  0  0  0  0  0  0  81  81  0  81  0  0  81  0  0  0  0  0  0  81  81  81  81  81  0  0  81  0  0  0  81  81  0  0  0  81  0  0  0  81  0  81  81  81  0  0  0  0  0  0  0  81  81  81  0  81  0  81  0  0  0  0  0  81  0  0  0  0  0  0  0  0  81  

0  81  81  0  0  0  81  0  81  81  0  0  0  0  81  0  0  0  81  0  0  0  0  0  81  0  0  0  0  81  0  0  0  0  0  0  0  0  0  81  0  0  0  0  0  0  0  0  0  81  81  0  0  81  0  0  81  81  0  81  0  0  0  0  81  0  0  81  81  0  0  0  0  0  0  0  0  81  0  0  

0  0  0  81  0  0  0  81  0  0  81  0  0  0  0  0  81  0  0  0  0  0  0  0  0  0  0  0  0  0  0  0  0  81  0  0  0  0  0  0  0  0  0  0  0  81  81  0  0  0  0  0  0  0  0  0  81  0  81  0  81  0  0  0  0  0  0  0  0  0  81  0  0  0  0  0  0  0  0  0  

0  0  0  81  81  0  81  0  81  0  81  0  0  0  0  0  0  0  0  0  81  0  0  0  81  81  0  0  0  0  81  0  0  0  0  0  81  81  81  81  0  0  81  0  0  0  0  0  0  0  0  81  0  0  0  0  0  0  0  0  0  0  0  0  0  81  0  0  0  0  0  0  0  81  0  0  81  0  0  0  

0  0  0  0  81  0  81  0  0  81  0  0  0  0  0  0  81  0  0  0  0  81  0  0  0  81  0  0  81  81  0  81  81  0  0  81  81  0  0  0  0  0  0  81  0  0  81  0  0  0  81  0  0  0  0  81  0  0  0  0  0  81  0  0  0  81  0  0  81  0  81  81  81  0  0  81  0  0  0  0  

0  81  0  0  0  0  0  81  81  0  81  0  0  81  0  0  0  0  0  0  0  0  0  0  0  0  0  0  0  81  0  0  0  0  0  0  0  0  0  0  0  0  0  0  0  0  81  0  81  0  0  0  81  0  81  0  0  0  0  0  0  0  0  0  0  81  0  0  0  0  0  0  0  0  0  0  0  0  0  0  

0  0  0  0  0  0  0  0  0  0  0  81  81  0  0  0  0  81  0  81  0  81  81  0  0  0  0  0  0  0  0  0  0  0  0  0  81  0  0  0  81  0  0  0  81  0  81  0  0  81  81  0  0  0  0  0  81  0  0  0  0  81  0  0  81  0  0  0  0  0  0  81  0  0  0  0  0  0  81  0  

0  0  0  81  81  0  0  0  0  0  0  81  81  0  81  0  0  0  81  0  0  0  81  0  81  0  81  0  81  81  0  0  0  0  0  0  0  0  81  0  0  0  0  0  0  0  0  0  0  0  0  0  0  0  0  0  0  0  0  0  0  0  0  0  81  0  81  81  0  0  0  0  0  0  81  0  0  0  0  0  

0  0  0  0  0  81  0  0  0  0  81  0  0  81  0  81  0  0  0  0  0  0  0  0  0  0  81  0  0  0  0  0  0  81  0  0  0  81  81  81  0  0  0  0  0  0  81  0  81  0  0  81  0  0  0  0  0  0  0  0  0  0  81  81  0  0  0  81  0  0  0  81  0  81  81  0  0  0  0  0  

0  0  81  0  0  81  81  0  0  0  0  0  81  0  81  81  0  81  0  0  0  0  81  0  0  0  0  0  0  81  0  0  0  0  81  81  0  81  0  81  0  0  0  0  0  0  0  0  0  0  0  0  0  0  81  0  0  0  0  81  0  0  0  0  0  0  0  0  0  81  0  0  0  81  0  0  0  81  0  0  

0  0  0  0  0  0  0  0  0  0  0  0  0  81  81  81  0  0  0  0  0  0  81  0  0  81  0  0  0  0  0  0  0  0  81  81  81  0  0  81  81  0  0  0  0  81  0  0  0  0  0  0  0  0  0  0  0  0  0  0  0  0  81  0  0  0  0  0  0  0  0  0  0  0  81  81  81  0  81  0  

81  0  0  0  0  81  0  81  0  81  0  0  0  0  0  0  81  0  0  0  0  0  0  0  0  0  0  0  0  0  0  0  81  0  0  0  0  0  0  0  0  0  0  81  81  0  0  0  0  0  0  0  0  0  0  0  0  0  0  0  0  0  0  0  81  0  0  0  0  0  0  0  0  81  0  0  81  0  0  81  

0  81  0  0  0  0  0  0  0  0  0  81  0  0  81  0  0  81  0  0  0  0  81  81  0  0  0  0  0  0  0  0  0  0  0  0  0  81  0  0  0  0  0  0  0  0  0  81  0  81  0  0  0  0  0  0  0  0  0  0  0  0  81  0  0  0  0  0  0  0  81  0  0  0  0  0  0  0  0  0  

0  0  0  0  0  0  81  0  0  0  0  0  81  0  0  0  0  0  81  0  81  0  0  81  0  0  0  0  0  81  0  0  81  0  0  0  0  0  81  0  0  0  81  0  81  81  0  81  0  81  0  0  0  0  0  0  81  0  0  81  0  0  0  0  0  81  0  0  0  0  0  0  0  81  0  0  0  0  81  81  

81  0  0  0  0  81  0  0  0  0  0  81  0  0  0  0  0  0  0  81  0  0  0  0  0  0  0  0  0  0  0  0  0  0  0  0  81  0  0  0  81  0  0  0  0  81  81  0  0  81  81  81  0  0  0  81  0  0  0  0  0  0  0  0  0  81  0  0  0  0  0  0  0  81  0  81  0  0  0  0  

0  0  0  0  81  0  0  0  81  0  0  0  0  0  0  0  0  0  81  0  81  0  0  0  0  0  0  0  0  0  0  0  0  81  0  81  0  0  0  0  0  0  0  0  81  0  0  0  0  0  0  81  81  0  0  0  0  81  0  0  0  81  0  0  0  0  0  81  81  81  0  0  0  81  0  0  81  0  0  0  

0  0  0  0  81  0  0  0  0  81  0  81  0  0  0  0  0  0  0  0  0  81  0  0  0  0  0  0  0  0  0  0  0  0  0  81  0  0  0  0  0  0  0  0  0  0  81  0  81  0  0  0  81  0  81  0  0  0  0  0  0  0  0  0  0  0  0  0  0  0  0  0  0  0  0  0  81  0  0  0  

0  0  81  0  0  0  0  0  0  0  0  81  81  0  81  81  0  81  0  0  0  0  81  0  0  0  81  81  0  0  0  0  0  0  0  0  0  81  0  0  0  81  0  0  81  81  0  0  81  0  81  0  0  0  81  81  0  0  0  0  0  0  0  81  0  81  0  0  0  81  0  0  0  0  0  0  0  0  0  0  

0  0  0  0  0  0  0  0  0  0  0  0  0  0  0  0  0  81  81  0  0  0  0  81  81  81  0  0  0  0  0  0  0  0  0  0  0  81  0  81  0  0  0  0  0  81  0  81  0  81  0  81  0  0  0  0  0  81  81  0  0  0  0  81  0  0  81  0  0  0  81  0  0  0  0  0  0  0  0  81  

0  0  0  0  0  0  81  0  81  0  0  0  81  0  0  0  0  0  0  0  0  0  0  81  81  81  0  0  0  0  0  0  0  0  0  81  0  81  0  0  81  0  0  0  0  81  0  0  0  0  0  0  0  0  0  0  0  0  0  0  0  0  0  0  81  81  0  0  81  0  81  0  81  0  0  0  0  81  0  0  

0  0  0  0  0  0  0  0  81  81  0  0  0  0  0  81  0  0  0  0  0  0  0  81  81  81  0  0  0  0  0  0  0  81  0  81  0  0  0  0  81  0  0  0  0  0  0  0  0  0  0  0  81  0  0  0  81  0  81  0  0  0  0  0  0  81  81  0  0  0  0  0  81  0  0  0  0  0  0  0  

0  81  0  0  0  81  0  0  0  0  0  0  81  81  0  0  0  0  0  0  0  0  81  0  0  0  81  0  0  0  0  0  0  0  0  0  0  0  81  0  0  0  81  0  0  0  0  0  0  0  0  0  0  0  0  0  0  0  0  0  81  0  0  0  81  0  0  0  0  0  0  0  81  0  0  0  0  0  0  0  

81  81  0  0  0  81  0  0  0  0  0  0  0  0  0  0  0  0  0  0  0  0  81  0  0  0  0  81  0  0  0  0  0  81  0  0  0  0  0  0  81  0  0  0  0  81  81  0  81  0  0  81  0  0  81  0  81  81  0  81  0  0  81  0  0  0  0  0  0  0  0  81  0  0  0  0  0  0  0  81  

0  0  0  0  0  81  0  0  0  81  0  0  81  0  0  0  0  0  0  0  0  0  0  0  0  0  0  0  81  81  0  0  0  0  81  0  0  0  81  0  0  0  0  0  0  81  0  0  0  0  0  0  0  0  0  81  0  0  81  0  0  0  81  0  0  0  0  0  0  81  0  0  0  0  0  0  0  81  0  0  

0  0  0  0  0  81  81  0  0  81  81  0  81  0  81  0  0  0  81  0  0  0  0  0  0  0  0  0  81  81  0  0  0  0  0  0  0  81  81  0  81  0  0  81  0  0  0  0  0  0  0  81  0  0  0  0  0  0  0  0  81  0  0  81  81  81  0  0  81  0  81  0  0  0  0  0  81  81  0  0  

0  0  81  0  0  81  0  0  81  0  0  0  0  0  0  0  0  0  0  0  0  0  0  0  0  0  0  0  0  0  81  0  0  81  0  81  0  0  0  0  0  0  0  81  81  81  0  0  0  0  0  81  0  0  81  0  81  0  0  0  0  0  0  0  0  81  0  0  81  0  81  0  81  0  0  81  0  81  81  0  

0  0  0  0  81  0  0  0  0  81  0  0  0  0  0  0  0  0  0  0  0  0  0  0  0  0  0  0  0  0  0  81  0  0  0  0  0  81  0  0  81  81  0  0  0  0  0  81  0  0  0  81  81  0  81  81  0  0  0  0  0  0  0  0  0  0  0  0  81  0  0  81  81  0  0  0  81  0  0  81  

0  0  0  0  0  0  0  0  0  81  0  0  0  0  0  0  81  0  81  0  0  0  0  0  0  0  0  0  0  0  0  0  81  0  81  0  81  81  0  0  0  0  81  81  0  0  81  0  0  0  0  81  0  0  0  81  0  0  0  0  0  0  0  81  81  0  0  0  0  0  0  0  0  81  81  0  0  0  0  81  

0  0  0  0  0  81  0  81  0  0  0  0  0  81  0  0  0  0  0  0  81  0  0  0  0  81  0  81  0  0  81  0  0  81  0  0  0  0  0  0  0  81  0  0  81  0  0  0  0  0  0  0  81  0  0  0  0  0  0  0  0  81  0  0  0  0  0  0  0  0  0  81  81  0  0  0  81  0  0  81  

81  0  0  0  0  0  0  0  0  0  0  0  0  0  81  81  0  0  0  0  0  0  0  0  0  0  0  0  81  0  0  0  81  0  81  0  0  0  0  0  0  0  0  0  0  0  81  0  81  0  0  81  0  81  0  0  0  0  0  0  0  81  0  0  0  81  0  81  0  0  0  81  0  81  0  0  0  0  0  0  

81  0  81  0  81  0  0  0  0  81  0  0  0  0  81  81  0  0  0  0  81  81  0  0  81  81  0  0  0  0  81  0  0  0  0  81  0  0  0  0  0  0  0  81  81  0  81  81  81  81  81  0  0  0  0  0  81  0  0  0  0  0  0  0  0  0  0  0  0  0  0  81  0  0  0  0  0  0  0  0  

0  0  81  81  0  0  0  0  81  81  0  81  0  0  0  81  0  0  0  81  0  0  0  0  0  0  0  0  0  0  0  0  81  0  0  0  81  0  0  0  0  0  0  0  0  0  81  0  0  81  0  81  0  0  0  0  0  0  0  81  81  0  81  0  0  0  0  0  0  0  81  0  0  0  0  81  0  0  81  0  

0  0  0  0  0  81  0  0  81  0  0  0  0  81  81  0  0  81  0  0  0  0  81  81  81  0  0  0  0  81  0  81  81  0  0  0  0  81  0  0  0  0  0  0  0  0  0  81  0  81  0  0  0  0  81  0  0  0  0  0  0  0  0  0  0  0  0  0  0  0  0  0  0  0  81  81  0  0  0  81  

0  0  0  0  0  81  0  0  81  0  0  0  81  81  0  0  0  0  81  0  0  0  0  0  0  0  81  0  81  81  0  0  0  0  0  0  0  0  81  81  0  81  81  0  0  0  0  81  81  0  0  0  0  81  0  0  0  81  81  81  81  0  0  0  0  0  0  0  81  0  0  0  0  0  0  0  0  0  0  81  

0  0  0  0  0  0  81  0  81  0  0  0  0  81  81  81  0  0  0  0  0  0  0  81  0  0  0  0  0  0  0  0  0  0  0  0  0  0  81  81  81  0  0  0  81  0  0  0  0  0  0  0  0  0  0  0  81  0  81  0  81  81  0  0  0  0  0  0  0  0  0  0  0  81  0  0  0  0  81  0  

0  0  81  81  81  0  0  0  0  0  0  81  0  0  0  81  0  0  0  81  0  0  0  0  81  81  0  81  0  81  0  81  0  0  0  0  0  0  0  81  81  0  0  0  81  0  0  81  81  0  0  0  0  0  0  0  81  0  0  0  0  0  0  81  0  81  0  81  81  0  0  0  0  0  0  0  0  0  0  0  

0  81  0  0  0  0  0  0  0  0  0  0  0  0  0  0  0  0  0  0  0  0  81  0  0  0  0  0  0  0  0  81  0  81  0  0  0  0  81  0  0  81  0  0  0  0  0  0  0  0  0  0  0  81  0  81  0  0  0  0  0  0  81  0  0  0  0  0  0  81  0  0  0  81  0  0  0  0  81  0  

81  0  81  0  81  81  0  0  81  0  0  0  0  0  0  0  0  0  81  0  0  0  0  0  0  0  81  0  0  0  0  0  81  0  0  0  0  0  81  0  0  0  81  0  0  0  0  0  0  0  81  81  0  0  0  0  0  0  0  0  81  0  0  0  81  0  0  0  81  0  0  0  81  0  0  0  0  0  0  0  

0  0  0  0  0  0  0  0  0  81  0  0  0  0  0  0  81  0  0  0  0  0  0  0  0  0  0  0  0  81  81  0  81  0  0  81  0  0  0  0  0  0  0  81  81  0  0  0  0  0  0  0  0  0  0  0  0  0  0  0  0  0  0  0  0  0  0  0  0  0  0  0  0  0  0  0  0  0  81  0  

0  0  0  0  0  0  0  0  0  0  0  81  0  0  0  0  81  0  81  0  81  0  81  0  0  0  0  0  0  0  81  0  0  81  0  81  0  0  0  81  81  0  0  81  81  0  0  0  0  0  0  0  81  0  0  81  0  0  0  0  0  0  81  0  0  81  0  81  0  81  0  0  0  0  0  81  0  0  0  0  

0  0  0  0  0  0  0  81  0  0  0  0  0  0  0  81  0  0  81  81  0  0  81  81  81  0  0  81  81  0  81  0  0  0  0  0  0  0  0  0  0  0  0  0  0  81  0  0  0  0  81  0  81  0  0  0  0  0  0  0  0  81  0  0  81  0  0  0  0  0  0  0  0  0  81  0  0  0  81  0  

0  0  0  81  0  81  0  81  0  81  81  81  0  81  0  0  0  0  0  81  0  81  0  0  0  0  0  81  0  0  0  0  81  0  81  81  81  0  0  0  0  0  0  0  0  0  81  81  0  0  0  0  0  0  81  0  0  0  0  0  0  81  0  0  0  0  81  0  0  0  81  0  0  81  81  0  0  0  0  0  

0  81  0  0  0  0  0  0  0  0  0  0  0  0  0  0  0  81  81  0  0  0  0  81  0  0  0  0  0  0  0  81  0  0  0  81  0  81  81  0  81  0  0  0  0  0  81  81  81  0  0  81  0  0  0  0  0  0  0  0  0  0  0  0  0  0  0  0  0  0  0  81  81  0  0  0  0  81  0  0  

0  0  0  0  0  81  0  0  0  0  81  0  0  81  0  0  0  0  0  0  0  81  81  0  0  0  0  81  0  0  0  0  0  0  81  81  0  0  81  0  81  0  0  0  0  0  0  81  81  0  0  0  0  0  0  0  0  0  0  0  0  0  81  0  0  0  0  81  0  0  0  0  0  0  81  0  0  0  0  81  

0  81  0  0  0  81  81  0  0  0  0  81  0  0  0  0  0  81  81  81  0  0  0  81  0  0  0  0  0  0  0  0  0  0  0  81  81  81  0  0  0  0  0  0  0  0  0  0  0  81  0  0  0  81  0  81  0  0  0  0  0  0  81  81  0  81  0  81  0  0  81  0  81  0  0  81  0  0  0  0  

0  81  81  0  0  81  81  0  0  81  0  81  0  0  0  0  0  0  0  81  0  0  81  0  0  0  0  0  0  0  0  0  0  0  0  81  0  0  0  0  0  0  81  0  0  81  0  0  0  0  81  0  0  0  0  0  81  0  81  0  0  81  0  81  0  81  0  81  0  81  0  81  0  0  81  0  0  0  0  0  

0  0  0  0  81  0  0  0  81  0  0  0  0  81  0  0  0  0  0  81  81  0  0  81  0  0  0  81  0  81  81  81  81  0  81  0  81  0  0  0  0  0  81  0  0  0  0  81  0  0  0  81  0  0  0  0  0  0  0  0  0  0  81  0  81  81  0  0  0  81  0  0  0  0  0  0  0  81  0  0  

0  0  0  81  81  0  0  0  0  0  81  0  0  0  0  0  0  0  0  0  81  81  0  0  0  81  0  0  0  0  0  81  0  81  0  0  0  0  0  0  0  0  0  0  81  81  0  0  0  0  0  0  81  81  0  0  81  0  0  0  0  0  0  0  0  81  0  0  81  0  0  0  0  0  0  0  0  0  81  0  

0  0  0  0  81  0  81  0  0  0  0  0  0  0  0  0  0  0  0  0  0  0  0  0  0  0  0  0  0  0  0  0  0  0  81  0  0  0  81  0  0  81  0  0  0  0  0  0  0  81  0  0  81  81  0  0  0  0  0  0  0  0  0  0  0  0  0  0  0  81  81  0  0  0  0  0  0  0  81  81  

0  0  0  0  0  0  0  0  0  0  81  0  0  0  81  0  0  0  0  0  0  81  81  0  0  0  0  81  0  0  81  81  0  0  0  0  0  81  0  0  0  0  0  0  0  0  81  0  0  0  0  0  0  0  81  0  81  0  0  0  0  0  0  0  0  0  81  0  0  0  0  0  81  0  0  0  0  81  81  0  

0  0  0  0  0  0  0  0  0  81  0  0  0  0  0  0  0  0  0  81  0  0  81  0  0  0  0  0  81  0  0  81  81  0  0  0  0  0  0  0  0  81  0  0  81  0  0  0  0  81  0  0  0  0  0  81  0  0  0  0  0  0  0  81  0  0  0  0  0  0  0  0  81  0  0  0  0  0  0  0  

81  0  0  0  0  0  81  81  0  0  0  81  0  0  0  0  0  0  81  0  0  0  0  0  0  81  0  81  0  0  81  0  0  0  0  81  0  0  0  81  81  0  0  0  0  0  0  0  0  0  81  0  81  0  81  0  81  0  0  81  0  0  0  0  0  0  0  0  0  0  0  0  0  0  0  0  0  0  0  81  

81  0  0  0  0  0  81  0  0  0  0  0  0  0  0  0  0  0  0  0  81  0  0  81  0  0  0  81  0  0  0  0  0  0  0  0  0  0  81  0  0  0  0  0  0  0  0  0  0  0  0  0  0  0  0  0  0  81  0  81  0  0  0  0  0  0  0  81  0  0  0  81  0  0  81  81  0  0  0  0  

81  0  0  0  0  81  0  81  0  0  0  0  0  0  0  0  0  0  0  0  0  0  0  81  0  81  0  0  81  0  0  0  0  0  0  0  0  0  81  81  0  0  0  0  0  0  0  0  0  0  81  0  0  0  0  0  0  0  81  0  0  0  0  81  81  0  0  0  0  0  0  0  0  0  0  81  81  81  0  0  

81  0  0  0  0  81  81  0  0  0  0  0  0  0  81  0  0  0  81  0  0  0  0  0  0  0  0  81  0  0  0  0  0  0  0  0  81  0  81  0  0  0  0  0  0  0  0  0  0  0  0  0  0  0  0  0  81  81  0  81  0  0  0  0  0  0  0  0  0  0  0  0  0  0  0  0  0  0  0  0  

0  81  0  81  81  81  0  81  0  0  0  0  0  0  0  0  0  0  0  0  0  0  0  0  0  0  81  0  0  81  0  0  0  0  0  0  81  0  81  81  0  0  81  0  0  0  0  0  0  0  0  0  0  0  0  0  0  0  0  0  81  0  0  0  0  0  0  0  0  0  81  81  81  0  0  0  0  0  0  0  

0  0  0  0  0  0  0  0  0  81  0  81  0  0  0  0  0  0  0  0  81  0  0  0  0  0  0  0  0  0  0  0  0  81  81  0  0  0  0  81  0  0  0  0  0  81  81  0  0  0  81  0  0  0  0  0  0  0  0  0  0  81  0  0  0  81  0  0  81  0  0  0  0  81  81  0  0  0  0  0  

0  0  81  0  0  81  0  0  0  0  0  0  0  81  0  81  0  81  0  0  0  0  0  0  0  0  0  81  81  0  0  0  0  0  0  0  81  0  0  0  0  81  0  0  81  0  0  0  81  81  0  81  0  0  0  0  0  0  0  0  0  0  81  81  0  0  0  0  0  81  0  0  0  81  81  0  0  0  81  0  

81  0  0  0  0  0  0  0  0  0  0  0  0  81  0  0  0  0  0  0  0  0  81  81  0  0  0  0  0  81  0  0  81  0  0  0  0  0  0  0  81  0  0  0  0  0  0  0  0  81  81  0  0  0  0  81  0  0  81  0  0  0  81  81  0  0  0  0  0  0  0  0  0  81  0  0  81  0  0  0  

0  0  0  81  0  81  81  0  0  0  0  81  81  0  0  0  81  0  0  0  0  0  0  0  81  0  81  0  0  81  0  0  81  0  0  0  0  0  0  0  0  0  81  0  0  81  0  0  0  0  0  81  0  0  0  0  0  0  81  0  0  0  0  0  81  0  0  0  81  0  0  81  0  0  81  81  0  0  0  0  

81  0  0  0  0  0  0  0  81  81  81  0  0  0  0  0  0  0  81  81  0  0  81  0  81  81  0  0  0  81  81  0  0  0  81  0  0  0  0  0  81  0  0  0  81  0  0  0  0  81  81  81  81  0  0  0  0  0  0  0  0  81  0  0  0  81  0  0  0  81  0  0  0  0  0  81  0  0  0  0  

0  0  0  0  0  0  0  0  0  0  0  0  81  0  0  0  0  0  0  0  0  0  0  81  0  81  0  0  0  0  0  0  0  0  0  0  0  0  0  0  0  0  0  0  0  0  81  0  0  0  0  0  0  0  81  0  0  0  0  0  0  0  0  0  0  0  81  0  0  81  81  0  0  0  0  0  0  0  0  0  

0  0  0  81  0  0  81  0  0  0  0  0  81  81  0  0  0  0  0  0  81  0  0  0  0  0  0  0  0  0  0  0  0  0  81  0  0  0  0  0  81  0  0  0  81  0  0  0  81  81  81  0  0  0  0  0  0  81  0  0  0  0  0  0  0  0  0  81  0  0  0  0  0  0  81  0  0  0  0  0  

81  0  81  0  81  0  81  0  0  81  0  0  0  0  0  0  0  0  0  0  81  0  0  0  81  0  0  0  0  81  81  81  0  0  0  0  0  0  81  0  81  0  81  0  0  0  0  0  0  0  0  0  81  0  0  0  0  0  0  0  0  81  0  0  81  0  0  0  81  0  81  81  0  0  81  0  0  0  0  0  

0  0  0  0  0  0  0  0  0  0  0  0  0  0  81  0  0  0  0  0  81  0  81  0  0  0  0  0  81  0  0  0  0  0  0  0  0  0  0  0  0  81  0  0  81  0  0  0  0  0  81  81  0  81  0  0  0  0  0  0  0  0  81  0  0  81  81  0  0  81  0  0  0  0  0  0  0  0  0  0  

0  0  81  0  81  81  0  81  0  81  0  0  0  0  0  0  0  81  0  0  0  0  0  81  81  0  0  0  0  81  81  0  0  0  0  0  81  0  0  0  0  0  0  0  0  0  81  0  0  81  0  0  0  81  0  0  0  0  0  0  81  0  0  0  0  0  81  0  81  0  81  81  0  0  0  0  0  81  0  0  

0  81  0  0  0  0  0  0  0  81  0  81  0  81  0  0  0  0  0  0  0  0  0  0  0  0  0  81  0  0  0  81  0  81  81  81  0  0  0  0  0  0  0  0  0  0  0  81  0  0  81  0  0  0  0  0  0  81  0  0  81  0  0  0  81  0  0  0  81  0  81  81  0  0  0  0  0  81  0  0  

0  81  81  81  0  0  0  0  0  81  0  0  0  0  0  0  0  0  0  0  0  0  0  0  81  81  81  0  0  0  81  81  0  81  0  0  0  0  0  0  0  0  81  0  0  0  0  81  0  81  0  0  0  0  81  81  0  0  0  0  81  0  0  0  0  0  0  0  0  0  0  0  81  0  81  0  0  0  81  81  

0  0  0  0  0  0  0  0  81  0  0  0  0  81  81  0  81  0  81  81  81  0  0  0  0  0  0  0  0  0  0  0  81  0  81  0  0  0  0  81  0  81  0  0  0  0  81  0  0  0  0  0  0  0  0  0  0  0  0  0  0  81  81  81  0  0  0  0  0  0  0  0  0  81  0  81  0  0  0  0  

0  0  0  0  0  0  0  0  0  0  0  0  81  81  0  81  0  0  0  0  0  0  0  0  0  0  0  0  0  0  0  0  81  0  0  0  0  81  0  0  0  0  0  0  0  81  81  0  81  0  81  0  0  0  0  0  0  81  0  0  0  81  81  0  81  0  0  81  81  0  0  0  81  0  81  81  0  81  0  0  

0  81  81  0  0  0  0  0  0  81  0  0  0  0  0  81  0  0  0  81  0  0  0  0  0  0  0  0  0  0  81  0  0  0  0  0  81  81  0  0  0  0  0  0  81  0  0  0  0  81  0  0  0  0  0  0  0  81  81  0  0  0  0  0  81  81  0  0  0  0  0  0  0  81  81  81  0  0  0  0  

0  0  0  0  0  0  0  0  81  0  0  0  0  0  0  81  81  0  0  0  81  81  0  0  0  0  0  0  0  81  0  81  0  81  0  0  0  0  0  0  0  0  0  0  0  0  0  0  0  0  0  0  0  0  0  0  0  0  81  0  0  0  0  81  0  0  0  0  0  0  0  0  0  0  0  0  81  0  0  0  

0  0  0  0  0  0  81  0  0  0  0  0  0  0  81  0  0  0  0  0  0  0  0  0  81  0  0  0  81  81  81  0  0  0  0  0  0  0  0  0  0  0  0  0  0  0  0  81  0  0  0  81  0  0  81  0  0  0  81  0  0  0  0  0  0  0  0  0  0  0  81  81  0  0  81  0  0  81  0  0  

0  0  0  0  0  0  0  0  0  0  0  81  0  0  0  81  0  0  81  0  0  0  0  0  0  0  0  0  0  0  81  0  0  0  0  0  81  0  0  81  0  81  0  81  0  81  0  0  0  0  0  0  81  81  81  0  0  0  0  0  0  0  81  0  0  0  0  0  0  0  0  0  81  0  0  0  0  0  81  81  

0  0  0  81  81  81  0  0  0  0  0  0  0  0  0  0  81  0  81  0  0  0  0  81  0  0  0  81  0  0  0  81  81  81  0  0  0  81  81  0  0  0  0  0  0  0  0  0  81  0  0  0  0  81  0  0  81  0  0  0  0  0  0  0  0  0  0  0  0  0  0  0  81  0  0  0  0  0  81  81  

UnPairedArc=
1 17 
1 20 
1 28 
1 35 
1 36 
1 43 
1 57 
1 58 
1 59 
1 60 
1 64 
1 66 
1 69 
2 4 
2 5 
2 7 
2 11 
2 18 
2 27 
2 28 
2 42 
2 48 
2 50 
2 51 
2 61 
2 72 
2 73 
2 76 
3 5 
3 7 
3 15 
3 23 
3 31 
3 36 
3 37 
3 41 
3 43 
3 51 
3 63 
3 69 
3 71 
3 73 
3 76 
4 8 
4 9 
4 13 
4 37 
4 41 
4 47 
4 53 
4 61 
4 65 
4 68 
4 73 
4 80 
5 9 
5 10 
5 13 
5 21 
5 22 
5 32 
5 36 
5 41 
5 43 
5 52 
5 53 
5 54 
5 61 
5 69 
5 71 
5 80 
6 14 
6 15 
6 17 
6 20 
6 27 
6 28 
6 29 
6 30 
6 31 
6 34 
6 38 
6 39 
6 43 
6 47 
6 49 
6 50 
6 51 
6 59 
6 60 
6 61 
6 63 
6 65 
6 71 
6 80 
7 9 
7 10 
7 15 
7 19 
7 25 
7 30 
7 40 
7 50 
7 51 
7 54 
7 57 
7 58 
7 60 
7 65 
7 68 
7 69 
7 78 
8 11 
8 17 
8 34 
8 46 
8 47 
8 57 
8 59 
8 61 
8 71 
9 11 
9 21 
9 25 
9 26 
9 31 
9 37 
9 38 
9 39 
9 40 
9 43 
9 52 
9 66 
9 74 
9 77 
10 17 
10 22 
10 26 
10 29 
10 30 
10 32 
10 33 
10 36 
10 37 
10 44 
10 47 
10 51 
10 56 
10 62 
10 66 
10 69 
10 71 
10 72 
10 73 
10 76 
11 14 
11 30 
11 47 
11 49 
11 53 
11 55 
11 66 
12 13 
12 18 
12 20 
12 22 
12 23 
12 37 
12 41 
12 45 
12 47 
12 50 
12 51 
12 57 
12 62 
12 65 
12 72 
12 79 
13 15 
13 19 
13 23 
13 25 
13 27 
13 29 
13 30 
13 39 
13 65 
13 67 
13 68 
13 75 
14 16 
14 27 
14 34 
14 38 
14 39 
14 40 
14 47 
14 49 
14 52 
14 63 
14 64 
14 68 
14 72 
14 74 
14 75 
15 16 
15 18 
15 23 
15 30 
15 35 
15 36 
15 38 
15 40 
15 55 
15 60 
15 70 
15 74 
15 78 
16 23 
16 26 
16 35 
16 36 
16 37 
16 40 
16 41 
16 46 
16 63 
16 75 
16 76 
16 77 
16 79 
17 33 
17 44 
17 45 
17 65 
17 74 
17 77 
17 80 
18 23 
18 24 
18 38 
18 48 
18 50 
18 63 
18 71 
19 21 
19 24 
19 30 
19 33 
19 39 
19 43 
19 45 
19 46 
19 48 
19 50 
19 57 
19 60 
19 66 
19 74 
19 79 
19 80 
20 37 
20 41 
20 46 
20 47 
20 50 
20 51 
20 52 
20 56 
20 66 
20 74 
20 76 
21 34 
21 36 
21 45 
21 52 
21 53 
21 58 
21 62 
21 68 
21 69 
21 70 
21 74 
21 77 
22 36 
22 47 
22 49 
22 53 
22 55 
22 77 
23 27 
23 28 
23 38 
23 42 
23 45 
23 46 
23 49 
23 51 
23 55 
23 56 
23 64 
23 66 
23 70 
24 25 
24 26 
24 38 
24 40 
24 46 
24 48 
24 50 
24 52 
24 58 
24 59 
24 64 
24 67 
24 71 
24 80 
25 26 
25 36 
25 38 
25 41 
25 46 
25 65 
25 66 
25 69 
25 71 
25 73 
25 78 
26 34 
26 36 
26 41 
26 53 
26 57 
26 59 
26 66 
26 67 
26 73 
27 39 
27 43 
27 61 
27 65 
27 73 
28 34 
28 41 
28 46 
28 47 
28 49 
28 52 
28 55 
28 57 
28 58 
28 60 
28 63 
28 72 
28 80 
29 30 
29 35 
29 39 
29 46 
29 56 
29 59 
29 63 
29 70 
29 78 
30 38 
30 39 
30 41 
30 44 
30 52 
30 61 
30 64 
30 65 
30 66 
30 69 
30 71 
30 77 
30 78 
31 34 
31 36 
31 44 
31 45 
31 46 
31 52 
31 55 
31 57 
31 66 
31 69 
31 71 
31 73 
31 76 
31 78 
31 79 
32 38 
32 41 
32 42 
32 48 
32 52 
32 53 
32 55 
32 56 
32 69 
32 72 
32 73 
32 77 
32 80 
33 35 
33 37 
33 38 
33 43 
33 44 
33 47 
33 52 
33 56 
33 64 
33 65 
33 74 
33 75 
33 80 
34 42 
34 45 
34 53 
34 62 
34 72 
34 73 
34 77 
34 80 
35 47 
35 49 
35 52 
35 54 
35 62 
35 66 
35 68 
35 72 
35 74 
36 44 
36 45 
36 47 
36 48 
36 49 
36 50 
36 51 
36 57 
36 72 
37 47 
37 50 
37 52 
37 60 
37 61 
37 63 
37 71 
37 76 
37 79 
38 48 
38 50 
38 55 
38 75 
38 76 
38 80 
39 40 
39 42 
39 43 
39 48 
39 49 
39 54 
39 58 
39 59 
39 60 
39 61 
39 69 
39 80 
40 41 
40 45 
40 57 
40 59 
40 61 
40 62 
40 74 
40 79 
41 45 
41 48 
41 49 
41 57 
41 64 
41 66 
41 68 
41 69 
42 54 
42 56 
42 63 
42 70 
42 74 
42 79 
43 51 
43 52 
43 61 
43 65 
43 69 
43 73 
44 45 
44 79 
45 53 
45 56 
45 63 
45 66 
45 68 
45 70 
45 76 
46 51 
46 53 
46 62 
46 65 
46 75 
46 79 
47 48 
47 55 
47 62 
47 67 
47 71 
47 74 
47 75 
48 49 
48 52 
48 72 
48 73 
48 78 
49 63 
49 68 
49 75 
49 80 
50 54 
50 56 
50 63 
50 64 
50 66 
50 68 
50 71 
50 73 
50 76 
51 57 
51 59 
51 62 
51 64 
51 66 
51 68 
51 70 
51 72 
51 75 
52 63 
52 65 
52 66 
52 70 
52 78 
53 54 
53 57 
53 66 
53 69 
53 79 
54 70 
54 71 
54 79 
54 80 
55 57 
55 67 
55 73 
55 78 
55 79 
56 64 
56 73 
57 60 
57 80 
58 60 
58 68 
58 72 
58 75 
58 76 
59 64 
59 65 
59 76 
59 77 
59 78 
61 71 
61 72 
61 73 
62 66 
62 69 
62 74 
62 75 
63 64 
63 70 
63 74 
63 75 
63 79 
64 74 
64 77 
65 69 
65 72 
65 75 
65 76 
66 70 
66 76 
67 70 
67 71 
68 75 
69 71 
69 72 
69 75 
71 72 
71 78 
72 78 
73 75 
73 79 
73 80 
74 76 
75 76 
75 78 
79 80 
