nNodes=60;
 nPairs=1198;
Cost=

61  61  0  0  0  0  61  61  0  61  0  61  61  0  61  61  61  0  61  0  61  61  61  0  61  61  61  61  61  0  61  0  0  61  0  61  0  0  0  61  61  0  61  61  61  61  61  0  61  61  61  61  61  61  0  0  0  61  61  61  

61  61  0  61  61  61  0  61  0  0  61  61  0  61  0  61  0  61  0  0  0  61  0  61  0  61  0  0  0  61  61  0  61  61  61  61  0  61  61  0  0  61  61  61  0  61  61  0  61  0  0  61  0  61  0  61  0  61  0  61  

0  0  61  61  61  61  61  0  61  0  61  61  0  61  61  61  61  61  61  61  61  61  0  61  61  0  61  0  0  0  61  61  0  0  61  61  61  61  0  61  0  61  0  61  0  0  0  0  61  0  61  0  0  61  61  0  0  0  61  61  

0  61  61  61  61  61  61  0  61  61  0  61  61  61  61  61  61  0  61  61  61  61  61  61  61  61  61  61  0  0  61  61  61  61  61  61  0  61  0  61  61  61  61  61  0  0  0  0  61  61  61  61  0  61  61  61  0  0  0  61  

0  61  61  61  61  61  61  61  61  0  61  61  61  61  61  61  61  0  61  61  0  61  61  0  0  61  0  61  61  0  61  61  61  0  61  61  0  61  61  61  61  61  61  61  61  61  0  61  0  61  0  61  61  61  0  61  61  61  61  61  

0  61  61  61  61  61  0  0  61  61  61  61  61  61  0  61  0  0  0  61  61  0  61  0  61  61  61  61  0  61  61  61  61  61  61  61  61  0  61  61  61  61  61  0  61  61  0  61  61  61  0  0  61  61  61  0  61  0  0  61  

61  0  61  61  61  0  61  0  0  61  61  61  61  0  61  61  0  61  0  61  0  61  0  61  61  61  61  61  0  0  61  61  61  61  61  61  0  61  0  61  61  61  0  61  0  61  0  61  61  61  61  0  61  0  61  0  0  61  61  61  

61  61  0  0  61  0  0  61  0  0  61  0  0  61  61  61  61  0  61  61  0  61  61  0  61  61  61  61  0  61  61  0  61  0  61  0  61  61  61  61  61  0  0  61  61  61  61  0  61  61  61  61  0  61  0  61  61  0  61  0  

0  0  61  61  61  61  0  0  61  0  0  61  0  61  61  61  0  61  0  0  0  61  61  61  61  61  61  0  61  0  0  0  0  61  61  61  0  61  61  0  61  61  0  61  61  0  61  61  0  0  61  0  61  0  61  0  61  0  61  61  

61  0  0  61  0  61  61  0  0  61  61  61  61  0  61  61  61  61  0  61  61  61  61  61  61  0  61  61  61  61  61  61  61  61  0  0  61  61  61  0  61  61  0  61  61  61  0  0  0  61  0  61  61  0  61  0  0  61  61  61  

0  61  61  0  61  61  61  61  0  61  61  0  61  61  61  0  61  61  61  0  61  0  61  0  61  61  61  61  61  61  0  61  61  0  0  61  61  61  0  61  61  61  61  61  61  0  61  61  0  61  61  61  61  0  61  61  61  61  61  61  

61  61  61  61  61  61  61  0  61  61  0  61  61  61  0  61  61  61  0  61  61  61  61  61  61  61  61  61  61  0  61  61  61  0  61  61  0  61  0  61  0  0  0  0  61  61  0  0  61  61  61  61  61  0  0  61  61  61  61  61  

61  0  0  61  61  61  61  0  0  61  61  61  61  0  61  0  61  0  0  0  0  0  0  61  61  0  0  61  61  0  0  0  61  0  61  61  0  61  0  61  0  61  61  61  61  0  0  61  61  61  0  61  61  0  61  61  61  61  61  61  

0  61  61  61  61  61  0  61  61  0  61  61  0  61  61  61  61  61  0  0  61  61  61  0  0  61  61  0  61  0  61  61  61  61  0  61  61  61  61  61  61  61  61  61  61  61  61  0  61  61  0  0  0  61  61  0  0  61  61  61  

61  0  61  61  61  0  61  61  61  61  61  0  61  61  61  61  61  61  61  61  61  61  61  0  0  61  61  61  61  0  61  0  61  0  61  61  0  0  61  61  0  0  61  0  0  0  61  0  61  61  0  61  0  61  61  61  61  61  61  61  

61  61  61  61  61  61  61  61  61  61  0  61  0  61  61  61  61  61  0  61  61  61  61  61  61  0  61  61  0  61  0  0  61  0  61  0  61  61  0  0  61  61  61  0  0  0  0  0  0  61  61  61  61  0  61  61  61  61  61  61  

61  0  61  61  61  0  0  61  0  61  61  61  61  61  61  61  61  61  61  0  61  0  61  61  61  61  61  61  0  61  0  0  61  61  61  0  61  0  61  0  61  61  61  61  0  0  61  61  0  61  61  61  0  61  61  61  0  0  61  61  

0  61  61  0  0  0  61  0  61  61  61  61  0  61  61  61  61  61  61  0  61  0  0  61  61  61  0  61  0  61  0  61  61  61  0  61  0  61  61  61  0  61  61  61  61  61  61  0  61  61  61  61  61  61  0  61  61  0  61  0  

61  0  61  61  61  0  0  61  0  0  61  0  0  0  61  0  61  61  61  61  61  61  61  0  0  61  0  61  61  61  61  0  0  61  61  61  61  61  61  0  61  0  61  0  61  0  61  61  61  61  61  0  0  61  61  61  61  61  0  61  

0  0  61  61  61  61  61  61  0  61  0  61  0  0  61  61  0  0  61  61  61  61  61  61  61  61  0  61  61  61  61  61  61  61  0  61  61  0  61  61  61  61  61  61  0  61  61  61  0  61  61  61  61  61  0  0  0  61  0  0  

61  0  61  61  0  61  0  0  0  61  61  61  0  61  61  61  61  61  61  61  61  0  61  0  61  0  0  61  61  61  0  61  61  0  0  61  0  61  61  61  0  61  61  61  61  0  61  61  0  61  0  61  0  0  61  0  61  61  61  0  

61  61  61  61  61  0  61  61  61  61  0  61  0  61  61  61  0  0  61  61  0  61  0  0  61  0  61  61  0  61  61  61  0  61  61  0  61  0  61  61  0  61  61  61  61  0  0  61  61  61  0  61  61  61  61  0  61  61  61  0  

61  0  0  61  61  61  0  61  61  61  61  61  0  61  61  61  61  0  61  61  61  0  61  0  0  61  61  61  61  61  61  61  61  61  61  61  61  61  61  61  0  0  61  0  61  61  61  61  61  61  0  61  0  61  0  0  61  61  0  61  

0  61  61  61  0  0  61  0  61  61  0  61  61  0  0  61  61  61  0  61  0  0  0  61  61  61  61  61  0  61  61  0  61  61  61  0  61  0  61  0  61  61  61  0  61  61  61  0  61  61  61  0  0  0  61  61  61  0  61  0  

61  0  61  61  0  61  61  61  61  61  61  61  61  0  0  61  61  61  0  61  61  61  0  61  61  61  0  61  61  0  61  61  0  61  61  61  61  61  61  61  61  0  61  61  61  61  0  61  0  0  0  61  61  0  61  61  61  61  61  61  

61  61  0  61  61  61  61  61  61  0  61  61  0  61  61  0  61  61  61  61  0  0  61  61  61  61  61  61  0  61  61  61  61  61  61  0  61  61  61  61  0  61  61  61  61  61  61  61  61  61  61  61  61  61  0  61  0  61  0  61  

61  0  61  61  0  61  61  61  61  61  61  61  0  61  61  61  61  0  0  0  0  61  61  61  0  61  61  0  61  61  61  61  0  0  0  61  61  0  61  61  61  61  61  0  61  0  61  0  0  61  0  61  61  61  61  61  61  61  0  61  

61  0  0  61  61  61  61  61  0  61  61  61  61  0  61  61  61  61  61  61  61  61  61  61  61  61  0  61  0  61  0  0  0  0  0  61  61  61  61  0  61  0  0  61  61  61  61  61  0  61  0  61  61  61  61  61  61  61  61  61  

61  0  0  0  61  0  0  0  61  61  61  61  61  61  61  0  0  0  61  61  61  0  61  0  61  0  61  0  61  61  61  0  0  61  61  61  0  61  61  61  61  61  61  61  61  61  0  61  61  61  61  61  61  0  61  61  61  0  0  61  

0  61  0  0  0  61  0  61  0  61  61  0  0  0  0  61  61  61  61  61  61  61  61  61  0  61  61  61  61  61  61  61  0  61  61  61  61  0  0  0  61  61  0  61  61  61  0  0  0  61  61  61  61  61  0  61  0  61  61  61  

61  61  61  61  61  61  61  61  0  61  0  61  0  61  61  0  0  0  61  61  0  61  61  61  61  61  61  0  61  61  61  61  61  0  61  61  0  0  0  61  0  0  61  61  61  61  61  61  61  61  0  61  0  0  61  61  0  61  0  0  

0  0  61  61  61  61  61  0  0  61  61  61  0  61  0  0  0  61  0  61  61  61  61  0  61  61  61  0  0  61  61  61  61  0  61  61  61  61  61  61  61  61  61  61  61  0  61  61  61  0  61  61  61  61  61  61  61  61  61  0  

0  61  0  61  61  61  61  61  0  61  61  61  61  61  61  61  61  61  0  61  61  0  61  61  0  61  0  0  0  0  61  61  61  61  0  61  61  61  61  61  61  0  61  0  61  61  61  0  61  0  61  61  0  61  61  0  61  0  61  61  

61  61  0  61  0  61  61  0  61  61  0  0  0  61  0  0  61  61  61  61  0  61  61  61  61  61  0  0  61  61  0  0  61  61  0  61  61  61  61  61  61  61  61  0  61  61  61  61  0  61  61  61  0  0  61  0  61  61  0  0  

0  61  61  61  61  61  61  61  61  0  0  61  61  0  61  61  61  0  61  0  0  61  61  61  61  61  0  0  61  61  61  61  0  0  61  61  61  61  61  61  0  61  61  61  61  61  61  61  0  61  61  0  61  61  61  0  0  0  61  61  

61  61  61  61  61  61  61  0  61  0  61  61  61  61  61  0  0  61  61  61  61  0  61  0  61  0  61  61  61  61  61  61  61  61  61  61  61  61  0  0  61  61  0  61  61  61  61  0  0  0  61  61  61  61  61  61  0  61  61  61  

0  0  61  0  0  61  0  61  0  61  61  0  0  61  0  61  61  0  61  61  0  61  61  61  61  61  61  61  0  61  0  61  61  61  61  61  61  61  0  61  61  0  61  0  0  0  61  61  61  61  0  61  0  61  61  61  61  61  0  0  

0  61  61  61  61  0  61  61  61  61  61  61  61  61  0  61  0  61  61  0  61  0  61  0  61  61  0  61  61  0  0  61  61  61  61  61  61  61  61  61  61  61  61  0  61  61  61  61  0  61  61  0  0  61  61  61  61  61  61  61  

0  61  0  0  61  61  0  61  61  61  0  0  0  61  61  0  61  61  61  61  61  61  61  61  61  61  61  61  61  0  0  61  61  61  61  0  0  61  61  61  61  61  0  61  61  0  0  61  61  61  61  61  61  61  0  61  0  61  61  0  

61  0  61  61  61  61  61  61  0  0  61  61  61  61  61  0  0  61  0  61  61  61  61  0  61  61  61  0  61  0  61  61  61  61  61  0  61  61  61  61  61  61  61  0  61  61  61  61  0  61  61  61  0  61  0  0  61  61  0  0  

61  0  0  61  61  61  61  61  61  61  61  0  0  61  0  61  61  0  61  61  0  0  0  61  61  0  61  61  61  61  0  61  61  61  0  61  61  61  61  61  61  61  61  61  61  61  61  61  61  61  0  61  61  0  0  61  61  0  0  61  

0  61  61  61  61  61  61  0  61  61  61  0  61  61  0  61  61  61  0  61  61  61  0  61  0  61  61  0  61  61  0  61  0  61  61  61  0  61  61  61  61  61  0  0  61  61  61  61  61  61  61  61  0  0  61  61  0  0  61  61  

61  61  0  61  61  61  0  0  0  0  61  0  61  61  61  61  61  61  61  61  61  61  61  61  61  61  61  0  61  0  61  61  61  61  61  0  61  61  0  61  61  0  61  61  61  0  61  61  0  0  61  0  0  0  0  61  0  0  61  61  

61  61  61  61  61  0  61  61  61  61  61  0  61  61  0  0  61  61  0  61  61  61  0  0  61  61  0  61  61  61  61  61  0  0  61  61  0  0  61  0  61  0  61  61  61  61  61  61  0  61  61  61  61  0  61  0  0  61  61  61  

61  0  0  0  61  61  0  61  61  61  61  61  61  61  0  0  0  61  61  0  61  61  61  61  61  61  61  61  61  61  61  61  61  61  61  61  0  61  61  61  61  61  61  61  61  0  0  61  0  0  61  61  61  0  0  61  0  61  0  61  

61  61  0  0  61  61  61  61  0  61  0  61  0  61  0  0  0  61  0  61  0  0  61  61  61  61  0  61  61  61  61  0  61  61  61  61  0  61  0  61  61  61  0  61  0  61  61  61  61  61  61  61  61  0  61  0  61  0  61  61  

61  61  0  0  0  0  0  61  61  0  61  0  0  61  61  0  61  61  61  61  61  0  61  61  0  61  61  61  0  0  61  61  61  61  61  61  61  61  0  61  61  61  61  61  0  61  61  61  61  0  0  61  0  61  0  61  61  0  61  0  

0  0  0  0  61  61  61  0  61  0  61  0  61  0  0  0  61  0  61  61  61  61  61  0  61  61  0  61  61  0  61  61  0  61  61  0  61  61  61  61  61  61  61  61  61  61  61  61  61  0  61  61  61  61  0  61  0  0  61  61  

61  61  61  61  0  61  61  61  0  0  0  61  61  61  61  0  0  61  61  0  0  61  61  61  0  61  0  0  61  0  61  61  61  0  0  0  61  0  61  0  61  61  0  0  0  61  61  61  61  0  0  61  61  61  61  61  0  61  0  61  

61  0  0  61  61  61  61  61  0  61  61  61  61  61  61  61  61  61  61  61  61  61  61  61  0  61  61  61  61  61  61  0  0  61  61  0  61  61  61  61  61  61  0  61  0  61  0  0  0  61  0  0  0  61  61  61  61  61  61  61  

61  0  61  61  0  0  61  61  61  0  61  61  0  0  0  61  61  61  61  61  0  0  0  61  0  61  0  0  61  61  0  61  61  61  61  61  0  61  61  61  0  61  61  61  61  61  0  61  0  0  61  61  0  61  61  0  0  61  0  61  

61  61  0  61  61  0  0  61  0  61  61  61  61  0  61  61  61  61  0  61  61  61  61  0  61  61  61  61  61  61  61  61  61  61  0  61  61  0  61  61  61  61  0  61  61  61  61  61  61  0  61  61  61  61  61  61  61  0  61  61  

61  0  0  0  61  61  61  0  61  61  61  61  61  0  0  61  0  61  0  61  0  61  0  0  61  61  61  61  61  61  0  61  0  0  61  61  0  0  61  0  61  0  0  61  61  61  0  61  61  0  0  61  61  61  61  61  61  61  61  0  

61  61  61  61  61  61  0  61  0  0  0  0  0  61  61  0  61  61  61  61  0  61  61  0  0  61  61  61  0  61  0  61  61  0  61  61  61  61  61  61  0  0  0  0  0  0  61  61  61  61  61  61  61  61  0  61  0  61  0  0  

0  0  61  61  0  61  61  0  61  61  61  0  61  61  61  61  61  0  61  0  61  61  0  61  61  0  61  61  61  0  61  61  61  61  61  61  61  61  0  0  0  61  0  61  0  61  0  0  61  61  61  61  61  0  61  61  61  0  61  61  

0  61  0  61  61  0  0  61  0  0  61  61  61  0  61  61  61  61  61  0  0  0  0  61  61  61  61  61  61  61  61  61  0  0  0  61  61  61  61  0  61  61  61  0  61  0  61  61  61  61  0  61  61  61  61  61  0  61  0  0  

0  0  0  0  61  61  0  61  61  0  61  61  61  0  61  61  0  61  61  0  61  61  61  61  61  0  61  61  61  0  0  61  61  61  0  0  61  61  0  61  61  0  0  0  0  61  61  0  0  61  0  61  61  0  61  0  61  61  61  0  

61  61  0  0  61  0  61  0  0  61  61  61  61  61  61  61  0  0  61  61  61  61  61  0  61  61  61  61  0  61  61  61  0  61  0  61  61  61  61  61  0  0  0  61  61  0  0  0  61  61  61  0  61  61  0  61  61  61  61  61  

61  0  61  0  61  0  61  61  61  61  61  61  61  61  61  61  61  61  0  0  61  61  0  61  61  0  0  61  0  61  0  61  61  0  61  61  0  61  61  0  0  61  61  61  0  61  61  61  0  61  0  61  61  0  61  0  61  61  61  61  

61  61  61  61  61  61  61  0  61  61  61  61  61  61  61  61  61  0  61  0  0  0  61  0  61  61  61  61  61  61  0  0  61  0  61  61  0  61  0  0  61  61  61  61  61  61  0  61  61  61  61  61  0  0  61  0  0  61  61  61  

UnPairedArc=
1 2 
1 7 
1 8 
1 10 
1 12 
1 13 
1 15 
1 16 
1 17 
1 19 
1 21 
1 22 
1 23 
1 25 
1 26 
1 27 
1 28 
1 29 
1 31 
1 34 
1 36 
1 40 
1 41 
1 43 
1 44 
1 45 
1 46 
1 47 
1 49 
1 50 
1 51 
1 52 
1 53 
1 54 
1 58 
1 59 
1 60 
2 4 
2 5 
2 6 
2 8 
2 11 
2 12 
2 14 
2 16 
2 18 
2 22 
2 24 
2 26 
2 30 
2 31 
2 33 
2 34 
2 35 
2 36 
2 38 
2 39 
2 42 
2 43 
2 44 
2 46 
2 47 
2 49 
2 52 
2 54 
2 56 
2 58 
2 60 
3 4 
3 5 
3 6 
3 7 
3 9 
3 11 
3 12 
3 14 
3 15 
3 16 
3 17 
3 18 
3 19 
3 20 
3 21 
3 22 
3 24 
3 25 
3 27 
3 31 
3 32 
3 35 
3 36 
3 37 
3 38 
3 40 
3 42 
3 44 
3 49 
3 51 
3 54 
3 55 
3 59 
3 60 
4 5 
4 6 
4 7 
4 9 
4 10 
4 12 
4 13 
4 14 
4 15 
4 16 
4 17 
4 19 
4 20 
4 21 
4 22 
4 23 
4 24 
4 25 
4 26 
4 27 
4 28 
4 31 
4 32 
4 33 
4 34 
4 35 
4 36 
4 38 
4 40 
4 41 
4 42 
4 43 
4 44 
4 49 
4 50 
4 51 
4 52 
4 54 
4 55 
4 56 
4 60 
5 6 
5 7 
5 8 
5 9 
5 11 
5 12 
5 13 
5 14 
5 15 
5 16 
5 17 
5 19 
5 20 
5 22 
5 23 
5 26 
5 28 
5 29 
5 31 
5 32 
5 33 
5 35 
5 36 
5 38 
5 39 
5 40 
5 41 
5 42 
5 43 
5 44 
5 45 
5 46 
5 48 
5 50 
5 52 
5 53 
5 54 
5 56 
5 57 
5 58 
5 59 
5 60 
6 9 
6 10 
6 11 
6 12 
6 13 
6 14 
6 16 
6 20 
6 21 
6 23 
6 25 
6 26 
6 27 
6 28 
6 30 
6 31 
6 32 
6 33 
6 34 
6 35 
6 36 
6 37 
6 39 
6 40 
6 41 
6 42 
6 43 
6 45 
6 46 
6 48 
6 49 
6 50 
6 53 
6 54 
6 55 
6 57 
6 60 
7 10 
7 11 
7 12 
7 13 
7 15 
7 16 
7 18 
7 20 
7 22 
7 24 
7 25 
7 26 
7 27 
7 28 
7 31 
7 32 
7 33 
7 34 
7 35 
7 36 
7 38 
7 40 
7 41 
7 42 
7 44 
7 46 
7 48 
7 49 
7 50 
7 51 
7 53 
7 55 
7 58 
7 59 
7 60 
8 11 
8 14 
8 15 
8 16 
8 17 
8 19 
8 20 
8 22 
8 23 
8 25 
8 26 
8 27 
8 28 
8 30 
8 31 
8 33 
8 35 
8 37 
8 38 
8 39 
8 40 
8 41 
8 44 
8 45 
8 46 
8 47 
8 49 
8 50 
8 51 
8 52 
8 54 
8 56 
8 57 
8 59 
9 12 
9 14 
9 15 
9 16 
9 18 
9 22 
9 23 
9 24 
9 25 
9 26 
9 27 
9 29 
9 34 
9 35 
9 36 
9 38 
9 39 
9 41 
9 42 
9 44 
9 45 
9 47 
9 48 
9 51 
9 53 
9 55 
9 57 
9 59 
9 60 
10 11 
10 12 
10 13 
10 15 
10 16 
10 17 
10 18 
10 20 
10 21 
10 22 
10 23 
10 24 
10 25 
10 27 
10 28 
10 29 
10 30 
10 31 
10 32 
10 33 
10 34 
10 37 
10 38 
10 39 
10 41 
10 42 
10 44 
10 45 
10 46 
10 50 
10 52 
10 53 
10 55 
10 58 
10 59 
10 60 
11 13 
11 14 
11 15 
11 17 
11 18 
11 19 
11 21 
11 23 
11 25 
11 26 
11 27 
11 28 
11 29 
11 30 
11 32 
11 33 
11 36 
11 37 
11 38 
11 40 
11 41 
11 42 
11 43 
11 44 
11 45 
11 47 
11 48 
11 50 
11 51 
11 52 
11 53 
11 55 
11 56 
11 57 
11 58 
11 59 
11 60 
12 13 
12 14 
12 16 
12 17 
12 18 
12 20 
12 21 
12 22 
12 23 
12 24 
12 25 
12 26 
12 27 
12 28 
12 29 
12 31 
12 32 
12 33 
12 35 
12 36 
12 38 
12 40 
12 45 
12 46 
12 49 
12 50 
12 51 
12 52 
12 53 
12 56 
12 57 
12 58 
12 59 
12 60 
13 15 
13 17 
13 24 
13 25 
13 28 
13 29 
13 33 
13 35 
13 36 
13 38 
13 40 
13 42 
13 43 
13 44 
13 45 
13 48 
13 49 
13 50 
13 52 
13 53 
13 55 
13 56 
13 57 
13 58 
13 59 
13 60 
14 15 
14 16 
14 17 
14 18 
14 21 
14 22 
14 23 
14 26 
14 27 
14 29 
14 31 
14 32 
14 33 
14 34 
14 36 
14 37 
14 38 
14 39 
14 40 
14 41 
14 42 
14 43 
14 44 
14 45 
14 46 
14 47 
14 49 
14 50 
14 54 
14 55 
14 58 
14 59 
14 60 
15 16 
15 17 
15 18 
15 19 
15 20 
15 21 
15 22 
15 23 
15 26 
15 27 
15 28 
15 29 
15 31 
15 33 
15 35 
15 36 
15 39 
15 40 
15 43 
15 47 
15 49 
15 50 
15 52 
15 54 
15 55 
15 56 
15 57 
15 58 
15 59 
15 60 
16 17 
16 18 
16 20 
16 21 
16 22 
16 23 
16 24 
16 25 
16 27 
16 28 
16 30 
16 33 
16 35 
16 37 
16 38 
16 41 
16 42 
16 43 
16 50 
16 51 
16 52 
16 53 
16 55 
16 56 
16 57 
16 58 
16 59 
16 60 
17 18 
17 19 
17 21 
17 23 
17 24 
17 25 
17 26 
17 27 
17 28 
17 30 
17 33 
17 34 
17 35 
17 37 
17 39 
17 41 
17 42 
17 43 
17 44 
17 47 
17 48 
17 50 
17 51 
17 52 
17 54 
17 55 
17 56 
17 59 
17 60 
18 19 
18 21 
18 24 
18 25 
18 26 
18 28 
18 30 
18 32 
18 33 
18 34 
18 36 
18 38 
18 39 
18 40 
18 42 
18 43 
18 44 
18 45 
18 46 
18 47 
18 49 
18 50 
18 51 
18 52 
18 53 
18 54 
18 56 
18 57 
18 59 
19 20 
19 21 
19 22 
19 23 
19 26 
19 28 
19 29 
19 30 
19 31 
19 34 
19 35 
19 36 
19 37 
19 38 
19 39 
19 41 
19 43 
19 45 
19 47 
19 48 
19 49 
19 50 
19 51 
19 54 
19 55 
19 56 
19 57 
19 58 
19 60 
20 21 
20 22 
20 23 
20 24 
20 25 
20 26 
20 28 
20 29 
20 30 
20 31 
20 32 
20 33 
20 34 
20 36 
20 37 
20 39 
20 40 
20 41 
20 42 
20 43 
20 44 
20 46 
20 47 
20 48 
20 50 
20 51 
20 52 
20 53 
20 54 
20 58 
21 23 
21 25 
21 28 
21 29 
21 30 
21 32 
21 33 
21 36 
21 38 
21 39 
21 40 
21 42 
21 43 
21 44 
21 45 
21 47 
21 48 
21 50 
21 52 
21 55 
21 57 
21 58 
21 59 
22 25 
22 27 
22 28 
22 30 
22 31 
22 32 
22 34 
22 35 
22 37 
22 39 
22 40 
22 42 
22 43 
22 44 
22 45 
22 48 
22 49 
22 50 
22 52 
22 53 
22 54 
22 55 
22 57 
22 58 
22 59 
23 26 
23 27 
23 28 
23 29 
23 30 
23 31 
23 32 
23 33 
23 34 
23 35 
23 36 
23 37 
23 38 
23 39 
23 40 
23 43 
23 45 
23 46 
23 47 
23 48 
23 49 
23 50 
23 52 
23 54 
23 57 
23 58 
23 60 
24 25 
24 26 
24 27 
24 28 
24 30 
24 31 
24 33 
24 34 
24 35 
24 37 
24 39 
24 41 
24 42 
24 43 
24 45 
24 46 
24 47 
24 49 
24 50 
24 51 
24 55 
24 56 
24 57 
24 59 
25 26 
25 28 
25 29 
25 31 
25 32 
25 34 
25 35 
25 36 
25 37 
25 38 
25 39 
25 40 
25 41 
25 43 
25 44 
25 45 
25 46 
25 48 
25 52 
25 53 
25 55 
25 56 
25 57 
25 58 
25 59 
25 60 
26 27 
26 28 
26 30 
26 31 
26 32 
26 33 
26 34 
26 35 
26 37 
26 38 
26 39 
26 40 
26 42 
26 43 
26 44 
26 45 
26 46 
26 47 
26 48 
26 49 
26 50 
26 51 
26 52 
26 53 
26 54 
26 56 
26 58 
26 60 
27 29 
27 30 
27 31 
27 32 
27 36 
27 37 
27 39 
27 40 
27 41 
27 42 
27 43 
27 45 
27 47 
27 50 
27 52 
27 53 
27 54 
27 55 
27 56 
27 57 
27 58 
27 60 
28 30 
28 36 
28 37 
28 38 
28 39 
28 41 
28 44 
28 45 
28 46 
28 47 
28 48 
28 50 
28 52 
28 53 
28 54 
28 55 
28 56 
28 57 
28 58 
28 59 
28 60 
29 30 
29 31 
29 34 
29 35 
29 36 
29 38 
29 39 
29 40 
29 41 
29 42 
29 43 
29 44 
29 45 
29 46 
29 48 
29 49 
29 50 
29 51 
29 52 
29 53 
29 55 
29 56 
29 57 
29 60 
30 31 
30 32 
30 34 
30 35 
30 36 
30 37 
30 41 
30 42 
30 44 
30 45 
30 46 
30 50 
30 51 
30 52 
30 53 
30 54 
30 56 
30 58 
30 59 
30 60 
31 32 
31 33 
31 35 
31 36 
31 40 
31 43 
31 44 
31 45 
31 46 
31 47 
31 48 
31 49 
31 50 
31 52 
31 55 
31 56 
31 58 
32 33 
32 35 
32 36 
32 37 
32 38 
32 39 
32 40 
32 41 
32 42 
32 43 
32 44 
32 45 
32 47 
32 48 
32 49 
32 51 
32 52 
32 53 
32 54 
32 55 
32 56 
32 57 
32 58 
32 59 
33 34 
33 36 
33 37 
33 38 
33 39 
33 40 
33 41 
33 43 
33 45 
33 46 
33 47 
33 49 
33 51 
33 52 
33 54 
33 55 
33 57 
33 59 
33 60 
34 36 
34 37 
34 38 
34 39 
34 40 
34 41 
34 42 
34 43 
34 45 
34 46 
34 47 
34 48 
34 50 
34 51 
34 52 
34 55 
34 57 
34 58 
35 36 
35 37 
35 38 
35 39 
35 40 
35 42 
35 43 
35 44 
35 45 
35 46 
35 47 
35 48 
35 50 
35 51 
35 53 
35 54 
35 55 
35 59 
35 60 
36 37 
36 38 
36 41 
36 42 
36 44 
36 45 
36 46 
36 47 
36 51 
36 52 
36 53 
36 54 
36 55 
36 56 
36 58 
36 59 
36 60 
37 38 
37 40 
37 41 
37 43 
37 47 
37 48 
37 49 
37 50 
37 52 
37 54 
37 55 
37 56 
37 57 
37 58 
38 39 
38 40 
38 41 
38 42 
38 43 
38 45 
38 46 
38 47 
38 48 
38 50 
38 51 
38 54 
38 55 
38 56 
38 57 
38 58 
38 59 
38 60 
39 40 
39 41 
39 42 
39 44 
39 45 
39 48 
39 49 
39 50 
39 51 
39 52 
39 53 
39 54 
39 56 
39 58 
39 59 
40 41 
40 42 
40 43 
40 45 
40 46 
40 47 
40 48 
40 50 
40 51 
40 52 
40 54 
40 57 
40 58 
41 42 
41 43 
41 44 
41 45 
41 46 
41 47 
41 48 
41 49 
41 50 
41 52 
41 53 
41 56 
41 57 
41 60 
42 45 
42 46 
42 47 
42 48 
42 49 
42 50 
42 51 
42 52 
42 55 
42 56 
42 59 
42 60 
43 44 
43 45 
43 47 
43 48 
43 51 
43 56 
43 59 
43 60 
44 45 
44 46 
44 47 
44 48 
44 50 
44 51 
44 52 
44 53 
44 55 
44 58 
44 59 
44 60 
45 48 
45 51 
45 52 
45 53 
45 56 
45 58 
45 60 
46 47 
46 48 
46 49 
46 50 
46 51 
46 52 
46 53 
46 55 
46 57 
46 59 
46 60 
47 48 
47 49 
47 52 
47 54 
47 56 
47 57 
47 59 
48 49 
48 51 
48 52 
48 53 
48 54 
48 56 
48 59 
48 60 
49 52 
49 53 
49 54 
49 55 
49 56 
49 58 
49 60 
50 54 
50 55 
50 56 
50 57 
50 58 
50 59 
50 60 
51 52 
51 54 
51 55 
51 58 
51 60 
52 53 
52 54 
52 55 
52 56 
52 57 
52 59 
52 60 
53 54 
53 55 
53 56 
53 57 
53 58 
53 59 
54 56 
54 58 
55 56 
55 57 
55 59 
55 60 
56 58 
57 58 
57 59 
58 59 
58 60 
59 60 
