nNodes=100;
 nPairs=1456;
Cost=

101  101  0  101  0  0  0  101  0  0  0  0  0  0  0  0  0  0  0  0  0  0  0  0  0  101  101  0  0  0  0  101  0  0  0  0  0  0  0  0  101  0  0  0  0  0  101  0  0  101  0  0  0  101  0  0  0  0  0  0  0  101  0  0  0  0  101  0  0  101  101  0  101  0  0  101  0  101  101  0  0  0  0  0  0  101  0  0  0  101  101  0  101  0  101  0  101  101  0  0  

101  101  0  101  101  0  0  0  101  101  101  101  0  0  0  0  0  0  0  101  101  101  0  0  0  0  0  0  101  0  0  101  101  0  0  0  101  0  0  0  101  101  0  101  101  0  0  0  0  0  0  101  101  0  0  0  0  0  0  0  0  0  101  0  0  0  0  0  0  0  101  0  0  0  0  101  0  101  0  0  0  0  0  0  0  101  0  0  0  0  101  0  0  0  101  0  0  0  101  0  

0  0  101  0  0  101  0  0  0  101  0  0  0  101  0  0  0  101  0  0  0  0  0  0  0  0  101  101  0  101  0  0  0  101  0  0  0  101  101  101  0  101  0  0  0  101  0  101  0  0  101  101  0  0  0  0  0  0  0  0  101  101  0  101  0  0  101  0  0  0  0  0  0  0  0  0  0  101  0  0  0  101  0  0  0  0  0  0  0  101  0  0  0  0  101  0  0  0  101  101  

101  101  0  101  0  0  101  101  0  101  0  101  0  0  0  0  0  0  0  0  0  0  0  0  101  101  0  0  101  101  0  0  0  0  101  101  0  0  0  101  0  0  101  0  0  101  0  0  0  0  0  0  101  0  0  101  0  0  101  0  0  0  0  0  0  0  0  101  0  101  101  101  0  101  101  0  101  0  0  0  0  0  101  101  0  101  101  0  101  0  0  0  101  101  0  101  0  0  0  0  

0  101  0  0  101  0  0  101  101  0  0  0  0  101  0  0  101  0  0  0  0  0  101  0  101  101  0  0  0  101  0  101  0  101  101  101  101  0  101  0  0  0  0  0  0  101  0  0  0  0  101  0  101  0  0  0  0  0  0  0  0  0  0  0  0  101  0  0  0  0  0  0  0  0  101  0  0  101  101  0  0  101  101  101  101  0  0  0  101  0  0  101  0  101  101  101  101  101  0  0  

0  0  101  0  0  101  0  101  0  0  0  0  0  0  0  0  0  0  101  0  101  101  101  0  0  0  0  101  0  0  0  0  0  0  0  101  0  0  0  0  0  0  0  0  0  101  0  101  101  0  101  0  101  0  0  0  0  0  0  0  0  101  0  101  0  101  0  0  0  0  0  0  0  0  0  0  0  0  101  101  101  0  0  0  0  0  101  0  0  0  0  0  0  101  0  0  0  101  0  0  

0  0  0  101  0  0  101  0  0  0  0  0  101  0  101  0  101  101  101  0  0  0  0  0  0  0  0  0  101  101  101  0  101  0  0  101  101  0  0  101  101  0  0  0  0  0  0  0  0  0  101  101  101  0  0  101  101  101  0  101  101  0  0  101  0  101  101  101  101  101  0  0  0  0  0  0  0  101  0  0  101  101  101  0  0  0  0  101  101  0  0  0  0  0  101  101  101  101  101  0  

101  0  0  101  101  101  0  101  0  0  0  0  0  101  0  101  0  101  0  0  0  0  0  0  0  0  0  0  0  101  101  101  0  101  101  101  0  0  0  0  0  0  0  101  0  0  101  0  0  0  101  0  0  0  0  101  101  101  0  0  0  0  101  0  0  0  0  0  0  0  0  0  0  0  101  101  0  0  101  101  0  101  0  0  101  0  0  0  0  101  101  0  101  0  101  0  0  0  101  101  

0  101  0  0  101  0  0  0  101  0  101  0  0  0  0  0  0  0  0  101  0  0  0  0  0  0  0  0  0  0  0  0  0  0  0  0  0  101  0  101  0  0  101  101  0  101  0  0  0  0  0  0  0  101  0  0  101  0  0  0  0  0  101  0  0  0  0  0  0  0  0  0  0  0  0  0  101  0  0  101  0  0  0  101  101  0  101  0  101  101  0  0  0  0  101  101  101  101  101  101  

0  101  101  101  0  0  0  0  0  101  0  101  0  101  101  101  0  0  0  0  0  0  0  0  0  0  0  0  101  101  0  0  0  101  0  101  0  0  0  0  0  0  0  101  0  0  0  101  0  101  101  101  0  0  0  0  101  0  0  101  101  101  0  0  0  0  0  0  0  0  101  0  0  0  101  101  101  101  0  101  0  101  0  0  101  0  0  0  0  101  0  0  0  0  0  101  0  0  0  0  

0  101  0  0  0  0  0  0  101  0  101  0  101  0  0  101  0  0  0  0  0  101  0  0  101  0  0  101  101  0  0  101  0  0  0  0  0  0  101  0  0  0  101  0  101  0  0  0  101  0  0  101  0  0  101  101  0  0  0  101  101  0  0  101  0  0  101  0  0  0  0  0  0  0  101  0  0  0  101  101  0  0  0  0  101  0  0  0  0  101  0  0  0  101  101  101  0  0  0  0  

0  101  0  101  0  0  0  0  0  101  0  101  101  0  0  0  0  0  101  0  0  0  101  0  0  0  0  0  101  101  101  0  101  101  0  0  101  101  0  0  101  101  0  101  0  0  101  101  101  0  0  0  0  0  0  0  101  0  101  0  0  0  0  101  0  0  101  0  101  101  101  0  101  101  0  0  0  0  101  0  0  0  0  0  0  101  0  0  0  0  0  101  0  0  0  101  101  0  101  101  

0  0  0  0  0  0  101  0  0  0  101  101  101  0  0  101  101  101  0  0  101  0  101  101  0  101  0  0  0  0  101  0  101  0  0  101  0  0  0  0  0  0  0  101  101  101  0  0  0  101  101  0  0  0  0  0  0  101  101  101  0  101  0  101  101  101  0  101  101  0  0  0  0  0  101  0  0  101  101  0  0  0  0  101  0  0  0  0  101  101  101  0  0  101  101  0  101  0  0  101  

0  0  101  0  101  0  0  101  0  101  0  0  0  101  0  0  101  0  0  101  0  0  0  101  0  101  0  0  101  101  101  0  0  0  0  0  101  0  0  0  0  0  101  101  101  0  101  0  101  0  101  0  0  0  0  101  0  0  101  0  101  101  101  0  101  101  101  0  0  101  0  101  0  101  101  0  101  0  0  0  0  0  0  101  0  0  0  0  0  101  101  0  0  0  0  0  0  101  0  0  

0  0  0  0  0  0  101  0  0  101  0  0  0  0  101  0  101  0  0  0  0  101  0  0  0  0  0  0  101  101  0  0  0  101  0  0  0  0  0  0  101  101  0  101  0  0  101  0  0  0  0  0  101  0  0  101  101  0  0  0  0  0  0  101  101  0  0  0  101  0  0  0  0  0  101  0  0  0  0  0  0  0  101  101  0  0  0  0  101  0  0  0  0  0  101  0  101  101  0  101  

0  0  0  0  0  0  0  101  0  101  101  0  101  0  0  101  101  101  101  0  101  0  0  0  101  0  0  0  0  101  0  101  101  0  0  0  0  101  101  0  0  101  0  0  0  0  101  101  0  0  0  0  101  0  101  0  0  0  101  0  0  0  0  0  101  101  0  101  0  101  0  101  0  0  101  0  0  0  0  0  0  0  0  101  0  101  0  101  101  101  0  101  0  101  0  0  0  0  0  101  

0  0  0  0  101  0  101  0  0  0  0  0  101  101  101  101  101  0  0  0  0  101  101  0  101  101  0  0  0  0  0  0  0  101  0  0  0  101  0  101  0  0  0  0  101  0  0  0  0  101  0  101  0  0  0  0  0  0  101  0  0  101  0  0  0  0  0  0  0  0  0  0  0  0  0  0  0  101  0  0  101  0  0  0  0  101  0  101  0  0  0  0  101  0  0  0  0  0  101  0  

0  0  101  0  0  0  101  101  0  0  0  0  101  0  0  101  0  101  0  101  0  0  0  0  0  101  0  0  0  101  101  0  0  0  101  0  101  101  0  0  101  0  101  101  0  0  101  0  0  0  0  0  0  0  0  0  0  0  0  101  0  0  0  101  0  0  0  0  0  0  101  0  0  101  101  0  0  0  101  101  0  101  101  101  0  0  0  0  0  0  0  101  0  0  0  0  101  0  0  101  

0  0  0  0  0  101  101  0  0  0  0  101  0  0  0  101  0  0  101  0  0  0  101  0  0  0  0  0  101  101  0  0  0  0  101  0  0  101  0  0  101  101  0  0  0  0  101  0  0  0  101  0  0  0  101  0  101  101  0  0  0  0  0  0  101  0  0  0  101  101  101  0  0  0  0  0  101  0  0  0  0  0  0  0  0  101  0  0  101  0  101  0  101  0  0  0  0  0  101  0  

0  101  0  0  0  0  0  0  101  0  0  0  0  101  0  0  0  101  0  101  0  101  0  0  0  101  0  101  0  0  0  0  0  0  101  0  0  0  0  101  0  0  0  0  0  0  0  0  0  101  0  0  0  0  0  0  0  0  0  0  0  0  0  0  0  0  0  0  0  0  0  0  101  0  0  0  0  101  0  0  0  0  101  101  0  0  0  0  0  0  0  0  0  101  0  101  101  0  101  0  

0  101  0  0  0  101  0  0  0  0  0  0  101  0  0  101  0  0  0  0  101  101  0  0  0  0  101  0  0  101  0  0  0  0  0  0  0  101  101  101  101  0  101  0  0  101  0  101  0  0  0  0  0  0  0  0  0  0  0  0  101  0  0  0  0  0  101  0  0  101  0  0  101  0  0  0  0  101  0  0  101  0  0  101  0  0  101  101  0  0  0  101  0  0  0  0  0  0  101  101  

0  101  0  0  0  101  0  0  0  0  101  0  0  0  101  0  101  0  0  101  101  101  0  0  0  0  101  0  0  0  101  0  0  101  101  101  0  0  0  0  0  0  0  0  0  0  0  0  0  0  0  0  0  0  0  0  0  0  0  101  101  0  0  0  0  0  0  101  101  0  101  0  101  0  101  0  101  0  0  101  101  101  0  101  0  0  101  0  101  0  0  0  101  0  0  0  0  0  0  0  

0  0  0  0  101  101  0  0  0  0  0  101  101  0  0  0  101  0  101  0  0  0  101  0  0  0  0  0  101  101  101  0  101  0  0  0  101  101  101  0  0  0  101  0  0  101  101  101  101  101  101  101  0  101  0  101  101  0  0  0  0  101  101  0  0  0  0  0  0  0  101  0  101  0  0  0  0  0  0  0  0  0  0  0  0  0  0  0  0  101  0  0  101  0  0  0  0  101  0  0  

0  0  0  0  0  0  0  0  0  0  0  0  101  101  0  0  0  0  0  0  0  0  0  101  0  101  0  101  101  0  0  101  0  0  101  101  0  101  0  0  101  101  101  0  0  0  0  0  101  101  0  101  0  0  0  0  101  0  0  101  101  101  0  0  0  101  0  0  0  0  101  0  0  101  0  0  0  101  0  0  0  0  0  0  0  101  0  101  101  101  101  0  0  0  101  101  0  0  0  0  

0  0  0  101  101  0  0  0  0  0  101  0  0  0  0  101  101  0  0  0  0  0  0  0  101  0  0  0  101  101  0  0  0  0  0  101  101  0  101  101  0  0  0  0  0  0  101  0  0  0  101  0  101  0  0  0  0  101  0  0  0  0  101  0  0  0  0  101  0  101  101  0  101  0  0  0  0  0  0  101  0  101  0  101  0  101  0  0  0  0  0  0  0  0  0  0  101  101  0  0  

101  0  0  101  101  0  0  0  0  0  0  0  101  101  0  0  101  101  0  101  0  0  0  101  0  101  101  101  101  101  0  0  0  0  101  0  101  0  101  0  0  101  0  101  0  101  0  0  101  0  0  0  101  0  0  101  101  0  0  0  0  0  0  0  101  0  101  0  0  0  0  101  0  0  101  0  0  0  0  0  101  0  0  0  0  0  101  101  0  0  101  0  0  101  101  0  0  101  0  0  

101  0  101  0  0  0  0  0  0  0  0  0  0  0  0  0  0  0  0  0  101  101  0  0  0  101  101  0  0  0  0  0  0  0  0  0  0  0  0  101  0  101  0  0  0  101  101  0  0  0  0  0  0  101  101  0  101  0  0  0  0  101  0  0  0  0  0  0  101  0  101  0  0  0  0  0  0  0  101  0  0  0  0  101  0  101  0  0  101  0  101  0  0  0  0  101  101  101  101  101  

0  0  101  0  0  101  0  0  0  0  101  0  0  0  0  0  0  0  0  101  0  0  0  101  0  101  0  101  0  101  0  0  0  0  0  0  0  101  0  0  0  0  0  0  0  0  101  101  0  0  0  0  0  0  0  101  101  0  0  0  0  101  0  0  0  0  0  101  0  0  0  101  101  101  0  0  101  0  101  101  101  0  0  0  0  0  0  101  0  0  0  101  0  0  0  0  0  101  101  0  

0  101  0  101  0  0  101  0  0  101  101  101  0  101  101  0  0  0  101  0  0  0  101  101  101  101  0  0  101  0  0  101  101  101  0  0  0  0  0  0  0  0  101  101  101  101  101  101  101  0  0  0  0  101  0  0  0  0  0  101  0  0  0  0  0  0  0  0  0  0  0  0  101  0  0  101  101  101  0  0  0  0  0  0  101  0  0  0  101  101  0  0  101  0  0  0  101  0  0  101  

0  0  101  101  101  0  101  101  0  101  0  101  0  101  101  101  0  101  101  0  101  0  101  0  101  101  0  101  0  101  101  0  0  101  101  0  101  0  0  0  0  0  0  0  0  0  0  0  101  0  0  0  0  0  0  101  0  0  0  0  0  0  0  0  101  0  0  0  0  0  0  0  101  101  0  101  0  0  101  101  0  0  0  0  0  0  0  0  0  0  0  0  101  0  101  101  0  0  101  0  

0  0  0  0  0  0  101  101  0  0  0  101  101  101  0  0  0  101  0  0  0  101  101  0  0  0  0  0  0  101  101  101  0  0  101  0  0  0  0  0  0  0  101  0  0  0  0  0  0  0  0  101  101  0  0  0  0  101  0  0  0  0  0  0  101  0  0  0  0  0  0  101  0  101  0  0  101  101  0  101  0  0  101  0  0  0  0  0  101  0  0  0  0  0  0  0  0  101  101  0  

101  101  0  0  101  0  0  101  0  0  101  0  0  0  0  101  0  0  0  0  0  0  0  101  0  0  0  0  101  0  101  101  0  0  0  0  0  101  101  0  0  0  0  0  0  0  101  0  0  101  101  0  0  101  0  0  0  0  101  101  0  0  0  0  0  0  0  0  0  101  0  101  101  0  101  0  0  0  101  0  0  101  0  101  0  0  101  0  0  0  0  101  0  0  0  0  0  0  0  0  

0  101  0  0  0  0  101  0  0  0  0  101  101  0  0  101  0  0  0  0  0  0  101  0  0  0  0  0  101  0  0  0  101  101  0  0  0  101  101  0  0  0  0  0  0  0  0  0  0  0  0  101  0  101  0  0  101  0  0  0  0  101  101  0  0  0  0  0  0  0  0  0  0  0  0  101  0  0  0  0  0  0  101  0  0  0  101  0  101  101  0  101  0  101  0  101  0  101  0  0  

0  0  101  0  101  0  0  101  0  101  0  101  0  0  101  0  101  0  0  0  0  101  0  0  0  0  0  0  101  101  0  0  101  101  0  0  0  0  0  101  101  0  101  101  0  0  101  0  0  0  0  0  0  0  0  0  0  0  101  0  101  0  0  101  0  0  0  0  101  101  0  0  0  101  0  0  101  101  101  0  101  0  0  0  0  0  0  0  101  101  0  0  101  0  0  0  0  0  0  0  

0  0  0  101  101  0  0  101  0  0  0  0  0  0  0  0  0  101  101  101  0  101  0  101  0  101  0  0  0  101  101  0  0  0  101  101  0  0  101  0  0  101  101  0  101  101  101  0  101  0  0  0  0  101  0  0  101  0  0  0  101  101  0  101  0  0  0  101  0  101  0  101  0  101  0  101  0  101  0  0  0  0  0  0  0  0  0  0  101  0  0  0  101  0  0  101  0  101  0  0  

0  0  0  101  101  101  101  101  0  101  0  0  101  0  0  0  0  0  0  0  0  101  0  101  101  0  0  0  0  0  0  0  0  0  101  101  101  0  0  0  101  101  0  0  0  0  101  101  101  101  0  0  101  101  101  0  0  0  0  101  0  0  0  0  0  101  0  0  101  101  0  0  0  101  0  101  0  101  101  0  0  101  0  0  0  0  0  0  0  101  101  101  101  101  0  0  101  0  0  0  

0  101  0  0  101  0  101  0  0  0  0  101  0  101  0  0  0  101  0  0  0  0  101  0  101  101  0  0  0  101  0  0  0  0  0  101  101  0  0  101  0  0  0  0  101  101  101  0  101  0  101  101  0  0  0  101  0  0  0  0  0  0  101  0  0  0  0  0  0  0  101  0  0  0  0  0  0  101  0  0  0  0  0  101  101  101  101  0  101  0  0  0  0  0  0  0  101  101  0  0  

0  0  101  0  0  0  0  0  101  0  0  101  0  0  0  101  101  101  101  0  101  0  101  101  0  0  0  101  0  0  0  101  101  0  0  0  0  101  0  101  0  101  0  0  101  0  0  0  101  101  101  101  0  0  0  101  0  0  0  0  0  101  101  0  0  101  0  0  0  0  0  101  0  0  0  0  0  0  0  0  0  0  0  101  101  101  0  0  0  101  101  101  0  0  0  0  101  0  101  0  

0  0  101  0  101  0  0  0  0  0  101  0  0  0  0  101  0  0  0  0  101  0  101  0  101  101  0  0  0  0  0  101  101  0  101  0  0  0  101  0  0  101  101  0  0  101  0  101  101  0  0  0  0  0  0  0  0  0  101  0  0  0  0  0  0  101  101  0  0  101  0  0  0  101  0  101  0  0  0  0  0  101  0  101  0  0  0  0  0  101  0  101  101  101  0  0  0  101  0  0  

0  0  101  101  0  0  101  0  101  0  0  0  0  0  0  0  101  0  0  101  101  0  0  0  101  0  101  0  0  0  0  0  0  101  0  0  101  101  0  101  0  101  101  101  0  0  0  0  0  101  0  101  101  0  0  101  101  101  0  0  0  0  101  0  0  101  0  0  0  0  0  0  0  0  0  0  0  101  0  101  0  0  0  0  0  0  101  101  0  0  0  0  0  0  0  0  0  101  0  0  

101  101  0  0  0  0  101  0  0  0  0  101  0  0  101  0  0  101  101  0  101  0  0  101  0  0  0  0  0  0  0  0  0  101  0  101  0  0  0  0  101  0  101  101  101  0  101  0  0  0  0  0  0  101  101  0  0  0  0  0  101  0  0  101  0  101  0  0  0  0  0  0  0  0  0  0  0  0  101  0  0  0  101  0  0  0  0  101  0  101  0  0  101  0  0  0  0  0  0  0  

0  101  101  0  0  0  0  0  0  0  0  101  0  0  101  101  0  0  101  0  0  0  0  101  0  101  101  0  0  0  0  0  0  0  101  101  0  101  101  101  0  101  0  0  101  0  0  0  101  101  0  0  101  0  0  101  0  101  0  101  101  0  0  101  0  101  0  0  101  0  101  0  101  0  0  101  101  101  101  0  101  101  0  101  0  101  101  0  0  101  0  0  0  0  0  101  0  0  0  0  

0  0  0  101  0  0  0  0  101  0  101  0  0  101  0  0  0  101  0  0  101  0  101  101  0  0  0  0  101  0  101  0  0  101  101  0  0  0  101  101  101  0  101  101  0  0  0  0  101  0  0  0  0  0  0  0  0  0  0  101  101  0  0  0  0  101  0  101  101  0  0  101  0  0  0  101  0  0  0  0  101  101  0  0  0  0  0  0  101  0  101  101  0  0  0  0  0  101  0  101  

0  101  0  0  0  0  0  101  101  101  0  101  101  101  101  0  0  101  0  0  0  0  0  0  0  101  0  0  101  0  0  0  0  101  0  0  0  0  0  101  101  0  101  101  0  101  0  0  0  101  0  0  0  101  0  0  0  0  0  0  0  101  0  0  0  0  101  101  0  101  101  0  0  0  101  101  0  0  0  0  0  0  0  101  0  101  0  0  0  101  0  0  0  0  0  0  0  0  0  0  

0  101  0  0  0  0  0  0  0  0  101  0  101  101  0  0  101  0  0  0  0  0  0  0  0  0  0  0  101  0  0  0  0  0  101  0  101  101  0  0  101  101  0  0  101  0  0  0  0  0  0  0  0  101  101  0  0  0  0  0  101  0  0  0  0  101  0  0  101  101  0  101  0  0  101  0  101  0  0  0  0  0  0  0  0  0  0  0  0  101  0  0  0  101  0  101  0  0  101  0  

0  0  101  101  101  101  0  0  101  0  0  0  101  0  0  0  0  0  0  0  101  0  101  0  0  101  101  0  101  0  0  0  0  0  101  0  101  0  101  0  0  0  0  101  0  101  0  101  101  101  101  0  0  0  0  0  0  101  0  0  0  101  0  101  0  101  101  0  0  0  0  0  0  0  0  0  0  0  0  0  0  0  101  0  0  0  0  0  101  0  0  101  0  0  0  0  0  0  0  0  

101  0  0  0  0  0  0  101  0  0  0  101  0  101  101  101  0  101  101  0  0  0  101  0  101  0  101  101  101  0  0  101  0  101  101  101  101  0  0  0  101  0  0  0  0  0  101  101  101  0  0  0  0  0  0  0  101  101  0  0  0  0  101  0  0  101  0  0  0  0  0  0  0  0  101  0  101  0  101  101  101  0  0  0  0  0  101  0  101  0  0  101  101  0  0  0  101  101  0  0  

0  0  101  0  0  101  0  0  0  101  0  101  0  0  0  101  0  0  0  0  101  0  101  0  0  0  0  101  101  0  0  0  0  0  0  101  0  0  101  0  0  0  0  0  0  101  101  101  0  0  101  0  0  0  0  0  0  101  101  0  0  101  0  101  101  101  101  0  0  0  101  101  101  0  0  0  101  0  0  101  0  0  101  0  101  0  101  101  0  0  101  101  101  0  0  0  0  101  0  101  

0  0  0  0  0  101  0  0  0  0  101  101  0  101  0  0  0  0  0  0  0  0  101  101  0  101  0  0  101  101  0  0  0  0  101  101  101  101  101  0  0  101  101  0  0  101  101  0  101  0  101  101  101  0  0  101  0  101  0  0  101  0  0  0  0  0  101  0  0  0  0  0  101  0  0  101  0  0  0  0  0  0  101  101  0  0  101  101  0  0  0  101  101  0  0  0  0  0  0  101  

101  0  0  0  0  0  0  0  0  101  0  0  101  0  0  0  101  0  0  101  0  0  101  101  0  0  0  0  0  0  0  101  0  0  0  101  0  101  0  101  0  101  0  101  0  101  0  0  0  101  101  0  101  0  101  101  0  0  0  0  0  101  0  0  101  0  0  0  0  0  0  0  0  0  101  101  101  0  101  0  0  0  101  0  101  0  101  0  101  101  0  0  101  0  101  0  0  0  101  101  

0  0  101  0  101  101  101  101  0  101  0  0  101  101  0  0  0  0  101  0  0  0  101  0  101  0  0  0  0  0  0  101  0  0  0  0  101  101  0  0  0  0  0  0  0  101  0  101  101  101  101  0  101  0  101  0  101  0  0  101  0  0  0  101  0  0  0  0  0  0  0  101  101  0  0  0  101  101  0  101  0  101  0  0  101  0  0  101  0  0  0  101  0  0  0  0  101  0  0  0  

0  101  101  0  0  0  101  0  0  101  101  0  0  0  0  0  101  0  0  0  0  0  101  101  0  0  0  0  0  0  101  0  101  0  0  0  101  101  0  101  0  0  0  0  0  0  0  0  101  0  0  101  0  101  0  101  0  101  0  101  101  101  0  101  101  101  0  0  0  0  0  0  0  0  0  0  101  0  101  0  0  0  101  101  0  0  0  0  0  101  101  0  0  0  0  0  0  101  101  0  

0  101  0  101  101  101  101  0  0  0  0  0  0  0  101  101  0  0  0  0  0  0  0  0  101  101  0  0  0  0  101  0  0  0  0  101  0  0  0  101  0  101  0  0  0  0  0  0  101  101  101  0  101  101  0  0  101  101  101  101  101  0  101  0  0  101  0  0  0  0  0  101  0  0  0  0  0  0  0  101  0  0  0  0  0  0  0  0  0  0  101  0  0  101  0  0  101  101  0  101  

101  0  0  0  0  0  0  0  101  0  0  0  0  0  0  0  0  0  0  0  0  0  101  0  0  0  101  0  101  0  0  101  101  0  101  101  0  0  0  0  101  0  0  101  101  0  0  0  0  0  0  101  101  101  0  0  0  101  0  101  101  101  0  0  0  0  0  0  101  101  0  0  0  101  0  101  0  0  101  101  0  101  101  0  0  0  0  0  0  0  0  0  101  101  101  0  0  0  0  0  

0  0  0  0  0  0  0  0  0  0  101  0  0  0  0  101  0  0  101  0  0  0  0  0  0  0  101  0  0  0  0  0  0  0  0  101  0  0  0  0  101  0  0  0  101  0  0  0  0  101  101  0  0  0  101  0  101  0  101  101  101  0  0  0  0  0  101  0  0  0  0  0  0  0  0  101  0  0  0  0  0  101  0  0  0  0  101  0  101  101  0  0  0  101  0  0  0  101  0  0  

0  0  0  101  0  0  101  101  0  0  101  0  0  101  101  0  0  0  0  0  0  0  101  0  0  101  0  101  0  101  0  0  0  0  0  0  101  101  0  101  0  101  0  0  0  0  0  0  101  101  0  101  0  0  0  101  0  0  0  101  0  101  0  0  0  0  101  0  0  0  0  0  101  101  0  101  0  0  101  0  0  0  101  101  101  0  0  0  0  101  0  101  101  0  101  0  0  0  101  101  

0  0  0  0  0  0  101  101  101  101  0  101  0  0  101  0  0  0  101  0  0  0  101  101  0  101  101  101  0  0  0  0  101  0  101  0  0  0  0  101  0  0  0  0  0  0  101  0  0  0  101  0  101  0  101  0  101  0  0  101  0  0  0  101  0  0  101  0  0  101  0  101  101  0  101  101  0  0  101  101  0  0  0  0  0  0  101  101  101  0  0  0  0  101  101  0  0  0  101  0  

0  0  0  0  0  0  101  101  0  0  0  0  101  0  0  0  0  0  101  0  0  0  0  0  101  0  0  0  0  0  101  0  0  0  0  0  0  0  0  101  0  101  0  0  0  101  101  101  101  0  0  101  101  101  0  0  0  101  0  101  0  0  0  0  101  101  0  0  101  0  101  0  0  0  0  101  0  0  0  101  0  101  0  0  0  0  101  0  101  0  101  0  0  0  101  101  0  101  0  0  

0  0  0  101  0  0  0  0  0  0  0  101  101  101  0  101  101  0  0  0  0  0  0  0  0  0  0  0  0  0  0  101  0  101  0  0  0  0  101  0  0  0  0  0  0  0  0  101  0  0  0  0  101  0  101  0  0  0  101  0  0  0  101  0  0  0  0  0  101  101  0  101  101  0  0  101  0  101  0  101  0  101  0  0  0  0  0  0  0  0  0  101  0  0  0  101  0  0  101  101  

0  0  0  0  0  0  101  0  0  101  101  0  101  0  0  0  0  101  0  0  0  101  0  101  0  0  0  0  101  0  0  101  0  0  0  101  0  0  0  0  0  101  101  0  0  0  0  0  0  0  101  101  101  101  101  101  101  101  0  101  0  0  0  0  0  0  0  0  0  0  0  0  0  0  101  101  101  0  0  101  101  0  0  0  0  101  0  0  0  0  0  0  0  0  0  0  0  0  101  0  

0  0  101  0  0  0  101  0  0  101  101  0  0  101  0  0  0  0  0  0  101  101  0  101  0  0  0  0  0  0  0  0  0  101  101  0  0  0  0  0  101  101  101  0  101  0  0  0  101  0  0  101  101  101  101  0  0  0  0  0  101  0  0  0  0  0  101  0  0  0  0  0  0  0  0  0  101  0  101  0  101  0  101  0  101  0  101  0  0  0  0  101  0  0  0  101  101  0  0  0  

101  0  101  0  0  101  0  0  0  101  0  0  101  101  0  0  101  0  0  0  0  0  101  101  0  0  101  101  0  0  0  0  101  0  101  0  0  101  0  0  0  0  0  101  0  101  0  101  0  101  0  101  0  101  0  101  0  0  0  0  0  101  0  0  0  101  0  0  101  0  101  0  101  0  0  0  0  101  0  0  0  0  0  0  0  0  0  0  101  0  0  101  0  101  101  101  0  0  0  0  

0  101  0  0  0  0  0  101  101  0  0  0  0  101  0  0  0  0  0  0  0  0  101  0  101  0  0  0  0  0  0  0  101  0  0  0  101  101  0  101  0  0  0  0  0  0  101  0  0  0  0  0  101  0  0  0  0  0  101  0  0  0  101  0  101  0  0  101  0  101  0  0  0  0  101  0  0  0  0  0  0  0  0  101  101  0  0  0  0  0  0  101  0  0  101  0  0  0  0  101  

0  0  101  0  0  101  101  0  0  0  101  101  101  0  101  0  0  101  0  0  0  0  0  0  0  0  0  0  0  0  0  0  0  101  101  0  0  0  0  0  101  101  0  0  0  101  0  101  0  0  101  101  0  0  0  0  101  0  0  0  0  0  0  101  0  0  0  0  101  101  101  0  0  101  0  0  101  101  0  0  0  101  0  101  0  0  101  0  0  0  0  0  0  101  0  101  0  101  0  101  

0  0  0  0  0  0  0  0  0  0  0  0  101  101  101  101  0  0  101  0  0  0  0  0  0  101  0  0  0  101  101  0  0  0  0  0  0  0  0  0  0  0  0  0  0  0  0  101  0  101  0  101  0  0  0  0  0  101  0  0  0  0  101  0  101  101  0  0  0  101  0  101  0  101  0  0  0  0  101  101  101  0  101  0  0  0  0  0  0  0  0  0  0  101  101  0  0  101  101  0  

0  0  0  0  101  101  101  0  0  0  0  0  101  101  0  101  0  0  0  0  0  0  0  101  0  0  0  0  0  0  0  0  0  0  0  101  0  101  101  101  101  101  101  0  101  101  101  101  0  0  0  101  101  0  0  0  0  101  0  0  0  101  0  0  101  101  0  0  0  101  101  101  0  101  0  0  0  0  0  0  0  0  0  0  0  101  0  0  0  101  0  101  0  0  0  101  101  0  0  101  

101  0  101  0  0  0  101  0  0  0  101  101  0  101  0  0  0  0  0  0  101  0  0  0  0  101  0  0  0  0  0  0  0  0  0  0  0  0  101  0  0  0  0  101  0  101  0  101  101  0  0  0  0  0  101  101  101  0  0  0  101  0  0  0  0  0  101  101  0  0  0  0  0  0  101  0  0  0  0  101  0  0  0  0  0  0  0  101  101  0  0  101  0  0  101  0  101  0  0  0  

0  0  0  101  0  0  101  0  0  0  0  0  101  0  0  101  0  0  0  0  0  101  0  0  101  0  0  101  0  0  0  0  0  0  101  0  0  0  0  0  0  0  101  101  0  0  0  0  0  0  0  0  0  0  0  0  0  0  0  0  0  0  101  0  0  0  101  101  0  0  0  101  0  101  0  0  101  0  0  101  0  0  0  101  0  101  0  101  0  0  0  0  0  101  101  101  0  0  0  0  

0  0  0  0  0  0  101  0  0  0  0  101  101  0  101  0  0  0  101  0  0  101  0  0  0  0  101  0  0  0  0  0  0  101  0  101  0  0  0  0  0  101  101  0  101  0  0  0  0  0  0  0  0  101  0  0  0  101  101  0  0  101  0  101  0  0  0  0  101  101  0  101  0  0  101  0  0  0  0  0  0  0  0  101  0  0  101  0  0  0  0  0  0  0  0  101  0  0  0  0  

101  0  0  101  0  0  101  0  0  0  0  101  0  101  0  101  0  0  101  0  101  0  0  0  101  0  0  0  0  0  0  101  0  101  101  101  0  0  101  0  0  0  0  101  101  0  0  0  0  0  0  0  0  101  0  0  101  0  101  0  0  0  101  101  101  101  0  0  101  101  0  0  0  101  0  101  0  0  0  101  101  0  101  0  0  0  0  101  0  0  0  0  0  101  0  0  0  101  101  101  

101  101  0  101  0  0  0  0  0  101  0  101  0  0  0  0  0  101  101  0  0  101  101  101  101  0  101  0  0  0  0  0  0  0  0  0  101  0  0  0  0  101  0  101  0  0  0  101  0  0  0  0  0  0  0  0  0  101  0  0  0  101  0  101  0  101  0  0  0  0  101  101  101  0  0  0  101  101  0  0  0  0  101  0  101  0  101  101  0  0  101  0  101  0  0  0  0  101  101  0  

0  0  0  101  0  0  0  0  0  0  0  0  0  101  0  101  0  0  0  0  0  0  0  0  0  101  0  101  0  0  101  101  0  0  101  0  0  101  0  0  0  0  101  0  101  0  0  101  0  0  101  0  101  0  0  0  101  0  101  0  0  0  0  0  101  101  0  101  101  0  101  101  0  101  0  101  0  0  101  0  0  101  0  0  0  0  0  0  0  0  101  0  101  101  101  101  0  101  0  0  

101  0  0  0  0  0  0  0  0  0  0  101  0  0  0  0  0  0  0  101  101  101  101  0  101  0  0  101  101  101  0  101  0  0  0  0  0  0  0  0  0  101  0  0  0  0  0  101  101  0  101  0  0  0  0  101  101  0  101  0  0  101  0  0  0  0  0  0  0  0  101  0  101  101  0  101  101  101  0  0  0  0  0  101  0  0  0  0  0  101  101  0  101  0  101  0  101  0  101  101  

0  0  0  101  0  0  0  0  0  0  0  101  0  101  0  0  0  101  0  0  0  0  0  101  0  0  0  101  0  101  101  0  0  101  101  101  0  0  101  0  0  0  0  0  0  0  0  0  0  0  0  0  0  101  0  101  0  0  0  0  0  0  0  101  101  101  0  101  0  101  0  101  101  101  0  0  0  101  101  0  0  0  0  0  0  0  101  101  101  0  0  101  0  0  0  0  0  0  0  101  

0  0  0  101  101  0  0  101  0  101  101  0  101  101  101  101  0  101  0  0  0  101  0  0  0  101  0  0  0  0  0  101  0  0  0  0  0  0  0  0  0  0  0  101  101  0  101  0  0  101  0  0  0  0  0  0  101  0  0  101  0  0  101  0  0  0  101  0  101  0  0  0  0  0  101  101  0  101  0  0  0  0  0  0  101  0  0  0  0  101  101  0  0  0  0  0  0  0  101  0  

101  101  0  0  0  0  0  101  0  101  0  0  0  0  0  0  0  0  0  0  0  0  0  0  0  0  0  0  101  101  0  0  101  0  101  101  0  0  101  0  0  101  101  101  0  0  0  0  101  101  0  0  0  101  101  101  101  101  101  101  0  0  0  0  0  0  0  0  0  101  0  101  101  0  101  101  0  0  0  0  0  101  0  0  101  0  0  0  0  0  0  101  101  0  0  101  0  0  101  0  

0  0  0  101  0  0  0  0  101  101  0  0  0  101  0  0  0  0  101  0  0  101  0  0  0  0  0  101  101  0  101  0  0  101  0  0  0  0  0  0  0  101  0  0  101  0  101  101  0  101  101  101  0  0  0  0  0  0  0  101  101  0  0  101  0  0  0  101  0  0  101  0  101  0  0  0  101  0  0  0  0  0  0  0  0  0  101  101  0  0  0  101  101  0  0  101  101  0  0  0  

101  101  101  0  101  0  101  0  0  101  0  0  101  0  0  0  101  0  0  101  101  0  0  101  0  0  0  0  101  0  101  0  0  101  101  101  101  0  0  101  0  101  0  0  0  0  0  0  0  0  101  0  0  0  0  0  0  0  101  0  0  101  0  101  0  0  0  0  0  0  101  0  101  101  101  0  0  101  0  101  0  0  101  0  0  0  0  0  101  0  0  0  0  0  0  0  0  0  0  0  

101  0  0  0  101  101  0  101  0  0  101  101  101  0  0  0  0  101  0  0  0  0  0  0  0  0  101  101  0  101  0  101  0  101  0  101  0  0  0  0  101  101  0  0  0  0  101  0  0  101  0  101  0  101  0  101  101  0  0  0  101  0  0  0  101  0  0  0  0  0  0  101  0  101  0  0  0  0  101  0  0  0  0  0  0  101  0  0  0  101  0  0  101  101  101  101  0  0  0  0  

0  0  0  0  0  101  0  101  101  101  101  0  0  0  0  0  0  101  0  0  0  101  0  0  101  0  0  101  0  101  101  0  0  0  0  0  0  0  0  101  0  0  0  0  0  0  101  101  0  0  101  0  101  101  0  0  101  101  101  101  0  0  0  0  101  0  101  101  0  101  0  0  0  0  0  0  0  101  0  101  0  0  0  101  0  0  0  0  0  0  0  0  0  0  0  0  101  0  0  0  

0  0  0  0  0  101  101  0  0  0  0  0  0  0  0  0  101  0  0  0  101  101  0  0  0  101  0  101  0  0  0  0  0  101  0  0  0  0  0  0  0  101  101  0  0  0  101  0  0  0  0  0  0  0  0  0  0  0  0  101  101  0  0  0  101  0  0  0  0  101  0  0  0  0  0  0  0  0  0  0  101  0  0  0  0  0  101  0  101  0  0  0  101  0  101  0  0  0  0  0  

0  0  101  0  101  0  101  101  0  101  0  0  0  0  0  0  0  101  0  0  0  101  0  0  101  0  0  0  0  0  0  101  0  0  0  101  0  0  101  0  0  101  101  0  0  0  0  0  0  0  101  0  0  101  101  0  0  101  101  0  0  0  0  101  0  0  0  0  0  0  0  101  0  0  0  101  0  0  0  0  0  101  0  101  0  0  0  0  0  0  0  101  0  0  0  0  0  0  0  101  

0  0  0  101  101  0  101  0  0  0  0  0  0  0  101  0  0  101  0  101  0  0  0  0  0  0  0  0  0  0  101  0  101  0  0  0  0  0  0  0  101  0  0  0  0  101  0  101  101  101  0  101  0  101  0  101  0  0  0  0  101  0  0  0  101  0  0  0  0  101  101  0  0  0  0  0  0  101  0  0  0  0  101  101  0  0  101  0  101  0  101  101  0  0  0  0  101  101  0  0  

0  0  0  101  101  0  0  0  101  0  0  0  101  101  101  101  0  101  0  101  101  101  0  0  101  0  101  0  0  0  0  101  0  0  0  0  101  101  101  0  0  101  0  101  0  0  0  0  101  0  0  101  0  0  0  101  0  0  0  0  0  0  101  101  0  0  0  101  101  0  0  0  101  0  0  0  0  0  0  101  0  101  101  101  0  0  0  0  0  0  0  0  101  0  101  0  0  0  0  101  

0  0  0  0  101  0  0  101  101  101  101  0  0  0  0  0  0  0  0  0  0  0  0  0  0  0  0  0  101  0  0  0  0  0  0  0  101  101  0  0  0  0  0  0  0  0  0  101  0  101  101  0  0  0  0  101  0  0  0  0  101  0  101  0  0  0  0  0  0  0  101  0  0  0  101  101  0  0  0  0  0  0  0  0  101  101  0  101  0  101  101  0  0  0  0  0  0  0  0  0  

101  101  0  101  0  0  0  0  0  0  0  101  0  0  0  101  101  0  101  0  0  0  0  101  101  0  101  0  0  0  0  0  0  0  0  0  101  101  0  0  0  101  0  101  0  0  0  0  0  0  0  0  0  0  0  0  0  0  0  101  0  0  0  0  0  101  0  101  0  0  0  0  0  0  0  0  0  0  101  0  0  0  0  0  101  101  0  101  0  0  101  0  0  0  0  101  0  0  0  0  

0  0  0  101  0  101  0  0  101  0  0  0  0  0  0  0  0  0  0  0  101  101  0  0  0  101  0  0  0  0  0  101  101  0  0  0  101  0  0  101  0  101  0  0  0  0  101  101  101  101  0  0  0  0  101  0  101  101  0  0  101  0  0  101  0  0  0  0  101  0  101  0  0  101  0  0  101  0  0  0  101  0  101  0  0  0  101  0  101  0  0  0  0  0  0  0  101  0  0  0  

0  0  0  0  0  0  101  0  0  0  0  0  0  0  0  101  101  0  0  0  101  0  0  101  0  101  0  101  0  0  0  0  0  0  0  0  0  0  0  101  101  0  0  0  0  0  0  101  101  0  101  0  0  0  0  0  101  0  0  0  0  0  0  0  0  0  101  101  0  101  101  0  0  101  0  0  101  0  0  0  0  0  0  0  101  101  0  101  0  101  0  101  0  0  0  0  0  0  0  0  

0  0  0  101  101  0  101  0  101  0  0  0  101  0  101  101  0  0  101  0  0  101  0  101  0  0  101  0  101  0  101  0  101  101  101  0  101  0  0  0  0  0  101  0  0  101  101  0  0  101  0  0  0  0  101  0  101  101  0  0  0  101  0  0  0  0  101  0  0  0  0  0  0  101  0  0  0  101  0  0  101  0  101  0  0  0  101  0  101  0  101  0  0  0  0  101  0  101  0  101  

101  0  101  0  0  0  0  101  101  101  101  0  101  101  0  101  0  0  0  0  0  0  101  101  0  0  0  0  101  0  0  0  101  101  0  101  0  101  101  0  101  101  0  101  101  0  0  0  0  101  0  101  0  0  101  101  0  0  0  0  0  0  0  0  0  101  0  0  0  0  0  0  101  0  101  0  0  0  101  0  0  0  0  0  101  0  0  101  0  101  0  0  0  0  0  101  0  0  0  0  

101  101  0  0  0  0  0  101  0  0  0  0  101  101  0  0  0  0  101  0  0  0  0  101  0  101  101  0  0  0  0  0  0  0  0  101  0  101  0  0  0  0  101  0  0  0  0  101  0  0  0  101  101  0  0  0  0  101  0  0  0  0  0  0  0  0  0  0  0  0  101  101  101  0  101  0  0  0  0  0  0  0  101  0  101  101  0  0  101  0  101  0  0  0  0  0  0  0  0  0  

0  0  0  0  101  0  0  0  0  0  0  101  0  0  0  101  0  101  0  0  101  0  0  0  0  0  0  101  0  0  0  101  101  0  0  101  0  101  101  0  0  0  101  0  0  101  101  101  101  0  101  0  0  0  0  101  0  0  101  0  101  101  101  0  0  101  101  0  0  0  0  0  0  101  0  101  101  0  0  0  0  101  101  0  0  0  0  101  0  0  0  101  0  101  0  0  0  0  101  0  

101  0  0  101  0  0  0  101  0  0  0  0  0  0  0  0  101  0  101  0  0  101  101  0  0  0  0  0  101  101  0  0  0  101  101  101  0  0  101  0  101  0  0  0  0  0  101  101  101  101  0  0  0  101  0  101  0  0  0  0  0  0  0  0  0  0  0  0  0  0  101  101  101  0  0  101  101  0  101  0  101  0  0  101  0  0  0  0  0  0  0  0  101  0  101  0  101  0  101  101  

0  0  0  101  101  101  0  0  0  0  101  0  101  0  0  101  0  0  0  101  0  0  0  0  0  101  0  0  0  0  0  0  101  0  0  101  0  0  101  0  0  0  0  0  101  0  0  0  0  0  0  0  101  101  101  0  101  0  0  0  0  101  0  101  101  0  0  101  0  101  0  101  0  0  0  0  0  0  101  0  0  0  0  0  0  0  0  0  0  0  0  101  0  101  0  0  101  0  101  0  

101  101  101  0  101  0  101  101  101  0  101  0  101  0  101  0  0  0  0  0  0  0  0  101  0  101  0  0  0  101  0  0  0  0  0  0  0  0  0  0  0  0  0  0  0  0  0  0  0  101  0  0  0  101  0  101  101  101  0  0  0  101  101  0  101  0  101  101  0  0  0  101  101  0  0  0  0  0  101  0  101  0  0  101  0  0  0  0  0  0  0  0  101  0  101  0  0  0  0  0  

0  0  0  101  101  0  101  0  101  101  101  101  0  0  0  0  0  0  0  101  0  0  0  101  0  0  101  0  0  101  0  0  101  0  101  0  0  0  0  0  0  101  0  0  101  0  0  0  0  0  0  0  0  0  0  0  0  101  101  0  101  101  0  101  0  101  0  101  101  0  0  101  0  0  0  101  101  0  101  0  0  0  0  0  0  101  0  0  101  101  0  0  0  0  0  101  0  0  101  101  

101  0  0  0  101  0  101  0  101  0  0  101  101  0  101  0  0  101  0  101  0  0  0  0  101  0  101  0  101  0  0  0  0  0  0  101  101  101  0  0  0  0  0  0  0  0  101  0  0  0  101  0  101  0  0  0  0  0  0  0  101  0  0  0  0  101  101  0  0  0  0  0  101  0  0  0  101  0  0  101  0  0  101  0  0  0  101  0  0  0  0  0  101  101  0  0  101  0  0  0  

101  0  0  0  101  101  101  0  101  0  0  0  0  101  101  0  0  0  0  0  0  0  101  0  101  101  101  101  0  0  101  0  101  0  101  0  101  0  101  101  0  0  101  0  0  0  101  101  0  0  0  101  101  0  101  0  0  101  0  0  0  0  0  101  101  0  0  0  0  101  101  101  0  0  0  0  0  0  0  0  0  0  101  0  0  0  0  0  101  0  0  0  0  0  0  0  0  101  0  0  

0  101  101  0  0  0  101  101  101  0  0  101  0  0  0  0  101  0  101  101  101  0  0  0  0  0  101  101  0  101  101  0  0  0  0  0  0  101  0  0  0  0  0  0  101  0  0  0  0  101  0  101  0  0  0  101  101  0  101  101  0  0  0  0  101  0  0  0  0  101  101  0  101  0  101  101  0  0  0  0  0  0  0  0  0  0  0  0  0  0  0  101  101  101  0  101  0  0  101  0  

0  0  101  0  0  0  0  101  101  0  0  101  101  0  101  101  0  101  0  0  101  0  0  0  0  0  101  0  101  0  0  0  0  0  0  0  0  0  0  0  0  0  101  0  0  0  0  101  101  101  0  0  101  0  0  101  0  0  101  0  0  0  101  101  0  101  0  0  0  101  0  0  101  101  0  0  0  0  0  0  0  101  0  101  0  0  0  0  101  0  0  0  101  0  0  101  0  0  0  101  

UnPairedArc=
1 2 
1 4 
1 8 
1 26 
1 27 
1 32 
1 41 
1 47 
1 50 
1 54 
1 62 
1 67 
1 70 
1 71 
1 73 
1 76 
1 78 
1 79 
1 86 
1 90 
1 91 
1 93 
1 95 
1 97 
1 98 
2 4 
2 5 
2 9 
2 10 
2 11 
2 12 
2 20 
2 21 
2 22 
2 29 
2 32 
2 33 
2 37 
2 41 
2 42 
2 44 
2 45 
2 52 
2 53 
2 63 
2 71 
2 76 
2 78 
2 86 
2 91 
2 95 
2 99 
3 6 
3 10 
3 14 
3 18 
3 27 
3 28 
3 30 
3 34 
3 38 
3 39 
3 40 
3 42 
3 46 
3 48 
3 51 
3 52 
3 61 
3 62 
3 64 
3 67 
3 78 
3 82 
3 90 
3 95 
3 99 
3 100 
4 7 
4 8 
4 10 
4 12 
4 25 
4 26 
4 29 
4 30 
4 35 
4 36 
4 40 
4 43 
4 46 
4 53 
4 56 
4 59 
4 68 
4 70 
4 71 
4 72 
4 74 
4 75 
4 77 
4 83 
4 84 
4 86 
4 87 
4 89 
4 93 
4 94 
4 96 
5 8 
5 9 
5 14 
5 17 
5 23 
5 25 
5 26 
5 30 
5 32 
5 34 
5 35 
5 36 
5 37 
5 39 
5 46 
5 51 
5 53 
5 66 
5 75 
5 78 
5 79 
5 82 
5 83 
5 84 
5 85 
5 89 
5 92 
5 94 
5 95 
5 96 
5 97 
5 98 
6 8 
6 19 
6 21 
6 22 
6 23 
6 28 
6 36 
6 46 
6 48 
6 49 
6 51 
6 53 
6 62 
6 64 
6 66 
6 79 
6 80 
6 81 
6 87 
6 94 
6 98 
7 13 
7 15 
7 17 
7 18 
7 19 
7 29 
7 30 
7 31 
7 33 
7 36 
7 37 
7 40 
7 41 
7 51 
7 52 
7 53 
7 56 
7 57 
7 58 
7 60 
7 61 
7 64 
7 66 
7 67 
7 68 
7 69 
7 70 
7 78 
7 81 
7 82 
7 83 
7 88 
7 89 
7 95 
7 96 
7 97 
7 98 
7 99 
8 14 
8 16 
8 18 
8 30 
8 31 
8 32 
8 34 
8 35 
8 36 
8 44 
8 47 
8 51 
8 56 
8 57 
8 58 
8 63 
8 75 
8 76 
8 79 
8 80 
8 82 
8 85 
8 90 
8 91 
8 93 
8 95 
8 99 
8 100 
9 11 
9 20 
9 38 
9 40 
9 43 
9 44 
9 46 
9 54 
9 57 
9 63 
9 77 
9 80 
9 84 
9 85 
9 87 
9 89 
9 90 
9 95 
9 96 
9 97 
9 98 
9 99 
9 100 
10 12 
10 14 
10 15 
10 16 
10 29 
10 30 
10 34 
10 36 
10 44 
10 48 
10 50 
10 51 
10 52 
10 57 
10 60 
10 61 
10 62 
10 71 
10 75 
10 76 
10 77 
10 78 
10 80 
10 82 
10 85 
10 90 
10 96 
11 13 
11 16 
11 22 
11 25 
11 28 
11 29 
11 32 
11 39 
11 43 
11 45 
11 49 
11 52 
11 55 
11 56 
11 60 
11 61 
11 64 
11 67 
11 75 
11 79 
11 80 
11 85 
11 90 
11 94 
11 95 
11 96 
12 13 
12 19 
12 23 
12 29 
12 30 
12 31 
12 33 
12 34 
12 37 
12 38 
12 41 
12 42 
12 44 
12 47 
12 48 
12 49 
12 57 
12 59 
12 64 
12 67 
12 69 
12 70 
12 71 
12 73 
12 74 
12 79 
12 86 
12 92 
12 96 
12 97 
12 99 
12 100 
13 16 
13 17 
13 18 
13 21 
13 23 
13 24 
13 26 
13 31 
13 33 
13 36 
13 44 
13 45 
13 46 
13 50 
13 51 
13 58 
13 59 
13 60 
13 62 
13 64 
13 65 
13 66 
13 68 
13 69 
13 75 
13 78 
13 79 
13 84 
13 89 
13 90 
13 91 
13 94 
13 95 
13 97 
13 100 
14 17 
14 20 
14 24 
14 26 
14 29 
14 30 
14 31 
14 37 
14 43 
14 44 
14 45 
14 47 
14 49 
14 51 
14 56 
14 59 
14 61 
14 62 
14 63 
14 65 
14 66 
14 67 
14 70 
14 72 
14 74 
14 75 
14 77 
14 84 
14 90 
14 91 
14 98 
15 17 
15 22 
15 29 
15 30 
15 34 
15 41 
15 42 
15 44 
15 47 
15 53 
15 56 
15 57 
15 64 
15 65 
15 69 
15 75 
15 83 
15 84 
15 89 
15 95 
15 97 
15 98 
15 100 
16 17 
16 18 
16 19 
16 21 
16 25 
16 30 
16 32 
16 33 
16 38 
16 39 
16 42 
16 47 
16 48 
16 53 
16 55 
16 59 
16 65 
16 66 
16 68 
16 70 
16 72 
16 75 
16 84 
16 86 
16 88 
16 89 
16 90 
16 92 
16 94 
16 100 
17 22 
17 23 
17 25 
17 26 
17 34 
17 38 
17 40 
17 45 
17 50 
17 52 
17 59 
17 62 
17 78 
17 81 
17 86 
17 88 
17 93 
17 99 
18 20 
18 26 
18 30 
18 31 
18 35 
18 37 
18 38 
18 41 
18 43 
18 44 
18 47 
18 60 
18 64 
18 71 
18 74 
18 75 
18 79 
18 80 
18 82 
18 83 
18 84 
18 92 
18 97 
18 100 
19 23 
19 29 
19 30 
19 35 
19 38 
19 41 
19 42 
19 47 
19 51 
19 55 
19 57 
19 58 
19 65 
19 69 
19 70 
19 71 
19 77 
19 86 
19 89 
19 91 
19 93 
19 99 
20 22 
20 26 
20 28 
20 35 
20 40 
20 50 
20 73 
20 78 
20 83 
20 84 
20 94 
20 96 
20 97 
20 99 
21 22 
21 27 
21 30 
21 38 
21 39 
21 40 
21 41 
21 43 
21 46 
21 48 
21 61 
21 67 
21 70 
21 73 
21 78 
21 81 
21 84 
21 87 
21 88 
21 92 
21 99 
21 100 
22 27 
22 31 
22 34 
22 35 
22 36 
22 60 
22 61 
22 68 
22 69 
22 71 
22 73 
22 75 
22 77 
22 80 
22 81 
22 82 
22 84 
22 87 
22 89 
22 93 
23 29 
23 30 
23 31 
23 33 
23 37 
23 38 
23 39 
23 43 
23 46 
23 47 
23 48 
23 49 
23 50 
23 51 
23 52 
23 54 
23 56 
23 57 
23 62 
23 63 
23 71 
23 73 
23 90 
23 93 
23 98 
24 26 
24 28 
24 29 
24 32 
24 35 
24 36 
24 38 
24 41 
24 42 
24 43 
24 49 
24 50 
24 52 
24 57 
24 60 
24 61 
24 62 
24 66 
24 71 
24 74 
24 78 
24 86 
24 88 
24 89 
24 90 
24 91 
24 95 
24 96 
25 29 
25 30 
25 36 
25 37 
25 39 
25 40 
25 47 
25 51 
25 53 
25 58 
25 63 
25 68 
25 70 
25 71 
25 73 
25 80 
25 82 
25 84 
25 86 
25 97 
25 98 
26 27 
26 28 
26 29 
26 30 
26 35 
26 37 
26 39 
26 42 
26 44 
26 46 
26 49 
26 53 
26 56 
26 57 
26 65 
26 67 
26 72 
26 75 
26 81 
26 87 
26 88 
26 91 
26 94 
26 95 
26 98 
27 40 
27 42 
27 46 
27 47 
27 54 
27 55 
27 57 
27 62 
27 69 
27 71 
27 79 
27 84 
27 86 
27 89 
27 91 
27 96 
27 97 
27 98 
27 99 
27 100 
28 30 
28 38 
28 47 
28 48 
28 56 
28 57 
28 62 
28 68 
28 72 
28 73 
28 74 
28 77 
28 79 
28 80 
28 81 
28 88 
28 92 
28 98 
28 99 
29 32 
29 33 
29 34 
29 43 
29 44 
29 45 
29 46 
29 47 
29 48 
29 49 
29 54 
29 60 
29 73 
29 76 
29 77 
29 78 
29 85 
29 89 
29 90 
29 93 
29 97 
29 100 
30 31 
30 34 
30 35 
30 37 
30 49 
30 56 
30 65 
30 73 
30 74 
30 76 
30 79 
30 80 
30 93 
30 95 
30 96 
30 99 
31 32 
31 35 
31 43 
31 52 
31 53 
31 58 
31 65 
31 72 
31 74 
31 77 
31 78 
31 80 
31 83 
31 89 
31 98 
31 99 
32 38 
32 39 
32 47 
32 50 
32 51 
32 54 
32 59 
32 60 
32 70 
32 72 
32 73 
32 75 
32 79 
32 82 
32 84 
32 87 
32 92 
33 34 
33 38 
33 39 
33 52 
33 54 
33 57 
33 62 
33 63 
33 76 
33 83 
33 87 
33 89 
33 90 
33 92 
33 94 
33 96 
33 98 
34 40 
34 41 
34 43 
34 44 
34 47 
34 59 
34 61 
34 64 
34 69 
34 70 
34 74 
34 77 
34 78 
34 79 
34 81 
34 89 
34 90 
34 93 
35 36 
35 39 
35 42 
35 43 
35 45 
35 46 
35 47 
35 49 
35 54 
35 57 
35 61 
35 62 
35 64 
35 68 
35 70 
35 72 
35 74 
35 76 
35 78 
35 89 
35 93 
35 96 
35 98 
36 37 
36 41 
36 42 
36 47 
36 48 
36 49 
36 50 
36 53 
36 54 
36 55 
36 60 
36 66 
36 69 
36 70 
36 74 
36 76 
36 78 
36 79 
36 82 
36 90 
36 91 
36 92 
36 93 
36 94 
36 97 
37 40 
37 45 
37 46 
37 47 
37 49 
37 51 
37 52 
37 56 
37 63 
37 71 
37 78 
37 84 
37 85 
37 86 
37 87 
37 89 
37 97 
37 98 
38 40 
38 42 
38 45 
38 49 
38 50 
38 51 
38 52 
38 56 
38 62 
38 63 
38 66 
38 72 
38 84 
38 85 
38 86 
38 90 
38 91 
38 92 
38 97 
38 99 
39 42 
39 43 
39 46 
39 48 
39 49 
39 59 
39 66 
39 67 
39 70 
39 74 
39 76 
39 82 
39 84 
39 90 
39 92 
39 93 
39 94 
39 98 
40 42 
40 43 
40 44 
40 50 
40 52 
40 53 
40 56 
40 57 
40 58 
40 63 
40 66 
40 78 
40 80 
40 87 
40 88 
40 98 
41 43 
41 44 
41 45 
41 47 
41 54 
41 55 
41 61 
41 64 
41 66 
41 79 
41 83 
41 88 
41 90 
41 93 
42 45 
42 49 
42 50 
42 53 
42 56 
42 58 
42 60 
42 61 
42 64 
42 66 
42 69 
42 71 
42 73 
42 76 
42 77 
42 78 
42 79 
42 81 
42 82 
42 84 
42 86 
42 87 
42 90 
42 96 
43 44 
43 49 
43 60 
43 61 
43 66 
43 68 
43 69 
43 72 
43 76 
43 81 
43 82 
43 89 
43 91 
43 92 
43 98 
43 100 
44 46 
44 50 
44 54 
44 62 
44 67 
44 68 
44 70 
44 71 
44 75 
44 76 
44 84 
44 86 
44 90 
45 54 
45 55 
45 61 
45 66 
45 69 
45 70 
45 72 
45 75 
45 77 
45 90 
45 94 
45 96 
45 99 
46 48 
46 49 
46 50 
46 51 
46 58 
46 62 
46 64 
46 66 
46 67 
46 83 
46 89 
46 92 
47 48 
47 49 
47 57 
47 58 
47 63 
47 66 
47 75 
47 77 
47 79 
47 80 
47 81 
47 87 
47 89 
47 92 
47 93 
47 97 
47 98 
48 51 
48 58 
48 59 
48 62 
48 64 
48 65 
48 66 
48 67 
48 71 
48 72 
48 73 
48 77 
48 80 
48 83 
48 85 
48 87 
48 88 
48 91 
48 92 
48 93 
48 98 
48 100 
49 51 
49 52 
49 53 
49 56 
49 58 
49 61 
49 67 
49 73 
49 76 
49 83 
49 84 
49 87 
49 88 
49 92 
49 93 
49 100 
50 51 
50 53 
50 55 
50 56 
50 62 
50 65 
50 75 
50 76 
50 77 
50 79 
50 83 
50 85 
50 87 
50 89 
50 90 
50 93 
50 95 
50 99 
50 100 
51 53 
51 55 
51 57 
51 60 
51 64 
51 72 
51 73 
51 77 
51 78 
51 80 
51 82 
51 85 
51 88 
51 92 
51 97 
52 54 
52 56 
52 58 
52 60 
52 61 
52 62 
52 64 
52 65 
52 66 
52 77 
52 79 
52 83 
52 84 
52 90 
52 91 
52 98 
52 99 
53 54 
53 57 
53 58 
53 59 
53 60 
53 61 
53 63 
53 66 
53 72 
53 80 
53 91 
53 94 
53 97 
53 98 
53 100 
54 58 
54 60 
54 61 
54 62 
54 69 
54 70 
54 74 
54 76 
54 79 
54 80 
54 82 
54 83 
54 93 
54 94 
54 95 
55 57 
55 59 
55 60 
55 61 
55 67 
55 76 
55 82 
55 87 
55 89 
55 90 
55 94 
55 98 
56 60 
56 62 
56 67 
56 73 
56 74 
56 76 
56 79 
56 83 
56 84 
56 85 
56 90 
56 92 
56 93 
56 95 
56 99 
56 100 
57 60 
57 64 
57 67 
57 70 
57 72 
57 73 
57 75 
57 76 
57 79 
57 80 
57 87 
57 88 
57 89 
57 94 
57 95 
57 99 
58 60 
58 65 
58 66 
58 69 
58 71 
58 76 
58 80 
58 82 
58 87 
58 89 
58 91 
58 95 
58 96 
58 98 
59 63 
59 69 
59 70 
59 72 
59 73 
59 76 
59 78 
59 80 
59 82 
59 92 
59 96 
59 99 
59 100 
60 75 
60 76 
60 77 
60 80 
60 81 
60 86 
60 99 
61 67 
61 77 
61 79 
61 81 
61 83 
61 85 
61 87 
61 92 
61 96 
61 97 
62 66 
62 69 
62 71 
62 73 
62 78 
62 89 
62 92 
62 94 
62 95 
62 96 
63 65 
63 68 
63 70 
63 75 
63 84 
63 85 
63 92 
63 95 
63 100 
64 69 
64 70 
64 71 
64 74 
64 77 
64 78 
64 82 
64 84 
64 87 
64 94 
64 96 
64 98 
64 100 
65 66 
65 70 
65 72 
65 74 
65 79 
65 80 
65 81 
65 83 
65 94 
65 95 
65 98 
65 99 
66 70 
66 71 
66 72 
66 74 
66 86 
66 90 
66 92 
66 96 
66 97 
66 100 
67 68 
67 75 
67 80 
67 88 
67 89 
67 92 
67 95 
67 97 
68 72 
68 74 
68 77 
68 80 
68 84 
68 86 
68 88 
68 94 
68 95 
68 96 
69 70 
69 72 
69 75 
69 84 
69 87 
69 96 
70 74 
70 76 
70 80 
70 81 
70 83 
70 88 
70 94 
70 98 
70 99 
70 100 
71 72 
71 73 
71 77 
71 78 
71 83 
71 85 
71 87 
71 88 
71 91 
71 93 
71 98 
71 99 
72 74 
72 76 
72 79 
72 82 
72 91 
72 93 
72 94 
72 95 
72 96 
72 98 
73 74 
73 76 
73 77 
73 78 
73 84 
73 90 
73 91 
73 93 
73 95 
73 97 
73 99 
73 100 
74 78 
74 79 
74 87 
74 88 
74 89 
74 92 
74 100 
75 76 
75 78 
75 85 
75 90 
75 91 
75 99 
76 82 
76 85 
76 92 
76 93 
76 96 
76 99 
77 87 
77 88 
77 92 
77 93 
77 96 
77 97 
78 80 
78 83 
78 89 
79 86 
79 90 
79 93 
79 94 
79 95 
79 96 
80 84 
80 97 
81 87 
81 89 
81 93 
81 95 
82 84 
82 92 
82 100 
83 84 
83 87 
83 89 
83 91 
83 92 
83 97 
83 98 
84 93 
84 95 
84 100 
85 86 
85 88 
85 90 
85 91 
86 88 
86 91 
86 96 
87 89 
87 97 
88 90 
88 92 
89 91 
89 96 
89 98 
89 100 
90 96 
92 94 
92 99 
93 95 
93 97 
93 99 
93 100 
94 97 
94 99 
96 99 
96 100 
