nNodes=80;
 nPairs=2157;
Cost=

81  0  81  0  81  81  81  81  81  81  81  81  0  81  0  81  81  0  81  81  81  81  81  0  0  81  81  81  81  81  0  81  81  81  81  81  81  0  81  81  81  0  81  81  81  81  81  81  0  0  81  81  81  0  0  0  0  81  0  81  81  81  81  0  0  0  81  81  81  81  0  81  81  81  81  81  81  0  81  0  

0  81  81  81  0  81  81  81  0  0  0  0  0  81  81  81  81  0  81  81  81  0  81  81  0  81  81  81  81  0  0  81  0  0  81  81  81  81  81  81  81  0  0  81  81  0  0  81  81  81  81  81  0  0  81  0  81  81  81  0  81  81  0  81  81  81  0  81  0  81  81  81  81  81  81  0  81  0  81  81  

81  81  81  81  81  0  81  0  81  81  0  81  81  0  81  0  81  81  0  81  81  81  81  81  0  81  0  0  81  81  0  81  81  0  0  0  81  0  0  81  81  81  81  81  81  0  0  0  81  81  81  81  81  81  81  81  81  81  0  0  0  81  81  0  0  81  81  0  0  0  81  0  81  0  81  81  81  0  81  81  

0  81  81  81  81  0  81  81  81  81  81  0  81  81  0  81  0  81  81  81  0  0  81  0  0  81  81  0  0  81  81  0  0  81  81  0  0  0  81  81  81  81  0  81  0  0  81  81  81  0  0  81  0  81  81  0  81  81  81  81  81  81  81  81  81  81  81  81  81  81  81  0  81  81  81  81  81  0  81  0  

81  0  81  81  81  81  0  0  0  81  0  81  81  0  0  0  0  81  81  0  81  81  81  81  0  81  0  0  81  0  81  81  81  0  0  81  0  81  0  81  81  81  81  0  81  81  81  81  0  0  0  81  0  0  81  0  81  81  81  0  81  81  81  81  81  81  81  81  0  0  0  81  0  0  81  81  0  81  81  81  

81  81  0  0  81  81  81  81  81  81  0  81  81  81  81  81  81  81  81  81  81  0  0  0  81  81  81  81  0  81  81  81  0  81  81  81  0  0  81  81  81  81  0  81  81  0  81  81  0  0  81  81  81  81  0  81  81  81  81  81  81  81  81  0  81  81  81  81  81  81  81  81  81  0  81  81  81  81  0  81  

81  81  81  81  0  81  81  0  81  81  81  0  0  0  81  81  81  81  81  81  81  81  81  81  81  81  81  0  81  0  0  81  81  81  0  81  0  81  81  81  81  81  0  0  81  81  81  81  81  81  0  0  81  0  81  0  81  81  81  81  81  81  81  81  0  81  0  0  81  0  0  81  0  81  81  81  81  81  0  81  

81  81  0  81  0  81  0  81  0  0  81  81  81  81  81  81  0  81  81  0  81  81  81  81  0  81  81  81  81  81  81  81  81  0  81  0  81  81  0  81  81  81  81  81  81  0  81  81  81  81  81  81  0  81  81  0  81  81  81  81  81  0  81  81  81  0  81  0  0  81  81  0  81  81  81  81  81  81  81  81  

81  0  81  81  0  81  81  0  81  81  81  81  81  81  0  81  81  81  81  0  0  0  81  0  81  81  81  0  81  0  81  81  81  0  81  0  0  0  81  81  81  81  81  81  0  81  0  0  81  0  81  0  0  81  81  81  81  0  0  81  0  0  0  81  81  0  81  0  81  81  81  81  0  0  81  0  0  81  0  0  

81  0  81  81  81  81  81  0  81  81  81  0  0  81  81  81  81  0  81  81  81  81  81  81  81  81  0  81  81  0  81  81  81  81  81  81  81  0  0  81  81  81  81  0  81  81  0  81  81  81  81  81  0  81  81  0  0  81  81  0  81  0  81  81  0  0  81  81  81  81  0  0  81  0  0  81  0  81  81  81  

81  0  0  81  0  0  81  81  81  81  81  0  81  81  81  0  81  81  0  81  81  81  81  0  81  81  0  81  0  0  81  81  0  81  81  81  81  0  81  81  0  0  81  0  81  81  0  0  0  0  0  81  81  81  81  81  81  0  81  81  0  81  81  0  81  81  81  81  0  0  0  81  81  0  81  0  0  81  0  0  

81  0  81  0  81  81  0  81  81  0  0  81  81  0  0  0  81  81  81  81  0  81  0  81  81  81  81  81  0  81  0  81  81  0  81  81  0  0  81  0  81  81  81  81  81  81  0  81  81  81  81  81  0  81  81  81  0  81  81  81  81  0  81  81  81  81  81  81  81  0  0  81  0  81  81  81  0  81  81  81  

0  0  81  81  81  81  0  81  81  0  81  81  81  0  81  81  81  81  81  81  81  81  81  81  0  81  0  0  81  81  81  0  81  81  81  81  81  81  0  0  81  81  81  81  81  81  81  0  81  81  81  0  81  81  0  81  0  81  81  0  81  81  81  81  81  0  81  81  0  81  0  81  81  0  81  81  81  81  81  0  

81  81  0  81  0  81  0  81  81  81  81  0  0  81  81  81  81  0  0  81  0  81  81  81  81  81  81  81  81  81  81  81  0  81  81  81  81  81  0  0  0  0  81  81  0  81  81  81  81  81  81  81  81  0  81  81  81  0  81  0  81  81  81  0  81  81  0  81  81  0  81  81  81  0  0  81  81  81  0  0  

0  81  81  0  0  81  81  81  0  81  81  0  81  81  81  0  81  81  0  81  81  81  81  81  0  81  0  81  81  81  0  0  81  81  81  81  81  81  0  0  81  81  0  81  0  81  81  81  81  0  81  81  0  0  0  81  81  0  81  81  81  81  81  0  0  0  0  0  81  81  81  81  81  81  0  0  81  81  81  81  

81  81  0  81  0  81  81  81  81  81  0  0  81  81  0  81  81  81  0  81  0  0  0  81  0  81  81  81  81  0  0  81  81  81  81  81  81  81  81  0  81  81  0  81  81  81  81  81  0  81  81  0  81  0  0  81  81  81  81  81  0  0  0  81  81  81  81  0  81  0  81  81  0  0  0  81  81  0  81  81  

81  81  81  0  0  81  81  0  81  81  81  81  81  81  81  81  81  0  0  0  81  0  81  81  81  0  81  81  81  81  0  0  81  0  81  81  81  0  81  0  81  81  81  81  81  81  0  0  0  0  81  0  0  81  0  81  0  81  81  81  81  81  0  0  0  81  0  81  0  81  0  81  81  0  81  81  81  81  0  0  

0  0  81  81  81  81  81  81  81  0  81  81  81  0  81  81  0  81  0  81  81  81  0  0  81  81  81  0  0  0  81  0  0  81  81  81  81  81  81  81  0  81  81  81  81  0  81  81  81  81  0  81  0  81  81  0  0  0  81  81  81  81  81  0  81  0  81  81  81  81  81  81  81  0  81  81  81  0  81  0  

81  81  0  81  81  81  81  81  81  81  0  81  81  0  0  0  0  0  81  81  81  81  81  81  81  0  81  0  81  0  81  0  81  0  81  81  81  0  81  81  81  0  0  81  81  81  81  0  0  81  0  0  0  81  81  81  81  81  81  81  81  0  0  0  81  81  81  81  81  81  81  81  0  0  0  81  0  81  81  0  

81  81  81  81  0  81  81  0  0  81  81  81  81  81  81  81  0  81  81  81  81  0  81  0  81  0  81  81  81  81  81  81  81  0  0  81  81  0  0  0  81  0  81  0  81  81  81  81  81  81  81  0  81  81  0  0  81  81  81  81  0  81  81  81  0  81  81  81  0  81  81  0  81  81  81  81  81  0  81  81  

81  81  81  0  81  81  81  81  0  81  81  0  81  0  81  0  81  81  81  81  81  81  0  81  0  81  81  81  81  81  81  81  81  81  81  0  81  81  81  0  81  0  81  0  81  0  0  81  81  81  0  81  0  81  81  0  0  81  81  81  81  0  81  81  0  81  81  81  0  81  0  81  81  0  0  81  0  81  81  81  

81  0  81  0  81  0  81  81  0  81  81  81  81  81  81  0  0  81  81  0  81  81  81  0  81  81  81  81  81  81  81  81  0  81  81  81  81  81  0  81  81  81  0  0  81  81  0  81  81  81  81  0  81  81  81  81  81  81  0  81  0  81  81  81  81  0  81  81  81  81  81  81  81  81  81  81  81  0  81  81  

81  81  81  81  81  0  81  81  81  81  81  0  81  81  81  0  81  0  81  81  0  81  81  81  0  0  81  0  0  81  81  0  0  81  81  81  81  0  81  0  81  81  81  81  81  0  0  0  81  0  0  0  81  81  0  81  0  0  0  81  81  81  81  81  0  81  81  81  81  81  81  0  81  0  81  81  0  81  81  81  

0  81  81  0  81  0  81  81  0  81  0  81  81  81  81  81  81  0  81  0  81  0  81  81  0  81  81  81  81  0  0  81  81  81  81  81  0  0  81  81  81  81  81  81  81  81  81  0  81  0  0  81  81  81  81  0  0  81  0  0  81  0  81  81  81  0  81  81  81  81  0  81  0  81  81  0  81  0  81  81  

0  0  0  0  0  81  81  0  81  81  81  81  0  81  0  0  81  81  81  81  0  81  0  0  81  81  81  81  81  0  81  81  81  0  0  0  0  81  0  0  81  81  0  81  0  0  0  81  81  81  0  81  0  81  81  81  81  81  0  81  81  81  81  81  81  81  81  81  81  81  0  81  81  0  81  81  0  0  81  81  

81  81  81  81  81  81  81  81  81  81  81  81  81  81  81  81  0  81  0  0  81  81  0  81  81  81  81  0  81  81  0  81  81  0  0  81  0  81  81  0  81  81  81  81  81  81  0  81  0  0  81  81  81  81  81  81  81  0  81  0  81  0  81  81  81  81  81  81  81  0  0  81  0  0  0  81  0  0  81  81  

81  81  0  81  0  81  81  81  81  0  0  81  0  81  0  81  81  81  81  81  81  81  81  81  81  81  81  81  0  81  81  81  0  81  81  81  81  0  81  81  81  81  0  81  81  0  81  0  81  81  81  0  0  81  0  0  0  0  81  81  81  81  81  81  81  81  81  0  81  81  81  81  81  0  81  0  81  81  0  0  

81  81  0  0  0  81  0  81  0  81  81  81  0  81  81  81  81  0  0  81  81  81  0  81  81  0  81  81  0  81  0  81  81  81  81  0  81  81  0  0  81  81  81  81  0  81  81  81  81  81  0  0  81  0  0  0  81  81  81  0  81  81  81  0  81  81  81  0  81  0  0  0  81  0  81  81  81  81  0  0  

81  81  81  0  81  0  81  81  81  81  0  0  81  81  81  81  81  0  81  81  81  81  0  81  81  81  0  0  81  81  81  0  0  0  0  81  0  0  81  0  81  81  81  81  81  0  81  81  81  81  81  81  0  81  81  0  81  0  81  0  81  81  81  81  81  81  81  0  81  81  81  81  0  81  81  0  0  81  81  81  

81  0  81  81  0  81  0  81  0  0  0  81  81  81  81  0  81  0  0  81  81  81  81  0  0  81  81  81  81  81  81  0  0  81  0  81  0  81  0  81  81  81  81  81  0  0  81  81  0  0  81  81  0  81  0  0  81  81  0  0  81  0  81  81  81  81  81  81  81  81  81  0  81  81  81  81  81  81  81  81  

0  0  0  81  81  81  0  81  81  81  81  0  81  81  0  0  0  81  81  81  81  81  81  0  81  0  81  0  81  81  81  81  0  81  81  81  0  81  81  81  0  81  81  0  81  81  0  81  81  81  81  81  81  81  0  81  81  81  0  81  81  81  0  81  81  0  81  81  81  81  81  0  81  81  81  81  81  81  0  0  

81  81  81  0  81  81  81  81  81  81  81  81  0  81  0  81  0  0  0  81  81  81  0  81  81  81  81  81  0  0  81  81  81  81  81  0  81  0  81  81  81  81  81  81  0  81  0  81  0  81  81  81  0  81  81  0  0  81  81  0  0  0  81  81  81  81  0  81  81  0  81  81  81  81  81  0  81  81  81  81  

81  0  81  0  81  0  81  81  81  81  0  81  81  0  81  81  81  0  81  81  81  0  0  81  81  81  0  81  0  0  0  81  81  81  0  81  81  81  81  81  0  0  0  81  81  0  81  81  81  0  81  81  81  0  81  0  81  81  81  81  81  0  81  81  81  0  81  81  81  81  81  0  81  0  81  81  81  81  81  81  

81  0  0  81  0  81  81  0  0  81  81  0  81  81  81  81  0  81  0  0  81  81  81  81  0  0  81  81  0  81  81  81  81  81  81  81  81  81  81  0  81  81  81  81  0  81  0  81  0  81  81  81  81  0  0  81  81  81  81  81  0  81  81  81  81  0  81  81  81  0  0  81  81  81  81  81  81  81  81  81  

81  81  0  81  0  81  0  81  81  81  81  81  81  81  81  81  81  81  81  0  81  81  81  81  0  0  81  81  0  0  81  81  0  81  81  81  81  81  0  81  0  0  81  81  81  81  0  0  81  81  81  81  81  0  81  81  81  81  81  0  81  81  81  81  81  81  81  81  81  81  0  0  81  81  81  0  81  81  0  81  

81  81  0  0  81  81  81  0  0  81  81  81  81  81  81  81  81  81  81  81  0  81  81  81  0  81  81  0  81  81  81  0  81  81  81  81  81  0  0  0  0  81  81  81  81  81  0  81  81  81  81  81  81  0  0  81  81  81  81  81  81  0  81  81  81  81  81  81  81  0  81  81  81  81  81  81  81  0  81  81  

81  81  81  0  0  0  0  81  0  81  81  0  81  81  81  81  81  81  81  81  81  81  81  0  0  0  81  81  0  0  0  81  81  81  81  81  81  81  81  81  0  81  81  81  81  81  81  0  81  81  81  0  0  81  81  81  81  81  81  81  81  81  0  0  81  81  81  0  81  81  81  0  81  81  81  81  0  81  0  81  

0  81  0  0  81  0  81  81  0  0  0  0  81  81  81  81  0  81  0  0  81  81  0  0  81  81  0  81  0  81  81  0  81  81  81  0  81  81  0  81  81  81  0  81  81  81  0  0  81  0  0  81  81  81  81  81  81  0  81  81  81  81  0  0  81  81  0  81  81  0  81  81  81  81  81  81  81  81  0  81  

81  81  0  81  0  81  81  0  81  0  81  81  0  0  0  81  81  81  81  0  81  0  81  81  0  81  81  0  81  0  81  81  81  81  0  0  81  0  81  81  0  81  0  0  81  0  0  81  81  0  81  81  81  81  0  81  0  81  81  81  81  81  81  81  81  0  0  0  81  0  81  81  0  0  0  81  81  81  81  81  

81  81  81  81  81  81  81  81  81  81  81  0  0  0  0  0  0  81  81  0  0  81  0  81  0  0  81  0  0  81  81  81  81  0  81  0  81  81  81  81  81  0  81  0  81  81  81  0  0  0  81  0  81  81  81  81  81  0  81  81  81  81  81  0  0  81  0  81  81  81  81  81  81  0  0  81  0  81  0  81  

81  81  81  81  81  81  81  81  81  81  0  81  81  0  81  81  81  0  81  81  81  81  81  81  81  81  81  81  81  81  0  81  0  81  0  0  0  81  0  81  81  0  0  81  0  81  81  81  81  81  0  0  81  81  81  81  81  81  0  81  81  0  81  81  81  81  81  81  81  0  0  81  81  0  0  81  0  81  81  81  

0  0  81  81  81  81  81  81  81  81  0  81  81  0  81  81  81  81  0  0  0  81  81  81  81  81  81  81  81  81  81  81  0  81  0  81  81  81  81  0  0  81  0  81  81  0  81  0  81  81  0  81  0  81  0  81  81  0  81  81  81  0  81  0  81  81  0  81  0  0  81  81  0  81  81  81  0  81  81  81  

81  0  81  0  81  0  0  81  81  81  81  81  81  81  0  0  81  81  0  81  81  0  81  81  0  81  0  81  81  81  81  81  0  81  81  81  81  0  0  81  0  0  81  0  81  0  81  0  81  81  81  81  0  0  81  81  81  81  81  81  0  81  81  81  81  0  81  0  81  81  81  81  81  81  0  0  0  81  0  81  

81  81  81  81  0  81  0  81  81  0  0  81  81  81  81  81  81  81  81  0  0  0  81  81  81  81  81  81  81  81  0  81  81  81  81  81  81  81  0  0  81  81  0  81  81  81  0  0  81  81  81  0  81  81  81  0  81  81  81  81  0  81  0  81  81  0  81  0  0  0  0  81  0  81  81  81  0  81  81  81  

81  81  81  0  81  81  81  81  0  81  81  81  81  0  0  81  81  81  81  81  81  81  81  81  0  81  81  0  81  0  81  0  81  0  81  81  81  81  81  81  0  81  81  81  81  81  81  81  81  81  81  81  81  0  81  81  81  0  81  81  0  81  81  81  81  81  81  0  0  81  81  81  0  0  81  0  0  81  81  81  

81  0  0  0  81  0  81  0  81  81  81  81  81  81  81  81  81  0  81  81  0  81  0  81  0  81  0  81  0  0  81  81  0  81  81  81  81  81  0  81  81  0  0  81  81  81  81  81  81  81  0  0  81  81  81  81  81  81  0  0  81  0  81  81  0  0  81  81  81  81  0  0  81  81  81  81  0  81  81  81  

81  0  0  81  81  81  81  81  0  0  0  0  81  81  81  81  0  81  81  81  0  0  0  81  0  0  81  81  81  81  0  0  81  0  0  0  81  0  0  81  81  81  81  0  81  81  81  0  0  81  0  0  0  0  0  0  81  81  0  81  0  81  81  81  81  81  81  81  0  81  81  0  0  81  81  81  0  0  0  0  

81  81  0  81  81  81  81  81  0  81  0  81  0  81  81  81  0  81  0  81  81  81  0  0  81  81  0  81  81  81  81  81  81  81  0  81  0  0  81  0  81  0  0  0  81  81  0  81  81  0  0  81  81  0  0  81  81  81  81  81  81  81  81  81  0  81  81  81  81  81  81  81  81  0  81  81  0  81  81  81  

0  81  81  81  0  0  81  81  81  81  0  81  81  81  81  0  0  81  0  81  81  81  81  81  81  0  81  81  81  0  81  0  81  0  81  81  81  81  81  0  81  81  81  81  81  81  0  81  81  81  81  81  0  0  0  0  81  81  81  81  0  81  81  81  81  0  81  81  0  81  81  81  81  0  0  81  81  81  81  0  

0  81  81  0  0  0  81  81  0  81  0  81  81  81  0  81  0  81  81  81  81  81  0  0  81  0  81  81  81  0  81  81  0  81  81  81  81  0  0  0  81  81  81  81  81  81  81  0  81  81  0  81  81  81  81  81  81  0  0  81  0  81  81  81  81  0  81  81  81  81  81  81  81  81  0  81  81  81  0  0  

81  81  81  0  0  81  0  81  81  81  0  81  81  81  81  81  81  0  0  81  0  81  0  0  0  81  81  0  81  81  81  81  81  81  81  81  81  0  81  81  0  0  81  81  81  0  0  0  81  0  81  81  81  81  0  0  0  0  81  81  0  81  81  81  81  81  0  81  0  81  81  0  81  81  81  81  81  81  0  0  

81  81  81  81  81  81  0  81  0  81  81  81  0  81  81  0  0  81  0  0  81  0  0  81  81  81  0  0  81  81  81  81  81  81  81  81  0  81  81  0  0  81  81  0  81  0  0  81  81  81  81  81  81  81  81  81  81  81  81  81  81  81  81  81  81  81  81  0  0  81  81  81  81  81  0  81  81  81  0  81  

81  0  81  0  0  81  81  0  0  0  81  0  81  81  0  81  0  0  0  81  0  81  81  81  0  81  0  81  0  0  81  0  81  81  81  81  0  81  81  81  81  0  0  81  81  81  0  81  0  81  81  81  81  0  81  81  81  0  81  0  81  81  0  81  0  81  0  81  81  81  81  81  0  81  81  81  0  0  0  0  

0  0  81  81  0  81  0  81  81  81  81  81  81  0  0  0  81  81  81  81  81  81  81  81  81  81  81  0  81  81  81  81  0  0  0  0  81  81  81  81  81  81  0  81  0  81  0  0  0  81  81  81  0  81  0  0  81  81  81  0  81  81  0  81  0  0  81  81  81  81  81  81  81  81  0  81  81  81  0  81  

0  81  81  81  81  0  81  81  81  81  81  81  0  81  0  0  0  81  81  0  81  81  0  81  81  81  0  0  81  0  0  81  81  0  81  0  81  81  0  81  81  0  81  81  81  81  0  0  0  81  0  81  81  0  81  81  0  81  81  81  81  81  81  81  0  81  0  0  0  81  81  0  0  81  81  81  0  81  81  81  

0  0  81  0  0  81  0  0  81  0  81  81  81  81  81  81  81  0  81  0  0  81  81  0  81  81  0  0  0  0  81  0  0  81  81  81  81  81  81  81  81  81  81  0  81  81  0  81  0  81  0  81  81  0  81  81  81  81  81  81  0  0  0  81  81  81  0  81  81  81  0  0  0  81  0  81  81  0  81  0  

0  81  81  81  81  81  81  81  81  0  81  0  0  81  81  81  0  0  81  81  0  81  0  0  81  81  0  81  81  81  81  0  81  81  81  81  81  81  0  81  81  81  81  81  81  81  81  81  81  81  0  81  81  81  0  81  81  0  0  81  81  81  81  81  81  81  81  0  0  81  81  0  81  0  0  81  81  81  0  81  

81  81  81  81  81  81  81  81  0  81  0  81  81  0  0  81  81  0  81  81  81  81  0  81  81  0  0  81  0  81  81  81  81  81  81  81  81  0  81  0  81  0  81  81  0  81  81  81  81  0  0  81  0  81  81  81  0  81  0  81  81  81  81  81  0  0  0  0  81  81  81  81  0  81  81  81  81  81  81  81  

0  81  0  81  81  81  81  81  0  81  81  81  81  81  81  81  81  81  81  81  81  0  0  0  0  81  81  81  81  0  0  81  81  81  81  81  81  81  81  81  0  81  81  81  81  0  0  81  81  0  81  81  81  81  81  81  0  0  81  81  81  81  81  0  81  81  0  81  81  81  0  0  81  81  81  81  81  0  81  0  

81  0  0  81  0  81  81  81  81  0  81  81  0  0  81  81  81  81  81  81  81  81  81  0  81  0  81  0  0  0  81  0  81  81  0  81  81  81  81  81  81  81  81  81  81  0  81  81  81  81  81  81  0  0  81  81  81  81  81  81  0  81  81  81  0  81  0  81  81  81  81  81  81  81  0  81  0  0  0  81  

81  81  0  81  81  81  81  81  0  81  0  81  81  81  81  0  81  81  81  0  81  0  81  81  81  81  81  81  81  81  81  0  81  0  81  81  81  81  81  81  81  81  0  0  0  81  0  81  0  0  0  81  81  81  81  0  81  81  81  0  81  81  0  81  0  81  81  0  81  81  0  81  81  0  81  81  0  81  0  81  

81  81  81  81  81  81  81  0  0  0  81  0  81  81  81  0  81  81  0  81  0  81  81  0  81  0  81  81  81  0  81  0  0  81  81  0  81  81  81  81  0  0  81  81  81  0  81  81  81  81  81  81  81  81  81  0  81  81  81  81  81  81  81  0  0  0  81  81  81  81  81  81  81  81  81  81  81  81  81  81  

81  0  81  81  81  81  81  81  0  81  81  81  81  81  81  0  0  81  0  81  81  81  81  81  81  81  81  81  81  81  0  81  81  81  81  81  0  0  81  81  81  81  81  0  81  81  81  81  81  81  81  81  0  0  81  0  81  81  81  81  0  81  81  0  81  81  81  81  81  81  81  0  81  81  81  81  0  81  81  81  

0  81  0  81  81  0  81  81  81  81  0  81  81  0  0  81  0  0  0  81  81  81  81  81  81  81  81  0  81  81  81  81  81  81  81  81  0  0  81  0  81  0  81  81  81  81  81  81  81  81  81  81  81  81  81  81  81  81  0  81  81  0  0  81  0  0  0  81  81  81  0  81  81  81  0  81  81  81  81  81  

0  81  0  81  81  81  0  81  81  0  81  81  81  81  0  81  0  81  81  0  0  81  0  81  81  81  81  81  81  81  81  81  81  81  81  81  81  81  81  0  81  81  81  81  81  0  81  0  81  81  81  81  0  0  0  81  81  0  81  0  0  0  81  0  81  81  81  0  81  81  81  81  0  81  81  81  81  0  0  81  

0  81  81  81  81  81  81  0  0  0  81  81  0  81  0  81  81  0  81  81  81  0  81  0  81  81  81  81  81  81  0  81  0  0  81  81  81  81  0  81  81  81  0  0  81  0  81  81  0  0  81  81  81  0  81  81  81  0  81  81  81  0  81  0  81  81  81  81  0  81  0  81  81  0  81  0  81  0  0  81  

81  0  81  81  81  81  0  81  81  81  81  81  81  0  0  81  0  81  81  81  81  81  81  81  81  81  81  81  81  81  81  0  81  81  81  81  81  0  0  0  81  0  81  81  81  81  81  81  81  81  0  81  0  81  0  0  81  0  0  0  81  81  81  0  81  81  81  81  81  81  0  81  0  0  81  0  0  81  0  0  

81  81  0  81  81  81  0  0  0  81  81  81  81  81  0  0  81  81  81  81  81  81  81  81  81  81  0  0  0  81  81  81  81  81  81  81  0  81  0  81  81  81  0  0  0  81  81  81  81  81  81  0  81  81  0  81  0  0  81  81  0  81  81  81  0  81  81  81  81  81  0  81  0  81  0  81  81  0  0  0  

81  0  0  81  0  81  81  0  81  81  0  81  0  81  81  81  0  81  81  0  0  81  81  81  81  81  81  81  81  81  81  81  81  81  81  81  81  81  81  81  81  0  81  0  0  81  0  81  0  81  0  0  81  81  0  81  0  81  81  81  81  81  81  81  81  0  81  81  81  0  0  81  0  81  81  81  0  81  81  0  

81  81  0  81  0  81  0  81  81  81  0  0  81  0  81  0  81  81  81  81  81  81  81  81  81  0  81  0  81  81  81  0  81  0  81  0  81  0  0  81  0  0  81  0  81  81  81  81  81  81  81  81  81  81  81  81  81  81  81  81  81  81  81  81  81  81  81  81  0  81  0  0  81  81  0  81  81  81  0  81  

0  81  81  81  0  81  0  81  81  0  0  0  0  81  81  81  0  81  81  81  0  81  81  0  0  0  81  0  81  81  81  81  81  0  0  81  81  81  81  81  0  81  81  0  81  0  81  81  81  81  81  81  81  81  81  0  81  81  0  81  0  81  81  0  81  0  0  0  0  0  81  81  81  81  0  0  81  81  0  81  

81  81  0  0  81  81  81  0  81  0  81  81  81  81  81  81  81  81  81  0  81  81  0  81  81  81  81  0  81  0  0  81  0  81  0  81  0  81  81  81  81  81  81  81  81  0  0  81  81  81  0  81  81  81  0  0  0  81  0  81  81  81  0  81  81  81  81  81  81  0  81  81  0  0  0  81  81  81  81  81  

81  81  81  81  0  81  0  81  0  81  81  0  81  81  81  0  81  81  0  81  81  81  81  0  81  0  81  81  0  81  81  81  81  81  81  81  81  81  0  81  81  0  81  0  0  81  0  81  81  81  81  81  0  81  0  0  81  0  81  81  81  81  81  81  0  81  0  0  0  81  81  0  81  81  81  81  81  0  0  81  

81  81  0  81  0  0  81  81  0  0  0  81  0  0  81  0  0  0  0  81  0  81  0  81  0  0  0  0  81  81  81  81  0  81  81  81  81  81  0  0  0  81  81  81  0  81  81  0  0  81  81  81  81  81  81  81  0  81  81  81  0  81  81  81  81  0  0  81  81  81  81  0  81  81  0  81  81  81  81  0  

81  81  81  81  81  81  81  81  81  0  81  81  81  0  0  0  81  81  0  81  0  81  81  81  81  0  81  81  81  81  81  81  81  81  81  81  81  81  0  0  0  81  0  81  81  81  81  81  0  0  81  0  81  0  81  0  0  81  81  0  81  81  81  0  81  81  81  0  81  0  0  0  81  0  81  0  0  81  81  81  

81  0  81  81  81  81  81  81  0  81  0  81  81  81  0  81  81  81  81  81  81  81  81  0  81  81  0  81  0  81  81  0  81  81  0  81  81  81  81  81  81  81  0  81  0  81  81  81  81  81  81  81  81  81  81  81  81  81  81  81  81  81  81  81  81  0  0  81  81  81  0  81  81  81  0  81  81  0  81  81  

81  81  81  81  0  81  81  81  0  0  0  0  81  81  81  81  81  81  0  81  0  81  0  81  0  0  81  81  0  81  81  81  81  81  81  81  0  81  81  0  0  0  0  0  0  0  0  0  81  81  81  81  0  81  0  81  81  81  81  0  0  81  0  81  81  81  0  81  0  81  81  81  81  81  0  81  81  0  0  81  

0  0  0  0  81  81  81  81  81  81  81  81  81  81  81  0  81  0  81  0  81  0  81  0  0  0  81  81  81  81  81  81  81  81  81  0  81  81  81  81  81  81  81  81  81  81  0  81  81  81  81  81  0  81  81  0  81  81  0  0  81  81  81  81  0  0  81  0  81  81  81  81  0  81  81  0  0  81  81  81  

81  81  81  81  81  0  0  81  0  81  0  81  81  0  81  81  0  81  81  81  81  81  81  81  81  81  0  0  81  81  0  81  81  81  0  81  0  0  81  0  81  81  0  81  81  81  0  81  81  0  0  0  0  0  81  81  0  81  81  0  0  81  81  81  0  0  0  0  81  0  0  81  0  81  81  81  0  81  81  81  

0  81  81  0  81  81  81  81  0  81  0  81  0  0  81  81  0  0  0  81  81  81  81  81  81  81  0  0  81  81  0  81  81  81  81  81  81  81  81  81  81  81  81  81  81  81  0  81  0  0  0  81  0  81  81  0  81  81  0  81  81  81  81  81  81  81  0  0  0  81  81  81  81  0  81  81  81  81  81  81  

UnPairedArc=
1 3 
1 5 
1 6 
1 7 
1 8 
1 9 
1 10 
1 11 
1 12 
1 14 
1 16 
1 17 
1 19 
1 20 
1 21 
1 22 
1 23 
1 26 
1 27 
1 28 
1 29 
1 30 
1 32 
1 33 
1 34 
1 35 
1 36 
1 37 
1 39 
1 40 
1 41 
1 43 
1 44 
1 45 
1 46 
1 47 
1 48 
1 51 
1 52 
1 53 
1 58 
1 60 
1 61 
1 62 
1 63 
1 67 
1 68 
1 69 
1 70 
1 72 
1 73 
1 74 
1 75 
1 76 
1 77 
1 79 
2 3 
2 4 
2 6 
2 7 
2 8 
2 14 
2 15 
2 16 
2 17 
2 19 
2 20 
2 21 
2 23 
2 24 
2 26 
2 27 
2 28 
2 29 
2 32 
2 35 
2 36 
2 37 
2 38 
2 39 
2 40 
2 41 
2 44 
2 45 
2 48 
2 49 
2 50 
2 51 
2 52 
2 55 
2 57 
2 58 
2 59 
2 61 
2 62 
2 64 
2 65 
2 66 
2 68 
2 70 
2 71 
2 72 
2 73 
2 74 
2 75 
2 77 
2 79 
2 80 
3 4 
3 5 
3 7 
3 9 
3 10 
3 12 
3 13 
3 15 
3 17 
3 18 
3 20 
3 21 
3 22 
3 23 
3 24 
3 26 
3 29 
3 30 
3 32 
3 33 
3 37 
3 40 
3 41 
3 42 
3 43 
3 44 
3 45 
3 49 
3 50 
3 51 
3 52 
3 53 
3 54 
3 55 
3 56 
3 57 
3 58 
3 62 
3 63 
3 66 
3 67 
3 71 
3 73 
3 75 
3 76 
3 77 
3 79 
3 80 
4 5 
4 7 
4 8 
4 9 
4 10 
4 11 
4 13 
4 14 
4 16 
4 18 
4 19 
4 20 
4 23 
4 26 
4 27 
4 30 
4 31 
4 34 
4 35 
4 39 
4 40 
4 41 
4 42 
4 44 
4 47 
4 48 
4 49 
4 52 
4 54 
4 55 
4 57 
4 58 
4 59 
4 60 
4 61 
4 62 
4 63 
4 64 
4 65 
4 66 
4 67 
4 68 
4 69 
4 70 
4 71 
4 73 
4 74 
4 75 
4 76 
4 77 
4 79 
5 6 
5 10 
5 12 
5 13 
5 18 
5 19 
5 21 
5 22 
5 23 
5 24 
5 26 
5 29 
5 31 
5 32 
5 33 
5 36 
5 38 
5 40 
5 41 
5 42 
5 43 
5 45 
5 46 
5 47 
5 48 
5 52 
5 55 
5 57 
5 58 
5 59 
5 61 
5 62 
5 63 
5 64 
5 65 
5 66 
5 67 
5 68 
5 72 
5 75 
5 76 
5 78 
5 79 
5 80 
6 7 
6 8 
6 9 
6 10 
6 12 
6 13 
6 14 
6 15 
6 16 
6 17 
6 18 
6 19 
6 20 
6 21 
6 25 
6 26 
6 27 
6 28 
6 30 
6 31 
6 32 
6 34 
6 35 
6 36 
6 39 
6 40 
6 41 
6 42 
6 44 
6 45 
6 47 
6 48 
6 51 
6 52 
6 53 
6 54 
6 56 
6 57 
6 58 
6 59 
6 60 
6 61 
6 62 
6 63 
6 65 
6 66 
6 67 
6 68 
6 69 
6 70 
6 71 
6 72 
6 73 
6 75 
6 76 
6 77 
6 78 
6 80 
7 9 
7 10 
7 11 
7 15 
7 16 
7 17 
7 18 
7 19 
7 20 
7 21 
7 22 
7 23 
7 24 
7 25 
7 26 
7 27 
7 29 
7 32 
7 33 
7 34 
7 36 
7 38 
7 39 
7 40 
7 41 
7 42 
7 45 
7 46 
7 47 
7 48 
7 49 
7 50 
7 53 
7 55 
7 57 
7 58 
7 59 
7 60 
7 61 
7 62 
7 63 
7 64 
7 66 
7 69 
7 72 
7 74 
7 75 
7 76 
7 77 
7 78 
7 80 
8 11 
8 12 
8 13 
8 14 
8 15 
8 16 
8 18 
8 19 
8 21 
8 22 
8 23 
8 24 
8 26 
8 27 
8 28 
8 29 
8 30 
8 31 
8 32 
8 33 
8 35 
8 37 
8 38 
8 40 
8 41 
8 42 
8 43 
8 44 
8 45 
8 47 
8 48 
8 49 
8 50 
8 51 
8 52 
8 54 
8 55 
8 57 
8 58 
8 59 
8 60 
8 61 
8 63 
8 64 
8 65 
8 67 
8 70 
8 71 
8 73 
8 74 
8 75 
8 76 
8 77 
8 78 
8 79 
8 80 
9 10 
9 11 
9 12 
9 13 
9 14 
9 16 
9 17 
9 18 
9 19 
9 23 
9 25 
9 26 
9 27 
9 29 
9 31 
9 32 
9 33 
9 35 
9 39 
9 40 
9 41 
9 42 
9 43 
9 44 
9 46 
9 49 
9 51 
9 54 
9 55 
9 56 
9 57 
9 60 
9 64 
9 65 
9 67 
9 69 
9 70 
9 71 
9 72 
9 75 
9 78 
10 11 
10 14 
10 15 
10 16 
10 17 
10 19 
10 20 
10 21 
10 22 
10 23 
10 24 
10 25 
10 26 
10 28 
10 29 
10 31 
10 32 
10 33 
10 34 
10 35 
10 36 
10 37 
10 40 
10 41 
10 42 
10 43 
10 45 
10 46 
10 48 
10 49 
10 50 
10 51 
10 52 
10 54 
10 55 
10 58 
10 59 
10 61 
10 63 
10 64 
10 67 
10 68 
10 69 
10 70 
10 73 
10 76 
10 78 
10 79 
10 80 
11 13 
11 14 
11 15 
11 17 
11 18 
11 20 
11 21 
11 22 
11 23 
11 25 
11 26 
11 28 
11 31 
11 32 
11 34 
11 35 
11 36 
11 37 
11 39 
11 40 
11 43 
11 45 
11 46 
11 52 
11 53 
11 54 
11 55 
11 56 
11 57 
11 59 
11 60 
11 62 
11 63 
11 65 
11 66 
11 67 
11 68 
11 72 
11 73 
11 75 
11 78 
12 13 
12 17 
12 18 
12 19 
12 20 
12 22 
12 24 
12 25 
12 26 
12 27 
12 28 
12 30 
12 32 
12 33 
12 35 
12 36 
12 39 
12 41 
12 42 
12 43 
12 44 
12 45 
12 46 
12 48 
12 49 
12 50 
12 51 
12 52 
12 54 
12 55 
12 56 
12 58 
12 59 
12 60 
12 61 
12 63 
12 64 
12 65 
12 66 
12 67 
12 68 
12 69 
12 72 
12 74 
12 75 
12 76 
12 78 
12 79 
12 80 
13 15 
13 16 
13 17 
13 18 
13 19 
13 20 
13 21 
13 22 
13 23 
13 24 
13 26 
13 29 
13 30 
13 31 
13 33 
13 34 
13 35 
13 36 
13 37 
13 38 
13 41 
13 42 
13 43 
13 44 
13 45 
13 46 
13 47 
13 49 
13 50 
13 51 
13 53 
13 54 
13 56 
13 58 
13 59 
13 61 
13 62 
13 63 
13 64 
13 65 
13 67 
13 68 
13 70 
13 72 
13 73 
13 75 
13 76 
13 77 
13 78 
13 79 
14 15 
14 16 
14 17 
14 20 
14 22 
14 23 
14 24 
14 25 
14 26 
14 27 
14 28 
14 29 
14 30 
14 31 
14 32 
14 34 
14 35 
14 36 
14 37 
14 38 
14 43 
14 44 
14 46 
14 47 
14 48 
14 49 
14 50 
14 51 
14 52 
14 53 
14 55 
14 56 
14 57 
14 59 
14 61 
14 62 
14 63 
14 65 
14 66 
14 68 
14 69 
14 71 
14 72 
14 73 
14 76 
14 77 
14 78 
15 17 
15 18 
15 20 
15 21 
15 22 
15 23 
15 24 
15 26 
15 28 
15 29 
15 30 
15 33 
15 34 
15 35 
15 36 
15 37 
15 38 
15 41 
15 42 
15 44 
15 46 
15 47 
15 48 
15 49 
15 51 
15 52 
15 56 
15 57 
15 59 
15 60 
15 61 
15 62 
15 63 
15 69 
15 70 
15 71 
15 72 
15 73 
15 74 
15 77 
15 78 
15 79 
15 80 
16 17 
16 18 
16 20 
16 24 
16 26 
16 27 
16 28 
16 29 
16 32 
16 33 
16 34 
16 35 
16 36 
16 37 
16 38 
16 39 
16 41 
16 42 
16 44 
16 45 
16 46 
16 47 
16 48 
16 50 
16 51 
16 53 
16 56 
16 57 
16 58 
16 59 
16 60 
16 64 
16 65 
16 66 
16 67 
16 69 
16 71 
16 72 
16 76 
16 77 
16 79 
16 80 
17 21 
17 23 
17 24 
17 25 
17 27 
17 28 
17 29 
17 30 
17 33 
17 35 
17 36 
17 37 
17 39 
17 41 
17 42 
17 43 
17 44 
17 45 
17 46 
17 51 
17 54 
17 56 
17 58 
17 59 
17 60 
17 61 
17 62 
17 66 
17 68 
17 70 
17 72 
17 73 
17 75 
17 76 
17 77 
17 78 
18 20 
18 21 
18 22 
18 25 
18 26 
18 27 
18 31 
18 34 
18 35 
18 36 
18 37 
18 38 
18 39 
18 40 
18 42 
18 43 
18 44 
18 45 
18 47 
18 48 
18 49 
18 50 
18 52 
18 54 
18 55 
18 59 
18 60 
18 61 
18 62 
18 63 
18 65 
18 67 
18 68 
18 69 
18 70 
18 71 
18 72 
18 73 
18 75 
18 76 
18 77 
18 79 
19 20 
19 21 
19 22 
19 23 
19 24 
19 25 
19 27 
19 29 
19 31 
19 33 
19 35 
19 36 
19 37 
19 39 
19 40 
19 41 
19 44 
19 45 
19 46 
19 47 
19 50 
19 54 
19 55 
19 56 
19 57 
19 58 
19 59 
19 60 
19 61 
19 65 
19 66 
19 67 
19 68 
19 69 
19 70 
19 71 
19 72 
19 76 
19 78 
19 79 
20 21 
20 23 
20 25 
20 27 
20 28 
20 29 
20 30 
20 31 
20 32 
20 33 
20 36 
20 37 
20 41 
20 43 
20 45 
20 46 
20 47 
20 48 
20 49 
20 50 
20 51 
20 53 
20 54 
20 57 
20 58 
20 59 
20 60 
20 62 
20 63 
20 64 
20 66 
20 67 
20 68 
20 70 
20 71 
20 73 
20 74 
20 75 
20 76 
20 77 
20 79 
20 80 
21 22 
21 24 
21 26 
21 27 
21 28 
21 29 
21 30 
21 31 
21 32 
21 33 
21 34 
21 35 
21 37 
21 38 
21 39 
21 41 
21 43 
21 45 
21 48 
21 49 
21 50 
21 52 
21 54 
21 55 
21 58 
21 59 
21 60 
21 61 
21 63 
21 64 
21 66 
21 67 
21 68 
21 70 
21 72 
21 73 
21 76 
21 78 
21 79 
21 80 
22 23 
22 25 
22 26 
22 27 
22 28 
22 29 
22 30 
22 31 
22 32 
22 34 
22 35 
22 36 
22 37 
22 38 
22 40 
22 41 
22 42 
22 45 
22 46 
22 48 
22 49 
22 50 
22 51 
22 53 
22 54 
22 55 
22 56 
22 57 
22 58 
22 60 
22 62 
22 63 
22 64 
22 65 
22 67 
22 68 
22 69 
22 70 
22 71 
22 72 
22 73 
22 74 
22 75 
22 76 
22 77 
22 79 
22 80 
23 24 
23 27 
23 30 
23 31 
23 34 
23 35 
23 36 
23 37 
23 39 
23 41 
23 42 
23 43 
23 44 
23 45 
23 49 
23 53 
23 54 
23 56 
23 60 
23 61 
23 62 
23 63 
23 64 
23 66 
23 67 
23 68 
23 69 
23 70 
23 71 
23 73 
23 75 
23 76 
23 78 
23 79 
23 80 
24 26 
24 27 
24 28 
24 29 
24 32 
24 33 
24 34 
24 35 
24 36 
24 39 
24 40 
24 41 
24 42 
24 43 
24 44 
24 45 
24 46 
24 47 
24 49 
24 52 
24 53 
24 54 
24 55 
24 58 
24 61 
24 63 
24 64 
24 65 
24 67 
24 68 
24 69 
24 70 
24 72 
24 74 
24 75 
24 77 
24 79 
24 80 
25 26 
25 27 
25 28 
25 29 
25 31 
25 32 
25 33 
25 38 
25 41 
25 42 
25 44 
25 48 
25 49 
25 50 
25 52 
25 54 
25 55 
25 56 
25 57 
25 58 
25 60 
25 61 
25 62 
25 63 
25 64 
25 65 
25 66 
25 67 
25 68 
25 69 
25 70 
25 72 
25 73 
25 75 
25 76 
25 79 
25 80 
26 27 
26 29 
26 30 
26 32 
26 33 
26 36 
26 38 
26 39 
26 41 
26 42 
26 43 
26 44 
26 45 
26 46 
26 48 
26 51 
26 52 
26 53 
26 54 
26 55 
26 56 
26 57 
26 59 
26 61 
26 63 
26 64 
26 65 
26 66 
26 67 
26 68 
26 69 
26 72 
26 76 
26 79 
26 80 
27 28 
27 30 
27 31 
27 32 
27 34 
27 35 
27 36 
27 37 
27 39 
27 40 
27 41 
27 42 
27 44 
27 45 
27 47 
27 49 
27 50 
27 51 
27 54 
27 59 
27 60 
27 61 
27 62 
27 63 
27 64 
27 65 
27 66 
27 67 
27 69 
27 70 
27 71 
27 72 
27 73 
27 75 
27 77 
27 78 
28 30 
28 32 
28 33 
28 34 
28 35 
28 37 
28 38 
28 41 
28 42 
28 43 
28 44 
28 46 
28 47 
28 48 
28 49 
28 50 
28 53 
28 57 
28 58 
28 59 
28 61 
28 62 
28 63 
28 65 
28 66 
28 67 
28 69 
28 73 
28 75 
28 76 
28 77 
28 78 
29 30 
29 31 
29 36 
29 39 
29 41 
29 42 
29 43 
29 44 
29 45 
29 47 
29 48 
29 49 
29 50 
29 51 
29 52 
29 54 
29 55 
29 57 
29 59 
29 61 
29 62 
29 63 
29 64 
29 65 
29 66 
29 67 
29 69 
29 70 
29 71 
29 72 
29 74 
29 75 
29 78 
29 79 
29 80 
30 31 
30 34 
30 36 
30 38 
30 40 
30 41 
30 42 
30 43 
30 44 
30 47 
30 48 
30 51 
30 52 
30 54 
30 57 
30 58 
30 61 
30 63 
30 64 
30 65 
30 66 
30 67 
30 68 
30 69 
30 70 
30 71 
30 73 
30 74 
30 75 
30 76 
30 77 
30 78 
30 79 
30 80 
31 32 
31 34 
31 35 
31 36 
31 38 
31 39 
31 40 
31 42 
31 43 
31 45 
31 46 
31 48 
31 49 
31 50 
31 51 
31 52 
31 53 
31 54 
31 56 
31 57 
31 58 
31 60 
31 61 
31 62 
31 64 
31 65 
31 67 
31 68 
31 69 
31 70 
31 71 
31 73 
31 74 
31 75 
31 76 
31 77 
31 78 
32 33 
32 34 
32 35 
32 37 
32 39 
32 40 
32 41 
32 42 
32 43 
32 44 
32 46 
32 48 
32 50 
32 51 
32 52 
32 54 
32 55 
32 58 
32 59 
32 63 
32 64 
32 65 
32 66 
32 68 
32 69 
32 71 
32 72 
32 73 
32 74 
32 75 
32 77 
32 78 
32 79 
32 80 
33 34 
33 36 
33 37 
33 38 
33 39 
33 40 
33 44 
33 45 
33 47 
33 48 
33 49 
33 51 
33 52 
33 53 
33 55 
33 57 
33 58 
33 59 
33 60 
33 61 
33 63 
33 64 
33 65 
33 67 
33 68 
33 69 
33 70 
33 71 
33 73 
33 75 
33 76 
33 77 
33 78 
33 79 
33 80 
34 35 
34 36 
34 37 
34 38 
34 39 
34 41 
34 42 
34 43 
34 44 
34 46 
34 48 
34 50 
34 51 
34 52 
34 53 
34 56 
34 57 
34 58 
34 59 
34 60 
34 62 
34 63 
34 64 
34 65 
34 67 
34 68 
34 69 
34 72 
34 73 
34 74 
34 75 
34 76 
34 77 
34 78 
34 79 
34 80 
35 36 
35 37 
35 38 
35 40 
35 43 
35 44 
35 45 
35 46 
35 49 
35 50 
35 51 
35 52 
35 53 
35 55 
35 56 
35 57 
35 58 
35 59 
35 61 
35 62 
35 63 
35 64 
35 65 
35 66 
35 67 
35 68 
35 69 
35 70 
35 73 
35 74 
35 75 
35 77 
35 78 
35 80 
36 37 
36 42 
36 43 
36 44 
36 45 
36 46 
36 48 
36 49 
36 50 
36 51 
36 52 
36 53 
36 56 
36 57 
36 58 
36 59 
36 60 
36 61 
36 63 
36 64 
36 65 
36 66 
36 67 
36 68 
36 69 
36 71 
36 72 
36 73 
36 74 
36 75 
36 76 
36 77 
36 79 
36 80 
37 38 
37 39 
37 40 
37 42 
37 43 
37 44 
37 45 
37 46 
37 47 
37 49 
37 50 
37 51 
37 54 
37 55 
37 56 
37 57 
37 58 
37 59 
37 60 
37 61 
37 62 
37 65 
37 66 
37 67 
37 69 
37 70 
37 71 
37 73 
37 74 
37 75 
37 76 
37 78 
37 80 
38 40 
38 41 
38 42 
38 44 
38 45 
38 46 
38 49 
38 52 
38 53 
38 54 
38 55 
38 56 
38 57 
38 59 
38 60 
38 61 
38 62 
38 65 
38 66 
38 68 
38 69 
38 71 
38 72 
38 73 
38 74 
38 75 
38 76 
38 77 
38 78 
38 80 
39 40 
39 42 
39 45 
39 48 
39 49 
39 51 
39 52 
39 53 
39 54 
39 56 
39 58 
39 59 
39 60 
39 61 
39 62 
39 63 
39 64 
39 65 
39 69 
39 71 
39 72 
39 76 
39 77 
39 78 
39 79 
39 80 
40 41 
40 43 
40 45 
40 46 
40 47 
40 51 
40 53 
40 54 
40 55 
40 56 
40 57 
40 59 
40 60 
40 61 
40 62 
40 63 
40 66 
40 68 
40 69 
40 70 
40 71 
40 72 
40 73 
40 76 
40 78 
40 80 
41 44 
41 46 
41 47 
41 48 
41 49 
41 50 
41 53 
41 54 
41 55 
41 56 
41 57 
41 58 
41 60 
41 61 
41 63 
41 64 
41 65 
41 66 
41 67 
41 68 
41 69 
41 72 
41 73 
41 76 
41 78 
41 79 
41 80 
42 44 
42 45 
42 47 
42 49 
42 50 
42 52 
42 54 
42 56 
42 57 
42 59 
42 60 
42 61 
42 63 
42 65 
42 66 
42 68 
42 71 
42 72 
42 74 
42 75 
42 76 
42 78 
42 79 
42 80 
43 45 
43 47 
43 49 
43 50 
43 51 
43 52 
43 55 
43 56 
43 57 
43 58 
43 59 
43 60 
43 62 
43 63 
43 64 
43 65 
43 67 
43 69 
43 70 
43 71 
43 72 
43 73 
43 74 
43 78 
43 80 
44 45 
44 46 
44 49 
44 50 
44 51 
44 53 
44 54 
44 55 
44 57 
44 58 
44 59 
44 60 
44 62 
44 64 
44 65 
44 67 
44 72 
44 74 
44 75 
44 76 
44 78 
44 79 
44 80 
45 46 
45 47 
45 48 
45 49 
45 50 
45 51 
45 52 
45 53 
45 55 
45 56 
45 57 
45 59 
45 60 
45 62 
45 63 
45 64 
45 65 
45 66 
45 67 
45 70 
45 71 
45 72 
45 75 
45 78 
45 79 
45 80 
46 47 
46 48 
46 49 
46 50 
46 53 
46 54 
46 55 
46 56 
46 57 
46 58 
46 61 
46 63 
46 64 
46 67 
46 68 
46 69 
46 70 
46 73 
46 74 
46 75 
46 76 
46 78 
46 79 
46 80 
47 50 
47 57 
47 58 
47 60 
47 62 
47 63 
47 64 
47 65 
47 66 
47 67 
47 68 
47 70 
47 71 
47 74 
47 75 
47 76 
48 49 
48 52 
48 53 
48 56 
48 57 
48 58 
48 59 
48 60 
48 61 
48 62 
48 63 
48 64 
48 66 
48 67 
48 68 
48 69 
48 70 
48 71 
48 72 
48 73 
48 75 
48 76 
48 78 
48 79 
48 80 
49 50 
49 51 
49 52 
49 57 
49 58 
49 59 
49 60 
49 62 
49 63 
49 64 
49 65 
49 67 
49 68 
49 70 
49 71 
49 72 
49 73 
49 76 
49 77 
49 78 
49 79 
50 52 
50 53 
50 54 
50 55 
50 56 
50 57 
50 60 
50 62 
50 63 
50 64 
50 65 
50 67 
50 68 
50 69 
50 70 
50 71 
50 72 
50 73 
50 74 
50 76 
50 77 
50 78 
51 52 
51 53 
51 54 
51 59 
51 60 
51 62 
51 63 
51 64 
51 65 
51 66 
51 68 
51 70 
51 71 
51 73 
51 74 
51 75 
51 76 
51 77 
51 78 
52 53 
52 54 
52 55 
52 56 
52 57 
52 58 
52 59 
52 60 
52 61 
52 62 
52 63 
52 64 
52 65 
52 66 
52 67 
52 70 
52 71 
52 72 
52 73 
52 74 
52 76 
52 77 
52 78 
52 80 
53 55 
53 56 
53 57 
53 59 
53 61 
53 62 
53 64 
53 66 
53 68 
53 69 
53 70 
53 71 
53 72 
53 74 
53 75 
53 76 
54 57 
54 58 
54 59 
54 61 
54 62 
54 64 
54 67 
54 68 
54 69 
54 70 
54 71 
54 72 
54 73 
54 74 
54 76 
54 77 
54 78 
54 80 
55 56 
55 58 
55 59 
55 60 
55 61 
55 62 
55 63 
55 64 
55 66 
55 70 
55 71 
55 74 
55 75 
55 76 
55 78 
55 79 
55 80 
56 57 
56 58 
56 59 
56 60 
56 64 
56 65 
56 66 
56 68 
56 69 
56 70 
56 74 
56 76 
56 77 
56 79 
57 60 
57 61 
57 62 
57 63 
57 64 
57 65 
57 66 
57 67 
57 70 
57 71 
57 73 
57 76 
57 77 
57 78 
57 80 
58 60 
58 61 
58 62 
58 63 
58 64 
58 69 
58 70 
58 71 
58 72 
58 74 
58 75 
58 76 
58 77 
58 78 
58 79 
58 80 
59 60 
59 61 
59 62 
59 63 
59 65 
59 66 
59 68 
59 69 
59 70 
59 73 
59 74 
59 75 
59 76 
59 77 
59 79 
60 62 
60 63 
60 64 
60 66 
60 68 
60 69 
60 70 
60 71 
60 72 
60 73 
60 74 
60 76 
60 80 
61 62 
61 64 
61 66 
61 67 
61 69 
61 70 
61 72 
61 73 
61 75 
61 76 
61 78 
61 80 
62 63 
62 67 
62 68 
62 69 
62 70 
62 71 
62 72 
62 73 
62 74 
62 75 
62 76 
62 77 
62 78 
62 79 
62 80 
63 65 
63 66 
63 67 
63 68 
63 69 
63 70 
63 71 
63 73 
63 74 
63 75 
63 76 
63 78 
63 79 
63 80 
64 68 
64 69 
64 70 
64 72 
64 73 
64 74 
64 76 
64 77 
64 78 
64 79 
64 80 
65 66 
65 67 
65 69 
65 70 
65 71 
65 72 
65 74 
65 75 
65 76 
65 77 
65 80 
66 67 
66 68 
66 70 
66 72 
66 73 
66 75 
66 77 
66 80 
67 68 
67 69 
67 70 
67 72 
67 75 
67 78 
68 69 
68 70 
68 72 
68 74 
68 76 
68 77 
69 72 
69 74 
69 75 
69 76 
69 78 
69 79 
70 73 
70 74 
70 76 
70 77 
70 78 
70 80 
71 72 
71 73 
71 74 
71 77 
71 78 
71 80 
72 76 
72 77 
72 78 
72 79 
72 80 
73 74 
73 75 
73 76 
73 77 
73 80 
74 76 
74 77 
74 78 
74 79 
75 78 
75 79 
75 80 
76 77 
76 79 
76 80 
77 80 
78 79 
78 80 
79 80 
