nNodes=100;
 nPairs=1941;
Cost=

101  0  0  101  101  0  101  0  101  0  101  0  0  0  0  101  101  0  101  0  0  0  101  0  0  0  0  0  101  0  0  101  0  0  0  0  101  101  0  101  0  101  101  101  101  0  0  0  0  101  101  0  0  0  0  101  0  0  0  101  0  0  0  0  101  0  0  0  0  0  101  0  0  101  0  0  0  0  101  0  101  0  0  0  0  0  0  0  101  0  0  0  0  0  101  0  0  0  0  101  

0  101  0  0  0  0  0  101  101  0  0  101  0  101  0  101  101  101  101  0  0  0  0  101  101  0  0  101  0  0  0  101  0  0  0  0  0  101  0  0  0  0  0  0  101  0  101  0  101  101  0  0  0  101  101  101  0  0  101  0  0  101  101  0  101  0  101  0  0  101  0  0  0  101  101  0  0  101  0  0  0  0  0  0  0  0  101  0  0  0  0  0  0  101  0  0  101  101  0  0  

0  0  101  101  101  0  101  101  101  0  101  0  0  101  0  0  101  0  0  101  101  0  101  0  0  101  0  101  0  0  101  0  0  0  0  101  101  101  0  101  0  101  101  0  101  0  101  0  0  0  101  0  0  0  0  0  101  101  101  101  0  0  0  101  101  0  101  101  0  0  0  0  101  0  101  0  0  101  101  101  101  0  101  0  101  101  0  0  0  101  0  101  101  101  0  0  101  101  101  101  

101  0  101  101  0  101  0  0  101  0  101  101  0  101  0  101  0  101  0  0  0  0  0  101  0  0  101  0  0  101  0  0  0  0  101  101  101  0  0  101  101  0  0  0  0  101  0  101  101  0  0  101  0  101  0  101  0  0  0  101  0  0  0  0  101  101  101  0  0  0  0  0  101  101  0  0  101  101  101  0  101  0  0  0  0  0  0  101  101  101  0  0  0  101  101  101  101  0  0  0  

101  0  101  0  101  0  0  0  0  0  0  0  0  101  0  101  0  101  0  101  101  0  0  0  0  101  101  0  0  0  0  0  0  101  101  0  0  101  0  0  101  0  101  0  101  0  0  0  101  0  101  101  0  0  0  0  101  0  0  101  0  101  0  101  101  101  101  0  101  0  0  0  0  0  0  101  0  101  0  0  101  0  0  101  101  101  0  101  0  101  0  0  0  0  101  0  101  0  0  0  

0  0  0  101  0  101  101  0  0  101  0  0  101  0  101  0  0  101  0  0  0  0  101  101  101  0  0  0  0  0  0  101  0  0  0  0  0  0  101  0  101  0  0  0  0  0  0  101  0  0  101  0  101  0  101  0  101  0  101  101  0  0  0  101  0  0  0  0  101  0  0  101  101  0  0  0  101  0  101  101  0  101  101  101  101  0  0  101  101  101  0  0  101  101  0  0  101  0  0  101  

101  0  101  0  0  101  101  0  101  101  101  0  0  101  101  101  101  0  0  0  101  0  0  0  101  0  101  0  0  101  101  0  0  0  101  101  0  0  101  0  0  101  0  0  0  0  101  0  0  101  0  0  0  0  0  0  101  101  101  0  101  0  0  0  0  101  101  101  0  0  0  101  0  0  101  101  101  101  0  101  101  0  0  0  0  101  0  0  0  0  0  101  101  0  0  0  101  0  0  0  

0  101  101  0  0  0  0  101  101  0  101  0  0  0  0  0  0  0  0  101  0  101  101  0  0  101  101  0  101  0  0  101  0  0  0  0  0  101  101  0  0  0  101  0  101  0  101  101  0  0  101  0  0  101  0  101  0  0  0  0  0  0  101  101  0  101  101  0  0  0  0  0  0  0  0  101  0  0  0  0  0  0  0  0  0  0  101  101  0  0  0  0  0  101  0  101  0  0  0  101  

101  101  101  101  0  0  101  101  101  0  0  101  0  0  101  101  101  0  101  0  0  0  0  101  0  0  0  0  0  101  0  101  0  0  0  0  0  101  101  0  101  0  0  0  101  0  0  0  0  0  101  0  0  101  101  101  0  101  0  0  101  0  101  0  0  101  101  0  101  0  0  0  0  0  0  0  101  101  0  0  101  0  0  0  0  101  0  101  0  0  0  101  101  0  101  0  0  101  101  0  

0  0  0  0  0  101  101  0  0  101  101  0  0  101  0  0  0  101  0  0  101  101  0  101  0  0  0  101  101  0  0  0  0  0  101  0  101  0  101  101  101  101  0  0  0  101  0  0  101  0  101  0  0  101  0  101  101  101  101  0  0  101  0  0  101  0  101  0  0  0  101  0  101  101  101  0  0  0  0  0  0  0  0  0  0  101  0  101  0  101  0  0  0  101  0  0  0  0  0  101  

101  0  101  101  0  0  101  101  0  101  101  101  0  101  0  0  0  0  101  101  0  0  0  0  0  0  0  101  0  101  0  101  101  0  101  0  101  101  0  101  0  0  0  101  0  0  0  101  101  101  101  0  0  101  0  0  0  0  0  0  0  0  0  0  0  101  101  101  0  0  101  0  0  0  0  0  0  0  101  0  0  101  101  0  0  101  0  0  101  0  0  101  101  0  0  101  0  101  0  0  

0  101  0  101  0  0  0  0  101  0  101  101  0  0  0  0  0  0  0  0  0  0  0  101  101  0  0  101  101  101  0  0  101  101  101  101  101  0  101  101  101  0  0  101  0  101  101  0  101  0  101  0  0  0  101  0  0  101  101  0  101  0  0  101  101  101  101  0  0  0  0  0  0  101  0  101  0  0  0  101  0  0  101  0  101  0  0  101  0  0  0  101  0  0  101  0  101  0  0  0  

0  0  0  0  0  101  0  0  0  0  0  0  101  0  0  0  0  0  0  0  0  0  0  0  0  0  101  0  0  0  101  0  101  0  0  0  0  0  101  0  0  101  101  0  101  0  0  0  0  0  101  101  101  101  0  0  101  0  101  101  0  0  101  0  101  101  101  101  0  101  101  101  0  101  101  101  101  101  0  0  0  101  0  0  0  101  0  0  0  101  0  101  0  101  101  0  0  0  101  0  

0  101  101  101  101  0  101  0  0  101  101  0  0  101  101  101  101  0  101  101  101  101  101  101  0  101  0  0  0  0  0  0  101  0  101  101  101  101  0  101  0  101  0  0  0  0  101  101  0  0  101  101  101  0  0  101  101  0  0  101  101  0  0  0  101  101  0  101  101  101  0  0  0  0  0  101  0  0  101  0  0  0  0  0  0  101  101  0  101  101  0  0  0  0  101  0  0  0  0  101  

0  0  0  0  0  101  101  0  101  0  0  0  0  101  101  101  0  0  101  0  0  101  101  0  0  101  0  0  101  101  101  0  101  101  0  101  101  0  0  0  101  0  0  0  101  0  0  101  0  0  101  0  0  0  101  101  0  101  0  101  101  0  101  0  101  0  0  0  0  0  0  0  101  101  101  0  101  0  0  101  101  101  0  0  101  0  0  0  101  0  101  0  0  101  0  0  101  101  101  101  

101  101  0  101  101  0  101  0  101  0  0  0  0  101  101  101  101  101  0  101  101  101  0  0  0  101  0  101  0  0  101  101  0  101  0  0  0  0  101  0  101  101  101  0  0  0  0  101  101  0  101  0  101  0  0  101  101  101  101  101  0  101  101  0  101  0  101  101  101  0  0  0  101  0  101  101  101  0  101  101  0  101  101  101  101  0  101  0  101  101  101  101  0  101  0  101  101  101  101  0  

101  101  101  0  0  0  101  0  101  0  0  0  0  101  0  101  101  0  101  0  101  101  101  0  0  0  101  101  101  101  101  101  101  101  0  101  101  0  0  101  0  101  0  0  0  0  0  101  0  0  0  101  0  101  101  0  101  101  0  0  101  0  0  101  101  0  0  0  101  0  0  101  0  0  101  0  0  0  0  0  101  0  0  0  0  0  101  101  0  101  101  101  0  0  101  0  0  0  0  101  

0  101  0  101  101  101  0  0  0  101  0  0  0  0  0  101  0  101  101  0  101  0  101  0  101  0  0  101  0  101  0  101  0  101  0  101  101  0  0  0  0  101  0  0  0  0  101  101  0  101  0  0  0  101  0  0  0  0  0  101  0  0  101  0  101  0  0  101  0  101  0  0  0  101  101  0  0  0  0  0  0  0  0  101  0  0  101  0  0  0  101  101  0  101  0  101  0  0  0  0  

101  101  0  0  0  0  0  0  101  0  101  0  0  101  101  0  101  101  101  0  0  101  0  0  0  0  101  101  0  101  0  0  101  0  0  0  0  101  101  101  101  0  101  0  0  101  0  101  0  101  0  0  0  0  0  0  101  101  0  101  0  101  0  0  101  0  0  0  101  0  101  101  0  0  0  101  101  0  101  101  0  0  0  0  0  0  0  0  0  101  0  0  0  0  0  101  0  0  0  0  

0  0  101  0  101  0  0  101  0  0  101  0  0  101  0  101  0  0  0  101  0  0  0  101  0  101  0  0  0  0  101  101  0  0  101  101  0  0  101  101  101  101  101  0  0  0  0  101  0  0  0  0  0  0  101  101  0  101  0  101  0  101  0  101  0  0  0  0  0  101  101  0  0  0  101  0  0  101  101  101  0  0  0  101  0  101  101  0  0  101  0  101  101  101  0  101  0  101  0  101  

0  0  101  0  101  0  101  0  0  101  0  0  0  101  0  101  101  101  0  0  101  101  101  0  101  0  0  0  0  101  0  101  0  101  101  0  101  0  101  101  101  0  101  0  101  101  0  101  101  101  0  101  0  0  0  0  0  0  0  0  0  0  0  0  101  0  0  101  101  0  101  0  101  0  0  0  101  0  0  101  0  0  101  0  0  0  101  0  101  0  101  0  101  0  0  0  0  101  0  101  

0  0  0  0  0  0  0  101  0  101  0  0  0  101  101  101  101  0  101  0  101  101  101  0  0  0  0  0  0  0  101  101  0  0  101  0  0  0  101  0  101  0  0  0  0  101  0  101  101  101  101  0  0  0  101  0  0  0  0  0  0  0  0  0  0  101  0  101  0  0  0  0  0  0  0  0  0  0  101  0  101  0  0  101  101  101  101  0  101  0  101  101  101  101  0  0  101  0  0  101  

101  0  101  0  0  101  0  101  0  0  0  0  0  101  101  0  101  101  0  0  101  101  101  101  0  0  0  0  101  101  0  0  0  101  101  0  0  0  0  0  0  101  0  0  0  101  101  101  0  101  0  0  0  101  0  0  0  0  101  0  101  0  0  0  0  101  101  0  101  0  0  0  0  0  0  0  0  101  0  101  0  0  0  0  101  0  0  0  101  101  0  0  101  0  0  0  101  0  101  0  

0  101  0  101  0  101  0  0  101  101  0  101  0  101  0  0  0  0  0  101  0  0  101  101  0  101  101  0  0  0  0  0  0  0  101  101  0  0  101  0  0  0  0  0  0  0  101  101  101  101  0  0  101  0  0  0  0  0  0  101  101  0  0  0  0  0  101  101  0  0  0  0  101  0  0  0  0  0  101  101  101  0  0  101  0  0  0  101  0  0  0  0  101  101  101  0  101  101  0  101  

0  101  0  0  0  101  101  0  0  0  0  101  0  0  0  0  0  101  0  0  101  0  0  0  101  0  0  101  101  101  0  101  0  101  0  0  0  101  0  101  101  0  0  0  0  0  101  101  0  0  101  101  0  101  0  101  0  101  0  101  0  0  0  0  101  101  0  0  101  101  0  101  0  0  101  0  0  0  101  0  101  0  0  101  101  101  0  0  101  0  0  101  0  101  101  101  101  101  0  101  

0  0  101  0  101  0  0  101  0  0  0  0  0  101  101  101  0  0  0  101  0  0  0  101  0  101  0  0  0  0  0  0  0  101  0  0  0  0  0  101  0  101  0  101  0  0  0  0  0  0  0  101  101  101  0  0  101  0  0  101  0  101  0  101  0  0  0  101  101  0  0  101  0  0  0  0  101  101  101  0  101  0  0  0  0  101  0  0  0  101  0  0  0  0  0  101  101  101  0  0  

0  0  0  101  101  0  101  101  0  0  0  0  101  0  0  0  101  0  101  0  0  0  0  101  0  0  101  0  101  0  0  101  0  0  0  101  101  0  0  0  101  101  101  0  101  0  101  0  0  0  101  0  101  0  101  101  0  101  0  0  0  0  0  0  0  101  0  101  0  0  0  101  0  101  101  101  101  0  0  0  101  0  101  0  0  101  101  0  0  0  0  0  0  101  0  101  101  0  0  101  

0  101  101  0  0  0  0  0  0  101  101  101  0  0  0  101  101  101  101  0  0  0  0  0  101  0  0  101  101  101  0  0  101  101  101  101  0  0  101  101  101  0  0  101  101  0  0  0  101  0  0  101  0  101  0  0  101  0  0  101  101  0  0  0  0  0  0  0  101  0  101  101  0  101  101  0  101  101  0  101  0  0  0  0  101  0  101  101  101  101  0  0  0  101  101  0  101  101  101  0  

101  0  0  0  0  0  0  101  0  101  0  101  0  0  101  0  101  0  0  0  0  0  101  0  101  0  101  101  101  101  0  101  0  0  101  101  0  101  0  0  0  101  101  101  101  0  101  0  101  0  101  101  0  0  0  0  101  0  0  0  0  0  0  0  101  0  0  101  0  0  101  101  0  0  0  101  101  101  0  101  101  0  101  101  101  0  101  0  101  0  101  101  101  101  0  0  101  101  0  101  

0  0  0  101  0  0  101  0  101  0  101  101  0  0  101  0  101  101  101  0  101  0  101  0  101  0  0  101  101  101  101  0  0  0  101  0  0  101  101  0  0  101  0  0  0  101  101  0  0  0  0  0  101  0  0  101  0  0  0  0  101  101  101  101  101  0  0  101  0  101  101  101  0  0  0  101  0  0  0  0  0  101  0  0  0  0  101  0  101  0  101  0  101  0  101  101  0  101  0  0  

0  0  101  0  0  0  101  0  0  0  0  0  101  0  101  101  101  0  0  101  0  101  0  0  0  0  0  0  0  101  101  0  0  101  101  101  0  101  0  0  101  0  0  0  101  0  0  101  0  101  101  101  0  101  101  0  0  0  0  101  0  0  0  101  0  101  0  101  101  101  101  101  0  0  0  101  101  0  0  0  0  0  101  101  0  0  0  0  0  101  101  0  0  101  0  0  101  101  101  0  

101  101  0  0  0  101  0  101  101  0  101  0  0  0  0  101  101  101  0  101  101  101  0  0  101  0  101  0  101  0  0  101  101  0  101  0  0  101  0  0  101  101  0  0  0  0  0  0  0  0  101  0  0  0  0  101  101  101  0  0  0  101  0  0  0  0  101  0  0  101  0  101  101  101  0  0  0  0  0  0  0  101  0  101  0  101  0  101  0  0  101  0  0  101  0  0  0  101  101  101  

0  0  0  0  0  0  0  0  0  0  101  101  101  101  101  0  101  0  101  0  0  0  0  0  0  0  0  101  0  0  0  101  101  101  101  0  101  0  0  101  101  0  0  101  0  101  101  101  0  101  101  0  0  101  0  0  0  0  0  0  101  0  101  101  101  0  101  0  101  0  0  101  0  101  101  101  101  101  0  101  0  101  101  0  101  0  0  0  0  101  0  0  0  0  0  101  0  101  0  0  

0  0  0  0  101  0  0  0  0  0  0  101  0  0  101  101  101  101  0  0  101  0  101  0  101  101  0  101  0  0  101  0  101  101  0  0  0  0  101  101  0  101  0  0  0  0  101  0  0  0  0  0  101  0  101  101  0  0  0  0  101  101  101  0  0  0  101  0  0  101  101  0  101  0  101  101  101  101  0  0  101  101  101  101  101  0  0  101  0  101  0  101  0  101  101  101  0  0  101  101  

0  0  0  101  101  0  101  0  0  101  101  101  0  101  0  0  0  0  0  101  101  101  101  101  0  0  0  101  101  101  101  101  101  0  101  0  0  0  0  101  0  0  101  101  101  101  0  101  0  0  0  0  101  0  101  101  0  0  0  0  101  0  101  0  101  101  0  101  101  0  101  101  101  0  0  101  0  0  101  0  0  0  0  0  0  0  101  0  101  0  0  0  0  0  0  0  0  101  0  0  

0  0  101  101  0  0  101  0  0  0  0  101  0  101  101  0  101  101  0  101  0  0  0  101  0  0  101  101  101  0  101  0  0  0  0  101  0  0  0  0  0  0  101  0  101  0  101  101  0  0  0  0  0  0  101  0  0  0  0  101  0  0  101  101  0  0  0  0  0  0  0  101  101  101  101  101  101  101  0  101  101  0  0  101  0  101  0  0  101  0  0  0  101  0  101  101  101  101  0  101  

101  0  101  101  0  0  0  0  0  101  101  101  0  101  101  0  101  101  0  0  101  0  0  0  0  0  101  0  0  0  0  0  101  0  0  0  101  0  0  0  101  0  101  0  0  0  0  0  0  101  0  101  101  0  101  0  0  0  0  0  0  0  0  0  101  0  0  0  0  0  0  0  0  101  0  0  101  0  0  0  0  101  0  0  0  101  0  0  101  0  0  101  0  0  0  101  0  101  101  0  

101  101  101  0  101  0  0  101  101  0  101  0  0  101  0  0  0  0  101  0  0  0  0  0  101  0  0  0  101  101  101  101  0  0  0  0  0  101  101  0  0  0  0  101  101  101  0  0  0  0  0  0  0  0  0  0  0  0  0  101  0  0  0  0  101  101  101  0  101  0  0  101  101  0  101  0  0  0  0  101  101  0  101  0  0  0  0  101  0  101  0  0  101  0  101  0  101  0  101  0  

0  0  0  0  0  101  101  101  101  101  0  101  101  0  0  101  0  0  101  101  101  101  0  101  0  0  0  101  0  101  0  0  0  101  0  0  0  101  101  101  101  0  101  0  0  0  0  0  0  101  0  101  0  101  0  0  0  0  101  0  0  0  101  0  101  101  101  0  0  101  0  0  0  101  101  0  0  101  0  101  101  0  0  0  0  101  0  101  0  0  0  0  0  101  0  0  101  0  101  0  

101  0  101  101  0  0  0  0  0  101  101  101  0  101  0  0  101  0  101  101  101  0  0  0  101  101  0  101  0  0  0  0  101  101  101  0  0  0  101  101  0  0  0  0  101  0  0  0  101  0  101  101  101  0  101  0  101  0  0  0  101  0  0  101  0  0  101  0  101  101  101  101  0  101  101  0  0  0  0  0  101  101  101  101  0  0  0  0  101  101  0  101  101  0  0  101  0  101  101  101  

0  0  0  101  101  101  0  0  101  101  0  101  0  0  101  101  0  0  101  101  101  101  0  0  101  0  101  101  0  0  101  101  101  0  0  0  101  0  101  0  101  0  0  0  0  0  101  0  101  0  0  101  0  101  0  0  101  0  0  0  0  0  0  0  101  0  0  0  0  101  0  101  0  101  0  0  0  101  0  101  0  0  101  0  0  0  0  0  0  101  0  0  101  101  0  0  0  0  101  0  

101  0  101  0  0  0  101  0  0  101  0  0  101  101  0  101  101  101  0  101  0  0  101  0  0  101  101  0  101  101  0  101  0  101  0  0  0  0  0  0  0  101  101  0  0  101  0  0  101  0  101  101  101  101  0  0  101  0  0  0  101  101  101  101  0  0  101  101  101  0  0  0  0  101  101  0  0  0  101  0  101  0  0  0  0  0  0  0  0  101  101  101  101  0  101  101  101  0  0  0  

101  0  101  0  101  0  0  101  0  0  0  0  101  0  0  101  0  0  101  101  101  0  0  0  0  0  101  0  101  0  0  0  0  0  101  101  101  0  101  0  0  101  101  0  0  101  0  0  0  0  0  0  0  0  0  0  0  101  101  0  0  0  0  101  101  0  101  101  0  0  0  0  101  101  101  101  101  101  101  101  101  0  101  101  101  101  0  101  0  0  0  101  101  0  101  0  0  101  101  0  

101  0  0  0  0  0  0  0  0  0  101  101  0  0  0  0  0  0  0  0  0  0  0  0  0  101  0  101  101  0  0  0  101  0  101  0  0  101  0  0  0  0  0  101  0  101  101  0  0  101  0  101  0  0  101  0  101  0  0  0  101  0  101  101  0  101  0  101  101  0  0  0  101  0  101  0  0  0  0  101  0  101  101  0  0  0  0  0  0  0  101  0  0  0  101  101  0  101  101  101  

101  101  101  0  101  0  0  101  101  0  0  0  101  0  101  0  0  0  0  0  101  0  0  0  0  0  101  101  101  0  101  0  0  0  101  101  0  101  0  101  0  0  0  0  101  0  0  0  101  101  0  0  0  101  0  0  0  101  0  0  0  0  101  101  0  101  101  0  0  0  0  0  101  0  101  101  101  101  0  101  0  0  101  0  101  101  101  0  0  101  0  101  101  101  0  0  0  101  101  0  

0  0  0  101  0  0  0  0  0  101  0  101  0  0  0  0  0  0  101  0  101  101  101  0  0  0  0  0  0  101  0  0  101  0  101  0  0  101  0  0  0  101  101  101  0  101  0  101  0  0  101  101  101  0  101  101  0  0  0  101  0  101  0  0  101  0  101  0  0  0  0  0  0  101  101  0  0  0  0  0  0  0  0  0  101  101  101  0  101  0  0  0  0  0  101  101  101  101  0  0  

0  101  101  0  0  0  101  101  0  0  0  101  0  101  0  0  0  101  0  0  0  0  101  101  101  0  101  0  101  101  0  0  101  101  0  101  0  0  0  0  101  0  0  101  0  0  101  0  101  101  0  101  101  101  0  0  101  101  0  0  0  0  0  0  0  101  0  0  0  0  101  0  101  0  101  0  101  0  101  101  0  101  101  0  0  101  0  101  0  101  0  101  101  101  0  101  101  101  0  101  

0  0  0  101  0  101  0  101  0  0  101  0  0  101  101  101  101  101  101  101  101  101  101  101  101  0  0  0  0  0  101  0  101  0  101  101  0  0  0  0  0  0  0  0  0  101  0  101  101  101  101  0  101  0  0  0  101  0  0  101  0  101  101  0  0  0  101  0  0  101  0  101  0  0  0  0  101  0  0  0  0  101  101  0  0  101  101  101  0  101  101  0  0  0  101  101  101  0  101  0  

0  101  0  101  101  0  0  0  0  101  101  101  0  0  0  101  0  0  0  0  101  101  0  101  0  0  0  101  101  0  0  0  0  0  0  0  0  0  0  101  101  101  0  0  101  0  101  101  101  101  0  101  0  0  0  0  0  101  0  0  101  101  0  0  101  0  101  101  101  0  101  101  0  0  101  0  101  0  101  0  0  0  0  101  101  0  0  101  0  0  0  0  0  101  0  0  0  101  0  0  

101  101  0  0  0  0  101  0  0  0  101  0  0  0  0  0  0  101  101  0  101  101  101  101  0  0  0  0  0  0  101  0  101  0  0  0  101  0  101  0  0  0  0  101  101  0  101  101  101  101  0  101  101  101  0  101  101  0  101  0  0  101  0  0  0  0  0  0  101  101  101  101  101  101  0  101  0  101  0  0  101  101  0  0  101  101  0  0  0  0  0  101  0  101  101  0  0  0  101  0  

101  0  101  0  101  101  0  101  101  101  101  101  101  101  101  101  0  0  0  0  0  101  0  0  101  0  101  0  101  0  101  101  101  0  0  0  0  0  0  101  0  101  0  0  0  101  0  101  0  0  101  101  0  101  101  0  0  101  0  0  0  0  101  0  101  101  101  0  0  0  101  0  0  0  101  101  0  101  0  0  101  101  101  0  0  101  0  0  101  101  0  101  0  0  101  101  0  0  0  0  

0  0  0  101  101  0  0  0  0  0  0  0  101  101  0  0  101  0  0  0  101  0  0  0  101  101  0  101  101  0  101  0  0  0  0  0  101  0  101  101  101  101  0  101  0  101  101  0  101  101  101  101  0  0  0  0  0  0  0  0  101  0  0  0  0  0  0  0  0  0  0  101  101  0  0  101  101  0  0  101  0  0  0  0  0  0  101  101  101  0  0  0  0  101  0  0  0  0  0  0  

0  0  0  0  0  101  0  0  0  0  0  0  101  101  0  101  0  0  0  0  0  0  0  101  0  101  101  0  0  101  0  0  0  101  101  0  101  0  0  101  0  101  0  0  0  101  101  101  0  101  0  0  101  0  0  0  0  101  101  0  101  101  0  0  0  0  101  101  0  101  0  101  0  101  0  0  0  101  101  0  0  101  0  101  0  101  101  101  0  101  101  0  101  0  0  101  0  0  101  0  

0  101  0  101  0  0  0  101  101  101  101  0  101  0  0  0  101  101  0  0  0  0  101  0  101  101  0  101  0  0  101  0  101  0  0  0  0  0  101  0  101  101  0  0  101  0  101  0  0  101  101  0  0  101  0  101  0  0  0  101  0  101  0  101  0  101  0  0  0  101  0  101  0  0  0  0  0  101  101  0  101  101  0  0  101  0  101  0  101  0  0  0  101  0  0  101  0  0  0  0  

0  101  0  0  0  101  0  0  101  0  0  101  0  0  101  0  101  0  0  101  0  101  0  0  0  0  101  0  0  0  101  0  0  101  101  101  101  0  0  101  0  0  0  101  0  101  0  0  0  0  101  0  0  0  101  0  101  101  101  0  0  0  0  0  101  0  0  101  0  0  101  0  0  0  101  101  101  0  0  0  0  0  101  0  101  0  101  101  0  101  0  101  0  0  0  0  0  0  101  0  

101  101  0  101  0  0  0  101  101  101  0  0  0  101  101  101  0  0  0  101  0  0  0  0  101  0  101  0  0  101  0  101  0  101  101  0  0  0  0  0  0  0  0  0  0  101  0  0  0  101  0  0  0  101  0  101  0  0  0  0  101  0  0  0  101  101  0  0  0  101  0  0  0  0  0  101  101  0  0  0  0  101  0  0  101  0  0  0  101  0  0  101  101  0  0  101  0  101  101  101  

0  0  101  0  101  101  101  0  0  101  0  0  101  101  0  101  101  0  101  0  0  0  0  0  0  101  0  101  101  0  0  101  0  0  0  0  0  0  0  101  101  101  0  101  0  0  101  101  0  101  0  0  0  0  101  0  101  0  0  0  0  0  0  0  0  101  0  101  0  101  0  0  0  101  0  0  0  0  0  0  0  101  0  0  0  0  101  101  0  0  0  0  101  101  101  101  0  0  101  0  

0  0  101  0  0  0  101  0  101  101  0  101  0  0  101  101  101  0  101  101  0  0  0  0  101  0  101  0  0  0  0  101  0  0  0  0  0  0  0  0  0  0  101  0  101  0  101  0  101  0  101  0  101  0  101  0  0  101  0  0  101  0  101  0  0  0  0  0  0  0  0  0  101  101  0  0  0  0  101  0  0  101  101  0  0  0  0  0  0  0  0  0  0  0  101  0  101  0  101  101  

0  101  101  0  0  101  101  0  0  101  0  101  101  0  0  101  0  0  0  0  0  0  101  0  0  0  0  0  0  0  0  0  0  0  0  0  0  0  101  0  0  0  101  0  0  0  0  0  0  101  0  0  101  0  101  0  0  0  101  0  101  0  0  101  0  101  0  0  101  0  101  0  0  101  101  0  101  0  101  101  0  0  101  0  0  0  0  0  0  101  0  101  101  101  101  0  101  101  0  0  

101  0  101  101  101  101  0  0  0  0  0  0  101  101  101  101  0  101  101  101  0  0  0  101  101  101  0  101  0  0  101  0  0  0  0  101  0  101  0  0  0  0  0  0  0  101  0  101  0  0  0  0  0  101  0  0  0  0  0  101  0  0  101  0  0  0  0  0  0  101  0  0  0  0  0  0  0  0  0  101  101  0  0  101  101  101  101  0  101  101  101  0  0  101  0  101  101  101  0  101  

0  0  0  0  0  0  101  0  101  0  0  101  0  101  101  0  101  0  0  0  0  0  101  101  0  0  0  101  0  101  0  0  101  101  101  0  0  0  0  101  0  101  0  101  0  0  0  0  101  0  0  101  101  0  0  101  0  101  101  0  101  0  0  101  0  0  101  0  0  0  0  101  101  101  0  0  0  0  0  101  0  0  101  101  0  101  0  101  0  0  0  0  0  0  0  101  101  101  0  101  

0  101  0  0  101  0  0  0  0  101  0  0  0  0  0  101  0  0  101  101  0  0  0  0  0  101  0  0  0  101  0  101  0  101  0  0  0  0  0  0  0  101  0  0  0  101  0  101  101  101  0  0  101  101  0  0  0  0  0  0  0  101  101  0  0  0  0  0  101  0  101  0  0  101  0  101  0  0  101  0  0  0  0  0  101  0  0  101  0  0  0  0  0  0  0  101  0  101  0  101  

0  101  0  0  0  0  0  101  101  0  0  0  101  0  101  101  0  101  0  0  0  0  0  0  0  0  0  0  0  101  0  0  101  101  101  101  0  0  101  0  0  101  0  101  101  0  0  101  0  0  101  0  0  0  0  0  0  101  0  101  0  101  101  101  101  101  101  0  101  0  101  0  101  101  101  0  101  0  101  0  0  101  0  0  0  0  0  0  0  0  0  0  101  0  0  0  0  101  0  0  

0  0  101  0  101  101  0  101  0  0  0  101  0  0  0  0  101  0  0  101  0  0  0  0  0  101  0  0  0  101  101  0  101  0  0  101  0  0  0  101  0  101  101  101  101  0  0  0  0  0  0  0  0  101  0  0  0  0  101  0  101  0  101  101  101  101  101  101  0  101  101  101  0  0  101  101  101  0  101  101  101  101  0  101  101  101  101  101  0  0  0  101  101  101  0  101  101  101  0  101  

101  101  101  101  101  0  0  0  0  101  0  101  101  101  101  101  101  101  101  0  101  0  0  0  101  0  0  0  101  101  0  0  101  0  101  0  101  101  101  0  101  0  101  0  0  101  0  0  101  0  101  0  0  0  101  101  0  0  0  0  0  0  101  101  101  101  0  0  101  0  101  0  0  101  101  101  101  0  101  0  0  0  101  0  101  101  101  101  101  101  101  101  0  0  101  101  101  0  101  0  

0  0  0  101  101  0  101  101  101  0  101  101  101  101  0  0  0  0  0  0  0  101  101  0  101  0  101  0  0  0  101  0  0  0  101  0  0  101  101  0  0  0  0  101  101  0  101  0  0  0  101  0  0  101  0  101  101  0  101  0  0  0  101  101  101  101  0  101  0  101  0  101  101  0  0  101  0  101  0  101  101  0  101  101  0  0  0  0  101  0  0  101  101  101  0  101  0  0  101  0  

0  101  101  101  101  0  101  101  101  101  101  101  101  0  0  101  0  0  0  0  0  0  101  101  0  0  0  0  0  0  0  101  101  101  0  0  0  101  101  101  0  101  101  0  101  101  0  101  101  0  101  0  101  0  0  0  0  0  0  0  101  0  101  101  0  0  101  0  0  101  101  101  101  0  101  0  101  101  0  101  0  0  101  0  101  0  101  0  0  101  0  0  0  0  0  0  0  101  101  0  

0  0  101  0  0  0  101  0  0  0  101  0  101  101  0  101  0  101  0  0  101  101  0  101  0  101  101  0  101  101  101  0  0  0  101  0  0  0  0  0  0  101  101  101  0  0  0  0  101  0  0  0  101  0  101  0  101  0  0  0  0  0  0  101  0  101  0  101  101  0  101  101  0  0  101  101  0  0  101  0  0  0  101  101  0  101  0  0  0  0  101  0  0  0  0  101  101  0  0  101  

0  0  0  0  101  101  0  0  101  0  0  0  0  101  0  101  101  0  101  0  101  0  101  0  101  101  0  101  0  0  101  0  101  0  101  0  0  101  0  101  0  101  0  101  0  0  0  0  101  101  0  0  0  0  0  0  0  0  101  0  0  101  101  0  101  0  0  101  101  0  0  101  101  0  0  0  0  101  101  101  0  0  0  101  101  0  0  101  101  101  0  0  0  0  0  0  101  101  0  0  

0  101  0  0  0  0  0  0  0  0  0  0  101  101  0  0  0  101  0  101  0  0  0  0  101  0  0  0  0  101  101  101  0  101  0  0  0  0  101  101  101  0  0  0  0  0  0  101  0  101  0  0  101  101  0  101  101  0  0  101  0  0  0  101  0  101  101  0  0  101  0  0  101  0  0  0  101  101  0  0  0  0  0  101  0  0  0  101  0  0  0  101  101  0  0  0  0  0  101  0  

101  0  0  0  0  0  0  0  0  101  101  0  101  0  0  0  0  0  101  101  101  0  0  0  0  0  0  101  101  101  101  0  0  101  101  0  0  0  0  101  0  0  0  0  0  0  101  0  101  101  101  0  0  0  101  0  0  0  101  0  0  101  101  101  101  0  101  101  0  0  101  101  0  101  0  101  101  101  0  101  0  101  0  0  101  0  0  101  101  0  0  0  0  0  101  0  101  0  0  0  

0  0  0  0  0  101  101  0  0  0  0  0  101  0  0  0  101  0  101  0  0  0  0  0  101  101  101  101  101  101  101  101  101  0  101  101  0  101  0  101  101  0  0  0  0  0  0  101  101  101  0  101  101  101  0  0  0  0  0  0  101  0  0  101  0  101  101  101  101  0  101  101  0  0  101  101  101  0  101  0  0  101  0  0  0  101  0  0  0  101  0  0  0  101  0  0  0  0  0  101  

0  0  101  101  0  101  0  0  0  101  0  0  0  0  101  101  0  0  0  0  101  0  0  101  0  0  0  0  0  0  0  101  0  101  101  101  0  101  0  0  0  0  101  101  101  0  101  0  0  101  0  101  0  0  0  0  0  101  0  0  101  0  101  0  0  101  101  0  101  101  0  0  101  0  0  101  101  101  0  0  0  0  0  0  101  101  101  0  0  0  0  101  0  0  101  0  0  0  0  101  

101  101  0  101  0  0  0  0  0  101  0  101  101  0  101  0  0  101  0  0  0  0  0  0  0  0  101  101  0  0  0  101  101  0  0  101  101  0  101  101  101  101  101  0  0  101  0  0  0  101  0  0  101  0  0  0  101  101  101  0  101  101  101  0  101  0  0  0  0  0  101  0  0  101  101  0  101  0  0  101  0  0  101  0  101  0  0  0  101  0  101  0  101  0  101  0  101  101  0  101  

0  101  101  0  0  0  101  0  0  101  0  0  101  0  101  101  101  101  0  101  0  0  0  0  101  0  101  101  0  0  0  0  101  101  0  101  0  101  101  101  0  101  101  101  101  101  101  0  101  0  101  0  0  0  101  0  0  0  101  0  0  0  101  101  101  0  101  101  0  0  0  101  0  101  101  0  0  0  101  101  101  101  101  101  0  101  0  101  101  0  0  0  101  101  0  0  101  0  0  101  

0  0  0  0  101  0  101  101  0  0  0  101  101  101  0  101  0  0  101  0  0  0  0  0  0  0  101  0  101  101  101  0  101  101  101  101  0  0  0  0  0  0  101  0  101  0  0  0  0  101  101  101  0  0  101  101  0  0  0  0  0  101  0  101  101  101  0  101  0  0  101  101  101  0  0  101  0  0  0  0  101  0  0  0  101  101  101  0  0  101  0  101  0  0  101  101  0  0  0  101  

0  0  0  101  0  101  101  0  101  0  0  0  101  0  101  101  0  0  101  0  101  0  0  0  0  101  101  101  101  0  101  0  101  101  0  101  101  0  0  0  0  0  101  0  101  0  101  101  101  0  0  101  0  0  101  101  0  0  101  0  0  0  101  101  101  0  101  0  0  101  101  101  101  101  0  0  101  101  0  101  0  101  101  0  0  0  0  0  101  101  101  101  101  0  0  101  101  101  0  0  

0  101  101  101  101  0  101  0  101  0  0  0  101  0  0  0  0  0  0  101  0  0  101  0  0  101  0  101  101  0  0  0  101  101  0  101  0  0  101  0  101  0  101  0  101  0  0  0  0  101  101  0  101  101  0  0  0  0  0  0  0  0  0  0  0  101  101  0  101  101  101  0  101  0  0  0  101  101  0  0  101  0  101  0  101  101  0  0  0  101  0  0  0  101  0  101  0  0  0  0  

101  0  101  101  0  101  0  0  0  0  101  0  0  101  0  101  0  0  101  101  0  101  0  101  101  101  0  0  0  0  0  0  0  0  101  0  0  0  0  0  0  101  101  0  0  0  101  0  101  0  0  0  101  101  0  0  0  101  101  0  0  101  101  101  101  0  0  101  101  0  0  101  0  0  101  0  0  0  101  0  0  0  0  0  0  0  0  0  101  0  0  0  101  0  101  0  0  0  101  101  

0  0  101  0  0  101  101  0  0  0  0  101  0  0  101  101  0  0  101  101  101  0  101  101  0  0  0  101  101  0  0  0  101  0  0  101  0  101  101  0  101  0  101  101  101  0  101  0  0  0  0  101  0  0  0  0  0  0  101  101  101  0  0  101  0  101  101  0  101  0  101  0  0  101  101  0  101  0  0  101  0  0  101  0  0  0  0  101  101  0  0  101  101  101  101  101  0  0  101  0  

101  0  101  101  101  0  101  0  101  0  0  0  0  0  101  0  101  0  0  0  0  101  0  101  101  101  101  0  101  0  0  0  0  101  0  101  0  101  101  101  0  101  101  0  0  0  0  0  0  101  101  0  0  101  0  0  0  0  0  101  0  0  0  101  0  101  0  0  0  0  0  0  0  0  101  101  0  101  0  0  101  0  0  0  0  0  0  0  101  0  0  101  101  0  0  0  0  101  0  101  

0  0  0  0  0  101  0  0  0  0  101  0  101  0  101  101  0  0  0  0  0  0  0  0  0  0  0  0  0  101  0  101  101  101  0  0  101  0  0  101  0  0  0  101  0  0  101  101  0  101  101  0  101  101  0  101  101  101  0  0  0  0  101  101  0  0  0  0  0  0  101  101  0  0  101  0  101  0  0  0  0  101  0  0  101  101  0  101  0  0  0  0  0  0  101  0  101  0  0  0  

0  0  101  0  0  101  0  0  0  0  101  101  0  0  0  101  0  0  0  0  101  0  0  0  0  0  101  0  101  0  101  0  101  101  0  0  0  101  0  101  101  0  101  101  101  0  101  101  0  0  101  0  0  0  101  0  0  101  101  0  101  0  0  0  101  101  101  101  0  0  0  0  0  101  101  0  101  101  0  101  0  0  101  101  101  0  0  0  101  0  0  0  101  0  0  101  101  0  0  0  

0  0  0  0  101  101  0  0  0  0  0  0  0  0  0  101  0  101  0  101  0  101  0  101  101  0  0  0  101  0  101  101  0  101  0  101  0  0  0  101  0  0  101  0  0  0  0  0  101  0  0  0  101  0  0  0  0  0  0  101  101  0  0  101  0  101  0  101  101  101  0  0  0  0  101  0  0  0  0  0  0  0  101  101  0  0  0  0  101  0  0  101  0  101  101  0  0  0  101  0  

0  0  101  0  101  101  0  0  0  0  0  101  0  0  101  101  0  0  0  0  0  101  101  0  101  0  0  101  101  0  0  0  101  101  0  0  0  0  0  0  0  0  101  0  101  101  0  0  101  101  0  0  0  101  101  101  0  0  0  101  0  101  0  101  101  0  101  0  101  0  101  0  101  101  0  101  0  101  0  0  0  101  101  0  101  0  101  0  0  101  0  101  0  0  101  0  0  101  101  0  

0  0  101  0  101  0  101  0  101  101  101  0  101  101  0  0  0  0  0  101  0  101  0  0  101  101  101  0  0  0  0  101  0  0  0  101  101  0  101  0  0  0  101  0  101  101  101  101  0  101  101  0  101  0  0  0  0  0  0  101  101  0  0  101  101  0  0  101  0  0  0  101  101  0  101  101  0  101  0  0  0  101  0  0  0  101  101  101  101  101  0  0  0  101  0  0  101  0  0  101  

0  101  0  0  0  0  0  101  0  0  0  0  0  101  0  101  101  101  0  101  101  101  0  0  0  0  101  101  101  101  0  0  0  0  101  0  0  0  0  0  0  0  0  0  101  101  0  101  0  0  0  101  101  101  101  0  101  0  0  101  0  0  0  101  101  0  101  0  0  0  0  0  101  0  0  101  0  0  0  0  0  0  0  0  101  101  101  0  0  0  101  0  0  0  0  101  0  101  101  101  

0  0  0  101  101  101  0  101  101  101  0  101  0  0  0  0  101  0  0  0  0  0  0  101  0  0  0  101  0  0  0  101  0  101  0  0  0  101  101  0  0  0  101  0  0  0  101  101  101  0  0  101  101  0  101  0  101  0  0  0  101  101  0  101  101  0  0  0  101  101  101  0  0  0  101  0  0  0  0  101  0  101  0  0  0  101  0  101  101  0  101  0  101  101  0  0  101  0  101  0  

101  0  0  101  0  101  0  0  0  0  101  0  0  101  101  101  0  0  0  0  101  101  101  0  101  0  0  101  101  101  0  0  0  0  101  101  101  0  0  101  0  0  0  0  0  101  0  0  0  0  101  101  0  101  0  101  0  0  0  101  0  0  0  0  101  101  0  0  101  0  101  0  0  101  101  0  101  0  101  101  101  0  101  101  0  101  0  101  101  0  0  0  0  0  0  0  0  0  101  0  

0  0  101  101  101  101  0  0  0  101  0  0  101  101  0  101  101  0  101  101  0  0  101  0  0  101  0  101  0  0  101  0  101  101  0  0  0  101  0  101  101  101  0  0  101  0  101  101  0  0  101  0  101  0  101  0  0  0  101  101  0  0  0  0  101  0  101  0  101  0  0  101  0  0  0  101  101  101  0  0  0  0  0  0  101  101  0  0  0  101  0  101  0  101  101  0  0  0  0  0  

0  0  0  0  0  0  0  0  0  0  0  0  0  0  101  101  101  101  0  0  101  101  0  0  0  0  0  0  101  101  101  101  0  0  0  0  0  0  0  0  0  101  0  101  0  0  0  101  0  0  0  0  101  0  0  0  0  0  0  101  0  0  0  0  101  0  0  101  0  0  0  0  0  101  0  0  101  0  0  0  0  0  0  0  0  0  101  101  0  0  101  0  0  0  101  0  101  0  0  101  

0  0  101  0  0  0  101  0  101  0  101  101  101  0  0  101  101  101  0  101  0  101  0  0  101  0  0  0  101  0  0  0  0  101  0  0  101  0  0  101  0  101  101  0  101  0  101  0  0  101  101  0  0  0  101  101  0  0  101  0  0  0  0  101  101  101  0  0  0  101  0  0  101  0  0  101  101  0  0  101  101  0  0  101  101  0  0  0  0  101  0  101  0  0  101  0  0  101  101  101  

0  0  101  0  0  101  101  0  101  0  101  0  0  0  0  0  0  0  0  101  101  101  101  101  0  0  0  0  101  101  0  0  0  0  0  101  0  101  0  101  101  101  101  0  101  0  101  0  0  0  0  0  101  101  0  101  101  0  101  0  0  0  101  101  0  101  0  0  0  101  0  0  0  101  101  0  101  0  101  101  101  0  101  0  0  0  0  101  0  0  0  0  101  101  101  0  101  0  0  0  

0  101  101  101  0  101  0  101  0  101  0  0  101  0  101  101  0  101  0  101  0  101  0  101  101  0  101  101  101  0  101  101  0  101  0  0  0  0  101  0  101  0  0  0  101  0  101  0  101  101  0  101  0  0  0  0  101  0  101  101  0  0  0  101  0  101  0  0  0  0  0  101  0  0  101  0  0  101  0  101  0  0  0  101  0  101  0  101  0  101  0  0  101  101  101  0  0  0  0  101  

101  0  0  101  101  0  0  0  101  0  0  101  101  101  0  0  101  0  0  0  0  0  0  101  101  0  0  101  0  101  0  0  0  101  0  101  0  101  0  0  0  101  101  101  0  101  0  101  0  101  101  0  0  0  0  0  101  101  101  0  0  0  0  0  101  0  0  0  0  0  101  0  101  101  0  101  0  0  101  101  0  101  0  101  101  0  0  0  0  101  101  101  101  101  101  101  0  101  0  0  

0  0  0  101  0  0  0  101  0  0  101  0  0  0  0  101  0  101  101  101  0  0  0  0  101  101  101  0  0  101  0  0  101  101  0  101  101  0  0  101  0  101  0  101  0  101  101  101  0  0  101  0  101  101  0  101  101  0  0  101  101  101  0  101  101  101  0  101  0  0  0  0  0  0  0  101  101  101  0  101  0  0  101  0  0  0  101  0  0  0  0  0  0  0  101  101  0  0  101  101  

0  101  101  101  101  101  101  0  0  0  0  101  0  0  101  101  0  0  0  0  0  101  101  101  101  101  101  101  101  0  101  0  0  0  0  101  0  101  101  0  0  101  0  0  0  101  101  101  0  0  0  0  0  0  0  0  0  101  101  101  101  0  0  101  101  0  0  101  101  0  101  0  0  101  101  0  101  0  0  0  0  101  101  0  0  101  0  101  0  0  101  0  101  0  0  0  101  0  101  101  

0  101  101  0  0  0  0  0  101  0  101  0  0  0  101  101  0  0  0  101  101  0  0  101  101  101  0  101  101  101  101  101  101  0  101  101  101  0  0  101  0  0  101  101  101  101  101  0  101  0  0  0  0  0  0  101  0  0  101  101  101  101  101  101  0  0  101  0  101  0  0  0  0  101  0  0  101  0  0  0  101  0  0  0  101  0  101  0  0  0  0  101  0  0  101  0  0  101  0  101  

0  0  101  0  0  0  0  0  101  0  0  0  101  0  101  101  0  0  0  0  0  0  101  0  0  0  0  101  0  0  101  101  0  101  0  0  101  101  101  101  101  0  101  101  101  0  0  101  0  101  0  0  101  0  101  101  101  101  0  0  0  0  0  0  101  101  101  0  0  101  0  0  0  0  0  0  0  0  101  101  0  0  0  101  101  0  101  101  101  0  0  101  0  0  0  101  101  0  101  0  

101  0  101  0  0  101  0  101  0  101  0  0  0  101  101  0  101  0  0  101  101  101  0  101  101  0  101  0  101  0  0  101  0  101  0  101  0  0  0  101  0  0  0  101  0  0  101  0  0  0  0  0  0  0  0  101  0  101  0  101  101  101  0  101  0  0  0  101  0  0  0  101  101  101  101  101  0  0  101  0  101  0  0  0  0  101  101  0  0  0  101  101  0  101  0  101  101  101  0  101  

UnPairedArc=
1 4 
1 5 
1 7 
1 9 
1 11 
1 16 
1 17 
1 19 
1 23 
1 29 
1 32 
1 37 
1 38 
1 40 
1 42 
1 43 
1 44 
1 45 
1 50 
1 51 
1 56 
1 60 
1 65 
1 71 
1 74 
1 79 
1 81 
1 89 
1 95 
1 100 
2 8 
2 9 
2 12 
2 14 
2 16 
2 17 
2 18 
2 19 
2 24 
2 25 
2 28 
2 32 
2 38 
2 45 
2 47 
2 49 
2 50 
2 54 
2 55 
2 56 
2 59 
2 62 
2 63 
2 65 
2 67 
2 70 
2 74 
2 75 
2 78 
2 87 
2 94 
2 97 
2 98 
3 4 
3 5 
3 7 
3 8 
3 9 
3 11 
3 14 
3 17 
3 20 
3 21 
3 23 
3 26 
3 28 
3 31 
3 36 
3 37 
3 38 
3 40 
3 42 
3 43 
3 45 
3 47 
3 51 
3 57 
3 58 
3 59 
3 60 
3 64 
3 65 
3 67 
3 68 
3 73 
3 75 
3 78 
3 79 
3 80 
3 81 
3 83 
3 85 
3 86 
3 90 
3 92 
3 93 
3 94 
3 97 
3 98 
3 99 
3 100 
4 6 
4 9 
4 11 
4 12 
4 14 
4 16 
4 18 
4 24 
4 27 
4 30 
4 35 
4 36 
4 37 
4 40 
4 41 
4 46 
4 48 
4 49 
4 52 
4 54 
4 56 
4 60 
4 65 
4 66 
4 67 
4 73 
4 74 
4 77 
4 78 
4 79 
4 81 
4 88 
4 89 
4 90 
4 94 
4 95 
4 96 
4 97 
5 14 
5 16 
5 18 
5 20 
5 21 
5 26 
5 27 
5 34 
5 35 
5 38 
5 41 
5 43 
5 45 
5 49 
5 51 
5 52 
5 57 
5 60 
5 62 
5 64 
5 65 
5 66 
5 67 
5 69 
5 76 
5 78 
5 81 
5 84 
5 85 
5 86 
5 88 
5 90 
5 95 
5 97 
6 7 
6 10 
6 13 
6 15 
6 18 
6 23 
6 24 
6 25 
6 32 
6 39 
6 41 
6 48 
6 51 
6 53 
6 55 
6 57 
6 59 
6 60 
6 64 
6 69 
6 72 
6 73 
6 77 
6 79 
6 80 
6 82 
6 83 
6 84 
6 85 
6 88 
6 89 
6 90 
6 93 
6 94 
6 97 
6 100 
7 9 
7 10 
7 11 
7 14 
7 15 
7 16 
7 17 
7 21 
7 25 
7 27 
7 30 
7 31 
7 35 
7 36 
7 39 
7 42 
7 47 
7 50 
7 57 
7 58 
7 59 
7 61 
7 66 
7 67 
7 68 
7 72 
7 75 
7 76 
7 77 
7 78 
7 80 
7 81 
7 86 
7 92 
7 93 
7 97 
8 9 
8 11 
8 20 
8 22 
8 23 
8 26 
8 27 
8 29 
8 32 
8 38 
8 39 
8 43 
8 45 
8 47 
8 48 
8 51 
8 54 
8 56 
8 63 
8 64 
8 66 
8 67 
8 76 
8 87 
8 88 
8 94 
8 96 
8 100 
9 12 
9 15 
9 16 
9 17 
9 19 
9 24 
9 30 
9 32 
9 38 
9 39 
9 41 
9 45 
9 51 
9 54 
9 55 
9 56 
9 58 
9 61 
9 63 
9 66 
9 67 
9 69 
9 77 
9 78 
9 81 
9 86 
9 88 
9 92 
9 93 
9 95 
9 98 
9 99 
10 11 
10 14 
10 18 
10 21 
10 22 
10 24 
10 28 
10 29 
10 35 
10 37 
10 39 
10 40 
10 41 
10 42 
10 46 
10 49 
10 51 
10 54 
10 56 
10 57 
10 58 
10 59 
10 62 
10 65 
10 67 
10 71 
10 73 
10 74 
10 75 
10 86 
10 88 
10 90 
10 94 
10 100 
11 12 
11 14 
11 19 
11 20 
11 28 
11 30 
11 32 
11 33 
11 35 
11 37 
11 38 
11 40 
11 44 
11 48 
11 49 
11 50 
11 51 
11 54 
11 66 
11 67 
11 68 
11 71 
11 79 
11 82 
11 83 
11 86 
11 89 
11 92 
11 93 
11 96 
11 98 
12 24 
12 25 
12 28 
12 29 
12 30 
12 33 
12 34 
12 35 
12 36 
12 37 
12 39 
12 40 
12 41 
12 44 
12 46 
12 47 
12 49 
12 51 
12 55 
12 58 
12 59 
12 61 
12 64 
12 65 
12 66 
12 67 
12 74 
12 76 
12 80 
12 83 
12 85 
12 88 
12 92 
12 95 
12 97 
13 27 
13 31 
13 33 
13 39 
13 42 
13 43 
13 45 
13 51 
13 52 
13 53 
13 54 
13 57 
13 59 
13 60 
13 63 
13 65 
13 66 
13 67 
13 68 
13 70 
13 71 
13 72 
13 74 
13 75 
13 76 
13 77 
13 78 
13 82 
13 86 
13 90 
13 92 
13 94 
13 95 
13 99 
14 15 
14 16 
14 17 
14 19 
14 20 
14 21 
14 22 
14 23 
14 24 
14 26 
14 33 
14 35 
14 36 
14 37 
14 38 
14 40 
14 42 
14 47 
14 48 
14 51 
14 52 
14 53 
14 56 
14 57 
14 60 
14 61 
14 65 
14 66 
14 68 
14 69 
14 70 
14 76 
14 79 
14 86 
14 87 
14 89 
14 90 
14 95 
14 100 
15 16 
15 19 
15 22 
15 23 
15 26 
15 29 
15 30 
15 31 
15 33 
15 34 
15 36 
15 37 
15 41 
15 45 
15 48 
15 51 
15 55 
15 56 
15 58 
15 60 
15 61 
15 63 
15 65 
15 73 
15 74 
15 75 
15 77 
15 80 
15 81 
15 82 
15 85 
15 89 
15 91 
15 94 
15 97 
15 98 
15 99 
15 100 
16 17 
16 18 
16 20 
16 21 
16 22 
16 26 
16 28 
16 31 
16 32 
16 34 
16 39 
16 41 
16 42 
16 43 
16 48 
16 49 
16 51 
16 53 
16 56 
16 57 
16 58 
16 59 
16 60 
16 62 
16 63 
16 65 
16 67 
16 68 
16 69 
16 73 
16 75 
16 76 
16 77 
16 79 
16 80 
16 82 
16 83 
16 84 
16 85 
16 87 
16 89 
16 90 
16 91 
16 92 
16 94 
16 96 
16 97 
16 98 
16 99 
17 19 
17 21 
17 22 
17 23 
17 27 
17 28 
17 29 
17 30 
17 31 
17 32 
17 33 
17 34 
17 36 
17 37 
17 40 
17 42 
17 48 
17 52 
17 54 
17 55 
17 57 
17 58 
17 61 
17 64 
17 65 
17 69 
17 72 
17 75 
17 81 
17 87 
17 88 
17 90 
17 91 
17 92 
17 95 
17 100 
18 19 
18 21 
18 23 
18 25 
18 28 
18 30 
18 32 
18 34 
18 36 
18 37 
18 42 
18 47 
18 48 
18 50 
18 54 
18 60 
18 63 
18 65 
18 68 
18 70 
18 74 
18 75 
18 84 
18 87 
18 91 
18 92 
18 94 
18 96 
19 22 
19 27 
19 28 
19 30 
19 33 
19 38 
19 39 
19 40 
19 41 
19 43 
19 46 
19 48 
19 50 
19 57 
19 58 
19 60 
19 62 
19 65 
19 69 
19 71 
19 72 
19 76 
19 77 
19 79 
19 80 
19 90 
19 96 
20 24 
20 26 
20 31 
20 32 
20 35 
20 36 
20 39 
20 40 
20 41 
20 42 
20 43 
20 48 
20 55 
20 56 
20 58 
20 60 
20 62 
20 64 
20 70 
20 71 
20 75 
20 78 
20 79 
20 80 
20 84 
20 86 
20 87 
20 90 
20 92 
20 93 
20 94 
20 96 
20 98 
20 100 
21 22 
21 23 
21 25 
21 30 
21 32 
21 34 
21 35 
21 37 
21 39 
21 40 
21 41 
21 43 
21 45 
21 46 
21 48 
21 49 
21 50 
21 52 
21 65 
21 68 
21 69 
21 71 
21 73 
21 77 
21 80 
21 83 
21 87 
21 89 
21 91 
21 93 
21 98 
21 100 
22 23 
22 31 
22 32 
22 35 
22 39 
22 41 
22 46 
22 48 
22 49 
22 50 
22 51 
22 55 
22 66 
22 68 
22 79 
22 81 
22 84 
22 85 
22 86 
22 87 
22 89 
22 91 
22 92 
22 93 
22 94 
22 97 
22 100 
23 24 
23 29 
23 30 
23 34 
23 35 
23 42 
23 46 
23 47 
23 48 
23 50 
23 54 
23 59 
23 61 
23 66 
23 67 
23 69 
23 78 
23 80 
23 85 
23 89 
23 90 
23 93 
23 97 
23 99 
24 26 
24 27 
24 35 
24 36 
24 39 
24 47 
24 48 
24 49 
24 50 
24 53 
24 60 
24 61 
24 67 
24 68 
24 73 
24 79 
24 80 
24 81 
24 84 
24 88 
24 93 
24 94 
24 95 
24 97 
24 98 
24 100 
25 28 
25 29 
25 30 
25 32 
25 34 
25 38 
25 40 
25 41 
25 47 
25 48 
25 51 
25 52 
25 54 
25 56 
25 58 
25 60 
25 65 
25 66 
25 69 
25 70 
25 72 
25 75 
25 79 
25 81 
25 84 
25 85 
25 86 
25 89 
25 92 
25 94 
25 95 
25 96 
25 97 
25 98 
25 100 
26 34 
26 40 
26 42 
26 44 
26 52 
26 53 
26 54 
26 57 
26 60 
26 62 
26 64 
26 68 
26 69 
26 72 
26 77 
26 78 
26 79 
26 81 
26 86 
26 90 
26 96 
26 97 
26 98 
27 29 
27 32 
27 36 
27 37 
27 41 
27 42 
27 43 
27 45 
27 47 
27 51 
27 53 
27 55 
27 56 
27 58 
27 66 
27 68 
27 72 
27 74 
27 75 
27 76 
27 77 
27 81 
27 83 
27 86 
27 87 
27 94 
27 96 
27 97 
27 100 
28 29 
28 30 
28 33 
28 34 
28 35 
28 36 
28 39 
28 40 
28 41 
28 44 
28 45 
28 49 
28 52 
28 54 
28 57 
28 60 
28 61 
28 69 
28 71 
28 72 
28 74 
28 75 
28 77 
28 78 
28 80 
28 85 
28 87 
28 88 
28 89 
28 90 
28 94 
28 95 
28 97 
28 98 
28 99 
29 30 
29 32 
29 35 
29 36 
29 38 
29 42 
29 43 
29 44 
29 45 
29 47 
29 49 
29 51 
29 52 
29 57 
29 65 
29 68 
29 71 
29 72 
29 76 
29 77 
29 78 
29 80 
29 81 
29 83 
29 84 
29 85 
29 87 
29 89 
29 91 
29 92 
29 93 
29 94 
29 97 
29 98 
29 100 
30 31 
30 35 
30 38 
30 39 
30 42 
30 46 
30 47 
30 53 
30 56 
30 61 
30 62 
30 63 
30 64 
30 65 
30 68 
30 70 
30 71 
30 72 
30 76 
30 82 
30 87 
30 89 
30 91 
30 93 
30 95 
30 96 
30 98 
31 34 
31 35 
31 36 
31 38 
31 41 
31 45 
31 48 
31 50 
31 51 
31 52 
31 54 
31 55 
31 60 
31 64 
31 66 
31 68 
31 69 
31 70 
31 71 
31 72 
31 76 
31 77 
31 83 
31 84 
31 90 
31 91 
31 94 
31 97 
31 98 
31 99 
32 33 
32 35 
32 38 
32 41 
32 42 
32 51 
32 56 
32 57 
32 58 
32 62 
32 67 
32 70 
32 72 
32 73 
32 74 
32 82 
32 84 
32 86 
32 88 
32 91 
32 94 
32 98 
32 99 
32 100 
33 34 
33 35 
33 37 
33 40 
33 41 
33 44 
33 46 
33 47 
33 48 
33 50 
33 51 
33 54 
33 61 
33 63 
33 64 
33 65 
33 67 
33 69 
33 72 
33 74 
33 75 
33 76 
33 77 
33 78 
33 80 
33 82 
33 83 
33 85 
33 90 
33 96 
33 98 
34 39 
34 40 
34 42 
34 47 
34 53 
34 55 
34 56 
34 61 
34 62 
34 63 
34 67 
34 70 
34 71 
34 73 
34 75 
34 76 
34 77 
34 78 
34 81 
34 82 
34 83 
34 84 
34 85 
34 88 
34 90 
34 92 
34 94 
34 95 
34 96 
34 99 
34 100 
35 40 
35 43 
35 44 
35 45 
35 46 
35 48 
35 53 
35 55 
35 56 
35 61 
35 63 
35 65 
35 66 
35 68 
35 69 
35 71 
35 72 
35 73 
35 76 
35 79 
35 87 
35 89 
35 98 
36 43 
36 45 
36 47 
36 48 
36 55 
36 60 
36 63 
36 64 
36 72 
36 73 
36 74 
36 75 
36 76 
36 77 
36 78 
36 80 
36 81 
36 84 
36 86 
36 89 
36 93 
36 95 
36 96 
36 97 
36 98 
36 100 
37 41 
37 43 
37 50 
37 52 
37 53 
37 55 
37 65 
37 74 
37 77 
37 82 
37 86 
37 89 
37 92 
37 96 
37 98 
37 99 
38 39 
38 44 
38 45 
38 46 
38 60 
38 65 
38 66 
38 67 
38 69 
38 72 
38 73 
38 75 
38 80 
38 81 
38 83 
38 88 
38 90 
38 93 
38 95 
38 97 
38 99 
39 40 
39 41 
39 43 
39 50 
39 52 
39 54 
39 59 
39 63 
39 65 
39 66 
39 67 
39 70 
39 74 
39 75 
39 78 
39 80 
39 81 
39 86 
39 88 
39 94 
39 97 
39 99 
40 45 
40 49 
40 51 
40 52 
40 53 
40 55 
40 57 
40 61 
40 64 
40 67 
40 69 
40 70 
40 71 
40 72 
40 74 
40 75 
40 81 
40 82 
40 83 
40 84 
40 89 
40 90 
40 92 
40 93 
40 96 
40 98 
40 99 
40 100 
41 47 
41 49 
41 52 
41 54 
41 57 
41 65 
41 70 
41 72 
41 74 
41 78 
41 80 
41 83 
41 90 
41 93 
41 94 
41 99 
42 43 
42 46 
42 49 
42 51 
42 52 
42 53 
42 54 
42 57 
42 61 
42 62 
42 63 
42 64 
42 67 
42 68 
42 69 
42 74 
42 75 
42 79 
42 81 
42 90 
42 91 
42 92 
42 93 
42 95 
42 96 
42 97 
43 46 
43 58 
43 59 
43 64 
43 65 
43 67 
43 68 
43 73 
43 74 
43 75 
43 76 
43 77 
43 78 
43 79 
43 80 
43 81 
43 83 
43 84 
43 85 
43 86 
43 88 
43 92 
43 93 
43 95 
43 98 
43 99 
44 46 
44 47 
44 50 
44 52 
44 55 
44 57 
44 61 
44 63 
44 64 
44 66 
44 68 
44 69 
44 73 
44 75 
44 80 
44 82 
44 83 
44 91 
44 95 
44 96 
44 98 
44 99 
44 100 
45 49 
45 50 
45 54 
45 58 
45 63 
45 64 
45 66 
45 67 
45 73 
45 75 
45 76 
45 77 
45 78 
45 80 
45 83 
45 85 
45 86 
45 87 
45 90 
45 92 
45 93 
45 94 
45 98 
45 99 
46 48 
46 51 
46 52 
46 53 
46 55 
46 56 
46 60 
46 62 
46 65 
46 67 
46 74 
46 75 
46 85 
46 86 
46 87 
46 89 
46 95 
46 96 
46 97 
46 98 
47 49 
47 50 
47 52 
47 53 
47 54 
47 57 
47 58 
47 66 
47 71 
47 73 
47 75 
47 77 
47 79 
47 80 
47 82 
47 83 
47 86 
47 88 
47 90 
47 92 
47 93 
47 94 
47 96 
47 97 
47 98 
47 100 
48 49 
48 50 
48 51 
48 53 
48 57 
48 60 
48 62 
48 63 
48 67 
48 70 
48 72 
48 77 
48 82 
48 83 
48 86 
48 87 
48 88 
48 90 
48 91 
48 95 
48 96 
48 97 
48 99 
49 50 
49 52 
49 58 
49 61 
49 62 
49 65 
49 67 
49 68 
49 69 
49 71 
49 72 
49 75 
49 77 
49 79 
49 84 
49 85 
49 88 
49 94 
49 98 
50 52 
50 53 
50 54 
50 56 
50 57 
50 59 
50 62 
50 69 
50 70 
50 71 
50 72 
50 73 
50 74 
50 76 
50 78 
50 81 
50 82 
50 85 
50 86 
50 92 
50 94 
50 95 
50 99 
51 52 
51 54 
51 55 
51 58 
51 63 
51 65 
51 66 
51 67 
51 71 
51 75 
51 76 
51 78 
51 81 
51 82 
51 83 
51 86 
51 89 
51 90 
51 92 
51 95 
51 96 
52 61 
52 72 
52 73 
52 76 
52 77 
52 80 
52 87 
52 88 
52 89 
52 94 
53 58 
53 59 
53 61 
53 62 
53 67 
53 68 
53 70 
53 72 
53 74 
53 78 
53 79 
53 82 
53 84 
53 86 
53 87 
53 88 
53 90 
53 91 
53 93 
53 96 
53 99 
54 56 
54 60 
54 62 
54 64 
54 66 
54 70 
54 72 
54 78 
54 79 
54 81 
54 82 
54 85 
54 87 
54 89 
54 93 
54 96 
55 57 
55 58 
55 59 
55 65 
55 68 
55 71 
55 75 
55 76 
55 77 
55 83 
55 85 
55 87 
55 88 
55 90 
55 92 
55 99 
56 61 
56 65 
56 66 
56 70 
56 76 
56 77 
56 82 
56 85 
56 89 
56 92 
56 93 
56 96 
56 98 
56 99 
56 100 
57 66 
57 68 
57 70 
57 74 
57 82 
57 87 
57 88 
57 93 
57 94 
57 95 
57 96 
57 99 
58 61 
58 63 
58 73 
58 74 
58 79 
58 82 
58 83 
58 95 
58 97 
58 99 
58 100 
59 61 
59 64 
59 66 
59 69 
59 71 
59 74 
59 75 
59 77 
59 79 
59 80 
59 83 
59 90 
59 92 
59 93 
59 94 
59 95 
59 97 
59 98 
60 63 
60 70 
60 80 
60 81 
60 84 
60 85 
60 86 
60 87 
60 89 
60 90 
60 91 
60 94 
60 96 
60 97 
60 98 
60 100 
61 64 
61 67 
61 72 
61 73 
61 74 
61 80 
61 83 
61 84 
61 86 
61 88 
61 96 
61 97 
61 98 
61 100 
62 63 
62 69 
62 71 
62 74 
62 76 
62 79 
62 85 
62 88 
62 96 
62 98 
62 100 
63 64 
63 65 
63 66 
63 67 
63 69 
63 71 
63 73 
63 74 
63 75 
63 77 
63 79 
63 82 
63 93 
63 98 
64 65 
64 66 
64 67 
64 68 
64 70 
64 71 
64 72 
64 75 
64 76 
64 77 
64 79 
64 80 
64 81 
64 82 
64 84 
64 85 
64 86 
64 87 
64 88 
64 92 
64 93 
64 94 
64 96 
64 97 
64 98 
64 100 
65 66 
65 69 
65 71 
65 74 
65 75 
65 76 
65 77 
65 79 
65 83 
65 85 
65 86 
65 87 
65 88 
65 89 
65 90 
65 91 
65 92 
65 95 
65 96 
65 97 
65 99 
66 68 
66 70 
66 72 
66 73 
66 76 
66 78 
66 80 
66 81 
66 83 
66 84 
66 89 
66 92 
66 93 
66 94 
66 96 
66 99 
67 70 
67 71 
67 72 
67 73 
67 75 
67 77 
67 78 
67 80 
67 83 
67 85 
67 87 
67 90 
67 98 
67 99 
68 69 
68 71 
68 72 
68 75 
68 76 
68 79 
68 83 
68 84 
68 86 
68 91 
68 96 
68 97 
68 100 
69 72 
69 73 
69 78 
69 79 
69 80 
69 84 
69 85 
69 88 
69 89 
69 90 
69 97 
69 98 
70 73 
70 77 
70 78 
70 84 
70 88 
70 92 
70 93 
70 99 
71 72 
71 74 
71 76 
71 77 
71 78 
71 80 
71 82 
71 85 
71 88 
71 89 
71 95 
71 97 
72 75 
72 76 
72 77 
72 79 
72 82 
72 86 
72 90 
72 94 
72 100 
73 76 
73 77 
73 78 
73 85 
73 86 
73 87 
73 92 
73 95 
73 100 
74 75 
74 77 
74 80 
74 83 
74 85 
74 89 
74 91 
74 93 
74 95 
74 97 
74 98 
74 100 
75 79 
75 80 
75 81 
75 82 
75 83 
75 84 
75 86 
75 88 
75 89 
75 93 
75 94 
75 97 
75 100 
76 81 
76 85 
76 86 
76 87 
76 90 
76 92 
76 95 
76 96 
76 100 
77 78 
77 80 
77 82 
77 83 
77 89 
77 90 
77 91 
77 92 
77 93 
77 96 
77 97 
77 98 
78 81 
78 83 
78 85 
78 86 
78 90 
78 94 
78 96 
79 89 
79 93 
79 95 
79 99 
79 100 
80 83 
80 88 
80 89 
80 92 
80 93 
80 94 
80 95 
80 96 
80 99 
81 89 
81 92 
81 93 
81 98 
81 100 
82 85 
82 86 
82 88 
82 95 
82 97 
83 84 
83 85 
83 89 
83 93 
83 96 
83 97 
84 89 
84 92 
84 94 
84 95 
84 99 
85 87 
85 90 
85 92 
85 95 
85 98 
85 99 
86 87 
86 88 
86 89 
86 90 
86 94 
86 97 
86 100 
87 91 
87 96 
87 98 
87 99 
87 100 
88 89 
88 91 
88 93 
88 94 
88 97 
88 99 
89 99 
90 92 
90 94 
90 95 
91 95 
91 97 
91 100 
92 95 
92 98 
92 99 
92 100 
93 94 
93 95 
93 97 
94 95 
94 100 
95 96 
95 98 
96 99 
96 100 
97 99 
97 100 
98 100 
