nNodes= 100
nPairs= 1456  
Weight
3
2
4
2
3
2
4
2
2
2
4
2
3
3
3
4
2
2
2
3
4
4
3
3
2
4
4
2
3
2
4
2
4
2
3
3
2
2
3
2
4
3
2
2
4
4
4
3
2
2
2
4
4
4
3
3
3
3
4
3
2
2
3
2
4
2
2
2
2
2
3
2
2
3
3
4
2
3
3
4
2
4
2
2
4
2
2
3
3
4
3
2
3
4
4
3
2
4
3
2
Cost
101		0		0		0		0		101		101		0		101		101		0		101		101		0		0		0		0		0		101		0		0		0		0		0		0		0		0		101		0		0		0		0		0		0		101		0		0		0		0		0		101		0		101		101		0		0		0		101		0		0		0		101		0		101		101		0		0		0		0		0		0		0		0		0		0		0		0		0		0		101		0		0		101		0		101		0		0		101		0		0		101		0		101		0		0		0		0		101		101		101		0		0		0		0		0		0		0		0		101		0		
0		101		0		0		0		0		0		0		0		101		0		0		101		0		0		0		0		101		0		0		101		0		101		101		0		101		0		101		0		0		0		0		101		0		101		101		0		0		0		0		0		0		0		0		0		0		0		0		0		101		0		0		101		101		101		101		0		0		0		0		0		0		0		0		101		101		101		0		0		0		0		0		0		0		101		0		101		0		101		0		0		0		101		101		0		0		0		101		0		101		0		0		101		0		0		0		0		101		0		0		
0		0		101		0		0		101		0		101		0		101		0		0		0		101		101		0		0		0		0		0		0		0		0		0		0		0		0		0		101		101		101		0		0		0		101		0		0		0		101		0		101		101		0		0		0		0		101		101		101		101		101		101		0		0		0		101		0		0		0		0		0		0		101		101		0		0		0		101		0		101		0		101		101		101		0		0		101		0		0		0		0		0		101		0		0		0		101		0		101		0		0		101		0		101		101		101		101		101		0		101		
0		0		0		101		0		0		0		0		101		101		101		0		0		0		0		101		0		101		0		0		0		101		0		0		0		0		0		0		0		0		0		0		0		0		0		0		0		101		101		101		0		101		101		0		0		0		0		101		0		0		101		101		0		101		0		0		101		101		0		101		101		101		101		0		0		0		101		0		0		101		0		101		0		0		0		0		0		0		0		0		101		101		0		0		0		0		0		101		0		101		0		0		101		0		0		101		101		0		101		101		
0		0		0		0		101		0		101		0		101		0		0		0		0		101		101		0		0		101		0		0		0		0		0		0		101		0		101		101		0		0		0		0		0		0		0		0		0		0		0		0		0		0		101		0		0		0		101		101		0		0		101		0		0		0		101		0		101		0		0		101		0		0		0		0		101		0		0		101		101		0		0		0		0		0		0		0		0		0		0		0		0		101		0		0		0		0		0		0		0		0		0		0		0		101		0		0		101		101		101		0		
101		0		101		0		0		101		0		0		101		101		101		0		0		0		101		101		0		101		0		0		101		0		0		0		0		101		0		0		101		0		0		0		0		0		0		0		0		101		0		101		0		0		101		0		101		0		0		0		0		101		0		101		0		0		101		101		0		0		0		0		0		0		0		0		0		0		0		0		0		0		101		0		101		0		0		101		101		0		101		0		101		0		0		0		0		0		0		0		0		101		0		0		0		0		0		0		0		0		0		101		
101		0		0		0		101		0		101		0		0		0		0		101		0		0		0		101		101		101		101		0		0		0		0		0		101		0		0		0		0		0		0		0		0		101		0		0		0		101		0		0		0		101		101		0		0		101		101		0		101		101		101		0		101		0		0		101		101		0		0		0		0		101		101		0		101		0		101		101		0		0		101		0		0		0		0		0		101		0		0		0		0		0		0		0		0		0		0		101		0		0		0		101		0		0		101		0		101		0		0		101		
0		0		101		0		0		0		0		101		0		101		0		0		101		101		0		0		0		0		0		0		0		0		0		101		101		0		0		101		0		101		0		0		0		0		0		0		0		0		0		0		0		0		0		0		0		101		0		0		0		0		0		101		101		0		101		101		0		0		101		101		101		0		0		0		0		101		0		0		101		0		0		0		101		0		0		0		0		101		101		0		101		0		101		0		0		101		0		0		0		0		0		0		101		0		0		0		0		0		0		0		
101		0		0		101		101		101		0		0		101		0		0		0		0		0		0		101		101		0		0		0		0		0		0		101		0		0		0		101		0		0		0		0		0		101		0		0		0		0		101		101		0		101		0		0		101		101		0		101		0		0		0		0		101		0		101		0		0		101		0		0		0		101		0		101		0		0		0		0		101		0		0		0		101		0		101		0		0		101		0		0		0		0		0		0		0		0		0		101		0		0		101		101		101		0		101		0		0		0		0		0		
101		101		101		101		0		101		0		101		0		101		101		101		0		0		0		101		101		0		0		0		0		101		0		0		0		0		0		0		0		0		0		0		0		0		0		101		0		0		0		0		0		101		0		101		101		101		0		0		101		101		0		0		0		0		0		101		0		0		0		0		0		101		0		0		0		101		0		0		0		0		101		0		0		0		101		0		0		101		0		101		0		101		0		101		0		101		0		0		0		0		0		101		0		0		0		101		0		101		101		0		
0		0		0		101		0		101		0		0		0		101		101		0		101		0		0		101		101		0		0		101		101		0		101		0		0		0		0		0		0		0		0		0		0		0		0		0		0		101		0		101		0		0		0		0		101		0		0		0		0		0		0		0		0		0		0		0		0		0		0		0		0		101		0		0		0		0		0		0		0		0		0		0		0		0		101		101		0		101		0		0		0		0		101		0		0		101		0		0		0		101		0		0		0		0		0		0		0		0		101		0		
101		0		0		0		0		0		101		0		0		101		0		101		0		101		0		0		0		0		0		0		0		0		0		0		0		0		0		0		101		0		0		0		0		0		0		101		0		0		0		0		0		0		0		0		0		0		0		0		0		0		101		0		101		0		0		0		0		101		0		0		0		101		0		101		0		101		101		101		101		0		0		0		101		0		0		0		0		101		0		0		0		101		0		101		0		0		101		101		0		0		0		101		0		0		0		0		0		0		0		0		
101		101		0		0		0		0		0		101		0		0		101		0		101		0		101		0		0		101		101		101		0		101		0		101		101		101		0		0		0		101		0		0		0		0		101		101		101		0		101		0		101		0		101		0		0		0		0		101		0		0		0		0		0		101		0		0		0		0		0		0		0		0		101		0		0		0		0		0		0		0		0		101		0		101		101		0		101		0		101		0		0		101		0		0		0		0		0		101		0		0		0		101		101		101		101		0		0		0		101		101		
0		0		101		0		101		0		0		101		0		0		0		101		0		101		0		101		0		0		0		0		0		0		101		101		0		0		0		0		0		0		0		0		101		101		0		0		0		0		0		0		101		0		0		0		0		0		0		0		101		101		0		101		0		0		0		101		0		0		0		0		0		0		0		0		101		0		0		101		101		0		0		0		0		0		0		0		0		0		0		0		101		101		0		0		0		0		0		0		0		0		0		0		101		0		0		0		0		0		101		101		
0		0		101		0		101		101		0		0		0		0		0		0		101		0		101		0		101		0		0		0		0		0		0		0		0		0		0		0		101		0		0		101		0		0		0		101		0		101		101		101		0		0		0		0		0		0		0		101		0		0		0		0		0		101		0		0		0		0		0		0		101		0		101		0		0		101		0		101		0		0		101		101		101		0		101		0		0		101		0		0		0		0		0		101		0		0		0		101		0		101		0		0		101		0		0		0		0		101		101		0		
0		0		0		101		0		101		101		0		101		101		101		0		0		101		0		101		0		101		0		0		0		0		0		0		0		0		0		0		0		0		0		101		0		0		101		0		101		0		0		0		0		101		0		0		101		101		0		101		0		0		101		0		101		0		0		0		0		0		0		0		0		0		0		101		0		0		0		0		0		0		101		0		0		0		0		101		101		101		0		0		0		0		0		0		101		101		0		0		0		0		101		0		101		101		0		0		0		0		101		0		
0		0		0		0		0		0		101		0		101		101		101		0		0		0		101		0		101		0		101		0		0		0		0		101		0		0		101		101		0		101		0		0		0		0		101		0		0		0		101		0		0		0		101		0		0		0		101		0		0		101		0		101		0		0		101		101		0		0		0		0		0		0		0		0		101		0		0		0		0		0		101		0		0		0		0		0		0		0		0		0		0		0		101		101		101		101		101		101		0		0		0		0		0		0		101		0		0		0		0		0		
0		101		0		101		101		101		101		0		0		0		0		0		101		0		0		101		0		101		0		0		0		101		0		101		0		0		0		0		0		0		0		101		101		0		101		0		101		0		0		0		0		0		0		0		0		0		0		101		0		0		0		0		0		101		0		0		0		0		0		0		0		0		101		0		0		0		0		0		0		0		0		0		0		101		101		0		101		101		0		101		0		0		101		0		0		0		0		0		101		0		0		101		101		101		0		0		101		0		0		0		
101		0		0		0		0		0		101		0		0		0		0		0		101		0		0		0		101		0		101		0		0		101		0		101		0		101		0		0		101		101		0		101		101		0		101		101		0		0		0		0		0		101		0		101		101		0		0		0		0		101		0		0		0		0		0		101		101		0		0		101		0		101		0		101		0		0		0		0		101		0		0		101		101		0		0		0		0		0		0		0		101		101		0		101		0		0		0		101		0		0		0		0		0		0		101		0		0		0		0		0		
0		0		0		0		0		0		0		0		0		0		101		0		101		0		0		0		0		0		0		101		0		0		0		0		101		101		101		0		0		0		101		0		0		0		0		0		0		0		0		0		0		0		101		0		0		0		0		0		0		0		0		0		0		0		0		0		101		0		101		0		101		0		0		0		101		101		0		0		101		101		101		0		101		101		101		101		0		0		0		101		101		101		101		0		101		0		0		0		0		0		0		0		0		0		0		0		101		0		0		0		
0		101		0		0		0		101		0		0		0		0		101		0		0		0		0		0		0		0		0		0		101		0		0		0		101		101		101		0		0		101		101		101		0		101		101		0		0		101		0		0		0		0		0		0		0		101		101		0		0		101		0		0		101		101		0		0		0		101		0		0		0		0		0		101		101		101		101		0		101		0		0		101		0		0		0		0		0		0		0		0		0		0		0		0		0		101		101		0		101		101		0		101		101		0		0		0		101		0		0		101		
0		0		0		101		0		0		0		0		0		101		0		0		101		0		0		0		0		101		101		0		0		101		101		101		0		0		0		0		0		0		101		0		0		101		0		0		0		101		0		0		101		0		0		101		0		101		0		0		0		0		0		0		0		0		0		0		101		101		0		101		0		0		0		101		0		0		101		0		0		0		0		0		0		0		0		0		0		0		0		0		0		0		0		0		0		0		0		0		0		101		101		101		0		0		0		0		0		0		0		0		
0		101		0		0		0		0		0		0		0		0		101		0		0		101		0		0		0		0		0		0		0		101		101		0		101		0		0		101		0		0		101		0		0		0		101		0		0		0		101		0		0		0		0		101		101		101		0		0		0		0		0		101		101		0		0		0		0		0		101		0		0		0		101		0		0		101		101		0		0		0		0		0		0		0		0		0		0		0		0		0		101		0		0		0		0		0		101		0		0		101		0		0		101		0		101		0		0		0		0		0		
0		101		0		0		0		0		0		101		101		0		0		0		101		101		0		0		101		101		101		0		0		101		0		101		0		101		0		0		0		0		101		0		0		0		101		101		0		101		0		0		101		101		0		101		101		0		0		0		101		0		0		0		0		0		0		0		101		101		0		0		0		101		101		0		101		101		101		101		101		0		0		0		101		0		0		0		0		0		0		0		0		0		0		0		0		0		0		101		101		0		0		0		0		0		0		0		0		0		101		0		
0		0		0		0		101		0		101		101		0		0		0		0		101		0		0		0		0		0		0		101		101		0		101		0		101		0		0		0		0		101		0		101		0		101		0		0		101		101		101		0		0		0		0		0		0		101		0		0		0		0		101		0		0		0		0		0		0		101		101		0		0		0		101		101		0		0		0		101		101		101		0		0		0		0		0		0		0		0		101		0		0		0		101		0		101		0		0		0		0		0		0		101		0		0		0		0		0		101		0		0		
0		101		0		0		0		101		0		0		0		0		0		0		101		0		0		0		0		0		101		101		101		0		0		101		0		101		0		101		101		0		0		101		0		0		0		101		101		0		0		0		101		0		0		0		101		101		0		101		101		0		0		101		0		101		0		0		0		0		0		0		101		0		101		101		0		0		0		0		0		0		101		101		0		101		0		0		0		101		0		101		0		101		0		0		0		101		0		101		101		0		0		0		0		0		101		0		0		0		0		0		
0		0		0		0		101		0		0		0		0		0		0		0		0		0		0		0		101		0		0		101		101		0		0		0		0		0		101		0		0		0		0		0		101		0		0		0		101		0		0		101		101		101		0		0		101		101		0		0		0		101		101		0		0		0		0		0		0		101		0		101		0		0		0		0		0		101		0		0		0		0		0		0		101		101		0		0		0		101		0		0		0		101		0		0		0		101		0		0		101		0		101		0		0		0		0		0		0		0		0		101		
101		101		0		0		101		0		0		101		101		0		0		0		0		0		0		0		101		0		0		0		0		0		101		0		0		101		0		101		0		0		0		0		0		0		101		101		0		101		0		0		101		0		0		0		0		0		101		0		0		0		101		0		0		0		0		0		101		101		101		101		0		101		0		0		0		0		101		101		0		0		101		0		0		0		0		101		0		101		0		101		101		0		101		0		0		0		101		101		0		0		101		0		0		0		0		0		101		101		101		0		
0		0		101		0		0		101		0		0		0		0		0		101		0		0		101		0		0		0		101		0		0		0		0		0		0		101		0		0		101		0		0		0		0		0		101		0		0		0		0		0		0		0		0		101		0		101		0		0		0		0		0		101		0		0		0		101		0		101		0		0		0		0		0		0		0		0		101		101		0		0		0		0		0		0		0		101		0		101		0		0		0		0		101		0		0		0		0		101		101		0		0		0		101		0		101		101		0		0		0		0		
0		0		101		0		0		0		0		101		0		0		0		0		101		0		0		0		101		0		101		0		101		0		0		0		101		0		0		0		0		101		0		101		0		0		0		0		0		0		101		101		0		0		0		0		0		101		0		0		0		101		0		101		0		0		101		101		0		101		0		0		101		0		101		101		101		101		0		0		0		0		101		0		101		0		0		0		0		0		0		0		0		0		0		0		0		0		101		0		0		0		101		101		0		101		101		101		0		0		0		0		
0		0		101		0		0		0		0		0		0		0		0		0		0		0		0		0		0		0		0		101		101		101		101		101		0		0		0		0		0		0		101		101		0		0		101		0		0		0		101		0		0		0		101		0		101		0		0		0		101		0		101		0		0		0		0		0		0		0		101		0		0		0		101		0		0		0		0		0		0		0		0		101		0		101		0		0		101		0		101		0		0		0		0		101		101		101		0		101		101		0		0		101		0		0		0		0		0		0		0		101		
0		0		0		0		0		0		0		0		0		0		0		0		0		0		101		101		0		101		101		0		101		0		0		0		101		101		0		0		0		101		101		101		0		0		0		0		101		0		0		101		0		0		101		0		101		101		0		0		0		0		0		0		0		0		0		101		0		0		101		101		101		101		101		0		101		101		0		0		101		101		0		0		101		0		0		101		0		101		0		0		0		0		0		0		101		0		0		0		0		0		0		0		101		0		0		101		0		0		0		101		
0		101		0		0		0		0		0		0		0		0		0		0		0		101		0		0		0		101		101		0		0		0		0		0		0		0		101		0		0		0		0		0		101		0		0		101		101		101		101		0		0		0		0		0		0		0		0		0		101		0		0		0		101		0		101		0		0		0		0		0		0		101		101		0		101		101		0		101		0		0		0		0		0		101		0		0		0		0		0		0		0		101		0		0		0		0		101		0		101		0		101		101		0		0		0		0		0		101		0		0		
0		0		0		0		0		0		101		0		101		0		0		0		0		101		0		0		0		0		0		0		101		101		0		0		101		0		0		0		0		0		0		0		0		101		0		0		0		0		0		101		0		0		101		0		0		0		101		0		0		0		101		0		101		101		101		101		0		0		0		101		101		101		0		0		0		101		0		101		101		0		0		0		101		0		0		0		0		0		101		0		101		101		0		0		0		0		0		0		0		0		0		0		0		0		0		0		101		0		101		101		
101		101		101		0		0		0		0		0		0		0		0		0		101		0		0		101		101		101		101		0		101		0		101		101		0		0		0		101		101		0		101		0		0		0		101		0		0		101		0		0		0		101		101		101		0		0		101		101		0		101		0		101		0		0		101		0		0		0		0		101		0		0		0		0		101		101		0		0		0		0		0		0		0		0		0		0		101		0		101		101		0		101		0		0		0		0		101		0		0		101		101		0		101		0		0		101		101		0		0		101		
0		101		0		0		0		0		0		0		0		101		0		101		101		0		101		0		0		0		101		0		0		0		0		101		0		101		0		101		0		0		0		0		101		0		0		101		101		0		0		101		0		0		0		101		0		0		101		0		0		0		0		0		0		0		0		101		0		101		0		0		101		0		101		101		0		0		0		101		0		0		0		101		0		0		0		0		0		0		0		0		0		0		101		0		0		0		0		0		0		0		101		101		0		101		0		0		101		0		0		0		
0		0		0		0		0		0		0		0		0		0		0		0		101		0		0		101		0		101		0		0		0		0		0		0		101		101		101		0		0		0		0		101		101		0		0		101		101		0		0		101		0		0		0		101		101		0		101		101		0		101		101		0		101		101		101		0		0		0		101		101		101		0		101		101		101		0		0		101		0		101		0		101		101		0		101		0		0		0		101		0		0		0		0		101		0		0		101		101		101		0		0		0		0		0		0		101		101		0		0		0		
0		0		0		101		0		101		101		0		0		0		101		0		0		0		101		0		0		0		0		0		101		101		0		101		101		0		0		101		0		0		0		0		101		0		101		0		0		101		0		0		0		0		101		0		101		101		0		0		101		0		0		101		101		0		0		101		0		0		0		0		101		0		101		0		0		0		0		0		0		0		0		0		0		0		101		0		101		0		0		101		0		0		0		101		0		0		101		101		101		101		0		101		0		0		0		0		0		0		0		0		
0		0		101		101		0		0		0		0		101		0		0		0		101		0		101		0		101		0		0		0		0		0		101		0		101		0		0		0		0		101		101		0		101		0		0		0		0		0		101		0		0		0		0		0		0		0		0		101		101		101		0		0		101		0		101		0		0		0		0		0		0		0		101		0		101		101		0		101		0		0		0		0		0		0		101		101		101		0		101		0		101		0		101		0		0		101		101		101		0		0		0		0		101		101		101		0		101		0		0		101		
0		0		0		101		0		101		0		0		101		0		101		0		0		0		101		0		0		0		0		0		0		0		0		0		0		0		101		0		0		101		0		101		0		101		0		101		101		0		0		101		101		0		0		0		0		0		101		0		101		0		0		101		0		0		0		0		0		0		0		0		0		0		0		101		101		0		0		0		0		101		0		0		0		0		0		0		0		101		0		0		0		0		0		101		0		101		0		0		101		101		0		0		0		0		101		0		101		0		0		0		
101		0		101		0		0		0		0		0		0		0		0		0		101		101		0		0		0		0		0		0		0		101		0		101		0		101		101		101		0		0		0		0		0		0		0		0		0		0		0		101		101		0		0		0		0		101		0		0		0		0		0		0		0		0		0		0		101		101		0		0		0		101		0		0		0		0		101		0		0		0		0		0		0		101		101		0		0		101		0		0		0		101		101		101		0		0		101		0		101		0		0		0		101		0		0		101		101		0		101		0		
0		0		101		101		0		0		101		0		101		101		0		0		0		0		0		101		0		0		101		0		0		0		0		101		0		0		101		0		0		0		0		0		0		0		101		0		0		0		0		0		0		101		0		0		0		101		0		101		0		0		101		0		0		0		0		0		0		0		0		101		0		101		101		101		0		0		0		0		101		0		101		101		0		0		0		0		101		0		0		101		0		101		0		0		0		101		0		101		101		0		101		101		0		0		0		0		101		101		0		0		
101		0		0		101		101		101		101		0		0		0		0		0		101		0		0		0		101		0		0		101		0		0		0		0		0		0		0		0		0		0		101		101		0		101		101		0		0		101		0		0		0		0		101		0		101		0		0		101		0		0		0		101		0		101		0		0		0		0		101		0		0		0		0		0		101		0		0		0		0		0		0		0		0		101		0		0		0		101		101		101		101		0		101		0		101		101		0		0		101		0		0		0		101		101		0		0		0		0		101		0		
101		0		0		0		0		0		0		0		0		101		0		0		0		0		0		0		0		0		101		0		0		101		101		101		0		0		0		0		101		0		0		0		0		0		101		101		101		0		0		0		0		0		0		101		0		0		0		0		101		0		0		101		101		0		101		0		0		0		101		101		0		0		101		101		0		0		101		0		0		0		0		101		0		101		0		0		0		0		101		0		0		0		0		0		0		0		101		0		0		101		0		0		0		0		0		0		101		0		0		0		
0		0		0		0		0		101		0		0		101		101		101		0		0		0		0		101		0		0		101		0		0		0		101		101		0		101		101		0		0		0		101		101		0		0		0		0		101		101		0		0		0		0		101		0		101		101		0		0		0		0		0		0		0		0		0		0		101		101		0		0		0		0		0		101		0		0		0		0		101		0		101		0		101		0		101		0		0		101		0		0		0		0		0		0		0		0		0		0		0		101		101		0		0		0		0		0		0		0		0		0		
0		0		0		0		0		0		101		101		101		101		0		0		0		0		0		101		0		0		0		0		101		101		101		0		101		101		101		0		101		101		0		101		0		0		0		0		0		101		0		0		101		101		0		0		101		101		101		0		101		0		0		101		101		101		0		0		0		0		101		0		101		0		101		0		101		0		0		101		0		101		101		0		0		0		101		0		101		101		0		0		0		0		0		0		0		101		0		101		101		101		101		0		0		0		101		0		0		0		101		101		
0		0		101		0		101		0		101		0		0		0		0		0		0		0		0		0		101		0		0		0		101		0		0		0		0		0		0		101		0		0		0		0		0		101		101		101		101		0		0		101		0		0		0		0		0		101		101		101		0		0		0		0		0		0		0		101		0		101		101		0		101		0		0		0		0		0		0		0		0		0		0		101		101		0		0		0		0		0		0		0		0		0		101		0		101		0		101		0		0		101		0		0		101		0		0		0		0		0		0		0		
101		0		101		101		101		0		0		0		101		0		0		0		101		0		101		101		0		101		0		0		0		0		0		0		0		101		0		0		0		0		0		0		0		0		101		0		101		0		101		0		0		101		101		0		0		0		101		101		0		0		0		101		0		0		101		0		0		0		101		101		0		0		101		0		101		0		0		0		0		101		101		101		0		0		0		0		0		0		101		0		0		101		0		0		0		101		101		101		0		0		0		0		101		101		0		101		101		101		101		0		
0		0		101		0		0		0		101		0		0		101		0		0		0		101		0		0		0		0		0		0		0		0		0		101		0		101		0		0		0		0		101		0		101		0		0		0		0		101		101		101		0		0		0		101		0		101		0		0		101		101		101		0		0		101		0		0		0		0		101		0		0		101		0		0		0		0		0		0		0		101		0		101		0		0		0		101		0		101		101		0		0		0		0		0		101		101		0		0		101		0		101		101		101		0		0		0		0		0		101		101		
0		101		101		0		0		101		101		0		0		101		0		0		0		101		0		0		101		0		101		0		101		0		0		0		0		0		101		0		0		101		0		0		0		0		101		0		101		0		101		0		0		0		0		0		0		0		0		0		101		101		0		101		0		0		101		0		101		0		0		0		0		0		0		101		101		101		101		0		0		0		0		0		101		101		0		101		101		101		0		0		0		101		0		0		0		0		0		0		0		101		0		0		101		101		0		0		0		101		0		0		
0		0		101		101		101		0		101		0		0		0		0		101		0		0		0		101		0		0		0		0		0		0		0		0		101		0		101		101		0		0		101		0		0		101		0		0		101		0		0		0		0		101		0		0		0		0		0		0		101		0		101		101		0		0		0		101		0		0		0		101		101		0		0		101		0		0		101		0		0		0		0		101		101		0		101		101		101		101		0		0		0		0		0		101		101		101		0		0		0		101		101		0		0		0		101		101		0		0		0		101		
101		0		101		101		0		101		0		101		0		0		0		0		0		101		0		0		101		0		0		0		0		0		101		0		0		101		0		0		101		101		0		0		0		0		101		0		0		101		0		101		0		0		101		101		0		101		0		101		0		101		101		101		0		0		0		0		101		0		101		0		0		0		0		101		0		101		0		0		0		0		0		0		101		0		101		0		0		101		0		0		0		0		101		0		0		0		101		0		0		101		0		0		0		0		101		0		0		101		101		0		
0		101		0		0		0		0		101		101		101		0		0		101		0		0		0		101		0		0		0		0		101		0		101		0		0		0		0		0		0		0		0		0		101		101		0		0		101		101		101		0		0		0		0		101		0		101		0		0		0		0		0		0		101		0		101		101		0		0		0		0		0		0		101		101		101		0		0		0		101		0		0		101		0		0		0		0		0		0		0		0		101		0		0		0		101		0		101		0		0		0		101		0		0		0		0		101		0		0		0		0		
101		101		0		101		0		0		0		0		0		0		0		0		101		0		101		0		0		101		0		0		101		0		0		0		0		101		0		0		0		0		0		0		0		101		0		0		101		0		0		0		0		0		101		0		0		101		0		0		101		0		0		0		0		101		101		0		101		101		0		0		101		0		0		101		0		101		0		0		0		0		0		0		101		0		101		101		0		0		101		101		0		0		101		0		0		0		101		0		0		0		101		0		0		0		101		0		101		101		0		101		
101		101		0		0		101		101		0		101		101		0		0		0		0		0		0		0		101		0		0		0		0		0		0		0		0		0		0		0		0		101		0		0		101		101		101		0		101		0		101		0		0		0		0		101		0		0		0		101		0		101		0		0		101		101		101		0		101		101		0		0		0		0		0		0		0		101		0		0		101		0		0		101		101		0		0		101		101		0		0		0		0		0		0		0		0		0		101		0		101		101		101		0		0		0		101		0		101		101		0		101		
0		101		101		0		0		101		101		101		0		101		0		0		0		101		0		0		101		0		101		0		0		0		0		0		0		0		0		0		101		101		0		101		0		101		0		101		0		101		0		0		0		0		0		0		0		0		101		0		0		0		101		0		101		0		0		101		0		0		101		0		0		0		0		0		0		0		101		0		0		0		0		0		101		0		0		0		0		0		0		0		0		0		0		0		0		101		0		0		101		0		0		0		0		0		0		0		0		0		0		101		
0		0		0		101		101		0		101		0		0		0		0		0		0		0		0		0		0		0		101		101		0		101		0		101		0		0		0		101		0		0		0		0		0		0		0		0		0		0		0		0		101		0		0		0		101		0		0		0		0		101		0		101		0		101		101		0		101		101		101		101		0		0		0		0		0		0		0		0		0		101		0		101		0		0		0		0		101		101		0		0		101		0		0		0		0		0		0		0		0		101		101		0		101		0		101		101		0		101		0		0		
0		0		0		101		0		0		0		0		101		0		0		101		0		0		0		0		0		0		0		0		101		101		0		101		101		0		101		101		101		101		0		0		0		0		0		101		0		0		0		0		101		0		0		0		101		0		101		0		0		0		0		0		0		101		101		0		101		101		0		0		101		0		0		0		0		0		101		0		0		101		0		101		0		0		101		0		101		101		0		0		0		0		101		0		0		0		101		0		0		0		0		101		101		0		0		101		101		0		101		101		
0		0		0		0		0		0		0		101		0		0		0		0		0		0		0		0		0		0		0		101		0		0		101		0		101		0		0		101		0		0		101		101		0		0		0		0		101		0		0		0		0		0		101		101		0		101		101		101		101		0		0		101		0		0		0		101		101		0		101		101		0		0		0		0		0		0		0		101		0		0		0		0		0		0		101		0		0		0		0		0		0		101		0		0		0		0		101		0		0		0		0		0		0		0		0		0		0		0		0		0		
0		0		0		101		101		0		0		101		0		0		0		0		0		0		0		0		0		0		101		0		0		101		0		0		0		0		101		101		0		0		0		101		0		101		101		0		101		0		0		0		0		101		0		101		0		0		0		101		0		0		101		0		0		0		0		0		101		0		101		101		101		0		101		101		0		0		101		0		101		0		0		101		0		0		0		101		0		101		0		0		101		0		101		0		0		0		0		0		101		101		0		0		101		0		101		0		101		101		0		0		
0		0		0		101		0		0		0		101		0		0		0		0		0		0		101		0		0		0		0		101		0		0		0		0		0		101		0		0		0		101		0		101		0		101		0		101		101		101		0		0		0		0		0		0		0		101		101		0		0		0		101		0		0		101		0		0		0		101		0		101		101		0		101		0		0		0		0		101		0		0		0		101		0		101		101		101		0		101		101		101		101		0		0		0		101		0		101		0		0		0		101		101		101		101		0		0		0		0		0		0		
0		0		0		101		0		0		101		0		101		101		101		101		0		0		0		0		0		0		101		0		0		0		0		101		0		0		0		101		0		0		0		101		101		101		0		0		0		0		0		0		101		101		0		0		0		0		0		0		101		0		0		0		0		0		0		0		0		0		0		0		0		101		0		101		0		101		0		0		101		0		0		101		101		0		0		101		0		101		0		0		101		101		0		0		101		0		0		0		101		0		0		0		0		101		101		101		0		0		0		0		
0		0		101		101		0		0		101		0		0		0		0		0		101		0		101		0		0		101		0		0		0		0		101		101		101		101		0		0		0		101		101		101		101		0		0		101		101		101		101		0		0		101		0		101		0		101		0		101		0		0		0		0		101		0		0		0		0		0		0		101		101		0		101		101		0		101		0		101		0		0		0		0		0		0		101		0		0		101		0		101		0		0		0		0		101		101		0		101		101		0		0		0		0		0		0		101		0		0		0		0		
0		0		101		0		0		0		0		0		101		0		0		101		0		0		0		101		0		0		101		0		101		101		0		0		101		101		0		0		0		101		0		0		0		0		0		101		101		0		0		101		0		101		0		101		101		0		0		0		0		101		101		101		101		101		0		0		0		0		0		101		0		101		101		101		0		0		0		0		0		0		101		0		101		0		0		101		0		0		101		0		101		101		101		0		101		101		0		0		101		0		101		0		0		101		0		0		101		0		0		0		
0		101		0		0		101		0		101		0		0		0		0		0		0		101		0		0		101		0		0		101		101		0		0		101		0		0		0		0		0		101		0		101		101		0		101		0		101		0		101		101		0		0		101		0		0		101		0		101		0		101		0		0		101		0		0		0		0		0		0		0		0		0		0		0		101		0		101		101		0		101		101		0		0		0		0		101		0		0		0		0		0		0		0		0		0		101		0		101		101		101		0		0		101		0		101		0		0		0		0		0		
0		101		0		0		0		0		0		101		0		101		0		101		0		0		101		0		0		0		0		101		101		0		101		101		0		0		101		0		0		101		0		101		101		101		101		0		0		0		101		0		0		0		0		0		0		0		0		0		0		101		0		101		0		101		101		0		0		0		0		0		0		101		101		0		0		101		101		0		0		101		101		101		101		0		0		0		101		0		0		0		0		0		0		0		0		0		101		101		101		0		0		0		0		101		0		0		0		0		101		101		
0		101		0		101		0		0		101		0		0		0		0		101		0		0		0		0		0		0		0		0		101		101		101		101		0		0		0		101		101		0		0		0		0		0		0		0		0		0		0		0		101		0		0		101		0		0		0		0		0		101		101		0		0		0		0		101		0		101		0		101		0		0		0		0		101		101		101		0		0		101		0		101		0		101		0		101		0		0		0		0		0		101		0		0		0		101		0		0		0		0		101		0		0		101		101		101		101		101		101		0		
0		0		101		0		101		0		101		0		0		0		0		101		0		101		101		0		0		0		0		0		0		0		0		101		101		0		0		101		101		0		0		0		101		101		0		101		101		0		101		0		0		0		0		0		0		101		0		0		0		0		0		0		0		0		0		0		0		0		101		0		101		0		101		0		101		0		0		101		0		101		0		0		0		0		0		101		0		0		0		0		0		0		101		101		0		101		0		0		0		0		0		101		101		0		101		0		101		0		0		101		
0		0		0		0		101		0		0		101		101		0		0		101		0		101		0		0		0		0		101		101		101		0		0		101		101		0		0		0		0		0		0		101		0		101		0		0		0		0		0		0		0		101		0		0		101		0		0		0		0		0		0		0		101		0		101		0		0		0		0		101		0		101		0		0		0		0		0		0		101		0		0		0		0		0		0		0		0		101		0		0		0		101		0		101		0		0		0		0		101		101		0		0		0		101		101		0		0		0		101		101		
101		0		101		101		0		0		0		0		0		0		0		0		0		0		0		0		0		0		0		101		0		0		0		0		101		0		0		0		0		0		0		101		0		0		0		0		101		0		0		101		0		0		0		0		0		101		0		101		101		0		0		0		0		0		0		0		101		101		0		0		0		0		0		0		101		101		101		101		0		101		0		101		0		0		0		0		0		0		0		0		0		0		0		0		0		101		101		0		101		101		0		0		0		0		0		0		0		101		0		0		
0		0		0		0		0		101		101		0		0		101		0		0		0		0		101		101		101		0		0		101		0		0		0		0		0		101		0		101		0		101		0		0		0		0		0		0		0		0		0		0		0		101		0		0		101		101		0		101		0		0		0		0		0		0		0		0		0		0		0		0		0		0		0		101		101		101		0		0		0		0		101		0		101		101		0		101		101		0		101		0		0		0		101		0		101		0		0		0		0		101		101		0		0		0		0		0		0		101		0		0		
0		0		101		101		0		0		0		0		0		0		0		0		101		0		101		0		0		0		101		0		101		0		0		0		0		101		0		0		0		0		101		0		0		0		0		101		101		0		0		0		0		101		0		101		0		0		101		101		101		0		101		0		101		0		101		0		101		101		0		101		101		101		0		0		0		101		101		0		0		101		0		101		101		0		101		0		101		0		0		0		101		0		0		0		0		0		101		0		101		0		101		0		0		0		101		0		0		101		0		101		
101		0		101		0		0		101		0		101		101		0		0		101		0		0		101		0		0		0		101		101		0		0		0		101		0		0		101		0		0		101		0		101		0		101		0		0		101		0		0		0		0		0		0		0		101		0		101		0		0		101		101		101		0		101		101		101		0		0		0		0		0		101		0		101		0		101		0		0		0		0		101		101		101		0		101		0		0		0		101		0		0		0		0		0		0		0		0		0		0		0		0		0		0		101		0		0		0		0		0		0		
0		0		101		0		0		0		0		0		0		0		0		0		101		0		0		0		0		101		0		101		0		0		0		0		0		101		101		0		0		0		101		0		101		0		0		0		0		0		0		0		101		0		101		101		0		0		0		0		0		101		0		0		0		0		0		0		0		0		0		0		101		0		0		0		0		0		101		0		0		0		101		0		0		101		0		0		0		101		0		0		0		0		0		0		0		0		0		0		0		0		0		101		101		101		101		0		0		101		0		101		
101		101		0		0		0		0		0		0		101		101		101		0		101		0		101		0		0		101		0		101		0		0		0		0		0		0		0		0		0		0		0		0		0		0		0		0		101		101		101		0		101		0		0		0		101		101		0		0		0		0		101		101		0		101		0		0		0		101		101		0		101		0		101		0		0		0		0		0		0		0		0		101		101		0		101		0		0		0		0		0		101		101		0		0		101		101		0		0		0		0		0		0		0		0		0		101		0		0		101		101		
0		0		0		0		0		101		0		0		0		0		101		0		0		0		0		101		0		0		0		101		0		0		0		0		0		0		0		101		101		0		0		101		0		0		0		0		0		0		101		0		0		0		0		0		0		0		0		0		101		101		101		0		0		101		101		0		0		0		0		101		101		101		0		101		101		0		101		101		0		0		101		0		0		0		0		101		101		101		0		101		0		0		0		0		0		0		0		0		0		0		0		0		0		0		101		0		0		0		0		101		
0		101		101		0		0		101		101		0		0		0		0		0		101		0		0		101		0		101		0		0		0		0		0		0		0		0		0		0		0		0		101		0		0		0		101		0		0		101		101		0		0		101		0		0		0		101		0		0		0		101		101		0		0		0		101		0		101		101		0		0		0		0		0		0		0		101		0		0		0		0		101		101		0		0		0		101		101		101		101		0		0		0		0		0		0		0		0		0		0		0		101		0		0		0		0		0		0		101		0		101		
101		0		0		0		0		0		0		101		101		101		101		101		0		0		101		101		0		101		0		0		0		0		0		0		0		101		101		101		101		0		0		101		0		0		0		0		0		0		0		101		101		0		101		0		101		101		0		0		101		101		101		101		0		0		0		0		101		101		0		101		101		101		101		0		0		0		0		0		101		0		0		0		0		101		0		101		101		101		0		101		0		0		0		0		0		0		0		101		101		0		0		0		0		0		101		0		0		101		0		0		
0		101		0		0		0		101		0		101		0		0		0		0		101		0		0		0		0		0		0		0		0		0		0		0		101		0		0		0		0		0		101		0		0		101		101		0		101		0		101		0		0		0		101		101		0		0		0		101		101		0		0		0		0		101		0		0		0		0		0		0		101		0		0		101		0		0		0		0		0		0		101		0		101		0		0		0		101		0		101		101		0		0		0		0		101		0		101		0		101		0		101		0		0		101		0		0		0		0		101		0		
0		0		0		0		0		0		0		0		0		101		0		0		0		0		0		0		0		101		0		101		0		0		0		0		0		101		0		101		0		0		0		0		0		0		101		0		0		101		0		0		0		101		101		0		0		0		0		0		0		0		0		0		0		101		0		0		0		0		0		0		101		0		101		0		0		0		0		0		0		0		0		0		0		0		0		101		0		101		101		101		0		0		0		0		0		0		0		0		101		101		0		0		0		0		0		0		0		0		0		0		
101		0		0		101		0		101		0		101		0		0		0		0		0		101		0		0		0		0		101		101		0		0		101		0		0		0		0		101		0		0		0		0		0		101		0		0		0		0		101		0		0		0		101		0		0		0		0		0		0		0		0		0		101		0		0		0		101		0		0		101		101		101		0		101		0		0		0		0		0		0		0		101		0		0		101		0		0		0		0		0		101		101		0		0		0		0		0		0		101		0		0		0		0		0		0		0		101		101		101		0		
0		0		0		101		101		0		0		0		0		101		0		101		101		101		0		0		0		0		101		101		0		0		0		0		0		101		101		0		0		0		0		0		101		101		101		0		0		0		0		0		101		101		0		0		0		0		0		101		0		101		0		0		0		0		0		0		0		0		101		0		0		101		0		101		0		0		101		0		101		0		0		0		0		0		101		0		0		0		0		0		101		101		0		101		0		0		0		0		0		0		0		0		0		101		0		0		0		101		0		101		
101		101		101		0		0		0		0		101		0		0		101		0		0		0		0		0		101		101		0		101		0		0		0		0		101		0		0		101		101		0		0		0		0		0		0		101		0		0		101		0		101		0		101		0		0		0		101		0		0		0		0		101		0		101		0		0		0		101		0		101		0		0		0		101		0		0		0		101		0		0		101		0		0		0		0		0		0		0		0		0		0		0		101		0		0		101		0		101		0		0		101		101		0		0		101		101		0		0		101		0		
0		101		0		0		0		0		0		0		0		101		0		101		0		0		101		0		101		0		101		0		0		0		0		0		0		0		0		0		0		0		101		0		0		0		0		0		101		101		0		101		101		0		0		0		0		0		0		0		0		0		101		0		0		0		0		0		0		0		0		0		0		0		0		0		0		0		0		101		101		0		0		0		0		0		0		0		0		0		0		0		0		101		0		101		101		0		101		0		0		101		0		0		101		101		0		0		0		0		0		0		
0		0		0		0		0		0		0		0		0		0		0		0		0		0		0		101		101		0		0		101		0		0		0		0		101		0		0		0		0		0		101		101		0		0		0		0		0		0		0		0		0		0		101		0		0		0		101		0		101		0		101		0		101		0		0		0		0		0		0		0		101		101		101		101		0		0		0		0		0		0		101		0		0		0		101		0		0		0		101		0		0		0		0		101		101		0		0		101		0		0		0		0		0		0		0		0		101		0		0		0		
0		0		0		0		0		0		0		101		0		101		101		0		0		0		0		101		101		0		0		0		101		0		0		0		0		101		101		0		0		0		101		0		0		0		0		0		0		0		101		101		0		101		101		0		0		101		0		101		101		0		101		0		0		0		0		101		0		0		0		0		0		0		101		101		101		0		101		101		0		101		0		0		0		0		101		0		0		0		0		0		0		0		101		0		0		101		0		0		0		101		101		0		0		0		0		101		101		101		0		0		
0		0		101		0		0		0		0		0		0		0		0		101		0		0		0		0		101		0		0		0		101		0		101		0		0		0		0		101		0		101		0		0		101		0		101		0		101		101		101		0		101		0		0		101		0		0		101		101		0		0		0		101		101		101		101		0		0		101		101		0		101		0		0		0		0		101		0		0		0		101		0		101		0		0		0		0		0		0		101		0		0		0		0		101		0		0		101		0		0		0		0		101		101		101		0		0		0		101		101		0		
101		101		0		101		0		0		101		0		101		0		0		101		101		0		101		0		101		0		101		0		0		0		0		101		0		101		0		101		101		0		101		0		0		0		0		0		101		101		101		0		0		101		0		0		0		101		0		101		0		0		0		0		0		0		0		0		0		0		0		0		0		0		101		0		101		101		0		0		0		0		0		0		0		0		0		0		0		101		0		0		0		0		101		0		101		0		0		101		0		0		0		0		0		101		0		0		101		0		101		0		
101		0		101		0		0		0		0		0		0		0		0		0		0		0		0		0		0		101		0		0		101		0		0		101		0		101		101		0		101		0		101		0		101		0		0		0		101		101		0		101		101		101		101		0		0		101		0		0		101		0		0		0		0		0		101		101		0		0		0		101		0		101		101		101		101		101		0		0		101		101		0		101		0		0		0		0		0		101		101		101		101		0		0		0		0		0		0		0		101		0		0		0		101		101		0		0		101		0		101		0		
101		101		0		101		0		101		0		0		0		0		101		0		0		0		101		0		0		0		0		0		101		101		101		0		0		0		0		0		0		0		0		0		0		0		101		0		0		101		0		101		0		0		0		101		101		101		101		0		0		101		101		101		0		0		101		0		101		0		0		101		0		0		0		0		101		0		0		0		101		101		101		0		0		0		0		0		0		0		0		101		0		0		0		101		0		101		0		0		0		101		0		0		0		101		101		0		0		0		0		101		
0		0		0		0		0		0		0		0		101		0		0		0		0		0		0		101		0		0		0		0		0		101		0		0		0		0		101		101		0		101		0		0		101		0		101		101		0		0		0		0		0		101		0		0		101		101		0		0		101		0		101		0		101		101		101		0		101		0		0		0		101		0		0		101		0		0		101		0		0		0		101		101		0		0		0		0		101		0		101		0		0		0		101		0		0		101		0		0		0		0		101		0		0		0		0		0		0		101		0		0		
0		0		101		0		0		0		101		0		101		101		0		101		101		0		0		0		0		101		0		0		101		101		0		0		101		0		0		0		0		101		101		0		101		0		0		101		0		101		0		0		0		101		0		0		0		0		0		0		101		0		0		0		0		0		0		0		0		101		0		0		101		0		0		0		0		0		0		101		0		0		0		0		0		101		0		0		0		0		0		0		0		0		101		0		0		0		101		0		0		0		0		101		0		0		101		0		0		101		0		0		
0		101		0		101		0		0		0		101		101		0		0		0		101		101		101		101		0		101		0		0		101		0		101		0		0		0		0		0		101		0		0		101		0		0		101		0		0		0		101		0		101		0		101		0		0		0		101		101		101		101		0		0		0		0		0		0		101		101		0		101		101		0		0		0		101		0		0		101		0		0		0		0		0		101		0		0		0		0		0		0		0		0		0		101		0		0		101		0		101		0		0		0		101		0		0		0		101		0		0		101		
0		0		101		0		101		0		0		0		0		0		0		0		101		0		0		101		0		101		0		0		0		0		0		0		0		0		0		0		0		101		0		0		0		0		0		101		0		0		101		0		0		0		101		0		0		0		0		101		0		101		0		0		0		0		0		0		0		0		0		0		101		101		0		101		0		101		101		0		101		0		0		0		101		101		0		0		0		0		101		0		0		101		0		101		0		0		101		101		101		101		0		0		0		101		0		0		101		101		0		101		
0		0		101		0		0		0		101		0		101		0		0		0		101		0		0		0		101		0		101		0		0		0		101		0		0		101		0		0		101		101		0		0		0		0		0		0		0		0		101		101		0		0		0		0		0		101		0		0		0		0		101		101		0		101		101		0		101		0		0		101		0		101		0		0		101		0		101		101		101		0		0		101		0		101		0		101		0		101		0		0		0		0		101		0		0		0		0		0		0		101		0		101		0		0		101		0		0		0		101		101		
0		0		101		101		0		0		0		0		0		101		0		0		0		0		0		0		0		0		0		0		0		0		0		0		0		0		0		0		101		101		0		101		0		0		101		0		101		0		0		0		101		0		0		0		0		0		0		101		0		0		101		0		101		0		0		0		101		101		0		0		0		101		101		0		0		0		101		0		0		0		0		0		0		0		101		0		0		0		0		0		0		0		101		0		0		101		0		0		0		0		0		0		0		0		0		101		101		0		0		0		
0		0		101		101		101		0		101		0		0		0		0		0		0		0		0		0		0		101		0		101		101		0		0		0		0		0		0		101		0		0		0		0		0		101		101		101		101		0		101		101		101		101		0		101		0		0		0		101		0		0		0		0		0		101		101		0		0		101		0		101		0		0		0		101		0		0		101		101		0		0		0		0		0		0		0		0		0		0		0		0		101		0		0		0		101		101		0		101		101		0		0		0		101		101		0		101		101		0		0		101		
0		101		101		0		101		0		0		0		0		101		0		0		0		0		101		0		0		0		0		0		0		0		0		0		101		0		0		101		0		0		0		0		101		0		0		0		0		0		0		0		0		101		0		0		0		0		0		101		0		101		0		101		0		101		101		0		101		0		0		101		0		0		0		0		0		0		101		0		0		101		101		101		0		101		0		0		101		101		0		0		101		101		0		0		0		101		101		0		0		0		101		101		0		101		0		0		0		101		101		101		
101		0		0		101		101		0		0		0		0		101		101		0		101		101		101		101		0		0		0		0		0		0		0		101		0		0		0		101		0		0		0		0		0		101		0		0		0		0		0		0		101		0		101		0		0		101		0		101		101		0		0		101		0		0		0		0		0		101		0		0		0		0		0		0		0		101		101		0		101		0		0		0		0		0		101		0		0		0		101		0		101		0		101		0		0		0		101		101		101		0		0		0		0		0		101		0		0		101		101		0		
0		0		101		101		0		101		101		0		0		0		0		0		101		101		0		0		0		0		0		0		101		0		0		0		0		0		101		0		0		0		101		101		0		101		101		0		0		0		101		0		0		0		0		0		0		101		0		0		101		0		101		0		0		101		101		101		0		101		0		0		0		0		0		0		0		101		0		101		101		0		0		101		0		101		101		101		101		0		0		0		0		101		0		0		0		0		0		0		0		101		0		0		101		101		101		0		101		101		0		101		
NDC Pairs
< 1		6 >
< 1		7 >
< 1		9 >
< 1		10 >
< 1		12 >
< 1		13 >
< 1		19 >
< 1		28 >
< 1		35 >
< 1		41 >
< 1		43 >
< 1		44 >
< 1		48 >
< 1		52 >
< 1		54 >
< 1		55 >
< 1		70 >
< 1		73 >
< 1		75 >
< 1		78 >
< 1		81 >
< 1		83 >
< 1		88 >
< 1		89 >
< 1		90 >
< 1		99 >
< 2		10 >
< 2		13 >
< 2		18 >
< 2		21 >
< 2		23 >
< 2		24 >
< 2		26 >
< 2		28 >
< 2		33 >
< 2		35 >
< 2		36 >
< 2		50 >
< 2		53 >
< 2		54 >
< 2		55 >
< 2		56 >
< 2		65 >
< 2		66 >
< 2		67 >
< 2		75 >
< 2		77 >
< 2		79 >
< 2		83 >
< 2		84 >
< 2		88 >
< 2		90 >
< 2		93 >
< 2		98 >
< 3		6 >
< 3		8 >
< 3		10 >
< 3		14 >
< 3		15 >
< 3		29 >
< 3		30 >
< 3		31 >
< 3		35 >
< 3		39 >
< 3		41 >
< 3		42 >
< 3		47 >
< 3		48 >
< 3		49 >
< 3		50 >
< 3		51 >
< 3		52 >
< 3		56 >
< 3		63 >
< 3		64 >
< 3		68 >
< 3		70 >
< 3		72 >
< 3		73 >
< 3		74 >
< 3		77 >
< 3		83 >
< 3		87 >
< 3		89 >
< 3		92 >
< 3		94 >
< 3		95 >
< 3		96 >
< 3		97 >
< 3		98 >
< 3		100 >
< 4		9 >
< 4		10 >
< 4		11 >
< 4		16 >
< 4		18 >
< 4		22 >
< 4		38 >
< 4		39 >
< 4		40 >
< 4		42 >
< 4		43 >
< 4		48 >
< 4		51 >
< 4		52 >
< 4		54 >
< 4		57 >
< 4		58 >
< 4		60 >
< 4		61 >
< 4		62 >
< 4		63 >
< 4		67 >
< 4		70 >
< 4		72 >
< 4		81 >
< 4		82 >
< 4		88 >
< 4		90 >
< 4		93 >
< 4		96 >
< 4		97 >
< 4		99 >
< 4		100 >
< 5		7 >
< 5		9 >
< 5		14 >
< 5		15 >
< 5		18 >
< 5		25 >
< 5		27 >
< 5		28 >
< 5		43 >
< 5		47 >
< 5		48 >
< 5		51 >
< 5		55 >
< 5		57 >
< 5		60 >
< 5		65 >
< 5		68 >
< 5		69 >
< 5		82 >
< 5		94 >
< 5		97 >
< 5		98 >
< 5		99 >
< 6		9 >
< 6		10 >
< 6		11 >
< 6		15 >
< 6		16 >
< 6		18 >
< 6		21 >
< 6		26 >
< 6		29 >
< 6		38 >
< 6		40 >
< 6		43 >
< 6		45 >
< 6		50 >
< 6		52 >
< 6		55 >
< 6		56 >
< 6		71 >
< 6		73 >
< 6		76 >
< 6		77 >
< 6		79 >
< 6		81 >
< 6		90 >
< 6		100 >
< 7		12 >
< 7		16 >
< 7		17 >
< 7		18 >
< 7		19 >
< 7		25 >
< 7		34 >
< 7		38 >
< 7		42 >
< 7		43 >
< 7		46 >
< 7		47 >
< 7		49 >
< 7		50 >
< 7		51 >
< 7		53 >
< 7		56 >
< 7		57 >
< 7		62 >
< 7		63 >
< 7		65 >
< 7		67 >
< 7		68 >
< 7		71 >
< 7		77 >
< 7		88 >
< 7		92 >
< 7		95 >
< 7		97 >
< 7		100 >
< 8		10 >
< 8		13 >
< 8		14 >
< 8		24 >
< 8		25 >
< 8		28 >
< 8		30 >
< 8		46 >
< 8		52 >
< 8		53 >
< 8		55 >
< 8		56 >
< 8		59 >
< 8		60 >
< 8		61 >
< 8		66 >
< 8		69 >
< 8		73 >
< 8		78 >
< 8		79 >
< 8		81 >
< 8		83 >
< 8		86 >
< 8		93 >
< 9		16 >
< 9		17 >
< 9		24 >
< 9		28 >
< 9		34 >
< 9		39 >
< 9		40 >
< 9		42 >
< 9		45 >
< 9		46 >
< 9		48 >
< 9		53 >
< 9		55 >
< 9		58 >
< 9		62 >
< 9		64 >
< 9		69 >
< 9		73 >
< 9		75 >
< 9		78 >
< 9		88 >
< 9		91 >
< 9		92 >
< 9		93 >
< 9		95 >
< 10		11 >
< 10		12 >
< 10		16 >
< 10		17 >
< 10		22 >
< 10		36 >
< 10		42 >
< 10		44 >
< 10		45 >
< 10		46 >
< 10		49 >
< 10		50 >
< 10		56 >
< 10		62 >
< 10		66 >
< 10		71 >
< 10		75 >
< 10		78 >
< 10		80 >
< 10		82 >
< 10		84 >
< 10		86 >
< 10		92 >
< 10		96 >
< 10		98 >
< 10		99 >
< 11		13 >
< 11		16 >
< 11		17 >
< 11		20 >
< 11		21 >
< 11		23 >
< 11		38 >
< 11		40 >
< 11		45 >
< 11		62 >
< 11		75 >
< 11		76 >
< 11		78 >
< 11		83 >
< 11		86 >
< 11		90 >
< 11		99 >
< 12		14 >
< 12		29 >
< 12		36 >
< 12		51 >
< 12		53 >
< 12		58 >
< 12		62 >
< 12		64 >
< 12		66 >
< 12		67 >
< 12		68 >
< 12		69 >
< 12		73 >
< 12		78 >
< 12		82 >
< 12		84 >
< 12		87 >
< 12		88 >
< 12		92 >
< 13		15 >
< 13		18 >
< 13		19 >
< 13		20 >
< 13		22 >
< 13		24 >
< 13		25 >
< 13		26 >
< 13		30 >
< 13		35 >
< 13		36 >
< 13		37 >
< 13		39 >
< 13		41 >
< 13		43 >
< 13		48 >
< 13		54 >
< 13		63 >
< 13		72 >
< 13		74 >
< 13		75 >
< 13		77 >
< 13		79 >
< 13		82 >
< 13		88 >
< 13		92 >
< 13		93 >
< 13		94 >
< 13		95 >
< 13		99 >
< 13		100 >
< 14		16 >
< 14		23 >
< 14		24 >
< 14		33 >
< 14		34 >
< 14		41 >
< 14		49 >
< 14		50 >
< 14		52 >
< 14		56 >
< 14		65 >
< 14		68 >
< 14		69 >
< 14		81 >
< 14		82 >
< 14		93 >
< 14		99 >
< 14		100 >
< 15		17 >
< 15		29 >
< 15		32 >
< 15		36 >
< 15		38 >
< 15		39 >
< 15		40 >
< 15		48 >
< 15		54 >
< 15		61 >
< 15		63 >
< 15		66 >
< 15		68 >
< 15		71 >
< 15		72 >
< 15		73 >
< 15		75 >
< 15		78 >
< 15		84 >
< 15		88 >
< 15		90 >
< 15		93 >
< 15		98 >
< 15		99 >
< 16		18 >
< 16		32 >
< 16		35 >
< 16		37 >
< 16		42 >
< 16		45 >
< 16		46 >
< 16		48 >
< 16		51 >
< 16		53 >
< 16		64 >
< 16		71 >
< 16		76 >
< 16		77 >
< 16		78 >
< 16		85 >
< 16		86 >
< 16		91 >
< 16		93 >
< 16		94 >
< 16		99 >
< 17		19 >
< 17		24 >
< 17		27 >
< 17		28 >
< 17		30 >
< 17		35 >
< 17		39 >
< 17		43 >
< 17		47 >
< 17		50 >
< 17		52 >
< 17		55 >
< 17		56 >
< 17		65 >
< 17		71 >
< 17		83 >
< 17		84 >
< 17		85 >
< 17		86 >
< 17		87 >
< 17		88 >
< 17		95 >
< 18		22 >
< 18		24 >
< 18		32 >
< 18		33 >
< 18		35 >
< 18		37 >
< 18		48 >
< 18		54 >
< 18		63 >
< 18		74 >
< 18		75 >
< 18		77 >
< 18		78 >
< 18		80 >
< 18		83 >
< 18		89 >
< 18		92 >
< 18		93 >
< 18		94 >
< 18		97 >
< 19		22 >
< 19		24 >
< 19		26 >
< 19		29 >
< 19		30 >
< 19		32 >
< 19		33 >
< 19		35 >
< 19		36 >
< 19		42 >
< 19		44 >
< 19		45 >
< 19		50 >
< 19		56 >
< 19		57 >
< 19		60 >
< 19		62 >
< 19		64 >
< 19		69 >
< 19		72 >
< 19		73 >
< 19		81 >
< 19		82 >
< 19		84 >
< 19		88 >
< 19		95 >
< 20		25 >
< 20		26 >
< 20		27 >
< 20		31 >
< 20		43 >
< 20		57 >
< 20		59 >
< 20		61 >
< 20		65 >
< 20		66 >
< 20		69 >
< 20		70 >
< 20		71 >
< 20		73 >
< 20		74 >
< 20		75 >
< 20		76 >
< 20		80 >
< 20		81 >
< 20		82 >
< 20		83 >
< 20		85 >
< 20		97 >
< 21		25 >
< 21		26 >
< 21		27 >
< 21		30 >
< 21		31 >
< 21		32 >
< 21		34 >
< 21		35 >
< 21		38 >
< 21		46 >
< 21		47 >
< 21		50 >
< 21		53 >
< 21		54 >
< 21		58 >
< 21		64 >
< 21		65 >
< 21		66 >
< 21		67 >
< 21		69 >
< 21		72 >
< 21		86 >
< 21		87 >
< 21		89 >
< 21		90 >
< 21		92 >
< 21		93 >
< 21		97 >
< 21		100 >
< 22		23 >
< 22		24 >
< 22		31 >
< 22		34 >
< 22		38 >
< 22		41 >
< 22		44 >
< 22		46 >
< 22		57 >
< 22		58 >
< 22		60 >
< 22		64 >
< 22		67 >
< 22		90 >
< 22		91 >
< 22		92 >
< 23		25 >
< 23		28 >
< 23		31 >
< 23		35 >
< 23		39 >
< 23		44 >
< 23		45 >
< 23		46 >
< 23		52 >
< 23		53 >
< 23		59 >
< 23		63 >
< 23		66 >
< 23		67 >
< 23		81 >
< 23		87 >
< 23		90 >
< 23		93 >
< 23		95 >
< 24		26 >
< 24		31 >
< 24		35 >
< 24		36 >
< 24		38 >
< 24		41 >
< 24		42 >
< 24		44 >
< 24		45 >
< 24		49 >
< 24		57 >
< 24		58 >
< 24		62 >
< 24		63 >
< 24		65 >
< 24		66 >
< 24		67 >
< 24		68 >
< 24		69 >
< 24		73 >
< 24		88 >
< 24		89 >
< 24		99 >
< 25		30 >
< 25		32 >
< 25		34 >
< 25		37 >
< 25		38 >
< 25		39 >
< 25		46 >
< 25		51 >
< 25		58 >
< 25		59 >
< 25		63 >
< 25		64 >
< 25		68 >
< 25		69 >
< 25		70 >
< 25		79 >
< 25		83 >
< 25		85 >
< 25		92 >
< 25		98 >
< 26		28 >
< 26		29 >
< 26		32 >
< 26		36 >
< 26		37 >
< 26		41 >
< 26		45 >
< 26		46 >
< 26		48 >
< 26		49 >
< 26		52 >
< 26		54 >
< 26		61 >
< 26		63 >
< 26		64 >
< 26		71 >
< 26		72 >
< 26		74 >
< 26		78 >
< 26		80 >
< 26		82 >
< 26		86 >
< 26		88 >
< 26		89 >
< 26		95 >
< 27		33 >
< 27		37 >
< 27		40 >
< 27		41 >
< 27		42 >
< 27		45 >
< 27		46 >
< 27		50 >
< 27		51 >
< 27		58 >
< 27		60 >
< 27		66 >
< 27		73 >
< 27		74 >
< 27		78 >
< 27		82 >
< 27		86 >
< 27		89 >
< 27		91 >
< 27		100 >
< 28		35 >
< 28		36 >
< 28		38 >
< 28		41 >
< 28		47 >
< 28		51 >
< 28		57 >
< 28		58 >
< 28		59 >
< 28		60 >
< 28		62 >
< 28		67 >
< 28		68 >
< 28		71 >
< 28		76 >
< 28		78 >
< 28		80 >
< 28		81 >
< 28		83 >
< 28		87 >
< 28		88 >
< 28		91 >
< 28		97 >
< 28		98 >
< 28		99 >
< 29		35 >
< 29		44 >
< 29		46 >
< 29		52 >
< 29		56 >
< 29		58 >
< 29		67 >
< 29		68 >
< 29		76 >
< 29		78 >
< 29		83 >
< 29		88 >
< 29		89 >
< 29		93 >
< 29		95 >
< 29		96 >
< 30		32 >
< 30		39 >
< 30		40 >
< 30		46 >
< 30		50 >
< 30		52 >
< 30		55 >
< 30		56 >
< 30		58 >
< 30		61 >
< 30		63 >
< 30		64 >
< 30		65 >
< 30		66 >
< 30		71 >
< 30		73 >
< 30		87 >
< 30		91 >
< 30		92 >
< 30		94 >
< 30		95 >
< 30		96 >
< 31		32 >
< 31		35 >
< 31		39 >
< 31		43 >
< 31		45 >
< 31		49 >
< 31		51 >
< 31		59 >
< 31		63 >
< 31		72 >
< 31		74 >
< 31		77 >
< 31		79 >
< 31		84 >
< 31		85 >
< 31		86 >
< 31		88 >
< 31		89 >
< 31		92 >
< 31		100 >
< 32		37 >
< 32		40 >
< 32		43 >
< 32		45 >
< 32		46 >
< 32		56 >
< 32		59 >
< 32		60 >
< 32		61 >
< 32		62 >
< 32		63 >
< 32		65 >
< 32		66 >
< 32		69 >
< 32		70 >
< 32		73 >
< 32		76 >
< 32		78 >
< 32		85 >
< 32		93 >
< 32		96 >
< 32		100 >
< 33		36 >
< 33		37 >
< 33		38 >
< 33		39 >
< 33		49 >
< 33		53 >
< 33		55 >
< 33		62 >
< 33		63 >
< 33		65 >
< 33		66 >
< 33		68 >
< 33		74 >
< 33		82 >
< 33		87 >
< 33		89 >
< 33		91 >
< 33		92 >
< 33		98 >
< 34		40 >
< 34		43 >
< 34		47 >
< 34		51 >
< 34		53 >
< 34		54 >
< 34		55 >
< 34		56 >
< 34		60 >
< 34		61 >
< 34		62 >
< 34		66 >
< 34		68 >
< 34		69 >
< 34		73 >
< 34		79 >
< 34		81 >
< 34		82 >
< 34		97 >
< 34		99 >
< 34		100 >
< 35		38 >
< 35		42 >
< 35		43 >
< 35		44 >
< 35		47 >
< 35		48 >
< 35		50 >
< 35		52 >
< 35		55 >
< 35		60 >
< 35		65 >
< 35		66 >
< 35		77 >
< 35		79 >
< 35		80 >
< 35		82 >
< 35		87 >
< 35		90 >
< 35		91 >
< 35		93 >
< 35		96 >
< 35		97 >
< 35		100 >
< 36		37 >
< 36		40 >
< 36		44 >
< 36		47 >
< 36		56 >
< 36		58 >
< 36		61 >
< 36		63 >
< 36		64 >
< 36		68 >
< 36		72 >
< 36		83 >
< 36		91 >
< 36		92 >
< 36		94 >
< 36		97 >
< 37		40 >
< 37		44 >
< 37		45 >
< 37		47 >
< 37		48 >
< 37		50 >
< 37		51 >
< 37		53 >
< 37		54 >
< 37		55 >
< 37		59 >
< 37		60 >
< 37		61 >
< 37		63 >
< 37		64 >
< 37		65 >
< 37		68 >
< 37		70 >
< 37		72 >
< 37		73 >
< 37		75 >
< 37		79 >
< 37		84 >
< 37		87 >
< 37		88 >
< 37		89 >
< 37		96 >
< 37		97 >
< 38		43 >
< 38		45 >
< 38		46 >
< 38		49 >
< 38		52 >
< 38		53 >
< 38		56 >
< 38		61 >
< 38		63 >
< 38		75 >
< 38		77 >
< 38		80 >
< 38		84 >
< 38		87 >
< 38		88 >
< 38		89 >
< 38		90 >
< 38		92 >
< 39		48 >
< 39		49 >
< 39		50 >
< 39		53 >
< 39		55 >
< 39		63 >
< 39		65 >
< 39		66 >
< 39		68 >
< 39		75 >
< 39		76 >
< 39		77 >
< 39		79 >
< 39		81 >
< 39		83 >
< 39		86 >
< 39		87 >
< 39		88 >
< 39		93 >
< 39		94 >
< 39		95 >
< 39		97 >
< 39		100 >
< 40		41 >
< 40		47 >
< 40		49 >
< 40		52 >
< 40		64 >
< 40		65 >
< 40		70 >
< 40		78 >
< 40		84 >
< 40		86 >
< 40		89 >
< 40		90 >
< 40		95 >
< 40		97 >
< 41		46 >
< 41		57 >
< 41		58 >
< 41		62 >
< 41		67 >
< 41		74 >
< 41		75 >
< 41		78 >
< 41		82 >
< 41		83 >
< 41		84 >
< 41		87 >
< 41		89 >
< 41		93 >
< 41		96 >
< 41		97 >
< 41		99 >
< 42		46 >
< 42		48 >
< 42		51 >
< 42		60 >
< 42		62 >
< 42		63 >
< 42		64 >
< 42		69 >
< 42		71 >
< 42		72 >
< 42		77 >
< 42		80 >
< 42		82 >
< 42		86 >
< 42		88 >
< 42		89 >
< 42		91 >
< 42		92 >
< 42		97 >
< 42		98 >
< 43		45 >
< 43		48 >
< 43		52 >
< 43		54 >
< 43		59 >
< 43		65 >
< 43		74 >
< 43		78 >
< 43		79 >
< 43		80 >
< 43		81 >
< 43		83 >
< 43		85 >
< 43		86 >
< 43		89 >
< 43		93 >
< 43		94 >
< 43		99 >
< 44		49 >
< 44		52 >
< 44		53 >
< 44		55 >
< 44		59 >
< 44		60 >
< 44		63 >
< 44		64 >
< 44		67 >
< 44		72 >
< 44		74 >
< 44		79 >
< 44		87 >
< 44		90 >
< 44		97 >
< 45		46 >
< 45		57 >
< 45		58 >
< 45		64 >
< 45		69 >
< 45		71 >
< 45		73 >
< 45		75 >
< 45		78 >
< 45		90 >
< 45		91 >
< 46		47 >
< 46		49 >
< 46		52 >
< 46		53 >
< 46		54 >
< 46		59 >
< 46		61 >
< 46		63 >
< 46		65 >
< 46		68 >
< 46		70 >
< 46		71 >
< 46		75 >
< 46		77 >
< 46		78 >
< 46		86 >
< 46		88 >
< 46		89 >
< 46		90 >
< 46		91 >
< 46		95 >
< 46		99 >
< 46		100 >
< 47		48 >
< 47		56 >
< 47		58 >
< 47		59 >
< 47		61 >
< 47		72 >
< 47		73 >
< 47		83 >
< 47		85 >
< 47		87 >
< 47		90 >
< 47		93 >
< 48		52 >
< 48		55 >
< 48		59 >
< 48		60 >
< 48		63 >
< 48		65 >
< 48		70 >
< 48		71 >
< 48		72 >
< 48		79 >
< 48		82 >
< 48		86 >
< 48		87 >
< 48		88 >
< 48		93 >
< 48		94 >
< 48		96 >
< 48		97 >
< 48		98 >
< 48		99 >
< 49		50 >
< 49		51 >
< 49		54 >
< 49		59 >
< 49		62 >
< 49		70 >
< 49		72 >
< 49		76 >
< 49		78 >
< 49		79 >
< 49		85 >
< 49		86 >
< 49		89 >
< 49		91 >
< 49		92 >
< 49		93 >
< 49		99 >
< 49		100 >
< 50		52 >
< 50		55 >
< 50		57 >
< 50		64 >
< 50		65 >
< 50		66 >
< 50		67 >
< 50		73 >
< 50		74 >
< 50		76 >
< 50		77 >
< 50		78 >
< 50		82 >
< 50		90 >
< 50		93 >
< 50		94 >
< 50		98 >
< 51		52 >
< 51		56 >
< 51		60 >
< 51		61 >
< 51		64 >
< 51		67 >
< 51		72 >
< 51		73 >
< 51		75 >
< 51		76 >
< 51		77 >
< 51		78 >
< 51		84 >
< 51		85 >
< 51		86 >
< 51		90 >
< 51		91 >
< 51		95 >
< 51		96 >
< 51		100 >
< 52		57 >
< 52		59 >
< 52		64 >
< 52		66 >
< 52		73 >
< 52		75 >
< 52		78 >
< 52		83 >
< 52		87 >
< 52		90 >
< 52		95 >
< 52		98 >
< 52		99 >
< 53		55 >
< 53		56 >
< 53		63 >
< 53		64 >
< 53		65 >
< 53		69 >
< 53		72 >
< 53		81 >
< 53		85 >
< 53		87 >
< 53		91 >
< 53		96 >
< 54		55 >
< 54		57 >
< 54		58 >
< 54		61 >
< 54		64 >
< 54		66 >
< 54		73 >
< 54		75 >
< 54		76 >
< 54		79 >
< 54		80 >
< 54		83 >
< 54		87 >
< 54		91 >
< 54		95 >
< 54		97 >
< 54		98 >
< 54		100 >
< 55		57 >
< 55		58 >
< 55		66 >
< 55		69 >
< 55		72 >
< 55		73 >
< 55		76 >
< 55		77 >
< 55		87 >
< 55		89 >
< 55		90 >
< 55		91 >
< 55		95 >
< 55		97 >
< 55		98 >
< 55		100 >
< 56		59 >
< 56		67 >
< 56		73 >
< 56		86 >
< 56		89 >
< 56		100 >
< 57		58 >
< 57		59 >
< 57		60 >
< 57		70 >
< 57		72 >
< 57		77 >
< 57		78 >
< 57		81 >
< 57		90 >
< 57		91 >
< 57		93 >
< 57		95 >
< 57		96 >
< 57		98 >
< 58		61 >
< 58		67 >
< 58		70 >
< 58		72 >
< 58		75 >
< 58		77 >
< 58		78 >
< 58		83 >
< 58		87 >
< 58		92 >
< 58		93 >
< 58		96 >
< 58		97 >
< 58		99 >
< 58		100 >
< 59		60 >
< 59		68 >
< 59		75 >
< 59		82 >
< 59		87 >
< 60		61 >
< 60		63 >
< 60		64 >
< 60		67 >
< 60		69 >
< 60		72 >
< 60		76 >
< 60		78 >
< 60		81 >
< 60		83 >
< 60		89 >
< 60		90 >
< 60		93 >
< 60		95 >
< 60		97 >
< 60		98 >
< 61		63 >
< 61		68 >
< 61		72 >
< 61		74 >
< 61		75 >
< 61		76 >
< 61		78 >
< 61		79 >
< 61		80 >
< 61		81 >
< 61		85 >
< 61		87 >
< 61		91 >
< 61		92 >
< 61		93 >
< 61		94 >
< 62		64 >
< 62		66 >
< 62		69 >
< 62		72 >
< 62		73 >
< 62		76 >
< 62		78 >
< 62		81 >
< 62		82 >
< 62		85 >
< 62		89 >
< 62		94 >
< 62		95 >
< 62		96 >
< 63		64 >
< 63		66 >
< 63		68 >
< 63		75 >
< 63		78 >
< 63		80 >
< 63		85 >
< 63		86 >
< 63		88 >
< 63		89 >
< 63		96 >
< 64		71 >
< 64		73 >
< 64		76 >
< 64		79 >
< 64		81 >
< 64		82 >
< 64		83 >
< 64		85 >
< 64		86 >
< 64		89 >
< 64		91 >
< 64		94 >
< 64		97 >
< 65		67 >
< 65		68 >
< 65		70 >
< 65		71 >
< 65		76 >
< 65		86 >
< 65		88 >
< 65		89 >
< 65		90 >
< 65		93 >
< 65		95 >
< 66		67 >
< 66		70 >
< 66		71 >
< 66		72 >
< 66		73 >
< 66		77 >
< 66		87 >
< 66		88 >
< 66		89 >
< 66		94 >
< 66		99 >
< 66		100 >
< 67		70 >
< 67		72 >
< 67		74 >
< 67		76 >
< 67		82 >
< 67		86 >
< 67		91 >
< 67		94 >
< 67		95 >
< 67		96 >
< 67		97 >
< 67		98 >
< 67		99 >
< 68		70 >
< 68		76 >
< 68		83 >
< 68		84 >
< 68		86 >
< 68		92 >
< 68		93 >
< 68		95 >
< 68		97 >
< 68		100 >
< 69		78 >
< 69		82 >
< 69		84 >
< 69		89 >
< 69		90 >
< 69		94 >
< 69		95 >
< 69		99 >
< 69		100 >
< 70		72 >
< 70		86 >
< 70		87 >
< 70		89 >
< 70		90 >
< 70		98 >
< 71		73 >
< 71		74 >
< 71		76 >
< 71		77 >
< 71		79 >
< 71		83 >
< 71		85 >
< 71		90 >
< 71		91 >
< 71		98 >
< 72		73 >
< 72		75 >
< 72		77 >
< 72		81 >
< 72		87 >
< 72		89 >
< 72		91 >
< 72		95 >
< 72		98 >
< 72		100 >
< 73		75 >
< 73		79 >
< 73		94 >
< 74		78 >
< 74		92 >
< 74		93 >
< 74		94 >
< 74		95 >
< 74		98 >
< 74		100 >
< 75		81 >
< 75		82 >
< 75		85 >
< 75		86 >
< 75		96 >
< 75		99 >
< 75		100 >
< 76		77 >
< 76		78 >
< 76		80 >
< 76		95 >
< 76		100 >
< 77		78 >
< 77		79 >
< 77		91 >
< 77		98 >
< 77		100 >
< 78		80 >
< 78		88 >
< 78		89 >
< 78		95 >
< 78		98 >
< 79		80 >
< 79		85 >
< 79		87 >
< 79		89 >
< 79		91 >
< 79		94 >
< 79		99 >
< 80		89 >
< 80		90 >
< 81		82 >
< 81		89 >
< 81		97 >
< 81		98 >
< 81		99 >
< 82		84 >
< 82		94 >
< 82		98 >
< 82		100 >
< 83		86 >
< 83		88 >
< 83		91 >
< 83		92 >
< 83		95 >
< 83		96 >
< 83		99 >
< 84		85 >
< 84		87 >
< 84		90 >
< 84		93 >
< 84		94 >
< 85		88 >
< 85		97 >
< 86		90 >
< 86		91 >
< 86		96 >
< 86		97 >
< 86		98 >
< 87		92 >
< 87		93 >
< 87		94 >
< 87		98 >
< 87		99 >
< 88		94 >
< 88		97 >
< 88		99 >
< 89		93 >
< 89		94 >
< 89		97 >
< 89		99 >
< 90		94 >
< 90		95 >
< 90		100 >
< 91		98 >
< 92		95 >
< 92		98 >
< 93		97 >
< 93		100 >
< 94		97 >
< 94		98 >
< 94		100 >
< 95		99 >
< 95		100 >
< 96		97 >
< 97		100 >
< 98		99 >
< 98		100 >
