nNodes= 40
nPairs= 223  
Weight
2
3
2
4
2
3
2
3
3
2
2
4
2
3
3
3
2
2
2
3
3
2
2
2
3
2
3
3
3
2
3
2
4
3
2
2
3
3
3
3
Cost
41		41		0		41		0		0		41		41		0		41		0		0		0		0		0		41		0		0		0		0		0		41		0		0		41		0		0		0		0		0		0		0		0		0		0		0		0		41		41		0		
41		41		41		0		0		41		0		0		0		0		0		0		41		0		0		41		0		41		41		0		0		0		0		0		0		41		0		0		0		41		0		0		0		0		0		41		41		0		0		0		
0		41		41		41		0		0		0		0		0		41		0		0		0		0		0		0		41		41		0		0		0		41		41		0		0		0		0		0		0		0		41		0		0		0		0		0		0		0		41		0		
41		0		41		41		0		0		0		41		0		0		41		0		41		0		41		0		41		41		0		41		0		0		0		0		0		0		0		41		0		0		0		0		41		0		0		41		0		0		0		0		
0		0		0		0		41		0		0		0		0		41		0		0		0		41		0		0		0		0		0		0		0		0		41		0		0		0		41		0		0		0		0		0		41		41		41		0		0		41		0		0		
0		41		0		0		0		41		0		41		0		41		0		0		41		0		0		0		41		0		41		0		0		41		41		0		0		41		0		41		0		41		0		41		0		41		0		41		41		0		41		41		
41		0		0		0		0		0		41		0		41		0		0		41		0		0		41		0		0		0		0		0		0		41		0		0		0		0		41		41		0		0		0		41		0		0		0		0		41		41		41		0		
41		0		0		41		0		41		0		41		41		41		0		41		0		0		0		0		0		41		0		0		0		0		41		0		41		0		0		0		0		0		0		41		0		0		41		0		0		41		0		0		
0		0		0		0		0		0		41		41		41		0		0		0		0		0		0		41		0		0		41		0		0		0		0		41		0		0		41		0		0		0		0		0		0		0		0		0		0		0		41		0		
41		0		41		0		41		41		0		41		0		41		0		41		0		41		0		0		0		0		0		41		0		0		0		0		41		0		0		41		41		0		0		0		0		0		0		0		0		0		41		0		
0		0		0		41		0		0		0		0		0		0		41		0		0		41		0		0		41		41		41		0		41		0		41		0		0		41		0		0		0		0		0		0		0		41		0		41		0		0		41		0		
0		0		0		0		0		0		41		41		0		41		0		41		0		0		41		0		41		0		0		0		0		41		0		41		0		0		0		0		0		41		0		41		41		0		41		0		0		41		0		0		
0		41		0		41		0		41		0		0		0		0		0		0		41		0		0		0		41		0		0		0		41		0		41		0		0		0		0		0		0		41		0		41		0		41		0		0		0		41		0		0		
0		0		0		0		41		0		0		0		0		41		41		0		0		41		0		41		41		0		0		0		41		0		0		0		41		0		0		41		0		41		0		41		0		41		0		0		41		0		0		0		
0		0		0		41		0		0		41		0		0		0		0		41		0		0		41		0		0		0		41		0		0		0		41		0		0		0		41		0		0		41		41		41		41		0		41		41		0		41		0		0		
41		41		0		0		0		0		0		0		41		0		0		0		0		41		0		41		0		41		41		0		0		0		0		41		0		41		0		41		0		0		41		41		0		0		0		0		41		41		0		0		
0		0		41		41		0		41		0		0		0		0		41		41		41		41		0		0		41		0		0		0		41		0		0		0		0		0		0		41		41		41		0		41		41		41		0		0		41		0		0		41		
0		41		41		41		0		0		0		41		0		0		41		0		0		0		0		41		0		41		0		41		0		0		0		41		0		0		0		0		0		41		0		0		0		0		41		41		0		0		41		0		
0		41		0		0		0		41		0		0		41		0		41		0		0		0		41		41		0		0		41		41		41		0		0		0		41		0		0		0		0		0		0		41		0		41		0		41		0		0		41		0		
0		0		0		41		0		0		0		0		0		41		0		0		0		0		0		0		0		41		41		41		0		0		0		0		0		0		41		0		41		41		0		0		0		41		41		0		41		0		0		0		
0		0		0		0		0		0		0		0		0		0		41		0		41		41		0		0		41		0		41		0		41		41		0		0		0		0		0		0		41		0		0		0		0		0		0		0		0		41		0		41		
41		0		41		0		0		41		41		0		0		0		0		41		0		0		0		0		0		0		0		0		41		41		41		41		0		0		0		0		41		0		0		0		0		41		41		41		0		0		41		41		
0		0		41		0		41		41		0		41		0		0		41		0		41		0		41		0		0		0		0		0		0		41		41		0		0		0		0		41		0		41		41		0		41		0		0		0		0		0		0		0		
0		0		0		0		0		0		0		0		41		0		0		41		0		0		0		41		0		41		0		0		0		41		0		41		0		0		0		41		0		41		0		0		0		0		0		0		0		0		0		41		
41		0		0		0		0		0		0		41		0		41		0		0		0		41		0		0		0		0		41		0		0		0		0		0		41		0		0		0		0		0		0		0		0		0		0		41		0		0		0		0		
0		41		0		0		0		41		0		0		0		0		41		0		0		0		0		41		0		0		0		0		0		0		0		0		0		41		0		41		0		41		0		0		0		0		41		0		0		0		0		41		
0		0		0		0		41		0		41		0		41		0		0		0		0		0		41		0		0		0		0		41		0		0		0		0		0		0		41		41		0		0		41		0		41		0		41		0		0		0		0		0		
0		0		0		41		0		41		41		0		0		41		0		0		0		41		0		41		41		0		0		0		0		0		41		41		0		41		41		41		0		41		0		0		0		0		41		0		0		0		0		0		
0		0		0		0		0		0		0		0		0		41		0		0		0		0		0		0		41		0		0		41		41		41		0		0		0		0		0		0		41		0		41		41		0		41		0		0		0		0		41		41		
0		41		0		0		0		41		0		0		0		0		0		41		41		41		41		0		41		41		0		41		0		0		41		41		0		41		0		41		0		41		0		41		0		0		0		0		0		0		0		0		
0		0		41		0		0		0		0		0		0		0		0		0		0		0		41		41		0		0		0		0		0		0		41		0		0		0		41		0		41		0		41		0		0		41		0		0		0		0		41		0		
0		0		0		0		0		41		41		41		0		0		0		41		41		41		41		41		41		0		41		0		0		0		0		0		0		0		0		0		41		41		0		41		0		41		41		0		41		0		0		0		
0		0		0		41		41		0		0		0		0		0		0		41		0		0		41		0		41		0		0		0		0		0		41		0		0		0		41		0		0		0		0		0		41		0		0		41		0		0		41		0		
0		0		0		0		41		41		0		0		0		0		41		0		41		41		0		0		41		0		41		41		0		41		0		0		0		0		0		0		41		0		41		41		0		41		0		0		41		0		0		41		
0		0		0		0		41		0		0		41		0		0		0		41		0		0		41		0		0		41		0		41		0		41		0		0		0		41		41		41		0		0		0		41		0		0		41		41		0		0		0		0		
0		41		0		41		0		41		0		0		0		0		41		0		0		0		41		0		0		41		41		0		0		41		0		0		41		0		0		0		0		0		0		0		41		0		41		41		0		0		0		0		
0		41		0		0		0		41		41		0		0		0		0		0		0		41		0		41		41		0		0		41		0		0		0		0		0		0		0		0		0		0		0		41		0		41		0		0		41		41		0		0		
41		0		0		0		41		0		41		41		0		0		0		41		41		0		41		41		0		0		0		0		41		0		0		0		0		0		0		0		0		0		0		0		0		0		0		0		41		41		41		0		
41		0		41		0		0		41		41		0		41		41		41		0		0		0		0		0		0		41		41		0		0		41		0		0		0		0		0		0		41		0		41		0		41		0		0		0		0		41		41		0		
0		0		0		0		0		41		0		0		0		0		0		0		0		0		0		0		41		0		0		0		41		41		0		41		0		41		0		0		41		0		0		0		0		41		0		0		0		0		0		41		
NDC Pairs
< 1		2 >
< 1		4 >
< 1		7 >
< 1		8 >
< 1		10 >
< 1		16 >
< 1		22 >
< 1		25 >
< 1		38 >
< 1		39 >
< 2		3 >
< 2		6 >
< 2		13 >
< 2		16 >
< 2		18 >
< 2		19 >
< 2		26 >
< 2		30 >
< 2		36 >
< 2		37 >
< 3		4 >
< 3		10 >
< 3		17 >
< 3		18 >
< 3		22 >
< 3		23 >
< 3		31 >
< 3		39 >
< 4		8 >
< 4		11 >
< 4		13 >
< 4		15 >
< 4		17 >
< 4		18 >
< 4		20 >
< 4		28 >
< 4		33 >
< 4		36 >
< 5		10 >
< 5		14 >
< 5		23 >
< 5		27 >
< 5		33 >
< 5		34 >
< 5		35 >
< 5		38 >
< 6		8 >
< 6		10 >
< 6		13 >
< 6		17 >
< 6		19 >
< 6		22 >
< 6		23 >
< 6		26 >
< 6		28 >
< 6		30 >
< 6		32 >
< 6		34 >
< 6		36 >
< 6		37 >
< 6		39 >
< 6		40 >
< 7		9 >
< 7		12 >
< 7		15 >
< 7		22 >
< 7		27 >
< 7		28 >
< 7		32 >
< 7		37 >
< 7		38 >
< 7		39 >
< 8		9 >
< 8		10 >
< 8		12 >
< 8		18 >
< 8		23 >
< 8		25 >
< 8		32 >
< 8		35 >
< 8		38 >
< 9		16 >
< 9		19 >
< 9		24 >
< 9		27 >
< 9		39 >
< 10		12 >
< 10		14 >
< 10		20 >
< 10		25 >
< 10		28 >
< 10		29 >
< 10		39 >
< 11		14 >
< 11		17 >
< 11		18 >
< 11		19 >
< 11		21 >
< 11		23 >
< 11		26 >
< 11		34 >
< 11		36 >
< 11		39 >
< 12		15 >
< 12		17 >
< 12		22 >
< 12		24 >
< 12		30 >
< 12		32 >
< 12		33 >
< 12		35 >
< 12		38 >
< 13		17 >
< 13		21 >
< 13		23 >
< 13		30 >
< 13		32 >
< 13		34 >
< 13		38 >
< 14		16 >
< 14		17 >
< 14		21 >
< 14		25 >
< 14		28 >
< 14		30 >
< 14		32 >
< 14		34 >
< 14		37 >
< 15		19 >
< 15		23 >
< 15		27 >
< 15		30 >
< 15		31 >
< 15		32 >
< 15		33 >
< 15		35 >
< 15		36 >
< 15		38 >
< 16		18 >
< 16		19 >
< 16		24 >
< 16		26 >
< 16		28 >
< 16		31 >
< 16		32 >
< 16		37 >
< 16		38 >
< 17		21 >
< 17		28 >
< 17		29 >
< 17		30 >
< 17		32 >
< 17		33 >
< 17		34 >
< 17		37 >
< 17		40 >
< 18		20 >
< 18		24 >
< 18		30 >
< 18		35 >
< 18		36 >
< 18		39 >
< 19		20 >
< 19		21 >
< 19		25 >
< 19		32 >
< 19		34 >
< 19		36 >
< 19		39 >
< 20		27 >
< 20		29 >
< 20		30 >
< 20		34 >
< 20		35 >
< 20		37 >
< 21		22 >
< 21		29 >
< 21		38 >
< 21		40 >
< 22		23 >
< 22		24 >
< 22		29 >
< 22		34 >
< 22		35 >
< 22		36 >
< 22		39 >
< 22		40 >
< 23		28 >
< 23		30 >
< 23		31 >
< 23		33 >
< 24		28 >
< 24		30 >
< 24		40 >
< 25		36 >
< 26		28 >
< 26		30 >
< 26		35 >
< 26		40 >
< 27		28 >
< 27		31 >
< 27		33 >
< 27		35 >
< 28		30 >
< 28		35 >
< 29		31 >
< 29		32 >
< 29		34 >
< 29		39 >
< 29		40 >
< 30		32 >
< 31		34 >
< 31		39 >
< 32		34 >
< 32		35 >
< 32		37 >
< 33		36 >
< 33		39 >
< 34		37 >
< 34		40 >
< 35		36 >
< 37		38 >
< 38		39 >
