nNodes= 60
nPairs= 1198  
Weight
2
3
2
2
4
4
2
4
4
3
3
4
4
2
2
4
2
4
4
3
3
3
3
2
3
3
2
3
2
4
3
3
2
2
3
4
3
2
2
2
4
3
3
3
3
2
3
4
4
2
3
2
3
2
4
2
3
2
3
3
Cost
61		61		61		61		61		0		61		61		0		61		61		61		0		0		0		0		0		0		0		0		61		0		0		61		61		61		61		61		61		61		0		61		61		0		0		0		61		0		61		61		61		61		0		0		0		61		0		61		0		0		61		61		61		61		0		61		0		0		61		61		
61		61		61		61		61		61		61		0		61		0		0		61		61		61		61		61		61		0		61		61		0		61		61		0		61		61		61		0		61		0		0		0		0		61		61		61		61		61		61		0		61		61		61		61		61		61		61		61		0		61		0		0		61		61		61		61		61		61		61		61		
61		61		61		61		61		61		0		0		0		61		61		0		61		61		61		61		0		61		61		61		0		0		0		0		61		0		61		0		61		0		61		61		0		0		61		61		61		0		61		0		61		61		61		61		61		61		61		61		0		61		0		0		61		0		61		0		61		61		61		61		
61		61		61		61		61		0		0		61		0		0		61		0		61		61		0		61		61		61		61		61		61		61		0		61		61		61		0		0		0		61		61		61		61		0		61		61		61		0		61		61		0		61		0		0		61		0		0		61		61		61		0		61		61		61		0		0		61		61		61		61		
61		61		61		61		61		0		61		61		0		61		61		61		61		0		61		61		0		61		0		61		61		61		61		61		0		61		61		61		61		0		61		61		0		61		0		61		61		61		61		61		61		61		61		61		0		61		61		61		61		61		61		61		61		0		61		61		0		0		61		0		
0		61		61		0		0		61		61		61		61		61		61		61		61		0		0		0		0		0		61		0		61		61		61		0		0		0		0		61		61		61		61		0		61		0		61		0		0		61		61		61		61		0		61		61		61		61		0		61		61		0		0		61		61		61		0		61		0		0		61		61		
61		61		0		0		61		61		61		61		61		0		61		61		61		61		0		61		61		0		61		61		61		0		61		61		61		61		61		61		0		61		0		61		0		0		0		0		61		0		61		0		61		0		61		61		0		61		0		61		61		61		61		61		61		61		0		0		0		61		61		61		
61		0		0		61		61		61		61		61		61		61		61		0		0		61		0		0		61		61		0		0		61		0		0		61		61		0		61		0		0		0		61		61		0		61		0		61		61		0		61		61		61		61		61		61		61		61		61		61		61		61		61		0		61		0		61		61		0		0		61		61		
0		61		0		0		0		61		61		61		61		0		61		61		61		0		61		0		61		61		0		61		61		0		61		61		61		61		61		61		0		61		61		61		61		61		61		61		61		61		61		0		61		61		0		61		61		0		61		61		61		61		0		61		61		61		61		0		61		61		0		61		
61		0		61		0		61		61		0		61		0		61		61		61		0		0		61		61		61		61		61		61		0		0		61		61		0		61		61		61		61		0		61		0		0		61		0		0		61		61		61		0		61		61		61		0		0		0		61		0		61		61		61		61		0		61		61		61		61		61		0		0		
61		0		61		61		61		61		61		61		61		61		61		61		61		61		0		61		61		61		0		0		61		61		0		61		0		0		0		61		0		0		61		61		61		61		61		61		0		61		61		61		0		61		61		0		61		61		0		0		61		0		61		61		61		61		61		61		61		61		61		61		
61		61		0		0		61		61		61		0		61		61		61		61		61		0		61		61		61		61		61		61		61		61		0		0		0		0		61		0		61		0		61		61		61		0		61		61		0		61		61		61		61		61		61		61		61		61		61		61		0		61		61		61		0		0		61		0		0		61		61		61		
0		61		61		61		61		61		61		0		61		0		61		61		61		61		0		61		61		0		61		0		0		0		61		0		61		61		61		61		0		61		0		61		61		61		61		61		61		61		61		61		61		61		61		0		61		61		61		61		61		61		0		0		61		0		61		0		61		61		61		0		
0		61		61		61		0		0		61		61		0		0		61		0		61		61		0		0		61		61		0		0		0		61		61		61		61		61		0		0		0		0		0		61		0		61		61		61		61		0		0		61		61		0		61		61		61		0		61		61		61		0		0		61		61		0		61		61		61		61		0		61		
0		61		61		0		61		0		0		0		61		61		0		61		0		0		61		0		0		61		61		0		61		0		61		61		61		61		61		61		61		61		0		61		0		61		61		61		61		61		61		61		0		61		61		61		61		0		61		61		0		61		0		61		61		0		0		61		0		61		61		61		
0		61		61		61		61		0		61		0		0		61		61		61		61		0		0		61		0		0		61		0		0		61		61		61		0		61		61		61		61		61		61		0		61		61		61		61		61		61		61		61		61		61		61		61		61		61		0		0		61		61		61		0		0		0		61		0		0		61		61		0		
0		61		0		61		0		0		61		61		61		61		61		61		61		61		0		0		61		61		0		61		61		61		61		0		61		61		61		61		61		61		61		61		61		61		0		61		61		0		61		0		0		61		0		61		61		61		61		61		0		61		0		61		61		61		61		61		0		61		61		0		
0		0		61		61		61		0		0		61		61		61		61		61		0		61		61		0		61		61		61		61		61		61		0		61		61		0		61		0		61		61		61		61		0		61		61		0		0		61		61		61		0		0		61		61		0		61		0		61		61		61		61		61		61		61		0		0		61		61		61		0		
0		61		61		61		0		61		61		0		0		61		0		61		61		0		61		61		0		61		61		61		61		0		0		0		61		61		61		0		61		61		0		61		61		0		0		61		61		61		61		0		61		0		0		61		61		61		0		61		61		61		61		0		0		61		61		61		0		61		61		61		
0		61		61		61		61		0		61		0		61		61		0		61		0		0		0		0		61		61		61		61		61		61		0		61		0		61		0		61		0		61		61		0		0		61		61		61		61		61		0		61		61		61		0		0		0		61		61		61		61		61		61		61		0		61		0		0		61		61		61		0		
61		0		0		61		61		61		61		61		61		0		61		61		0		0		61		0		61		61		61		61		61		61		61		61		61		0		61		61		61		61		61		0		0		61		0		0		61		61		61		0		0		61		61		61		61		61		0		0		61		61		61		0		61		61		61		61		0		0		61		61		
0		61		0		61		61		61		0		0		0		0		61		61		0		61		0		61		61		61		0		61		61		61		61		61		0		0		61		0		61		61		0		61		61		61		61		61		61		61		61		61		61		61		61		0		0		61		61		61		61		61		61		61		61		61		0		0		0		0		0		0		
0		61		0		0		61		61		61		0		61		61		0		0		61		61		61		61		61		0		0		0		61		61		61		61		0		61		61		0		61		61		0		61		61		0		61		61		61		0		61		61		0		0		61		61		61		0		0		0		61		61		0		0		61		0		61		61		61		0		61		61		
61		0		0		61		61		0		61		61		61		61		61		0		0		61		61		61		0		61		0		61		61		61		61		61		0		61		61		61		0		61		61		61		61		61		61		61		0		0		61		61		61		61		0		61		0		61		61		0		0		0		61		61		0		61		0		0		61		61		0		61		
61		61		61		61		0		0		61		61		61		0		0		0		61		61		61		0		61		61		61		0		61		0		0		0		61		61		61		61		61		61		0		61		61		0		61		61		61		61		61		61		0		0		61		61		0		0		0		61		0		0		61		61		0		0		61		61		61		0		0		0		
61		61		0		61		61		0		61		0		61		61		0		0		61		61		61		61		61		0		61		61		0		0		61		61		61		61		0		61		0		61		0		0		61		0		61		61		61		61		61		0		0		0		61		0		61		61		0		61		0		61		61		61		61		0		61		61		0		61		0		61		
61		61		61		0		61		0		61		61		61		61		0		61		61		0		61		61		61		61		61		0		61		61		61		61		61		0		61		0		61		0		61		61		61		0		61		61		0		61		61		0		61		61		61		61		61		61		61		61		61		61		61		61		61		61		61		0		61		61		61		0		
61		0		0		0		61		61		61		0		61		61		61		0		61		0		61		61		61		0		0		61		61		0		0		61		61		61		0		61		61		61		0		0		61		61		61		61		61		61		61		61		61		61		0		61		61		0		0		61		61		61		61		61		61		61		61		0		61		0		61		61		
61		61		61		0		61		61		0		0		0		61		0		61		0		0		61		61		61		61		61		0		61		61		61		0		61		0		61		61		61		61		61		61		61		61		61		61		61		61		61		0		61		61		61		61		0		61		61		0		0		0		0		0		61		0		61		61		0		0		61		61		
61		0		0		61		0		61		61		0		61		0		0		0		61		0		61		61		61		61		61		61		61		61		61		61		61		61		0		61		61		61		0		61		0		61		61		0		0		61		61		61		61		61		0		61		61		61		61		0		61		0		0		61		61		61		61		61		61		61		61		61		
0		0		61		61		61		61		0		61		61		61		61		61		0		0		0		61		61		61		0		61		61		0		0		61		0		0		61		0		61		0		61		61		61		0		0		0		61		61		0		61		61		0		0		0		61		61		61		61		61		61		61		61		61		61		61		61		61		61		0		0		
61		0		61		61		61		0		61		61		61		0		61		61		61		61		61		0		61		61		61		0		0		61		61		61		61		0		61		0		61		61		61		61		0		0		0		0		0		0		0		0		61		61		61		0		61		61		61		61		0		61		61		61		61		61		0		61		61		0		61		61		
61		0		0		61		0		61		0		0		61		0		61		61		61		0		0		61		61		0		61		0		0		61		61		61		61		61		61		61		61		0		61		0		61		61		61		61		61		0		61		61		0		0		61		61		61		61		61		61		61		61		0		61		61		61		0		61		61		0		61		61		
0		61		0		0		61		0		0		61		61		61		61		0		61		61		61		61		61		61		0		61		61		61		0		61		0		0		0		61		61		61		0		0		61		61		0		0		61		61		61		61		61		0		0		61		61		61		0		61		61		61		61		61		61		61		61		61		61		61		61		0		
0		61		61		61		0		61		0		0		61		0		61		61		61		61		61		61		0		61		0		61		0		61		61		61		61		61		61		61		61		61		0		0		61		0		61		61		61		61		61		61		61		61		61		61		0		61		61		0		0		61		61		0		0		61		0		61		61		61		61		61		
0		61		61		61		61		0		0		61		61		0		61		61		61		61		61		61		61		0		61		61		0		61		61		61		61		61		61		61		61		0		0		0		61		0		61		61		61		61		61		61		61		61		61		0		61		0		61		61		0		61		61		61		61		0		61		61		0		0		61		0		
61		61		61		61		61		0		61		61		61		61		0		0		61		61		61		61		61		0		61		61		61		61		61		0		61		61		0		61		61		0		61		0		61		61		61		61		61		61		61		61		0		0		61		0		61		61		61		61		61		0		61		0		61		61		61		0		61		61		0		61		
0		61		0		0		61		61		0		0		61		61		61		61		61		0		61		61		0		61		61		61		61		61		0		0		61		61		61		61		61		61		61		0		0		61		61		61		61		61		0		61		61		61		61		61		0		0		61		61		61		61		61		0		61		61		61		0		61		0		61		61		
61		61		61		61		61		61		61		61		61		61		61		61		61		0		61		61		61		61		61		0		61		61		61		61		61		61		61		61		61		61		0		0		61		61		61		61		61		0		61		0		61		0		0		61		0		61		61		0		61		61		61		61		0		61		0		61		61		0		61		61		
61		0		0		61		61		61		0		61		0		0		61		61		61		61		61		61		0		61		0		61		0		61		61		61		61		0		0		61		0		61		61		0		61		61		61		61		61		61		0		61		61		0		0		0		61		61		61		61		61		0		61		61		61		0		61		0		0		61		0		61		
61		61		61		0		61		61		61		61		61		61		0		61		61		61		0		61		0		0		61		61		0		61		0		61		0		0		61		61		61		61		61		61		0		61		61		61		0		61		61		61		61		0		61		61		61		61		61		61		0		61		61		0		61		61		61		61		61		61		0		61		
61		61		61		61		61		0		0		61		61		61		61		61		61		0		61		61		61		0		0		61		61		61		0		61		0		0		61		61		61		61		0		61		0		0		61		61		0		61		0		0		0		61		61		0		0		61		0		0		61		61		0		61		61		0		61		61		0		61		61		61		
0		61		61		0		61		61		61		61		0		61		61		61		61		61		61		61		0		61		0		0		61		61		61		0		61		61		61		0		61		0		0		61		61		0		61		61		61		61		0		0		61		61		61		0		61		61		0		0		61		61		61		61		61		0		61		61		61		61		0		61		
0		61		61		0		61		61		61		61		61		0		0		61		0		61		61		61		61		61		61		0		61		0		61		61		61		0		61		61		61		61		0		0		61		61		61		0		0		61		61		0		61		0		0		61		0		61		61		61		61		61		0		61		0		0		61		61		61		61		61		0		
0		61		61		61		0		61		0		61		61		0		61		61		61		61		61		61		61		0		61		0		61		0		61		0		0		61		61		61		0		61		61		61		61		61		0		61		61		0		0		61		61		0		61		0		61		61		0		61		61		61		0		61		61		0		0		61		0		61		0		61		
61		61		61		0		61		61		61		61		0		0		61		61		61		0		0		61		61		61		61		61		61		61		0		61		0		61		61		0		61		61		61		61		61		61		61		0		61		0		61		61		61		61		61		61		61		61		61		0		0		61		61		61		61		61		0		61		0		0		61		0		
0		61		61		0		61		0		0		61		61		61		0		61		61		61		61		0		61		0		0		61		0		61		0		61		0		0		61		0		61		61		61		61		61		0		61		61		61		61		61		61		61		0		0		61		0		61		61		0		0		61		61		0		61		61		61		0		0		0		61		0		
61		61		61		61		61		61		61		61		61		0		0		61		61		61		61		0		61		61		61		61		0		61		0		0		61		61		61		61		0		0		61		61		61		61		0		61		61		61		0		61		61		0		0		61		61		0		0		61		61		61		0		61		61		61		61		0		0		61		61		61		
0		0		0		61		61		61		61		61		61		61		61		0		61		61		0		61		0		61		61		61		61		61		61		0		0		0		61		61		0		61		61		0		61		61		0		0		61		61		61		61		0		61		61		61		61		0		0		61		61		61		61		61		61		61		61		61		61		61		0		61		
0		61		61		61		61		0		61		61		61		61		0		61		61		0		61		61		61		61		61		61		61		61		61		0		0		61		61		61		0		0		61		61		61		61		61		61		0		61		61		0		61		61		61		61		61		61		61		61		61		61		0		61		0		0		61		61		61		0		61		61		
61		0		0		0		61		0		61		61		0		61		61		61		0		0		0		61		0		61		61		61		61		61		0		61		61		61		61		61		0		0		61		61		0		61		61		61		61		61		61		61		61		0		61		0		0		61		61		0		61		0		61		61		61		0		61		0		61		0		61		0		
61		0		0		61		61		61		61		0		61		61		61		61		0		61		61		0		61		61		0		61		0		61		0		61		61		61		61		61		0		61		61		61		61		61		0		61		0		0		61		61		0		61		61		61		61		61		0		61		61		61		61		61		61		61		61		61		61		0		61		61		
61		61		61		61		61		61		61		61		61		0		61		0		61		61		61		0		61		61		0		0		61		61		61		0		0		61		61		61		61		61		61		61		61		61		0		61		61		61		0		61		61		61		61		0		61		61		61		61		61		0		61		61		61		61		61		61		61		0		61		0		
61		61		0		61		0		61		61		0		61		61		61		0		0		0		0		0		61		61		61		61		61		61		0		61		0		0		61		61		0		61		61		61		61		61		61		0		61		61		61		0		61		0		0		0		0		61		61		61		61		0		0		61		61		61		61		61		61		61		61		0		
0		61		61		0		61		0		0		61		61		61		61		61		61		61		0		61		61		0		61		0		61		0		61		0		61		61		61		61		61		61		61		0		0		61		0		61		61		61		0		61		61		61		61		61		0		0		61		61		61		61		61		61		61		61		61		61		61		61		61		0		
61		61		0		0		61		61		0		61		0		61		61		0		0		61		61		0		61		0		61		0		61		0		61		0		61		61		0		0		61		61		61		61		61		61		61		61		0		0		61		0		61		61		61		61		61		61		0		0		61		61		0		61		61		61		61		61		61		61		61		0		
0		61		61		61		0		0		0		0		61		61		61		0		61		61		0		0		0		61		0		61		0		0		61		61		61		0		61		61		0		61		61		61		61		61		61		0		61		61		61		0		61		0		61		61		0		0		0		0		61		61		61		61		61		61		61		61		61		61		61		0		
0		61		61		61		0		0		61		0		61		61		61		61		61		61		61		61		61		61		61		61		0		0		0		61		0		61		61		0		0		61		61		0		0		61		61		0		61		0		0		61		61		61		61		61		61		0		0		61		61		0		0		0		0		61		61		61		61		61		0		61		
61		61		61		61		61		61		61		61		0		0		61		61		61		0		61		61		61		61		61		61		61		0		61		0		0		0		61		61		61		61		0		61		61		61		61		61		0		61		61		0		0		61		0		61		0		61		61		61		0		61		61		61		61		61		61		61		61		0		61		0		
61		61		61		61		0		61		61		61		61		0		61		61		0		61		61		0		0		0		61		0		61		0		61		61		0		61		0		61		61		61		0		61		61		0		61		0		61		61		61		61		61		61		61		0		61		0		0		61		61		61		0		61		0		0		0		0		0		61		0		61		
NDC Pairs
< 1		2 >
< 1		3 >
< 1		4 >
< 1		5 >
< 1		7 >
< 1		8 >
< 1		10 >
< 1		11 >
< 1		12 >
< 1		21 >
< 1		24 >
< 1		25 >
< 1		26 >
< 1		27 >
< 1		28 >
< 1		29 >
< 1		30 >
< 1		32 >
< 1		33 >
< 1		37 >
< 1		39 >
< 1		40 >
< 1		41 >
< 1		42 >
< 1		46 >
< 1		48 >
< 1		51 >
< 1		52 >
< 1		53 >
< 1		54 >
< 1		56 >
< 1		59 >
< 1		60 >
< 2		3 >
< 2		4 >
< 2		5 >
< 2		6 >
< 2		7 >
< 2		9 >
< 2		12 >
< 2		13 >
< 2		14 >
< 2		15 >
< 2		16 >
< 2		17 >
< 2		19 >
< 2		20 >
< 2		22 >
< 2		23 >
< 2		25 >
< 2		26 >
< 2		27 >
< 2		29 >
< 2		34 >
< 2		35 >
< 2		36 >
< 2		37 >
< 2		38 >
< 2		39 >
< 2		41 >
< 2		42 >
< 2		43 >
< 2		44 >
< 2		45 >
< 2		46 >
< 2		47 >
< 2		48 >
< 2		50 >
< 2		53 >
< 2		54 >
< 2		55 >
< 2		56 >
< 2		57 >
< 2		58 >
< 2		59 >
< 2		60 >
< 3		4 >
< 3		5 >
< 3		6 >
< 3		10 >
< 3		11 >
< 3		13 >
< 3		14 >
< 3		15 >
< 3		16 >
< 3		18 >
< 3		19 >
< 3		20 >
< 3		25 >
< 3		27 >
< 3		29 >
< 3		31 >
< 3		32 >
< 3		35 >
< 3		36 >
< 3		37 >
< 3		39 >
< 3		41 >
< 3		42 >
< 3		43 >
< 3		44 >
< 3		45 >
< 3		46 >
< 3		47 >
< 3		48 >
< 3		50 >
< 3		53 >
< 3		55 >
< 3		57 >
< 3		58 >
< 3		59 >
< 3		60 >
< 4		5 >
< 4		8 >
< 4		11 >
< 4		13 >
< 4		14 >
< 4		16 >
< 4		17 >
< 4		18 >
< 4		19 >
< 4		20 >
< 4		21 >
< 4		22 >
< 4		24 >
< 4		25 >
< 4		26 >
< 4		30 >
< 4		31 >
< 4		32 >
< 4		33 >
< 4		35 >
< 4		36 >
< 4		37 >
< 4		39 >
< 4		40 >
< 4		42 >
< 4		45 >
< 4		48 >
< 4		49 >
< 4		50 >
< 4		52 >
< 4		53 >
< 4		54 >
< 4		57 >
< 4		58 >
< 4		59 >
< 4		60 >
< 5		7 >
< 5		8 >
< 5		10 >
< 5		11 >
< 5		12 >
< 5		13 >
< 5		15 >
< 5		16 >
< 5		18 >
< 5		20 >
< 5		21 >
< 5		22 >
< 5		23 >
< 5		24 >
< 5		26 >
< 5		27 >
< 5		28 >
< 5		29 >
< 5		31 >
< 5		32 >
< 5		34 >
< 5		36 >
< 5		37 >
< 5		38 >
< 5		39 >
< 5		40 >
< 5		41 >
< 5		42 >
< 5		43 >
< 5		44 >
< 5		46 >
< 5		47 >
< 5		48 >
< 5		49 >
< 5		50 >
< 5		51 >
< 5		52 >
< 5		53 >
< 5		55 >
< 5		56 >
< 5		59 >
< 6		7 >
< 6		8 >
< 6		9 >
< 6		10 >
< 6		11 >
< 6		12 >
< 6		13 >
< 6		19 >
< 6		21 >
< 6		22 >
< 6		23 >
< 6		28 >
< 6		29 >
< 6		30 >
< 6		31 >
< 6		33 >
< 6		35 >
< 6		38 >
< 6		39 >
< 6		40 >
< 6		41 >
< 6		43 >
< 6		44 >
< 6		45 >
< 6		46 >
< 6		48 >
< 6		49 >
< 6		52 >
< 6		53 >
< 6		54 >
< 6		56 >
< 6		59 >
< 6		60 >
< 7		8 >
< 7		9 >
< 7		11 >
< 7		12 >
< 7		13 >
< 7		14 >
< 7		16 >
< 7		17 >
< 7		19 >
< 7		20 >
< 7		21 >
< 7		23 >
< 7		24 >
< 7		25 >
< 7		26 >
< 7		27 >
< 7		28 >
< 7		30 >
< 7		32 >
< 7		37 >
< 7		39 >
< 7		41 >
< 7		43 >
< 7		44 >
< 7		46 >
< 7		48 >
< 7		49 >
< 7		50 >
< 7		51 >
< 7		52 >
< 7		53 >
< 7		54 >
< 7		58 >
< 7		59 >
< 7		60 >
< 8		9 >
< 8		10 >
< 8		11 >
< 8		14 >
< 8		17 >
< 8		18 >
< 8		21 >
< 8		24 >
< 8		25 >
< 8		27 >
< 8		31 >
< 8		32 >
< 8		34 >
< 8		36 >
< 8		37 >
< 8		39 >
< 8		40 >
< 8		41 >
< 8		42 >
< 8		43 >
< 8		44 >
< 8		45 >
< 8		46 >
< 8		47 >
< 8		48 >
< 8		49 >
< 8		50 >
< 8		51 >
< 8		53 >
< 8		55 >
< 8		56 >
< 8		59 >
< 8		60 >
< 9		11 >
< 9		12 >
< 9		13 >
< 9		15 >
< 9		17 >
< 9		18 >
< 9		20 >
< 9		21 >
< 9		23 >
< 9		24 >
< 9		25 >
< 9		26 >
< 9		27 >
< 9		28 >
< 9		30 >
< 9		31 >
< 9		32 >
< 9		33 >
< 9		34 >
< 9		35 >
< 9		36 >
< 9		37 >
< 9		38 >
< 9		39 >
< 9		41 >
< 9		42 >
< 9		44 >
< 9		45 >
< 9		47 >
< 9		48 >
< 9		49 >
< 9		50 >
< 9		52 >
< 9		53 >
< 9		54 >
< 9		55 >
< 9		57 >
< 9		58 >
< 9		60 >
< 10		11 >
< 10		12 >
< 10		15 >
< 10		16 >
< 10		17 >
< 10		18 >
< 10		19 >
< 10		20 >
< 10		23 >
< 10		24 >
< 10		26 >
< 10		27 >
< 10		28 >
< 10		29 >
< 10		31 >
< 10		34 >
< 10		37 >
< 10		38 >
< 10		39 >
< 10		41 >
< 10		42 >
< 10		43 >
< 10		47 >
< 10		49 >
< 10		50 >
< 10		51 >
< 10		52 >
< 10		54 >
< 10		55 >
< 10		56 >
< 10		57 >
< 10		58 >
< 11		12 >
< 11		13 >
< 11		14 >
< 11		16 >
< 11		17 >
< 11		18 >
< 11		21 >
< 11		22 >
< 11		24 >
< 11		28 >
< 11		31 >
< 11		32 >
< 11		33 >
< 11		34 >
< 11		35 >
< 11		36 >
< 11		38 >
< 11		39 >
< 11		40 >
< 11		42 >
< 11		43 >
< 11		45 >
< 11		46 >
< 11		49 >
< 11		51 >
< 11		52 >
< 11		53 >
< 11		54 >
< 11		55 >
< 11		56 >
< 11		57 >
< 11		58 >
< 11		59 >
< 11		60 >
< 12		13 >
< 12		15 >
< 12		16 >
< 12		17 >
< 12		18 >
< 12		19 >
< 12		20 >
< 12		21 >
< 12		22 >
< 12		27 >
< 12		29 >
< 12		31 >
< 12		32 >
< 12		33 >
< 12		35 >
< 12		36 >
< 12		38 >
< 12		39 >
< 12		40 >
< 12		41 >
< 12		42 >
< 12		43 >
< 12		44 >
< 12		45 >
< 12		46 >
< 12		47 >
< 12		48 >
< 12		50 >
< 12		51 >
< 12		52 >
< 12		55 >
< 12		58 >
< 12		59 >
< 12		60 >
< 13		14 >
< 13		16 >
< 13		17 >
< 13		19 >
< 13		23 >
< 13		25 >
< 13		26 >
< 13		27 >
< 13		28 >
< 13		30 >
< 13		32 >
< 13		33 >
< 13		34 >
< 13		35 >
< 13		36 >
< 13		37 >
< 13		38 >
< 13		39 >
< 13		40 >
< 13		41 >
< 13		42 >
< 13		43 >
< 13		45 >
< 13		46 >
< 13		47 >
< 13		48 >
< 13		49 >
< 13		50 >
< 13		53 >
< 13		55 >
< 13		57 >
< 13		58 >
< 13		59 >
< 14		17 >
< 14		18 >
< 14		22 >
< 14		23 >
< 14		24 >
< 14		25 >
< 14		26 >
< 14		32 >
< 14		34 >
< 14		35 >
< 14		36 >
< 14		37 >
< 14		40 >
< 14		41 >
< 14		43 >
< 14		44 >
< 14		45 >
< 14		47 >
< 14		48 >
< 14		49 >
< 14		52 >
< 14		53 >
< 14		55 >
< 14		56 >
< 14		57 >
< 14		58 >
< 14		60 >
< 15		18 >
< 15		19 >
< 15		21 >
< 15		23 >
< 15		24 >
< 15		25 >
< 15		26 >
< 15		27 >
< 15		28 >
< 15		29 >
< 15		30 >
< 15		32 >
< 15		34 >
< 15		35 >
< 15		36 >
< 15		37 >
< 15		38 >
< 15		39 >
< 15		40 >
< 15		42 >
< 15		43 >
< 15		44 >
< 15		45 >
< 15		47 >
< 15		48 >
< 15		50 >
< 15		52 >
< 15		53 >
< 15		56 >
< 15		58 >
< 15		59 >
< 15		60 >
< 16		19 >
< 16		22 >
< 16		23 >
< 16		24 >
< 16		26 >
< 16		27 >
< 16		28 >
< 16		29 >
< 16		30 >
< 16		31 >
< 16		33 >
< 16		34 >
< 16		35 >
< 16		36 >
< 16		37 >
< 16		38 >
< 16		39 >
< 16		40 >
< 16		41 >
< 16		42 >
< 16		43 >
< 16		44 >
< 16		45 >
< 16		46 >
< 16		49 >
< 16		50 >
< 16		51 >
< 16		55 >
< 16		58 >
< 16		59 >
< 17		18 >
< 17		20 >
< 17		21 >
< 17		22 >
< 17		23 >
< 17		25 >
< 17		26 >
< 17		27 >
< 17		28 >
< 17		29 >
< 17		30 >
< 17		31 >
< 17		32 >
< 17		33 >
< 17		34 >
< 17		36 >
< 17		37 >
< 17		39 >
< 17		42 >
< 17		44 >
< 17		45 >
< 17		46 >
< 17		47 >
< 17		48 >
< 17		50 >
< 17		52 >
< 17		53 >
< 17		54 >
< 17		55 >
< 17		56 >
< 17		58 >
< 17		59 >
< 18		19 >
< 18		20 >
< 18		21 >
< 18		22 >
< 18		24 >
< 18		25 >
< 18		27 >
< 18		29 >
< 18		30 >
< 18		31 >
< 18		32 >
< 18		34 >
< 18		35 >
< 18		38 >
< 18		39 >
< 18		40 >
< 18		43 >
< 18		44 >
< 18		46 >
< 18		48 >
< 18		49 >
< 18		50 >
< 18		51 >
< 18		52 >
< 18		53 >
< 18		54 >
< 18		57 >
< 18		58 >
< 18		59 >
< 19		20 >
< 19		21 >
< 19		25 >
< 19		26 >
< 19		27 >
< 19		29 >
< 19		30 >
< 19		32 >
< 19		33 >
< 19		36 >
< 19		37 >
< 19		38 >
< 19		39 >
< 19		41 >
< 19		44 >
< 19		45 >
< 19		46 >
< 19		48 >
< 19		49 >
< 19		50 >
< 19		51 >
< 19		54 >
< 19		55 >
< 19		56 >
< 19		58 >
< 19		59 >
< 19		60 >
< 20		21 >
< 20		22 >
< 20		24 >
< 20		26 >
< 20		28 >
< 20		30 >
< 20		31 >
< 20		34 >
< 20		35 >
< 20		36 >
< 20		37 >
< 20		38 >
< 20		40 >
< 20		41 >
< 20		42 >
< 20		46 >
< 20		47 >
< 20		48 >
< 20		49 >
< 20		50 >
< 20		51 >
< 20		52 >
< 20		54 >
< 20		57 >
< 20		58 >
< 20		59 >
< 21		22 >
< 21		23 >
< 21		24 >
< 21		25 >
< 21		27 >
< 21		28 >
< 21		29 >
< 21		30 >
< 21		31 >
< 21		34 >
< 21		37 >
< 21		38 >
< 21		39 >
< 21		42 >
< 21		43 >
< 21		44 >
< 21		45 >
< 21		46 >
< 21		49 >
< 21		50 >
< 21		51 >
< 21		53 >
< 21		54 >
< 21		55 >
< 21		56 >
< 21		59 >
< 21		60 >
< 22		23 >
< 22		24 >
< 22		27 >
< 22		29 >
< 22		30 >
< 22		32 >
< 22		33 >
< 22		34 >
< 22		35 >
< 22		36 >
< 22		37 >
< 22		38 >
< 22		39 >
< 22		40 >
< 22		41 >
< 22		42 >
< 22		43 >
< 22		46 >
< 22		47 >
< 22		48 >
< 22		49 >
< 22		50 >
< 22		51 >
< 22		52 >
< 22		53 >
< 22		54 >
< 23		24 >
< 23		26 >
< 23		27 >
< 23		29 >
< 23		30 >
< 23		32 >
< 23		33 >
< 23		35 >
< 23		36 >
< 23		37 >
< 23		39 >
< 23		40 >
< 23		43 >
< 23		44 >
< 23		45 >
< 23		49 >
< 23		50 >
< 23		53 >
< 23		55 >
< 23		56 >
< 23		57 >
< 23		59 >
< 23		60 >
< 24		26 >
< 24		27 >
< 24		28 >
< 24		30 >
< 24		31 >
< 24		32 >
< 24		33 >
< 24		34 >
< 24		35 >
< 24		36 >
< 24		39 >
< 24		40 >
< 24		41 >
< 24		42 >
< 24		44 >
< 24		46 >
< 24		47 >
< 24		51 >
< 24		52 >
< 24		54 >
< 24		57 >
< 24		58 >
< 24		60 >
< 25		26 >
< 25		27 >
< 25		28 >
< 25		29 >
< 25		30 >
< 25		32 >
< 25		33 >
< 25		35 >
< 25		36 >
< 25		37 >
< 25		38 >
< 25		39 >
< 25		40 >
< 25		43 >
< 25		44 >
< 25		48 >
< 25		51 >
< 25		52 >
< 25		55 >
< 25		56 >
< 25		57 >
< 26		28 >
< 26		30 >
< 26		33 >
< 26		35 >
< 26		36 >
< 26		37 >
< 26		38 >
< 26		39 >
< 26		43 >
< 26		45 >
< 26		46 >
< 26		48 >
< 26		50 >
< 26		51 >
< 26		52 >
< 26		53 >
< 26		55 >
< 26		56 >
< 26		58 >
< 26		60 >
< 27		29 >
< 27		31 >
< 27		32 >
< 27		33 >
< 27		35 >
< 27		36 >
< 27		38 >
< 27		39 >
< 27		41 >
< 27		42 >
< 27		43 >
< 27		44 >
< 27		45 >
< 27		46 >
< 27		47 >
< 27		48 >
< 27		49 >
< 27		50 >
< 27		51 >
< 27		52 >
< 27		53 >
< 27		54 >
< 27		55 >
< 27		57 >
< 27		58 >
< 27		59 >
< 28		29 >
< 28		30 >
< 28		33 >
< 28		34 >
< 28		35 >
< 28		36 >
< 28		37 >
< 28		38 >
< 28		39 >
< 28		40 >
< 28		41 >
< 28		42 >
< 28		44 >
< 28		45 >
< 28		48 >
< 28		49 >
< 28		50 >
< 28		51 >
< 28		52 >
< 28		53 >
< 28		54 >
< 28		55 >
< 28		57 >
< 28		59 >
< 28		60 >
< 29		30 >
< 29		31 >
< 29		32 >
< 29		33 >
< 29		34 >
< 29		35 >
< 29		36 >
< 29		37 >
< 29		38 >
< 29		39 >
< 29		41 >
< 29		42 >
< 29		43 >
< 29		44 >
< 29		46 >
< 29		47 >
< 29		53 >
< 29		55 >
< 29		56 >
< 29		59 >
< 29		60 >
< 30		32 >
< 30		34 >
< 30		35 >
< 30		38 >
< 30		39 >
< 30		40 >
< 30		41 >
< 30		42 >
< 30		44 >
< 30		45 >
< 30		46 >
< 30		47 >
< 30		49 >
< 30		52 >
< 30		53 >
< 30		54 >
< 30		55 >
< 30		56 >
< 30		57 >
< 30		58 >
< 30		59 >
< 30		60 >
< 31		32 >
< 31		33 >
< 31		37 >
< 31		38 >
< 31		40 >
< 31		41 >
< 31		45 >
< 31		46 >
< 31		47 >
< 31		48 >
< 31		49 >
< 31		50 >
< 31		51 >
< 31		52 >
< 31		53 >
< 31		54 >
< 31		55 >
< 31		56 >
< 31		57 >
< 31		58 >
< 32		41 >
< 32		42 >
< 32		43 >
< 32		45 >
< 32		46 >
< 32		47 >
< 32		48 >
< 32		50 >
< 32		51 >
< 32		52 >
< 32		53 >
< 32		54 >
< 32		56 >
< 32		57 >
< 32		59 >
< 32		60 >
< 33		34 >
< 33		35 >
< 33		36 >
< 33		37 >
< 33		39 >
< 33		40 >
< 33		43 >
< 33		44 >
< 33		45 >
< 33		46 >
< 33		47 >
< 33		48 >
< 33		49 >
< 33		50 >
< 33		52 >
< 33		53 >
< 33		54 >
< 33		56 >
< 33		57 >
< 33		59 >
< 33		60 >
< 34		37 >
< 34		38 >
< 34		39 >
< 34		40 >
< 34		41 >
< 34		44 >
< 34		45 >
< 34		46 >
< 34		48 >
< 34		49 >
< 34		50 >
< 34		51 >
< 34		52 >
< 34		53 >
< 34		54 >
< 34		55 >
< 34		56 >
< 34		57 >
< 34		58 >
< 34		59 >
< 35		36 >
< 35		37 >
< 35		38 >
< 35		39 >
< 35		40 >
< 35		41 >
< 35		42 >
< 35		43 >
< 35		44 >
< 35		46 >
< 35		47 >
< 35		50 >
< 35		51 >
< 35		54 >
< 35		56 >
< 35		57 >
< 35		58 >
< 35		59 >
< 35		60 >
< 36		37 >
< 36		38 >
< 36		39 >
< 36		40 >
< 36		41 >
< 36		42 >
< 36		43 >
< 36		45 >
< 36		47 >
< 36		48 >
< 36		50 >
< 36		51 >
< 36		52 >
< 36		53 >
< 36		55 >
< 36		56 >
< 36		59 >
< 37		38 >
< 37		39 >
< 37		40 >
< 37		43 >
< 37		45 >
< 37		46 >
< 37		47 >
< 37		48 >
< 37		49 >
< 37		51 >
< 37		53 >
< 37		54 >
< 37		55 >
< 37		57 >
< 37		58 >
< 37		60 >
< 38		40 >
< 38		41 >
< 38		42 >
< 38		43 >
< 38		44 >
< 38		47 >
< 38		48 >
< 38		49 >
< 38		50 >
< 38		51 >
< 38		53 >
< 38		54 >
< 38		55 >
< 38		57 >
< 38		59 >
< 38		60 >
< 39		41 >
< 39		44 >
< 39		46 >
< 39		47 >
< 39		49 >
< 39		50 >
< 39		51 >
< 39		52 >
< 39		54 >
< 39		56 >
< 39		57 >
< 39		59 >
< 39		60 >
< 40		41 >
< 40		45 >
< 40		46 >
< 40		47 >
< 40		48 >
< 40		49 >
< 40		51 >
< 40		52 >
< 40		53 >
< 40		55 >
< 40		58 >
< 40		60 >
< 41		43 >
< 41		44 >
< 41		45 >
< 41		46 >
< 41		47 >
< 41		48 >
< 41		50 >
< 41		51 >
< 41		53 >
< 41		54 >
< 41		55 >
< 41		56 >
< 41		57 >
< 41		58 >
< 41		60 >
< 42		43 >
< 42		46 >
< 42		49 >
< 42		50 >
< 42		52 >
< 42		53 >
< 42		55 >
< 42		56 >
< 42		58 >
< 42		59 >
< 42		60 >
< 43		45 >
< 43		46 >
< 43		49 >
< 43		50 >
< 43		51 >
< 43		52 >
< 43		53 >
< 43		55 >
< 43		56 >
< 43		57 >
< 43		58 >
< 43		60 >
< 44		46 >
< 44		47 >
< 44		48 >
< 44		49 >
< 44		50 >
< 44		52 >
< 44		55 >
< 44		56 >
< 44		57 >
< 44		58 >
< 44		59 >
< 45		46 >
< 45		48 >
< 45		49 >
< 45		50 >
< 45		52 >
< 45		53 >
< 45		56 >
< 45		58 >
< 45		60 >
< 46		47 >
< 46		50 >
< 46		51 >
< 46		52 >
< 46		53 >
< 46		54 >
< 46		56 >
< 46		59 >
< 47		50 >
< 47		51 >
< 47		53 >
< 47		54 >
< 47		55 >
< 47		59 >
< 48		49 >
< 48		50 >
< 48		52 >
< 48		53 >
< 48		54 >
< 48		55 >
< 48		58 >
< 48		59 >
< 48		60 >
< 49		50 >
< 49		51 >
< 49		52 >
< 49		53 >
< 49		54 >
< 49		55 >
< 49		56 >
< 49		57 >
< 49		58 >
< 49		60 >
< 50		52 >
< 50		55 >
< 50		56 >
< 50		57 >
< 50		59 >
< 50		60 >
< 51		52 >
< 51		53 >
< 51		55 >
< 51		57 >
< 51		59 >
< 52		53 >
< 52		54 >
< 52		55 >
< 52		56 >
< 52		57 >
< 52		59 >
< 52		60 >
< 53		54 >
< 53		55 >
< 53		56 >
< 53		57 >
< 53		59 >
< 54		55 >
< 54		56 >
< 54		57 >
< 54		58 >
< 54		59 >
< 55		56 >
< 55		57 >
< 55		58 >
< 55		59 >
< 56		57 >
< 56		58 >
< 56		59 >
< 57		58 >
< 57		59 >
< 58		60 >
