nNodes= 100
nPairs= 486  
Weight
2
4
4
2
2
3
2
4
4
3
4
3
2
3
2
4
4
2
2
2
3
2
4
2
3
4
4
4
4
3
4
3
4
4
3
3
4
3
4
4
4
3
2
3
3
2
4
2
3
4
3
3
3
4
2
3
3
3
4
2
2
4
3
4
2
3
4
4
2
4
4
4
2
3
2
3
4
3
3
4
4
4
4
2
2
2
4
2
4
2
2
2
2
3
2
4
3
2
3
2
Cost
101		0		0		0		0		101		0		0		0		0		0		0		0		0		0		0		0		0		0		0		0		0		0		0		0		0		0		0		0		0		0		0		0		101		0		0		0		0		0		0		0		0		0		0		0		0		101		0		0		101		0		0		0		0		0		0		101		0		101		0		0		0		101		101		0		0		0		0		0		0		0		0		0		0		0		0		0		101		0		0		101		0		0		0		0		0		0		0		0		0		0		0		0		0		0		0		0		0		0		0		
0		101		0		0		0		0		0		0		0		0		0		0		0		0		0		0		0		0		0		0		0		0		0		0		0		0		0		0		0		0		0		0		0		0		0		0		0		0		0		0		0		0		0		0		0		0		0		0		0		0		0		0		0		0		0		0		0		0		0		101		0		101		0		0		0		0		0		0		0		0		101		0		0		0		0		0		0		0		0		0		0		0		0		0		0		0		0		0		0		0		0		0		0		0		0		0		0		101		0		0		
0		0		101		0		0		0		0		0		0		0		0		0		0		0		0		0		0		0		0		0		0		0		0		0		0		0		0		0		0		0		0		0		0		0		0		0		0		0		0		0		0		0		0		0		0		0		0		0		101		101		101		0		0		0		0		0		0		0		0		0		101		0		0		0		0		0		0		0		0		0		101		0		0		0		0		0		0		0		0		0		0		0		0		0		0		0		0		0		0		0		0		0		0		101		0		101		0		0		0		0		
0		0		0		101		101		0		0		0		101		0		0		0		0		0		0		0		0		0		0		0		0		0		0		0		0		0		0		0		0		0		0		0		0		0		0		0		0		0		0		0		0		0		0		0		0		0		0		0		0		0		0		0		0		0		0		0		0		0		0		0		0		0		0		0		101		0		0		0		0		0		101		0		0		0		0		0		0		0		0		0		0		0		0		0		0		0		0		101		0		101		0		101		0		0		0		0		0		101		101		101		
0		0		0		101		101		0		0		0		0		0		0		0		101		0		0		0		0		0		0		0		0		0		0		0		0		0		0		0		0		0		0		0		0		0		101		0		101		0		0		0		0		0		0		0		0		101		0		0		0		101		0		0		0		0		0		101		0		0		0		0		0		0		0		0		0		0		0		0		0		0		0		0		101		0		0		101		101		0		0		0		101		0		0		0		0		0		0		0		0		0		0		101		0		0		0		0		101		0		0		0		
101		0		0		0		0		101		0		0		0		0		0		0		0		0		101		0		0		0		0		0		0		0		0		0		0		0		101		0		0		0		0		0		0		0		0		0		0		0		0		0		0		0		0		0		0		0		0		0		0		0		0		0		0		0		0		0		0		0		101		0		101		0		0		0		0		0		0		101		0		0		0		0		0		0		0		0		0		0		0		0		0		0		0		0		0		0		0		0		0		0		0		101		0		0		0		0		0		0		0		0		
0		0		0		0		0		0		101		0		0		0		101		0		0		0		0		0		0		0		101		0		0		0		101		0		0		101		0		0		101		0		0		0		0		0		0		0		0		0		0		0		0		101		0		0		0		101		0		0		0		101		0		0		0		101		0		0		0		0		0		0		0		0		101		0		0		0		0		0		0		0		0		0		101		0		101		101		0		0		0		0		0		0		0		0		101		0		101		0		0		0		0		0		101		101		0		0		0		101		0		0		
0		0		0		0		0		0		0		101		0		0		101		101		0		101		0		0		0		101		0		0		0		0		0		0		0		0		0		0		0		0		0		0		0		0		0		0		0		101		0		0		0		0		0		0		0		0		101		0		0		0		0		101		0		101		0		0		0		0		101		101		0		0		0		0		0		0		0		0		0		101		0		0		0		0		0		0		0		0		0		0		0		0		0		0		101		0		0		0		101		0		0		0		0		0		0		0		0		0		0		0		
0		0		0		101		0		0		0		0		101		0		0		0		0		0		101		0		0		0		101		0		0		0		0		0		0		0		0		0		0		101		101		0		0		0		0		0		0		0		0		0		0		0		0		0		0		0		0		0		0		0		0		0		0		101		101		0		0		0		0		0		0		0		0		0		0		0		0		101		0		0		0		0		0		0		0		0		0		0		0		0		0		0		0		0		0		0		0		0		0		0		0		0		0		0		0		101		0		0		0		101		
0		0		0		0		0		0		0		0		0		101		0		0		0		0		0		0		0		0		0		0		0		0		0		101		0		0		101		0		0		0		0		0		0		0		0		0		0		0		0		101		0		0		0		101		0		0		0		0		0		101		0		0		0		0		0		0		0		0		0		0		0		0		0		0		0		0		0		0		0		0		0		0		0		0		0		0		0		0		0		0		0		0		0		0		0		0		0		0		0		0		0		0		0		0		0		0		0		0		0		0		
0		0		0		0		0		0		101		101		0		0		101		101		0		0		0		0		0		0		0		0		0		0		0		0		0		0		0		0		0		0		0		0		0		0		101		0		101		0		0		0		0		0		0		101		0		0		0		0		0		0		0		0		0		0		0		0		0		0		0		0		0		0		0		0		0		0		0		0		0		101		0		0		0		0		0		0		0		0		0		0		0		0		0		0		0		0		0		0		0		0		0		0		0		0		0		0		0		0		0		0		
0		0		0		0		0		0		0		101		0		0		101		101		0		0		0		0		0		0		0		0		0		0		0		0		0		0		0		0		0		0		0		0		0		0		0		0		0		0		0		101		0		0		0		0		0		101		0		0		0		101		0		0		0		0		0		0		0		101		0		0		0		0		0		0		0		0		0		101		0		0		0		0		0		0		0		0		0		0		0		0		0		0		0		0		101		101		0		0		0		0		0		0		0		0		0		0		101		101		0		0		
0		0		0		0		101		0		0		0		0		0		0		0		101		0		0		0		0		0		0		0		0		0		101		0		0		0		0		0		0		0		0		0		0		0		0		0		101		0		0		0		0		0		0		0		0		0		0		0		0		0		0		0		101		0		0		0		0		101		0		0		101		0		0		0		101		0		0		0		101		0		0		0		0		0		0		0		101		0		0		0		0		0		0		0		0		0		0		0		0		0		0		0		0		0		0		0		0		0		0		0		
0		0		0		0		0		0		0		101		0		0		0		0		0		101		0		0		0		0		101		0		0		0		101		0		0		0		0		0		101		0		0		0		0		0		0		0		0		0		0		0		0		0		0		0		0		0		0		0		0		0		101		0		0		0		0		0		0		0		0		0		0		0		0		0		0		0		0		0		0		0		0		0		0		0		0		0		0		0		0		0		0		0		0		0		0		0		0		0		0		0		0		0		0		0		0		101		0		0		101		0		
0		0		0		0		0		101		0		0		101		0		0		0		0		0		101		101		101		0		0		0		0		0		0		0		0		0		0		0		0		0		101		0		0		101		101		0		0		0		0		0		0		0		101		0		0		0		0		0		0		0		0		0		0		101		0		0		0		0		0		0		0		0		0		101		101		0		0		0		101		0		0		0		0		0		0		0		0		0		0		0		0		101		0		0		0		0		0		0		101		0		0		0		101		0		0		0		0		101		0		0		
0		0		0		0		0		0		0		0		0		0		0		0		0		0		101		101		0		0		0		101		0		0		0		0		0		0		0		0		0		0		0		101		0		101		101		0		0		0		0		0		0		0		0		0		0		0		0		0		0		0		0		0		0		0		0		0		0		0		0		0		0		0		0		0		0		0		0		101		0		0		0		0		0		0		0		0		0		0		0		0		101		0		0		0		0		101		0		0		0		0		0		0		0		0		0		0		0		0		0		0		
0		0		0		0		0		0		0		0		0		0		0		0		0		0		101		0		101		0		0		0		0		0		0		0		0		0		0		0		0		101		0		0		0		0		0		101		0		0		0		0		0		0		0		0		0		0		0		0		0		0		0		0		0		0		0		0		0		0		0		0		0		0		0		0		0		0		0		0		0		0		0		0		0		0		0		0		0		0		0		0		0		101		0		0		0		0		0		0		0		0		0		0		0		0		0		0		0		0		0		0		
0		0		0		0		0		0		0		101		0		0		0		0		0		0		0		0		0		101		0		0		0		0		0		0		0		0		0		0		0		101		0		0		0		0		0		0		101		101		0		101		0		0		0		101		0		0		0		0		0		0		0		101		0		0		0		0		0		0		0		0		0		0		0		0		0		0		0		0		0		0		0		101		0		0		0		0		0		0		0		0		0		0		0		0		0		0		0		0		0		0		0		0		0		0		0		0		0		0		0		101		
0		0		0		0		0		0		101		0		101		0		0		0		0		101		0		0		0		0		101		0		0		0		101		0		0		0		101		0		0		101		101		0		0		0		0		0		0		0		0		0		0		0		0		0		0		0		0		0		101		0		0		0		0		0		0		0		0		101		101		0		0		0		0		0		0		0		0		0		0		0		0		101		0		0		0		0		0		101		0		0		0		0		0		0		101		0		0		0		0		0		0		0		0		0		0		0		101		0		0		0		
0		0		0		0		0		0		0		0		0		0		0		0		0		0		0		101		0		0		0		101		0		0		0		0		0		0		0		0		0		0		0		0		0		0		0		0		0		0		0		0		0		0		0		101		0		0		0		0		0		0		0		0		0		0		0		0		0		0		0		0		0		0		0		0		0		0		0		0		0		0		0		0		0		0		101		0		0		0		0		0		0		0		0		0		0		0		0		0		0		0		101		101		0		0		0		0		0		0		0		101		
0		0		0		0		0		0		0		0		0		0		0		0		0		0		0		0		0		0		0		0		101		0		0		0		0		0		0		0		0		0		0		0		0		0		0		0		0		0		0		0		0		0		0		0		0		0		0		0		0		0		0		0		0		0		0		0		0		101		0		0		0		0		0		0		0		0		0		0		0		101		0		101		0		0		0		0		101		0		0		0		0		0		0		0		0		101		0		0		0		101		0		0		0		0		0		101		101		101		0		0		
0		0		0		0		0		0		0		0		0		0		0		0		0		0		0		0		0		0		0		0		0		101		0		0		101		0		0		0		0		0		0		0		0		101		0		0		0		0		0		0		0		0		0		0		0		0		0		0		0		0		0		0		0		0		101		0		0		0		0		0		0		0		101		0		0		0		0		0		0		0		0		0		0		0		0		0		0		0		0		101		0		0		0		0		0		0		0		0		0		101		0		0		0		101		0		0		0		0		0		0		
0		0		0		0		0		0		101		0		0		0		0		0		101		101		0		0		0		0		101		0		0		0		101		0		0		0		0		101		0		0		0		0		0		0		0		0		0		0		0		0		0		0		0		101		0		0		0		0		0		0		0		0		0		0		0		0		0		0		0		101		0		101		0		0		0		0		0		0		0		0		0		0		0		0		0		0		0		0		0		0		0		0		0		0		0		0		0		0		0		0		0		101		0		0		0		0		0		0		101		0		
0		0		0		0		0		0		0		0		0		101		0		0		0		0		0		0		0		0		0		0		0		0		0		101		0		0		0		0		0		0		0		0		0		0		0		0		0		0		0		0		0		0		0		101		0		0		0		0		0		101		0		101		0		0		0		101		0		101		0		0		0		0		0		0		0		0		0		0		0		0		0		101		0		101		0		0		0		101		0		0		0		0		0		0		101		0		0		0		0		0		0		0		0		0		0		0		101		0		0		0		
0		0		0		0		0		0		0		0		0		0		0		0		0		0		0		0		0		0		0		0		0		101		0		0		101		0		101		0		0		0		101		0		0		0		101		0		0		0		0		0		0		0		0		0		0		0		0		101		0		0		101		0		0		0		0		0		0		0		0		101		0		0		101		0		0		0		0		0		0		0		0		0		0		101		0		0		0		0		0		0		0		0		0		0		0		0		0		0		0		0		0		0		0		0		0		0		0		0		101		0		
0		0		0		0		0		0		101		0		0		0		0		0		0		0		0		0		0		0		0		0		0		0		0		0		0		101		0		0		0		0		0		0		0		0		0		0		0		0		0		0		0		101		0		0		0		0		0		0		0		0		0		0		0		0		0		0		0		0		0		0		0		0		0		0		0		0		0		0		0		0		0		0		0		0		0		0		0		0		0		101		0		0		0		0		0		101		0		0		0		0		0		0		0		0		0		101		0		0		0		0		
0		0		0		0		0		101		0		0		0		101		0		0		0		0		0		0		0		0		101		0		0		0		0		0		101		0		101		0		0		0		0		0		0		0		0		0		0		0		101		0		0		0		0		0		0		0		0		0		101		0		0		0		0		0		0		0		0		0		0		0		0		0		0		0		0		0		0		0		0		0		0		0		0		0		0		0		0		0		0		101		0		0		0		0		0		0		0		0		0		0		0		0		0		0		0		0		0		0		0		0		
0		0		0		0		0		0		0		0		0		0		0		0		0		0		0		0		0		0		0		0		0		0		101		0		0		0		0		101		101		0		0		0		0		0		0		101		0		0		0		0		0		0		0		0		0		0		0		0		0		0		0		0		101		0		0		0		0		0		0		0		0		0		101		0		0		0		0		0		101		0		0		0		0		0		0		0		0		0		0		0		0		101		101		0		101		0		0		0		0		0		0		0		0		0		0		0		0		0		0		0		
0		0		0		0		0		0		101		0		0		0		0		0		0		101		0		0		0		0		0		0		0		0		0		0		0		0		0		101		101		0		0		0		0		101		0		0		0		101		0		0		0		0		0		0		0		0		0		0		0		0		0		101		0		0		0		0		0		0		0		0		0		0		0		0		0		0		0		0		0		0		0		0		0		0		0		0		0		0		0		0		0		0		0		0		0		0		0		101		0		0		0		0		0		0		0		0		0		0		0		0		
0		0		0		0		0		0		0		0		101		0		0		0		0		0		0		0		101		101		101		0		0		0		0		0		0		0		0		0		0		101		0		0		0		0		0		101		0		0		0		0		0		0		0		0		0		0		0		0		0		0		101		0		0		0		0		0		0		0		0		0		101		0		0		0		0		0		0		101		0		0		0		0		0		0		101		0		0		0		0		0		101		0		101		0		0		0		0		0		0		0		0		0		0		0		0		0		0		0		0		0		
0		0		0		0		0		0		0		0		101		0		0		0		0		0		101		0		0		0		101		0		0		0		0		0		101		0		0		0		0		0		101		0		0		0		0		0		0		0		0		0		0		0		0		0		0		0		0		0		0		0		0		0		101		0		0		0		0		0		0		0		0		0		0		0		0		0		0		0		0		0		0		0		101		0		0		0		0		0		101		0		0		0		0		0		0		101		0		0		0		0		0		0		0		0		0		0		0		0		0		0		
0		0		0		0		0		0		0		0		0		0		0		0		0		0		0		101		0		0		0		0		0		0		0		0		0		0		0		0		0		0		0		101		0		0		0		0		101		101		0		0		0		0		0		0		0		0		0		0		0		101		0		0		0		0		0		0		0		0		0		0		0		0		0		0		0		0		0		101		0		0		0		0		0		0		0		101		0		0		0		0		0		0		0		0		0		0		0		0		0		0		0		0		0		0		0		0		0		0		0		0		
0		0		0		0		0		0		0		0		0		0		0		0		0		0		0		0		0		0		0		0		0		0		0		0		0		0		0		0		0		0		0		0		101		0		0		101		0		0		0		0		0		0		0		0		0		0		101		0		0		0		101		0		0		0		0		0		0		0		0		0		0		0		0		0		0		101		0		0		101		0		0		0		0		0		0		0		0		0		0		0		0		0		0		0		0		0		0		0		0		0		0		0		0		0		0		0		0		0		0		101		
101		0		0		0		0		0		0		0		0		0		0		0		0		0		101		101		0		0		0		0		0		101		0		0		0		0		0		0		101		0		0		0		0		101		0		101		0		0		0		0		0		0		0		0		0		0		0		0		0		0		0		0		0		0		0		0		0		0		0		0		0		0		0		0		0		0		0		0		0		0		0		0		0		0		0		0		0		0		0		0		0		0		0		0		0		0		101		0		0		101		0		0		0		0		0		0		0		0		0		0		
0		0		0		0		101		0		0		0		0		0		101		0		0		0		101		101		0		0		0		0		0		0		0		0		101		0		0		0		0		0		0		0		0		0		101		101		0		0		0		0		0		0		0		0		0		0		0		0		0		0		0		0		0		0		0		0		0		0		0		0		0		0		0		0		0		0		0		0		0		0		0		0		0		0		0		0		0		0		101		0		0		0		0		0		0		0		101		0		101		101		0		0		101		0		0		0		0		0		0		0		
0		0		0		0		0		0		0		0		0		0		0		0		0		0		0		0		101		0		0		0		0		0		0		0		0		0		0		101		0		101		0		0		101		101		101		101		0		0		0		0		0		0		101		101		0		0		0		0		0		0		0		0		0		0		0		0		0		0		0		0		0		101		0		0		0		0		0		0		0		0		101		101		0		0		0		0		0		0		0		0		0		0		0		0		0		101		0		0		0		0		0		0		101		0		0		0		101		0		0		0		
0		0		0		0		101		0		0		0		0		0		101		0		101		0		0		0		0		101		0		0		0		0		0		0		0		0		0		0		0		0		0		101		0		0		0		0		101		0		0		0		0		0		0		0		0		0		0		0		0		0		0		0		0		0		0		0		0		0		0		0		0		101		0		0		0		0		0		0		0		0		0		0		0		0		0		0		0		0		0		0		101		0		0		0		0		0		0		0		0		0		0		0		0		0		0		0		0		0		0		0		
0		0		0		0		0		0		0		101		0		0		0		0		0		0		0		0		0		101		0		0		0		0		0		0		0		0		0		0		101		0		0		101		0		0		0		0		0		101		0		101		0		0		0		0		0		101		0		0		0		0		0		0		0		0		0		0		0		0		0		101		0		0		0		0		0		0		0		0		0		0		0		0		0		0		0		0		0		0		0		0		0		0		0		0		0		101		0		0		0		101		0		0		0		0		0		0		0		101		0		0		
0		0		0		0		0		0		0		0		0		0		0		0		0		0		0		0		0		0		0		0		0		0		0		0		0		0		101		0		0		0		0		0		0		0		0		0		0		0		101		101		101		0		0		0		0		0		0		0		101		0		0		0		101		0		0		0		0		101		0		0		0		0		0		0		0		101		0		0		0		0		101		101		0		0		0		0		0		101		0		0		0		0		101		0		0		0		0		0		0		0		0		0		0		0		0		101		0		0		0		0		
0		0		0		0		0		0		0		0		0		101		0		101		0		0		0		0		0		101		0		0		0		0		0		0		0		0		0		0		0		0		0		0		0		0		0		0		0		101		101		101		0		0		101		0		0		0		0		0		0		0		101		0		0		101		0		0		0		0		0		0		0		0		0		101		0		0		0		0		0		0		0		0		0		0		101		0		101		0		0		101		0		0		0		0		0		0		0		0		0		0		101		101		0		0		0		0		0		0		101		0		
0		0		0		0		0		0		0		0		0		0		0		0		0		0		0		0		0		0		0		0		0		0		0		0		0		0		0		0		0		0		0		0		0		0		0		0		0		0		101		0		101		0		0		0		0		0		0		0		0		101		0		0		0		0		0		0		0		0		0		101		0		0		0		0		0		0		101		0		0		0		0		0		0		101		0		0		0		0		0		0		0		101		0		0		0		0		101		0		0		0		0		0		101		0		101		101		0		0		0		101		
0		0		0		0		0		0		101		0		0		0		0		0		0		0		0		0		0		0		0		0		0		0		0		0		0		101		0		0		0		0		0		0		0		0		0		0		0		0		0		0		0		101		0		0		101		0		0		0		0		0		0		0		0		0		101		0		0		0		0		0		0		0		0		0		0		0		0		101		0		0		0		0		0		0		0		101		101		0		101		0		0		0		0		0		0		101		0		0		0		0		0		0		101		0		0		0		0		0		0		0		
0		0		0		0		0		0		0		0		0		0		0		0		0		0		101		0		0		0		0		0		0		0		0		0		0		0		0		0		0		0		0		0		0		0		0		101		0		0		0		101		0		0		101		0		0		0		101		0		0		0		0		0		0		0		0		0		0		0		0		0		0		0		0		0		0		0		0		0		0		0		0		0		0		0		0		0		0		0		0		101		0		0		0		0		0		0		0		0		0		0		101		0		101		0		0		101		0		101		0		0		
0		0		0		0		0		0		0		0		0		101		101		0		0		0		0		0		0		101		0		101		0		0		101		101		0		0		0		0		0		0		0		0		0		0		0		101		0		0		0		0		0		0		0		101		0		0		0		0		0		0		0		0		0		0		101		0		0		0		0		0		0		0		0		0		0		0		0		101		0		0		0		0		0		101		0		0		0		0		0		0		101		0		0		0		0		0		0		0		0		0		0		0		0		0		101		101		0		0		0		0		
0		0		0		0		0		0		0		0		0		0		0		0		0		0		0		0		0		0		0		0		0		0		0		0		0		0		0		0		0		0		0		0		0		0		0		0		0		0		0		0		0		101		0		0		101		0		0		0		0		0		0		0		101		0		0		0		0		0		0		0		0		0		0		0		101		0		0		0		0		0		0		0		0		0		101		0		0		0		0		101		0		0		0		0		0		0		0		0		0		0		0		0		101		101		0		0		101		101		0		0		
0		0		0		0		101		0		101		0		0		0		0		101		0		0		0		0		0		0		0		0		0		0		0		0		0		0		0		0		0		0		0		0		0		0		0		0		0		101		0		0		0		0		0		0		0		101		0		101		0		0		0		0		101		0		0		0		0		0		0		0		0		0		0		0		0		101		0		0		0		0		0		0		0		0		101		0		101		0		0		0		0		0		0		0		0		0		0		0		0		0		0		101		0		0		0		0		0		0		0		0		
101		0		0		0		0		0		0		101		0		0		0		0		0		0		0		0		0		0		0		0		0		0		0		0		0		0		0		0		0		0		0		0		101		0		0		0		0		0		0		0		0		0		101		0		0		0		101		101		0		0		0		101		0		0		0		0		0		101		0		0		0		0		0		0		0		0		0		0		0		0		0		0		0		0		0		0		0		0		0		0		0		0		0		0		0		0		0		0		101		0		0		0		0		0		0		0		0		0		0		0		
0		0		0		0		0		0		0		0		0		0		0		0		0		0		0		0		0		0		0		0		0		0		0		0		101		0		0		0		0		0		0		0		0		0		0		0		0		0		0		0		0		0		0		0		0		101		101		101		0		0		0		0		0		0		0		0		0		0		0		0		0		0		0		0		0		0		0		0		0		0		0		0		0		0		0		0		0		0		0		0		0		0		0		101		101		0		101		0		0		0		0		0		0		0		0		0		0		0		0		0		
0		0		101		0		0		0		0		0		0		0		0		0		0		0		0		0		0		0		101		0		0		0		0		0		0		0		101		0		0		0		0		0		0		0		0		0		0		0		101		0		0		0		0		0		0		0		0		0		101		0		0		0		0		0		101		0		0		0		0		0		0		0		0		101		0		0		0		0		0		0		0		0		0		101		0		0		0		0		0		101		0		0		0		101		0		0		0		0		0		0		0		0		0		0		0		101		101		0		0		0		
101		0		101		0		101		0		101		0		0		101		0		101		0		0		0		0		0		0		0		0		0		0		0		101		0		0		0		0		0		0		0		101		0		0		0		0		0		0		0		0		101		0		0		0		0		0		0		0		0		101		0		0		0		0		101		0		101		101		0		0		0		0		0		0		0		101		0		0		0		0		0		0		0		101		101		0		0		0		0		0		0		0		0		0		0		0		0		0		0		0		0		101		0		0		0		0		0		0		0		0		
0		0		101		0		0		0		0		0		0		0		0		0		0		101		0		0		0		0		0		0		0		0		0		0		101		0		0		0		0		101		0		0		101		0		0		0		0		0		0		101		0		0		0		0		0		0		0		0		0		0		101		0		0		0		0		0		0		0		0		101		0		0		0		0		0		0		0		0		0		0		0		0		0		0		0		0		0		0		0		0		0		0		0		0		101		0		0		0		0		0		0		0		0		0		0		0		0		0		0		0		
0		0		0		0		0		0		0		101		0		0		0		0		0		0		0		0		0		101		0		0		0		0		0		101		0		0		0		0		101		0		0		0		0		0		0		0		0		0		0		0		0		0		0		0		0		0		101		0		0		0		0		101		0		0		0		0		0		0		0		0		0		0		0		0		0		0		101		0		0		0		0		0		0		0		0		0		0		0		0		0		0		0		0		0		0		0		0		0		0		0		0		0		0		0		0		0		0		0		0		0		
0		0		0		0		0		0		0		0		0		0		0		0		101		0		0		0		0		0		0		0		0		0		0		0		0		0		0		101		0		0		101		0		0		0		0		0		0		0		101		0		0		0		0		0		101		101		0		0		0		0		0		0		101		0		101		0		0		0		0		0		0		0		0		0		0		0		0		0		0		101		0		101		0		0		0		0		0		0		0		0		0		101		0		0		0		0		0		0		0		0		0		0		101		0		0		0		0		0		0		101		
0		0		0		0		0		0		101		101		101		0		0		0		0		0		101		0		0		0		0		0		0		0		0		0		0		0		0		0		0		0		0		0		0		0		0		0		0		0		0		101		0		0		0		0		0		0		0		0		0		0		0		0		0		101		0		101		0		0		0		0		0		0		0		0		0		0		101		0		101		0		0		0		0		0		0		0		101		0		0		101		0		0		0		0		0		0		0		0		0		0		0		0		0		0		0		0		0		0		0		0		
0		0		0		0		0		0		0		0		101		0		0		0		0		0		0		0		0		0		0		0		0		101		0		0		0		0		0		0		0		0		0		0		0		0		0		0		0		0		0		0		0		101		0		101		0		0		0		0		101		101		0		0		101		0		101		0		0		0		0		0		0		0		0		0		0		0		0		0		0		0		0		101		0		0		0		0		0		0		0		0		0		0		0		0		0		0		0		0		0		0		0		0		0		0		101		0		0		0		0		0		
0		0		0		0		101		0		0		0		0		0		0		0		0		0		0		0		0		0		0		0		0		0		0		101		0		0		0		0		0		0		0		0		0		0		0		0		0		0		0		0		0		0		0		0		0		0		0		0		0		0		0		0		0		101		0		101		0		0		0		0		0		0		0		0		0		0		101		0		101		0		0		0		0		101		0		0		0		0		0		0		0		0		0		0		0		0		0		0		0		0		0		0		0		0		0		0		0		0		0		0		
101		0		0		0		0		0		0		0		0		0		0		0		0		0		0		0		0		0		0		0		0		0		0		0		0		0		0		0		0		0		0		0		0		0		0		0		0		0		0		0		0		0		0		0		0		0		0		0		0		101		0		0		0		0		0		0		101		0		0		0		0		0		0		0		0		0		0		0		0		0		0		0		0		0		0		101		0		0		0		0		0		101		0		0		0		0		101		0		101		0		0		0		0		0		0		0		0		0		0		0		
0		0		0		0		0		0		0		0		0		0		0		101		101		0		0		0		0		0		101		0		101		0		0		101		0		0		0		0		0		0		0		0		0		0		0		0		0		0		101		0		0		0		0		0		0		0		101		0		0		101		0		0		0		0		0		0		0		101		0		0		0		101		0		0		0		0		0		0		0		0		0		0		0		101		0		0		0		0		0		0		101		0		0		0		0		0		0		0		0		0		0		0		101		0		0		0		0		0		101		101		
101		0		0		0		0		101		0		101		0		0		0		0		0		0		0		0		0		0		101		0		0		0		0		0		0		0		0		0		0		0		0		0		0		0		0		0		0		0		0		0		0		0		0		0		0		0		0		0		0		0		0		0		0		0		0		0		0		0		101		0		101		0		0		0		0		0		0		0		0		0		0		0		0		0		0		101		0		0		0		0		0		0		0		0		0		0		0		101		0		0		0		0		0		0		0		0		0		0		0		0		
0		101		0		0		0		0		0		101		0		0		0		0		0		0		0		0		0		0		0		0		0		0		101		0		101		0		0		0		0		0		0		0		0		0		0		0		0		101		0		0		101		0		0		0		0		0		0		0		0		0		101		0		0		0		0		0		0		0		0		101		0		0		0		0		0		0		0		0		0		0		0		0		0		0		101		0		101		0		0		0		0		0		0		0		101		0		0		0		0		0		0		0		0		0		0		0		0		0		0		0		
0		0		101		0		0		101		0		0		0		0		0		0		101		0		0		0		0		0		0		0		0		0		0		0		0		0		0		0		0		101		0		0		0		0		0		0		0		0		0		0		0		0		0		0		0		0		0		0		0		0		0		0		0		0		0		0		0		0		101		0		101		0		101		0		0		0		0		0		0		0		0		0		0		101		0		0		0		0		0		0		0		0		0		0		0		0		0		0		0		0		0		0		0		101		0		0		0		0		0		0		
0		101		0		0		0		0		0		0		0		0		0		0		0		0		0		0		0		0		0		0		0		0		101		0		0		0		0		0		0		0		0		0		0		0		0		101		101		0		0		0		0		0		0		0		0		0		0		0		0		0		0		0		0		0		0		0		0		101		0		0		0		101		0		0		0		0		0		0		101		0		101		0		0		0		0		0		0		0		0		0		0		0		0		0		0		0		0		0		101		101		0		0		0		101		0		0		0		0		0		0		
101		0		0		0		0		0		101		0		0		0		0		0		0		0		0		0		0		0		0		0		0		101		0		0		101		0		0		101		0		0		0		0		0		0		0		0		0		0		0		0		0		0		0		0		0		0		0		0		0		0		0		0		0		0		0		0		0		0		0		0		101		0		101		0		0		0		0		0		0		0		0		0		0		0		0		0		101		0		0		0		0		0		0		0		0		0		0		0		0		0		0		0		0		0		0		101		0		0		0		0		
101		0		0		0		0		0		0		0		0		0		0		0		0		0		101		0		0		0		0		0		0		0		0		0		0		0		0		0		0		0		0		0		0		0		0		0		0		0		0		101		0		0		0		0		0		0		0		0		101		0		0		0		0		0		0		0		0		0		0		0		0		0		0		101		0		0		0		0		0		0		0		0		0		0		0		0		0		0		0		0		0		0		101		0		0		0		0		0		0		101		0		0		0		0		0		0		0		101		101		0		
0		0		0		101		0		0		0		0		0		0		0		0		101		0		101		0		0		0		0		0		0		0		0		0		0		0		0		0		0		0		0		0		0		0		0		0		0		0		0		0		0		0		0		0		101		0		0		0		0		0		0		0		0		0		0		0		0		0		0		0		0		0		0		0		101		0		0		0		0		0		0		0		0		0		0		0		0		0		0		0		0		101		0		0		101		0		0		101		0		0		0		0		0		0		0		0		0		0		0		0		
0		0		0		0		0		0		0		0		0		0		0		0		0		0		0		0		0		0		0		0		0		0		0		0		0		0		0		0		0		0		0		0		101		0		0		0		0		0		101		0		0		0		0		0		0		101		0		0		0		101		0		0		0		0		0		0		0		0		0		0		0		0		0		0		0		101		0		0		0		0		0		0		0		101		0		0		0		0		0		0		0		0		0		0		0		0		0		0		0		0		0		0		0		0		0		0		0		0		0		0		
0		0		0		0		0		0		0		0		0		0		0		0		0		0		0		0		0		0		0		0		0		0		0		0		0		0		0		0		0		0		0		0		0		0		0		0		0		0		0		0		101		0		0		0		0		0		0		0		0		0		0		101		0		101		0		101		0		0		0		0		0		0		0		0		0		0		101		0		0		0		101		0		0		0		0		101		0		0		0		0		0		0		0		0		0		0		0		0		0		0		0		0		0		0		0		0		0		0		0		0		
0		0		0		0		0		101		0		0		101		0		0		101		0		0		0		101		0		0		0		0		0		0		0		0		0		0		0		0		0		101		0		101		0		0		0		0		0		0		0		0		0		101		0		101		0		0		0		0		0		0		0		0		0		0		0		0		0		0		0		0		0		0		0		0		0		0		0		101		0		0		0		0		0		0		0		0		0		0		0		0		101		0		0		0		0		0		0		0		101		0		0		0		101		0		101		0		0		0		0		101		
0		0		0		0		0		0		0		0		0		0		0		0		101		0		101		0		0		0		0		0		0		0		0		0		0		0		0		101		0		0		0		0		101		0		0		0		0		0		0		0		0		0		0		0		0		0		0		0		0		0		0		0		0		101		0		101		0		0		0		0		0		101		0		0		0		0		0		0		101		0		0		0		0		0		0		0		0		0		101		101		0		0		0		0		0		0		0		0		0		0		0		0		0		0		0		0		0		0		0		101		
0		0		0		0		0		0		0		101		0		0		101		0		0		0		0		0		0		0		0		0		101		0		0		0		0		0		0		0		0		0		0		0		0		0		0		0		0		0		0		0		0		0		0		0		0		0		0		0		0		0		0		0		101		0		0		0		0		0		0		0		0		0		0		0		0		0		0		0		0		101		0		101		0		101		0		0		101		0		0		0		0		0		0		0		0		0		0		0		0		0		101		101		0		0		101		0		0		101		0		0		
0		101		101		101		0		0		0		0		0		0		0		0		0		0		0		0		0		0		0		0		0		0		0		0		0		0		0		0		0		0		0		0		0		0		0		101		0		0		101		0		0		0		0		0		0		0		0		0		0		0		0		0		0		0		0		0		0		0		0		0		0		101		0		0		0		0		101		0		0		0		101		0		0		0		0		0		0		0		0		101		0		0		0		0		0		101		0		0		0		0		0		0		0		0		0		0		0		0		0		0		
0		0		0		0		0		0		0		0		0		0		0		0		0		0		0		0		0		101		101		0		101		0		0		101		0		0		0		0		0		0		0		0		0		0		0		101		0		0		101		0		0		0		0		0		0		0		0		0		0		0		0		0		101		0		101		0		0		0		0		0		0		0		0		0		0		0		0		0		0		101		0		101		0		0		0		0		0		0		0		0		0		0		0		0		0		0		101		0		0		0		0		0		0		0		0		101		101		0		0		0		
0		0		0		0		101		0		101		0		0		0		0		0		0		0		0		0		0		0		0		0		0		0		0		0		0		0		0		0		0		0		101		0		0		0		0		0		0		0		0		0		0		0		0		0		0		0		0		0		0		0		0		0		0		0		0		0		0		0		0		0		0		0		0		0		0		0		0		0		0		0		0		0		101		0		0		0		0		0		0		0		0		0		0		0		101		0		0		0		0		0		0		0		0		0		0		0		0		0		101		0		
0		0		0		0		0		0		0		0		0		0		0		0		0		0		0		0		0		0		0		0		0		0		0		101		101		0		0		0		0		0		0		0		0		0		0		0		0		0		0		0		101		0		0		101		0		0		0		0		101		101		0		0		0		0		0		101		0		101		0		0		101		0		0		0		0		101		0		0		0		101		0		0		0		101		0		101		101		0		0		0		0		0		0		0		101		0		0		0		0		0		0		0		101		0		0		0		0		0		101		0		
0		0		0		0		0		0		101		0		0		0		0		0		0		0		0		0		0		0		0		101		0		0		0		0		0		0		0		0		0		101		0		0		0		0		0		0		0		0		0		101		0		0		0		0		101		101		0		0		0		101		0		0		0		0		0		0		0		0		0		101		0		0		0		0		0		0		0		0		0		0		0		0		0		0		101		0		0		0		0		101		0		0		101		0		0		101		0		101		0		0		0		0		0		0		0		0		0		0		0		0		
0		0		0		0		101		0		101		0		0		0		0		0		0		0		0		0		0		0		0		0		0		0		0		0		0		0		0		0		0		0		0		101		0		0		0		0		0		0		0		0		0		101		0		0		0		0		0		0		0		0		0		0		0		0		0		0		101		0		101		0		0		0		0		0		0		0		101		0		0		0		0		0		0		101		0		101		101		0		0		0		0		0		0		0		101		0		0		101		0		0		0		0		0		0		0		0		101		101		0		0		
0		0		0		0		101		0		0		0		0		0		0		0		101		0		0		0		0		0		0		0		101		0		0		0		0		0		0		0		0		0		0		0		0		0		0		0		0		0		0		101		0		101		0		0		0		101		0		0		0		0		0		0		0		101		0		0		0		0		0		101		0		0		101		0		0		0		0		0		0		101		0		0		0		101		0		101		101		0		0		0		0		101		0		0		0		0		0		0		101		0		0		0		0		0		0		0		0		0		0		0		
101		0		0		0		0		0		0		0		0		0		0		0		0		0		0		0		0		0		101		0		0		0		0		101		0		0		0		0		0		0		0		0		0		0		0		0		0		0		101		0		0		0		0		0		0		0		0		0		0		0		0		0		0		0		0		0		0		0		0		0		0		0		0		0		0		0		0		0		0		0		0		0		0		0		0		0		0		101		0		101		0		101		0		0		0		0		0		0		0		0		0		0		0		0		0		0		0		0		0		0		
0		0		0		0		0		0		0		0		0		0		0		0		0		0		0		0		0		0		0		0		0		0		0		0		0		0		0		0		0		0		101		0		0		0		101		0		0		0		0		0		0		101		0		0		0		0		0		0		0		0		0		0		0		0		0		0		0		0		0		0		0		0		0		0		0		0		0		0		101		0		0		0		0		0		0		0		0		0		101		0		0		0		0		0		0		0		101		0		0		0		0		0		0		0		101		0		0		0		0		101		
0		0		0		0		0		0		0		0		0		0		0		0		0		0		0		0		0		0		0		0		0		101		0		0		0		101		101		0		0		0		0		0		0		0		0		0		0		0		0		101		0		0		101		0		101		0		0		0		101		0		0		0		0		101		0		0		0		0		0		0		0		0		0		0		0		0		0		0		101		0		101		0		0		0		101		0		0		101		0		101		0		0		0		0		0		0		0		0		0		0		0		0		101		0		0		0		0		0		0		0		
101		0		0		0		101		0		0		0		0		0		0		0		0		0		0		101		0		0		0		0		0		0		0		0		0		0		0		0		0		101		0		0		0		0		0		0		101		0		0		0		0		0		0		101		0		0		0		0		0		0		0		0		0		0		0		0		0		101		0		0		0		0		0		0		0		0		0		101		0		0		0		0		0		0		0		0		0		0		0		0		101		0		0		101		101		0		0		0		0		0		0		101		0		0		101		0		0		0		101		0		
0		0		0		0		0		0		0		0		0		0		0		0		0		0		101		0		101		0		0		0		0		0		0		0		0		0		0		101		0		0		0		0		0		0		0		0		0		0		0		0		101		0		0		0		0		0		0		0		0		0		0		0		101		0		0		0		101		0		0		0		0		0		0		0		101		0		0		0		0		0		0		0		0		0		0		0		101		101		0		0		0		101		0		0		0		0		0		0		101		0		0		0		0		101		0		0		0		0		101		0		
0		0		0		0		0		0		0		0		0		0		0		0		0		0		0		0		0		0		0		0		0		0		0		0		0		0		0		101		0		101		0		0		0		0		0		0		0		0		101		0		0		0		0		0		0		0		0		0		0		0		0		0		0		0		0		0		0		0		0		0		0		0		0		101		0		0		0		0		0		0		0		0		0		0		101		0		0		0		0		0		0		0		101		0		0		0		101		0		0		0		0		0		0		0		0		0		0		0		0		0		
0		0		0		0		0		0		0		0		0		0		0		0		0		0		0		0		0		0		0		0		0		0		0		0		0		0		0		0		0		0		0		0		0		0		0		0		0		0		0		0		0		0		0		0		0		0		0		101		101		0		0		0		0		0		0		0		0		0		0		0		0		0		0		0		0		0		0		0		0		0		0		0		0		0		0		0		0		0		0		0		101		0		0		101		0		101		0		0		0		0		0		101		0		0		0		0		101		0		0		0		
0		0		0		0		0		0		101		101		0		0		0		101		0		0		0		0		0		0		101		0		0		0		0		101		0		0		0		101		0		0		0		0		0		0		0		0		0		0		0		0		0		0		0		0		0		0		0		101		0		0		101		0		0		0		0		0		0		0		0		101		0		0		0		0		101		0		0		0		0		0		0		0		101		101		0		101		0		0		0		0		101		0		0		0		101		0		0		0		0		0		0		0		0		0		101		0		0		0		0		101		
0		0		0		0		0		0		0		0		0		0		0		101		0		0		0		101		0		0		0		0		101		0		0		0		0		101		0		0		0		0		101		0		0		0		0		101		0		101		0		0		0		101		0		0		0		0		0		0		0		0		0		0		0		0		0		0		0		0		0		0		0		0		0		0		0		0		0		0		0		0		101		0		0		0		101		0		0		0		0		0		0		0		0		101		0		101		0		0		0		0		0		0		0		0		0		0		0		0		0		0		
0		0		0		0		0		0		101		0		0		0		0		0		0		0		0		0		0		0		0		0		0		0		0		0		0		0		0		0		0		0		0		0		0		101		101		0		0		0		0		0		101		0		0		0		0		0		0		101		0		0		0		0		0		0		0		0		101		0		0		0		0		0		0		0		0		0		0		0		0		0		0		101		0		0		0		0		0		0		101		0		0		0		101		0		0		0		101		0		0		0		0		0		0		0		0		0		0		101		0		0		
0		0		0		101		0		0		0		0		0		0		0		0		0		0		0		0		0		0		0		0		0		0		0		0		0		0		0		0		101		0		0		0		0		0		0		0		0		0		0		0		0		0		0		0		0		0		0		0		0		0		0		0		0		0		0		0		0		0		101		0		0		0		0		0		101		0		0		0		0		0		0		0		0		0		101		101		0		0		0		0		0		0		0		0		0		0		0		101		0		0		0		0		101		0		0		0		0		0		0		0		
0		0		0		0		0		0		0		101		0		0		0		0		0		0		101		0		0		0		0		0		0		0		0		0		0		0		0		0		0		0		0		0		0		0		101		0		0		0		0		0		0		0		0		0		0		0		101		0		0		0		0		0		0		0		0		0		101		0		0		0		0		101		0		0		0		0		0		101		0		0		0		0		0		0		0		0		101		0		0		0		0		101		0		0		0		0		0		0		101		0		0		0		0		0		0		0		0		0		0		0		
0		0		0		101		0		0		0		0		0		0		0		0		0		0		0		0		0		0		0		0		101		101		0		0		0		0		0		0		0		0		0		0		0		101		101		0		0		101		0		0		0		0		0		0		0		0		0		0		0		0		0		0		0		0		0		0		0		0		0		0		0		101		0		101		0		0		0		0		0		0		0		0		0		0		0		0		0		0		0		0		0		0		0		0		0		0		0		0		0		101		0		0		0		0		0		0		101		101		0		0		
0		0		0		0		0		0		0		0		0		0		0		0		0		0		0		0		0		0		0		101		0		0		0		0		0		0		0		0		0		0		0		0		0		0		0		0		0		0		0		101		0		0		101		0		0		0		0		0		0		0		0		0		0		0		0		0		0		0		0		0		0		0		0		0		0		0		0		0		0		101		0		0		0		0		0		0		0		0		0		0		0		0		0		0		0		0		0		0		0		0		101		101		0		0		0		0		0		101		0		0		
0		0		0		101		101		101		0		0		0		0		0		0		0		0		0		0		0		0		0		101		0		0		101		0		0		0		0		0		0		0		0		0		0		0		0		0		0		0		0		101		0		0		0		0		0		101		0		0		0		101		0		0		0		0		0		0		0		0		0		0		0		0		0		0		0		0		0		0		0		101		0		0		0		0		0		0		0		0		0		0		101		0		0		101		0		0		0		0		0		0		101		101		0		101		0		0		0		0		0		0		
0		0		0		0		0		0		101		0		0		0		0		0		0		0		101		0		0		0		0		0		0		0		0		0		0		0		0		0		0		0		0		0		0		0		101		101		0		0		0		0		101		101		101		0		101		0		0		0		0		0		0		0		101		0		0		0		0		101		0		0		0		0		0		0		0		0		0		101		0		0		0		0		0		101		0		0		0		0		0		101		0		0		0		0		0		0		0		101		0		0		0		0		101		0		0		0		0		0		0		101		
0		0		101		0		0		0		101		0		0		0		0		0		0		0		0		0		0		0		0		0		0		101		0		0		0		0		0		0		0		0		0		0		0		0		0		0		0		0		0		0		0		0		0		0		101		0		0		0		0		0		0		0		0		0		0		0		0		0		0		0		101		101		0		0		0		0		0		0		0		0		0		0		0		0		0		0		0		0		0		0		0		101		0		0		0		0		0		0		0		0		0		101		0		101		101		0		0		0		0		0		
0		0		0		0		0		0		0		0		0		0		0		0		0		0		0		0		0		0		0		0		0		0		0		0		0		0		0		0		0		0		0		0		0		0		0		0		0		0		0		0		101		0		0		101		0		0		0		0		0		0		0		0		0		0		101		0		0		0		0		0		0		0		0		0		0		0		0		101		0		101		0		0		0		0		0		0		0		0		101		0		101		0		0		0		101		0		0		0		0		0		0		0		0		101		101		0		0		0		0		0		
0		0		101		0		0		0		0		0		101		0		0		0		0		101		0		0		0		0		0		0		101		0		0		0		0		101		0		0		0		0		0		0		0		0		0		0		0		0		101		0		101		0		101		101		0		0		0		0		101		0		0		0		0		0		0		0		0		0		0		0		0		0		101		0		0		0		0		0		0		0		0		101		0		0		0		0		0		0		0		0		0		0		0		0		0		0		0		0		0		0		0		0		0		0		0		101		0		0		0		0		
0		0		0		0		101		0		0		0		0		0		0		101		0		0		0		0		0		0		101		0		101		0		0		101		0		0		0		0		0		0		0		0		0		0		0		101		0		0		0		0		0		0		0		0		101		0		0		0		101		0		0		0		0		0		0		0		0		0		0		0		0		0		0		0		0		0		0		0		0		0		0		101		0		0		0		101		0		0		0		0		0		0		0		101		0		0		0		0		0		101		0		0		0		0		0		0		101		0		0		0		
0		101		0		101		0		0		101		0		0		0		0		101		0		0		101		0		0		0		0		0		101		0		0		0		0		0		0		0		0		0		0		0		0		0		0		0		0		101		0		0		0		0		101		0		101		0		0		0		0		0		0		0		0		0		0		0		0		0		0		0		0		0		0		101		0		0		0		0		0		101		0		0		0		0		0		101		0		0		0		0		0		0		0		0		0		0		101		0		0		101		101		0		0		0		0		0		0		101		0		101		
0		0		0		101		0		0		0		0		0		0		0		0		0		101		0		0		0		0		0		0		0		0		101		0		101		0		0		0		0		0		0		0		0		0		0		0		0		0		0		101		0		0		0		0		0		0		0		0		0		0		0		0		0		0		0		0		0		101		0		0		0		0		0		101		0		0		0		0		0		0		0		0		101		101		0		0		0		0		0		0		101		101		0		0		0		0		0		0		0		0		0		0		0		0		0		0		0		0		101		0		
0		0		0		101		0		0		0		0		101		0		0		0		0		0		0		0		0		101		0		101		0		0		0		0		0		0		0		0		0		0		0		0		101		0		0		0		0		0		0		0		101		0		0		0		0		0		0		0		0		0		0		0		101		0		0		0		0		101		0		0		0		0		0		0		0		0		0		101		101		0		0		0		0		0		0		0		0		0		101		0		0		0		0		0		101		0		0		0		0		0		0		0		101		0		0		0		0		101		0		101		
NDC Pairs
< 1		6 >
< 1		34 >
< 1		47 >
< 1		50 >
< 1		57 >
< 1		59 >
< 1		63 >
< 1		64 >
< 1		78 >
< 1		81 >
< 2		60 >
< 2		62 >
< 2		71 >
< 2		98 >
< 3		49 >
< 3		50 >
< 3		51 >
< 3		61 >
< 3		71 >
< 3		94 >
< 3		96 >
< 4		5 >
< 4		9 >
< 4		65 >
< 4		71 >
< 4		88 >
< 4		90 >
< 4		92 >
< 4		98 >
< 4		99 >
< 4		100 >
< 5		13 >
< 5		35 >
< 5		37 >
< 5		46 >
< 5		50 >
< 5		56 >
< 5		73 >
< 5		76 >
< 5		77 >
< 5		81 >
< 5		92 >
< 5		97 >
< 6		15 >
< 6		27 >
< 6		59 >
< 6		61 >
< 6		68 >
< 6		92 >
< 7		11 >
< 7		19 >
< 7		23 >
< 7		26 >
< 7		29 >
< 7		42 >
< 7		46 >
< 7		50 >
< 7		54 >
< 7		63 >
< 7		73 >
< 7		75 >
< 7		76 >
< 7		85 >
< 7		87 >
< 7		93 >
< 7		94 >
< 7		98 >
< 8		11 >
< 8		12 >
< 8		14 >
< 8		18 >
< 8		38 >
< 8		47 >
< 8		52 >
< 8		54 >
< 8		59 >
< 8		60 >
< 8		70 >
< 8		85 >
< 8		89 >
< 9		15 >
< 9		19 >
< 9		30 >
< 9		31 >
< 9		54 >
< 9		55 >
< 9		68 >
< 9		96 >
< 9		100 >
< 10		24 >
< 10		27 >
< 10		40 >
< 10		44 >
< 10		50 >
< 11		12 >
< 11		35 >
< 11		37 >
< 11		44 >
< 11		70 >
< 12		40 >
< 12		46 >
< 12		50 >
< 12		58 >
< 12		68 >
< 12		85 >
< 12		86 >
< 12		97 >
< 12		98 >
< 13		23 >
< 13		37 >
< 13		53 >
< 13		58 >
< 13		61 >
< 13		65 >
< 13		69 >
< 13		77 >
< 14		19 >
< 14		23 >
< 14		29 >
< 14		51 >
< 14		96 >
< 14		99 >
< 15		16 >
< 15		17 >
< 15		31 >
< 15		34 >
< 15		35 >
< 15		43 >
< 15		54 >
< 15		64 >
< 15		65 >
< 15		69 >
< 15		82 >
< 15		89 >
< 15		93 >
< 15		98 >
< 16		20 >
< 16		32 >
< 16		34 >
< 16		35 >
< 16		68 >
< 16		81 >
< 16		86 >
< 17		30 >
< 17		36 >
< 17		82 >
< 18		30 >
< 18		37 >
< 18		38 >
< 18		40 >
< 18		44 >
< 18		52 >
< 18		72 >
< 18		100 >
< 19		23 >
< 19		27 >
< 19		30 >
< 19		31 >
< 19		49 >
< 19		58 >
< 19		59 >
< 19		72 >
< 19		78 >
< 19		85 >
< 19		97 >
< 20		44 >
< 20		75 >
< 20		91 >
< 20		92 >
< 20		100 >
< 21		58 >
< 21		70 >
< 21		72 >
< 21		77 >
< 21		86 >
< 21		90 >
< 21		96 >
< 21		97 >
< 21		98 >
< 22		25 >
< 22		34 >
< 22		55 >
< 22		63 >
< 22		80 >
< 22		90 >
< 22		94 >
< 23		28 >
< 23		44 >
< 23		60 >
< 23		62 >
< 23		92 >
< 23		99 >
< 24		44 >
< 24		50 >
< 24		52 >
< 24		56 >
< 24		58 >
< 24		72 >
< 24		74 >
< 24		78 >
< 24		85 >
< 24		97 >
< 25		27 >
< 25		31 >
< 25		35 >
< 25		48 >
< 25		51 >
< 25		60 >
< 25		63 >
< 25		74 >
< 25		99 >
< 26		42 >
< 26		80 >
< 26		86 >
< 26		96 >
< 27		39 >
< 27		49 >
< 27		80 >
< 28		29 >
< 28		36 >
< 28		53 >
< 28		63 >
< 28		69 >
< 28		82 >
< 28		83 >
< 28		85 >
< 29		34 >
< 29		38 >
< 29		52 >
< 29		88 >
< 30		36 >
< 30		51 >
< 30		61 >
< 30		68 >
< 30		75 >
< 30		81 >
< 30		83 >
< 31		53 >
< 31		73 >
< 31		79 >
< 31		86 >
< 32		37 >
< 32		38 >
< 32		50 >
< 32		68 >
< 32		76 >
< 33		36 >
< 33		47 >
< 33		51 >
< 33		66 >
< 33		69 >
< 33		100 >
< 34		36 >
< 34		87 >
< 34		90 >
< 35		36 >
< 35		79 >
< 35		87 >
< 35		89 >
< 35		90 >
< 35		93 >
< 36		43 >
< 36		44 >
< 36		62 >
< 36		71 >
< 36		72 >
< 36		86 >
< 36		93 >
< 36		97 >
< 37		62 >
< 37		81 >
< 38		40 >
< 38		46 >
< 38		60 >
< 38		86 >
< 38		90 >
< 38		98 >
< 39		40 >
< 39		41 >
< 39		49 >
< 39		53 >
< 39		58 >
< 39		66 >
< 39		71 >
< 39		72 >
< 39		78 >
< 39		83 >
< 39		96 >
< 40		43 >
< 40		51 >
< 40		54 >
< 40		64 >
< 40		75 >
< 40		77 >
< 40		80 >
< 40		91 >
< 40		92 >
< 40		99 >
< 41		50 >
< 41		60 >
< 41		67 >
< 41		74 >
< 41		82 >
< 41		87 >
< 41		93 >
< 41		95 >
< 41		96 >
< 41		100 >
< 42		45 >
< 42		55 >
< 42		68 >
< 42		76 >
< 42		77 >
< 42		79 >
< 42		86 >
< 42		93 >
< 43		47 >
< 43		80 >
< 43		91 >
< 43		93 >
< 43		96 >
< 43		98 >
< 44		55 >
< 44		68 >
< 44		74 >
< 44		81 >
< 44		95 >
< 44		96 >
< 45		53 >
< 45		65 >
< 45		75 >
< 45		80 >
< 45		93 >
< 45		94 >
< 45		97 >
< 45		98 >
< 46		48 >
< 46		53 >
< 46		66 >
< 46		75 >
< 46		77 >
< 46		92 >
< 47		48 >
< 47		52 >
< 47		58 >
< 47		89 >
< 48		84 >
< 48		85 >
< 48		87 >
< 49		55 >
< 49		64 >
< 49		74 >
< 49		80 >
< 49		84 >
< 49		96 >
< 49		97 >
< 50		55 >
< 50		57 >
< 50		58 >
< 50		66 >
< 50		74 >
< 50		75 >
< 50		92 >
< 51		60 >
< 51		85 >
< 52		67 >
< 53		55 >
< 53		70 >
< 53		72 >
< 53		82 >
< 53		93 >
< 53		100 >
< 54		56 >
< 54		67 >
< 54		69 >
< 54		77 >
< 54		80 >
< 55		72 >
< 55		95 >
< 56		67 >
< 56		69 >
< 56		74 >
< 57		76 >
< 57		82 >
< 57		87 >
< 57		89 >
< 58		62 >
< 58		74 >
< 58		81 >
< 58		93 >
< 58		99 >
< 58		100 >
< 59		61 >
< 59		76 >
< 59		88 >
< 60		75 >
< 60		77 >
< 60		85 >
< 61		63 >
< 61		74 >
< 61		94 >
< 62		69 >
< 62		71 >
< 62		89 >
< 62		90 >
< 62		94 >
< 63		77 >
< 63		96 >
< 64		83 >
< 64		90 >
< 64		98 >
< 64		99 >
< 65		82 >
< 65		85 >
< 65		88 >
< 66		74 >
< 67		71 >
< 67		76 >
< 68		81 >
< 68		89 >
< 68		93 >
< 68		95 >
< 68		100 >
< 69		79 >
< 69		80 >
< 69		100 >
< 70		72 >
< 70		74 >
< 70		77 >
< 70		91 >
< 70		92 >
< 70		95 >
< 70		98 >
< 71		80 >
< 71		86 >
< 72		87 >
< 72		96 >
< 72		97 >
< 73		85 >
< 73		99 >
< 74		76 >
< 74		77 >
< 74		85 >
< 74		93 >
< 74		99 >
< 75		80 >
< 75		83 >
< 75		86 >
< 75		88 >
< 76		77 >
< 76		85 >
< 76		88 >
< 76		97 >
< 76		98 >
< 77		82 >
< 77		89 >
< 78		80 >
< 78		82 >
< 79		87 >
< 79		95 >
< 79		100 >
< 80		93 >
< 81		84 >
< 81		85 >
< 81		92 >
< 81		95 >
< 81		99 >
< 82		89 >
< 82		94 >
< 82		99 >
< 83		87 >
< 84		86 >
< 84		92 >
< 84		97 >
< 85		95 >
< 85		100 >
< 87		98 >
< 88		93 >
< 90		97 >
< 90		98 >
< 91		92 >
< 91		98 >
< 92		94 >
< 93		100 >
< 94		95 >
< 98		100 >
