nNodes= 40
nPairs= 75  
Weight
2
3
3
2
4
2
2
3
2
3
2
4
4
4
4
3
2
3
2
4
3
2
3
4
3
2
2
3
2
3
2
2
4
3
4
3
3
2
4
3
Cost
41		0		0		0		0		0		0		0		0		0		0		0		0		41		41		0		0		0		0		0		0		41		0		0		0		0		0		0		0		0		0		0		0		0		0		0		0		0		0		0		
0		41		0		0		0		0		0		0		0		0		0		0		0		0		0		0		0		0		0		0		0		0		0		0		0		0		0		0		41		41		0		0		0		0		0		41		0		41		0		0		
0		0		41		0		0		0		0		0		41		0		41		0		0		41		0		0		0		0		0		0		41		0		0		0		0		41		0		0		0		0		0		41		0		0		0		0		0		0		0		0		
0		0		0		41		0		0		0		0		0		0		0		0		0		41		0		41		0		0		0		0		0		0		0		41		0		41		0		0		0		0		0		0		0		0		0		0		0		0		0		0		
0		0		0		0		41		0		0		0		41		0		0		0		0		0		0		0		0		0		0		0		0		0		0		0		0		0		0		0		0		0		0		0		0		0		0		0		41		0		41		0		
0		0		0		0		0		41		0		0		0		41		0		0		0		0		0		0		0		0		41		0		0		0		0		0		0		0		0		0		0		41		0		0		0		0		41		0		0		0		0		0		
0		0		0		0		0		0		41		0		41		0		0		0		0		0		0		0		0		0		0		0		0		0		0		0		0		41		0		0		0		0		0		0		0		0		0		0		41		0		0		0		
0		0		0		0		0		0		0		41		41		0		0		0		0		0		0		0		0		0		0		0		0		0		0		0		0		0		0		0		0		0		0		0		0		0		0		0		0		0		0		0		
0		0		41		0		41		0		41		41		41		0		0		0		0		0		0		0		0		0		41		0		0		0		0		0		0		41		0		0		0		0		0		0		0		41		0		0		0		0		0		41		
0		0		0		0		0		41		0		0		0		41		0		0		0		0		41		0		0		0		41		41		0		0		0		0		0		41		0		0		0		0		0		0		41		0		0		0		0		0		0		0		
0		0		41		0		0		0		0		0		0		0		41		0		0		0		41		0		0		0		0		0		0		0		0		41		0		0		0		0		0		0		0		0		0		0		0		0		0		0		0		0		
0		0		0		0		0		0		0		0		0		0		0		41		0		0		0		0		0		0		41		0		0		0		0		41		0		0		0		0		0		41		0		0		0		0		0		0		41		0		0		0		
0		0		0		0		0		0		0		0		0		0		0		0		41		0		0		0		0		0		0		0		41		0		0		0		0		0		0		0		0		0		0		0		0		0		0		0		0		0		0		0		
41		0		41		41		0		0		0		0		0		0		0		0		0		41		0		0		0		41		0		0		0		0		0		0		0		0		0		0		41		0		0		0		0		41		0		0		0		0		0		0		
41		0		0		0		0		0		0		0		0		41		41		0		0		0		41		41		0		0		0		0		0		0		0		0		0		41		0		41		0		41		0		41		0		0		0		0		0		0		41		0		
0		0		0		41		0		0		0		0		0		0		0		0		0		0		41		41		0		0		41		0		0		0		0		0		0		0		0		0		0		0		0		0		41		0		0		0		0		0		0		0		
0		0		0		0		0		0		0		0		0		0		0		0		0		0		0		0		41		0		0		0		0		0		0		0		0		0		0		0		0		0		0		0		0		0		0		0		41		0		0		0		
0		0		0		0		0		0		0		0		0		0		0		0		0		41		0		0		0		41		0		0		0		0		0		0		0		41		0		0		0		0		0		0		0		0		0		0		0		0		0		0		
0		0		0		0		0		41		0		0		41		41		0		41		0		0		0		41		0		0		41		41		0		0		0		41		0		0		0		0		0		0		0		0		0		0		0		0		0		0		0		0		
0		0		0		0		0		0		0		0		0		41		0		0		0		0		0		0		0		0		41		41		0		0		0		0		41		0		0		0		41		0		0		41		0		0		0		0		0		0		0		0		
0		0		41		0		0		0		0		0		0		0		0		0		41		0		0		0		0		0		0		0		41		0		0		0		0		0		0		0		0		0		0		0		0		0		0		0		0		0		0		0		
41		0		0		0		0		0		0		0		0		0		0		0		0		0		0		0		0		0		0		0		0		41		0		41		0		0		41		41		0		0		0		0		0		0		41		0		0		0		0		0		
0		0		0		0		0		0		0		0		0		0		0		0		0		0		0		0		0		0		0		0		0		0		41		0		0		0		0		0		0		0		0		0		0		0		0		0		0		0		0		0		
0		0		0		41		0		0		0		0		0		0		41		41		0		0		0		0		0		0		41		0		0		41		0		41		41		0		0		0		0		0		0		0		0		0		0		0		0		0		0		0		
0		0		0		0		0		0		0		0		0		0		0		0		0		0		0		0		0		0		0		41		0		0		0		41		41		0		0		0		0		0		0		41		0		41		0		0		0		0		0		0		
0		0		41		41		0		0		41		0		41		41		0		0		0		0		41		0		0		41		0		0		0		0		0		0		0		41		0		0		0		0		0		0		0		0		0		0		0		0		0		0		
0		0		0		0		0		0		0		0		0		0		0		0		0		0		0		0		0		0		0		0		0		41		0		0		0		0		41		0		0		0		41		0		0		0		0		0		0		0		0		0		
0		0		0		0		0		0		0		0		0		0		0		0		0		0		41		0		0		0		0		0		0		41		0		0		0		0		0		41		0		0		0		0		0		0		0		0		0		0		0		0		
0		41		0		0		0		0		0		0		0		0		0		0		0		41		0		0		0		0		0		41		0		0		0		0		0		0		0		0		41		0		0		0		0		0		41		0		0		0		0		0		
0		41		0		0		0		41		0		0		0		0		0		41		0		0		41		0		0		0		0		0		0		0		0		0		0		0		0		0		0		41		0		0		0		0		0		0		0		0		0		0		
0		0		0		0		0		0		0		0		0		0		0		0		0		0		0		0		0		0		0		0		0		0		0		0		0		0		41		0		0		0		41		0		41		0		0		0		0		0		0		0		
0		0		41		0		0		0		0		0		0		0		0		0		0		0		41		0		0		0		0		41		0		0		0		0		41		0		0		0		0		0		0		41		0		0		0		0		0		0		0		0		
0		0		0		0		0		0		0		0		0		41		0		0		0		0		0		41		0		0		0		0		0		0		0		0		0		0		0		0		0		0		41		0		41		0		0		0		0		0		0		0		
0		0		0		0		0		0		0		0		41		0		0		0		0		41		0		0		0		0		0		0		0		0		0		0		41		0		0		0		0		0		0		0		0		41		0		0		41		0		0		0		
0		0		0		0		0		41		0		0		0		0		0		0		0		0		0		0		0		0		0		0		0		41		0		0		0		0		0		0		41		0		0		0		0		0		41		0		0		0		0		0		
0		41		0		0		0		0		0		0		0		0		0		0		0		0		0		0		0		0		0		0		0		0		0		0		0		0		0		0		0		0		0		0		0		0		0		41		0		41		41		0		
0		0		0		0		41		0		41		0		0		0		0		41		0		0		0		0		41		0		0		0		0		0		0		0		0		0		0		0		0		0		0		0		0		41		0		0		41		0		0		0		
0		41		0		0		0		0		0		0		0		0		0		0		0		0		0		0		0		0		0		0		0		0		0		0		0		0		0		0		0		0		0		0		0		0		0		41		0		41		0		0		
0		0		0		0		41		0		0		0		0		0		0		0		0		0		41		0		0		0		0		0		0		0		0		0		0		0		0		0		0		0		0		0		0		0		0		41		0		0		41		0		
0		0		0		0		0		0		0		0		41		0		0		0		0		0		0		0		0		0		0		0		0		0		0		0		0		0		0		0		0		0		0		0		0		0		0		0		0		0		0		41		
NDC Pairs
< 1		14 >
< 1		15 >
< 1		22 >
< 2		29 >
< 2		30 >
< 2		36 >
< 2		38 >
< 3		9 >
< 3		11 >
< 3		14 >
< 3		21 >
< 3		26 >
< 3		32 >
< 4		14 >
< 4		16 >
< 4		24 >
< 4		26 >
< 5		9 >
< 5		37 >
< 5		39 >
< 6		10 >
< 6		19 >
< 6		30 >
< 6		35 >
< 7		9 >
< 7		26 >
< 7		37 >
< 8		9 >
< 9		19 >
< 9		26 >
< 9		34 >
< 9		40 >
< 10		15 >
< 10		19 >
< 10		20 >
< 10		26 >
< 10		33 >
< 11		15 >
< 11		24 >
< 12		19 >
< 12		24 >
< 12		30 >
< 12		37 >
< 13		21 >
< 14		18 >
< 14		29 >
< 14		34 >
< 15		16 >
< 15		26 >
< 15		28 >
< 15		30 >
< 15		32 >
< 15		39 >
< 16		19 >
< 16		33 >
< 17		37 >
< 18		26 >
< 19		20 >
< 19		24 >
< 20		25 >
< 20		29 >
< 20		32 >
< 22		24 >
< 22		27 >
< 22		28 >
< 22		35 >
< 24		25 >
< 25		32 >
< 25		34 >
< 27		31 >
< 29		35 >
< 31		33 >
< 34		37 >
< 36		38 >
< 36		39 >
