nNodes= 60
nPairs= 514  
Weight
3
4
4
2
3
4
3
3
4
3
4
4
3
2
4
4
4
4
3
4
3
3
3
4
4
2
2
3
4
3
4
4
3
3
3
4
4
4
2
3
3
2
4
3
4
2
2
3
3
2
3
3
3
3
2
2
2
4
4
2
Cost
61		61		61		61		0		61		0		0		0		0		61		61		0		0		0		0		61		61		0		0		0		61		0		0		0		0		0		0		0		0		0		61		0		0		61		0		0		0		0		0		0		0		0		0		61		61		61		0		0		0		0		0		0		0		0		0		0		0		61		0		
61		61		0		61		0		0		0		0		0		0		61		0		0		0		0		61		0		0		0		0		0		0		61		0		0		0		0		0		0		0		0		0		61		0		0		0		0		0		0		0		61		61		61		61		0		0		61		0		0		0		61		0		0		0		0		61		0		0		61		61		
61		0		61		61		0		0		0		0		61		61		61		0		0		0		61		61		0		61		0		61		0		0		0		0		0		61		0		61		0		0		0		0		61		61		0		0		0		0		61		0		0		0		0		0		61		61		0		0		61		0		0		61		0		61		0		0		0		0		0		0		
61		61		61		61		0		61		0		61		0		0		0		0		61		61		0		0		0		0		0		0		0		61		0		0		0		0		0		0		0		0		0		61		0		61		61		61		61		0		0		0		61		0		61		0		61		0		61		61		0		61		0		0		0		61		0		0		61		0		0		61		
0		0		0		0		61		0		0		61		61		0		0		0		61		0		0		0		0		0		61		0		0		0		61		0		0		0		0		0		0		61		0		0		61		0		0		0		0		0		0		0		0		0		61		61		0		61		0		0		61		61		0		61		61		61		61		0		0		0		0		61		
61		0		0		61		0		61		61		0		0		0		61		0		61		0		61		0		0		61		61		61		0		0		61		0		0		61		0		0		61		61		0		0		0		0		61		0		0		61		0		0		61		61		0		0		0		0		0		61		0		0		0		61		0		0		0		0		0		0		0		0		
0		0		0		0		0		61		61		61		61		0		0		0		0		0		0		0		0		0		0		0		0		0		61		0		0		0		61		0		0		0		0		0		0		61		61		0		0		0		0		61		0		0		61		0		0		0		61		0		0		0		61		61		0		0		0		0		61		61		0		61		
0		0		0		61		61		0		61		61		61		0		0		61		0		0		0		0		61		0		61		61		61		0		61		0		0		0		0		0		0		0		0		61		0		0		0		0		0		0		61		61		0		0		0		0		0		61		61		0		0		0		61		0		0		0		61		61		0		0		0		61		
0		0		61		0		61		0		61		61		61		61		61		0		0		0		61		61		0		0		0		0		61		0		61		61		0		0		61		61		0		61		0		0		61		61		61		0		0		0		0		61		0		61		0		0		0		0		0		0		0		0		0		0		0		0		61		0		0		61		0		0		
0		0		61		0		0		0		0		0		61		61		61		0		61		0		0		61		0		0		61		0		0		0		0		0		61		0		0		0		61		0		61		0		0		0		0		61		0		61		0		0		0		0		61		0		0		61		0		61		0		0		0		0		61		0		0		0		0		0		0		0		
61		61		61		0		0		61		0		0		61		61		61		61		0		0		0		0		0		0		0		0		0		0		61		0		0		0		61		61		61		0		61		0		0		61		61		0		0		0		0		0		0		0		61		0		0		0		61		0		61		0		0		0		0		0		61		0		0		61		0		0		
61		0		0		0		0		0		0		61		0		0		61		61		0		0		0		61		0		0		0		61		0		0		0		0		61		61		0		0		61		0		0		0		0		0		0		61		0		0		0		61		0		0		61		61		61		0		0		0		61		0		0		61		0		0		0		61		61		61		0		0		
0		0		0		61		61		61		0		0		0		61		0		0		61		0		61		61		61		0		61		0		0		0		0		0		0		61		0		0		0		0		0		0		61		0		0		61		0		0		0		0		61		61		0		0		0		61		0		61		0		0		0		0		0		61		0		0		0		0		0		0		
0		0		0		61		0		0		0		0		0		0		0		0		0		61		0		61		0		0		0		0		0		61		0		0		0		0		61		61		0		61		0		0		61		0		0		0		0		0		0		61		0		0		0		0		0		61		0		0		0		61		0		0		61		0		0		0		0		61		0		0		
0		0		61		0		0		61		0		0		61		0		0		0		61		0		61		61		0		0		0		0		0		0		0		61		0		0		0		61		61		0		0		61		0		61		0		0		61		61		0		0		61		0		0		0		61		0		0		0		0		61		0		0		0		0		0		61		61		0		0		61		
0		61		61		0		0		0		0		0		61		61		0		61		61		61		61		61		0		0		0		0		61		0		0		0		61		61		61		0		0		61		0		0		61		61		0		0		0		61		0		61		0		61		0		0		0		0		0		61		0		0		0		0		0		0		0		0		61		61		0		0		
61		0		0		0		0		0		0		61		0		0		0		0		61		0		0		0		61		0		61		0		61		0		61		61		0		61		0		0		0		0		61		61		0		61		0		0		0		0		61		0		0		0		0		0		61		0		0		0		0		61		0		0		0		0		61		61		0		0		0		0		
61		0		61		0		0		61		0		0		0		0		0		0		0		0		0		0		0		61		0		0		61		61		61		0		0		0		0		0		61		0		61		0		0		0		61		0		0		0		61		0		0		61		61		0		0		0		0		61		0		0		0		0		0		61		61		61		0		0		0		0		
0		0		0		0		61		61		0		61		0		61		0		0		61		0		0		0		61		0		61		0		0		0		0		0		0		61		0		0		0		0		0		61		61		0		61		61		61		0		61		61		0		0		0		61		0		0		61		0		61		0		61		61		0		0		0		61		0		0		0		0		
0		0		61		0		0		61		0		61		0		0		0		61		0		0		0		0		0		0		0		61		61		61		61		61		0		61		0		0		0		61		0		61		0		61		61		61		0		61		0		0		61		0		61		61		0		61		0		0		61		0		61		0		61		0		0		61		0		0		0		0		
0		0		0		0		0		0		0		61		61		0		0		0		0		0		0		61		61		61		0		61		61		0		0		0		61		0		0		61		0		0		0		0		61		0		0		0		0		0		0		61		0		0		0		0		0		0		0		0		0		0		0		61		0		0		61		0		0		61		0		61		
61		0		0		61		0		0		0		0		0		0		0		0		0		61		0		0		0		61		0		61		0		61		0		0		0		0		0		61		61		0		0		0		0		0		0		61		0		0		0		0		0		0		0		0		0		0		61		61		61		0		0		0		0		61		0		0		0		0		0		61		
0		61		0		0		61		61		61		61		61		0		61		0		0		0		0		0		61		61		0		61		0		0		61		61		0		0		0		61		0		0		0		0		0		0		0		0		0		0		0		0		0		0		61		0		0		0		61		61		61		61		0		0		0		61		61		0		0		61		61		0		
0		0		0		0		0		0		0		0		61		0		0		0		0		0		61		0		61		0		0		61		0		0		61		61		61		0		0		61		0		61		61		0		61		0		61		0		0		0		0		61		61		0		0		61		61		61		0		61		0		61		0		0		61		0		0		61		0		0		61		0		
0		0		0		0		0		0		0		0		0		61		0		61		0		0		0		61		0		0		0		0		61		0		0		61		61		0		61		61		0		61		0		61		0		0		0		0		0		0		0		0		61		0		0		61		0		0		0		0		0		0		61		0		61		0		0		0		61		0		61		0		
0		0		61		0		0		61		0		0		0		0		0		61		61		0		0		61		61		0		61		61		0		0		0		0		0		61		0		0		0		0		0		61		0		0		61		61		61		61		61		0		0		0		0		0		0		0		61		0		0		0		61		0		61		0		0		0		0		0		0		0		
0		0		0		0		0		0		61		0		61		0		61		0		0		61		0		61		0		0		0		0		0		0		0		0		61		0		61		0		0		0		0		0		0		0		0		0		0		0		0		0		0		0		0		61		0		0		0		0		0		61		61		0		0		0		0		0		0		61		61		0		
0		0		61		0		0		0		0		0		61		0		61		0		0		61		61		0		0		0		0		0		61		61		61		61		61		0		0		61		61		61		0		61		0		0		0		0		0		0		61		0		61		0		61		61		61		0		0		61		0		0		61		61		0		61		0		61		0		0		61		0		
0		0		0		0		0		61		0		0		0		61		61		61		0		0		61		0		0		61		0		0		0		61		0		0		0		0		0		61		61		61		0		0		0		0		0		0		61		0		0		0		0		0		61		0		0		0		0		0		0		0		0		0		0		61		0		0		0		0		0		0		
0		0		0		0		61		61		0		0		61		0		0		0		0		61		0		61		0		0		0		61		0		0		0		61		61		0		0		61		61		61		0		61		0		0		61		0		0		0		61		61		0		0		0		61		0		0		61		0		0		61		0		61		61		61		0		61		61		61		0		61		
0		0		0		0		0		0		0		0		0		61		61		0		0		0		0		0		61		61		0		0		0		0		0		61		0		0		0		0		0		0		61		0		61		0		0		0		0		61		0		0		61		0		0		61		61		0		0		0		0		0		0		0		61		0		61		0		0		61		0		0		
61		0		0		61		0		0		0		61		0		0		0		0		0		0		61		0		61		0		61		61		0		0		0		0		61		61		0		61		0		61		0		61		61		0		0		61		61		61		0		0		0		61		0		61		61		61		0		0		0		61		0		0		0		0		0		0		0		0		0		61		
0		61		61		0		61		0		0		0		61		0		0		0		61		61		0		61		0		0		61		0		61		0		0		61		0		0		0		0		0		0		61		61		61		61		61		61		0		0		61		0		61		61		0		0		0		0		0		0		0		0		0		0		0		0		0		0		61		61		0		61		
0		0		61		61		0		0		61		0		61		0		61		0		0		0		61		61		61		0		0		61		0		0		0		0		0		0		0		0		0		0		0		0		61		61		0		0		0		0		0		0		61		61		0		0		0		61		61		0		0		0		0		0		0		0		0		0		61		0		0		0		
61		0		0		61		0		61		61		0		61		0		61		0		0		0		0		0		0		61		61		61		0		0		0		61		0		61		0		0		0		61		0		0		61		0		61		61		0		0		0		0		0		0		61		0		0		0		0		0		0		61		0		0		0		61		0		61		0		0		0		0		
0		0		0		61		0		0		0		0		0		61		0		61		61		0		0		0		0		0		61		61		0		61		0		0		0		61		0		0		0		0		0		61		61		0		61		61		61		0		61		0		0		0		0		61		0		61		0		0		0		0		61		61		61		0		0		0		0		0		61		0		
0		0		0		61		0		0		0		0		0		0		0		0		0		0		61		0		0		0		61		0		0		0		0		0		0		61		0		0		61		0		0		61		0		0		0		61		61		0		0		0		0		0		0		61		0		61		0		0		0		0		0		0		0		0		61		0		61		0		0		0		
0		0		0		0		0		61		0		0		0		61		0		0		0		0		61		61		0		0		0		61		0		0		0		0		0		61		0		0		0		0		61		61		0		0		0		0		0		61		0		0		0		0		0		61		0		0		0		0		0		0		0		0		0		0		0		0		0		0		0		0		
0		0		61		0		0		0		0		61		0		0		0		0		0		0		0		0		61		61		61		0		0		0		0		0		0		61		0		61		0		61		0		0		61		0		0		61		0		0		61		0		0		0		0		0		0		0		61		61		61		61		0		61		0		61		0		61		61		0		0		61		
0		0		0		0		0		0		61		61		61		0		0		61		0		61		0		61		0		0		61		0		61		0		0		61		0		0		0		0		0		61		0		0		0		0		0		0		0		0		0		61		0		61		0		0		0		61		0		0		61		0		0		0		0		0		0		0		0		61		0		61		
0		61		0		61		0		61		0		0		0		0		0		0		61		0		61		0		0		0		0		61		0		0		0		61		61		0		0		61		0		0		61		0		61		61		0		0		0		0		0		0		61		0		61		0		0		0		0		0		0		0		0		0		61		0		0		61		0		61		0		0		
0		61		0		0		0		61		0		0		61		0		0		0		61		0		0		61		0		61		0		0		0		0		0		0		0		0		0		0		0		0		0		61		61		61		0		0		0		0		0		61		0		61		0		0		0		0		61		61		61		61		0		0		0		61		0		61		0		61		0		0		
0		61		0		61		61		0		61		0		0		61		61		61		0		0		0		0		0		61		0		61		0		0		61		0		0		0		0		61		61		0		0		0		0		0		61		0		0		0		0		0		61		0		61		0		0		0		0		0		61		0		0		0		61		0		0		0		61		61		61		0		
0		61		0		0		61		0		0		0		0		0		0		61		0		0		0		0		0		0		61		61		0		0		0		61		61		0		61		61		0		61		61		61		0		0		0		61		61		61		0		0		0		0		0		61		61		61		0		0		0		0		0		0		0		0		0		0		61		0		61		61		
61		0		61		61		0		0		0		0		0		0		0		61		0		0		61		0		61		0		0		0		0		0		0		61		0		0		0		61		0		0		61		61		0		0		0		0		0		0		0		0		0		0		0		61		61		0		0		0		0		0		61		0		61		61		61		0		61		0		61		0		
61		0		61		0		61		0		0		61		0		61		0		0		61		61		0		0		0		0		0		61		0		0		0		61		0		0		0		0		0		0		0		61		0		61		0		61		61		0		0		61		0		0		0		61		0		61		61		0		0		0		0		61		61		0		0		0		0		0		61		0		
61		61		0		61		0		0		61		61		0		0		61		0		0		0		0		0		0		0		61		0		0		61		61		0		0		61		0		0		0		61		0		0		0		61		0		0		0		0		61		0		0		61		0		0		0		61		61		0		0		0		0		61		0		61		0		0		0		61		0		0		
0		0		0		61		0		61		0		0		0		61		0		0		61		0		0		61		0		61		0		0		0		61		61		61		0		0		0		61		0		0		0		0		0		0		0		0		0		0		61		0		0		61		0		0		0		0		0		61		0		0		0		61		61		61		0		0		0		0		0		0		
0		0		61		0		61		0		0		0		0		0		61		61		0		0		0		0		0		0		61		61		0		61		61		0		0		0		0		0		0		0		0		0		0		0		0		0		0		0		61		61		0		61		61		0		0		0		0		0		61		0		0		0		0		0		0		0		0		0		0		61		
0		0		0		61		61		0		0		0		0		0		0		0		0		61		61		0		61		0		0		0		0		0		61		61		0		0		61		0		0		61		0		61		0		0		61		0		0		0		61		0		0		61		0		0		0		0		0		0		0		61		0		0		0		61		61		0		61		61		0		61		
0		61		0		0		0		0		61		61		0		0		0		0		0		0		0		0		0		0		61		61		0		0		0		0		61		61		61		61		0		0		0		0		0		0		0		61		0		0		0		0		0		0		0		0		61		0		0		0		0		0		61		0		0		61		0		0		0		0		0		61		
0		0		61		0		61		61		61		0		0		0		0		61		0		0		0		0		0		0		61		0		61		0		0		0		0		0		0		61		0		61		0		0		0		0		0		61		0		0		61		0		0		0		0		0		0		61		61		61		0		0		0		61		0		61		61		0		0		0		61		0		
0		0		0		0		61		0		0		0		0		61		0		0		0		61		0		0		0		0		0		61		0		0		0		61		61		61		0		0		0		61		61		0		0		0		0		61		0		0		0		0		61		0		61		0		61		61		0		61		0		0		0		0		61		0		0		0		0		0		0		0		
0		0		61		61		61		0		0		0		0		0		0		0		61		0		0		0		0		61		0		0		0		61		61		0		0		0		0		61		61		61		0		0		0		0		61		0		0		0		61		0		0		61		0		0		61		0		61		61		0		61		61		61		0		61		61		0		0		0		61		0		
0		0		0		0		61		0		0		61		61		0		61		0		0		0		0		0		61		61		0		0		61		0		61		0		0		0		0		0		0		0		61		0		0		0		0		0		61		0		0		0		0		0		0		0		61		0		0		0		0		61		0		61		0		61		61		61		61		0		0		0		
0		61		0		0		0		0		0		61		0		0		0		61		0		0		61		0		61		61		61		61		0		0		0		61		0		0		0		61		0		61		0		0		0		0		61		0		0		0		61		0		61		61		0		0		0		0		0		0		0		0		0		0		0		0		61		61		0		61		0		0		
0		0		0		61		0		0		61		0		0		0		0		61		0		0		61		61		0		0		0		0		0		0		0		0		61		0		0		0		0		61		0		0		61		61		0		0		61		0		61		0		0		0		61		61		61		0		0		0		0		61		0		0		0		0		61		0		61		0		61		0		
0		0		0		0		0		0		61		0		61		0		61		61		0		61		0		61		0		0		0		0		61		0		61		0		0		0		61		0		0		61		61		0		61		0		0		0		0		0		0		61		61		61		61		0		0		0		61		0		0		61		0		0		0		0		0		61		0		61		0		0		
61		61		0		0		0		0		0		0		0		0		0		0		0		0		0		0		0		0		0		0		0		0		61		61		61		0		61		61		0		0		0		0		0		0		0		61		0		0		0		0		0		0		61		61		61		61		0		0		0		0		0		61		0		61		0		0		61		0		61		0		
0		61		0		61		61		0		61		61		0		0		0		0		0		0		61		0		0		0		0		0		61		61		0		0		0		0		0		0		0		61		0		61		61		0		0		0		0		0		61		61		0		0		0		61		0		0		0		0		61		61		61		0		0		0		0		0		0		0		0		61		
NDC Pairs
< 1		2 >
< 1		3 >
< 1		4 >
< 1		6 >
< 1		11 >
< 1		12 >
< 1		17 >
< 1		18 >
< 1		22 >
< 1		32 >
< 1		35 >
< 1		45 >
< 1		46 >
< 1		47 >
< 1		59 >
< 2		4 >
< 2		11 >
< 2		16 >
< 2		23 >
< 2		33 >
< 2		41 >
< 2		42 >
< 2		43 >
< 2		44 >
< 2		47 >
< 2		51 >
< 2		56 >
< 2		59 >
< 2		60 >
< 3		4 >
< 3		9 >
< 3		10 >
< 3		11 >
< 3		15 >
< 3		16 >
< 3		18 >
< 3		20 >
< 3		26 >
< 3		28 >
< 3		33 >
< 3		34 >
< 3		39 >
< 3		45 >
< 3		46 >
< 3		49 >
< 3		52 >
< 3		54 >
< 4		6 >
< 4		8 >
< 4		13 >
< 4		14 >
< 4		22 >
< 4		32 >
< 4		34 >
< 4		35 >
< 4		36 >
< 4		37 >
< 4		41 >
< 4		43 >
< 4		45 >
< 4		47 >
< 4		48 >
< 4		50 >
< 4		54 >
< 4		57 >
< 4		60 >
< 5		8 >
< 5		9 >
< 5		13 >
< 5		19 >
< 5		23 >
< 5		30 >
< 5		33 >
< 5		43 >
< 5		44 >
< 5		46 >
< 5		49 >
< 5		50 >
< 5		52 >
< 5		53 >
< 5		54 >
< 5		55 >
< 5		60 >
< 6		7 >
< 6		11 >
< 6		13 >
< 6		15 >
< 6		18 >
< 6		19 >
< 6		20 >
< 6		23 >
< 6		26 >
< 6		29 >
< 6		30 >
< 6		35 >
< 6		38 >
< 6		41 >
< 6		42 >
< 6		48 >
< 6		52 >
< 7		8 >
< 7		9 >
< 7		23 >
< 7		27 >
< 7		34 >
< 7		35 >
< 7		40 >
< 7		43 >
< 7		47 >
< 7		51 >
< 7		52 >
< 7		57 >
< 7		58 >
< 7		60 >
< 8		9 >
< 8		12 >
< 8		17 >
< 8		19 >
< 8		20 >
< 8		21 >
< 8		23 >
< 8		32 >
< 8		39 >
< 8		40 >
< 8		46 >
< 8		47 >
< 8		51 >
< 8		55 >
< 8		56 >
< 8		60 >
< 9		10 >
< 9		11 >
< 9		15 >
< 9		16 >
< 9		21 >
< 9		23 >
< 9		24 >
< 9		27 >
< 9		28 >
< 9		30 >
< 9		33 >
< 9		34 >
< 9		35 >
< 9		40 >
< 9		42 >
< 9		55 >
< 9		58 >
< 10		11 >
< 10		13 >
< 10		16 >
< 10		19 >
< 10		25 >
< 10		29 >
< 10		31 >
< 10		36 >
< 10		38 >
< 10		43 >
< 10		46 >
< 10		48 >
< 10		53 >
< 11		12 >
< 11		23 >
< 11		27 >
< 11		28 >
< 11		29 >
< 11		31 >
< 11		34 >
< 11		35 >
< 11		43 >
< 11		47 >
< 11		49 >
< 11		55 >
< 11		58 >
< 12		16 >
< 12		20 >
< 12		25 >
< 12		26 >
< 12		29 >
< 12		36 >
< 12		40 >
< 12		43 >
< 12		44 >
< 12		45 >
< 12		49 >
< 12		52 >
< 12		56 >
< 12		57 >
< 12		58 >
< 13		15 >
< 13		16 >
< 13		17 >
< 13		19 >
< 13		26 >
< 13		33 >
< 13		36 >
< 13		41 >
< 13		42 >
< 13		46 >
< 13		48 >
< 13		54 >
< 14		16 >
< 14		22 >
< 14		27 >
< 14		28 >
< 14		30 >
< 14		33 >
< 14		40 >
< 14		46 >
< 14		50 >
< 14		53 >
< 14		58 >
< 15		16 >
< 15		24 >
< 15		28 >
< 15		29 >
< 15		32 >
< 15		34 >
< 15		37 >
< 15		38 >
< 15		41 >
< 15		45 >
< 15		50 >
< 15		56 >
< 15		57 >
< 15		60 >
< 16		21 >
< 16		25 >
< 16		26 >
< 16		27 >
< 16		30 >
< 16		33 >
< 16		34 >
< 16		38 >
< 16		40 >
< 16		42 >
< 16		48 >
< 16		57 >
< 16		58 >
< 17		19 >
< 17		21 >
< 17		23 >
< 17		24 >
< 17		26 >
< 17		31 >
< 17		32 >
< 17		34 >
< 17		39 >
< 17		45 >
< 17		50 >
< 17		55 >
< 17		56 >
< 18		21 >
< 18		22 >
< 18		23 >
< 18		29 >
< 18		31 >
< 18		35 >
< 18		39 >
< 18		42 >
< 18		43 >
< 18		48 >
< 18		54 >
< 18		55 >
< 18		56 >
< 19		26 >
< 19		32 >
< 19		33 >
< 19		35 >
< 19		36 >
< 19		37 >
< 19		39 >
< 19		40 >
< 19		44 >
< 19		47 >
< 19		49 >
< 19		51 >
< 19		52 >
< 19		56 >
< 20		21 >
< 20		22 >
< 20		23 >
< 20		24 >
< 20		26 >
< 20		30 >
< 20		32 >
< 20		34 >
< 20		35 >
< 20		36 >
< 20		38 >
< 20		41 >
< 20		43 >
< 20		44 >
< 20		46 >
< 20		49 >
< 20		51 >
< 20		53 >
< 20		56 >
< 21		25 >
< 21		28 >
< 21		33 >
< 21		40 >
< 21		52 >
< 21		55 >
< 21		58 >
< 21		60 >
< 22		28 >
< 22		29 >
< 22		36 >
< 22		47 >
< 22		48 >
< 22		49 >
< 22		54 >
< 22		60 >
< 23		24 >
< 23		28 >
< 23		43 >
< 23		47 >
< 23		48 >
< 23		49 >
< 23		50 >
< 23		54 >
< 23		55 >
< 23		58 >
< 23		59 >
< 24		25 >
< 24		28 >
< 24		30 >
< 24		31 >
< 24		33 >
< 24		35 >
< 24		40 >
< 24		41 >
< 24		44 >
< 24		45 >
< 24		46 >
< 24		48 >
< 24		50 >
< 24		53 >
< 24		56 >
< 24		59 >
< 25		27 >
< 25		28 >
< 25		30 >
< 25		32 >
< 25		41 >
< 25		44 >
< 25		51 >
< 25		53 >
< 25		57 >
< 25		59 >
< 26		32 >
< 26		35 >
< 26		36 >
< 26		37 >
< 26		38 >
< 26		39 >
< 26		47 >
< 26		51 >
< 26		53 >
< 27		44 >
< 27		50 >
< 27		51 >
< 27		58 >
< 27		59 >
< 28		29 >
< 28		30 >
< 28		32 >
< 28		39 >
< 28		41 >
< 28		43 >
< 28		44 >
< 28		45 >
< 28		48 >
< 28		51 >
< 28		52 >
< 28		54 >
< 28		56 >
< 28		59 >
< 29		30 >
< 29		37 >
< 29		43 >
< 29		54 >
< 30		32 >
< 30		35 >
< 30		39 >
< 30		40 >
< 30		44 >
< 30		47 >
< 30		50 >
< 30		52 >
< 30		53 >
< 30		54 >
< 30		56 >
< 30		57 >
< 30		58 >
< 30		60 >
< 31		33 >
< 31		38 >
< 31		41 >
< 31		44 >
< 31		45 >
< 31		53 >
< 31		55 >
< 31		58 >
< 32		33 >
< 32		36 >
< 32		37 >
< 32		38 >
< 32		42 >
< 32		44 >
< 32		45 >
< 32		46 >
< 32		50 >
< 32		60 >
< 33		34 >
< 33		35 >
< 33		36 >
< 33		39 >
< 33		41 >
< 33		42 >
< 33		57 >
< 33		58 >
< 33		60 >
< 34		41 >
< 34		42 >
< 34		46 >
< 34		47 >
< 34		57 >
< 35		36 >
< 35		43 >
< 35		50 >
< 35		54 >
< 35		56 >
< 36		37 >
< 36		39 >
< 36		44 >
< 36		46 >
< 36		51 >
< 36		52 >
< 36		53 >
< 36		59 >
< 37		44 >
< 37		46 >
< 37		55 >
< 37		57 >
< 38		44 >
< 39		47 >
< 39		48 >
< 39		49 >
< 39		50 >
< 39		52 >
< 39		54 >
< 39		56 >
< 39		57 >
< 39		60 >
< 40		42 >
< 40		46 >
< 40		49 >
< 40		58 >
< 40		60 >
< 41		43 >
< 41		53 >
< 41		56 >
< 41		58 >
< 42		47 >
< 42		48 >
< 42		49 >
< 42		50 >
< 42		54 >
< 42		56 >
< 42		58 >
< 43		49 >
< 43		53 >
< 43		57 >
< 43		58 >
< 43		59 >
< 44		45 >
< 44		46 >
< 44		57 >
< 44		59 >
< 44		60 >
< 45		51 >
< 45		53 >
< 45		54 >
< 45		55 >
< 45		57 >
< 45		59 >
< 46		47 >
< 46		52 >
< 46		53 >
< 46		59 >
< 47		52 >
< 47		54 >
< 47		58 >
< 48		52 >
< 48		53 >
< 48		54 >
< 49		60 >
< 50		54 >
< 50		55 >
< 50		57 >
< 50		58 >
< 50		60 >
< 51		54 >
< 51		60 >
< 52		54 >
< 52		55 >
< 52		59 >
< 54		55 >
< 54		59 >
< 55		56 >
< 55		57 >
< 56		58 >
< 57		59 >
