nNodes= 80
nPairs= 1541  
Weight
2
4
3
2
2
4
4
4
3
2
3
4
4
3
2
4
3
2
4
4
4
3
4
3
4
2
2
3
4
2
2
3
3
4
2
4
4
2
2
4
2
2
4
2
4
2
2
4
3
4
2
4
3
4
3
2
4
3
2
3
4
3
2
4
2
4
2
4
4
4
4
3
3
3
2
2
3
3
4
2
Cost
81		0		81		0		0		0		81		81		0		81		0		0		81		0		0		0		0		81		0		81		81		0		81		0		81		81		81		81		0		81		0		0		81		0		81		81		0		81		81		0		81		0		0		81		81		0		81		0		81		81		0		0		0		0		81		0		0		81		81		0		81		81		0		81		81		0		0		0		81		81		81		0		81		0		81		0		0		0		81		0		
0		81		0		0		0		81		0		81		0		81		81		81		0		81		0		81		0		81		81		81		0		81		81		0		81		81		0		0		0		0		81		0		81		81		0		81		0		81		81		0		81		0		0		81		0		81		0		0		0		0		0		81		0		0		81		81		0		0		0		81		0		0		81		81		81		0		81		0		0		0		0		0		81		81		81		81		81		81		0		0		
81		0		81		81		81		81		0		0		81		0		0		0		81		0		81		0		0		81		0		0		81		81		81		0		0		81		81		81		81		81		0		0		0		81		0		0		81		0		0		81		81		81		81		81		0		0		0		0		0		81		81		0		0		0		0		0		0		81		81		0		81		0		81		81		81		81		0		0		0		0		81		0		0		81		81		0		0		0		0		0		
0		0		81		81		81		0		0		0		81		81		0		0		81		81		81		0		0		81		0		0		0		0		0		0		0		0		81		81		81		81		81		81		81		81		0		81		0		0		0		81		0		0		0		0		0		0		0		0		81		0		81		0		0		0		81		0		0		81		81		0		0		81		0		0		0		0		0		81		0		81		0		0		0		81		81		0		0		81		0		0		
0		0		81		81		81		81		81		81		0		0		0		0		0		81		0		81		81		0		81		81		81		81		0		0		0		81		0		0		0		81		0		81		81		81		81		81		0		0		0		0		81		0		0		0		81		0		0		81		81		0		81		0		0		0		81		0		81		0		81		0		0		81		81		81		81		81		0		81		0		0		0		0		0		81		81		0		81		0		0		0		
0		81		81		0		81		81		0		0		81		81		81		0		0		81		0		81		0		0		81		0		81		81		0		0		0		81		0		81		81		81		0		0		81		81		0		0		0		0		81		0		81		81		0		81		0		0		0		81		0		0		81		0		0		0		81		81		0		0		0		0		0		81		81		81		0		0		0		0		81		81		81		0		81		0		0		0		81		81		0		81		
81		0		0		0		81		0		81		0		0		0		0		81		81		81		81		81		81		0		81		0		0		81		0		0		0		81		0		81		0		0		0		81		0		81		81		81		81		81		0		81		0		0		0		0		0		81		81		81		81		81		0		81		81		0		81		0		0		81		81		0		81		81		81		81		81		81		81		81		0		81		0		0		0		81		0		0		81		81		0		81		
81		81		0		0		81		0		0		81		0		81		0		81		81		81		0		0		0		0		81		81		0		0		81		0		0		0		0		81		0		0		0		81		0		0		81		81		81		0		0		81		0		0		0		81		0		81		81		81		0		0		0		0		0		0		81		81		0		81		0		0		81		81		0		81		81		81		0		81		81		81		81		81		0		81		0		0		0		81		81		81		
0		0		81		81		0		81		0		0		81		81		81		81		0		81		0		81		81		0		81		81		81		81		81		81		0		81		0		0		0		0		0		0		81		0		0		0		0		81		0		0		0		0		0		0		81		0		0		0		0		0		81		81		0		0		0		81		0		81		0		0		0		0		0		0		0		81		81		0		0		0		0		0		0		81		81		81		0		81		0		81		
81		81		0		81		0		81		0		81		81		81		0		81		0		0		0		0		81		0		0		81		0		81		0		0		0		0		0		0		0		0		81		81		81		0		81		81		0		0		0		81		0		0		0		0		0		0		0		0		81		0		0		0		0		81		0		81		0		81		0		0		81		81		81		81		0		81		81		81		81		0		0		81		0		0		0		81		81		0		0		81		
0		81		0		0		0		81		0		0		81		0		81		81		0		0		81		81		81		81		81		0		81		81		0		81		0		0		81		81		0		81		0		0		0		0		0		81		81		81		81		0		81		0		81		0		81		0		81		81		0		81		81		81		81		0		0		81		0		0		0		0		0		81		81		0		0		0		0		0		0		0		81		0		81		81		81		81		81		0		0		0		
0		81		0		0		0		0		81		81		81		81		81		81		81		0		0		0		0		81		81		0		0		0		81		0		81		0		0		81		0		81		0		0		0		0		0		0		81		81		81		81		81		0		81		81		81		81		0		81		0		81		0		0		81		81		0		81		81		81		81		81		81		81		0		81		81		0		81		0		0		0		81		0		81		81		81		81		81		0		0		81		
81		0		81		81		0		0		81		81		0		0		0		81		81		81		81		81		0		0		81		81		0		0		0		0		0		81		81		0		0		0		0		81		0		0		0		0		81		0		81		81		81		0		0		0		0		81		0		0		0		0		0		81		81		0		0		81		81		0		81		81		81		81		0		0		0		0		81		0		0		0		0		0		0		81		81		0		81		0		81		0		
0		81		0		81		81		81		81		81		81		0		0		0		81		81		81		0		0		81		81		0		0		0		0		0		0		81		0		81		0		0		0		81		0		81		0		81		81		81		0		0		81		81		81		0		81		0		81		0		81		0		0		0		0		81		0		0		81		0		81		81		81		81		81		0		81		0		81		81		81		0		81		0		0		0		0		81		81		0		0		81		
0		0		81		81		0		0		81		0		0		0		81		0		81		81		81		81		0		81		81		0		81		0		81		0		81		0		81		81		0		81		0		81		0		81		0		81		81		81		0		81		81		81		81		81		81		81		0		81		81		81		81		81		81		0		0		81		0		0		0		0		81		81		0		81		81		81		81		81		0		0		0		0		81		0		0		81		81		0		81		81		
0		81		0		0		81		81		81		0		81		0		81		0		81		0		81		81		81		0		0		81		81		0		81		81		81		81		0		81		0		81		0		81		0		0		0		81		0		0		81		81		0		81		0		0		81		0		81		81		81		81		81		81		81		0		81		0		0		81		81		81		81		0		81		0		81		81		0		0		0		0		0		0		81		81		0		81		0		0		81		0		
0		0		0		0		81		0		81		0		81		81		81		0		0		0		0		81		81		0		81		0		0		0		81		0		0		0		81		0		0		81		0		0		81		0		0		0		81		81		0		81		0		0		81		0		81		81		0		81		0		81		0		81		0		81		0		81		0		0		81		0		0		81		81		0		0		0		0		0		0		81		0		0		81		0		0		81		81		0		81		0		
81		81		81		81		0		0		0		0		0		0		81		81		0		81		81		0		0		81		81		0		81		81		81		0		81		81		81		81		0		0		0		0		81		0		0		0		0		0		81		0		0		0		0		81		0		81		0		0		0		0		0		81		0		81		81		0		81		81		81		81		81		81		0		81		0		81		0		81		0		0		81		0		0		0		81		0		81		81		81		81		
0		81		0		0		81		81		81		81		81		0		81		81		81		81		81		0		81		81		81		0		81		81		81		0		0		0		0		0		81		81		81		81		81		0		0		81		81		81		0		0		81		81		81		81		0		0		0		81		81		81		0		0		81		0		81		0		0		0		81		0		0		0		0		0		0		0		81		0		0		81		81		0		81		81		0		0		0		81		0		81		
81		81		0		0		81		0		0		81		81		81		0		0		81		0		0		81		0		0		0		81		0		81		81		81		81		0		81		0		81		0		0		81		0		0		0		81		0		81		81		81		81		81		0		81		0		81		81		0		0		81		81		81		81		0		81		81		81		0		81		81		0		81		0		81		0		81		81		0		81		0		81		0		0		0		0		0		81		81		0		81		
81		0		81		0		81		81		0		0		81		0		81		0		0		0		81		81		0		81		81		0		81		0		81		81		81		81		81		81		81		0		0		0		81		81		81		0		81		0		81		0		81		0		0		81		81		81		81		81		81		81		81		81		0		0		81		0		81		0		0		81		0		0		81		81		81		0		0		0		0		0		81		81		0		81		81		0		0		81		81		0		
0		81		81		0		81		81		81		0		81		81		81		0		0		0		0		0		0		81		81		81		0		81		0		81		0		81		0		0		81		81		81		81		0		0		81		81		0		81		81		81		0		81		0		81		0		81		0		0		0		0		0		0		0		81		81		0		0		81		81		0		0		81		0		81		81		81		0		0		0		0		81		81		0		81		81		0		81		0		0		81		
81		81		81		0		0		0		0		81		81		0		0		81		0		0		81		81		81		81		81		81		81		0		81		81		0		81		0		81		0		0		0		0		81		0		81		0		81		0		81		81		0		81		0		81		0		81		0		81		0		81		0		81		0		81		0		0		0		81		81		81		81		81		81		0		81		81		0		81		0		0		0		0		81		0		81		81		0		0		81		0		
0		0		0		0		0		0		0		0		81		0		81		0		0		0		0		81		0		0		0		81		81		81		81		81		0		81		0		0		81		81		0		81		0		0		0		81		81		81		0		81		81		0		0		0		0		81		81		81		81		81		0		81		81		0		81		0		0		0		81		0		0		0		81		81		0		0		81		0		81		81		81		0		0		0		81		0		0		0		0		81		
81		81		0		0		0		0		0		0		0		0		0		81		0		0		81		81		0		81		0		81		81		0		0		0		81		81		0		81		81		81		0		0		0		0		81		81		0		0		0		81		0		0		81		0		81		0		0		81		0		81		0		0		81		0		0		0		81		81		81		81		0		81		81		81		81		81		0		0		81		81		81		81		81		0		81		81		81		81		0		81		
81		81		81		0		81		81		81		0		81		0		0		0		81		81		0		81		0		81		0		0		81		81		81		81		81		81		81		0		81		0		81		0		81		81		81		0		0		81		81		81		0		81		81		0		81		81		81		81		81		0		0		81		81		81		81		81		0		81		0		81		0		0		0		0		81		81		81		0		81		0		81		81		0		81		0		0		0		81		81		81		
81		0		81		81		0		0		0		0		0		0		81		0		81		0		81		0		81		81		0		81		81		0		0		0		0		81		81		81		0		81		0		0		81		0		81		81		0		0		0		0		81		81		0		81		0		0		0		0		81		81		0		0		0		81		81		81		0		81		81		81		0		81		81		81		0		81		81		0		0		0		81		0		0		0		0		0		0		0		0		81		
81		0		81		81		0		81		81		81		0		0		81		81		0		81		81		81		0		81		0		0		81		0		81		0		81		0		81		81		81		81		81		0		0		81		81		0		81		0		81		81		0		0		0		0		0		81		0		0		0		0		81		0		0		0		81		0		81		0		0		81		0		0		81		81		81		0		81		81		81		81		0		0		0		0		0		0		0		81		81		0		
0		0		81		81		0		81		0		0		0		0		0		0		0		0		0		0		0		0		81		81		81		81		0		81		81		81		0		81		81		0		0		81		0		0		81		0		0		81		81		81		0		81		81		0		0		81		0		81		81		81		0		0		0		0		81		0		81		81		81		81		81		0		81		0		0		0		81		81		81		0		81		0		0		0		0		0		0		81		0		0		
81		0		81		81		81		81		0		0		0		0		81		81		0		0		81		81		81		0		81		0		0		81		0		81		81		0		81		81		0		81		81		0		0		0		81		81		0		0		0		81		0		0		81		0		0		0		0		0		81		0		81		0		81		81		81		81		81		0		81		81		81		81		81		0		81		81		81		81		0		0		0		81		81		81		0		0		0		0		81		0		
0		81		0		81		0		0		0		0		0		81		0		0		0		0		0		0		0		0		81		0		0		81		0		0		0		81		0		81		0		81		81		81		81		81		0		0		81		0		0		0		81		0		0		0		81		81		81		0		81		0		0		81		81		81		0		81		0		81		0		0		81		0		81		0		81		81		0		0		0		0		81		0		81		81		81		81		81		0		81		81		
0		0		0		81		81		0		81		81		0		81		0		0		81		81		81		81		0		0		81		81		0		81		0		81		0		0		0		0		81		0		81		81		81		0		81		0		0		0		81		0		81		81		0		81		81		81		81		0		81		81		81		81		0		0		0		81		0		0		81		81		81		81		0		0		0		81		81		0		0		81		0		0		81		81		81		0		81		0		81		81		
81		81		0		81		81		81		0		0		81		81		0		0		0		0		0		0		81		81		81		0		81		0		81		0		0		81		81		0		0		0		81		81		81		0		0		0		0		81		81		81		0		81		0		81		0		81		81		0		81		0		81		0		81		81		81		81		0		0		81		0		0		0		81		81		81		0		0		0		81		81		81		0		0		0		81		0		0		81		0		81		
0		81		81		81		81		81		81		0		0		0		0		0		0		81		81		0		0		0		0		0		81		0		0		0		0		81		0		81		0		0		81		0		0		81		0		0		0		81		81		0		81		81		81		0		0		0		0		81		81		81		0		0		81		0		0		81		81		81		81		0		0		0		81		0		0		81		81		81		0		0		0		81		81		81		0		81		81		0		81		81		
81		0		0		0		81		0		81		81		0		81		0		0		0		0		0		0		0		0		0		0		81		81		81		0		81		81		81		81		81		81		0		81		0		0		81		0		81		0		0		0		0		0		0		81		0		81		81		0		0		81		0		0		81		81		0		0		0		0		0		0		81		81		0		81		0		81		81		81		0		0		0		0		0		81		81		0		81		0		0		0		
81		81		0		81		81		0		81		81		0		81		81		0		0		81		81		81		0		0		81		81		0		81		0		81		81		0		81		0		0		81		0		0		0		0		0		81		81		0		81		81		81		81		0		81		0		0		81		81		81		0		81		0		81		0		81		81		0		81		81		0		0		0		0		81		81		0		81		0		81		81		81		81		0		81		0		81		0		0		81		0		
0		0		81		0		0		0		81		81		0		0		81		81		81		81		81		0		81		0		81		0		81		0		81		81		0		0		0		81		0		0		81		0		0		0		81		81		81		81		0		0		81		0		81		81		0		0		0		81		81		81		0		0		81		81		0		81		81		0		0		81		81		0		0		0		0		0		0		81		81		81		0		0		81		0		81		0		81		0		81		0		
81		81		0		0		0		0		81		0		81		0		81		81		0		81		81		0		81		0		81		81		0		81		0		81		0		81		0		0		81		0		0		0		81		81		0		0		81		81		81		0		81		81		81		0		81		81		0		0		0		81		0		81		81		81		0		81		0		0		81		0		81		81		0		0		0		0		0		81		0		81		81		81		0		0		0		0		81		0		0		0		
81		81		0		0		0		81		0		0		0		0		81		81		81		0		0		81		0		81		0		81		81		81		81		0		0		81		0		81		81		0		0		81		81		81		0		81		0		81		81		81		81		81		0		81		0		0		81		81		0		81		0		81		0		81		0		0		81		0		0		81		81		0		0		0		81		0		0		0		81		81		81		0		81		0		0		81		0		0		81		0		
0		0		81		81		0		0		81		81		0		81		0		81		81		0		81		81		81		0		0		81		0		81		81		81		81		81		0		81		81		81		0		0		81		0		0		81		0		0		81		81		0		0		81		0		81		0		81		0		0		0		81		81		81		81		81		0		0		0		0		81		0		81		81		0		81		81		0		81		0		81		81		0		0		0		81		0		0		0		81		81		
81		81		81		0		81		81		0		0		0		0		81		81		81		81		81		0		0		0		81		81		81		0		0		81		0		0		81		0		0		0		81		81		0		81		0		81		81		81		81		0		81		81		0		0		0		81		81		81		81		0		81		0		0		81		81		81		81		0		0		81		81		81		0		0		0		81		81		81		0		0		0		81		0		81		0		81		0		0		0		81		
0		0		81		0		0		81		0		0		0		0		0		0		0		81		81		81		0		0		81		81		0		81		81		0		0		81		81		0		81		0		0		81		81		81		0		81		0		81		81		0		81		81		0		0		81		0		81		81		81		81		0		81		0		0		0		0		81		0		81		0		81		0		81		0		0		0		0		0		81		0		81		0		81		81		81		81		0		81		0		0		
0		0		81		0		0		0		0		0		0		0		81		81		0		81		81		0		81		0		81		0		0		0		0		0		81		81		0		0		81		81		0		0		0		81		0		0		81		81		0		81		0		0		81		81		81		0		81		0		81		81		81		81		81		0		81		0		81		81		0		81		0		0		0		81		81		81		81		81		81		0		0		81		81		81		0		0		81		0		0		81		
81		81		81		0		0		81		0		81		0		0		0		81		0		0		81		0		0		81		81		81		81		81		81		0		0		0		81		0		0		0		0		81		81		0		81		81		81		0		81		0		0		0		81		81		81		0		0		81		0		0		0		0		0		0		0		81		0		0		0		81		81		81		81		81		81		0		0		81		0		0		81		0		81		0		81		0		81		81		81		0		
81		0		0		0		81		0		0		0		81		0		81		81		0		81		81		81		81		0		0		0		81		0		0		0		81		81		0		0		0		0		81		81		0		0		0		0		0		81		0		81		0		81		81		81		81		0		81		0		81		0		81		81		0		81		81		81		0		0		0		0		81		0		0		81		0		81		0		81		0		81		81		81		0		0		0		81		81		0		81		0		
0		81		0		0		0		0		81		81		0		0		0		81		81		0		81		0		81		81		0		81		81		81		81		81		0		81		0		81		81		0		81		81		81		0		81		0		0		81		0		0		81		0		0		0		0		81		0		0		81		0		0		81		0		81		0		81		81		81		81		81		81		81		0		81		81		81		0		81		81		81		0		0		81		0		0		81		81		81		81		81		
81		0		0		0		0		0		81		81		0		0		81		0		0		81		0		81		0		0		0		81		81		0		0		81		0		81		0		0		0		0		81		81		81		0		81		81		0		0		81		81		81		81		81		0		81		0		81		0		0		0		0		0		81		81		81		0		81		0		0		0		81		81		0		81		81		0		81		81		81		81		81		0		0		81		81		0		0		0		81		81		
0		0		0		0		81		81		81		81		0		0		81		81		0		0		81		81		81		0		81		0		81		0		81		81		81		81		0		0		81		0		0		0		0		81		0		81		81		0		81		0		81		81		0		81		0		0		0		81		81		81		0		81		81		81		0		81		81		0		81		81		81		0		0		81		81		81		0		0		0		0		81		81		81		81		0		81		81		81		81		0		
81		0		0		81		81		0		81		0		0		81		0		0		0		81		81		81		0		0		81		0		81		0		0		81		0		81		81		0		81		81		81		81		81		81		0		81		81		0		0		0		81		81		81		0		81		81		0		81		81		0		0		0		81		0		81		81		81		0		81		81		81		0		81		0		81		81		0		81		0		81		0		0		0		81		81		0		0		81		81		81		
81		0		81		0		0		0		81		0		0		0		81		81		0		0		81		81		81		0		81		81		81		0		81		81		81		0		81		0		81		0		0		81		0		81		81		0		81		81		81		0		0		81		81		0		0		0		0		81		0		81		81		81		0		81		81		0		0		81		81		0		81		0		81		0		0		0		81		81		81		0		0		0		0		81		0		81		81		81		81		81		
0		0		81		81		81		81		0		0		81		0		81		0		0		0		81		81		0		0		0		81		81		0		0		0		0		0		0		81		0		81		0		81		81		0		0		81		0		0		0		81		81		0		81		0		81		0		0		0		0		81		81		81		81		81		0		81		81		0		81		0		81		0		0		0		81		81		81		0		81		81		81		81		0		0		81		0		81		0		81		0		
0		81		0		0		0		0		81		0		81		0		81		0		81		0		81		81		81		81		0		81		81		0		81		81		0		81		0		0		0		0		81		81		0		0		0		0		0		81		81		81		0		81		81		0		81		81		0		81		0		81		81		81		81		0		0		81		0		81		81		0		81		81		0		0		81		0		0		81		0		0		0		0		0		81		0		0		81		81		0		81		
0		0		0		0		0		0		81		0		0		0		81		81		81		0		81		81		0		0		81		81		0		0		0		81		81		81		0		0		0		81		81		0		81		81		81		81		81		81		0		81		0		0		81		0		0		0		81		81		81		0		81		81		81		0		81		81		0		0		0		81		81		81		81		0		0		81		0		0		81		81		81		0		81		81		0		0		0		0		0		0		
0		0		0		0		0		0		0		0		0		81		0		81		0		81		0		0		81		81		0		0		0		81		81		0		0		81		81		0		0		81		81		0		81		0		81		0		81		81		81		81		81		0		0		0		81		81		81		81		0		81		81		0		0		81		0		0		0		0		81		0		81		0		81		81		0		81		81		0		81		81		0		0		0		81		81		81		0		81		0		81		
81		81		0		81		81		81		81		81		0		0		0		0		0		0		0		81		0		81		81		81		81		81		0		81		0		81		81		81		81		81		0		0		81		0		0		81		0		0		0		81		81		0		81		0		81		0		81		0		81		81		0		0		81		0		81		0		0		0		81		81		81		81		81		81		0		0		81		81		81		0		81		81		81		81		0		0		0		0		81		0		
0		81		0		0		0		81		0		81		81		81		81		81		81		0		81		0		81		0		0		81		0		0		0		0		0		81		81		0		0		81		81		81		81		81		0		81		81		81		0		0		81		0		0		81		81		81		0		81		81		0		81		81		81		0		0		81		0		81		81		0		81		0		0		81		81		0		0		0		0		81		0		0		81		81		0		81		0		81		81		81		
0		0		0		0		81		0		0		0		0		0		0		81		81		81		0		0		0		81		0		81		81		0		0		0		81		0		0		81		81		81		0		0		0		81		0		0		81		0		81		0		81		81		81		0		0		81		81		81		81		0		81		0		0		0		0		0		81		0		81		0		0		81		0		81		81		81		0		0		0		81		81		81		0		0		0		81		81		81		0		0		
81		0		81		81		0		0		81		81		81		81		0		81		0		0		0		81		0		81		0		0		0		81		81		0		81		81		81		0		81		0		81		0		0		81		0		81		0		0		0		0		0		0		81		0		0		81		0		0		0		81		0		81		0		0		0		81		0		81		0		0		81		81		0		0		0		0		0		81		81		81		81		81		0		81		81		0		0		0		0		0		
81		0		81		81		81		0		81		0		0		0		0		81		81		81		0		81		81		81		81		81		0		81		81		81		81		0		81		0		81		81		0		81		81		81		0		81		0		81		0		0		0		81		0		0		0		81		0		81		81		81		81		81		0		81		81		81		81		0		81		81		81		0		0		0		0		81		0		81		81		81		81		81		81		0		0		0		0		0		81		0		
0		81		0		0		0		0		0		0		0		0		0		81		81		81		0		81		0		81		0		81		81		0		81		0		81		81		81		81		81		81		0		81		0		0		0		0		81		0		81		81		81		0		81		81		0		81		0		81		81		0		0		0		81		0		81		0		0		0		81		81		81		0		81		0		0		81		81		81		81		0		0		0		81		81		81		0		81		81		0		81		
81		0		81		0		0		0		81		81		0		81		0		81		81		81		81		81		0		81		0		0		0		0		81		0		0		0		0		0		81		81		81		81		0		0		81		0		81		81		81		0		81		81		0		81		81		81		81		81		81		81		81		81		81		81		81		81		0		81		81		81		81		81		0		81		81		81		81		81		81		81		81		81		81		0		0		81		0		0		81		0		
81		0		0		81		81		81		81		81		0		81		81		81		81		81		81		0		81		81		0		81		0		81		81		0		81		0		81		0		0		81		0		81		0		0		81		0		0		81		0		81		81		0		0		81		0		81		81		0		0		0		0		81		81		0		81		0		81		81		0		0		81		81		81		81		0		0		0		0		0		81		81		0		0		0		81		0		81		81		81		81		
0		81		81		0		81		81		81		0		0		81		81		0		0		81		0		81		81		0		0		0		81		0		81		81		81		0		81		81		81		81		81		0		81		81		0		0		0		0		0		81		0		81		0		81		0		0		0		0		81		81		0		0		81		81		81		0		0		0		0		81		0		81		81		0		81		0		0		81		81		81		81		0		81		0		0		0		0		81		0		0		
81		81		81		0		81		81		81		81		0		81		0		81		0		0		81		0		0		81		0		81		81		81		0		81		81		0		81		81		0		0		0		0		81		0		81		81		0		0		0		0		0		0		81		81		81		81		81		81		0		0		0		0		0		81		81		81		81		0		0		0		81		81		0		81		81		81		81		81		0		0		0		0		0		81		0		0		0		0		81		0		
81		81		81		0		81		0		81		81		0		0		0		81		0		81		81		81		0		0		0		0		81		81		81		0		81		81		0		81		0		81		81		0		81		0		0		81		0		0		81		81		0		0		81		81		0		81		81		81		81		0		81		81		0		0		0		81		81		0		0		0		81		0		81		81		81		81		81		81		81		81		0		81		81		81		0		0		81		81		81		0		
0		0		81		0		81		0		81		81		81		81		0		0		0		0		81		81		0		81		0		81		0		81		81		0		81		81		81		0		0		81		81		81		0		81		81		0		0		0		0		81		81		0		81		0		81		81		0		81		81		0		81		0		81		81		0		0		81		0		81		81		81		0		0		81		81		81		0		81		0		0		0		0		81		81		0		0		0		81		0		0		
0		81		0		0		0		0		81		0		81		81		0		81		81		81		81		0		0		0		81		81		0		0		0		81		0		81		81		81		81		81		0		81		0		81		81		81		0		0		0		0		81		0		81		0		0		0		81		0		0		81		81		0		0		81		81		0		0		0		0		81		81		0		0		81		81		0		81		0		0		81		0		81		81		0		0		81		0		81		0		81		
0		0		0		81		81		0		81		81		0		81		0		0		0		81		81		0		0		81		0		0		0		0		81		0		0		0		0		81		81		81		0		0		0		81		81		0		81		81		0		81		81		0		81		81		81		81		81		0		81		81		0		81		0		0		81		0		0		81		81		81		81		0		81		81		81		81		0		81		81		81		0		81		0		0		0		0		0		81		81		81		
81		0		0		0		0		81		0		81		0		81		0		0		0		81		0		0		0		0		0		81		0		0		0		81		81		81		0		81		81		0		0		0		81		0		0		81		81		0		81		0		0		81		81		0		0		81		81		0		0		81		81		0		81		81		81		0		0		81		81		81		81		0		81		0		81		0		0		81		81		0		0		81		81		0		0		81		0		0		81		81		
81		0		0		81		0		81		81		81		0		0		0		0		0		0		0		0		81		0		81		0		0		0		0		81		81		0		0		81		0		0		0		81		81		0		0		81		81		81		81		81		0		0		0		0		81		81		81		0		81		0		81		0		81		81		0		81		81		81		81		0		81		81		81		0		81		0		81		81		0		81		0		81		0		0		81		81		81		81		0		81		
81		0		81		0		0		81		0		81		0		0		81		81		0		81		0		0		0		81		81		81		81		81		0		81		81		81		81		0		81		0		81		0		81		0		0		81		0		81		81		81		0		81		0		81		81		0		81		81		0		0		81		0		81		0		81		0		81		81		81		0		81		81		81		0		0		0		0		0		0		0		81		81		0		0		81		0		0		0		81		81		
0		0		0		0		0		0		0		81		0		81		0		0		0		0		0		0		0		0		0		0		81		81		0		0		81		81		0		0		0		81		0		0		0		81		0		81		0		81		0		0		81		0		81		0		81		0		0		81		0		0		81		0		0		0		81		0		81		81		81		0		81		0		0		0		81		0		81		81		81		81		81		81		0		81		0		0		0		0		81		81		
81		81		0		0		0		81		0		0		0		0		81		81		0		0		81		81		81		0		81		0		0		0		81		0		81		0		0		0		0		81		81		81		0		81		0		0		81		0		81		0		0		81		81		81		0		81		0		81		0		0		0		0		81		0		81		81		0		0		81		81		81		0		81		0		81		81		81		0		81		0		0		0		81		0		0		0		81		0		0		81		
0		81		81		81		81		0		81		81		81		0		81		81		81		0		0		81		0		0		81		0		81		81		0		0		0		81		0		0		0		81		81		81		0		81		81		81		0		0		0		0		81		81		81		0		0		0		81		81		81		81		0		81		81		81		81		81		0		81		0		81		0		0		0		81		81		81		0		0		0		0		0		81		0		81		0		0		0		81		81		81		
81		81		81		81		81		0		0		0		81		0		81		81		81		0		0		0		0		81		0		0		81		81		81		81		81		0		0		0		0		0		81		81		81		0		81		0		81		0		0		81		0		81		0		81		0		0		81		0		81		0		81		0		0		81		0		0		0		81		0		81		0		81		0		0		0		0		0		0		0		81		81		0		0		0		81		81		0		0		81		81		
0		81		0		0		0		0		0		0		81		81		81		81		0		81		81		81		81		0		0		0		0		0		81		0		81		0		0		0		0		0		81		0		0		81		0		81		0		0		81		0		81		81		0		0		81		81		0		81		0		81		0		0		0		81		0		81		81		0		0		0		81		0		0		0		0		0		81		0		81		81		0		0		0		0		81		81		81		81		81		81		
0		81		0		0		81		81		81		0		0		81		81		81		81		81		81		0		81		81		0		81		0		81		0		0		81		0		0		0		0		0		81		81		0		81		81		0		81		81		0		0		0		0		81		81		81		81		0		81		0		81		81		81		0		0		0		0		81		0		0		81		0		81		0		0		81		0		0		0		0		81		0		0		81		0		0		81		81		0		0		81		
0		81		0		81		0		81		81		81		81		0		0		0		0		0		0		0		0		81		81		81		81		0		0		0		81		81		0		81		81		0		0		0		81		0		0		0		0		0		0		0		0		81		0		81		0		81		0		81		81		81		0		81		0		81		0		81		81		0		0		81		0		81		81		0		81		81		81		81		0		81		0		0		0		81		0		81		0		81		0		0		
81		0		0		0		0		0		0		81		0		0		0		0		81		0		81		81		81		81		0		0		81		0		81		0		0		81		0		81		0		81		81		81		0		81		0		81		81		0		81		81		0		0		0		81		81		81		81		81		81		81		81		0		0		0		81		81		0		0		81		0		81		81		0		81		81		0		0		81		81		0		81		81		0		81		81		81		0		0		81		0		
0		0		0		0		0		81		81		81		81		81		0		81		0		81		81		0		0		81		81		81		0		81		0		81		81		81		81		0		0		0		81		81		81		81		0		0		0		0		0		81		81		0		81		0		0		81		81		0		81		81		0		81		0		81		0		81		0		0		0		81		0		81		0		0		0		0		81		81		81		81		81		81		81		81		81		81		81		0		0		81		
NDC Pairs
< 1		3 >
< 1		7 >
< 1		8 >
< 1		10 >
< 1		13 >
< 1		18 >
< 1		20 >
< 1		21 >
< 1		23 >
< 1		25 >
< 1		26 >
< 1		27 >
< 1		28 >
< 1		30 >
< 1		33 >
< 1		35 >
< 1		36 >
< 1		38 >
< 1		39 >
< 1		41 >
< 1		44 >
< 1		45 >
< 1		47 >
< 1		49 >
< 1		50 >
< 1		55 >
< 1		58 >
< 1		59 >
< 1		61 >
< 1		62 >
< 1		64 >
< 1		65 >
< 1		69 >
< 1		70 >
< 1		71 >
< 1		73 >
< 1		75 >
< 1		79 >
< 2		6 >
< 2		8 >
< 2		10 >
< 2		11 >
< 2		12 >
< 2		14 >
< 2		16 >
< 2		18 >
< 2		19 >
< 2		20 >
< 2		22 >
< 2		23 >
< 2		25 >
< 2		26 >
< 2		31 >
< 2		33 >
< 2		34 >
< 2		36 >
< 2		38 >
< 2		39 >
< 2		41 >
< 2		44 >
< 2		46 >
< 2		52 >
< 2		55 >
< 2		56 >
< 2		60 >
< 2		63 >
< 2		64 >
< 2		65 >
< 2		67 >
< 2		73 >
< 2		74 >
< 2		75 >
< 2		76 >
< 2		77 >
< 2		78 >
< 3		4 >
< 3		5 >
< 3		6 >
< 3		9 >
< 3		13 >
< 3		15 >
< 3		18 >
< 3		21 >
< 3		22 >
< 3		23 >
< 3		26 >
< 3		27 >
< 3		28 >
< 3		29 >
< 3		30 >
< 3		34 >
< 3		37 >
< 3		40 >
< 3		41 >
< 3		42 >
< 3		43 >
< 3		44 >
< 3		50 >
< 3		51 >
< 3		58 >
< 3		59 >
< 3		61 >
< 3		63 >
< 3		64 >
< 3		65 >
< 3		66 >
< 3		71 >
< 3		74 >
< 3		75 >
< 4		5 >
< 4		9 >
< 4		10 >
< 4		13 >
< 4		14 >
< 4		15 >
< 4		18 >
< 4		27 >
< 4		28 >
< 4		29 >
< 4		30 >
< 4		31 >
< 4		32 >
< 4		33 >
< 4		34 >
< 4		36 >
< 4		40 >
< 4		49 >
< 4		51 >
< 4		55 >
< 4		58 >
< 4		59 >
< 4		62 >
< 4		68 >
< 4		70 >
< 4		74 >
< 4		75 >
< 4		78 >
< 5		6 >
< 5		7 >
< 5		8 >
< 5		14 >
< 5		16 >
< 5		17 >
< 5		19 >
< 5		20 >
< 5		21 >
< 5		22 >
< 5		26 >
< 5		30 >
< 5		32 >
< 5		33 >
< 5		34 >
< 5		35 >
< 5		36 >
< 5		41 >
< 5		45 >
< 5		48 >
< 5		49 >
< 5		51 >
< 5		55 >
< 5		57 >
< 5		59 >
< 5		62 >
< 5		63 >
< 5		64 >
< 5		65 >
< 5		66 >
< 5		68 >
< 5		74 >
< 5		75 >
< 5		77 >
< 6		9 >
< 6		10 >
< 6		11 >
< 6		14 >
< 6		16 >
< 6		19 >
< 6		21 >
< 6		22 >
< 6		26 >
< 6		28 >
< 6		29 >
< 6		30 >
< 6		33 >
< 6		34 >
< 6		39 >
< 6		41 >
< 6		42 >
< 6		44 >
< 6		48 >
< 6		51 >
< 6		55 >
< 6		56 >
< 6		62 >
< 6		63 >
< 6		64 >
< 6		69 >
< 6		70 >
< 6		71 >
< 6		73 >
< 6		77 >
< 6		78 >
< 6		80 >
< 7		12 >
< 7		13 >
< 7		14 >
< 7		15 >
< 7		16 >
< 7		17 >
< 7		19 >
< 7		22 >
< 7		26 >
< 7		28 >
< 7		32 >
< 7		34 >
< 7		35 >
< 7		36 >
< 7		37 >
< 7		38 >
< 7		40 >
< 7		46 >
< 7		47 >
< 7		48 >
< 7		49 >
< 7		50 >
< 7		52 >
< 7		53 >
< 7		55 >
< 7		58 >
< 7		59 >
< 7		61 >
< 7		62 >
< 7		63 >
< 7		64 >
< 7		65 >
< 7		66 >
< 7		67 >
< 7		68 >
< 7		70 >
< 7		74 >
< 7		77 >
< 7		78 >
< 7		80 >
< 8		10 >
< 8		12 >
< 8		13 >
< 8		14 >
< 8		19 >
< 8		20 >
< 8		23 >
< 8		28 >
< 8		32 >
< 8		35 >
< 8		36 >
< 8		37 >
< 8		40 >
< 8		44 >
< 8		46 >
< 8		47 >
< 8		48 >
< 8		55 >
< 8		56 >
< 8		58 >
< 8		61 >
< 8		62 >
< 8		64 >
< 8		65 >
< 8		66 >
< 8		68 >
< 8		69 >
< 8		70 >
< 8		71 >
< 8		72 >
< 8		74 >
< 8		78 >
< 8		79 >
< 8		80 >
< 9		10 >
< 9		11 >
< 9		12 >
< 9		14 >
< 9		16 >
< 9		17 >
< 9		19 >
< 9		20 >
< 9		21 >
< 9		22 >
< 9		23 >
< 9		24 >
< 9		26 >
< 9		33 >
< 9		38 >
< 9		45 >
< 9		51 >
< 9		52 >
< 9		56 >
< 9		58 >
< 9		66 >
< 9		67 >
< 9		74 >
< 9		75 >
< 9		76 >
< 9		78 >
< 9		80 >
< 10		12 >
< 10		17 >
< 10		20 >
< 10		22 >
< 10		31 >
< 10		32 >
< 10		33 >
< 10		35 >
< 10		36 >
< 10		40 >
< 10		49 >
< 10		54 >
< 10		56 >
< 10		58 >
< 10		61 >
< 10		62 >
< 10		63 >
< 10		64 >
< 10		66 >
< 10		67 >
< 10		68 >
< 10		69 >
< 10		72 >
< 10		76 >
< 10		77 >
< 10		80 >
< 11		12 >
< 11		15 >
< 11		16 >
< 11		17 >
< 11		18 >
< 11		19 >
< 11		21 >
< 11		22 >
< 11		24 >
< 11		27 >
< 11		28 >
< 11		30 >
< 11		36 >
< 11		37 >
< 11		38 >
< 11		39 >
< 11		41 >
< 11		43 >
< 11		45 >
< 11		47 >
< 11		48 >
< 11		50 >
< 11		51 >
< 11		52 >
< 11		53 >
< 11		56 >
< 11		62 >
< 11		63 >
< 11		71 >
< 11		73 >
< 11		74 >
< 11		75 >
< 11		76 >
< 11		77 >
< 12		13 >
< 12		18 >
< 12		19 >
< 12		23 >
< 12		25 >
< 12		28 >
< 12		30 >
< 12		37 >
< 12		38 >
< 12		39 >
< 12		40 >
< 12		41 >
< 12		43 >
< 12		44 >
< 12		45 >
< 12		46 >
< 12		48 >
< 12		50 >
< 12		53 >
< 12		54 >
< 12		56 >
< 12		57 >
< 12		58 >
< 12		59 >
< 12		60 >
< 12		61 >
< 12		62 >
< 12		64 >
< 12		65 >
< 12		67 >
< 12		71 >
< 12		73 >
< 12		74 >
< 12		75 >
< 12		76 >
< 12		77 >
< 12		80 >
< 13		14 >
< 13		15 >
< 13		16 >
< 13		19 >
< 13		20 >
< 13		26 >
< 13		27 >
< 13		32 >
< 13		37 >
< 13		39 >
< 13		40 >
< 13		41 >
< 13		46 >
< 13		52 >
< 13		53 >
< 13		56 >
< 13		57 >
< 13		59 >
< 13		60 >
< 13		61 >
< 13		62 >
< 13		67 >
< 13		74 >
< 13		75 >
< 13		77 >
< 13		79 >
< 14		15 >
< 14		18 >
< 14		19 >
< 14		26 >
< 14		28 >
< 14		32 >
< 14		34 >
< 14		36 >
< 14		37 >
< 14		38 >
< 14		41 >
< 14		42 >
< 14		43 >
< 14		45 >
< 14		47 >
< 14		49 >
< 14		54 >
< 14		57 >
< 14		59 >
< 14		60 >
< 14		61 >
< 14		62 >
< 14		63 >
< 14		65 >
< 14		67 >
< 14		68 >
< 14		69 >
< 14		71 >
< 14		76 >
< 14		77 >
< 14		80 >
< 15		16 >
< 15		18 >
< 15		19 >
< 15		21 >
< 15		23 >
< 15		25 >
< 15		27 >
< 15		28 >
< 15		30 >
< 15		32 >
< 15		34 >
< 15		36 >
< 15		37 >
< 15		38 >
< 15		40 >
< 15		41 >
< 15		42 >
< 15		43 >
< 15		44 >
< 15		45 >
< 15		46 >
< 15		48 >
< 15		49 >
< 15		50 >
< 15		51 >
< 15		52 >
< 15		53 >
< 15		56 >
< 15		61 >
< 15		62 >
< 15		64 >
< 15		65 >
< 15		66 >
< 15		67 >
< 15		68 >
< 15		73 >
< 15		76 >
< 15		77 >
< 15		79 >
< 15		80 >
< 16		17 >
< 16		20 >
< 16		21 >
< 16		23 >
< 16		24 >
< 16		25 >
< 16		26 >
< 16		28 >
< 16		30 >
< 16		32 >
< 16		36 >
< 16		39 >
< 16		40 >
< 16		42 >
< 16		45 >
< 16		47 >
< 16		48 >
< 16		49 >
< 16		50 >
< 16		51 >
< 16		52 >
< 16		53 >
< 16		55 >
< 16		58 >
< 16		59 >
< 16		60 >
< 16		61 >
< 16		63 >
< 16		65 >
< 16		66 >
< 16		73 >
< 16		74 >
< 16		76 >
< 16		79 >
< 17		19 >
< 17		23 >
< 17		27 >
< 17		30 >
< 17		33 >
< 17		37 >
< 17		38 >
< 17		40 >
< 17		43 >
< 17		45 >
< 17		46 >
< 17		48 >
< 17		50 >
< 17		52 >
< 17		54 >
< 17		56 >
< 17		59 >
< 17		62 >
< 17		63 >
< 17		70 >
< 17		73 >
< 17		76 >
< 17		77 >
< 17		79 >
< 18		19 >
< 18		21 >
< 18		22 >
< 18		23 >
< 18		25 >
< 18		26 >
< 18		27 >
< 18		28 >
< 18		33 >
< 18		39 >
< 18		44 >
< 18		46 >
< 18		52 >
< 18		54 >
< 18		55 >
< 18		57 >
< 18		58 >
< 18		59 >
< 18		60 >
< 18		61 >
< 18		62 >
< 18		64 >
< 18		66 >
< 18		68 >
< 18		71 >
< 18		75 >
< 18		77 >
< 18		78 >
< 18		79 >
< 18		80 >
< 19		21 >
< 19		22 >
< 19		23 >
< 19		29 >
< 19		30 >
< 19		31 >
< 19		32 >
< 19		33 >
< 19		36 >
< 19		37 >
< 19		38 >
< 19		41 >
< 19		42 >
< 19		43 >
< 19		44 >
< 19		48 >
< 19		49 >
< 19		50 >
< 19		53 >
< 19		55 >
< 19		59 >
< 19		67 >
< 19		70 >
< 19		71 >
< 19		73 >
< 19		74 >
< 19		78 >
< 19		80 >
< 20		22 >
< 20		23 >
< 20		24 >
< 20		25 >
< 20		27 >
< 20		29 >
< 20		32 >
< 20		36 >
< 20		38 >
< 20		39 >
< 20		40 >
< 20		41 >
< 20		42 >
< 20		44 >
< 20		46 >
< 20		47 >
< 20		50 >
< 20		51 >
< 20		52 >
< 20		53 >
< 20		55 >
< 20		56 >
< 20		57 >
< 20		59 >
< 20		60 >
< 20		62 >
< 20		64 >
< 20		66 >
< 20		67 >
< 20		69 >
< 20		71 >
< 20		77 >
< 20		78 >
< 20		80 >
< 21		23 >
< 21		24 >
< 21		25 >
< 21		26 >
< 21		27 >
< 21		28 >
< 21		29 >
< 21		33 >
< 21		34 >
< 21		35 >
< 21		37 >
< 21		39 >
< 21		41 >
< 21		44 >
< 21		45 >
< 21		46 >
< 21		47 >
< 21		48 >
< 21		49 >
< 21		50 >
< 21		51 >
< 21		52 >
< 21		55 >
< 21		57 >
< 21		60 >
< 21		63 >
< 21		64 >
< 21		65 >
< 21		71 >
< 21		72 >
< 21		74 >
< 21		75 >
< 21		78 >
< 21		79 >
< 22		24 >
< 22		26 >
< 22		29 >
< 22		30 >
< 22		31 >
< 22		32 >
< 22		35 >
< 22		36 >
< 22		38 >
< 22		39 >
< 22		40 >
< 22		42 >
< 22		44 >
< 22		46 >
< 22		54 >
< 22		55 >
< 22		58 >
< 22		59 >
< 22		62 >
< 22		64 >
< 22		65 >
< 22		66 >
< 22		71 >
< 22		72 >
< 22		74 >
< 22		75 >
< 22		77 >
< 22		80 >
< 23		24 >
< 23		26 >
< 23		28 >
< 23		33 >
< 23		35 >
< 23		37 >
< 23		39 >
< 23		40 >
< 23		42 >
< 23		44 >
< 23		46 >
< 23		48 >
< 23		50 >
< 23		52 >
< 23		54 >
< 23		58 >
< 23		59 >
< 23		60 >
< 23		61 >
< 23		62 >
< 23		63 >
< 23		65 >
< 23		66 >
< 23		68 >
< 23		73 >
< 23		75 >
< 23		76 >
< 23		79 >
< 24		26 >
< 24		29 >
< 24		30 >
< 24		32 >
< 24		36 >
< 24		37 >
< 24		38 >
< 24		40 >
< 24		41 >
< 24		46 >
< 24		47 >
< 24		48 >
< 24		49 >
< 24		50 >
< 24		52 >
< 24		53 >
< 24		55 >
< 24		59 >
< 24		63 >
< 24		64 >
< 24		67 >
< 24		69 >
< 24		70 >
< 24		71 >
< 24		75 >
< 24		80 >
< 25		26 >
< 25		28 >
< 25		29 >
< 25		30 >
< 25		35 >
< 25		36 >
< 25		40 >
< 25		43 >
< 25		45 >
< 25		48 >
< 25		50 >
< 25		53 >
< 25		57 >
< 25		58 >
< 25		59 >
< 25		60 >
< 25		62 >
< 25		63 >
< 25		64 >
< 25		65 >
< 25		66 >
< 25		69 >
< 25		70 >
< 25		71 >
< 25		72 >
< 25		73 >
< 25		75 >
< 25		76 >
< 25		77 >
< 25		78 >
< 25		80 >
< 26		27 >
< 26		29 >
< 26		31 >
< 26		33 >
< 26		34 >
< 26		35 >
< 26		38 >
< 26		39 >
< 26		40 >
< 26		42 >
< 26		43 >
< 26		45 >
< 26		46 >
< 26		47 >
< 26		48 >
< 26		49 >
< 26		52 >
< 26		53 >
< 26		54 >
< 26		55 >
< 26		56 >
< 26		58 >
< 26		60 >
< 26		65 >
< 26		66 >
< 26		67 >
< 26		69 >
< 26		71 >
< 26		72 >
< 26		74 >
< 26		78 >
< 26		79 >
< 26		80 >
< 27		28 >
< 27		30 >
< 27		33 >
< 27		35 >
< 27		36 >
< 27		41 >
< 27		42 >
< 27		44 >
< 27		49 >
< 27		50 >
< 27		54 >
< 27		55 >
< 27		56 >
< 27		58 >
< 27		59 >
< 27		60 >
< 27		62 >
< 27		63 >
< 27		64 >
< 27		66 >
< 27		67 >
< 27		71 >
< 27		80 >
< 28		29 >
< 28		30 >
< 28		31 >
< 28		34 >
< 28		35 >
< 28		37 >
< 28		39 >
< 28		40 >
< 28		46 >
< 28		51 >
< 28		55 >
< 28		57 >
< 28		60 >
< 28		63 >
< 28		64 >
< 28		65 >
< 28		67 >
< 28		68 >
< 28		69 >
< 28		70 >
< 28		78 >
< 28		79 >
< 29		32 >
< 29		35 >
< 29		38 >
< 29		39 >
< 29		40 >
< 29		42 >
< 29		43 >
< 29		46 >
< 29		48 >
< 29		49 >
< 29		50 >
< 29		55 >
< 29		57 >
< 29		58 >
< 29		59 >
< 29		60 >
< 29		61 >
< 29		63 >
< 29		67 >
< 29		68 >
< 29		69 >
< 29		71 >
< 29		78 >
< 30		31 >
< 30		35 >
< 30		36 >
< 30		40 >
< 30		43 >
< 30		49 >
< 30		51 >
< 30		53 >
< 30		54 >
< 30		55 >
< 30		56 >
< 30		57 >
< 30		59 >
< 30		60 >
< 30		61 >
< 30		62 >
< 30		63 >
< 30		65 >
< 30		66 >
< 30		67 >
< 30		68 >
< 30		72 >
< 30		73 >
< 30		74 >
< 30		79 >
< 31		32 >
< 31		33 >
< 31		34 >
< 31		37 >
< 31		41 >
< 31		45 >
< 31		46 >
< 31		47 >
< 31		49 >
< 31		52 >
< 31		53 >
< 31		54 >
< 31		56 >
< 31		58 >
< 31		61 >
< 31		63 >
< 31		65 >
< 31		66 >
< 31		71 >
< 31		73 >
< 31		74 >
< 31		75 >
< 31		76 >
< 31		77 >
< 31		79 >
< 31		80 >
< 32		33 >
< 32		35 >
< 32		39 >
< 32		41 >
< 32		42 >
< 32		44 >
< 32		45 >
< 32		46 >
< 32		47 >
< 32		49 >
< 32		50 >
< 32		51 >
< 32		52 >
< 32		56 >
< 32		59 >
< 32		60 >
< 32		61 >
< 32		62 >
< 32		66 >
< 32		67 >
< 32		70 >
< 32		73 >
< 32		74 >
< 32		75 >
< 32		77 >
< 32		79 >
< 32		80 >
< 33		38 >
< 33		39 >
< 33		40 >
< 33		42 >
< 33		44 >
< 33		46 >
< 33		47 >
< 33		49 >
< 33		51 >
< 33		53 >
< 33		54 >
< 33		55 >
< 33		56 >
< 33		59 >
< 33		63 >
< 33		64 >
< 33		65 >
< 33		69 >
< 33		70 >
< 33		71 >
< 33		75 >
< 33		78 >
< 33		80 >
< 34		38 >
< 34		39 >
< 34		41 >
< 34		42 >
< 34		43 >
< 34		48 >
< 34		49 >
< 34		50 >
< 34		53 >
< 34		56 >
< 34		57 >
< 34		58 >
< 34		59 >
< 34		63 >
< 34		66 >
< 34		67 >
< 34		68 >
< 34		72 >
< 34		73 >
< 34		74 >
< 34		76 >
< 34		77 >
< 34		79 >
< 34		80 >
< 35		37 >
< 35		44 >
< 35		46 >
< 35		47 >
< 35		50 >
< 35		53 >
< 35		54 >
< 35		61 >
< 35		62 >
< 35		64 >
< 35		66 >
< 35		67 >
< 35		68 >
< 35		74 >
< 35		75 >
< 35		77 >
< 36		37 >
< 36		39 >
< 36		40 >
< 36		41 >
< 36		42 >
< 36		44 >
< 36		47 >
< 36		48 >
< 36		49 >
< 36		51 >
< 36		53 >
< 36		55 >
< 36		56 >
< 36		58 >
< 36		59 >
< 36		64 >
< 36		65 >
< 36		67 >
< 36		69 >
< 36		70 >
< 36		71 >
< 36		72 >
< 36		74 >
< 36		76 >
< 36		79 >
< 37		38 >
< 37		41 >
< 37		43 >
< 37		44 >
< 37		48 >
< 37		49 >
< 37		50 >
< 37		53 >
< 37		54 >
< 37		56 >
< 37		57 >
< 37		60 >
< 37		61 >
< 37		68 >
< 37		69 >
< 37		70 >
< 37		73 >
< 37		75 >
< 37		77 >
< 37		79 >
< 38		39 >
< 38		41 >
< 38		42 >
< 38		43 >
< 38		45 >
< 38		46 >
< 38		50 >
< 38		52 >
< 38		53 >
< 38		54 >
< 38		56 >
< 38		59 >
< 38		61 >
< 38		62 >
< 38		68 >
< 38		70 >
< 38		71 >
< 38		72 >
< 38		77 >
< 39		40 >
< 39		41 >
< 39		42 >
< 39		44 >
< 39		47 >
< 39		48 >
< 39		50 >
< 39		52 >
< 39		54 >
< 39		57 >
< 39		60 >
< 39		61 >
< 39		65 >
< 39		69 >
< 39		70 >
< 39		71 >
< 39		73 >
< 39		76 >
< 39		79 >
< 40		43 >
< 40		45 >
< 40		47 >
< 40		51 >
< 40		52 >
< 40		53 >
< 40		54 >
< 40		55 >
< 40		60 >
< 40		62 >
< 40		63 >
< 40		65 >
< 40		66 >
< 40		68 >
< 40		70 >
< 40		71 >
< 40		75 >
< 40		79 >
< 40		80 >
< 41		42 >
< 41		46 >
< 41		47 >
< 41		48 >
< 41		49 >
< 41		51 >
< 41		54 >
< 41		55 >
< 41		56 >
< 41		57 >
< 41		60 >
< 41		61 >
< 41		62 >
< 41		66 >
< 41		67 >
< 41		68 >
< 41		72 >
< 41		74 >
< 41		76 >
< 41		80 >
< 42		45 >
< 42		47 >
< 42		48 >
< 42		49 >
< 42		50 >
< 42		52 >
< 42		57 >
< 42		59 >
< 42		61 >
< 42		63 >
< 42		69 >
< 42		71 >
< 42		73 >
< 42		74 >
< 42		75 >
< 42		76 >
< 42		78 >
< 43		44 >
< 43		45 >
< 43		47 >
< 43		49 >
< 43		50 >
< 43		51 >
< 43		52 >
< 43		53 >
< 43		55 >
< 43		57 >
< 43		58 >
< 43		60 >
< 43		64 >
< 43		65 >
< 43		66 >
< 43		67 >
< 43		68 >
< 43		69 >
< 43		72 >
< 43		73 >
< 43		74 >
< 43		77 >
< 43		80 >
< 44		45 >
< 44		48 >
< 44		56 >
< 44		60 >
< 44		61 >
< 44		62 >
< 44		63 >
< 44		64 >
< 44		65 >
< 44		68 >
< 44		71 >
< 44		73 >
< 44		75 >
< 44		77 >
< 44		78 >
< 44		79 >
< 45		47 >
< 45		49 >
< 45		51 >
< 45		52 >
< 45		54 >
< 45		55 >
< 45		56 >
< 45		61 >
< 45		64 >
< 45		66 >
< 45		68 >
< 45		70 >
< 45		71 >
< 45		72 >
< 45		76 >
< 45		77 >
< 45		79 >
< 46		49 >
< 46		52 >
< 46		54 >
< 46		56 >
< 46		57 >
< 46		58 >
< 46		59 >
< 46		60 >
< 46		61 >
< 46		62 >
< 46		64 >
< 46		65 >
< 46		66 >
< 46		68 >
< 46		69 >
< 46		70 >
< 46		73 >
< 46		76 >
< 46		77 >
< 46		78 >
< 46		79 >
< 46		80 >
< 47		53 >
< 47		54 >
< 47		55 >
< 47		57 >
< 47		61 >
< 47		62 >
< 47		64 >
< 47		65 >
< 47		67 >
< 47		68 >
< 47		69 >
< 47		70 >
< 47		71 >
< 47		74 >
< 47		75 >
< 47		79 >
< 47		80 >
< 48		49 >
< 48		50 >
< 48		52 >
< 48		53 >
< 48		54 >
< 48		56 >
< 48		57 >
< 48		59 >
< 48		60 >
< 48		61 >
< 48		64 >
< 48		65 >
< 48		66 >
< 48		71 >
< 48		72 >
< 48		73 >
< 48		74 >
< 48		76 >
< 48		77 >
< 48		78 >
< 48		79 >
< 49		53 >
< 49		55 >
< 49		56 >
< 49		57 >
< 49		59 >
< 49		60 >
< 49		61 >
< 49		63 >
< 49		65 >
< 49		66 >
< 49		68 >
< 49		70 >
< 49		74 >
< 49		75 >
< 49		78 >
< 49		79 >
< 49		80 >
< 50		51 >
< 50		52 >
< 50		54 >
< 50		55 >
< 50		58 >
< 50		59 >
< 50		61 >
< 50		63 >
< 50		67 >
< 50		68 >
< 50		69 >
< 50		74 >
< 50		76 >
< 50		77 >
< 50		78 >
< 50		79 >
< 50		80 >
< 51		52 >
< 51		53 >
< 51		54 >
< 51		56 >
< 51		57 >
< 51		59 >
< 51		61 >
< 51		65 >
< 51		66 >
< 51		67 >
< 51		69 >
< 51		70 >
< 51		71 >
< 51		72 >
< 51		75 >
< 51		77 >
< 51		79 >
< 52		53 >
< 52		56 >
< 52		58 >
< 52		59 >
< 52		61 >
< 52		62 >
< 52		65 >
< 52		68 >
< 52		74 >
< 52		77 >
< 52		78 >
< 52		80 >
< 53		55 >
< 53		56 >
< 53		60 >
< 53		61 >
< 53		62 >
< 53		63 >
< 53		66 >
< 53		69 >
< 53		70 >
< 53		71 >
< 53		73 >
< 53		74 >
< 54		59 >
< 54		61 >
< 54		63 >
< 54		64 >
< 54		66 >
< 54		67 >
< 54		69 >
< 54		70 >
< 54		74 >
< 54		75 >
< 54		76 >
< 54		78 >
< 54		80 >
< 55		59 >
< 55		60 >
< 55		61 >
< 55		62 >
< 55		63 >
< 55		64 >
< 55		67 >
< 55		68 >
< 55		69 >
< 55		71 >
< 55		72 >
< 55		73 >
< 55		74 >
< 55		79 >
< 56		58 >
< 56		59 >
< 56		61 >
< 56		64 >
< 56		65 >
< 56		70 >
< 56		73 >
< 56		74 >
< 56		76 >
< 56		78 >
< 56		79 >
< 56		80 >
< 57		59 >
< 57		62 >
< 57		64 >
< 57		65 >
< 57		66 >
< 57		70 >
< 57		71 >
< 57		72 >
< 57		76 >
< 57		77 >
< 57		78 >
< 58		61 >
< 58		62 >
< 58		68 >
< 58		69 >
< 58		70 >
< 58		71 >
< 58		72 >
< 58		74 >
< 58		75 >
< 59		60 >
< 59		61 >
< 59		66 >
< 59		68 >
< 59		69 >
< 59		70 >
< 59		71 >
< 59		72 >
< 59		73 >
< 59		79 >
< 60		61 >
< 60		63 >
< 60		66 >
< 60		67 >
< 60		68 >
< 60		69 >
< 60		73 >
< 60		74 >
< 60		75 >
< 60		77 >
< 60		78 >
< 60		80 >
< 61		62 >
< 61		64 >
< 61		65 >
< 61		66 >
< 61		67 >
< 61		68 >
< 61		69 >
< 61		70 >
< 61		71 >
< 61		72 >
< 61		73 >
< 61		76 >
< 61		79 >
< 62		63 >
< 62		64 >
< 62		70 >
< 62		71 >
< 62		75 >
< 62		77 >
< 62		78 >
< 62		79 >
< 62		80 >
< 63		65 >
< 63		68 >
< 63		69 >
< 63		70 >
< 63		71 >
< 63		73 >
< 63		78 >
< 64		65 >
< 64		66 >
< 64		67 >
< 64		68 >
< 64		74 >
< 64		79 >
< 65		66 >
< 65		67 >
< 65		68 >
< 65		69 >
< 65		70 >
< 65		72 >
< 65		73 >
< 65		74 >
< 65		77 >
< 65		78 >
< 65		79 >
< 66		68 >
< 66		73 >
< 66		74 >
< 66		78 >
< 67		70 >
< 67		72 >
< 67		73 >
< 67		76 >
< 67		78 >
< 67		80 >
< 68		69 >
< 68		70 >
< 68		72 >
< 68		78 >
< 68		79 >
< 68		80 >
< 69		72 >
< 69		73 >
< 69		76 >
< 69		79 >
< 69		80 >
< 70		72 >
< 70		75 >
< 70		76 >
< 70		77 >
< 70		78 >
< 70		80 >
< 71		72 >
< 71		75 >
< 71		79 >
< 71		80 >
< 72		74 >
< 72		79 >
< 72		80 >
< 73		77 >
< 73		80 >
< 74		78 >
< 74		79 >
< 74		80 >
< 75		76 >
< 75		79 >
< 75		80 >
< 76		77 >
< 76		78 >
< 76		79 >
< 76		80 >
< 77		80 >
