nNodes= 100
nPairs= 2426  
Weight
3
2
4
4
3
3
2
2
4
2
3
3
2
3
4
2
3
2
2
2
4
3
2
2
2
4
3
2
2
2
4
4
3
3
3
4
3
2
3
2
4
3
3
4
2
4
3
4
2
3
2
4
4
3
4
3
4
4
3
4
3
4
2
4
3
4
2
4
4
3
3
4
4
3
2
4
2
2
4
2
2
4
4
2
3
3
4
3
4
2
3
3
3
2
3
3
3
3
2
2
Cost
101		101		101		101		0		0		101		101		101		0		0		0		0		0		101		101		101		0		101		101		101		0		101		101		101		0		101		0		101		0		0		101		101		0		0		0		101		0		101		101		101		101		0		101		0		0		0		0		0		0		0		0		0		0		101		0		0		101		0		0		101		0		101		0		0		0		0		101		101		0		0		101		101		0		101		101		101		0		0		0		0		101		0		101		0		0		0		101		0		101		101		0		101		101		0		101		0		0		0		0		
101		101		101		0		101		101		101		101		0		101		0		101		101		101		0		0		101		101		0		101		0		0		101		0		0		101		0		101		101		101		101		101		101		0		0		0		0		0		101		101		101		0		101		0		101		0		101		0		0		101		0		101		101		101		101		101		101		101		0		101		0		101		101		0		0		101		101		0		0		0		101		101		0		101		0		101		101		101		101		101		101		101		101		101		0		0		0		0		0		0		0		0		0		0		0		101		0		101		0		0		
101		101		101		101		101		0		101		101		0		101		0		0		0		101		0		101		0		101		0		0		101		101		101		101		0		101		101		0		101		101		0		0		0		101		101		101		0		0		0		0		0		101		0		101		0		0		101		0		0		101		0		0		101		0		101		101		0		101		0		0		101		101		0		101		0		0		101		0		101		0		101		0		0		0		0		101		0		101		0		0		0		0		0		101		0		0		101		0		0		0		101		101		0		101		101		0		101		0		101		0		
101		0		101		101		101		101		0		0		0		0		0		101		101		0		0		101		101		0		101		101		101		101		101		0		0		0		101		0		0		0		101		101		0		101		0		0		0		101		101		101		0		0		101		101		101		0		0		101		101		101		0		101		0		0		101		0		101		101		101		0		101		0		101		101		101		101		0		0		0		0		101		101		0		0		101		101		101		101		101		101		101		101		0		0		0		0		0		101		101		0		0		0		101		0		101		101		101		0		101		101		
0		101		101		101		101		0		0		101		0		101		0		101		101		0		101		101		0		0		0		0		0		101		101		0		101		0		101		0		0		0		101		0		101		0		0		0		0		101		0		0		0		0		101		101		0		101		101		101		0		101		0		0		101		101		0		0		0		101		101		0		0		0		101		0		101		0		0		101		101		0		0		0		0		0		0		101		0		0		101		0		101		0		101		0		0		0		101		101		0		101		101		101		0		0		101		0		101		101		101		101		
0		101		0		101		0		101		0		101		0		0		101		0		0		101		0		101		0		0		101		101		101		101		101		0		101		101		0		101		101		101		0		0		101		101		0		0		0		0		101		0		0		101		101		101		0		101		101		0		101		0		0		101		0		0		101		0		0		101		101		0		0		0		101		0		0		0		101		101		101		0		0		101		101		0		101		101		0		101		101		101		0		0		0		0		101		101		0		101		101		101		0		101		0		0		0		0		101		0		0		0		
101		101		101		0		0		0		101		101		101		101		0		101		0		101		0		101		0		0		101		101		0		0		0		101		101		0		101		0		101		0		0		0		101		0		0		0		0		0		101		0		0		0		101		0		0		101		0		101		101		101		0		0		101		0		101		101		0		101		0		101		0		0		0		101		101		0		101		0		101		101		0		101		101		0		0		0		101		0		101		101		0		0		101		0		101		0		0		0		0		101		0		0		101		101		0		0		101		101		101		0		
101		101		101		0		101		101		101		101		101		0		101		0		0		101		0		0		0		101		0		0		0		0		101		101		0		0		101		101		101		0		0		101		101		0		0		0		101		101		0		101		101		101		101		101		0		0		0		0		0		0		0		101		0		101		101		101		101		0		0		101		101		101		101		0		101		0		101		0		0		0		101		101		101		101		0		0		101		101		0		0		0		101		0		101		0		101		101		101		0		101		0		0		0		101		0		101		0		101		101		101		
101		0		0		0		0		0		101		101		101		0		101		0		101		0		0		0		0		0		0		101		0		0		0		101		101		101		0		0		101		101		0		101		101		0		101		0		0		0		101		0		0		101		101		101		101		101		101		101		0		101		0		101		101		101		101		0		0		101		0		0		0		0		0		0		0		101		101		101		101		101		0		0		101		0		0		101		0		0		101		0		0		101		101		101		101		101		101		0		0		0		101		101		101		101		101		0		0		0		101		0		
0		101		101		0		101		0		101		0		0		101		0		101		101		0		101		0		0		0		101		101		0		101		101		101		0		0		101		101		0		101		0		0		101		0		0		0		0		101		101		101		101		0		0		0		0		0		0		101		0		101		0		101		101		101		101		101		101		0		0		0		101		0		0		0		101		101		101		0		101		101		101		101		101		101		0		101		101		0		0		0		0		0		0		101		0		101		0		101		0		101		101		101		0		101		101		101		101		0		101		0		
0		0		0		0		0		101		0		101		101		0		101		101		101		101		0		101		101		0		101		0		101		0		0		101		101		0		0		0		101		101		101		101		0		101		0		101		0		101		0		0		0		0		0		101		101		101		0		101		101		101		101		0		101		101		0		101		0		0		0		0		101		0		101		0		0		101		0		0		101		0		0		0		101		101		101		0		0		0		101		101		101		0		101		0		101		0		101		0		0		101		101		101		101		0		0		101		101		0		0		101		
0		101		0		101		101		0		101		0		0		101		101		101		101		0		101		101		0		0		0		101		0		101		101		0		101		101		0		101		0		101		101		0		101		101		101		101		0		101		0		0		101		101		0		0		101		0		101		0		0		0		101		0		101		101		0		0		101		0		0		101		101		0		0		101		101		0		101		101		101		101		101		0		101		0		101		101		101		101		101		0		101		0		0		0		0		101		0		101		0		0		101		0		0		101		101		101		0		101		101		0		
0		101		0		101		101		0		0		0		101		101		101		101		101		101		0		101		101		0		0		0		0		101		101		101		101		0		101		0		101		101		0		0		101		101		0		0		0		101		101		0		0		0		101		0		0		0		0		0		101		101		0		101		0		101		0		0		0		0		0		101		101		0		0		0		0		0		101		0		0		0		101		0		0		0		0		101		101		101		0		0		0		0		0		0		101		0		101		101		101		101		101		0		0		0		0		101		0		0		101		101		
0		101		101		0		0		101		101		101		0		0		101		0		101		101		101		0		101		0		101		0		101		101		0		0		0		101		101		101		0		0		101		0		0		0		0		0		0		101		0		101		101		0		101		101		101		0		101		101		0		101		101		0		101		101		0		0		101		101		101		0		0		101		101		101		101		0		101		101		0		101		0		101		0		101		0		0		101		0		0		0		101		0		101		101		101		0		101		0		0		0		0		101		0		101		101		0		101		101		101		0		
101		0		0		0		101		0		0		0		0		101		0		101		0		101		101		101		0		0		0		101		101		101		101		0		101		101		101		0		101		101		0		0		101		0		101		101		101		0		0		101		101		101		101		101		101		0		0		101		101		101		0		101		101		101		101		101		0		0		0		101		101		101		101		101		0		101		101		101		101		0		0		0		101		0		101		101		101		101		0		101		0		0		101		101		101		101		101		0		101		101		101		101		101		101		101		101		0		101		0		0		
101		0		101		101		101		101		101		0		0		0		101		101		101		0		101		101		101		101		101		101		0		101		0		101		0		101		0		101		101		101		0		101		0		0		101		0		0		101		0		101		101		101		101		101		101		0		0		0		101		101		0		101		101		0		0		101		0		0		101		0		101		0		101		0		101		0		101		101		101		0		0		101		101		0		101		0		101		101		101		0		0		101		0		0		0		101		0		101		101		101		0		101		101		101		0		101		101		0		101		0		
101		101		0		101		0		0		0		0		0		0		101		0		101		101		0		101		101		0		0		0		101		101		0		101		101		0		0		0		0		101		101		0		101		101		0		0		0		101		0		101		101		0		0		0		101		101		0		0		101		0		101		0		101		101		101		0		0		0		0		101		0		0		0		101		101		0		0		0		0		0		101		101		101		101		101		101		0		0		101		101		101		0		101		101		101		0		0		101		0		0		0		101		101		101		0		0		0		101		101		101		
0		101		101		0		0		0		0		101		0		0		0		0		0		0		0		101		0		101		101		101		101		0		101		0		0		101		0		101		0		0		0		101		0		0		0		101		0		101		101		101		0		0		0		0		101		101		0		0		0		101		101		101		101		0		101		0		101		101		0		101		101		0		0		101		101		101		101		0		0		101		0		0		0		0		0		0		101		0		0		0		101		101		0		101		101		0		101		0		0		101		0		0		101		0		0		0		0		0		0		101		
101		0		0		101		0		101		101		0		0		101		101		0		0		101		0		101		0		101		101		0		0		0		0		0		101		0		0		101		101		101		101		101		0		101		0		0		101		0		0		101		101		0		0		101		101		101		0		0		0		101		0		101		0		101		0		101		0		101		0		0		0		101		0		101		0		0		101		101		101		101		0		0		0		101		0		0		0		0		101		101		101		0		0		101		0		0		0		0		0		101		101		101		101		101		0		101		101		101		0		0		
101		101		0		101		0		101		101		0		101		101		0		101		0		0		101		101		0		101		0		101		101		0		101		0		101		0		0		0		101		101		0		0		0		0		101		0		101		101		0		0		0		0		0		0		0		101		101		0		0		101		101		0		101		101		0		101		101		101		0		101		101		0		0		101		101		0		0		0		101		0		101		101		101		0		0		0		101		101		0		101		0		101		101		0		101		101		0		0		101		0		101		0		0		0		101		0		101		0		0		101		
101		0		101		101		0		101		0		0		0		0		101		0		0		101		101		0		101		101		0		101		101		101		0		101		101		101		101		0		101		101		101		101		101		101		101		101		0		101		101		0		101		0		101		0		101		0		0		101		0		0		0		101		101		0		0		0		101		0		0		0		0		101		101		0		0		0		0		0		0		0		0		0		101		0		101		101		0		0		101		0		101		0		101		0		0		0		101		101		0		0		0		101		101		0		0		0		0		0		101		101		
0		0		101		101		101		101		0		0		0		101		0		101		101		101		101		101		101		0		0		0		101		101		101		0		0		101		101		101		0		0		101		0		0		0		0		0		101		0		0		101		0		101		101		0		0		0		0		101		0		0		101		0		0		101		0		101		101		0		0		0		101		101		101		101		0		101		101		101		0		0		101		0		0		101		101		0		101		0		0		0		101		0		0		101		0		101		0		101		0		0		101		101		101		101		0		101		0		0		101		0		
101		101		101		101		101		101		0		101		0		101		0		101		101		0		101		0		0		101		0		101		0		101		101		101		0		0		0		0		101		101		101		0		101		101		0		101		0		0		0		101		101		101		101		101		101		0		0		101		0		101		0		0		0		0		101		101		0		0		101		101		101		101		101		101		0		0		101		0		101		0		101		0		0		101		101		0		0		0		101		0		101		0		0		0		101		0		0		0		101		0		0		101		0		101		101		0		101		0		101		101		
101		0		101		0		0		0		101		101		101		101		101		0		101		0		0		101		101		0		0		0		101		0		101		101		101		101		0		101		0		0		0		0		101		0		101		101		0		101		101		101		101		0		101		0		0		0		0		101		0		0		101		101		101		101		0		0		101		0		101		101		0		101		0		0		0		101		0		101		0		101		101		0		0		0		0		0		0		0		101		0		0		101		0		101		0		101		0		0		101		101		0		0		101		0		101		101		0		0		0		101		
101		0		0		0		101		101		101		0		101		0		101		101		101		0		101		0		101		0		101		101		101		0		0		101		101		101		101		101		0		101		0		101		101		101		101		101		101		0		0		101		0		0		0		0		0		101		101		0		0		0		0		101		101		0		0		0		0		101		101		0		101		101		0		101		101		0		0		0		101		101		0		0		101		101		0		101		101		0		101		101		0		101		101		101		0		101		0		101		0		0		0		0		101		0		101		0		101		101		0		0		
0		101		101		0		0		101		0		0		101		0		0		101		0		101		101		101		0		101		0		0		101		101		0		101		101		101		101		0		101		101		101		0		101		0		0		0		0		0		0		101		0		101		0		101		0		101		101		0		0		101		0		0		101		0		0		101		101		101		0		101		0		101		0		101		101		0		0		0		0		101		101		0		101		101		101		101		101		101		0		101		101		101		101		0		101		101		101		0		0		101		0		101		101		0		0		0		0		101		101		0		
101		0		101		101		101		0		101		101		0		101		0		0		101		101		101		0		0		0		0		0		101		101		0		0		101		101		101		101		0		0		101		101		101		0		101		101		0		0		0		101		101		0		0		101		101		101		0		101		0		101		101		101		101		101		0		0		0		101		0		101		101		0		0		0		0		101		101		101		0		101		0		0		0		0		0		0		0		0		101		0		0		0		101		0		0		0		101		0		101		0		0		0		101		101		0		101		0		0		0		101		
0		101		0		0		0		101		0		101		0		101		0		101		0		101		0		101		0		101		101		0		0		101		0		101		101		0		101		101		101		0		101		0		101		0		101		0		101		101		0		0		0		101		0		101		101		101		101		101		0		0		0		0		0		101		101		0		0		0		101		101		0		0		0		101		0		101		101		0		0		0		0		0		101		101		101		0		0		101		101		101		101		101		0		0		0		101		0		101		0		0		0		101		101		0		101		0		101		101		101		0		
101		101		101		0		0		101		101		101		101		0		101		0		101		0		101		101		0		0		101		101		101		0		101		0		0		101		0		101		101		101		101		101		0		0		0		101		101		101		0		0		101		0		101		0		0		0		101		0		0		0		101		0		0		0		0		0		0		101		0		0		0		0		101		101		101		101		0		0		0		0		101		101		0		0		0		101		0		101		0		101		0		101		101		0		101		0		101		101		101		101		101		101		0		0		0		0		0		101		0		101		
0		101		101		0		0		101		0		0		101		101		101		101		101		0		101		101		101		0		101		101		101		0		101		0		101		101		0		0		101		101		0		101		0		101		0		101		101		101		101		101		0		101		101		101		101		101		101		101		0		101		0		101		101		0		101		101		0		101		101		101		0		0		0		101		0		0		0		0		0		101		101		101		101		0		0		101		101		101		0		101		101		0		0		0		101		0		101		0		101		101		101		0		0		101		101		0		101		0		101		101		
0		101		0		101		101		0		0		0		0		0		101		101		0		101		0		0		101		0		101		0		101		101		101		0		0		101		101		101		101		0		101		0		101		101		0		0		101		0		0		0		0		0		101		0		0		0		0		101		0		0		0		0		0		101		0		101		101		101		0		101		0		101		101		0		101		101		101		101		0		101		0		101		0		0		0		0		101		0		0		0		101		0		101		0		101		101		0		0		0		0		101		101		101		101		0		0		0		101		0		101		
101		101		0		101		0		0		0		101		101		0		101		0		0		0		0		101		0		101		101		0		101		0		0		0		101		0		101		0		101		101		0		101		0		101		0		101		101		0		0		101		0		0		0		101		0		101		0		0		101		0		0		0		0		0		0		101		101		101		0		101		101		101		101		0		0		0		0		101		0		0		0		101		0		0		0		0		101		0		101		101		0		0		0		0		0		0		101		0		0		101		0		0		0		0		0		0		0		101		0		0		
101		101		0		0		101		101		101		101		101		101		0		101		101		0		101		0		101		0		0		0		101		0		101		101		101		101		101		101		0		0		101		0		101		101		0		101		101		0		0		101		0		0		0		0		101		0		101		0		101		101		0		101		101		101		0		101		0		101		0		101		101		0		101		101		101		101		0		0		0		101		101		101		0		0		0		101		0		0		0		101		0		101		0		101		101		101		101		101		0		101		0		0		101		101		101		0		101		101		0		0		
0		0		101		101		0		101		0		0		0		0		101		101		101		0		0		0		101		0		101		0		101		0		101		0		101		0		0		0		0		101		101		101		101		101		101		101		101		0		0		0		0		0		0		101		0		101		101		0		0		0		101		101		0		0		0		0		101		0		0		101		0		0		0		101		0		0		101		0		101		0		101		101		0		101		101		101		0		0		0		101		0		0		101		101		0		0		0		101		101		101		101		101		101		101		0		0		0		101		0		0		
0		0		101		0		0		0		0		0		101		0		0		101		0		0		101		101		0		0		0		101		101		0		0		101		101		0		101		101		0		0		0		0		0		101		101		101		101		0		101		101		0		101		101		101		101		101		101		0		0		0		0		101		101		0		101		0		101		0		0		0		101		101		101		0		101		101		0		0		0		0		0		0		0		101		0		101		101		0		0		0		101		0		0		0		0		101		101		0		0		101		101		101		101		101		0		0		0		0		101		0		
0		0		101		0		0		0		0		0		0		0		101		101		0		0		101		0		0		101		0		0		101		0		101		101		101		0		101		0		101		101		0		101		101		101		101		101		0		101		101		0		101		0		0		0		101		0		101		101		101		101		101		101		101		101		101		0		101		0		101		101		101		101		0		0		101		0		101		0		0		0		101		101		101		101		0		101		101		0		0		0		0		0		101		0		0		0		0		0		0		101		0		0		101		101		0		101		101		101		101		101		
101		0		0		0		0		0		0		101		0		0		0		0		0		0		101		0		0		0		101		101		0		101		0		0		101		0		0		101		101		101		101		101		101		101		101		0		101		0		101		0		101		0		0		0		0		0		101		0		101		0		101		0		101		101		0		101		0		101		101		101		101		101		0		0		0		0		0		101		0		101		101		101		0		0		101		0		101		101		0		0		0		101		101		101		0		101		101		101		0		101		0		101		101		101		0		0		0		101		101		0		
0		0		0		101		101		0		0		101		0		101		101		101		101		101		0		101		101		101		0		101		101		0		0		101		0		0		0		101		101		101		0		0		0		0		0		101		0		101		0		101		0		101		0		0		101		0		0		101		0		0		101		0		101		0		0		0		101		101		101		101		101		0		0		101		101		101		0		101		101		101		101		101		101		0		101		0		101		0		101		101		0		101		101		0		0		101		0		0		0		0		101		101		101		0		101		0		101		101		101		101		
101		101		0		101		0		101		101		0		101		101		0		0		101		0		0		0		0		101		0		0		101		0		0		101		0		0		0		0		0		101		0		0		0		0		101		101		101		0		101		0		101		0		0		101		101		0		101		101		101		0		101		101		101		0		0		101		0		101		0		0		0		0		0		101		0		0		0		0		101		0		0		0		0		101		0		101		101		101		0		101		0		0		101		0		0		101		101		101		0		0		0		0		0		0		101		0		101		0		0		101		
101		101		0		101		0		0		0		101		0		101		0		0		0		101		101		101		101		101		101		0		0		101		101		101		101		101		101		0		0		101		0		101		101		0		101		0		0		101		0		101		0		0		0		0		101		0		0		0		101		101		0		101		101		101		0		101		0		0		101		101		101		101		101		0		0		0		0		0		101		101		0		0		0		0		101		101		101		101		101		0		101		101		0		0		0		101		101		101		101		101		0		101		101		101		101		0		101		101		0		101		
101		101		0		0		0		0		0		101		0		101		0		101		0		101		101		101		101		0		101		0		101		0		101		101		0		0		101		0		101		0		0		0		0		0		0		101		101		0		101		0		101		0		0		0		101		0		101		101		0		0		0		101		101		0		0		0		0		101		0		0		101		101		0		0		0		101		0		101		101		0		101		101		0		101		101		101		0		0		0		101		101		101		0		101		0		0		0		101		101		0		0		0		101		0		101		0		101		0		0		101		
101		0		101		0		0		101		0		101		101		0		0		101		0		0		101		101		0		0		0		0		0		101		101		0		0		101		0		101		0		101		0		0		0		0		101		0		0		101		0		0		0		101		101		101		0		101		101		101		101		0		0		0		0		0		0		101		101		101		101		0		101		101		0		0		101		0		101		101		0		101		101		101		0		101		0		101		101		0		101		101		101		0		101		0		0		0		101		0		101		0		101		0		0		101		0		0		101		101		101		101		
0		101		0		101		101		101		101		101		101		0		0		0		101		101		101		101		0		0		0		0		101		101		101		101		0		0		0		0		101		101		101		0		0		0		101		0		0		0		0		0		0		101		101		0		0		0		101		101		101		101		101		101		101		0		0		0		101		0		0		0		101		101		101		0		0		0		0		0		0		0		101		101		0		101		0		101		101		0		0		101		101		0		101		101		0		0		0		0		101		0		101		101		101		101		0		101		0		101		0		101		
101		0		101		101		101		101		0		101		101		0		101		0		0		101		101		101		0		0		101		0		0		0		101		0		0		101		101		101		0		101		0		101		0		101		101		0		0		0		101		0		0		101		0		101		0		101		0		0		0		0		101		0		0		0		0		101		101		101		0		0		0		101		0		0		101		0		101		0		0		101		0		0		0		101		0		0		101		101		101		0		0		0		101		101		101		101		0		0		0		0		0		0		0		0		0		101		0		101		101		0		
0		101		0		101		0		0		0		0		101		0		101		101		0		101		101		101		101		101		101		0		101		0		101		0		0		0		101		101		0		101		0		0		101		0		101		101		0		101		101		101		101		0		0		0		101		0		0		0		101		0		0		0		101		101		0		101		101		0		0		101		101		0		0		101		0		0		101		101		101		101		0		101		101		101		101		0		101		0		0		101		101		101		101		101		0		101		101		101		0		0		101		0		101		101		0		0		0		101		0		101		
0		0		0		0		101		101		101		0		101		0		101		0		0		0		0		0		101		101		101		101		0		0		0		0		101		101		101		101		0		101		0		101		0		101		101		0		0		0		0		0		0		101		0		101		0		101		0		101		0		0		101		101		0		101		0		0		101		101		0		0		0		101		101		0		101		101		0		0		101		0		101		101		101		0		0		0		101		101		101		0		0		101		101		101		0		101		101		101		0		0		0		101		101		0		101		0		101		0		101		101		
0		101		101		0		101		101		0		0		101		0		0		101		0		101		0		0		0		0		0		101		0		0		0		0		101		101		0		101		101		101		0		0		101		101		101		101		101		0		101		0		101		101		101		0		0		0		101		101		0		101		101		0		0		101		101		0		0		101		0		0		0		101		0		0		101		101		0		0		101		101		101		0		101		0		101		0		0		0		101		0		0		0		0		0		0		0		101		0		101		101		0		101		0		101		0		101		101		101		101		101		
0		0		0		101		101		0		101		0		101		101		101		0		0		101		101		0		0		0		0		0		101		101		101		101		0		0		101		101		0		101		101		0		0		0		0		101		0		101		101		0		101		101		101		0		0		101		101		101		0		101		101		101		0		0		0		101		101		101		0		101		101		101		0		0		101		101		101		101		0		0		101		0		101		101		0		101		0		101		0		101		101		101		101		0		101		101		101		101		0		101		0		0		0		101		0		0		101		0		0		101		
0		0		0		101		0		101		101		0		0		0		101		0		101		0		101		101		101		0		0		0		0		0		0		0		0		0		0		0		0		0		0		101		101		0		0		101		101		0		101		101		0		101		101		0		101		0		0		0		101		0		101		101		101		101		101		101		101		0		101		101		0		0		0		101		0		0		0		101		0		0		101		0		0		0		0		101		0		0		101		101		101		0		0		0		0		0		0		0		0		101		0		0		101		0		0		0		101		0		0		0		
0		101		101		101		101		0		101		0		101		101		101		0		101		101		101		101		0		101		101		101		0		0		101		0		0		101		101		0		0		101		0		0		101		0		0		101		0		0		0		101		0		0		101		0		0		0		101		101		0		101		101		0		0		0		0		0		0		0		0		0		101		0		101		101		0		101		101		0		0		101		0		101		0		101		101		0		101		101		0		0		0		0		101		101		101		0		101		0		101		0		101		101		0		0		101		101		101		101		0		101		
0		0		0		0		0		0		0		0		0		0		101		101		0		101		0		0		101		101		0		101		0		101		0		101		0		0		101		0		101		0		0		0		0		101		0		101		101		101		101		0		0		0		101		101		0		101		101		101		101		101		101		101		0		101		101		101		101		101		0		101		101		101		101		101		101		101		0		0		0		101		101		101		0		101		101		101		101		101		101		101		101		101		0		0		0		101		101		101		0		101		0		0		101		0		101		0		101		101		101		0		
0		101		0		101		0		101		0		101		101		101		0		0		101		0		101		101		0		101		101		0		101		0		0		101		101		0		101		0		0		101		0		0		101		101		101		101		0		0		101		101		101		0		101		0		0		101		0		101		101		0		101		101		101		0		0		0		0		101		0		101		0		101		0		0		0		101		101		0		101		0		101		0		101		0		0		0		101		0		0		101		0		101		101		101		101		0		0		0		101		0		0		0		0		0		0		0		101		0		101		101		
0		101		101		0		101		0		101		0		101		101		101		101		0		101		101		101		101		101		0		101		101		0		0		101		101		101		101		0		0		101		0		0		101		0		101		101		101		101		101		101		101		0		101		0		101		0		0		0		101		0		0		101		101		101		101		0		0		0		0		101		0		0		0		101		101		0		101		101		101		0		0		0		101		0		0		0		101		101		101		0		0		101		101		0		101		101		0		101		101		101		101		0		101		0		0		101		0		0		101		0		
0		101		0		0		101		0		0		101		101		101		101		101		101		101		101		0		101		0		101		101		0		101		0		101		0		0		101		101		0		0		101		0		101		0		0		101		101		0		0		101		0		0		0		0		101		101		101		0		101		0		101		0		101		101		101		0		0		101		0		101		0		101		0		0		0		0		101		101		0		101		0		0		0		101		101		101		0		101		0		0		101		0		0		0		101		0		0		101		0		101		0		0		0		101		0		0		0		101		0		0		
101		101		101		101		0		101		101		101		101		101		0		0		0		0		101		0		101		101		0		0		0		0		101		0		0		0		0		101		0		101		0		0		0		0		101		101		0		0		0		0		0		0		0		0		0		0		101		0		101		0		101		0		101		101		101		101		0		101		101		101		101		0		0		101		0		101		0		101		101		0		0		0		0		101		0		0		0		0		101		101		101		101		0		101		101		0		101		101		101		101		0		0		101		101		0		0		101		101		0		101		
0		101		101		0		0		0		101		101		0		101		101		0		0		0		101		101		0		0		101		101		0		101		101		0		0		101		0		0		0		101		101		101		101		0		0		0		101		0		101		101		0		101		0		101		101		0		0		101		101		0		101		0		0		0		101		101		101		0		101		101		101		101		0		101		101		0		0		101		0		0		0		101		101		101		101		0		0		0		0		101		101		0		0		101		0		101		101		101		0		101		101		101		101		101		101		101		101		0		101		0		
0		101		0		101		0		0		0		101		0		101		0		101		0		101		0		0		0		101		0		101		101		101		0		101		0		101		0		0		0		0		101		101		0		101		101		101		0		101		0		0		0		101		101		101		101		101		0		101		101		0		101		0		0		0		0		101		101		101		101		0		101		0		101		0		101		0		0		101		0		0		0		101		101		0		0		0		0		0		0		101		101		0		0		0		0		0		101		0		101		101		101		0		101		101		0		0		101		0		101		101		
101		101		101		101		101		101		101		0		101		0		0		0		0		101		0		0		0		101		101		101		0		0		0		0		101		101		101		0		101		101		101		101		101		0		0		0		101		101		101		0		101		101		0		101		0		101		101		101		0		0		101		101		0		101		101		0		101		101		101		0		0		0		0		0		101		0		101		0		101		101		0		0		101		0		0		0		0		0		0		0		101		101		0		101		101		0		0		101		0		101		0		0		0		101		101		101		101		0		101		101		
0		0		0		101		101		101		0		0		0		0		0		0		0		101		0		101		0		0		0		0		0		0		101		101		101		0		0		101		0		101		0		0		0		0		0		101		101		101		0		101		0		101		0		0		0		0		0		0		101		0		0		0		0		0		101		101		101		101		101		101		101		101		101		101		0		0		101		101		0		101		0		0		101		101		0		101		101		101		0		101		101		0		0		101		101		101		101		0		0		101		0		0		0		0		0		101		0		101		0		101		
0		101		0		0		0		0		101		101		0		0		0		101		101		0		101		0		101		101		0		101		0		0		101		101		0		101		101		101		0		101		101		101		101		101		0		101		101		101		0		101		0		0		0		0		101		0		0		101		101		0		101		101		101		101		101		101		0		0		101		101		101		101		101		101		0		0		101		101		0		0		0		101		101		101		101		0		101		0		0		0		0		101		101		0		0		101		101		0		0		0		0		0		101		101		101		0		0		0		101		101		
101		0		101		101		0		0		0		101		0		101		101		101		101		0		101		101		0		101		0		101		0		101		101		0		101		0		101		0		0		0		0		101		101		0		101		101		101		101		0		101		101		101		101		0		101		0		0		101		0		101		101		0		0		0		101		101		101		0		101		101		101		0		101		101		101		101		0		0		101		0		101		0		101		0		101		101		101		101		0		0		0		0		0		0		101		101		0		0		0		101		0		101		101		101		0		0		101		0		0		0		
0		101		101		0		0		0		0		101		0		0		0		0		0		101		101		0		0		0		101		0		101		101		101		101		101		101		0		0		0		0		101		101		0		0		101		101		101		0		0		101		101		101		101		101		0		101		101		101		0		0		101		101		0		101		0		101		0		0		101		101		0		101		0		101		0		101		101		101		101		101		101		101		0		0		101		101		101		0		0		101		0		101		0		0		101		101		0		101		0		0		0		101		101		0		0		101		0		101		0		0		
101		101		0		101		101		101		0		101		0		0		101		0		0		101		101		101		0		0		0		0		101		101		101		0		0		0		0		0		101		0		101		101		101		0		101		0		0		0		0		101		0		0		101		0		0		101		0		0		0		101		101		0		0		0		0		0		101		0		101		101		101		0		101		101		0		0		0		0		0		101		0		0		0		101		0		101		101		0		101		101		101		0		101		101		101		101		0		0		101		101		0		0		101		101		101		0		101		101		0		101		
0		0		101		101		0		0		101		0		0		0		0		101		0		101		101		0		101		101		101		101		0		101		101		0		101		101		0		101		101		101		0		0		101		101		0		0		0		101		101		0		0		0		0		0		101		0		0		0		101		101		101		0		101		0		101		101		0		0		101		101		101		101		101		101		0		0		0		101		101		101		0		101		0		101		101		0		0		0		0		0		0		101		0		0		101		0		101		101		101		0		101		0		101		101		101		101		0		0		101		101		
0		0		0		101		101		0		101		101		0		101		0		101		0		101		0		101		101		101		0		101		0		0		0		0		101		101		0		0		101		0		101		0		101		0		101		101		0		101		0		0		0		101		0		101		0		101		101		101		0		0		101		0		101		0		0		101		101		101		0		0		101		0		0		0		101		0		101		0		101		0		101		0		0		0		101		0		101		101		0		101		0		101		0		0		0		0		0		0		101		101		101		101		101		0		0		0		101		101		101		101		
0		101		0		101		0		0		0		0		101		101		101		0		0		0		101		0		0		101		0		0		0		101		0		101		0		0		101		101		101		0		101		0		101		0		101		0		0		101		0		0		101		0		0		0		0		101		101		101		0		101		101		101		0		0		101		0		0		0		0		0		101		101		0		0		0		101		101		0		0		101		101		101		101		101		0		0		101		0		0		101		0		0		0		0		0		0		0		101		0		101		101		101		101		0		101		0		0		101		101		101		
0		101		101		0		0		101		101		101		101		101		0		101		101		101		101		101		0		101		101		0		0		101		101		0		0		0		101		101		0		0		101		0		0		101		0		101		0		0		0		0		0		101		0		101		101		0		0		101		0		101		0		101		101		101		0		0		0		101		101		101		0		101		0		0		101		101		101		101		101		101		101		101		0		0		101		101		0		101		101		0		0		0		0		101		0		101		101		101		101		101		0		101		0		0		101		101		0		0		101		101		
101		0		0		0		101		101		0		0		101		0		0		101		0		101		101		101		0		0		101		0		0		101		0		101		0		0		101		0		0		0		101		101		0		0		0		0		101		101		0		0		101		101		0		0		101		0		0		101		101		0		0		0		101		101		101		101		101		0		101		101		0		101		0		101		0		0		101		101		0		0		0		0		0		0		0		0		0		0		0		0		101		0		0		101		101		0		0		0		101		101		101		0		0		101		0		101		101		101		0		101		
101		0		101		0		101		101		101		0		101		101		101		101		0		0		101		101		0		0		101		101		0		0		101		0		101		0		0		0		0		0		0		0		0		101		0		0		0		101		101		101		101		0		0		0		101		101		101		0		0		0		0		101		101		0		101		0		0		101		0		0		101		101		0		101		101		0		101		0		101		101		0		0		101		0		101		101		101		101		101		101		0		101		0		0		0		101		0		0		101		0		101		0		0		0		101		0		101		101		101		0		
0		0		0		0		0		0		101		0		101		101		0		101		0		101		0		0		0		101		101		0		0		0		0		101		101		101		101		0		0		101		101		0		101		0		0		0		101		101		0		101		0		101		0		101		101		0		101		0		0		101		101		0		0		101		0		0		0		101		101		0		0		101		101		101		0		101		101		0		101		101		0		101		0		0		0		0		0		0		101		0		0		0		101		101		0		101		101		0		101		101		0		0		0		0		0		0		101		101		101		0		
0		101		101		101		0		0		0		101		0		101		0		101		101		0		0		0		101		0		0		101		0		101		101		101		0		101		0		0		101		101		0		0		101		101		0		101		101		101		0		0		101		101		101		0		0		101		101		101		101		0		101		101		0		0		0		0		0		0		0		0		101		101		0		0		101		101		101		0		0		0		101		101		101		101		0		0		0		101		101		0		101		0		0		0		101		101		0		101		101		0		0		0		0		101		101		101		0		0		101		0		
101		101		0		101		0		101		101		101		0		101		0		0		0		101		0		101		101		0		0		101		0		0		0		0		0		0		0		0		101		101		101		101		101		101		0		101		101		101		0		0		101		101		101		0		101		101		0		0		0		101		101		0		0		0		0		101		101		0		0		101		0		101		0		101		0		101		101		0		0		101		101		101		0		0		0		0		0		0		0		0		0		101		0		101		0		0		101		0		0		0		101		0		101		101		101		0		101		0		0		0		
101		0		0		0		0		101		101		101		101		101		101		101		0		0		101		101		101		0		0		101		101		0		0		0		101		101		0		101		0		101		0		0		0		0		0		101		0		101		0		0		0		0		0		0		101		101		101		101		0		0		0		101		101		0		0		101		101		101		101		101		101		0		0		0		0		101		0		0		101		0		101		0		101		101		0		101		101		0		101		101		0		0		0		101		0		0		101		101		101		101		0		101		101		101		101		101		0		101		101		0		
0		101		0		0		0		0		0		101		0		101		101		0		0		101		0		0		101		0		101		0		0		101		101		0		101		101		0		101		0		0		0		0		0		101		101		101		0		0		101		0		101		101		101		101		101		0		0		101		0		101		101		0		0		101		101		101		0		0		101		101		0		0		101		101		0		101		0		0		0		0		101		0		101		101		0		101		101		101		101		101		0		101		0		0		101		101		0		0		0		101		101		0		101		101		101		0		0		0		0		0		
101		0		0		101		0		101		0		0		0		0		101		101		0		0		101		101		101		0		0		0		101		101		101		0		0		101		0		101		0		0		0		0		0		101		0		0		101		101		0		101		101		0		0		0		101		0		101		0		0		101		101		0		0		101		0		101		0		0		0		101		101		101		0		101		101		0		101		0		101		0		0		0		0		0		101		101		101		101		0		101		101		101		0		0		0		101		0		101		0		101		101		101		101		0		0		0		0		0		101		101		
101		101		101		101		101		101		0		0		101		101		0		101		101		0		101		0		101		0		0		0		101		0		0		0		101		101		0		0		101		101		0		0		101		101		101		101		0		0		101		101		101		101		101		0		0		0		0		101		101		0		101		0		0		101		0		0		0		0		101		0		101		101		101		0		0		0		101		0		101		0		0		0		101		101		101		101		0		101		101		0		101		101		0		0		0		0		0		101		101		101		0		101		101		101		101		101		101		0		0		0		
101		101		0		101		0		0		101		101		0		101		0		101		101		101		101		101		0		101		0		101		0		101		0		0		101		101		0		0		0		101		101		101		0		0		101		101		101		101		101		101		0		101		101		101		101		101		0		0		0		101		101		101		101		0		0		0		0		0		101		101		101		101		101		0		101		101		0		0		101		0		0		0		101		101		101		0		101		101		101		101		0		101		0		101		0		101		0		0		101		101		101		101		101		0		101		0		0		101		0		0		
0		101		101		101		0		101		0		101		0		0		0		101		101		0		101		101		0		0		0		101		0		0		0		0		0		101		0		101		101		101		0		0		0		0		0		0		101		0		101		101		0		0		0		101		0		101		0		101		0		101		101		0		101		101		0		0		0		0		101		0		101		0		0		0		101		0		101		0		101		0		101		0		0		101		101		101		101		101		101		101		0		101		0		0		0		101		101		0		0		0		101		0		101		101		0		101		101		101		101		0		
0		101		0		101		101		101		101		0		101		0		101		101		0		0		0		101		101		0		101		0		101		0		101		101		101		0		101		101		0		0		0		101		0		0		0		0		0		101		0		101		0		101		0		101		0		101		101		0		101		0		101		0		101		0		101		0		0		0		0		0		0		0		101		0		0		0		101		0		101		101		101		0		101		101		0		101		101		101		101		0		0		101		101		0		101		101		0		101		101		0		101		0		0		101		101		0		101		0		101		0		
0		101		0		101		0		101		101		0		0		0		101		0		0		0		101		0		101		0		101		101		0		0		0		0		101		101		0		101		101		101		0		101		101		101		0		0		0		101		101		0		101		101		101		0		101		0		0		101		101		0		101		101		0		0		101		101		101		0		101		0		0		101		101		0		101		101		0		0		101		0		0		0		101		101		101		0		101		101		0		101		0		101		101		101		101		0		0		101		101		0		0		0		101		0		101		0		101		0		101		101		
0		101		0		101		101		0		0		0		0		0		101		101		0		101		0		0		101		101		101		0		101		101		101		0		0		101		0		101		0		101		101		0		0		0		101		0		0		0		0		101		101		101		101		0		101		0		0		101		101		0		101		0		0		101		101		101		101		101		101		0		0		0		101		0		0		0		0		101		0		0		101		0		0		0		101		101		0		0		0		0		101		101		0		0		0		101		101		0		101		0		101		0		101		0		0		0		101		101		101		101		
101		101		0		101		0		0		0		101		101		0		0		0		0		0		0		101		0		101		0		101		0		0		0		101		101		101		0		101		101		0		0		0		101		0		0		0		101		101		0		101		101		0		0		0		101		101		0		101		0		0		101		101		101		0		101		0		0		101		0		101		0		101		0		101		101		0		0		0		101		0		0		101		0		101		101		101		101		101		101		101		101		101		101		0		0		101		0		101		101		101		101		101		101		0		101		101		0		0		0		0		
0		101		0		0		101		0		101		0		101		0		101		0		0		101		101		0		101		0		0		101		101		0		0		0		101		101		101		0		101		0		101		0		0		101		0		101		101		101		101		0		0		101		101		101		101		101		0		101		0		101		0		101		101		0		0		0		0		0		0		101		0		0		101		0		0		0		0		0		0		101		0		0		0		0		0		0		0		0		101		101		0		101		101		0		0		101		101		0		101		101		101		0		101		101		0		101		101		0		0		101		
101		101		101		0		0		0		0		101		101		101		0		0		0		101		101		0		101		101		101		0		0		101		0		101		101		0		0		0		0		0		0		0		101		101		0		0		101		0		0		0		101		0		101		101		101		101		0		0		0		101		0		101		0		0		101		101		0		101		101		0		0		0		101		0		0		0		101		101		0		101		0		101		101		0		0		0		101		0		0		101		0		0		0		101		101		101		101		0		0		101		0		101		0		0		101		101		101		0		101		101		
0		0		0		0		0		101		101		0		101		0		101		0		101		101		101		0		101		101		0		101		0		0		101		0		0		101		0		0		101		101		101		0		101		0		0		0		0		0		0		0		0		0		0		101		0		0		0		101		0		101		0		101		101		101		101		0		0		101		101		0		101		101		101		101		0		0		0		101		0		0		101		0		0		101		0		0		0		0		101		101		0		0		0		101		101		101		101		0		0		101		101		101		0		101		101		101		0		101		0		0		
0		0		0		0		0		101		0		101		101		101		0		101		0		0		101		101		0		0		0		101		0		101		0		101		101		101		0		101		0		0		101		0		101		0		101		0		101		101		101		101		0		0		0		101		101		101		0		101		0		0		101		0		101		0		0		101		0		0		101		101		101		101		101		0		0		0		101		0		101		101		101		0		0		101		101		0		101		101		101		0		101		101		101		101		101		101		101		0		0		101		0		101		0		0		0		101		101		0		101		101		
0		0		101		0		101		0		0		101		101		0		101		0		101		101		101		0		0		101		0		0		101		0		0		0		0		101		101		0		101		101		0		101		101		0		101		0		101		0		101		101		0		101		0		0		101		101		101		101		0		101		101		0		0		0		101		101		101		0		101		101		0		0		0		101		0		0		101		0		0		101		0		101		101		0		0		0		0		101		0		0		101		0		101		101		101		101		101		0		0		0		0		0		0		0		101		101		101		0		101		0		
101		0		0		101		101		101		0		101		0		101		0		101		101		0		0		101		101		0		0		0		101		101		0		0		101		0		0		101		101		0		0		0		101		101		0		0		101		0		101		101		101		0		0		0		101		101		0		101		0		0		101		0		101		101		101		101		0		101		0		0		0		101		0		101		0		101		101		0		0		0		101		0		101		0		101		101		0		0		101		101		0		101		0		0		0		0		0		101		0		0		101		0		0		101		101		0		0		101		101		0		
0		0		0		101		0		101		0		0		0		0		0		0		101		0		101		101		0		0		0		101		0		0		101		101		0		0		101		0		101		101		0		0		0		101		0		0		0		0		0		101		101		101		101		0		0		0		101		0		0		101		0		101		101		0		101		0		101		0		0		0		0		0		101		101		101		0		101		101		101		101		101		0		101		0		0		101		101		0		101		101		101		101		101		0		0		0		0		0		101		0		0		0		0		0		0		101		0		0		101		0		
101		0		0		0		101		101		101		101		0		101		101		0		101		0		101		101		0		101		101		0		0		0		0		101		0		101		0		0		101		101		0		101		101		101		101		101		101		0		0		101		0		0		0		0		0		0		101		101		101		0		101		0		101		101		101		101		101		101		101		0		101		0		101		0		101		101		101		101		0		101		0		0		101		101		101		101		101		0		0		0		0		101		101		101		101		101		0		0		0		101		0		0		101		0		101		101		101		101		0		101		
101		0		101		0		101		0		0		0		101		101		101		101		101		0		101		0		0		0		101		101		0		101		0		0		0		0		0		0		101		101		101		0		0		101		101		0		0		101		0		0		0		101		101		0		101		0		0		0		0		101		0		0		101		0		0		101		101		0		0		0		0		0		0		101		101		101		0		101		101		0		0		101		0		101		101		0		101		101		101		0		101		101		101		0		101		0		0		101		0		0		101		101		0		0		101		101		0		0		0		0		
0		0		101		0		101		101		0		0		101		101		101		0		0		101		101		101		101		0		101		0		101		101		101		0		0		101		0		101		101		0		101		0		0		101		101		0		101		101		0		101		0		0		101		0		0		101		101		0		0		101		0		0		0		0		0		101		0		0		0		0		101		101		0		0		101		101		101		0		0		0		0		0		101		0		101		101		101		0		0		0		0		101		0		101		101		101		0		0		0		0		101		101		0		101		0		0		0		0		101		0		
101		0		0		101		0		0		101		0		101		0		101		0		0		0		101		101		101		101		101		0		101		101		0		101		101		101		101		101		0		0		101		0		101		101		101		101		101		101		0		101		101		0		101		0		101		101		0		0		101		0		101		0		101		0		101		101		101		0		0		101		101		101		101		101		101		101		0		0		0		0		0		101		101		101		101		101		101		101		0		101		101		101		101		0		0		0		0		0		0		101		0		0		101		0		101		101		0		101		0		0		
101		0		101		0		0		0		101		101		101		101		0		101		0		101		101		101		101		0		101		0		0		101		101		0		0		0		101		0		0		101		101		0		101		101		101		101		101		0		0		101		0		101		101		0		101		0		101		101		0		0		0		0		0		101		101		101		101		101		0		101		101		0		101		101		0		0		0		101		0		0		101		101		101		101		0		101		0		101		101		0		0		0		101		0		101		0		0		101		0		0		0		101		0		101		0		101		101		0		0		101		
0		0		101		101		101		0		0		0		101		101		0		101		0		101		101		0		0		0		0		101		0		0		101		101		101		0		0		101		0		101		0		0		101		0		0		0		0		101		101		101		101		0		0		0		0		101		0		0		0		101		101		0		0		0		0		101		0		101		0		101		0		0		101		101		0		101		101		0		101		0		101		101		101		101		0		101		101		0		101		101		0		101		0		101		101		0		101		101		0		101		101		0		101		0		101		101		0		0		101		101		
101		101		0		101		0		0		0		101		0		101		101		101		101		0		101		101		0		0		101		0		0		101		0		101		0		0		101		0		0		0		0		0		0		0		0		101		0		0		0		0		0		0		101		101		0		0		101		0		0		101		0		0		101		0		0		101		0		101		101		0		0		101		0		101		0		0		101		101		0		0		101		0		101		0		0		101		0		101		0		0		0		101		101		101		101		101		101		0		101		101		101		0		101		101		101		101		0		0		0		0		
0		0		101		101		101		101		101		0		0		101		101		0		0		101		0		101		0		0		101		101		0		0		101		0		101		0		0		101		0		101		0		0		101		0		0		101		0		101		101		101		101		101		0		0		0		101		101		101		101		101		101		101		0		0		101		101		101		101		0		0		101		0		101		0		101		0		0		101		101		101		0		101		0		0		0		101		0		101		101		101		101		0		101		101		0		101		101		0		0		101		0		0		0		101		0		0		101		101		0		0		
0		101		0		0		101		0		101		101		0		0		0		101		0		101		101		0		101		0		101		0		0		0		0		0		101		101		0		101		101		0		101		101		101		101		0		101		101		101		0		101		0		101		101		101		101		0		101		0		0		101		101		0		0		101		101		0		0		0		101		0		0		101		101		0		101		101		0		101		101		101		0		0		101		0		0		0		101		101		0		0		101		0		0		0		101		0		0		101		0		101		0		0		101		0		0		0		101		101		0		101		
0		0		101		101		101		0		101		101		101		101		0		101		101		101		0		101		101		0		0		0		101		101		101		0		0		101		0		101		0		101		0		0		0		0		101		101		101		101		0		0		0		101		0		101		0		101		101		0		0		0		101		101		101		0		0		101		101		101		0		101		0		0		0		101		101		101		101		0		101		101		101		0		101		0		101		0		0		101		101		101		101		0		0		101		0		101		101		101		101		0		0		101		0		0		101		0		0		0		101		0		
0		0		0		101		101		0		0		101		0		0		101		0		101		0		0		0		101		101		0		101		101		0		101		101		0		0		101		0		101		101		101		0		0		0		0		101		0		101		101		101		101		101		101		0		101		101		101		101		0		101		0		101		0		0		101		0		101		101		101		101		0		0		101		101		101		101		101		101		0		0		0		0		0		0		101		0		0		0		0		101		101		0		101		101		0		101		0		0		0		101		0		0		0		101		101		0		0		101		0		101		
NDC Pairs
< 1		2 >
< 1		3 >
< 1		4 >
< 1		7 >
< 1		8 >
< 1		9 >
< 1		15 >
< 1		16 >
< 1		17 >
< 1		19 >
< 1		20 >
< 1		21 >
< 1		23 >
< 1		24 >
< 1		25 >
< 1		27 >
< 1		29 >
< 1		32 >
< 1		33 >
< 1		37 >
< 1		39 >
< 1		40 >
< 1		41 >
< 1		42 >
< 1		44 >
< 1		55 >
< 1		58 >
< 1		61 >
< 1		63 >
< 1		68 >
< 1		69 >
< 1		72 >
< 1		73 >
< 1		75 >
< 1		76 >
< 1		77 >
< 1		82 >
< 1		84 >
< 1		88 >
< 1		90 >
< 1		91 >
< 1		93 >
< 1		94 >
< 1		96 >
< 2		3 >
< 2		5 >
< 2		6 >
< 2		7 >
< 2		8 >
< 2		10 >
< 2		12 >
< 2		13 >
< 2		14 >
< 2		17 >
< 2		18 >
< 2		20 >
< 2		23 >
< 2		26 >
< 2		28 >
< 2		29 >
< 2		30 >
< 2		31 >
< 2		32 >
< 2		33 >
< 2		39 >
< 2		40 >
< 2		41 >
< 2		43 >
< 2		45 >
< 2		47 >
< 2		50 >
< 2		52 >
< 2		53 >
< 2		54 >
< 2		55 >
< 2		56 >
< 2		57 >
< 2		58 >
< 2		60 >
< 2		62 >
< 2		63 >
< 2		66 >
< 2		67 >
< 2		71 >
< 2		72 >
< 2		74 >
< 2		76 >
< 2		77 >
< 2		78 >
< 2		79 >
< 2		80 >
< 2		81 >
< 2		82 >
< 2		83 >
< 2		84 >
< 2		96 >
< 2		98 >
< 3		4 >
< 3		5 >
< 3		7 >
< 3		8 >
< 3		10 >
< 3		14 >
< 3		16 >
< 3		18 >
< 3		21 >
< 3		22 >
< 3		23 >
< 3		24 >
< 3		26 >
< 3		27 >
< 3		29 >
< 3		30 >
< 3		34 >
< 3		35 >
< 3		36 >
< 3		42 >
< 3		44 >
< 3		47 >
< 3		50 >
< 3		53 >
< 3		55 >
< 3		56 >
< 3		58 >
< 3		61 >
< 3		62 >
< 3		64 >
< 3		67 >
< 3		69 >
< 3		71 >
< 3		76 >
< 3		78 >
< 3		84 >
< 3		87 >
< 3		91 >
< 3		92 >
< 3		94 >
< 3		95 >
< 3		97 >
< 3		99 >
< 4		5 >
< 4		6 >
< 4		12 >
< 4		13 >
< 4		16 >
< 4		17 >
< 4		19 >
< 4		20 >
< 4		21 >
< 4		22 >
< 4		23 >
< 4		27 >
< 4		31 >
< 4		32 >
< 4		34 >
< 4		38 >
< 4		39 >
< 4		40 >
< 4		43 >
< 4		44 >
< 4		45 >
< 4		48 >
< 4		49 >
< 4		50 >
< 4		52 >
< 4		55 >
< 4		57 >
< 4		58 >
< 4		59 >
< 4		61 >
< 4		63 >
< 4		64 >
< 4		65 >
< 4		66 >
< 4		71 >
< 4		72 >
< 4		75 >
< 4		76 >
< 4		77 >
< 4		78 >
< 4		79 >
< 4		80 >
< 4		81 >
< 4		82 >
< 4		88 >
< 4		89 >
< 4		93 >
< 4		95 >
< 4		96 >
< 4		97 >
< 4		99 >
< 4		100 >
< 5		8 >
< 5		10 >
< 5		12 >
< 5		13 >
< 5		15 >
< 5		16 >
< 5		22 >
< 5		23 >
< 5		25 >
< 5		27 >
< 5		31 >
< 5		33 >
< 5		38 >
< 5		43 >
< 5		44 >
< 5		46 >
< 5		47 >
< 5		48 >
< 5		50 >
< 5		53 >
< 5		54 >
< 5		58 >
< 5		59 >
< 5		63 >
< 5		65 >
< 5		68 >
< 5		69 >
< 5		76 >
< 5		79 >
< 5		81 >
< 5		83 >
< 5		87 >
< 5		88 >
< 5		90 >
< 5		91 >
< 5		92 >
< 5		95 >
< 5		97 >
< 5		98 >
< 5		99 >
< 5		100 >
< 6		8 >
< 6		11 >
< 6		14 >
< 6		16 >
< 6		19 >
< 6		20 >
< 6		21 >
< 6		22 >
< 6		23 >
< 6		25 >
< 6		26 >
< 6		28 >
< 6		29 >
< 6		30 >
< 6		33 >
< 6		34 >
< 6		39 >
< 6		42 >
< 6		43 >
< 6		44 >
< 6		46 >
< 6		47 >
< 6		49 >
< 6		52 >
< 6		55 >
< 6		58 >
< 6		59 >
< 6		63 >
< 6		67 >
< 6		68 >
< 6		69 >
< 6		72 >
< 6		73 >
< 6		75 >
< 6		76 >
< 6		78 >
< 6		79 >
< 6		80 >
< 6		85 >
< 6		86 >
< 6		88 >
< 6		89 >
< 6		90 >
< 6		92 >
< 6		97 >
< 7		8 >
< 7		9 >
< 7		10 >
< 7		12 >
< 7		14 >
< 7		16 >
< 7		19 >
< 7		20 >
< 7		24 >
< 7		25 >
< 7		27 >
< 7		29 >
< 7		33 >
< 7		39 >
< 7		43 >
< 7		46 >
< 7		48 >
< 7		49 >
< 7		50 >
< 7		53 >
< 7		55 >
< 7		56 >
< 7		58 >
< 7		60 >
< 7		64 >
< 7		65 >
< 7		67 >
< 7		69 >
< 7		70 >
< 7		72 >
< 7		73 >
< 7		77 >
< 7		79 >
< 7		80 >
< 7		83 >
< 7		85 >
< 7		90 >
< 7		93 >
< 7		94 >
< 7		97 >
< 7		98 >
< 7		99 >
< 8		9 >
< 8		11 >
< 8		14 >
< 8		18 >
< 8		23 >
< 8		24 >
< 8		27 >
< 8		28 >
< 8		29 >
< 8		32 >
< 8		33 >
< 8		37 >
< 8		38 >
< 8		40 >
< 8		41 >
< 8		42 >
< 8		43 >
< 8		44 >
< 8		52 >
< 8		54 >
< 8		55 >
< 8		56 >
< 8		57 >
< 8		60 >
< 8		61 >
< 8		62 >
< 8		63 >
< 8		65 >
< 8		67 >
< 8		71 >
< 8		72 >
< 8		73 >
< 8		74 >
< 8		77 >
< 8		78 >
< 8		82 >
< 8		84 >
< 8		86 >
< 8		87 >
< 8		88 >
< 8		90 >
< 8		94 >
< 8		96 >
< 8		98 >
< 8		99 >
< 8		100 >
< 9		11 >
< 9		13 >
< 9		20 >
< 9		24 >
< 9		25 >
< 9		26 >
< 9		29 >
< 9		30 >
< 9		32 >
< 9		33 >
< 9		35 >
< 9		39 >
< 9		42 >
< 9		43 >
< 9		44 >
< 9		45 >
< 9		46 >
< 9		47 >
< 9		48 >
< 9		50 >
< 9		52 >
< 9		53 >
< 9		54 >
< 9		55 >
< 9		58 >
< 9		66 >
< 9		67 >
< 9		68 >
< 9		69 >
< 9		70 >
< 9		73 >
< 9		76 >
< 9		79 >
< 9		82 >
< 9		83 >
< 9		84 >
< 9		85 >
< 9		86 >
< 9		87 >
< 9		91 >
< 9		92 >
< 9		93 >
< 9		94 >
< 9		95 >
< 9		99 >
< 10		12 >
< 10		13 >
< 10		15 >
< 10		19 >
< 10		20 >
< 10		22 >
< 10		23 >
< 10		24 >
< 10		27 >
< 10		28 >
< 10		30 >
< 10		33 >
< 10		38 >
< 10		39 >
< 10		40 >
< 10		41 >
< 10		48 >
< 10		50 >
< 10		52 >
< 10		53 >
< 10		54 >
< 10		55 >
< 10		56 >
< 10		57 >
< 10		61 >
< 10		65 >
< 10		66 >
< 10		67 >
< 10		69 >
< 10		70 >
< 10		71 >
< 10		72 >
< 10		73 >
< 10		74 >
< 10		76 >
< 10		77 >
< 10		84 >
< 10		86 >
< 10		88 >
< 10		90 >
< 10		91 >
< 10		92 >
< 10		94 >
< 10		95 >
< 10		96 >
< 10		97 >
< 10		99 >
< 11		12 >
< 11		13 >
< 11		14 >
< 11		16 >
< 11		17 >
< 11		19 >
< 11		21 >
< 11		24 >
< 11		25 >
< 11		29 >
< 11		30 >
< 11		31 >
< 11		32 >
< 11		34 >
< 11		36 >
< 11		38 >
< 11		44 >
< 11		45 >
< 11		46 >
< 11		48 >
< 11		49 >
< 11		50 >
< 11		51 >
< 11		53 >
< 11		54 >
< 11		56 >
< 11		61 >
< 11		63 >
< 11		66 >
< 11		69 >
< 11		73 >
< 11		74 >
< 11		75 >
< 11		79 >
< 11		80 >
< 11		81 >
< 11		83 >
< 11		85 >
< 11		87 >
< 11		90 >
< 11		91 >
< 11		92 >
< 11		93 >
< 11		96 >
< 11		97 >
< 11		100 >
< 12		13 >
< 12		15 >
< 12		16 >
< 12		20 >
< 12		22 >
< 12		23 >
< 12		25 >
< 12		26 >
< 12		28 >
< 12		30 >
< 12		31 >
< 12		33 >
< 12		34 >
< 12		35 >
< 12		36 >
< 12		38 >
< 12		41 >
< 12		42 >
< 12		45 >
< 12		47 >
< 12		51 >
< 12		53 >
< 12		54 >
< 12		57 >
< 12		60 >
< 12		61 >
< 12		64 >
< 12		65 >
< 12		67 >
< 12		68 >
< 12		69 >
< 12		70 >
< 12		71 >
< 12		73 >
< 12		75 >
< 12		76 >
< 12		77 >
< 12		78 >
< 12		79 >
< 12		81 >
< 12		86 >
< 12		88 >
< 12		91 >
< 12		94 >
< 12		95 >
< 12		96 >
< 12		98 >
< 12		99 >
< 13		14 >
< 13		16 >
< 13		17 >
< 13		22 >
< 13		23 >
< 13		24 >
< 13		25 >
< 13		27 >
< 13		29 >
< 13		30 >
< 13		33 >
< 13		34 >
< 13		38 >
< 13		39 >
< 13		43 >
< 13		49 >
< 13		50 >
< 13		52 >
< 13		54 >
< 13		60 >
< 13		61 >
< 13		67 >
< 13		71 >
< 13		76 >
< 13		77 >
< 13		78 >
< 13		85 >
< 13		87 >
< 13		88 >
< 13		89 >
< 13		90 >
< 13		91 >
< 13		96 >
< 13		99 >
< 13		100 >
< 14		15 >
< 14		17 >
< 14		19 >
< 14		21 >
< 14		22 >
< 14		26 >
< 14		27 >
< 14		28 >
< 14		31 >
< 14		38 >
< 14		40 >
< 14		41 >
< 14		43 >
< 14		44 >
< 14		45 >
< 14		47 >
< 14		48 >
< 14		50 >
< 14		51 >
< 14		53 >
< 14		54 >
< 14		57 >
< 14		58 >
< 14		59 >
< 14		62 >
< 14		63 >
< 14		64 >
< 14		65 >
< 14		67 >
< 14		68 >
< 14		70 >
< 14		72 >
< 14		74 >
< 14		77 >
< 14		81 >
< 14		83 >
< 14		84 >
< 14		85 >
< 14		87 >
< 14		92 >
< 14		94 >
< 14		95 >
< 14		97 >
< 14		98 >
< 14		99 >
< 15		16 >
< 15		20 >
< 15		21 >
< 15		22 >
< 15		23 >
< 15		25 >
< 15		26 >
< 15		27 >
< 15		29 >
< 15		30 >
< 15		33 >
< 15		35 >
< 15		36 >
< 15		37 >
< 15		40 >
< 15		41 >
< 15		42 >
< 15		43 >
< 15		44 >
< 15		45 >
< 15		48 >
< 15		49 >
< 15		50 >
< 15		52 >
< 15		53 >
< 15		54 >
< 15		55 >
< 15		56 >
< 15		60 >
< 15		61 >
< 15		62 >
< 15		63 >
< 15		64 >
< 15		66 >
< 15		67 >
< 15		68 >
< 15		69 >
< 15		73 >
< 15		75 >
< 15		76 >
< 15		77 >
< 15		78 >
< 15		80 >
< 15		83 >
< 15		84 >
< 15		85 >
< 15		86 >
< 15		87 >
< 15		89 >
< 15		90 >
< 15		91 >
< 15		92 >
< 15		93 >
< 15		94 >
< 15		95 >
< 15		96 >
< 15		98 >
< 16		17 >
< 16		18 >
< 16		19 >
< 16		20 >
< 16		22 >
< 16		24 >
< 16		26 >
< 16		28 >
< 16		29 >
< 16		30 >
< 16		32 >
< 16		35 >
< 16		38 >
< 16		40 >
< 16		41 >
< 16		42 >
< 16		43 >
< 16		44 >
< 16		45 >
< 16		49 >
< 16		50 >
< 16		52 >
< 16		53 >
< 16		56 >
< 16		59 >
< 16		61 >
< 16		63 >
< 16		65 >
< 16		67 >
< 16		68 >
< 16		69 >
< 16		72 >
< 16		73 >
< 16		75 >
< 16		77 >
< 16		78 >
< 16		79 >
< 16		82 >
< 16		86 >
< 16		88 >
< 16		89 >
< 16		90 >
< 16		92 >
< 16		93 >
< 16		94 >
< 16		96 >
< 16		97 >
< 16		99 >
< 17		21 >
< 17		22 >
< 17		24 >
< 17		25 >
< 17		30 >
< 17		31 >
< 17		33 >
< 17		34 >
< 17		38 >
< 17		40 >
< 17		41 >
< 17		45 >
< 17		46 >
< 17		49 >
< 17		51 >
< 17		53 >
< 17		54 >
< 17		55 >
< 17		60 >
< 17		64 >
< 17		65 >
< 17		71 >
< 17		72 >
< 17		73 >
< 17		74 >
< 17		75 >
< 17		76 >
< 17		79 >
< 17		80 >
< 17		81 >
< 17		83 >
< 17		84 >
< 17		85 >
< 17		88 >
< 17		92 >
< 17		93 >
< 17		94 >
< 17		98 >
< 17		99 >
< 17		100 >
< 18		19 >
< 18		20 >
< 18		21 >
< 18		23 >
< 18		26 >
< 18		28 >
< 18		32 >
< 18		36 >
< 18		38 >
< 18		39 >
< 18		40 >
< 18		45 >
< 18		46 >
< 18		50 >
< 18		51 >
< 18		52 >
< 18		53 >
< 18		55 >
< 18		57 >
< 18		58 >
< 18		60 >
< 18		61 >
< 18		64 >
< 18		65 >
< 18		66 >
< 18		67 >
< 18		70 >
< 18		77 >
< 18		81 >
< 18		82 >
< 18		84 >
< 18		85 >
< 18		87 >
< 18		90 >
< 18		93 >
< 18		100 >
< 19		25 >
< 19		28 >
< 19		29 >
< 19		30 >
< 19		31 >
< 19		32 >
< 19		34 >
< 19		37 >
< 19		40 >
< 19		41 >
< 19		44 >
< 19		45 >
< 19		46 >
< 19		50 >
< 19		52 >
< 19		54 >
< 19		56 >
< 19		58 >
< 19		62 >
< 19		64 >
< 19		67 >
< 19		68 >
< 19		69 >
< 19		70 >
< 19		74 >
< 19		79 >
< 19		80 >
< 19		81 >
< 19		84 >
< 19		90 >
< 19		91 >
< 19		92 >
< 19		93 >
< 19		94 >
< 19		96 >
< 19		97 >
< 19		98 >
< 20		21 >
< 20		23 >
< 20		25 >
< 20		29 >
< 20		30 >
< 20		35 >
< 20		37 >
< 20		38 >
< 20		46 >
< 20		47 >
< 20		50 >
< 20		51 >
< 20		53 >
< 20		54 >
< 20		56 >
< 20		57 >
< 20		58 >
< 20		60 >
< 20		61 >
< 20		64 >
< 20		65 >
< 20		69 >
< 20		71 >
< 20		72 >
< 20		73 >
< 20		77 >
< 20		78 >
< 20		80 >
< 20		82 >
< 20		83 >
< 20		85 >
< 20		86 >
< 20		89 >
< 20		91 >
< 20		95 >
< 20		97 >
< 20		100 >
< 21		22 >
< 21		24 >
< 21		25 >
< 21		26 >
< 21		27 >
< 21		29 >
< 21		30 >
< 21		31 >
< 21		32 >
< 21		33 >
< 21		34 >
< 21		35 >
< 21		36 >
< 21		38 >
< 21		39 >
< 21		41 >
< 21		43 >
< 21		45 >
< 21		48 >
< 21		52 >
< 21		53 >
< 21		57 >
< 21		62 >
< 21		63 >
< 21		73 >
< 21		75 >
< 21		76 >
< 21		79 >
< 21		81 >
< 21		83 >
< 21		87 >
< 21		88 >
< 21		92 >
< 21		93 >
< 21		99 >
< 21		100 >
< 22		23 >
< 22		26 >
< 22		27 >
< 22		28 >
< 22		31 >
< 22		37 >
< 22		40 >
< 22		42 >
< 22		43 >
< 22		48 >
< 22		51 >
< 22		54 >
< 22		56 >
< 22		57 >
< 22		61 >
< 22		62 >
< 22		63 >
< 22		64 >
< 22		66 >
< 22		67 >
< 22		68 >
< 22		71 >
< 22		74 >
< 22		75 >
< 22		77 >
< 22		81 >
< 22		84 >
< 22		86 >
< 22		88 >
< 22		91 >
< 22		92 >
< 22		93 >
< 22		94 >
< 22		96 >
< 22		99 >
< 23		24 >
< 23		29 >
< 23		30 >
< 23		31 >
< 23		33 >
< 23		34 >
< 23		36 >
< 23		40 >
< 23		41 >
< 23		42 >
< 23		43 >
< 23		44 >
< 23		45 >
< 23		48 >
< 23		50 >
< 23		55 >
< 23		56 >
< 23		59 >
< 23		60 >
< 23		61 >
< 23		62 >
< 23		63 >
< 23		64 >
< 23		67 >
< 23		69 >
< 23		71 >
< 23		74 >
< 23		75 >
< 23		79 >
< 23		81 >
< 23		85 >
< 23		89 >
< 23		92 >
< 23		94 >
< 23		95 >
< 23		97 >
< 23		99 >
< 23		100 >
< 24		25 >
< 24		26 >
< 24		28 >
< 24		33 >
< 24		35 >
< 24		36 >
< 24		38 >
< 24		39 >
< 24		40 >
< 24		41 >
< 24		43 >
< 24		48 >
< 24		51 >
< 24		52 >
< 24		53 >
< 24		54 >
< 24		57 >
< 24		59 >
< 24		60 >
< 24		62 >
< 24		66 >
< 24		68 >
< 24		70 >
< 24		71 >
< 24		79 >
< 24		82 >
< 24		84 >
< 24		86 >
< 24		89 >
< 24		90 >
< 24		93 >
< 24		95 >
< 24		96 >
< 24		100 >
< 25		26 >
< 25		27 >
< 25		28 >
< 25		30 >
< 25		32 >
< 25		33 >
< 25		34 >
< 25		35 >
< 25		36 >
< 25		37 >
< 25		40 >
< 25		46 >
< 25		47 >
< 25		52 >
< 25		53 >
< 25		58 >
< 25		59 >
< 25		61 >
< 25		62 >
< 25		64 >
< 25		65 >
< 25		69 >
< 25		70 >
< 25		73 >
< 25		74 >
< 25		76 >
< 25		77 >
< 25		79 >
< 25		80 >
< 25		82 >
< 25		83 >
< 25		84 >
< 25		86 >
< 25		88 >
< 25		93 >
< 25		95 >
< 25		97 >
< 25		98 >
< 26		27 >
< 26		29 >
< 26		30 >
< 26		31 >
< 26		33 >
< 26		40 >
< 26		42 >
< 26		44 >
< 26		46 >
< 26		47 >
< 26		50 >
< 26		53 >
< 26		56 >
< 26		57 >
< 26		58 >
< 26		60 >
< 26		62 >
< 26		64 >
< 26		65 >
< 26		70 >
< 26		71 >
< 26		73 >
< 26		74 >
< 26		75 >
< 26		76 >
< 26		77 >
< 26		78 >
< 26		80 >
< 26		81 >
< 26		82 >
< 26		83 >
< 26		85 >
< 26		86 >
< 26		87 >
< 26		90 >
< 26		92 >
< 26		93 >
< 26		98 >
< 26		99 >
< 27		28 >
< 27		31 >
< 27		32 >
< 27		33 >
< 27		35 >
< 27		36 >
< 27		40 >
< 27		41 >
< 27		44 >
< 27		45 >
< 27		46 >
< 27		48 >
< 27		50 >
< 27		51 >
< 27		52 >
< 27		53 >
< 27		54 >
< 27		58 >
< 27		60 >
< 27		61 >
< 27		66 >
< 27		67 >
< 27		68 >
< 27		70 >
< 27		79 >
< 27		83 >
< 27		87 >
< 27		89 >
< 27		93 >
< 27		94 >
< 27		96 >
< 27		100 >
< 28		29 >
< 28		31 >
< 28		33 >
< 28		35 >
< 28		37 >
< 28		38 >
< 28		42 >
< 28		44 >
< 28		45 >
< 28		46 >
< 28		47 >
< 28		48 >
< 28		54 >
< 28		55 >
< 28		59 >
< 28		60 >
< 28		64 >
< 28		66 >
< 28		67 >
< 28		73 >
< 28		74 >
< 28		75 >
< 28		78 >
< 28		79 >
< 28		80 >
< 28		81 >
< 28		82 >
< 28		86 >
< 28		88 >
< 28		92 >
< 28		93 >
< 28		95 >
< 28		97 >
< 28		98 >
< 28		99 >
< 29		30 >
< 29		31 >
< 29		32 >
< 29		36 >
< 29		37 >
< 29		38 >
< 29		41 >
< 29		43 >
< 29		47 >
< 29		51 >
< 29		58 >
< 29		63 >
< 29		64 >
< 29		65 >
< 29		66 >
< 29		71 >
< 29		72 >
< 29		76 >
< 29		78 >
< 29		80 >
< 29		82 >
< 29		83 >
< 29		85 >
< 29		87 >
< 29		88 >
< 29		89 >
< 29		90 >
< 29		91 >
< 29		92 >
< 29		98 >
< 29		100 >
< 30		32 >
< 30		34 >
< 30		36 >
< 30		37 >
< 30		38 >
< 30		39 >
< 30		40 >
< 30		42 >
< 30		43 >
< 30		44 >
< 30		45 >
< 30		46 >
< 30		47 >
< 30		48 >
< 30		50 >
< 30		52 >
< 30		53 >
< 30		55 >
< 30		56 >
< 30		58 >
< 30		59 >
< 30		60 >
< 30		64 >
< 30		70 >
< 30		71 >
< 30		72 >
< 30		73 >
< 30		76 >
< 30		77 >
< 30		78 >
< 30		80 >
< 30		81 >
< 30		85 >
< 30		87 >
< 30		89 >
< 30		90 >
< 30		91 >
< 30		94 >
< 30		95 >
< 30		97 >
< 30		99 >
< 30		100 >
< 31		33 >
< 31		34 >
< 31		37 >
< 31		43 >
< 31		48 >
< 31		54 >
< 31		56 >
< 31		57 >
< 31		58 >
< 31		60 >
< 31		62 >
< 31		63 >
< 31		65 >
< 31		66 >
< 31		67 >
< 31		68 >
< 31		70 >
< 31		72 >
< 31		77 >
< 31		81 >
< 31		83 >
< 31		85 >
< 31		86 >
< 31		91 >
< 31		92 >
< 31		93 >
< 31		94 >
< 31		98 >
< 31		100 >
< 32		34 >
< 32		36 >
< 32		37 >
< 32		40 >
< 32		44 >
< 32		46 >
< 32		49 >
< 32		56 >
< 32		57 >
< 32		58 >
< 32		60 >
< 32		61 >
< 32		62 >
< 32		63 >
< 32		68 >
< 32		72 >
< 32		77 >
< 32		79 >
< 32		80 >
< 32		87 >
< 32		90 >
< 32		98 >
< 33		34 >
< 33		36 >
< 33		37 >
< 33		40 >
< 33		45 >
< 33		47 >
< 33		49 >
< 33		50 >
< 33		52 >
< 33		53 >
< 33		54 >
< 33		56 >
< 33		58 >
< 33		60 >
< 33		61 >
< 33		63 >
< 33		64 >
< 33		65 >
< 33		66 >
< 33		70 >
< 33		71 >
< 33		72 >
< 33		76 >
< 33		80 >
< 33		82 >
< 33		84 >
< 33		85 >
< 33		86 >
< 33		87 >
< 33		88 >
< 33		90 >
< 33		93 >
< 33		94 >
< 33		95 >
< 33		97 >
< 33		98 >
< 34		35 >
< 34		36 >
< 34		37 >
< 34		44 >
< 34		46 >
< 34		47 >
< 34		51 >
< 34		52 >
< 34		57 >
< 34		60 >
< 34		64 >
< 34		67 >
< 34		69 >
< 34		71 >
< 34		72 >
< 34		74 >
< 34		75 >
< 34		76 >
< 34		80 >
< 34		83 >
< 34		84 >
< 34		88 >
< 34		89 >
< 34		90 >
< 34		91 >
< 34		92 >
< 34		93 >
< 34		94 >
< 34		98 >
< 35		36 >
< 35		37 >
< 35		39 >
< 35		40 >
< 35		42 >
< 35		43 >
< 35		44 >
< 35		45 >
< 35		46 >
< 35		47 >
< 35		52 >
< 35		53 >
< 35		55 >
< 35		57 >
< 35		61 >
< 35		62 >
< 35		63 >
< 35		65 >
< 35		66 >
< 35		74 >
< 35		76 >
< 35		77 >
< 35		81 >
< 35		86 >
< 35		87 >
< 35		90 >
< 35		91 >
< 35		92 >
< 35		93 >
< 35		94 >
< 35		99 >
< 36		38 >
< 36		39 >
< 36		41 >
< 36		45 >
< 36		47 >
< 36		48 >
< 36		49 >
< 36		50 >
< 36		51 >
< 36		52 >
< 36		53 >
< 36		54 >
< 36		55 >
< 36		57 >
< 36		59 >
< 36		60 >
< 36		61 >
< 36		62 >
< 36		65 >
< 36		67 >
< 36		71 >
< 36		72 >
< 36		73 >
< 36		74 >
< 36		76 >
< 36		77 >
< 36		83 >
< 36		90 >
< 36		93 >
< 36		94 >
< 36		96 >
< 36		97 >
< 36		98 >
< 36		99 >
< 36		100 >
< 37		39 >
< 37		41 >
< 37		47 >
< 37		49 >
< 37		51 >
< 37		53 >
< 37		54 >
< 37		56 >
< 37		58 >
< 37		59 >
< 37		60 >
< 37		61 >
< 37		62 >
< 37		68 >
< 37		70 >
< 37		71 >
< 37		72 >
< 37		75 >
< 37		77 >
< 37		78 >
< 37		82 >
< 37		83 >
< 37		84 >
< 37		86 >
< 37		87 >
< 37		88 >
< 37		90 >
< 37		92 >
< 37		93 >
< 37		94 >
< 37		98 >
< 37		99 >
< 38		40 >
< 38		42 >
< 38		45 >
< 38		48 >
< 38		51 >
< 38		53 >
< 38		57 >
< 38		58 >
< 38		59 >
< 38		60 >
< 38		61 >
< 38		64 >
< 38		65 >
< 38		66 >
< 38		68 >
< 38		69 >
< 38		70 >
< 38		71 >
< 38		72 >
< 38		73 >
< 38		75 >
< 38		77 >
< 38		79 >
< 38		80 >
< 38		82 >
< 38		83 >
< 38		86 >
< 38		91 >
< 38		92 >
< 38		93 >
< 38		95 >
< 38		97 >
< 38		98 >
< 38		99 >
< 38		100 >
< 39		41 >
< 39		44 >
< 39		45 >
< 39		47 >
< 39		48 >
< 39		49 >
< 39		51 >
< 39		52 >
< 39		53 >
< 39		56 >
< 39		58 >
< 39		64 >
< 39		69 >
< 39		74 >
< 39		76 >
< 39		77 >
< 39		78 >
< 39		80 >
< 39		83 >
< 39		86 >
< 39		87 >
< 39		88 >
< 39		95 >
< 39		97 >
< 39		100 >
< 40		45 >
< 40		49 >
< 40		50 >
< 40		52 >
< 40		53 >
< 40		54 >
< 40		56 >
< 40		59 >
< 40		60 >
< 40		61 >
< 40		62 >
< 40		63 >
< 40		69 >
< 40		70 >
< 40		75 >
< 40		76 >
< 40		77 >
< 40		78 >
< 40		79 >
< 40		81 >
< 40		82 >
< 40		86 >
< 40		87 >
< 40		88 >
< 40		89 >
< 40		90 >
< 40		92 >
< 40		93 >
< 40		94 >
< 40		95 >
< 40		97 >
< 40		98 >
< 40		100 >
< 41		45 >
< 41		47 >
< 41		48 >
< 41		52 >
< 41		53 >
< 41		58 >
< 41		61 >
< 41		62 >
< 41		66 >
< 41		68 >
< 41		69 >
< 41		71 >
< 41		72 >
< 41		74 >
< 41		75 >
< 41		76 >
< 41		80 >
< 41		81 >
< 41		82 >
< 41		84 >
< 41		88 >
< 41		89 >
< 41		93 >
< 41		95 >
< 41		97 >
< 41		100 >
< 42		43 >
< 42		44 >
< 42		46 >
< 42		47 >
< 42		48 >
< 42		49 >
< 42		56 >
< 42		57 >
< 42		58 >
< 42		59 >
< 42		61 >
< 42		62 >
< 42		65 >
< 42		67 >
< 42		68 >
< 42		70 >
< 42		71 >
< 42		72 >
< 42		74 >
< 42		76 >
< 42		77 >
< 42		79 >
< 42		80 >
< 42		81 >
< 42		83 >
< 42		87 >
< 42		89 >
< 42		91 >
< 42		94 >
< 42		97 >
< 42		98 >
< 42		99 >
< 42		100 >
< 43		47 >
< 43		48 >
< 43		49 >
< 43		50 >
< 43		51 >
< 43		52 >
< 43		53 >
< 43		57 >
< 43		61 >
< 43		62 >
< 43		63 >
< 43		71 >
< 43		72 >
< 43		74 >
< 43		76 >
< 43		77 >
< 43		80 >
< 43		81 >
< 43		83 >
< 43		84 >
< 43		89 >
< 43		91 >
< 43		92 >
< 43		93 >
< 43		94 >
< 43		96 >
< 43		98 >
< 43		100 >
< 44		46 >
< 44		51 >
< 44		56 >
< 44		57 >
< 44		58 >
< 44		62 >
< 44		65 >
< 44		67 >
< 44		70 >
< 44		74 >
< 44		77 >
< 44		78 >
< 44		79 >
< 44		83 >
< 44		84 >
< 44		85 >
< 44		86 >
< 44		96 >
< 44		98 >
< 44		99 >
< 45		49 >
< 45		53 >
< 45		54 >
< 45		56 >
< 45		57 >
< 45		60 >
< 45		61 >
< 45		64 >
< 45		67 >
< 45		68 >
< 45		69 >
< 45		70 >
< 45		72 >
< 45		73 >
< 45		74 >
< 45		75 >
< 45		77 >
< 45		80 >
< 45		81 >
< 45		82 >
< 45		83 >
< 45		84 >
< 45		86 >
< 45		87 >
< 45		88 >
< 45		91 >
< 45		93 >
< 45		94 >
< 45		98 >
< 45		100 >
< 46		48 >
< 46		51 >
< 46		52 >
< 46		54 >
< 46		57 >
< 46		58 >
< 46		62 >
< 46		63 >
< 46		65 >
< 46		66 >
< 46		69 >
< 46		71 >
< 46		72 >
< 46		73 >
< 46		77 >
< 46		78 >
< 46		79 >
< 46		82 >
< 46		83 >
< 46		84 >
< 46		86 >
< 46		87 >
< 46		88 >
< 46		92 >
< 46		93 >
< 46		95 >
< 46		97 >
< 46		99 >
< 46		100 >
< 47		48 >
< 47		50 >
< 47		51 >
< 47		54 >
< 47		55 >
< 47		58 >
< 47		62 >
< 47		65 >
< 47		66 >
< 47		69 >
< 47		70 >
< 47		71 >
< 47		73 >
< 47		75 >
< 47		79 >
< 47		87 >
< 47		89 >
< 47		90 >
< 47		92 >
< 47		94 >
< 47		96 >
< 47		97 >
< 47		98 >
< 47		99 >
< 47		100 >
< 48		50 >
< 48		51 >
< 48		52 >
< 48		56 >
< 48		57 >
< 48		58 >
< 48		60 >
< 48		61 >
< 48		62 >
< 48		65 >
< 48		66 >
< 48		67 >
< 48		68 >
< 48		71 >
< 48		73 >
< 48		74 >
< 48		76 >
< 48		78 >
< 48		80 >
< 48		81 >
< 48		82 >
< 48		83 >
< 48		85 >
< 48		86 >
< 48		87 >
< 48		88 >
< 48		90 >
< 48		94 >
< 48		97 >
< 48		100 >
< 49		51 >
< 49		52 >
< 49		53 >
< 49		54 >
< 49		55 >
< 49		56 >
< 49		57 >
< 49		59 >
< 49		60 >
< 49		64 >
< 49		68 >
< 49		71 >
< 49		76 >
< 49		79 >
< 49		80 >
< 49		81 >
< 49		90 >
< 49		93 >
< 49		97 >
< 50		51 >
< 50		61 >
< 50		63 >
< 50		64 >
< 50		66 >
< 50		67 >
< 50		70 >
< 50		72 >
< 50		74 >
< 50		75 >
< 50		77 >
< 50		78 >
< 50		83 >
< 50		84 >
< 50		85 >
< 50		87 >
< 50		89 >
< 50		91 >
< 50		92 >
< 50		95 >
< 50		96 >
< 50		97 >
< 50		98 >
< 50		100 >
< 51		52 >
< 51		54 >
< 51		55 >
< 51		56 >
< 51		57 >
< 51		58 >
< 51		60 >
< 51		61 >
< 51		62 >
< 51		63 >
< 51		64 >
< 51		65 >
< 51		66 >
< 51		70 >
< 51		71 >
< 51		72 >
< 51		74 >
< 51		75 >
< 51		76 >
< 51		77 >
< 51		78 >
< 51		79 >
< 51		80 >
< 51		81 >
< 51		82 >
< 51		86 >
< 51		87 >
< 51		88 >
< 51		90 >
< 51		93 >
< 51		95 >
< 51		97 >
< 51		98 >
< 51		99 >
< 52		53 >
< 52		58 >
< 52		60 >
< 52		62 >
< 52		66 >
< 52		67 >
< 52		69 >
< 52		71 >
< 52		73 >
< 52		77 >
< 52		80 >
< 52		82 >
< 52		83 >
< 52		84 >
< 52		85 >
< 52		89 >
< 52		97 >
< 52		99 >
< 52		100 >
< 53		54 >
< 53		55 >
< 53		60 >
< 53		64 >
< 53		65 >
< 53		67 >
< 53		68 >
< 53		69 >
< 53		73 >
< 53		77 >
< 53		78 >
< 53		79 >
< 53		82 >
< 53		83 >
< 53		85 >
< 53		86 >
< 53		88 >
< 53		89 >
< 53		90 >
< 53		91 >
< 53		93 >
< 53		96 >
< 53		99 >
< 54		55 >
< 54		58 >
< 54		60 >
< 54		62 >
< 54		67 >
< 54		68 >
< 54		70 >
< 54		74 >
< 54		75 >
< 54		76 >
< 54		78 >
< 54		81 >
< 54		85 >
< 54		88 >
< 54		90 >
< 54		94 >
< 54		98 >
< 55		56 >
< 55		58 >
< 55		59 >
< 55		60 >
< 55		61 >
< 55		64 >
< 55		66 >
< 55		68 >
< 55		69 >
< 55		74 >
< 55		79 >
< 55		80 >
< 55		81 >
< 55		82 >
< 55		84 >
< 55		85 >
< 55		87 >
< 55		88 >
< 55		89 >
< 55		90 >
< 55		93 >
< 55		94 >
< 55		97 >
< 55		98 >
< 55		100 >
< 56		57 >
< 56		59 >
< 56		60 >
< 56		61 >
< 56		62 >
< 56		64 >
< 56		65 >
< 56		68 >
< 56		72 >
< 56		73 >
< 56		74 >
< 56		75 >
< 56		80 >
< 56		81 >
< 56		84 >
< 56		86 >
< 56		87 >
< 56		88 >
< 56		90 >
< 56		91 >
< 56		92 >
< 56		93 >
< 56		94 >
< 56		95 >
< 56		96 >
< 56		97 >
< 56		99 >
< 57		58 >
< 57		59 >
< 57		61 >
< 57		63 >
< 57		65 >
< 57		68 >
< 57		72 >
< 57		73 >
< 57		80 >
< 57		81 >
< 57		87 >
< 57		89 >
< 57		90 >
< 57		91 >
< 57		93 >
< 57		94 >
< 57		97 >
< 57		99 >
< 57		100 >
< 58		59 >
< 58		65 >
< 58		67 >
< 58		69 >
< 58		70 >
< 58		73 >
< 58		81 >
< 58		82 >
< 58		84 >
< 58		85 >
< 58		88 >
< 58		90 >
< 58		94 >
< 58		95 >
< 58		96 >
< 58		97 >
< 58		99 >
< 58		100 >
< 59		60 >
< 59		61 >
< 59		62 >
< 59		63 >
< 59		64 >
< 59		67 >
< 59		68 >
< 59		70 >
< 59		73 >
< 59		74 >
< 59		76 >
< 59		77 >
< 59		78 >
< 59		80 >
< 59		81 >
< 59		84 >
< 59		85 >
< 59		86 >
< 59		87 >
< 59		90 >
< 59		96 >
< 59		98 >
< 59		100 >
< 60		61 >
< 60		62 >
< 60		63 >
< 60		64 >
< 60		67 >
< 60		68 >
< 60		72 >
< 60		73 >
< 60		74 >
< 60		75 >
< 60		77 >
< 60		82 >
< 60		83 >
< 60		86 >
< 60		87 >
< 60		93 >
< 60		94 >
< 60		95 >
< 60		99 >
< 60		100 >
< 61		63 >
< 61		64 >
< 61		65 >
< 61		66 >
< 61		69 >
< 61		71 >
< 61		73 >
< 61		75 >
< 61		76 >
< 61		77 >
< 61		78 >
< 61		85 >
< 61		86 >
< 61		90 >
< 61		92 >
< 61		93 >
< 61		94 >
< 61		97 >
< 62		64 >
< 62		66 >
< 62		67 >
< 62		68 >
< 62		69 >
< 62		70 >
< 62		71 >
< 62		72 >
< 62		75 >
< 62		76 >
< 62		77 >
< 62		80 >
< 62		82 >
< 62		85 >
< 62		86 >
< 62		88 >
< 62		92 >
< 62		93 >
< 62		96 >
< 62		98 >
< 63		64 >
< 63		70 >
< 63		74 >
< 63		76 >
< 63		77 >
< 63		79 >
< 63		80 >
< 63		81 >
< 63		83 >
< 63		84 >
< 63		85 >
< 63		86 >
< 63		89 >
< 63		90 >
< 63		93 >
< 63		94 >
< 63		95 >
< 63		97 >
< 63		98 >
< 63		100 >
< 64		68 >
< 64		69 >
< 64		70 >
< 64		72 >
< 64		74 >
< 64		75 >
< 64		82 >
< 64		85 >
< 64		87 >
< 64		88 >
< 64		89 >
< 64		91 >
< 64		93 >
< 64		94 >
< 64		95 >
< 64		96 >
< 64		99 >
< 64		100 >
< 65		67 >
< 65		69 >
< 65		71 >
< 65		75 >
< 65		77 >
< 65		78 >
< 65		80 >
< 65		82 >
< 65		89 >
< 65		90 >
< 65		91 >
< 65		92 >
< 65		93 >
< 65		97 >
< 65		98 >
< 65		99 >
< 65		100 >
< 66		67 >
< 66		70 >
< 66		71 >
< 66		72 >
< 66		73 >
< 66		74 >
< 66		77 >
< 66		80 >
< 66		88 >
< 66		90 >
< 66		91 >
< 66		92 >
< 66		93 >
< 66		95 >
< 66		98 >
< 66		99 >
< 66		100 >
< 67		68 >
< 67		69 >
< 67		70 >
< 67		71 >
< 67		72 >
< 67		75 >
< 67		76 >
< 67		78 >
< 67		79 >
< 67		84 >
< 67		86 >
< 67		87 >
< 67		88 >
< 67		89 >
< 67		90 >
< 67		92 >
< 67		95 >
< 67		96 >
< 67		99 >
< 67		100 >
< 68		81 >
< 68		84 >
< 68		85 >
< 68		89 >
< 68		90 >
< 68		91 >
< 68		94 >
< 68		96 >
< 68		97 >
< 68		98 >
< 68		100 >
< 69		70 >
< 69		73 >
< 69		75 >
< 69		76 >
< 69		77 >
< 69		78 >
< 69		79 >
< 69		80 >
< 69		82 >
< 69		86 >
< 69		89 >
< 69		91 >
< 69		95 >
< 69		97 >
< 69		98 >
< 69		99 >
< 70		72 >
< 70		79 >
< 70		83 >
< 70		84 >
< 70		86 >
< 70		87 >
< 70		89 >
< 70		90 >
< 70		97 >
< 70		98 >
< 70		99 >
< 71		72 >
< 71		73 >
< 71		74 >
< 71		78 >
< 71		79 >
< 71		81 >
< 71		85 >
< 71		86 >
< 71		88 >
< 71		89 >
< 71		94 >
< 71		95 >
< 71		96 >
< 71		99 >
< 72		82 >
< 72		84 >
< 72		87 >
< 72		91 >
< 72		93 >
< 72		94 >
< 72		95 >
< 72		97 >
< 73		74 >
< 73		76 >
< 73		77 >
< 73		79 >
< 73		80 >
< 73		84 >
< 73		87 >
< 73		88 >
< 73		89 >
< 73		90 >
< 73		92 >
< 73		93 >
< 73		94 >
< 73		95 >
< 73		96 >
< 73		98 >
< 73		99 >
< 74		76 >
< 74		77 >
< 74		78 >
< 74		79 >
< 74		80 >
< 74		82 >
< 74		85 >
< 74		86 >
< 74		90 >
< 74		91 >
< 74		93 >
< 74		94 >
< 74		95 >
< 75		76 >
< 75		77 >
< 75		78 >
< 75		80 >
< 75		81 >
< 75		82 >
< 75		86 >
< 75		88 >
< 75		90 >
< 75		91 >
< 75		92 >
< 75		93 >
< 75		99 >
< 75		100 >
< 76		78 >
< 76		79 >
< 76		81 >
< 76		82 >
< 76		88 >
< 76		89 >
< 76		90 >
< 76		92 >
< 76		93 >
< 76		94 >
< 76		95 >
< 76		96 >
< 76		97 >
< 77		78 >
< 77		79 >
< 77		80 >
< 77		82 >
< 77		84 >
< 77		86 >
< 77		89 >
< 77		90 >
< 77		91 >
< 77		92 >
< 77		93 >
< 77		95 >
< 77		98 >
< 78		79 >
< 78		80 >
< 78		82 >
< 78		86 >
< 78		87 >
< 78		91 >
< 78		93 >
< 78		94 >
< 78		96 >
< 78		97 >
< 78		98 >
< 78		99 >
< 79		82 >
< 79		83 >
< 79		85 >
< 79		86 >
< 79		88 >
< 79		89 >
< 79		91 >
< 79		94 >
< 79		95 >
< 79		97 >
< 79		99 >
< 80		82 >
< 80		83 >
< 80		84 >
< 80		85 >
< 80		88 >
< 80		89 >
< 80		93 >
< 80		95 >
< 80		97 >
< 80		99 >
< 80		100 >
< 81		82 >
< 81		86 >
< 81		87 >
< 81		89 >
< 81		91 >
< 81		93 >
< 81		97 >
< 81		98 >
< 81		99 >
< 81		100 >
< 82		83 >
< 82		86 >
< 82		88 >
< 82		89 >
< 82		90 >
< 82		91 >
< 82		92 >
< 82		93 >
< 82		95 >
< 82		96 >
< 83		86 >
< 83		87 >
< 83		89 >
< 83		90 >
< 83		91 >
< 83		93 >
< 83		94 >
< 83		96 >
< 83		97 >
< 83		100 >
< 84		85 >
< 84		86 >
< 84		87 >
< 84		90 >
< 84		92 >
< 84		95 >
< 84		96 >
< 84		97 >
< 84		99 >
< 84		100 >
< 85		86 >
< 85		87 >
< 85		90 >
< 85		91 >
< 85		92 >
< 85		94 >
< 85		95 >
< 85		96 >
< 85		98 >
< 86		87 >
< 86		90 >
< 86		92 >
< 86		96 >
< 86		97 >
< 86		99 >
< 86		100 >
< 87		95 >
< 87		96 >
< 87		97 >
< 87		99 >
< 88		91 >
< 88		94 >
< 88		95 >
< 88		98 >
< 88		99 >
< 89		96 >
< 89		99 >
< 90		93 >
< 90		95 >
< 90		96 >
< 90		97 >
< 90		98 >
< 90		100 >
< 91		92 >
< 91		95 >
< 91		96 >
< 92		94 >
< 92		99 >
< 93		95 >
< 93		96 >
< 93		98 >
< 94		96 >
< 94		97 >
< 94		100 >
< 95		96 >
< 95		99 >
< 95		100 >
< 97		98 >
< 98		100 >
