nNodes= 60
nPairs= 1198  
Weight
3
3
3
2
3
4
3
4
2
4
3
4
3
3
4
3
3
3
3
4
3
3
4
3
3
3
2
2
3
4
4
3
2
4
3
3
2
4
4
2
4
3
2
4
4
2
3
3
4
3
4
3
3
3
4
2
3
2
2
3
Cost
61		0		61		61		0		61		61		61		61		61		0		61		0		61		0		61		61		61		61		0		61		61		61		61		61		0		0		61		0		0		61		0		0		61		61		0		61		0		61		61		61		61		0		61		61		0		61		0		0		0		0		0		61		61		61		61		61		61		61		61		
0		61		61		0		61		0		61		0		61		61		0		0		61		61		61		61		61		0		0		61		61		61		61		61		61		61		61		0		61		61		61		61		61		0		0		0		61		61		0		0		0		61		61		61		0		0		0		0		0		61		0		0		0		61		61		0		61		61		61		61		
61		61		61		0		0		61		61		61		61		61		61		61		61		0		61		0		0		0		61		0		0		61		61		0		0		61		61		0		61		61		0		0		61		61		61		0		0		61		61		61		0		61		61		61		0		61		61		0		0		61		0		61		61		0		61		61		61		61		61		61		
61		0		0		61		61		0		61		61		0		0		61		61		0		0		0		61		61		61		61		61		61		61		61		61		61		61		61		61		0		61		61		0		0		61		61		61		61		61		61		0		0		0		61		61		0		61		61		61		61		0		0		61		61		0		61		61		61		0		61		61		
0		61		0		61		61		61		0		0		61		61		61		61		0		0		61		61		0		0		0		61		61		0		61		61		61		0		0		61		61		61		61		61		0		61		61		61		61		0		61		61		61		61		61		61		61		61		61		61		61		0		61		61		61		61		61		61		61		0		0		0		
61		0		61		0		61		61		61		61		0		61		61		61		61		61		0		61		0		0		61		61		61		61		0		0		61		61		0		0		61		0		0		61		61		0		61		0		61		0		0		61		0		61		61		0		61		61		61		61		0		61		61		61		61		61		61		61		61		61		0		61		
61		61		61		61		0		61		61		61		0		61		61		61		61		61		61		61		61		0		61		0		61		0		0		0		61		61		61		0		61		61		0		0		0		61		0		61		0		61		61		61		61		61		61		61		61		0		61		0		61		0		61		0		0		0		61		0		61		0		61		61		
61		0		61		61		0		61		61		61		0		0		61		0		61		61		61		61		0		0		0		0		0		61		0		0		61		61		61		61		61		61		61		0		61		0		61		61		61		0		0		61		61		61		61		61		0		61		61		0		61		0		61		0		61		61		0		61		61		0		61		61		
61		61		61		0		61		0		0		0		61		61		61		61		61		61		61		0		61		61		0		61		0		61		0		0		61		0		61		61		61		61		61		61		61		61		61		0		0		61		0		61		61		0		61		61		61		61		61		61		61		61		61		61		61		61		61		61		0		61		61		61		
61		61		61		0		61		61		61		0		61		61		0		61		0		61		0		61		0		0		61		61		61		61		0		61		61		61		0		61		61		61		61		61		61		61		61		61		61		0		61		61		0		0		61		0		61		0		0		61		61		61		61		0		61		61		61		61		61		0		61		61		
0		0		61		61		61		61		61		61		61		0		61		0		0		61		61		61		61		0		61		0		61		0		0		61		0		61		61		0		61		61		0		0		0		0		61		61		0		61		61		61		61		61		0		61		0		61		61		61		0		61		61		0		61		0		0		61		61		61		61		0		
61		0		61		61		61		61		61		0		61		61		0		61		0		61		61		0		61		61		0		61		61		0		0		61		61		0		0		61		61		0		0		0		0		61		61		0		61		61		0		0		61		0		61		0		61		0		61		61		0		61		61		61		61		61		61		61		61		61		61		61		
0		61		61		0		0		61		61		61		61		0		0		0		61		61		61		61		61		61		0		0		61		61		61		61		0		61		61		61		61		0		0		61		0		61		61		0		61		0		61		0		0		0		0		0		0		61		0		0		61		61		61		0		0		61		0		61		61		0		61		0		
61		61		0		0		0		61		61		61		61		61		61		61		61		61		61		61		61		61		61		61		61		61		61		61		0		61		61		61		61		61		61		61		61		61		0		0		61		61		0		61		0		61		0		61		61		61		61		0		0		0		61		61		0		61		61		61		61		0		61		61		
0		61		61		0		61		0		61		61		61		0		61		61		61		61		61		0		61		61		61		61		61		61		0		0		0		61		0		61		61		61		0		61		61		61		61		61		0		61		61		61		61		61		0		0		0		61		61		61		61		0		0		0		0		61		61		61		0		61		61		61		
61		61		0		61		61		61		61		61		0		61		61		0		61		61		0		61		0		61		61		61		61		61		61		61		61		61		61		61		61		61		61		61		61		0		61		61		61		0		61		0		0		61		61		61		61		0		61		0		61		0		61		61		61		61		61		61		0		61		61		61		
61		61		0		61		0		0		61		0		61		0		61		61		61		61		61		0		61		61		0		61		61		61		0		61		0		0		0		61		61		61		61		61		61		61		61		61		0		61		61		61		0		61		61		61		0		61		61		61		61		61		61		0		61		61		0		61		61		0		0		0		
61		0		0		61		0		0		0		0		61		0		0		61		61		61		61		61		61		61		0		61		0		61		61		61		61		61		61		61		0		61		0		61		0		0		61		61		61		0		61		61		0		61		61		61		0		61		61		61		0		61		61		61		0		61		61		61		0		0		61		61		
61		0		61		61		0		61		61		0		0		61		61		0		0		61		61		61		0		0		61		61		61		61		0		61		61		0		61		61		61		0		61		61		0		61		0		0		61		0		0		0		61		61		61		0		0		61		61		0		61		0		61		61		0		61		0		0		61		61		61		0		
0		61		0		61		61		61		0		0		61		61		0		61		0		61		61		61		61		61		61		61		0		61		61		0		0		61		0		61		0		61		61		61		0		0		0		61		61		61		0		61		61		61		61		61		0		61		61		61		61		61		61		0		61		61		61		0		61		61		61		61		
61		61		0		61		61		61		61		0		0		61		61		61		61		61		61		61		61		0		61		0		61		61		0		61		61		61		0		0		61		61		0		61		61		61		0		61		0		0		0		0		61		61		61		61		61		61		0		61		61		61		61		0		61		0		61		61		61		0		61		61		
61		61		61		61		0		61		0		61		61		61		0		0		61		61		61		61		61		61		61		61		61		61		0		0		0		0		0		61		0		61		0		0		61		61		61		0		61		61		61		0		0		61		0		61		61		61		61		61		61		61		61		61		0		61		61		61		61		0		61		61		
61		61		61		61		61		0		0		0		0		0		0		0		61		61		0		61		0		61		0		61		0		0		61		0		61		61		0		61		61		61		61		61		0		0		61		0		61		61		61		0		61		0		0		61		0		0		61		0		61		61		0		0		0		61		61		61		61		61		61		0		
61		61		0		61		61		0		0		0		0		61		61		61		61		61		0		61		61		61		61		0		61		0		0		61		61		61		61		61		61		61		61		0		61		61		0		0		61		61		61		0		61		0		0		61		61		61		0		61		0		61		61		61		61		0		61		61		61		0		0		0		
61		61		0		61		61		61		61		61		61		61		0		61		0		0		0		61		0		61		61		0		61		0		61		61		61		61		61		61		0		61		61		61		0		61		0		61		61		0		61		0		0		61		61		0		0		0		61		61		61		61		61		61		61		61		61		61		61		61		61		0		
0		61		61		61		0		61		61		61		0		61		61		0		61		61		61		61		0		61		0		61		61		0		61		61		61		61		61		61		61		61		0		61		61		0		0		61		61		61		61		61		61		61		0		0		61		61		0		61		61		0		61		61		61		61		0		61		61		61		61		61		
0		61		61		61		0		0		61		61		61		0		61		0		61		61		0		61		0		61		61		0		0		0		0		61		61		61		61		0		61		0		61		61		61		0		61		61		61		61		61		61		61		61		0		61		61		0		61		0		61		61		61		61		61		0		61		61		0		61		0		61		
61		0		0		61		61		0		0		61		61		61		0		61		61		61		61		61		61		61		61		61		0		61		61		61		61		61		0		61		0		61		61		0		61		0		0		61		61		0		61		61		61		61		0		61		0		61		0		61		61		61		0		61		61		0		0		61		61		0		61		0		
0		61		61		0		61		61		61		61		61		61		61		61		61		61		61		61		61		0		61		0		61		0		61		61		0		61		61		0		61		61		61		0		61		61		61		61		61		0		61		61		0		0		61		0		0		61		0		61		61		61		61		61		61		61		0		61		61		61		0		61		
0		61		61		61		61		0		61		61		61		61		61		0		0		61		61		61		61		61		0		61		61		61		61		61		61		61		0		61		61		61		0		61		0		61		0		61		61		61		0		0		61		61		61		61		0		0		0		61		0		61		61		0		61		61		0		61		61		0		0		0		
61		61		0		61		61		0		0		61		61		61		0		0		0		61		0		61		61		0		61		61		0		0		61		61		61		0		61		61		61		0		61		61		61		61		61		0		0		61		61		0		61		0		61		61		61		61		61		0		61		61		61		61		61		0		61		61		61		61		61		61		
0		61		0		0		61		61		0		0		61		61		0		0		61		61		61		61		61		61		61		61		61		0		61		0		61		61		61		0		0		61		61		61		61		61		0		0		0		61		61		0		61		61		61		61		0		61		61		61		61		61		61		61		0		61		61		61		61		61		0		61		
0		61		61		0		0		61		0		61		61		61		0		0		0		61		61		61		61		0		0		0		61		61		0		61		0		61		61		61		61		0		61		61		61		61		61		61		61		61		0		0		61		61		61		61		0		61		61		61		0		61		61		61		61		0		0		61		61		0		61		61		
61		0		61		61		61		0		61		0		61		61		0		61		61		61		61		0		61		0		61		0		61		61		0		61		61		0		0		0		61		61		61		61		61		61		61		61		0		61		61		61		0		61		61		61		0		61		61		61		61		61		61		0		61		61		61		61		61		0		61		61		
61		0		61		61		61		61		0		61		61		61		61		61		61		0		61		61		61		61		0		0		0		61		61		0		0		0		61		0		61		0		61		0		61		61		61		61		61		61		61		0		61		0		61		61		61		0		0		61		61		0		61		0		0		0		0		61		61		0		61		61		
0		0		0		61		61		0		61		61		0		61		61		0		0		0		61		61		61		61		0		61		61		0		0		0		61		61		61		61		61		61		0		0		61		61		61		61		61		0		61		61		0		0		61		61		61		61		61		0		0		0		61		61		61		0		61		0		61		61		0		61		
61		61		0		61		61		61		0		61		0		61		0		61		61		61		0		61		0		61		61		61		0		61		61		61		61		61		61		61		61		61		0		0		61		0		61		61		61		61		61		61		61		61		0		0		61		0		0		61		61		61		61		61		0		61		0		61		0		61		61		61		
0		61		61		61		0		0		61		0		61		0		61		61		0		61		61		0		61		0		0		61		0		61		61		61		0		61		61		0		0		61		61		61		61		61		61		0		61		61		0		61		0		61		61		61		61		61		61		0		0		61		61		0		61		61		61		61		0		61		0		0		
61		0		61		61		61		0		61		0		0		61		61		0		61		0		61		61		61		61		0		0		0		61		61		61		61		61		61		61		61		0		61		61		0		61		61		61		61		0		61		61		0		61		61		61		0		61		61		61		61		61		0		61		61		61		61		61		61		0		61		0		
61		0		61		0		61		61		61		61		61		61		61		0		0		61		61		0		61		61		0		61		0		0		0		0		0		61		61		61		61		0		0		0		0		61		0		61		61		61		61		61		0		61		61		61		61		61		0		61		0		61		61		0		61		61		0		0		61		61		61		61		
61		0		0		0		61		0		61		61		61		0		61		61		0		0		61		0		0		0		61		61		61		0		61		61		0		61		61		61		0		61		61		61		61		0		61		0		61		0		0		0		61		61		61		61		61		61		0		61		61		61		61		61		61		61		61		61		61		0		61		61		
61		61		61		0		61		61		61		61		0		0		61		0		0		61		61		61		61		61		61		61		61		61		0		0		61		61		61		61		0		61		0		61		61		61		0		0		61		61		61		61		61		61		61		61		61		61		0		61		61		61		61		61		61		0		61		0		61		61		61		0		
0		61		61		61		61		61		61		61		61		61		0		61		0		0		0		61		61		61		61		61		61		0		0		0		61		0		0		0		61		61		61		61		61		61		61		61		0		61		61		61		61		61		61		61		61		61		61		61		61		61		61		61		61		0		61		61		61		0		0		0		
61		61		61		61		61		0		61		61		61		0		61		0		0		61		0		61		61		61		0		61		61		61		61		61		0		0		61		61		0		61		61		61		61		61		61		61		0		61		61		61		61		61		61		61		61		0		61		0		61		61		0		61		61		61		61		61		0		61		61		0		
61		0		0		0		61		61		61		0		61		61		0		61		0		61		0		61		0		0		0		0		61		61		0		61		0		61		61		0		0		0		61		0		0		0		61		61		61		61		0		61		61		61		61		61		61		0		0		0		61		0		0		61		61		61		0		0		61		61		61		61		
0		0		61		61		61		61		0		61		61		0		61		0		61		61		61		0		61		61		61		61		61		61		0		61		0		61		0		61		61		0		61		61		61		61		0		61		0		61		61		61		61		61		61		0		0		61		61		61		61		61		61		0		61		61		0		0		61		61		61		61		
61		0		61		61		61		61		61		61		61		0		61		61		0		61		61		61		61		61		61		61		0		61		61		0		61		0		61		0		0		0		61		61		61		61		0		61		0		61		61		0		0		0		61		61		0		61		61		0		61		61		61		61		61		0		0		61		0		61		0		61		
0		0		0		61		61		61		0		0		61		61		61		61		0		0		61		0		61		61		0		61		61		61		0		61		61		61		0		61		61		61		0		61		61		61		61		0		61		0		61		61		61		61		61		0		0		61		0		61		0		0		0		61		61		61		0		61		61		61		61		0		
0		0		0		61		61		0		61		61		61		61		0		0		61		0		61		61		61		0		61		61		61		61		61		0		61		61		61		61		61		0		61		61		0		61		61		0		61		0		61		0		61		61		61		61		61		61		61		0		61		0		61		61		61		61		0		61		61		61		61		61		
0		61		61		0		0		61		0		0		61		61		61		61		61		0		0		0		61		61		0		61		61		61		61		61		61		0		61		61		61		61		61		61		61		61		0		0		61		61		61		61		61		61		61		61		0		61		61		0		0		61		0		61		61		61		0		61		0		0		61		61		
0		0		0		0		61		61		61		61		61		61		61		61		61		61		0		61		61		61		61		61		61		61		0		61		61		61		61		0		61		61		61		61		61		61		61		61		61		61		0		61		61		61		61		0		0		61		61		0		61		0		61		0		61		61		61		61		61		61		0		61		
0		0		61		61		61		61		0		0		61		0		0		61		0		61		0		61		0		61		61		0		0		61		0		61		61		61		61		61		61		0		61		61		61		0		0		61		61		0		61		0		61		61		61		61		61		0		61		61		61		61		0		61		61		61		0		61		0		61		61		61		
61		0		61		61		61		61		0		61		61		61		61		61		0		0		0		61		61		0		0		61		61		0		0		61		61		61		61		61		61		61		61		0		61		61		0		61		0		61		61		61		61		61		61		61		61		61		61		61		61		61		61		61		61		61		0		61		61		61		61		61		
61		61		0		0		61		61		0		61		61		61		0		61		61		61		61		61		61		61		61		61		0		61		61		0		61		61		0		0		61		61		0		61		0		61		0		0		61		61		61		61		61		0		0		61		61		61		0		61		61		61		61		61		61		61		0		61		61		61		61		61		
61		61		61		61		61		61		61		0		61		61		0		61		0		61		61		61		0		61		0		61		61		61		61		61		61		0		61		0		0		0		61		61		0		61		0		61		0		61		61		0		61		61		61		61		0		0		0		0		0		0		61		0		0		0		61		61		61		0		0		0		
61		0		61		61		61		61		0		61		61		61		61		61		61		61		61		61		61		61		0		0		61		61		61		61		61		61		61		61		61		61		61		61		61		61		61		0		61		61		61		0		61		0		61		61		0		0		61		61		61		61		61		61		61		61		61		61		0		61		0		61		
61		61		61		61		61		61		61		61		0		61		61		61		61		61		0		0		61		0		61		61		61		61		61		61		61		61		0		61		61		61		61		61		61		61		61		61		0		0		61		61		61		61		61		0		61		61		0		61		61		0		61		0		61		61		61		0		61		0		61		61		
61		61		61		0		0		61		0		0		61		0		61		61		0		0		61		61		0		0		61		61		0		0		61		0		61		61		61		0		61		0		61		61		0		0		0		61		61		61		0		61		0		61		0		61		61		61		61		61		61		0		61		61		61		61		0		61		0		61		61		61		
61		61		61		61		0		0		61		61		61		61		61		61		61		61		61		61		0		61		61		61		61		61		61		0		61		61		0		61		0		0		61		0		61		61		61		0		61		0		61		61		61		61		0		61		61		61		0		61		61		61		0		61		61		61		0		0		61		61		61		0		
61		61		61		61		0		61		61		61		61		61		0		61		0		61		61		61		0		61		0		61		61		61		0		0		0		61		61		0		61		0		61		61		61		61		61		61		61		0		0		61		61		0		0		0		61		61		61		0		61		61		61		61		61		61		0		61		61		61		0		61		
NDC Pairs
< 1		3 >
< 1		4 >
< 1		6 >
< 1		7 >
< 1		8 >
< 1		9 >
< 1		10 >
< 1		12 >
< 1		14 >
< 1		16 >
< 1		17 >
< 1		18 >
< 1		19 >
< 1		21 >
< 1		22 >
< 1		23 >
< 1		24 >
< 1		25 >
< 1		28 >
< 1		31 >
< 1		34 >
< 1		35 >
< 1		37 >
< 1		39 >
< 1		40 >
< 1		41 >
< 1		42 >
< 1		44 >
< 1		45 >
< 1		47 >
< 1		53 >
< 1		54 >
< 1		55 >
< 1		56 >
< 1		57 >
< 1		58 >
< 1		59 >
< 1		60 >
< 2		3 >
< 2		5 >
< 2		7 >
< 2		9 >
< 2		10 >
< 2		13 >
< 2		14 >
< 2		15 >
< 2		16 >
< 2		17 >
< 2		20 >
< 2		21 >
< 2		22 >
< 2		23 >
< 2		24 >
< 2		25 >
< 2		26 >
< 2		27 >
< 2		29 >
< 2		30 >
< 2		31 >
< 2		32 >
< 2		33 >
< 2		37 >
< 2		38 >
< 2		42 >
< 2		43 >
< 2		44 >
< 2		50 >
< 2		54 >
< 2		55 >
< 2		57 >
< 2		58 >
< 2		59 >
< 2		60 >
< 3		6 >
< 3		7 >
< 3		8 >
< 3		9 >
< 3		10 >
< 3		11 >
< 3		12 >
< 3		13 >
< 3		15 >
< 3		19 >
< 3		22 >
< 3		23 >
< 3		26 >
< 3		27 >
< 3		29 >
< 3		30 >
< 3		33 >
< 3		34 >
< 3		35 >
< 3		38 >
< 3		39 >
< 3		40 >
< 3		42 >
< 3		43 >
< 3		44 >
< 3		46 >
< 3		47 >
< 3		50 >
< 3		52 >
< 3		53 >
< 3		55 >
< 3		56 >
< 3		57 >
< 3		58 >
< 3		59 >
< 3		60 >
< 4		5 >
< 4		7 >
< 4		8 >
< 4		11 >
< 4		12 >
< 4		16 >
< 4		17 >
< 4		18 >
< 4		19 >
< 4		20 >
< 4		21 >
< 4		22 >
< 4		23 >
< 4		24 >
< 4		25 >
< 4		26 >
< 4		27 >
< 4		28 >
< 4		30 >
< 4		31 >
< 4		34 >
< 4		35 >
< 4		36 >
< 4		37 >
< 4		38 >
< 4		39 >
< 4		43 >
< 4		44 >
< 4		46 >
< 4		47 >
< 4		48 >
< 4		49 >
< 4		52 >
< 4		53 >
< 4		55 >
< 4		56 >
< 4		57 >
< 4		59 >
< 4		60 >
< 5		6 >
< 5		9 >
< 5		10 >
< 5		11 >
< 5		12 >
< 5		15 >
< 5		16 >
< 5		20 >
< 5		21 >
< 5		23 >
< 5		24 >
< 5		25 >
< 5		28 >
< 5		29 >
< 5		30 >
< 5		31 >
< 5		32 >
< 5		34 >
< 5		35 >
< 5		36 >
< 5		37 >
< 5		39 >
< 5		40 >
< 5		41 >
< 5		42 >
< 5		43 >
< 5		44 >
< 5		45 >
< 5		46 >
< 5		47 >
< 5		48 >
< 5		49 >
< 5		51 >
< 5		52 >
< 5		53 >
< 5		54 >
< 5		55 >
< 5		56 >
< 5		57 >
< 6		7 >
< 6		8 >
< 6		10 >
< 6		11 >
< 6		12 >
< 6		13 >
< 6		14 >
< 6		16 >
< 6		19 >
< 6		20 >
< 6		21 >
< 6		22 >
< 6		25 >
< 6		26 >
< 6		29 >
< 6		32 >
< 6		33 >
< 6		35 >
< 6		37 >
< 6		40 >
< 6		42 >
< 6		43 >
< 6		45 >
< 6		46 >
< 6		47 >
< 6		48 >
< 6		50 >
< 6		51 >
< 6		52 >
< 6		53 >
< 6		54 >
< 6		55 >
< 6		56 >
< 6		57 >
< 6		58 >
< 6		60 >
< 7		8 >
< 7		10 >
< 7		11 >
< 7		12 >
< 7		13 >
< 7		14 >
< 7		15 >
< 7		16 >
< 7		17 >
< 7		19 >
< 7		21 >
< 7		25 >
< 7		26 >
< 7		27 >
< 7		29 >
< 7		30 >
< 7		34 >
< 7		36 >
< 7		38 >
< 7		39 >
< 7		40 >
< 7		41 >
< 7		42 >
< 7		43 >
< 7		44 >
< 7		45 >
< 7		47 >
< 7		49 >
< 7		51 >
< 7		55 >
< 7		57 >
< 7		59 >
< 7		60 >
< 8		11 >
< 8		13 >
< 8		14 >
< 8		15 >
< 8		16 >
< 8		22 >
< 8		25 >
< 8		26 >
< 8		27 >
< 8		28 >
< 8		29 >
< 8		30 >
< 8		31 >
< 8		33 >
< 8		35 >
< 8		36 >
< 8		37 >
< 8		40 >
< 8		41 >
< 8		42 >
< 8		43 >
< 8		44 >
< 8		46 >
< 8		47 >
< 8		49 >
< 8		51 >
< 8		53 >
< 8		54 >
< 8		56 >
< 8		57 >
< 8		59 >
< 8		60 >
< 9		10 >
< 9		11 >
< 9		12 >
< 9		13 >
< 9		14 >
< 9		15 >
< 9		17 >
< 9		18 >
< 9		20 >
< 9		22 >
< 9		25 >
< 9		27 >
< 9		28 >
< 9		29 >
< 9		30 >
< 9		31 >
< 9		32 >
< 9		33 >
< 9		34 >
< 9		35 >
< 9		38 >
< 9		40 >
< 9		41 >
< 9		43 >
< 9		44 >
< 9		45 >
< 9		46 >
< 9		47 >
< 9		48 >
< 9		49 >
< 9		50 >
< 9		51 >
< 9		52 >
< 9		53 >
< 9		54 >
< 9		55 >
< 9		56 >
< 9		58 >
< 9		59 >
< 9		60 >
< 10		12 >
< 10		14 >
< 10		16 >
< 10		19 >
< 10		20 >
< 10		21 >
< 10		22 >
< 10		24 >
< 10		25 >
< 10		26 >
< 10		28 >
< 10		29 >
< 10		30 >
< 10		31 >
< 10		32 >
< 10		33 >
< 10		34 >
< 10		35 >
< 10		36 >
< 10		37 >
< 10		39 >
< 10		40 >
< 10		43 >
< 10		45 >
< 10		48 >
< 10		49 >
< 10		50 >
< 10		51 >
< 10		53 >
< 10		54 >
< 10		55 >
< 10		56 >
< 10		57 >
< 10		59 >
< 10		60 >
< 11		14 >
< 11		15 >
< 11		16 >
< 11		17 >
< 11		19 >
< 11		21 >
< 11		24 >
< 11		26 >
< 11		27 >
< 11		29 >
< 11		30 >
< 11		35 >
< 11		36 >
< 11		38 >
< 11		39 >
< 11		40 >
< 11		41 >
< 11		42 >
< 11		44 >
< 11		46 >
< 11		47 >
< 11		48 >
< 11		50 >
< 11		51 >
< 11		53 >
< 11		56 >
< 11		57 >
< 11		58 >
< 11		59 >
< 12		14 >
< 12		15 >
< 12		17 >
< 12		18 >
< 12		20 >
< 12		21 >
< 12		24 >
< 12		25 >
< 12		28 >
< 12		29 >
< 12		34 >
< 12		35 >
< 12		37 >
< 12		38 >
< 12		41 >
< 12		43 >
< 12		45 >
< 12		47 >
< 12		48 >
< 12		50 >
< 12		51 >
< 12		52 >
< 12		53 >
< 12		54 >
< 12		55 >
< 12		56 >
< 12		57 >
< 12		58 >
< 12		59 >
< 12		60 >
< 13		14 >
< 13		15 >
< 13		16 >
< 13		17 >
< 13		18 >
< 13		21 >
< 13		22 >
< 13		23 >
< 13		24 >
< 13		26 >
< 13		27 >
< 13		28 >
< 13		29 >
< 13		32 >
< 13		34 >
< 13		35 >
< 13		37 >
< 13		39 >
< 13		46 >
< 13		49 >
< 13		50 >
< 13		51 >
< 13		54 >
< 13		56 >
< 13		57 >
< 13		59 >
< 14		15 >
< 14		16 >
< 14		17 >
< 14		18 >
< 14		19 >
< 14		20 >
< 14		21 >
< 14		22 >
< 14		23 >
< 14		24 >
< 14		26 >
< 14		27 >
< 14		28 >
< 14		29 >
< 14		30 >
< 14		31 >
< 14		32 >
< 14		33 >
< 14		34 >
< 14		37 >
< 14		38 >
< 14		40 >
< 14		42 >
< 14		44 >
< 14		45 >
< 14		46 >
< 14		47 >
< 14		51 >
< 14		52 >
< 14		54 >
< 14		55 >
< 14		56 >
< 14		57 >
< 14		59 >
< 14		60 >
< 15		17 >
< 15		18 >
< 15		19 >
< 15		20 >
< 15		21 >
< 15		22 >
< 15		26 >
< 15		28 >
< 15		29 >
< 15		30 >
< 15		32 >
< 15		33 >
< 15		34 >
< 15		35 >
< 15		36 >
< 15		38 >
< 15		39 >
< 15		40 >
< 15		41 >
< 15		42 >
< 15		46 >
< 15		47 >
< 15		48 >
< 15		49 >
< 15		54 >
< 15		55 >
< 15		56 >
< 15		58 >
< 15		59 >
< 15		60 >
< 16		18 >
< 16		19 >
< 16		20 >
< 16		21 >
< 16		22 >
< 16		23 >
< 16		24 >
< 16		25 >
< 16		26 >
< 16		27 >
< 16		28 >
< 16		29 >
< 16		30 >
< 16		31 >
< 16		32 >
< 16		33 >
< 16		35 >
< 16		36 >
< 16		37 >
< 16		39 >
< 16		42 >
< 16		43 >
< 16		44 >
< 16		45 >
< 16		47 >
< 16		49 >
< 16		51 >
< 16		52 >
< 16		53 >
< 16		54 >
< 16		55 >
< 16		56 >
< 16		58 >
< 16		59 >
< 16		60 >
< 17		18 >
< 17		20 >
< 17		21 >
< 17		22 >
< 17		24 >
< 17		28 >
< 17		29 >
< 17		30 >
< 17		31 >
< 17		32 >
< 17		33 >
< 17		34 >
< 17		35 >
< 17		36 >
< 17		38 >
< 17		39 >
< 17		40 >
< 17		42 >
< 17		43 >
< 17		44 >
< 17		46 >
< 17		47 >
< 17		48 >
< 17		49 >
< 17		50 >
< 17		51 >
< 17		53 >
< 17		54 >
< 17		56 >
< 17		57 >
< 18		20 >
< 18		22 >
< 18		23 >
< 18		24 >
< 18		25 >
< 18		26 >
< 18		27 >
< 18		28 >
< 18		30 >
< 18		32 >
< 18		35 >
< 18		36 >
< 18		37 >
< 18		39 >
< 18		40 >
< 18		42 >
< 18		43 >
< 18		44 >
< 18		46 >
< 18		47 >
< 18		48 >
< 18		50 >
< 18		51 >
< 18		52 >
< 18		54 >
< 18		55 >
< 18		56 >
< 18		59 >
< 18		60 >
< 19		20 >
< 19		21 >
< 19		22 >
< 19		24 >
< 19		25 >
< 19		27 >
< 19		28 >
< 19		29 >
< 19		31 >
< 19		32 >
< 19		34 >
< 19		37 >
< 19		41 >
< 19		42 >
< 19		43 >
< 19		46 >
< 19		47 >
< 19		49 >
< 19		51 >
< 19		52 >
< 19		54 >
< 19		57 >
< 19		58 >
< 19		59 >
< 20		22 >
< 20		23 >
< 20		26 >
< 20		28 >
< 20		30 >
< 20		31 >
< 20		32 >
< 20		36 >
< 20		37 >
< 20		38 >
< 20		40 >
< 20		41 >
< 20		42 >
< 20		43 >
< 20		44 >
< 20		46 >
< 20		47 >
< 20		48 >
< 20		49 >
< 20		50 >
< 20		51 >
< 20		53 >
< 20		54 >
< 20		55 >
< 20		57 >
< 20		58 >
< 20		59 >
< 20		60 >
< 21		22 >
< 21		24 >
< 21		25 >
< 21		26 >
< 21		29 >
< 21		30 >
< 21		32 >
< 21		33 >
< 21		34 >
< 21		36 >
< 21		41 >
< 21		42 >
< 21		43 >
< 21		44 >
< 21		45 >
< 21		46 >
< 21		48 >
< 21		49 >
< 21		50 >
< 21		51 >
< 21		53 >
< 21		55 >
< 21		56 >
< 21		57 >
< 21		59 >
< 21		60 >
< 22		28 >
< 22		30 >
< 22		33 >
< 22		34 >
< 22		35 >
< 22		37 >
< 22		38 >
< 22		39 >
< 22		42 >
< 22		44 >
< 22		45 >
< 22		46 >
< 22		47 >
< 22		48 >
< 22		49 >
< 22		50 >
< 22		51 >
< 22		52 >
< 22		54 >
< 22		55 >
< 22		56 >
< 22		57 >
< 22		59 >
< 22		60 >
< 23		25 >
< 23		26 >
< 23		28 >
< 23		29 >
< 23		30 >
< 23		31 >
< 23		32 >
< 23		35 >
< 23		37 >
< 23		38 >
< 23		39 >
< 23		41 >
< 23		44 >
< 23		47 >
< 23		49 >
< 23		50 >
< 23		54 >
< 23		55 >
< 23		56 >
< 23		57 >
< 23		58 >
< 23		59 >
< 24		25 >
< 24		26 >
< 24		27 >
< 24		28 >
< 24		29 >
< 24		30 >
< 24		31 >
< 24		33 >
< 24		34 >
< 24		37 >
< 24		38 >
< 24		39 >
< 24		41 >
< 24		44 >
< 24		45 >
< 24		46 >
< 24		48 >
< 24		50 >
< 24		51 >
< 24		52 >
< 24		53 >
< 24		55 >
< 24		56 >
< 24		57 >
< 25		26 >
< 25		27 >
< 25		28 >
< 25		30 >
< 25		31 >
< 25		32 >
< 25		34 >
< 25		36 >
< 25		37 >
< 25		39 >
< 25		42 >
< 25		43 >
< 25		47 >
< 25		48 >
< 25		49 >
< 25		50 >
< 25		51 >
< 25		52 >
< 25		53 >
< 25		54 >
< 25		55 >
< 25		56 >
< 25		57 >
< 25		58 >
< 25		59 >
< 26		27 >
< 26		28 >
< 26		29 >
< 26		30 >
< 26		32 >
< 26		33 >
< 26		36 >
< 26		37 >
< 26		38 >
< 26		39 >
< 26		40 >
< 26		41 >
< 26		42 >
< 26		45 >
< 26		46 >
< 26		48 >
< 26		49 >
< 26		51 >
< 26		52 >
< 26		53 >
< 26		54 >
< 26		56 >
< 26		57 >
< 26		58 >
< 26		59 >
< 26		60 >
< 27		29 >
< 27		31 >
< 27		32 >
< 27		33 >
< 27		35 >
< 27		36 >
< 27		37 >
< 27		38 >
< 27		39 >
< 27		40 >
< 27		41 >
< 27		42 >
< 27		44 >
< 27		45 >
< 27		47 >
< 27		49 >
< 27		50 >
< 27		51 >
< 27		52 >
< 27		53 >
< 27		55 >
< 27		56 >
< 27		58 >
< 27		60 >
< 28		30 >
< 28		31 >
< 28		33 >
< 28		36 >
< 28		37 >
< 28		39 >
< 28		40 >
< 28		41 >
< 28		42 >
< 28		44 >
< 28		46 >
< 28		48 >
< 28		49 >
< 28		50 >
< 28		52 >
< 28		53 >
< 28		56 >
< 28		57 >
< 28		59 >
< 29		30 >
< 29		31 >
< 29		33 >
< 29		34 >
< 29		35 >
< 29		36 >
< 29		37 >
< 29		39 >
< 29		40 >
< 29		43 >
< 29		46 >
< 29		48 >
< 29		49 >
< 29		50 >
< 29		51 >
< 29		52 >
< 29		53 >
< 29		54 >
< 29		56 >
< 29		57 >
< 29		58 >
< 29		60 >
< 30		32 >
< 30		34 >
< 30		36 >
< 30		37 >
< 30		38 >
< 30		41 >
< 30		42 >
< 30		43 >
< 30		44 >
< 30		48 >
< 30		50 >
< 30		51 >
< 30		53 >
< 30		54 >
< 30		56 >
< 30		57 >
< 31		32 >
< 31		33 >
< 31		34 >
< 31		35 >
< 31		38 >
< 31		39 >
< 31		41 >
< 31		43 >
< 31		44 >
< 31		45 >
< 31		46 >
< 31		47 >
< 31		49 >
< 31		50 >
< 31		51 >
< 31		52 >
< 31		53 >
< 31		55 >
< 31		56 >
< 31		57 >
< 31		58 >
< 31		59 >
< 31		60 >
< 32		33 >
< 32		34 >
< 32		38 >
< 32		39 >
< 32		41 >
< 32		42 >
< 32		43 >
< 32		44 >
< 32		46 >
< 32		47 >
< 32		48 >
< 32		49 >
< 32		50 >
< 32		51 >
< 32		52 >
< 32		54 >
< 32		55 >
< 32		56 >
< 32		57 >
< 32		58 >
< 32		60 >
< 33		34 >
< 33		35 >
< 33		36 >
< 33		37 >
< 33		38 >
< 33		41 >
< 33		42 >
< 33		43 >
< 33		44 >
< 33		46 >
< 33		47 >
< 33		48 >
< 33		50 >
< 33		51 >
< 33		52 >
< 33		53 >
< 33		56 >
< 33		57 >
< 33		59 >
< 33		60 >
< 34		35 >
< 34		36 >
< 34		38 >
< 34		39 >
< 34		40 >
< 34		42 >
< 34		43 >
< 34		44 >
< 34		46 >
< 34		47 >
< 34		48 >
< 34		49 >
< 34		50 >
< 34		51 >
< 34		53 >
< 34		54 >
< 34		55 >
< 34		56 >
< 34		57 >
< 34		59 >
< 34		60 >
< 35		36 >
< 35		37 >
< 35		38 >
< 35		39 >
< 35		41 >
< 35		43 >
< 35		44 >
< 35		45 >
< 35		48 >
< 35		49 >
< 35		51 >
< 35		56 >
< 35		57 >
< 35		59 >
< 35		60 >
< 36		37 >
< 36		39 >
< 36		40 >
< 36		43 >
< 36		44 >
< 36		45 >
< 36		46 >
< 36		47 >
< 36		51 >
< 36		52 >
< 36		53 >
< 36		55 >
< 36		57 >
< 36		58 >
< 36		60 >
< 37		38 >
< 37		39 >
< 37		40 >
< 37		41 >
< 37		42 >
< 37		45 >
< 37		48 >
< 37		49 >
< 37		50 >
< 37		51 >
< 37		52 >
< 37		54 >
< 37		56 >
< 37		58 >
< 37		59 >
< 37		60 >
< 38		40 >
< 38		42 >
< 38		43 >
< 38		44 >
< 38		45 >
< 38		46 >
< 38		47 >
< 38		50 >
< 38		51 >
< 38		53 >
< 38		54 >
< 38		55 >
< 38		56 >
< 38		58 >
< 39		40 >
< 39		42 >
< 39		43 >
< 39		44 >
< 39		46 >
< 39		47 >
< 39		48 >
< 39		49 >
< 39		50 >
< 39		52 >
< 39		53 >
< 39		54 >
< 39		55 >
< 39		56 >
< 39		57 >
< 39		59 >
< 40		42 >
< 40		43 >
< 40		44 >
< 40		45 >
< 40		46 >
< 40		48 >
< 40		50 >
< 40		51 >
< 40		53 >
< 40		54 >
< 40		57 >
< 40		58 >
< 40		59 >
< 40		60 >
< 41		42 >
< 41		43 >
< 41		44 >
< 41		45 >
< 41		46 >
< 41		48 >
< 41		49 >
< 41		50 >
< 41		51 >
< 41		52 >
< 41		53 >
< 41		54 >
< 41		55 >
< 41		56 >
< 41		57 >
< 41		59 >
< 41		60 >
< 42		43 >
< 42		44 >
< 42		45 >
< 42		46 >
< 42		48 >
< 42		49 >
< 42		50 >
< 42		51 >
< 42		52 >
< 42		53 >
< 42		55 >
< 42		57 >
< 42		58 >
< 42		59 >
< 43		44 >
< 43		45 >
< 43		46 >
< 43		47 >
< 43		48 >
< 43		49 >
< 43		50 >
< 43		51 >
< 43		52 >
< 43		53 >
< 43		55 >
< 43		56 >
< 43		57 >
< 44		45 >
< 44		47 >
< 44		49 >
< 44		50 >
< 44		52 >
< 44		53 >
< 44		54 >
< 44		55 >
< 44		56 >
< 44		58 >
< 44		59 >
< 45		49 >
< 45		52 >
< 45		53 >
< 45		54 >
< 45		57 >
< 45		58 >
< 45		59 >
< 45		60 >
< 46		47 >
< 46		48 >
< 46		49 >
< 46		50 >
< 46		51 >
< 46		53 >
< 46		54 >
< 46		57 >
< 46		58 >
< 46		59 >
< 46		60 >
< 47		49 >
< 47		50 >
< 47		51 >
< 47		52 >
< 47		53 >
< 47		56 >
< 47		58 >
< 47		60 >
< 48		52 >
< 48		53 >
< 48		54 >
< 48		56 >
< 48		57 >
< 48		58 >
< 48		59 >
< 49		51 >
< 49		52 >
< 49		53 >
< 49		54 >
< 49		56 >
< 49		57 >
< 49		58 >
< 49		59 >
< 49		60 >
< 50		52 >
< 50		53 >
< 50		54 >
< 50		56 >
< 50		59 >
< 50		60 >
< 51		53 >
< 51		54 >
< 51		55 >
< 51		56 >
< 51		57 >
< 51		58 >
< 51		60 >
< 52		53 >
< 52		54 >
< 52		56 >
< 52		58 >
< 52		59 >
< 52		60 >
< 53		54 >
< 53		56 >
< 53		57 >
< 53		58 >
< 53		59 >
< 53		60 >
< 54		56 >
< 54		57 >
< 54		58 >
< 54		59 >
< 54		60 >
< 55		56 >
< 55		57 >
< 56		58 >
< 56		60 >
< 57		59 >
< 57		60 >
< 58		59 >
< 58		60 >
