nNodes= 40
nPairs= 223  
Weight
4
2
2
2
4
4
4
4
4
2
2
4
2
2
4
4
3
4
3
4
2
2
4
2
3
4
3
2
2
2
2
2
3
4
4
3
2
3
2
2
Cost
41		41		41		0		0		0		0		0		0		0		41		0		0		0		0		41		0		41		0		0		0		0		0		0		0		41		41		0		0		0		0		0		0		41		0		41		0		41		41		0		
41		41		0		0		0		0		0		0		0		0		41		0		0		0		0		0		0		0		0		0		0		0		0		0		0		0		0		41		0		0		0		0		0		0		41		41		41		0		0		0		
41		0		41		41		41		41		41		0		41		0		0		0		0		0		0		0		0		0		41		41		0		0		41		0		41		41		0		0		41		0		41		41		0		0		41		0		0		0		0		0		
0		0		41		41		41		0		0		0		0		0		41		41		0		0		0		0		0		0		0		41		0		0		0		41		0		0		0		41		41		0		41		0		0		41		0		41		41		0		0		0		
0		0		41		41		41		0		0		0		0		41		0		0		0		0		0		0		0		0		0		0		0		41		41		41		0		0		0		41		0		41		0		41		0		0		41		0		0		0		41		0		
0		0		41		0		0		41		41		41		0		0		41		41		0		41		41		0		0		41		0		0		0		41		41		41		0		0		0		0		41		41		41		0		0		0		0		0		41		0		0		41		
0		0		41		0		0		41		41		0		0		0		0		41		41		41		41		0		0		0		41		41		41		41		0		41		0		0		0		0		0		0		0		0		0		0		0		41		41		41		0		0		
0		0		0		0		0		41		0		41		0		41		41		0		41		0		0		0		0		41		0		41		0		41		0		0		41		0		0		41		0		0		0		0		41		0		0		0		0		0		0		0		
0		0		41		0		0		0		0		0		41		0		0		0		41		0		0		0		0		41		41		41		0		0		0		41		0		41		41		0		41		0		41		0		0		0		0		41		0		41		0		0		
0		0		0		0		41		0		0		41		0		41		41		0		0		0		0		41		0		41		0		41		0		41		41		0		41		0		0		0		41		0		0		0		0		41		0		0		0		0		0		41		
41		41		0		41		0		41		0		41		0		41		41		0		0		0		0		0		0		0		0		0		0		0		41		0		0		41		41		0		0		41		0		0		0		41		41		41		0		0		0		0		
0		0		0		41		0		41		41		0		0		0		0		41		0		0		0		0		0		0		0		41		0		0		0		0		0		0		41		0		41		0		41		41		0		0		0		0		0		0		0		0		
0		0		0		0		0		0		41		41		41		0		0		0		41		41		0		0		41		0		0		41		41		0		41		0		41		0		0		0		41		0		0		0		41		0		0		0		0		41		0		0		
0		0		0		0		0		41		41		0		0		0		0		0		41		41		0		0		0		41		41		0		0		0		41		0		0		0		41		0		0		0		0		0		0		0		0		0		0		0		41		41		
0		0		0		0		0		41		41		0		0		0		0		0		0		0		41		0		41		0		41		41		41		0		0		0		0		0		0		41		41		41		0		0		0		0		0		0		0		0		0		0		
41		0		0		0		0		0		0		0		0		41		0		0		0		0		0		41		0		0		0		0		0		41		0		0		0		0		0		0		41		0		0		41		0		0		41		41		0		0		0		0		
0		0		0		0		0		0		0		0		0		0		0		0		41		0		41		0		41		0		0		0		41		0		0		41		0		0		0		0		41		0		0		0		0		0		0		41		0		41		0		41		
41		0		0		0		0		41		0		41		41		41		0		0		0		41		0		0		0		41		0		0		0		41		0		0		0		41		41		41		0		0		0		41		0		0		0		0		0		0		0		0		
0		0		41		0		0		0		41		0		41		0		0		0		0		41		41		0		0		0		41		0		0		0		0		0		0		0		0		0		41		0		41		0		0		0		0		0		0		0		0		0		
0		0		41		41		0		0		41		41		41		41		0		41		41		0		41		0		0		0		0		41		41		0		41		0		41		0		0		0		0		0		0		0		0		0		41		41		41		0		0		0		
0		0		0		0		0		0		41		0		0		0		0		0		41		0		41		0		41		0		0		41		41		0		0		0		41		0		41		0		0		0		0		0		0		41		41		41		0		0		0		0		
0		0		0		0		41		41		41		41		0		41		0		0		0		0		0		41		0		41		0		0		0		41		0		41		0		41		0		0		41		0		0		41		41		0		41		41		0		41		0		0		
0		0		41		0		41		41		0		0		0		41		41		0		41		41		0		0		0		0		0		41		0		0		41		0		0		0		0		0		0		0		0		0		0		0		0		0		0		0		0		0		
0		0		0		41		41		41		41		0		41		0		0		0		0		0		0		0		41		0		0		0		0		41		0		41		41		0		0		41		0		0		41		0		0		41		0		41		0		0		0		41		
0		0		41		0		0		0		0		41		0		41		0		0		41		0		0		0		0		0		0		41		41		0		0		41		41		0		41		41		0		41		41		0		41		41		0		0		0		0		0		0		
41		0		41		0		0		0		0		0		41		0		41		0		0		0		0		0		0		41		0		0		0		41		0		0		0		41		41		0		0		41		41		41		41		41		0		0		0		41		41		0		
41		0		0		0		0		0		0		0		41		0		41		41		0		41		0		0		0		41		0		0		41		0		0		0		41		41		41		0		0		0		0		0		0		41		0		41		41		0		41		41		
0		41		0		41		41		0		0		41		0		0		0		0		0		0		41		0		0		41		0		0		0		0		0		41		41		0		0		41		0		0		41		0		41		41		41		0		0		0		41		0		
0		0		41		41		0		41		0		0		41		41		0		41		41		0		41		41		41		0		41		0		0		41		0		0		0		0		0		0		41		0		0		41		0		0		0		41		41		41		0		41		
0		0		0		0		41		41		0		0		0		0		41		0		0		0		41		0		0		0		0		0		0		0		0		0		41		41		0		0		0		41		41		0		41		0		0		0		41		41		41		0		
0		0		41		41		0		41		0		0		41		0		0		41		0		0		0		0		0		0		41		0		0		0		0		41		41		41		0		41		0		41		41		0		0		0		0		0		0		0		0		0		
0		0		41		0		41		0		0		0		0		0		0		41		0		0		0		41		0		41		0		0		0		41		0		0		0		41		0		0		41		0		0		41		0		0		0		0		0		0		0		0		
0		0		0		0		0		0		0		41		0		0		0		0		41		0		0		0		0		0		0		0		0		41		0		0		41		41		0		41		0		41		0		0		41		0		0		0		0		41		0		0		
41		0		0		41		0		0		0		0		0		41		41		0		0		0		0		0		0		0		0		0		41		0		0		41		41		41		41		41		0		0		0		0		0		41		0		0		0		41		0		0		
0		41		41		0		41		0		0		0		0		0		41		0		0		0		0		41		0		0		0		41		41		41		0		0		0		0		0		41		0		0		0		0		0		0		41		0		0		0		0		0		
41		41		0		41		0		0		41		0		41		0		41		0		0		0		0		41		41		0		0		41		41		41		0		41		0		0		41		0		41		0		0		0		0		0		0		41		0		0		0		41		
0		41		0		41		0		41		41		0		0		0		0		0		0		0		0		0		0		0		0		41		0		0		0		0		0		0		41		0		41		41		0		0		0		0		0		0		41		41		41		0		
41		0		0		0		0		0		41		0		41		0		0		0		41		0		0		0		41		0		0		0		0		41		0		0		0		41		0		0		41		41		0		0		41		41		0		0		41		41		0		0		
41		0		0		0		41		0		0		0		0		0		0		0		0		41		0		0		0		0		0		0		0		0		0		0		0		41		41		41		0		41		0		0		0		0		0		0		41		0		41		0		
0		0		0		0		0		41		0		0		0		41		0		0		0		41		0		0		41		0		0		0		0		0		0		41		0		0		41		0		41		0		0		0		0		0		0		41		0		0		0		41		
NDC Pairs
< 1		2 >
< 1		3 >
< 1		11 >
< 1		16 >
< 1		18 >
< 1		26 >
< 1		27 >
< 1		34 >
< 1		36 >
< 1		38 >
< 1		39 >
< 2		11 >
< 2		28 >
< 2		35 >
< 2		36 >
< 2		37 >
< 3		4 >
< 3		5 >
< 3		6 >
< 3		7 >
< 3		9 >
< 3		19 >
< 3		20 >
< 3		23 >
< 3		25 >
< 3		26 >
< 3		29 >
< 3		31 >
< 3		32 >
< 3		35 >
< 4		5 >
< 4		11 >
< 4		12 >
< 4		20 >
< 4		24 >
< 4		28 >
< 4		29 >
< 4		31 >
< 4		34 >
< 4		36 >
< 4		37 >
< 5		10 >
< 5		22 >
< 5		23 >
< 5		24 >
< 5		28 >
< 5		30 >
< 5		32 >
< 5		35 >
< 5		39 >
< 6		7 >
< 6		8 >
< 6		11 >
< 6		12 >
< 6		14 >
< 6		15 >
< 6		18 >
< 6		22 >
< 6		23 >
< 6		24 >
< 6		29 >
< 6		30 >
< 6		31 >
< 6		37 >
< 6		40 >
< 7		12 >
< 7		13 >
< 7		14 >
< 7		15 >
< 7		19 >
< 7		20 >
< 7		21 >
< 7		22 >
< 7		24 >
< 7		36 >
< 7		37 >
< 7		38 >
< 8		10 >
< 8		11 >
< 8		13 >
< 8		18 >
< 8		20 >
< 8		22 >
< 8		25 >
< 8		28 >
< 8		33 >
< 9		13 >
< 9		18 >
< 9		19 >
< 9		20 >
< 9		24 >
< 9		26 >
< 9		27 >
< 9		29 >
< 9		31 >
< 9		36 >
< 9		38 >
< 10		11 >
< 10		16 >
< 10		18 >
< 10		20 >
< 10		22 >
< 10		23 >
< 10		25 >
< 10		29 >
< 10		34 >
< 10		40 >
< 11		23 >
< 11		26 >
< 11		27 >
< 11		30 >
< 11		34 >
< 11		35 >
< 11		36 >
< 12		20 >
< 12		27 >
< 12		29 >
< 12		31 >
< 12		32 >
< 13		14 >
< 13		17 >
< 13		20 >
< 13		21 >
< 13		23 >
< 13		25 >
< 13		29 >
< 13		33 >
< 13		38 >
< 14		18 >
< 14		19 >
< 14		23 >
< 14		27 >
< 14		39 >
< 14		40 >
< 15		17 >
< 15		19 >
< 15		20 >
< 15		21 >
< 15		28 >
< 15		29 >
< 15		30 >
< 16		22 >
< 16		29 >
< 16		32 >
< 16		35 >
< 16		36 >
< 17		21 >
< 17		24 >
< 17		29 >
< 17		36 >
< 17		38 >
< 17		40 >
< 18		22 >
< 18		26 >
< 18		27 >
< 18		28 >
< 18		32 >
< 19		29 >
< 19		31 >
< 20		21 >
< 20		23 >
< 20		25 >
< 20		35 >
< 20		36 >
< 20		37 >
< 21		25 >
< 21		27 >
< 21		34 >
< 21		35 >
< 21		36 >
< 22		24 >
< 22		26 >
< 22		29 >
< 22		32 >
< 22		33 >
< 22		35 >
< 22		36 >
< 22		38 >
< 24		25 >
< 24		28 >
< 24		31 >
< 24		34 >
< 24		36 >
< 24		40 >
< 25		27 >
< 25		28 >
< 25		30 >
< 25		31 >
< 25		33 >
< 25		34 >
< 26		27 >
< 26		30 >
< 26		31 >
< 26		32 >
< 26		33 >
< 26		34 >
< 26		38 >
< 26		39 >
< 27		34 >
< 27		36 >
< 27		37 >
< 27		39 >
< 27		40 >
< 28		31 >
< 28		33 >
< 28		34 >
< 28		35 >
< 28		39 >
< 29		32 >
< 29		36 >
< 29		37 >
< 29		38 >
< 29		40 >
< 30		31 >
< 30		33 >
< 30		37 >
< 30		38 >
< 30		39 >
< 33		38 >
< 34		38 >
< 36		40 >
< 37		38 >
< 37		39 >
