nNodes= 60
nPairs= 172  
Weight
2
3
2
2
4
4
4
2
4
4
3
4
3
4
3
2
4
4
4
4
4
4
3
4
4
2
2
3
4
4
2
2
2
2
4
2
2
2
4
2
3
3
4
2
2
4
2
4
4
2
3
3
3
4
3
4
4
2
2
3
Cost
61		0		0		0		0		0		0		0		0		0		0		0		61		61		0		0		0		0		0		0		0		0		0		0		0		0		0		61		0		0		0		0		0		0		61		0		0		0		0		0		0		0		0		0		0		0		0		0		0		0		61		0		0		0		0		0		0		0		0		0		
0		61		0		0		0		0		0		0		0		0		0		0		0		0		0		0		0		0		0		0		0		0		0		61		0		0		0		0		0		0		0		0		0		0		0		0		61		0		61		0		61		0		0		0		0		0		0		0		0		0		0		0		0		0		61		0		0		61		0		61		
0		0		61		0		0		0		0		0		0		0		0		61		0		61		0		0		0		0		0		0		0		0		0		0		0		0		0		0		0		0		0		0		0		0		0		0		0		0		0		0		0		0		0		0		0		0		61		0		0		0		0		0		0		0		0		0		0		0		0		0		
0		0		0		61		0		0		0		0		0		0		0		0		0		0		0		0		0		0		0		0		0		0		0		0		0		0		61		0		0		61		0		0		0		0		0		0		0		0		0		0		0		61		0		0		0		0		0		0		0		0		0		0		0		0		0		0		0		61		61		0		
0		0		0		0		61		0		0		0		0		0		0		0		0		0		0		0		0		0		0		0		0		0		0		0		0		0		0		0		0		0		61		0		0		61		0		0		0		0		0		0		0		0		0		0		0		0		0		0		0		0		0		0		0		0		0		0		0		61		0		0		
0		0		0		0		0		61		0		0		0		0		61		0		0		0		0		0		0		0		0		0		0		0		0		0		0		0		0		61		0		61		0		0		61		0		0		61		61		0		61		0		0		0		0		0		61		0		61		0		0		61		0		0		0		0		0		0		0		0		0		0		
0		0		0		0		0		0		61		0		0		0		0		0		61		0		0		0		0		0		0		0		0		0		0		0		0		0		0		0		0		0		0		0		0		0		0		0		0		0		0		0		0		0		0		0		0		0		0		0		0		0		61		0		61		0		0		0		0		0		0		0		
0		0		0		0		0		0		0		61		0		0		0		0		0		0		0		61		0		0		0		0		0		0		0		0		0		61		61		0		0		0		0		0		0		0		0		0		0		0		0		0		61		0		0		0		0		0		0		0		0		0		0		0		0		61		0		0		0		0		0		0		
0		0		0		0		0		0		0		0		61		0		0		0		0		0		0		0		0		61		0		61		0		0		61		0		0		0		0		0		0		0		0		0		61		0		0		0		61		0		61		0		0		0		0		0		0		61		0		0		0		0		0		0		61		0		0		0		0		0		0		61		
0		0		0		0		0		0		0		0		0		61		0		0		0		0		0		61		0		61		0		0		0		0		0		0		0		0		0		0		0		61		0		61		61		0		0		61		0		0		0		0		61		0		0		0		0		0		0		0		0		61		0		61		0		0		0		0		0		61		0		0		
0		0		0		0		0		61		0		0		0		0		61		0		61		0		0		0		0		0		0		0		0		0		0		0		0		0		61		0		61		0		0		0		61		0		0		61		0		61		0		0		0		0		0		0		0		61		0		0		61		0		0		0		61		0		0		0		0		61		0		0		
0		0		61		0		0		0		0		0		0		0		0		61		0		0		0		0		0		0		0		0		0		0		0		0		0		0		0		0		0		0		0		61		0		61		0		61		61		0		61		0		61		61		0		61		61		0		0		0		0		0		0		0		0		0		61		0		0		0		0		0		
61		0		0		0		0		0		61		0		0		0		61		0		61		0		61		0		0		0		0		0		0		0		0		0		0		0		0		61		0		0		61		0		61		0		61		0		0		0		0		0		0		0		0		0		0		0		0		0		0		0		0		0		0		0		0		0		0		0		0		0		
61		0		61		0		0		0		0		0		0		0		0		0		0		61		0		0		0		0		0		0		0		0		0		0		0		0		0		61		0		0		0		0		0		0		0		0		0		0		0		0		0		0		0		61		0		0		0		0		0		0		0		0		0		0		0		61		61		0		0		0		
0		0		0		0		0		0		0		0		0		0		0		0		61		0		61		0		61		0		0		0		61		0		61		0		0		0		0		0		61		0		0		0		0		0		0		0		0		0		0		0		0		61		0		0		0		0		0		0		0		0		0		0		0		0		61		0		0		0		0		0		
0		0		0		0		0		0		0		61		0		61		0		0		0		0		0		61		0		0		0		0		0		0		0		0		0		61		0		0		0		0		0		0		0		0		0		61		0		0		0		0		0		0		0		0		0		0		0		0		61		0		0		61		0		0		0		0		0		0		0		0		
0		0		0		0		0		0		0		0		0		0		0		0		0		0		61		0		61		0		0		0		0		0		0		0		0		0		0		0		0		0		0		0		0		0		0		0		0		0		0		0		0		0		0		0		0		0		0		0		61		0		0		0		0		61		0		0		0		0		0		0		
0		0		0		0		0		0		0		0		61		61		0		0		0		0		0		0		0		61		0		0		0		0		0		0		0		0		0		0		0		0		0		0		0		0		0		0		61		0		0		0		0		0		0		0		61		0		61		0		0		0		0		0		0		0		0		0		0		0		61		0		
0		0		0		0		0		0		0		0		0		0		0		0		0		0		0		0		0		0		61		0		0		0		0		0		61		0		0		0		0		0		0		0		0		0		0		0		0		0		0		0		0		0		0		0		0		0		0		0		0		0		0		0		61		0		0		0		0		0		0		0		
0		0		0		0		0		0		0		0		61		0		0		0		0		0		0		0		0		0		0		61		0		0		0		0		0		0		61		61		0		0		0		0		0		0		0		0		61		0		0		0		0		0		0		0		0		0		61		0		0		0		0		0		0		0		0		0		0		0		0		0		
0		0		0		0		0		0		0		0		0		0		0		0		0		0		61		0		0		0		0		0		61		0		61		0		0		0		61		0		0		61		61		0		0		0		0		0		0		0		0		0		0		0		0		0		0		61		0		0		0		0		0		0		0		0		0		0		0		0		0		0		
0		0		0		0		0		0		0		0		0		0		0		0		0		0		0		0		0		0		0		0		0		61		0		0		0		0		0		0		0		0		0		0		0		0		0		0		0		0		0		0		0		0		61		0		0		0		0		0		61		0		61		0		0		0		0		0		0		61		0		0		
0		0		0		0		0		0		0		0		61		0		0		0		0		0		61		0		0		0		0		0		61		0		61		0		0		0		0		0		0		0		0		0		0		0		0		0		0		0		0		0		0		0		61		0		0		0		0		0		0		0		0		0		0		0		0		0		0		0		0		0		
0		61		0		0		0		0		0		0		0		0		0		0		0		0		0		0		0		0		0		0		0		0		0		61		0		0		0		0		0		61		0		0		0		0		0		0		0		0		61		0		0		0		0		0		0		0		0		61		0		0		0		0		0		0		0		0		0		0		0		0		
0		0		0		0		0		0		0		0		0		0		0		0		0		0		0		0		0		0		61		0		0		0		0		0		61		0		0		0		0		0		0		0		0		0		61		0		0		0		0		0		0		0		0		0		0		61		0		0		0		61		0		61		0		0		0		0		0		0		0		0		
0		0		0		0		0		0		0		61		0		0		0		0		0		0		0		61		0		0		0		0		0		0		0		0		0		61		0		0		61		0		0		0		0		0		0		0		61		0		0		0		0		0		0		0		0		0		0		0		0		0		0		0		0		0		0		0		0		0		0		0		
0		0		0		61		0		0		0		61		0		0		61		0		0		0		0		0		0		0		0		61		61		0		0		0		0		0		61		0		0		0		0		0		0		0		0		0		0		0		0		0		0		0		0		0		0		0		0		0		0		0		61		0		0		0		0		0		0		0		0		0		
61		0		0		0		0		61		0		0		0		0		0		0		61		61		0		0		0		0		0		61		0		0		0		0		0		0		0		61		0		0		0		0		0		0		0		0		0		0		0		0		0		0		0		61		0		0		0		0		0		0		0		61		0		61		0		0		0		0		61		0		
0		0		0		0		0		0		0		0		0		0		61		0		0		0		61		0		0		0		0		0		0		0		0		0		0		61		0		0		61		0		61		0		0		0		0		0		0		0		0		0		0		0		0		0		0		0		0		0		0		0		0		0		0		0		0		0		0		0		0		0		
0		0		0		61		0		61		0		0		0		61		0		0		0		0		0		0		0		0		0		0		61		0		0		61		0		0		0		0		0		61		0		0		0		0		0		0		0		0		0		0		0		0		0		0		0		0		0		0		0		0		0		0		0		0		0		0		61		0		0		0		
0		0		0		0		61		0		0		0		0		0		0		0		61		0		0		0		0		0		0		0		61		0		0		0		0		0		0		0		61		0		61		0		0		0		0		0		0		0		0		0		0		0		0		0		0		0		61		0		0		0		0		0		0		61		0		0		0		0		0		0		
0		0		0		0		0		0		0		0		0		61		0		61		0		0		0		0		0		0		0		0		0		0		0		0		0		0		0		0		0		0		0		61		61		0		0		0		0		0		61		61		0		61		0		0		0		0		0		0		0		0		0		61		0		0		0		0		0		0		0		0		
0		0		0		0		0		61		0		0		61		61		61		0		61		0		0		0		0		0		0		0		0		0		0		0		0		0		0		0		0		0		0		61		61		0		0		0		0		0		0		0		0		61		0		0		0		0		0		0		0		0		0		0		0		61		0		0		0		0		0		0		
0		0		0		0		61		0		0		0		0		0		0		61		0		0		0		0		0		0		0		0		0		0		0		0		0		0		0		0		0		0		0		0		0		61		0		0		0		0		0		0		0		0		0		0		0		0		0		0		0		0		0		0		0		0		0		0		0		0		0		0		
61		0		0		0		0		0		0		0		0		0		0		0		61		0		0		0		0		0		0		0		0		0		0		0		61		0		0		0		0		0		0		0		0		0		61		0		0		0		0		0		0		0		0		0		0		0		0		0		0		0		0		0		0		0		0		0		0		0		0		0		
0		0		0		0		0		61		0		0		0		61		61		61		0		0		0		61		0		0		0		0		0		0		0		0		0		0		0		0		0		0		0		0		0		0		0		61		0		0		0		0		0		0		0		61		0		0		61		0		0		0		0		0		0		0		0		0		0		0		0		0		
0		61		0		0		0		61		0		0		61		0		0		61		0		0		0		0		0		61		0		61		0		0		0		0		0		61		0		0		0		0		0		0		0		0		0		0		61		0		0		0		0		61		61		0		0		0		0		0		0		0		0		0		0		0		0		61		0		0		0		0		
0		0		0		0		0		0		0		0		0		0		61		0		0		0		0		0		0		0		0		0		0		0		0		0		0		0		0		0		0		0		0		0		0		0		0		0		0		61		0		0		0		0		0		0		0		0		0		0		0		0		0		0		0		61		0		0		0		0		0		0		
0		61		0		0		0		61		0		0		61		0		0		61		0		0		0		0		0		0		0		0		0		0		0		61		0		0		0		0		0		0		0		61		0		0		0		0		0		0		61		0		0		0		0		0		0		0		0		0		0		0		0		0		0		0		0		0		0		0		0		0		
0		0		0		0		0		0		0		0		0		0		0		0		0		0		0		0		0		0		0		0		0		0		0		0		0		0		0		0		0		0		0		61		0		0		0		0		0		0		0		61		0		0		0		0		0		0		0		61		0		0		0		0		61		0		0		0		0		0		0		0		
0		61		0		0		0		0		0		61		0		61		0		61		0		0		0		0		0		0		0		0		0		0		0		0		0		0		0		0		0		0		0		0		0		0		0		0		0		0		0		0		61		0		0		0		0		0		0		0		61		0		0		0		0		0		0		0		0		0		0		0		
0		0		0		61		0		0		0		0		0		0		0		61		0		0		61		0		0		0		0		0		0		0		0		0		0		0		0		0		0		0		0		61		61		0		0		0		61		0		0		0		0		61		61		0		61		61		0		0		0		0		0		0		0		0		61		0		0		61		0		0		
0		0		0		0		0		0		0		0		0		0		0		0		0		0		0		0		0		0		0		0		0		61		61		0		0		0		0		0		0		0		0		0		0		0		0		0		61		0		0		0		0		61		61		0		61		0		61		0		0		0		0		0		0		0		61		0		0		0		0		0		
0		0		0		0		0		0		0		0		0		0		0		61		0		61		0		0		0		0		0		0		0		0		0		0		0		0		0		61		0		0		0		0		0		0		0		61		0		0		0		0		0		0		0		61		0		61		0		0		0		0		0		0		0		0		0		0		0		0		0		0		
0		0		0		0		0		61		0		0		0		0		0		61		0		0		0		0		0		61		0		0		0		0		0		0		0		0		0		0		0		0		0		0		0		0		0		0		0		0		0		0		0		61		61		0		61		0		0		0		0		0		0		0		0		0		0		0		0		0		0		0		
0		0		0		0		0		0		0		0		61		0		61		0		0		0		0		0		0		0		0		0		61		0		0		0		61		0		0		0		0		0		0		0		0		0		0		0		0		0		0		0		0		61		0		61		0		61		0		0		0		0		0		61		0		0		0		0		61		0		0		0		
0		0		61		0		0		61		0		0		0		0		0		0		0		0		0		0		0		61		0		61		0		0		0		0		0		0		0		0		0		0		61		0		0		0		0		61		0		0		0		0		0		0		61		0		0		0		61		0		0		0		0		0		0		0		0		0		0		0		0		0		
0		0		0		0		0		0		0		0		0		0		0		0		0		0		0		0		0		0		0		0		0		0		0		61		0		0		0		0		0		0		0		0		0		0		0		0		0		0		0		61		0		0		0		0		0		0		0		61		0		0		0		0		0		0		61		0		0		0		0		0		
0		0		0		0		0		0		0		0		0		0		61		0		0		0		0		61		61		0		0		0		0		61		0		0		0		0		0		0		0		0		0		0		0		0		0		0		0		0		0		0		61		0		0		0		0		0		0		0		61		61		61		0		0		0		0		0		0		0		61		0		
0		0		0		0		0		61		0		0		0		61		0		0		0		0		0		0		0		0		0		0		0		0		0		0		61		0		0		0		0		0		0		0		0		0		0		0		0		0		0		0		0		0		0		0		0		0		0		0		61		61		0		0		0		0		0		0		0		0		61		0		
61		0		0		0		0		0		61		0		0		0		0		0		0		0		0		0		0		0		0		0		0		61		0		0		0		0		61		0		0		0		0		0		0		0		0		0		0		0		0		0		0		0		0		0		0		0		0		0		61		0		61		0		0		0		0		0		0		0		0		0		
0		0		0		0		0		0		0		0		0		61		0		0		0		0		0		61		0		0		0		0		0		0		0		0		61		0		0		61		0		0		0		61		0		0		0		0		0		0		0		0		0		0		0		0		0		61		0		0		0		0		0		61		0		0		0		0		0		0		0		0		
0		0		0		0		0		0		61		0		61		0		61		0		0		0		0		0		0		0		61		0		0		0		0		0		0		0		0		0		0		0		0		0		0		0		0		0		0		0		0		61		0		0		0		0		0		0		0		0		0		0		0		0		61		0		0		0		0		0		0		0		
0		0		0		0		0		0		0		61		0		0		0		0		0		0		0		0		61		0		0		0		0		0		0		0		0		0		0		61		0		0		61		0		61		0		0		0		0		61		0		0		0		0		0		0		0		0		0		0		0		0		0		0		0		61		0		0		0		0		0		0		
0		61		0		0		0		0		0		0		0		0		0		61		0		0		61		0		0		0		0		0		0		0		0		0		0		0		0		0		0		0		0		0		0		0		0		0		0		0		0		0		0		61		61		0		0		0		0		61		0		0		0		0		0		0		61		0		0		0		0		0		
0		0		0		0		0		0		0		0		0		0		0		0		0		61		0		0		0		0		0		0		0		0		0		0		0		0		0		0		0		0		0		0		0		0		0		0		61		0		0		0		0		0		0		0		0		0		0		0		0		0		0		0		0		0		0		61		0		0		61		0		
0		0		0		0		0		0		0		0		0		0		0		0		0		61		0		0		0		0		0		0		0		0		0		0		0		0		0		0		0		61		0		0		0		0		0		0		0		0		0		0		0		0		0		0		0		61		0		0		0		0		0		0		0		0		0		0		61		0		0		0		
0		61		0		61		61		0		0		0		0		61		61		0		0		0		0		0		0		0		0		0		0		61		0		0		0		0		0		0		0		0		0		0		0		0		0		0		0		0		0		0		0		61		0		0		0		0		0		0		0		0		0		0		0		0		0		0		0		61		0		0		
0		0		0		61		0		0		0		0		0		0		0		0		0		0		0		0		0		61		0		0		0		0		0		0		0		0		0		61		0		0		0		0		0		0		0		0		0		0		0		0		0		0		0		0		0		0		0		0		61		61		0		0		0		0		0		61		0		0		61		0		
0		61		0		0		0		0		0		0		61		0		0		0		0		0		0		0		0		0		0		0		0		0		0		0		0		0		0		0		0		0		0		0		0		0		0		0		0		0		0		0		0		0		0		0		0		0		0		0		0		0		0		0		0		0		0		0		0		0		0		61		
NDC Pairs
< 1		13 >
< 1		14 >
< 1		28 >
< 1		35 >
< 1		51 >
< 2		24 >
< 2		37 >
< 2		39 >
< 2		41 >
< 2		55 >
< 2		58 >
< 2		60 >
< 3		12 >
< 3		14 >
< 3		47 >
< 4		27 >
< 4		30 >
< 4		42 >
< 4		58 >
< 4		59 >
< 5		31 >
< 5		34 >
< 5		58 >
< 6		11 >
< 6		28 >
< 6		30 >
< 6		33 >
< 6		36 >
< 6		37 >
< 6		39 >
< 6		45 >
< 6		47 >
< 6		50 >
< 7		13 >
< 7		51 >
< 7		53 >
< 8		16 >
< 8		26 >
< 8		27 >
< 8		41 >
< 8		54 >
< 9		18 >
< 9		20 >
< 9		23 >
< 9		33 >
< 9		37 >
< 9		39 >
< 9		46 >
< 9		53 >
< 9		60 >
< 10		16 >
< 10		18 >
< 10		30 >
< 10		32 >
< 10		33 >
< 10		36 >
< 10		41 >
< 10		50 >
< 10		52 >
< 10		58 >
< 11		13 >
< 11		27 >
< 11		29 >
< 11		33 >
< 11		36 >
< 11		38 >
< 11		46 >
< 11		49 >
< 11		53 >
< 11		58 >
< 12		32 >
< 12		34 >
< 12		36 >
< 12		37 >
< 12		39 >
< 12		41 >
< 12		42 >
< 12		44 >
< 12		45 >
< 12		55 >
< 13		15 >
< 13		28 >
< 13		31 >
< 13		33 >
< 13		35 >
< 14		28 >
< 14		44 >
< 14		56 >
< 14		57 >
< 15		17 >
< 15		21 >
< 15		23 >
< 15		29 >
< 15		42 >
< 15		55 >
< 16		26 >
< 16		36 >
< 16		49 >
< 16		52 >
< 17		49 >
< 17		54 >
< 18		37 >
< 18		45 >
< 18		47 >
< 18		59 >
< 19		25 >
< 19		53 >
< 20		27 >
< 20		28 >
< 20		37 >
< 20		47 >
< 21		23 >
< 21		27 >
< 21		30 >
< 21		31 >
< 21		46 >
< 22		43 >
< 22		49 >
< 22		51 >
< 22		58 >
< 23		43 >
< 24		30 >
< 24		39 >
< 24		48 >
< 25		35 >
< 25		46 >
< 25		50 >
< 25		52 >
< 26		29 >
< 26		37 >
< 27		51 >
< 28		44 >
< 28		52 >
< 28		54 >
< 28		59 >
< 29		31 >
< 30		57 >
< 31		47 >
< 31		54 >
< 32		33 >
< 32		39 >
< 32		40 >
< 32		42 >
< 32		52 >
< 33		42 >
< 33		54 >
< 36		44 >
< 36		47 >
< 37		42 >
< 37		43 >
< 37		56 >
< 38		54 >
< 40		48 >
< 40		53 >
< 41		49 >
< 42		43 >
< 42		45 >
< 42		46 >
< 42		55 >
< 42		58 >
< 43		45 >
< 43		47 >
< 43		55 >
< 44		46 >
< 46		52 >
< 46		57 >
< 48		55 >
< 49		50 >
< 49		51 >
< 49		59 >
< 50		59 >
< 56		59 >
