nNodes= 60
nPairs= 856  
Weight
2
3
2
4
3
3
3
4
4
4
2
2
2
2
3
2
2
2
4
2
2
2
4
4
4
3
2
4
4
4
2
2
4
3
2
3
4
4
4
2
2
3
4
2
2
4
4
4
4
4
4
2
2
3
2
3
3
2
4
3
Cost
61		61		0		61		61		61		61		61		0		0		0		61		0		61		61		0		0		0		61		0		61		0		61		0		61		0		0		61		61		0		61		61		0		0		0		0		0		61		0		61		0		61		0		61		61		0		0		0		61		0		61		61		0		0		61		0		0		0		0		61		
61		61		0		0		61		61		0		61		61		61		0		0		61		61		61		0		61		61		0		0		0		0		0		61		61		0		61		0		0		0		0		61		0		61		61		0		61		0		61		0		0		61		61		61		61		0		61		0		61		61		61		0		0		0		0		0		61		61		0		0		
0		0		61		61		61		0		0		61		61		0		61		0		61		61		61		0		61		0		61		0		0		0		61		61		0		61		0		0		61		61		0		0		61		61		61		0		61		61		0		0		0		61		61		61		61		61		0		61		61		61		61		0		61		0		61		61		0		61		0		61		
61		0		61		61		61		0		0		61		0		0		61		0		61		0		0		0		61		61		61		0		0		0		0		0		0		0		0		61		0		0		61		0		61		61		0		0		0		61		61		0		61		61		0		0		0		61		0		61		0		0		61		0		0		0		0		61		61		61		0		61		
61		61		61		61		61		61		0		0		61		61		0		61		0		61		61		0		0		0		0		0		61		61		0		61		0		61		0		0		61		61		61		61		61		0		61		61		0		61		61		0		0		61		0		0		0		0		0		61		0		0		61		0		0		0		61		0		61		61		61		61		
61		61		0		0		61		61		0		61		61		61		61		61		61		61		0		0		0		61		0		0		0		61		0		61		0		61		61		0		61		0		61		0		0		61		61		0		0		0		61		0		0		0		61		0		0		0		61		0		61		61		61		0		61		61		0		0		0		0		61		61		
61		0		0		0		0		0		61		0		61		61		0		0		61		0		0		0		0		0		0		61		0		61		0		61		61		61		0		0		61		61		61		61		0		61		61		61		0		0		0		61		61		0		61		0		61		0		61		0		0		0		0		0		61		0		0		61		0		61		61		0		
61		61		61		61		0		61		0		61		61		0		0		61		61		0		61		61		0		61		0		0		61		61		0		61		0		0		61		61		0		0		0		61		61		61		61		0		0		61		0		0		0		61		0		0		61		0		61		61		61		0		0		61		0		61		61		0		0		61		0		61		
0		61		61		0		61		61		61		61		61		61		61		61		0		0		0		0		61		61		0		61		61		0		61		0		61		0		0		61		61		61		0		0		61		0		61		0		61		0		61		61		0		61		0		61		61		61		61		61		61		0		0		0		0		0		61		0		0		0		61		0		
0		61		0		0		61		61		61		0		61		61		0		0		61		61		61		61		61		0		61		0		0		0		61		0		61		0		0		61		0		61		0		61		0		61		0		61		61		0		0		61		0		61		0		0		0		0		0		0		0		61		61		0		61		0		0		61		0		0		61		0		
0		0		61		61		0		61		0		0		61		0		61		61		61		61		0		0		61		0		0		0		61		61		61		0		0		61		0		0		0		61		0		0		61		61		0		0		0		0		0		0		0		0		0		0		0		0		0		61		0		61		0		61		61		0		0		0		61		0		61		61		
61		0		0		0		61		61		0		61		61		0		61		61		0		0		61		61		0		0		0		61		0		0		0		0		61		0		0		61		0		0		61		61		0		0		61		0		61		0		0		61		0		61		61		0		61		61		0		61		0		0		0		0		61		61		61		61		0		61		61		61		
0		61		61		61		0		61		61		61		0		61		61		0		61		61		0		61		61		61		61		61		0		61		0		61		0		61		0		61		0		61		0		0		0		0		0		0		0		61		61		0		0		0		0		0		0		0		0		0		61		0		61		61		0		0		61		61		61		0		61		0		
61		61		61		0		61		61		0		0		0		61		61		0		61		61		61		0		61		61		61		0		0		61		0		0		0		61		61		0		0		61		61		61		61		0		0		0		61		61		0		0		61		61		0		0		61		0		61		61		0		61		61		0		61		61		0		0		0		61		0		61		
61		61		61		0		61		0		0		61		0		61		0		61		0		61		61		0		0		0		61		61		61		61		0		61		0		0		61		61		0		61		61		61		61		61		61		61		61		61		0		0		0		61		0		0		0		61		61		61		0		61		61		0		61		0		0		0		0		61		61		0		
0		0		0		0		0		0		0		61		0		61		0		61		61		0		0		61		0		0		61		0		61		0		61		0		0		61		61		61		0		0		0		61		0		61		0		0		0		61		0		0		61		0		0		61		61		0		0		0		61		61		0		0		0		0		61		0		0		0		0		0		
0		61		61		61		0		0		0		0		61		61		61		0		61		61		0		0		61		0		0		61		0		61		0		0		61		61		61		61		61		0		0		61		0		61		0		0		61		61		0		0		0		0		61		61		61		0		61		61		61		0		61		61		61		61		0		0		61		61		0		61		
0		61		0		61		0		61		0		61		61		0		0		0		61		61		0		0		0		61		61		0		0		61		61		61		61		0		61		61		0		61		61		61		61		61		0		0		0		0		61		61		61		0		61		61		61		0		0		0		61		0		0		0		61		61		0		0		61		0		0		61		
61		0		61		61		0		0		0		0		0		61		0		0		61		61		61		61		0		61		61		0		61		0		61		61		61		61		0		0		61		0		0		61		0		0		0		61		61		0		0		61		61		61		61		0		61		61		61		61		61		0		0		61		0		61		61		0		0		0		61		61		
0		0		0		0		0		0		61		0		61		0		0		61		61		0		61		0		61		0		0		61		61		61		61		0		0		0		0		61		0		61		0		0		61		61		0		61		0		61		0		0		0		0		61		61		61		0		0		0		61		0		61		61		61		61		61		0		61		0		0		61		
61		0		0		0		61		0		0		61		61		0		61		0		0		0		61		61		0		0		61		61		61		61		61		61		61		61		61		0		61		0		61		61		61		61		0		0		0		0		61		0		0		61		61		0		61		61		0		0		0		61		0		0		0		61		0		0		0		61		0		61		
0		0		0		0		61		61		61		61		0		0		61		0		61		61		61		0		61		61		0		61		61		61		0		0		61		61		0		0		0		0		0		0		0		61		61		61		61		0		0		61		0		0		61		0		0		0		61		61		61		61		61		0		61		0		61		0		0		0		0		0		
61		0		61		0		0		0		0		0		61		61		61		0		0		0		0		61		0		61		61		61		61		0		61		61		61		0		61		61		0		61		0		61		61		0		61		61		0		0		61		0		0		0		0		0		0		0		0		0		0		61		61		61		61		61		61		61		61		0		61		61		
0		61		61		0		61		61		61		61		0		0		0		0		61		0		61		0		0		61		61		0		61		0		61		61		0		0		0		0		61		0		61		0		61		0		61		61		61		0		0		0		0		0		61		0		61		61		0		61		0		61		61		61		0		61		61		61		61		61		61		61		
61		61		0		0		0		0		61		0		61		61		0		61		0		0		0		0		61		61		61		0		61		61		61		0		61		61		61		0		61		61		0		0		0		0		0		0		0		61		61		61		61		61		0		0		61		0		61		0		61		61		0		61		61		0		0		61		0		61		61		0		
0		0		61		0		61		61		61		0		0		0		61		0		61		61		0		61		61		0		61		0		61		61		0		0		61		61		0		61		0		0		61		0		61		0		0		61		0		61		61		61		0		0		61		0		61		0		0		0		61		0		61		61		0		61		61		61		0		61		0		61		
0		61		0		0		0		61		0		61		0		0		0		0		0		61		61		61		61		61		0		0		61		0		61		0		61		0		61		61		0		61		0		0		61		61		61		61		61		0		0		0		61		0		0		0		61		61		61		0		61		61		0		61		0		61		0		0		0		61		0		0		
61		0		0		61		0		0		0		61		61		61		0		61		61		0		61		61		61		61		0		61		0		0		61		0		0		61		61		61		0		0		0		61		0		0		61		0		0		61		61		0		61		0		0		61		61		0		0		61		61		0		0		0		61		61		0		61		61		61		61		0		
61		0		61		0		61		61		61		0		61		0		0		0		0		0		0		0		61		0		61		0		61		0		0		61		61		0		0		0		61		0		61		0		61		61		0		61		61		0		0		0		0		0		61		0		0		0		61		61		0		61		61		61		61		61		0		61		0		0		0		0		
0		0		61		0		61		0		61		0		61		61		61		0		61		61		61		0		0		61		0		61		0		0		61		0		61		0		61		0		0		61		0		61		0		0		0		0		61		0		0		61		61		0		0		0		0		61		61		0		0		0		61		0		61		0		0		61		61		0		61		61		
61		0		0		61		61		61		61		0		0		0		0		61		0		61		61		0		0		61		0		0		61		0		0		61		0		61		0		0		61		0		61		61		0		61		0		61		61		61		61		0		61		0		0		0		0		0		0		61		61		0		61		0		0		0		61		0		61		61		0		61		
61		61		0		0		61		0		61		61		0		61		0		61		0		61		61		61		61		61		61		0		61		0		61		0		0		0		0		61		0		61		61		61		61		61		61		0		0		61		61		61		61		0		61		61		61		0		61		0		61		0		61		0		61		0		61		61		61		0		0		61		
0		0		61		61		61		0		0		61		61		0		61		0		0		61		61		0		0		61		0		61		61		0		61		61		0		61		61		0		61		0		0		61		61		0		61		0		0		61		61		61		0		0		0		61		0		0		61		61		61		0		61		61		0		61		0		61		61		0		0		61		
0		61		61		61		0		61		61		61		0		61		61		0		0		0		61		61		61		61		0		61		61		61		0		0		0		0		61		0		61		0		61		61		0		61		61		61		0		61		61		0		0		0		0		0		0		0		61		0		61		61		61		0		0		61		0		61		0		0		61		0		
0		61		61		0		61		61		61		61		61		0		0		61		0		0		61		0		0		0		0		0		0		61		61		61		0		0		61		61		0		0		0		61		61		61		61		61		61		0		0		0		0		0		61		0		61		0		61		61		0		61		0		61		61		61		61		61		0		61		61		0		
0		0		0		0		61		0		61		0		0		61		0		0		0		0		61		0		0		0		61		61		0		61		61		61		0		61		61		0		61		0		61		0		0		61		61		61		0		61		61		61		61		61		61		61		0		0		0		61		61		61		0		61		0		61		0		0		0		0		0		0		
0		61		61		0		0		0		0		0		61		61		0		61		0		61		61		0		61		0		61		0		0		61		0		61		0		0		61		0		61		61		61		0		0		0		61		0		61		61		61		61		61		0		61		0		0		0		0		61		61		0		0		61		0		61		61		0		61		61		0		61		
61		0		61		61		61		0		0		61		0		0		0		0		61		61		61		61		61		0		0		61		0		0		0		0		61		61		0		61		0		0		61		61		61		61		0		61		61		61		61		0		61		0		61		61		61		61		61		0		0		61		0		61		0		0		0		0		0		61		61		0		
0		61		0		61		61		61		0		0		61		0		0		0		61		0		0		0		0		61		0		0		61		0		61		0		61		61		0		61		0		0		61		61		61		61		0		61		61		61		61		61		0		61		61		0		0		61		0		0		0		0		61		0		0		0		61		0		61		61		0		0		
61		0		0		0		0		0		61		0		61		61		0		61		0		0		0		0		0		61		61		0		0		61		0		0		61		61		0		0		0		61		0		61		61		0		0		61		61		0		61		61		61		61		61		0		61		61		0		61		0		61		61		61		0		61		0		61		61		0		61		61		
0		0		0		61		0		0		61		0		0		0		0		0		0		61		0		61		0		61		61		0		0		0		0		0		61		0		61		61		0		61		61		61		0		0		0		61		61		61		0		61		61		61		61		61		0		61		61		0		0		0		61		61		0		0		61		61		0		61		0		0		
61		61		61		61		61		0		0		61		61		61		0		61		0		61		61		0		0		0		61		0		61		0		0		0		61		0		0		0		0		0		0		0		0		0		0		61		0		0		61		61		61		61		0		0		61		61		61		61		0		0		61		61		61		61		61		61		61		0		0		0		
0		61		61		0		0		61		61		0		0		0		0		61		0		0		0		0		61		61		61		61		61		61		0		61		0		61		0		0		61		0		0		61		0		0		61		61		61		61		61		61		61		0		61		0		61		0		0		0		0		61		61		61		61		61		61		61		0		0		61		61		
61		61		61		0		0		0		0		0		61		0		0		0		0		0		0		61		61		61		0		61		0		0		0		0		0		0		0		61		0		0		0		61		61		0		0		61		0		61		0		0		61		0		0		61		0		61		0		61		61		61		0		0		61		61		61		61		0		0		0		0		
61		61		61		0		0		0		61		61		61		0		0		61		0		61		0		61		61		61		61		61		61		0		0		61		61		61		61		61		0		0		0		61		0		0		61		0		0		61		0		61		0		61		61		0		61		0		0		61		61		0		0		61		0		0		61		61		61		0		0		0		
0		0		61		61		0		0		0		0		61		0		0		61		0		0		61		0		0		0		61		0		61		0		0		61		0		0		61		0		0		61		0		0		0		0		0		0		0		61		61		61		61		61		0		61		0		61		0		0		61		0		61		0		61		61		0		61		61		0		0		61		
0		61		0		0		0		61		61		61		61		0		0		0		0		61		61		0		61		0		61		0		0		61		0		0		61		0		61		0		61		61		0		61		61		61		61		0		0		61		0		0		61		61		0		0		0		0		61		61		0		61		61		61		0		0		0		0		61		61		0		0		
0		0		61		61		61		0		0		61		61		0		61		61		0		61		61		0		61		0		61		0		0		61		0		61		0		0		0		61		61		0		61		0		61		0		61		61		61		0		0		61		0		61		0		61		61		0		61		61		0		0		0		61		61		0		61		0		61		0		61		61		
61		61		61		0		0		61		0		61		61		0		0		0		61		0		0		61		61		61		61		61		0		61		0		0		61		61		61		61		0		0		61		61		61		61		0		61		61		0		0		0		0		0		0		61		61		61		0		0		61		0		0		0		61		0		0		0		0		61		0		61		
0		61		61		0		0		61		0		0		0		61		61		0		0		61		61		61		0		0		0		0		61		61		61		61		61		0		61		0		61		0		0		0		0		61		61		61		0		61		0		61		0		0		61		61		0		0		61		0		0		61		0		61		0		0		0		0		0		0		0		0		
61		61		61		61		61		61		0		0		0		61		0		0		61		61		61		0		61		0		0		61		0		61		61		61		0		61		0		0		61		61		61		61		61		61		0		0		0		0		61		61		61		61		61		0		0		61		61		0		0		0		61		0		61		61		61		61		0		0		0		0		
61		0		0		0		0		0		0		61		0		0		61		0		61		0		0		0		61		0		61		61		0		0		61		61		61		61		61		0		61		0		0		0		61		0		61		61		61		61		0		61		61		61		61		0		61		0		61		61		0		61		0		61		0		61		61		0		61		0		0		61		
0		0		61		0		0		61		61		0		0		61		61		61		0		61		61		0		61		61		0		61		0		61		61		0		61		0		0		61		61		61		0		61		0		0		61		0		0		0		0		0		0		61		61		61		0		61		0		61		61		0		61		0		61		0		61		0		61		0		0		0		
0		0		0		0		0		61		0		61		0		0		0		61		0		61		0		0		61		61		61		61		61		0		61		61		0		61		61		61		61		0		0		0		61		61		61		61		61		0		0		61		0		61		61		61		0		61		0		0		0		0		61		61		0		61		0		0		61		0		0		0		
61		0		61		0		61		0		0		61		61		0		0		61		61		0		0		61		0		0		61		61		0		61		61		61		0		61		0		0		0		0		61		61		0		0		61		0		61		0		61		0		61		61		61		61		61		0		0		61		0		0		61		61		61		0		61		0		0		0		61		0		
0		0		61		61		0		0		61		0		0		61		0		61		61		0		0		0		0		0		0		0		0		0		61		61		61		61		0		61		61		61		0		61		61		61		61		0		0		0		0		61		61		61		61		61		61		61		0		0		0		0		61		0		0		0		0		61		0		0		61		0		
0		61		0		61		61		0		0		0		0		0		61		0		61		0		0		0		61		61		0		61		0		0		61		61		0		0		0		61		0		61		61		61		61		0		0		0		61		0		61		61		0		61		0		0		61		61		61		61		0		0		0		61		61		61		0		0		61		0		61		61		
0		61		61		61		61		0		61		61		0		0		0		61		0		61		61		0		61		0		0		0		61		0		0		61		61		61		61		61		0		0		61		0		0		0		61		0		61		61		61		0		61		0		0		0		0		0		61		0		61		0		0		0		0		0		0		0		0		61		61		61		
0		0		0		0		61		61		61		0		61		61		61		61		61		0		61		0		0		0		61		0		0		0		61		61		61		0		0		61		0		61		0		0		0		61		61		0		0		61		0		61		0		0		61		0		0		0		0		61		0		0		0		0		0		0		61		61		61		61		61		0		
61		0		61		61		61		61		0		61		0		0		61		61		0		61		0		0		61		61		61		61		61		0		61		61		0		61		0		0		0		61		61		61		61		0		0		0		61		0		0		61		0		0		61		0		0		61		0		61		61		0		0		61		0		0		0		0		61		61		0		61		
NDC Pairs
< 1		2 >
< 1		4 >
< 1		5 >
< 1		6 >
< 1		7 >
< 1		8 >
< 1		12 >
< 1		14 >
< 1		15 >
< 1		19 >
< 1		21 >
< 1		23 >
< 1		25 >
< 1		28 >
< 1		29 >
< 1		31 >
< 1		32 >
< 1		38 >
< 1		40 >
< 1		42 >
< 1		44 >
< 1		45 >
< 1		49 >
< 1		51 >
< 1		52 >
< 1		55 >
< 1		60 >
< 2		5 >
< 2		6 >
< 2		8 >
< 2		9 >
< 2		10 >
< 2		13 >
< 2		14 >
< 2		15 >
< 2		17 >
< 2		18 >
< 2		24 >
< 2		25 >
< 2		27 >
< 2		32 >
< 2		34 >
< 2		35 >
< 2		37 >
< 2		39 >
< 2		42 >
< 2		43 >
< 2		44 >
< 2		45 >
< 2		47 >
< 2		49 >
< 2		50 >
< 2		51 >
< 2		57 >
< 2		58 >
< 3		4 >
< 3		5 >
< 3		8 >
< 3		9 >
< 3		11 >
< 3		13 >
< 3		14 >
< 3		15 >
< 3		17 >
< 3		19 >
< 3		23 >
< 3		24 >
< 3		26 >
< 3		29 >
< 3		30 >
< 3		33 >
< 3		34 >
< 3		35 >
< 3		37 >
< 3		38 >
< 3		42 >
< 3		43 >
< 3		44 >
< 3		45 >
< 3		46 >
< 3		48 >
< 3		49 >
< 3		50 >
< 3		51 >
< 3		53 >
< 3		55 >
< 3		56 >
< 3		58 >
< 3		60 >
< 4		5 >
< 4		8 >
< 4		11 >
< 4		13 >
< 4		17 >
< 4		18 >
< 4		19 >
< 4		28 >
< 4		31 >
< 4		33 >
< 4		34 >
< 4		38 >
< 4		39 >
< 4		41 >
< 4		42 >
< 4		46 >
< 4		48 >
< 4		51 >
< 4		56 >
< 4		57 >
< 4		58 >
< 4		60 >
< 5		6 >
< 5		9 >
< 5		10 >
< 5		12 >
< 5		14 >
< 5		15 >
< 5		21 >
< 5		22 >
< 5		24 >
< 5		26 >
< 5		29 >
< 5		30 >
< 5		31 >
< 5		32 >
< 5		33 >
< 5		35 >
< 5		36 >
< 5		38 >
< 5		39 >
< 5		42 >
< 5		48 >
< 5		51 >
< 5		55 >
< 5		57 >
< 5		58 >
< 5		59 >
< 5		60 >
< 6		8 >
< 6		9 >
< 6		10 >
< 6		11 >
< 6		12 >
< 6		13 >
< 6		14 >
< 6		18 >
< 6		22 >
< 6		24 >
< 6		26 >
< 6		27 >
< 6		29 >
< 6		31 >
< 6		34 >
< 6		35 >
< 6		39 >
< 6		43 >
< 6		47 >
< 6		49 >
< 6		50 >
< 6		51 >
< 6		53 >
< 6		54 >
< 6		59 >
< 6		60 >
< 7		9 >
< 7		10 >
< 7		13 >
< 7		20 >
< 7		22 >
< 7		24 >
< 7		25 >
< 7		26 >
< 7		29 >
< 7		30 >
< 7		31 >
< 7		32 >
< 7		34 >
< 7		35 >
< 7		36 >
< 7		40 >
< 7		41 >
< 7		43 >
< 7		45 >
< 7		47 >
< 7		53 >
< 7		56 >
< 7		58 >
< 7		59 >
< 8		9 >
< 8		12 >
< 8		13 >
< 8		15 >
< 8		16 >
< 8		18 >
< 8		21 >
< 8		22 >
< 8		24 >
< 8		27 >
< 8		28 >
< 8		32 >
< 8		33 >
< 8		34 >
< 8		35 >
< 8		38 >
< 8		42 >
< 8		45 >
< 8		47 >
< 8		48 >
< 8		49 >
< 8		52 >
< 8		54 >
< 8		55 >
< 8		58 >
< 8		60 >
< 9		10 >
< 9		11 >
< 9		12 >
< 9		17 >
< 9		18 >
< 9		20 >
< 9		21 >
< 9		23 >
< 9		25 >
< 9		28 >
< 9		29 >
< 9		30 >
< 9		33 >
< 9		35 >
< 9		37 >
< 9		39 >
< 9		40 >
< 9		42 >
< 9		44 >
< 9		45 >
< 9		46 >
< 9		47 >
< 9		48 >
< 9		49 >
< 9		55 >
< 9		59 >
< 10		13 >
< 10		14 >
< 10		15 >
< 10		16 >
< 10		17 >
< 10		19 >
< 10		23 >
< 10		25 >
< 10		28 >
< 10		30 >
< 10		32 >
< 10		34 >
< 10		36 >
< 10		37 >
< 10		40 >
< 10		42 >
< 10		50 >
< 10		51 >
< 10		53 >
< 10		56 >
< 10		59 >
< 11		12 >
< 11		13 >
< 11		14 >
< 11		17 >
< 11		21 >
< 11		22 >
< 11		23 >
< 11		26 >
< 11		30 >
< 11		33 >
< 11		34 >
< 11		48 >
< 11		50 >
< 11		52 >
< 11		53 >
< 11		57 >
< 11		59 >
< 11		60 >
< 12		15 >
< 12		16 >
< 12		20 >
< 12		25 >
< 12		28 >
< 12		31 >
< 12		32 >
< 12		35 >
< 12		37 >
< 12		40 >
< 12		42 >
< 12		43 >
< 12		45 >
< 12		46 >
< 12		48 >
< 12		53 >
< 12		54 >
< 12		55 >
< 12		56 >
< 12		58 >
< 12		59 >
< 12		60 >
< 13		14 >
< 13		16 >
< 13		17 >
< 13		18 >
< 13		19 >
< 13		20 >
< 13		22 >
< 13		24 >
< 13		26 >
< 13		28 >
< 13		30 >
< 13		38 >
< 13		39 >
< 13		49 >
< 13		51 >
< 13		52 >
< 13		55 >
< 13		56 >
< 13		57 >
< 13		59 >
< 14		15 >
< 14		17 >
< 14		18 >
< 14		19 >
< 14		22 >
< 14		26 >
< 14		27 >
< 14		30 >
< 14		31 >
< 14		32 >
< 14		33 >
< 14		37 >
< 14		38 >
< 14		41 >
< 14		42 >
< 14		45 >
< 14		47 >
< 14		48 >
< 14		50 >
< 14		51 >
< 14		53 >
< 14		54 >
< 14		58 >
< 14		60 >
< 15		19 >
< 15		20 >
< 15		21 >
< 15		22 >
< 15		24 >
< 15		27 >
< 15		28 >
< 15		30 >
< 15		31 >
< 15		32 >
< 15		33 >
< 15		34 >
< 15		35 >
< 15		36 >
< 15		37 >
< 15		38 >
< 15		42 >
< 15		46 >
< 15		47 >
< 15		48 >
< 15		50 >
< 15		51 >
< 15		53 >
< 15		58 >
< 15		59 >
< 16		19 >
< 16		21 >
< 16		23 >
< 16		26 >
< 16		27 >
< 16		28 >
< 16		32 >
< 16		34 >
< 16		38 >
< 16		41 >
< 16		44 >
< 16		45 >
< 16		49 >
< 16		50 >
< 16		55 >
< 17		20 >
< 17		22 >
< 17		25 >
< 17		26 >
< 17		27 >
< 17		28 >
< 17		29 >
< 17		32 >
< 17		34 >
< 17		37 >
< 17		38 >
< 17		43 >
< 17		44 >
< 17		45 >
< 17		47 >
< 17		48 >
< 17		49 >
< 17		51 >
< 17		52 >
< 17		53 >
< 17		54 >
< 17		57 >
< 17		58 >
< 17		60 >
< 18		19 >
< 18		22 >
< 18		23 >
< 18		24 >
< 18		25 >
< 18		27 >
< 18		28 >
< 18		30 >
< 18		31 >
< 18		32 >
< 18		33 >
< 18		34 >
< 18		39 >
< 18		40 >
< 18		41 >
< 18		43 >
< 18		44 >
< 18		45 >
< 18		49 >
< 18		53 >
< 18		54 >
< 18		57 >
< 18		60 >
< 19		21 >
< 19		23 >
< 19		24 >
< 19		25 >
< 19		26 >
< 19		29 >
< 19		32 >
< 19		36 >
< 19		37 >
< 19		40 >
< 19		41 >
< 19		42 >
< 19		43 >
< 19		45 >
< 19		46 >
< 19		47 >
< 19		48 >
< 19		49 >
< 19		52 >
< 19		54 >
< 19		55 >
< 19		59 >
< 19		60 >
< 20		21 >
< 20		22 >
< 20		23 >
< 20		28 >
< 20		30 >
< 20		33 >
< 20		34 >
< 20		36 >
< 20		38 >
< 20		43 >
< 20		44 >
< 20		45 >
< 20		49 >
< 20		51 >
< 20		52 >
< 20		53 >
< 20		54 >
< 20		55 >
< 20		57 >
< 20		60 >
< 21		22 >
< 21		23 >
< 21		24 >
< 21		25 >
< 21		26 >
< 21		27 >
< 21		29 >
< 21		31 >
< 21		32 >
< 21		33 >
< 21		34 >
< 21		39 >
< 21		42 >
< 21		43 >
< 21		45 >
< 21		46 >
< 21		50 >
< 21		54 >
< 21		58 >
< 21		60 >
< 22		25 >
< 22		26 >
< 22		34 >
< 22		35 >
< 22		36 >
< 22		37 >
< 22		40 >
< 22		43 >
< 22		47 >
< 22		48 >
< 22		49 >
< 22		50 >
< 22		51 >
< 22		53 >
< 22		55 >
< 23		24 >
< 23		25 >
< 23		27 >
< 23		28 >
< 23		30 >
< 23		32 >
< 23		33 >
< 23		35 >
< 23		36 >
< 23		39 >
< 23		50 >
< 23		51 >
< 23		52 >
< 23		53 >
< 23		54 >
< 23		55 >
< 23		56 >
< 23		57 >
< 23		59 >
< 23		60 >
< 24		29 >
< 24		31 >
< 24		33 >
< 24		35 >
< 24		36 >
< 24		37 >
< 24		43 >
< 24		45 >
< 24		46 >
< 24		48 >
< 24		50 >
< 24		51 >
< 24		52 >
< 24		54 >
< 24		55 >
< 24		56 >
< 24		57 >
< 24		58 >
< 24		59 >
< 24		60 >
< 25		26 >
< 25		27 >
< 25		29 >
< 25		30 >
< 25		38 >
< 25		39 >
< 25		40 >
< 25		41 >
< 25		42 >
< 25		45 >
< 25		47 >
< 25		49 >
< 25		50 >
< 25		52 >
< 25		53 >
< 25		56 >
< 25		58 >
< 25		59 >
< 26		28 >
< 26		31 >
< 26		33 >
< 26		36 >
< 26		38 >
< 26		39 >
< 26		40 >
< 26		43 >
< 26		45 >
< 26		49 >
< 26		51 >
< 26		52 >
< 26		54 >
< 26		55 >
< 26		56 >
< 26		58 >
< 26		60 >
< 27		28 >
< 27		30 >
< 27		33 >
< 27		34 >
< 27		35 >
< 27		36 >
< 27		37 >
< 27		41 >
< 27		45 >
< 27		46 >
< 27		47 >
< 27		49 >
< 27		50 >
< 27		52 >
< 27		54 >
< 27		58 >
< 28		32 >
< 28		35 >
< 28		38 >
< 28		39 >
< 28		41 >
< 28		44 >
< 28		45 >
< 28		48 >
< 28		49 >
< 28		53 >
< 28		54 >
< 28		56 >
< 28		57 >
< 28		58 >
< 28		59 >
< 29		31 >
< 29		33 >
< 29		34 >
< 29		36 >
< 29		37 >
< 29		43 >
< 29		47 >
< 29		48 >
< 29		50 >
< 29		51 >
< 29		52 >
< 29		53 >
< 29		54 >
< 29		56 >
< 30		32 >
< 30		37 >
< 30		40 >
< 30		41 >
< 30		46 >
< 30		47 >
< 30		51 >
< 30		53 >
< 30		56 >
< 30		57 >
< 30		59 >
< 30		60 >
< 31		32 >
< 31		34 >
< 31		36 >
< 31		37 >
< 31		38 >
< 31		39 >
< 31		41 >
< 31		48 >
< 31		49 >
< 31		51 >
< 31		55 >
< 31		57 >
< 31		58 >
< 31		60 >
< 32		33 >
< 32		34 >
< 32		35 >
< 32		38 >
< 32		39 >
< 32		40 >
< 32		41 >
< 32		43 >
< 32		44 >
< 32		45 >
< 32		47 >
< 32		49 >
< 32		51 >
< 32		53 >
< 32		55 >
< 32		56 >
< 32		57 >
< 32		60 >
< 33		35 >
< 33		38 >
< 33		39 >
< 33		40 >
< 33		44 >
< 33		47 >
< 33		48 >
< 33		49 >
< 33		51 >
< 33		52 >
< 33		54 >
< 33		56 >
< 33		57 >
< 33		60 >
< 34		35 >
< 34		36 >
< 34		38 >
< 34		39 >
< 34		47 >
< 34		49 >
< 34		50 >
< 34		51 >
< 34		54 >
< 34		56 >
< 34		59 >
< 35		36 >
< 35		37 >
< 35		43 >
< 35		45 >
< 35		47 >
< 35		48 >
< 35		50 >
< 35		52 >
< 35		53 >
< 35		54 >
< 35		55 >
< 35		56 >
< 35		58 >
< 35		59 >
< 36		38 >
< 36		39 >
< 36		40 >
< 36		41 >
< 36		42 >
< 36		43 >
< 36		44 >
< 36		48 >
< 36		49 >
< 36		50 >
< 36		52 >
< 36		54 >
< 37		38 >
< 37		39 >
< 37		40 >
< 37		41 >
< 37		43 >
< 37		48 >
< 37		49 >
< 37		52 >
< 37		54 >
< 37		55 >
< 37		57 >
< 37		58 >
< 37		60 >
< 38		39 >
< 38		41 >
< 38		43 >
< 38		44 >
< 38		45 >
< 38		46 >
< 38		47 >
< 38		50 >
< 38		52 >
< 38		58 >
< 38		59 >
< 39		40 >
< 39		42 >
< 39		43 >
< 39		46 >
< 39		51 >
< 39		55 >
< 39		57 >
< 39		58 >
< 40		41 >
< 40		42 >
< 40		43 >
< 40		45 >
< 40		46 >
< 40		48 >
< 40		50 >
< 40		51 >
< 40		52 >
< 40		54 >
< 40		56 >
< 40		57 >
< 40		59 >
< 40		60 >
< 41		42 >
< 41		43 >
< 41		44 >
< 41		46 >
< 41		47 >
< 41		51 >
< 41		52 >
< 41		55 >
< 41		56 >
< 41		58 >
< 42		45 >
< 42		46 >
< 42		47 >
< 42		48 >
< 42		51 >
< 42		52 >
< 42		53 >
< 42		54 >
< 42		55 >
< 42		56 >
< 42		57 >
< 43		45 >
< 43		50 >
< 43		51 >
< 43		52 >
< 43		53 >
< 43		54 >
< 43		55 >
< 43		56 >
< 43		59 >
< 43		60 >
< 44		46 >
< 44		48 >
< 44		49 >
< 44		50 >
< 44		53 >
< 44		54 >
< 44		55 >
< 44		56 >
< 45		48 >
< 45		49 >
< 45		52 >
< 45		55 >
< 45		56 >
< 45		57 >
< 46		49 >
< 46		51 >
< 46		53 >
< 46		54 >
< 46		56 >
< 46		57 >
< 46		60 >
< 47		48 >
< 47		50 >
< 47		51 >
< 47		52 >
< 47		57 >
< 47		58 >
< 48		52 >
< 48		53 >
< 48		55 >
< 48		57 >
< 48		59 >
< 48		60 >
< 49		53 >
< 49		58 >
< 49		60 >
< 50		52 >
< 51		53 >
< 51		54 >
< 51		55 >
< 51		56 >
< 52		54 >
< 52		55 >
< 52		57 >
< 52		60 >
< 53		55 >
< 53		57 >
< 54		57 >
< 55		59 >
< 56		59 >
< 57		59 >
< 57		60 >
< 58		59 >
< 58		60 >
