nNodes= 100
nPairs= 486  
Weight
4
2
2
4
3
3
4
2
2
3
3
3
2
2
2
2
3
4
2
4
3
2
4
3
4
2
3
3
4
4
4
4
3
2
2
4
2
3
2
4
4
3
4
3
3
3
3
2
2
4
2
3
2
4
2
3
4
3
4
4
3
2
2
3
3
4
3
4
2
4
3
3
3
3
3
3
2
4
3
3
4
2
3
4
2
2
2
2
2
3
2
2
2
4
2
2
4
3
4
4
Cost
101		0		0		0		0		0		0		101		0		0		0		0		0		0		0		0		0		101		0		0		0		0		0		0		0		0		101		0		0		0		0		0		0		0		0		0		101		0		0		0		0		0		0		0		0		0		0		0		0		0		0		0		0		0		0		0		0		0		0		0		0		0		0		0		0		0		0		0		0		101		0		0		0		0		0		0		0		0		0		0		101		0		0		0		0		0		0		0		0		0		0		0		0		0		0		0		0		0		0		0		
0		101		0		0		0		0		0		0		101		0		0		0		0		0		0		0		0		0		0		0		0		0		101		0		0		0		0		0		0		0		0		0		0		0		0		0		0		0		0		0		0		0		0		0		0		0		0		0		0		101		0		0		0		101		101		0		0		0		101		0		0		101		0		0		0		0		0		101		0		0		0		0		0		0		0		0		0		0		0		0		0		0		0		0		0		0		0		101		0		0		0		0		0		0		0		0		0		0		0		0		
0		0		101		0		0		0		0		0		0		101		0		0		0		0		0		0		0		0		101		0		0		0		0		0		0		0		0		0		0		0		0		101		0		0		0		0		0		0		0		0		0		0		0		0		0		0		0		0		0		0		0		101		0		0		0		0		0		0		0		0		0		0		0		0		0		101		0		0		0		0		0		0		0		0		101		0		0		0		0		0		0		0		0		0		0		0		0		0		0		0		0		0		0		0		0		101		0		0		0		0		
0		0		0		101		0		0		0		0		0		0		0		0		0		0		0		0		0		0		0		0		0		0		0		0		101		0		0		0		0		0		0		0		0		0		101		0		0		0		0		0		101		0		0		0		0		0		0		0		0		0		0		0		0		0		101		0		0		0		0		0		0		0		0		101		0		0		0		0		0		0		0		0		0		0		0		0		0		0		101		0		0		0		0		0		0		101		0		101		0		0		0		0		101		0		0		0		0		0		0		0		
0		0		0		0		101		0		0		0		0		0		0		0		0		0		0		0		0		0		0		0		0		0		0		0		101		0		0		0		101		0		0		0		0		0		0		0		0		0		0		0		101		0		0		0		0		0		0		0		0		0		0		0		0		0		101		0		0		0		0		0		0		101		0		0		0		0		0		0		0		0		0		0		0		0		0		0		0		0		0		0		0		0		0		0		0		0		0		0		0		0		0		0		0		0		101		0		0		101		0		0		
0		0		0		0		0		101		101		0		0		0		0		0		0		0		0		0		0		101		0		0		0		0		0		0		0		0		0		0		101		0		0		0		101		0		0		101		0		0		0		0		0		0		0		0		0		0		0		101		0		0		0		0		0		0		0		0		0		0		0		0		0		0		0		0		0		0		0		101		101		0		0		0		101		101		0		0		101		101		0		0		0		101		0		0		101		0		0		0		0		0		101		0		0		0		0		0		0		0		0		0		
0		0		0		0		0		101		101		0		0		0		0		0		0		101		0		0		0		0		0		0		0		0		0		0		0		0		0		0		0		0		0		0		0		0		0		0		101		0		0		0		0		0		0		0		0		0		0		0		0		0		0		0		0		0		0		0		0		0		0		0		0		0		0		0		0		0		0		101		0		0		0		0		0		0		0		0		0		0		0		0		0		0		101		0		0		0		0		0		0		0		0		0		0		101		0		0		0		0		0		0		
101		0		0		0		0		0		0		101		0		0		0		0		0		101		0		0		0		0		0		0		0		0		0		0		0		0		101		0		0		101		0		0		101		0		0		0		0		0		0		0		0		0		0		0		0		0		0		0		0		0		0		0		0		0		0		0		0		0		0		0		0		0		0		0		0		101		0		0		0		0		0		0		0		0		0		0		0		101		0		0		0		0		0		0		0		0		101		0		0		0		0		0		0		0		0		0		0		0		0		101		
0		101		0		0		0		0		0		0		101		0		0		0		0		0		0		101		0		0		0		0		0		0		101		0		0		0		0		0		0		0		0		0		0		0		101		0		0		0		0		0		0		0		0		0		0		0		0		0		0		0		0		0		101		0		0		0		0		0		0		0		0		101		0		0		0		0		0		0		0		0		0		0		0		0		0		0		101		0		0		0		0		0		0		0		0		0		101		0		0		0		0		0		0		0		0		0		0		0		0		0		
0		0		101		0		0		0		0		0		0		101		101		0		0		0		0		0		0		0		0		0		0		0		0		0		0		0		101		0		101		0		0		0		0		0		0		0		0		0		0		101		0		0		0		0		0		0		0		0		0		0		0		0		0		0		0		101		0		0		0		0		0		0		101		0		0		0		0		0		0		0		0		0		0		0		101		0		0		101		101		0		0		0		0		0		0		101		0		101		0		0		101		0		0		0		0		0		0		0		0		0		
0		0		0		0		0		0		0		0		0		101		101		0		0		0		0		0		0		101		101		0		0		0		0		0		0		0		0		0		0		0		0		0		0		0		0		0		0		0		0		101		0		0		0		0		0		0		0		0		0		0		0		0		0		0		0		0		0		0		0		0		0		0		0		0		0		0		0		0		0		0		101		0		0		101		0		0		0		0		0		0		0		0		0		0		0		0		0		101		0		0		0		0		101		101		0		0		0		0		0		0		
0		0		0		0		0		0		0		0		0		0		0		101		0		0		0		0		0		0		0		0		0		0		0		0		0		0		0		0		0		0		0		0		0		0		0		0		0		101		0		0		0		0		0		0		0		0		101		101		0		0		0		0		0		0		0		0		0		0		0		0		0		0		0		0		0		0		0		0		0		101		0		101		0		0		0		0		0		0		0		0		0		0		0		101		0		0		0		101		0		0		0		0		0		0		0		0		0		0		0		0		
0		0		0		0		0		0		0		0		0		0		0		0		101		101		0		0		0		101		0		0		0		0		0		0		0		0		0		0		0		0		0		0		0		0		0		0		0		0		0		0		101		0		0		0		101		0		101		0		101		0		0		101		0		0		0		101		0		0		0		0		0		101		0		0		0		0		0		0		0		0		0		0		101		0		101		0		0		0		0		0		101		101		0		0		0		0		0		0		0		0		0		0		0		0		0		0		0		0		0		0		
0		0		0		0		0		0		101		101		0		0		0		0		101		101		0		0		0		101		0		0		0		0		0		0		0		0		0		0		0		101		0		101		0		0		101		0		0		101		0		0		0		0		101		0		0		0		101		0		0		0		0		0		101		0		101		0		0		0		0		101		0		0		0		0		0		0		0		0		0		0		0		0		0		101		0		0		0		0		0		0		0		0		0		0		0		0		0		0		0		0		0		0		0		0		0		0		0		0		0		0		
0		0		0		0		0		0		0		0		0		0		0		0		0		0		101		0		0		0		0		0		0		0		0		0		0		0		0		0		0		0		101		0		0		0		0		0		0		0		101		0		0		0		0		0		0		0		0		0		101		0		0		0		0		101		0		101		0		0		0		0		0		0		0		0		101		0		0		0		0		0		0		0		0		0		0		101		0		0		101		0		0		0		0		101		0		0		0		101		0		0		0		0		101		0		0		0		0		0		101		0		
0		0		0		0		0		0		0		0		101		0		0		0		0		0		0		101		0		0		0		0		0		0		0		0		0		0		0		0		0		0		0		0		0		0		101		0		101		0		0		0		0		0		0		0		0		0		0		0		0		0		0		0		0		0		0		0		0		0		0		0		0		0		0		0		101		0		0		0		0		0		0		0		0		0		0		0		0		0		101		101		101		0		0		0		0		0		0		0		0		0		0		0		0		0		0		101		0		0		0		0		
0		0		0		0		0		0		0		0		0		0		0		0		0		0		0		0		101		0		0		0		0		0		0		0		0		0		0		0		101		0		0		0		0		0		0		0		0		0		0		0		0		0		0		0		0		0		0		0		0		0		0		0		0		0		0		0		101		101		0		0		0		0		101		0		0		0		0		101		0		0		0		0		101		0		0		0		0		0		0		0		0		0		101		0		0		0		0		0		0		0		101		0		0		0		0		0		0		101		101		0		
101		0		0		0		0		101		0		0		0		0		101		0		101		101		0		0		0		101		0		0		0		101		0		0		0		0		0		0		101		0		0		0		0		101		0		0		0		0		0		0		0		0		0		0		101		0		0		0		0		0		0		0		0		0		0		0		0		0		0		0		0		0		0		0		0		0		101		0		0		0		0		0		101		0		0		0		0		0		0		0		0		0		0		0		0		0		0		0		0		0		0		0		0		0		0		0		0		0		0		0		
0		0		101		0		0		0		0		0		0		0		101		0		0		0		0		0		0		0		101		0		0		0		0		101		0		0		0		0		0		101		0		0		0		0		0		101		0		0		0		0		0		0		0		0		0		0		0		0		0		0		0		0		0		0		101		0		0		0		0		0		101		0		0		0		0		0		0		0		0		0		0		0		0		0		0		0		0		0		0		0		0		0		0		0		0		0		0		0		0		0		0		101		0		0		0		0		0		0		0		0		
0		0		0		0		0		0		0		0		0		0		0		0		0		0		0		0		0		0		0		101		0		0		0		0		0		0		101		0		0		0		101		0		0		0		0		0		0		0		101		0		0		0		0		0		0		101		0		0		0		0		0		0		0		0		0		0		0		0		0		0		101		0		0		0		0		0		0		0		0		0		0		0		0		0		0		0		0		0		0		0		0		0		0		101		0		0		0		0		101		0		0		0		0		0		0		0		0		0		0		0		
0		0		0		0		0		0		0		0		0		0		0		0		0		0		0		0		0		0		0		0		101		101		0		0		0		0		0		0		0		0		0		101		0		0		0		101		0		0		0		0		0		0		0		0		0		0		0		0		0		0		0		0		0		0		0		0		0		0		0		0		0		0		0		0		0		101		0		0		101		0		0		0		0		0		0		0		0		0		0		0		0		0		0		0		101		0		0		0		0		0		0		0		0		0		0		0		0		0		0		0		
0		0		0		0		0		0		0		0		0		0		0		0		0		0		0		0		0		101		0		0		101		101		0		0		0		0		0		101		0		0		0		101		0		0		101		0		101		0		0		0		0		0		101		101		0		0		101		0		0		0		0		0		101		0		0		0		0		0		0		0		0		0		0		0		0		101		0		101		0		0		101		0		0		0		0		0		0		0		0		0		0		0		0		101		0		0		0		101		0		0		0		0		0		0		0		101		101		0		0		0		
0		101		0		0		0		0		0		0		101		0		0		0		0		0		0		0		0		0		0		0		0		0		101		0		0		0		0		0		0		0		0		0		0		0		0		0		0		0		0		0		0		101		0		0		0		101		0		0		0		0		0		0		0		0		0		0		0		0		101		0		101		0		101		0		0		0		0		0		0		101		0		101		0		0		101		0		0		0		0		0		0		0		0		101		0		0		101		0		0		0		0		0		0		101		101		0		0		0		0		0		
0		0		0		0		0		0		0		0		0		0		0		0		0		0		0		0		0		0		101		0		0		0		0		101		0		0		0		0		0		0		0		0		0		0		0		0		0		0		0		0		0		0		0		0		0		0		0		0		0		0		0		0		0		0		0		0		0		0		0		101		0		0		0		0		101		0		0		0		0		0		101		101		0		0		0		101		0		0		0		0		0		0		0		0		0		0		0		0		0		0		0		0		0		0		0		0		0		0		0		0		
0		0		0		101		101		0		0		0		0		0		0		0		0		0		0		0		0		0		0		0		0		0		0		0		101		0		0		0		0		0		101		0		0		0		0		0		0		0		0		0		0		0		0		0		0		0		0		0		0		0		0		0		0		0		0		0		0		0		0		101		0		0		0		0		101		0		0		0		0		0		101		0		0		0		0		0		0		0		0		0		0		0		0		0		0		0		0		0		0		0		0		0		101		0		0		0		101		0		0		0		
0		0		0		0		0		0		0		0		0		0		0		0		0		0		0		0		0		0		0		0		0		0		0		0		0		101		0		0		0		0		0		0		0		0		0		0		0		0		0		0		0		0		0		0		0		0		101		0		0		0		0		101		0		0		0		0		0		0		0		0		0		0		0		0		101		101		0		0		101		101		0		0		101		0		0		0		0		0		0		0		0		0		0		0		0		0		0		0		0		0		0		0		0		0		0		0		0		0		0		0		
101		0		0		0		0		0		0		101		0		101		0		0		0		0		0		0		0		0		0		101		0		0		0		0		0		0		101		0		0		0		0		0		0		0		0		0		0		0		0		0		0		0		0		0		0		0		0		0		0		0		101		0		0		0		101		0		0		0		101		0		0		0		0		0		0		0		0		0		0		0		0		0		0		0		0		0		0		0		0		0		101		0		0		0		0		101		0		101		0		0		101		0		0		0		0		0		0		101		101		0		
0		0		0		0		0		0		0		0		0		0		0		0		0		0		0		0		0		0		0		0		0		101		0		0		0		0		0		101		0		0		0		101		0		101		0		101		0		0		0		0		0		0		101		0		101		0		0		0		0		0		0		0		0		0		101		0		0		0		0		0		0		0		0		101		0		0		0		0		0		0		0		0		0		0		101		101		0		0		0		0		0		101		0		0		0		0		0		0		101		0		0		0		101		0		0		0		0		0		0		0		
0		0		0		0		101		101		0		0		0		101		0		0		0		0		0		0		101		101		0		0		0		0		0		0		0		0		0		0		101		0		0		0		0		0		0		0		0		0		0		0		0		0		0		0		0		101		0		0		0		0		0		0		0		0		101		0		0		0		0		0		0		0		101		0		0		0		0		0		0		0		0		0		0		0		0		0		0		0		0		0		0		101		0		0		0		0		0		0		0		0		0		0		0		0		0		0		0		0		0		101		
0		0		0		0		0		0		0		101		0		0		0		0		0		101		0		0		0		0		101		0		0		0		0		0		0		0		0		0		0		101		0		0		101		0		0		0		0		0		0		0		0		0		0		0		0		0		0		0		0		0		0		0		0		0		0		0		0		101		0		0		0		0		0		101		0		0		101		0		0		0		0		0		0		0		0		0		101		0		0		0		0		0		0		0		0		0		101		0		0		101		0		0		0		101		0		0		0		0		0		0		
0		0		0		0		0		0		0		0		0		0		0		0		0		0		101		0		0		0		0		101		0		0		0		0		101		0		0		0		0		0		101		0		0		0		0		0		0		0		0		0		0		0		0		0		0		0		0		0		0		0		0		0		0		0		0		0		0		0		0		0		0		0		0		0		0		0		0		0		0		101		0		0		0		0		0		0		101		0		0		0		0		0		0		0		101		0		0		0		0		0		0		0		0		0		0		0		0		0		0		0		
0		0		101		0		0		0		0		0		0		0		0		0		0		101		0		0		0		0		0		0		101		101		0		0		0		0		0		101		0		0		0		101		0		0		0		0		0		0		0		0		0		0		0		0		0		0		0		0		0		0		0		0		0		0		0		0		0		0		0		0		0		0		0		0		0		0		0		101		0		0		0		101		0		0		0		0		0		101		0		0		0		0		0		101		0		0		0		0		0		0		0		0		0		0		0		0		0		0		101		0		
0		0		0		0		0		101		0		101		0		0		0		0		0		0		0		0		0		0		0		0		0		0		0		0		0		0		0		0		0		101		0		0		101		0		0		0		0		0		0		101		101		0		0		0		0		0		101		0		0		0		0		0		0		101		0		0		0		0		0		0		101		0		0		0		0		0		0		0		0		0		0		101		0		0		0		0		0		0		0		0		0		0		0		101		0		0		0		0		0		101		0		101		0		0		0		0		0		0		0		0		
0		0		0		0		0		0		0		0		0		0		0		0		0		0		0		0		0		101		0		0		0		0		0		0		0		0		0		101		0		0		0		0		0		101		0		0		0		0		0		0		0		0		0		0		101		0		0		0		0		101		0		0		0		0		101		0		0		0		0		0		0		0		0		0		101		0		0		0		0		0		0		0		0		0		0		0		0		0		0		101		0		101		0		0		0		0		0		0		0		0		0		0		101		0		0		101		0		101		0		0		
0		0		0		101		0		0		0		0		101		0		0		0		0		101		0		101		0		0		0		0		0		101		0		0		0		0		0		0		0		0		0		0		0		0		101		0		0		0		0		0		0		0		0		0		0		101		0		0		0		0		0		101		0		101		0		0		101		0		0		0		0		0		0		0		0		0		0		0		0		0		0		0		0		0		0		0		0		0		0		101		0		0		0		101		0		0		0		0		0		0		0		0		0		0		0		0		0		0		0		0		
0		0		0		0		0		101		0		0		0		0		0		0		0		0		0		0		0		0		101		0		101		0		0		0		0		0		0		101		0		0		0		0		0		0		0		101		101		0		0		0		0		0		0		0		0		0		0		0		0		101		0		0		0		0		0		0		0		0		0		0		0		0		0		101		0		0		0		0		0		0		0		0		0		0		0		0		0		101		0		0		0		0		0		0		0		0		0		0		0		0		0		101		0		0		101		0		0		0		0		0		
101		0		0		0		0		0		101		0		0		0		0		0		0		0		0		101		0		0		0		0		0		101		0		0		0		0		0		0		0		0		0		0		0		0		0		101		101		0		0		0		101		0		0		0		0		0		0		101		0		0		0		0		0		0		0		0		0		0		0		0		101		101		0		0		0		0		0		0		0		0		0		0		0		0		0		0		0		0		0		0		0		0		0		0		0		0		0		0		0		0		0		0		0		0		0		0		0		0		0		0		
0		0		0		0		0		0		0		0		0		0		0		101		0		101		0		0		0		0		0		0		0		0		0		0		0		0		0		0		0		0		0		0		0		0		0		0		0		101		0		0		0		0		0		0		0		0		0		0		0		0		0		0		0		0		0		0		0		0		0		0		0		0		0		0		0		0		0		0		0		0		0		0		0		0		101		0		0		0		0		0		0		0		0		101		0		0		0		0		0		0		0		0		0		0		0		101		0		0		101		101		
0		0		0		0		0		0		0		0		0		0		0		0		0		0		101		0		0		0		0		101		0		0		0		0		0		0		0		0		0		0		0		0		0		0		0		0		0		0		101		0		0		0		0		101		0		0		0		0		0		0		0		0		0		0		0		0		101		0		0		0		0		101		0		0		0		0		0		0		0		0		0		101		0		0		0		0		0		0		0		0		0		0		101		0		101		0		0		0		0		0		0		0		0		0		0		0		0		0		0		0		
0		0		0		0		0		0		0		0		0		101		101		0		0		0		0		0		0		0		0		0		0		0		0		0		0		0		0		0		0		0		0		0		101		0		0		0		0		0		0		101		0		0		0		0		0		0		0		0		0		0		0		0		0		0		0		0		0		0		0		0		0		0		0		0		0		0		0		0		0		0		0		0		0		0		0		0		0		0		0		101		0		0		0		0		0		0		0		0		0		0		101		0		0		0		0		0		0		101		0		0		
0		0		0		101		101		0		0		0		0		0		0		0		101		0		0		0		0		0		0		0		0		0		0		0		0		0		0		0		0		0		0		0		101		0		0		0		101		0		0		0		101		0		0		0		0		0		0		0		0		0		0		0		0		0		0		0		0		0		0		0		0		0		0		0		0		0		0		0		0		0		0		0		0		0		0		0		0		0		0		0		0		0		0		101		0		0		0		101		0		0		0		0		0		0		0		0		0		0		0		0		
0		0		0		0		0		0		0		0		0		0		0		0		0		0		0		0		0		0		0		0		0		0		101		0		0		0		0		0		0		0		0		0		0		0		0		0		0		0		0		0		0		101		0		0		0		0		0		0		0		0		0		0		0		0		0		101		101		0		101		0		0		0		0		0		0		0		0		0		0		0		0		101		0		0		0		0		0		0		0		0		101		0		0		0		0		0		0		0		0		0		0		0		0		0		0		0		0		0		101		0		
0		0		0		0		0		0		0		0		0		0		0		0		0		101		0		0		0		0		0		0		0		101		0		0		0		0		0		101		0		0		0		0		0		0		0		0		0		0		0		0		0		0		101		101		0		0		0		0		0		0		0		0		0		0		0		0		0		0		101		0		0		0		0		0		0		101		0		0		0		0		0		101		0		0		0		0		0		0		0		0		0		0		0		0		0		0		0		0		0		0		0		0		101		101		0		0		0		101		0		0		
0		0		0		0		0		0		0		0		0		0		0		0		0		0		0		0		0		0		0		0		0		101		0		0		0		0		0		0		0		0		0		0		0		0		0		0		0		0		101		0		0		0		101		101		101		0		0		0		0		0		0		0		0		0		0		0		0		0		0		0		101		0		0		0		0		0		0		0		101		0		0		0		0		0		0		0		0		0		0		0		0		101		0		0		0		0		0		0		101		0		0		101		0		0		101		0		0		0		0		0		
0		0		0		0		0		0		0		0		0		0		0		0		101		0		0		0		0		101		0		0		0		0		0		0		0		0		0		101		0		0		0		0		0		101		0		0		0		0		0		0		0		0		0		101		101		0		0		0		0		0		0		0		0		0		0		0		101		0		0		0		0		0		101		101		0		0		0		0		0		0		0		0		0		0		0		0		0		0		0		0		0		0		0		0		0		0		0		0		0		0		0		0		0		101		0		0		101		0		0		0		
0		0		0		0		0		0		0		0		0		0		0		0		0		0		0		0		0		0		0		101		0		0		101		0		0		0		0		0		101		0		0		0		0		0		101		0		0		0		0		0		0		0		0		0		0		101		0		0		101		0		0		0		0		0		0		0		0		0		0		0		0		0		0		0		0		0		0		0		101		0		0		0		0		0		0		0		101		0		0		0		0		0		0		0		0		0		0		0		0		0		0		0		0		0		0		0		0		0		0		0		
0		0		0		0		0		0		0		0		0		0		0		101		101		101		0		0		0		0		0		0		0		101		0		0		0		101		0		0		0		0		0		0		101		0		0		0		0		0		0		0		0		0		0		0		0		0		101		0		0		0		0		0		0		0		101		0		0		0		0		0		0		0		0		0		0		0		0		0		101		0		0		0		0		0		0		0		0		0		0		0		0		0		0		0		0		101		0		0		0		0		0		0		101		0		0		0		0		0		0		0		
0		0		0		0		0		101		0		0		0		0		0		101		0		0		0		0		0		0		0		0		0		0		0		0		0		0		0		0		0		0		0		0		0		0		0		0		101		0		0		0		0		0		0		0		0		0		0		101		0		0		0		0		0		0		0		0		0		0		0		0		0		0		0		0		0		101		0		0		101		0		101		0		0		0		0		0		0		0		0		0		0		0		0		0		0		0		0		0		101		0		0		0		0		0		0		0		0		101		0		0		
0		0		0		0		0		0		0		0		0		0		0		0		101		0		101		0		0		0		0		0		0		0		0		0		0		0		0		0		0		0		0		0		0		0		0		0		0		0		0		0		0		0		0		0		0		101		0		0		101		0		0		0		0		0		0		101		0		101		0		101		0		0		0		0		0		0		0		0		101		0		0		0		0		0		0		101		0		101		0		101		0		101		0		0		0		0		101		0		0		0		0		0		0		0		0		0		0		0		0		0		
0		101		0		0		0		0		0		0		0		0		0		0		0		0		0		0		0		0		0		0		0		0		0		0		0		0		0		0		0		0		0		0		0		101		0		101		0		0		0		0		0		0		0		0		0		0		0		0		0		101		0		0		0		0		0		0		0		101		0		0		0		0		0		0		0		0		0		0		0		0		0		0		0		0		0		0		0		0		0		0		0		0		0		0		0		0		0		0		0		101		0		101		0		0		0		0		101		0		0		101		
0		0		0		0		0		0		0		0		0		0		0		0		0		0		0		0		0		0		0		0		0		0		0		0		0		0		101		0		0		0		0		0		0		0		0		0		0		0		0		0		0		0		0		0		0		0		0		0		0		0		101		0		0		0		101		0		0		0		0		101		0		0		0		0		0		0		0		0		0		0		0		0		0		0		101		101		0		0		0		0		0		0		0		0		0		0		0		0		0		0		0		0		0		0		0		0		0		0		0		0		
0		0		101		0		0		0		0		0		0		0		0		0		101		0		0		0		0		0		0		0		0		0		0		0		0		101		0		0		0		0		0		0		0		0		101		0		0		0		0		0		0		0		0		0		0		0		0		0		0		0		0		101		0		0		0		0		0		0		0		101		0		0		101		0		0		0		0		0		0		0		0		0		0		0		0		0		0		0		0		0		0		101		101		0		0		0		0		0		0		0		0		0		0		0		0		0		0		0		0		0		
0		0		0		0		0		0		0		0		101		0		0		0		0		101		0		0		0		0		0		0		0		101		0		0		0		0		0		0		0		0		0		0		0		0		0		0		0		0		0		0		0		0		0		0		0		0		0		0		0		0		0		0		101		0		0		0		0		0		0		0		0		0		0		0		0		101		0		0		0		0		0		0		101		0		0		0		0		0		0		0		0		0		101		0		0		0		0		0		0		0		0		0		0		0		101		0		0		0		0		0		
0		101		0		0		0		0		0		0		0		0		0		0		0		0		101		0		0		0		0		0		0		0		0		0		0		0		0		0		0		0		0		0		101		0		101		0		0		0		0		0		0		0		0		0		0		0		0		0		0		0		0		0		0		101		101		0		0		0		0		0		0		0		0		0		0		0		0		0		0		101		0		0		0		0		0		101		0		0		0		0		0		0		0		0		0		0		0		0		0		101		0		0		0		101		0		0		0		0		0		0		
0		101		0		101		101		0		0		0		0		0		0		0		0		101		0		0		0		0		101		0		0		0		0		0		0		0		101		101		101		0		0		0		0		101		0		0		0		0		0		0		0		0		0		0		0		0		101		0		0		0		101		0		0		101		101		0		0		0		0		0		0		0		0		0		101		0		0		0		0		0		0		0		0		0		0		0		0		0		0		0		0		101		0		0		0		0		0		0		0		101		0		0		0		101		0		0		0		0		0		0		
0		0		0		0		0		0		0		0		0		101		0		0		101		0		101		0		0		0		0		0		0		0		0		0		0		0		0		0		0		0		0		0		0		0		0		0		0		0		0		0		0		101		0		0		0		0		0		0		101		0		0		0		0		0		0		101		101		0		0		0		0		0		0		0		0		0		0		0		0		0		101		0		0		0		0		0		0		0		0		0		0		101		0		0		0		0		0		0		0		0		0		0		0		0		0		0		0		0		0		0		
0		0		0		0		0		0		0		0		0		0		0		0		0		0		0		0		101		0		0		0		0		0		0		0		0		0		0		0		0		0		0		0		0		0		101		0		0		0		101		0		0		101		0		0		101		0		0		0		0		0		0		0		0		0		0		101		101		0		0		0		0		0		0		0		0		0		0		101		101		0		0		0		0		0		0		0		0		0		0		0		0		0		0		0		101		0		0		0		101		101		0		0		0		0		0		0		0		0		0		0		
0		0		0		0		0		0		0		0		0		0		0		0		0		0		0		0		101		0		0		0		0		0		0		0		0		0		0		0		0		101		0		0		0		0		0		0		0		0		0		0		0		0		0		0		0		0		0		0		101		101		0		0		0		0		0		0		0		101		0		0		0		0		0		101		0		0		0		0		0		0		0		0		0		0		0		0		0		0		101		0		0		0		0		0		101		101		0		0		0		0		0		101		0		0		0		0		101		0		0		0		
0		101		0		0		0		0		0		0		0		0		0		0		0		0		0		0		0		0		0		0		0		0		101		0		0		0		101		0		0		0		0		0		0		0		0		0		0		0		0		0		0		101		101		0		0		0		0		0		0		0		0		0		0		0		0		0		0		0		101		0		0		0		0		0		0		0		0		0		0		101		0		0		0		101		101		0		0		0		0		0		0		0		0		0		0		0		0		0		0		0		0		0		0		0		0		101		0		0		0		0		
0		0		0		0		0		0		0		0		0		0		0		0		0		101		0		0		0		0		0		0		0		0		0		101		101		0		0		0		0		0		0		0		0		0		0		0		0		0		0		0		0		0		0		0		0		0		0		0		101		0		101		101		0		0		0		0		0		0		0		101		0		101		101		0		101		0		0		0		0		0		0		0		0		0		0		0		0		0		0		0		0		0		0		0		0		0		0		0		0		0		0		0		0		0		0		0		0		0		0		0		
0		0		0		0		0		0		0		0		0		0		0		0		0		0		0		0		0		0		101		101		0		0		101		0		0		0		0		0		0		0		0		0		101		0		0		0		101		0		0		0		0		0		0		101		0		0		0		0		0		0		0		0		0		0		0		0		0		0		0		0		101		0		0		0		0		0		0		0		0		0		0		0		0		0		0		101		0		0		101		0		0		101		101		0		0		0		0		0		0		0		0		0		0		0		0		0		101		0		0		0		
0		101		0		0		101		0		0		0		101		0		0		0		101		0		0		0		0		0		0		0		0		0		0		0		0		0		0		0		0		0		0		0		0		0		0		0		101		0		101		0		0		0		0		0		0		0		0		0		0		0		0		0		0		0		0		0		0		0		0		101		0		101		0		0		0		0		0		0		0		0		0		0		0		0		0		0		0		0		0		0		0		101		0		0		0		0		0		0		0		0		0		0		0		0		101		0		0		0		0		0		
0		0		0		0		0		0		0		0		0		101		0		0		0		0		0		0		101		0		0		0		0		0		101		0		0		0		0		0		101		0		0		0		0		0		0		0		0		0		0		0		0		0		0		0		101		0		0		0		0		0		0		101		0		0		0		0		0		0		0		101		0		0		101		0		0		0		0		0		0		0		0		0		0		0		0		0		0		0		0		0		0		0		0		0		101		0		0		0		0		0		0		0		0		0		0		101		0		0		0		101		
0		0		0		101		0		0		0		0		0		0		0		0		0		0		0		0		0		0		0		0		0		0		0		0		0		0		0		101		0		101		0		0		0		0		0		101		0		0		0		0		0		0		0		0		101		0		0		0		0		0		0		0		0		0		0		0		0		101		0		0		0		0		0		101		0		0		0		0		0		0		101		0		101		0		0		0		101		0		0		0		101		0		0		0		0		0		101		0		0		0		0		0		0		0		0		0		0		0		0		0		
0		0		0		0		0		0		0		0		0		0		0		0		0		0		101		101		0		0		0		0		0		0		0		101		101		101		0		0		0		0		0		0		0		101		0		0		0		0		0		0		0		0		0		0		0		0		0		0		0		0		0		0		0		0		101		0		0		0		0		101		0		0		0		0		101		0		0		101		0		0		0		0		0		0		0		0		0		0		0		0		0		0		0		0		0		0		0		0		0		0		101		0		0		0		0		0		0		0		0		0		
0		0		101		0		0		0		0		101		0		0		0		0		0		0		0		0		0		0		0		0		101		101		0		0		0		101		0		0		0		0		0		0		0		0		0		0		0		0		0		0		0		0		101		0		0		0		0		101		0		0		0		0		101		0		0		0		0		0		0		0		0		0		0		0		0		101		0		0		0		0		0		0		0		101		0		0		0		101		0		101		0		0		0		0		0		0		0		101		0		0		101		0		0		0		0		0		0		0		0		0		
0		0		0		0		0		0		0		0		0		0		0		0		0		0		0		0		0		101		0		0		0		0		0		0		0		0		0		0		0		101		0		0		0		0		0		0		0		0		0		0		0		0		0		0		0		0		0		0		0		0		0		0		0		0		0		0		0		0		0		0		0		0		0		0		0		0		101		0		0		0		101		0		101		0		0		0		0		0		0		0		0		101		0		101		0		0		0		0		101		0		0		0		0		0		0		0		0		0		0		0		
0		101		0		0		0		101		101		0		0		0		0		0		0		0		0		0		101		0		0		0		0		101		0		0		0		0		0		0		0		0		0		101		0		0		0		0		0		0		0		0		0		0		0		0		0		0		0		0		0		0		0		0		0		0		0		0		101		0		0		0		0		0		0		0		101		0		0		101		0		0		0		0		0		0		101		0		101		0		0		0		0		0		0		0		0		0		0		0		0		0		0		0		0		101		0		0		0		0		0		101		
0		0		0		0		0		101		0		0		0		0		0		0		0		0		0		0		0		0		0		0		101		0		0		0		0		101		0		0		0		0		0		0		0		0		0		0		0		0		0		0		0		0		0		101		0		101		101		101		101		0		0		0		0		0		0		0		101		0		0		0		0		0		0		0		0		0		0		0		101		0		0		0		0		0		0		0		0		0		0		101		0		0		0		0		0		0		0		0		0		0		0		101		0		0		0		0		0		0		0		0		
101		0		0		0		0		0		0		0		0		0		0		101		0		0		0		0		0		0		0		0		0		0		101		0		0		101		0		0		0		0		101		0		0		0		0		0		0		0		0		0		0		0		0		0		0		0		0		0		0		0		0		0		0		101		0		0		0		0		101		0		0		0		0		0		0		0		0		0		0		101		101		0		0		101		0		0		0		0		0		0		0		0		0		0		0		0		0		0		0		0		0		0		0		0		0		0		0		0		0		0		
0		0		0		0		0		0		0		0		0		0		101		0		0		0		0		0		0		0		0		0		0		101		0		101		101		0		0		0		0		0		0		0		0		0		0		0		0		0		0		0		0		0		0		0		0		0		0		101		0		0		0		0		0		0		0		101		0		0		0		0		0		0		0		101		0		0		101		0		0		101		101		0		0		0		0		0		0		0		101		0		0		0		0		0		0		0		0		0		0		0		0		0		0		0		0		0		0		0		0		0		
0		0		0		0		0		0		0		0		0		0		0		101		0		0		0		0		0		0		0		0		0		0		101		101		0		0		0		0		0		0		0		101		101		0		0		0		0		0		101		0		0		101		101		0		0		0		0		0		0		0		0		0		0		0		0		0		0		0		0		0		0		0		0		0		0		0		0		0		0		0		0		101		0		0		0		0		0		0		0		0		0		0		0		0		0		0		0		0		101		0		0		0		0		0		101		0		0		0		0		0		
0		0		0		0		0		101		0		0		0		0		0		0		101		0		0		0		101		101		0		0		0		0		0		0		0		101		0		0		0		0		0		0		0		0		0		0		0		0		0		0		0		0		0		0		0		0		0		0		0		0		0		0		101		0		0		0		0		0		0		0		0		0		0		101		0		0		101		0		0		0		0		0		101		0		0		0		0		0		0		0		0		0		101		0		0		0		0		101		101		0		0		0		0		101		101		0		0		0		0		101		
0		0		0		0		0		101		0		0		0		0		101		0		0		101		0		0		0		0		0		0		0		0		0		0		0		0		0		0		0		0		0		0		0		0		0		0		0		0		0		0		0		0		0		0		0		0		0		0		0		0		0		0		0		0		0		0		0		0		101		0		0		0		0		0		0		101		0		0		0		101		0		0		0		101		0		0		0		0		0		0		0		101		0		0		0		0		0		0		0		0		0		0		0		0		0		0		0		0		0		0		
0		0		101		0		0		0		0		0		0		101		0		0		101		0		0		0		0		0		0		0		0		0		101		0		0		0		0		101		0		0		0		0		0		0		0		0		0		101		0		0		0		0		0		0		0		0		0		0		0		0		101		0		0		0		0		0		0		0		101		0		0		0		0		0		0		0		0		101		0		0		0		0		0		0		101		0		101		0		0		0		0		0		0		0		0		0		0		0		0		101		0		0		0		0		0		0		0		0		0		101		
0		0		0		0		0		0		0		0		0		0		0		0		0		0		101		0		0		0		0		0		0		0		0		101		0		0		0		101		0		0		0		0		0		0		0		0		0		0		0		0		0		0		0		0		0		0		0		0		101		0		101		0		0		101		0		0		0		0		0		0		101		0		0		0		0		0		0		0		0		0		0		0		0		0		0		101		0		0		0		0		0		0		0		0		0		0		0		0		0		0		0		101		101		0		0		0		0		0		0		0		
0		0		0		0		0		101		0		0		101		0		0		0		0		0		0		0		0		0		0		0		0		0		0		0		0		0		0		0		0		101		101		0		0		0		0		0		0		0		0		0		0		0		0		0		0		101		0		0		0		0		0		0		0		0		0		0		0		0		0		0		0		0		0		101		0		0		0		101		0		0		0		0		0		0		101		0		101		0		0		0		0		0		101		0		101		0		0		101		101		0		0		0		0		0		0		0		0		0		0		0		
0		0		0		0		0		101		0		101		0		101		0		0		0		0		0		0		0		0		0		0		0		0		0		0		0		0		0		0		0		0		0		101		0		0		0		101		0		0		0		0		0		0		0		0		0		0		0		0		101		0		0		0		0		0		0		0		0		0		0		0		0		0		0		0		0		101		0		0		0		0		0		0		0		0		0		0		0		101		0		0		0		0		0		0		0		0		0		101		0		0		0		101		0		0		0		0		101		0		0		0		
0		0		0		101		0		0		0		0		0		101		0		0		0		0		101		101		0		0		0		0		0		0		0		0		0		0		0		0		0		0		0		0		0		0		0		0		0		0		0		0		0		0		0		0		0		0		0		0		0		0		0		0		0		0		0		0		0		101		0		0		101		0		0		0		0		0		0		0		0		0		101		0		0		0		0		0		0		0		101		101		0		0		0		101		0		0		0		0		0		0		0		0		0		0		0		0		0		0		0		0		
0		0		0		0		0		0		0		0		0		0		0		0		0		0		0		101		0		0		0		0		0		0		0		0		0		0		0		0		0		0		0		0		0		101		101		0		0		0		0		101		0		0		0		0		0		0		0		0		101		0		0		0		0		0		0		0		0		0		0		0		0		0		0		0		0		101		0		0		101		0		0		0		0		0		0		0		0		0		101		101		0		0		0		0		0		0		0		0		0		0		0		0		0		0		0		0		0		0		0		0		
101		0		0		0		0		0		0		0		0		0		0		0		101		0		0		101		0		0		0		0		0		0		0		0		0		0		101		0		0		0		0		0		0		0		0		0		0		0		0		0		0		101		0		0		0		0		0		0		0		0		0		0		0		0		0		0		0		0		0		0		0		0		0		101		0		0		0		0		0		0		0		0		0		0		0		0		0		0		0		0		101		0		0		0		0		0		0		0		0		0		0		0		0		0		0		0		0		0		0		0		
0		0		0		0		0		101		0		0		0		0		0		0		101		0		0		0		0		0		0		0		0		0		0		0		0		0		0		101		101		0		0		0		0		101		0		0		0		0		0		0		0		0		0		101		0		0		0		0		101		0		0		101		0		0		101		101		0		0		0		0		101		101		0		0		0		0		101		0		0		0		0		0		0		101		0		0		0		0		0		0		0		101		0		0		101		0		0		0		0		0		0		0		0		0		0		101		0		0		0		0		
0		0		0		0		0		0		101		0		0		0		0		0		0		0		0		0		101		0		0		0		0		0		0		0		0		0		0		0		0		0		0		0		0		0		0		0		0		0		101		0		0		0		0		0		0		0		0		0		0		0		0		101		101		0		0		0		0		0		0		0		101		0		0		0		0		0		0		0		0		0		0		0		101		0		0		0		101		0		0		0		0		0		101		0		0		0		0		0		0		101		0		0		0		0		0		0		0		0		0		0		
0		0		0		0		0		0		0		0		0		0		0		101		0		0		101		0		0		0		0		101		0		101		101		0		0		0		0		0		0		0		0		101		101		0		101		0		0		101		0		0		101		0		0		0		0		0		0		0		0		0		0		0		0		0		0		0		0		0		0		0		0		0		0		0		0		0		101		0		0		0		0		0		0		0		0		0		0		0		101		0		0		0		0		101		0		0		0		0		0		0		0		101		0		0		0		0		0		0		0		0		
0		0		0		0		0		101		0		0		0		0		0		0		0		0		0		0		0		0		0		0		101		0		0		0		0		0		0		0		0		0		101		0		0		0		0		0		0		0		101		0		0		0		0		0		0		0		0		0		0		0		0		0		0		0		0		0		101		101		0		0		0		0		101		0		0		0		0		0		0		0		0		0		0		0		0		0		101		0		0		0		0		101		0		0		101		0		0		0		0		0		0		0		0		0		0		0		0		0		0		0		
0		0		0		101		0		0		0		0		0		101		0		0		0		0		0		0		0		0		0		0		0		0		0		0		0		0		101		0		0		0		0		0		0		0		0		0		0		0		0		0		0		0		0		0		0		0		101		0		0		0		0		0		0		0		0		0		0		101		0		0		0		0		0		0		0		0		0		0		0		0		0		0		0		0		0		0		0		0		0		0		0		0		0		0		0		101		0		0		0		0		0		0		0		0		0		0		0		0		0		0		
0		0		0		0		0		0		0		101		101		0		0		0		0		0		0		0		0		0		0		0		0		0		101		0		0		0		0		0		0		101		0		0		0		0		0		0		0		0		0		0		0		0		0		0		0		0		0		0		101		0		0		0		0		0		0		0		0		0		0		0		0		0		0		101		0		0		0		0		0		0		0		0		0		0		0		0		0		0		0		0		0		0		0		0		0		0		101		0		0		101		0		101		0		0		0		0		0		0		0		0		
0		101		0		101		0		0		0		0		0		101		101		101		0		0		101		0		0		0		0		0		0		101		0		0		0		0		101		0		0		0		0		0		0		0		0		0		0		0		0		0		101		0		0		0		0		0		0		0		0		0		0		0		0		0		0		0		0		0		0		0		0		0		0		0		0		101		0		0		0		0		0		0		101		0		0		0		101		101		0		0		0		0		0		0		0		0		0		101		0		0		0		101		0		101		0		0		0		0		0		101		
0		0		0		0		0		0		0		0		0		0		0		0		0		0		0		0		0		0		0		101		0		0		0		0		0		0		0		101		0		0		0		0		0		0		0		0		0		0		0		0		0		0		0		101		0		0		0		101		0		0		0		0		0		0		0		0		101		0		0		0		0		0		0		0		0		0		101		0		0		0		0		101		101		0		0		0		101		0		0		0		0		0		0		0		0		0		0		0		101		0		0		101		101		0		0		101		0		0		0		0		
0		0		0		0		0		0		0		0		0		0		0		0		0		0		0		0		0		0		0		0		0		0		0		0		0		0		0		0		0		101		0		0		101		0		0		0		0		0		0		0		0		0		0		0		0		0		0		0		0		101		0		0		0		101		101		0		101		0		0		0		0		0		0		0		0		0		0		0		0		0		0		0		0		0		101		0		0		0		0		0		0		0		101		0		0		0		101		0		0		101		0		0		0		0		0		0		0		0		0		0		
0		0		0		0		0		101		0		0		0		101		0		0		0		0		0		0		101		0		0		0		0		0		0		0		0		0		101		0		0		0		0		0		0		0		0		0		0		0		0		101		0		0		0		0		0		0		0		0		0		0		0		0		0		0		0		0		0		0		0		0		0		0		0		0		101		101		0		0		0		0		0		0		0		0		0		0		0		0		0		0		0		0		0		0		0		0		0		0		0		0		101		0		0		0		0		0		0		0		0		0		
0		0		0		0		0		0		0		0		0		0		0		0		0		0		0		0		0		0		101		0		0		0		0		0		0		0		0		0		0		0		0		0		101		0		0		101		0		0		0		0		0		0		0		101		0		0		0		0		0		101		0		0		0		0		0		0		0		101		0		0		0		0		0		0		0		0		0		0		101		0		0		0		0		0		0		101		0		101		0		0		0		0		0		101		0		0		101		101		101		0		0		101		0		0		101		0		0		101		101		101		
0		0		0		101		0		0		0		0		0		0		101		0		0		0		101		0		0		0		0		0		0		0		0		0		101		0		0		101		0		0		0		0		0		101		0		0		0		0		0		0		0		0		101		0		0		0		101		0		0		0		0		0		0		0		0		0		0		0		0		0		0		0		0		0		0		0		0		0		0		0		0		0		0		0		0		101		0		0		0		0		0		0		0		0		0		0		0		0		101		0		0		0		101		0		0		0		0		0		0		0		
0		0		0		0		0		0		101		0		0		0		101		0		0		0		0		0		0		0		0		0		0		0		101		0		0		0		0		0		0		101		0		0		0		0		0		0		0		0		0		0		0		0		101		0		101		0		0		0		0		0		0		0		0		101		101		0		0		0		0		0		0		0		0		0		0		0		0		101		0		0		0		0		101		0		0		0		0		0		0		0		0		0		0		0		0		0		0		101		0		0		0		0		0		101		0		0		0		0		0		0		
0		0		0		0		101		0		0		0		0		0		0		0		0		0		0		0		0		0		0		0		0		0		101		0		0		0		0		0		0		0		0		0		0		0		0		101		0		0		0		0		0		0		0		101		0		0		0		0		0		0		0		0		101		0		0		0		0		0		0		0		0		101		0		0		0		0		0		0		0		0		0		101		101		0		0		0		0		0		0		0		0		0		0		0		0		0		0		0		0		0		0		101		0		0		101		0		0		0		0		0		
0		0		101		0		0		0		0		0		0		0		0		0		0		0		0		101		0		0		0		0		0		101		0		0		0		0		0		0		0		0		0		0		0		101		0		0		0		101		0		0		0		0		0		0		0		0		0		0		0		0		0		0		0		0		0		0		0		0		101		0		0		0		101		0		0		0		0		0		0		0		0		0		0		0		0		0		0		0		0		0		0		101		0		0		0		0		0		0		101		0		0		0		0		0		0		101		101		0		101		0		
0		0		0		0		0		0		0		0		0		0		0		0		0		0		0		0		0		0		0		0		0		101		0		0		101		0		0		0		0		0		0		0		0		0		0		0		0		0		0		0		0		0		0		0		101		0		0		0		0		101		0		0		0		0		0		0		0		101		0		0		101		0		0		0		0		0		0		0		0		0		0		0		0		0		0		0		0		101		0		0		0		0		0		0		0		0		0		0		0		0		0		0		0		0		0		101		101		0		0		0		
0		0		0		0		101		0		0		0		0		0		0		0		0		0		0		0		101		0		0		0		0		0		0		0		0		0		101		0		0		0		0		0		0		101		0		0		0		0		0		101		0		0		101		0		0		0		0		101		0		0		0		0		0		0		0		0		0		0		0		0		0		0		0		0		0		0		0		0		0		0		0		0		0		0		0		0		0		0		0		0		0		0		0		0		0		0		0		0		0		0		0		101		0		0		0		0		0		101		0		101		
0		0		0		0		0		0		0		0		0		0		0		0		0		0		101		0		101		0		0		0		0		0		0		0		0		0		101		0		0		0		0		101		0		0		0		0		0		101		0		0		0		101		0		0		0		0		0		0		0		0		0		0		0		0		0		0		0		0		0		0		0		0		0		0		0		0		0		0		0		0		0		0		0		0		0		0		0		0		0		0		0		0		0		0		0		0		0		0		0		0		0		101		0		0		0		101		0		0		101		0		
0		0		0		0		0		0		0		101		0		0		0		0		0		0		0		0		0		0		0		0		0		0		0		0		0		0		0		0		101		0		0		0		0		0		0		0		0		101		0		0		0		0		0		0		0		0		0		0		0		101		0		0		0		0		0		0		0		0		0		0		0		0		101		0		0		0		0		101		0		0		0		0		101		0		101		0		0		0		0		0		0		0		0		0		0		0		0		101		0		0		0		101		0		0		0		0		0		101		0		101		
NDC Pairs
< 1		8 >
< 1		18 >
< 1		27 >
< 1		37 >
< 1		70 >
< 1		81 >
< 2		9 >
< 2		23 >
< 2		50 >
< 2		54 >
< 2		55 >
< 2		59 >
< 2		62 >
< 2		68 >
< 2		88 >
< 3		10 >
< 3		19 >
< 3		32 >
< 3		52 >
< 3		66 >
< 3		75 >
< 3		96 >
< 4		25 >
< 4		35 >
< 4		41 >
< 4		55 >
< 4		64 >
< 4		79 >
< 4		86 >
< 4		88 >
< 4		93 >
< 5		25 >
< 5		29 >
< 5		41 >
< 5		55 >
< 5		62 >
< 5		95 >
< 5		98 >
< 6		7 >
< 6		18 >
< 6		29 >
< 6		33 >
< 6		36 >
< 6		48 >
< 6		68 >
< 6		69 >
< 6		73 >
< 6		74 >
< 6		77 >
< 6		78 >
< 6		82 >
< 6		85 >
< 6		91 >
< 7		14 >
< 7		37 >
< 7		68 >
< 7		83 >
< 7		94 >
< 8		14 >
< 8		27 >
< 8		30 >
< 8		33 >
< 8		66 >
< 8		78 >
< 8		87 >
< 8		100 >
< 9		16 >
< 9		23 >
< 9		35 >
< 9		53 >
< 9		62 >
< 9		77 >
< 9		87 >
< 10		11 >
< 10		27 >
< 10		29 >
< 10		40 >
< 10		56 >
< 10		63 >
< 10		75 >
< 10		78 >
< 10		79 >
< 10		86 >
< 10		88 >
< 10		91 >
< 11		18 >
< 11		19 >
< 11		40 >
< 11		71 >
< 11		74 >
< 11		88 >
< 11		93 >
< 11		94 >
< 12		38 >
< 12		47 >
< 12		48 >
< 12		70 >
< 12		72 >
< 12		84 >
< 12		88 >
< 13		14 >
< 13		18 >
< 13		41 >
< 13		45 >
< 13		47 >
< 13		49 >
< 13		52 >
< 13		56 >
< 13		62 >
< 13		73 >
< 13		75 >
< 13		81 >
< 13		82 >
< 14		18 >
< 14		30 >
< 14		32 >
< 14		35 >
< 14		38 >
< 14		43 >
< 14		47 >
< 14		53 >
< 14		55 >
< 14		60 >
< 14		74 >
< 15		31 >
< 15		39 >
< 15		49 >
< 15		54 >
< 15		56 >
< 15		65 >
< 15		76 >
< 15		79 >
< 15		84 >
< 15		88 >
< 15		93 >
< 15		99 >
< 16		35 >
< 16		37 >
< 16		65 >
< 16		79 >
< 16		80 >
< 16		81 >
< 16		96 >
< 17		29 >
< 17		57 >
< 17		58 >
< 17		63 >
< 17		68 >
< 17		73 >
< 17		83 >
< 17		91 >
< 17		98 >
< 17		99 >
< 18		22 >
< 18		29 >
< 18		34 >
< 18		45 >
< 18		67 >
< 18		73 >
< 19		24 >
< 19		30 >
< 19		36 >
< 19		55 >
< 19		61 >
< 19		92 >
< 20		27 >
< 20		31 >
< 20		39 >
< 20		46 >
< 20		61 >
< 20		84 >
< 20		89 >
< 21		22 >
< 21		32 >
< 21		36 >
< 21		66 >
< 21		69 >
< 21		85 >
< 22		28 >
< 22		32 >
< 22		35 >
< 22		37 >
< 22		43 >
< 22		44 >
< 22		47 >
< 22		53 >
< 22		66 >
< 22		68 >
< 22		71 >
< 22		84 >
< 22		88 >
< 22		96 >
< 22		97 >
< 23		42 >
< 23		46 >
< 23		59 >
< 23		61 >
< 23		63 >
< 23		70 >
< 23		72 >
< 23		75 >
< 23		84 >
< 23		87 >
< 23		94 >
< 23		95 >
< 24		60 >
< 24		65 >
< 24		71 >
< 24		72 >
< 24		76 >
< 25		31 >
< 25		60 >
< 25		65 >
< 25		71 >
< 25		93 >
< 25		97 >
< 26		47 >
< 26		52 >
< 26		65 >
< 26		66 >
< 26		69 >
< 26		70 >
< 26		73 >
< 27		51 >
< 27		55 >
< 27		59 >
< 27		81 >
< 27		86 >
< 27		88 >
< 27		91 >
< 27		98 >
< 27		99 >
< 28		32 >
< 28		34 >
< 28		36 >
< 28		43 >
< 28		45 >
< 28		55 >
< 28		64 >
< 28		75 >
< 28		76 >
< 28		82 >
< 28		89 >
< 28		93 >
< 29		46 >
< 29		55 >
< 29		63 >
< 29		82 >
< 29		100 >
< 30		33 >
< 30		58 >
< 30		64 >
< 30		67 >
< 30		77 >
< 30		87 >
< 30		90 >
< 30		94 >
< 31		70 >
< 31		77 >
< 31		85 >
< 32		68 >
< 32		72 >
< 32		78 >
< 32		84 >
< 32		99 >
< 33		40 >
< 33		41 >
< 33		47 >
< 33		54 >
< 33		61 >
< 33		72 >
< 33		84 >
< 33		90 >
< 33		92 >
< 34		45 >
< 34		50 >
< 34		55 >
< 34		65 >
< 34		80 >
< 34		82 >
< 34		93 >
< 34		96 >
< 34		98 >
< 35		46 >
< 35		52 >
< 35		54 >
< 35		57 >
< 35		80 >
< 35		84 >
< 36		37 >
< 36		50 >
< 36		64 >
< 36		78 >
< 36		92 >
< 36		95 >
< 37		41 >
< 37		48 >
< 37		61 >
< 37		62 >
< 38		75 >
< 38		84 >
< 38		96 >
< 38		99 >
< 38		100 >
< 39		44 >
< 39		57 >
< 39		62 >
< 39		72 >
< 39		83 >
< 39		85 >
< 40		80 >
< 40		91 >
< 40		98 >
< 41		84 >
< 41		88 >
< 42		56 >
< 42		57 >
< 42		59 >
< 42		72 >
< 42		81 >
< 42		99 >
< 43		44 >
< 43		59 >
< 43		66 >
< 43		72 >
< 43		93 >
< 43		94 >
< 43		98 >
< 44		45 >
< 44		61 >
< 44		69 >
< 44		82 >
< 44		89 >
< 44		92 >
< 44		95 >
< 45		57 >
< 45		63 >
< 45		64 >
< 45		94 >
< 45		97 >
< 46		49 >
< 46		69 >
< 46		77 >
< 47		55 >
< 47		69 >
< 47		86 >
< 47		93 >
< 48		66 >
< 48		69 >
< 48		71 >
< 48		89 >
< 48		98 >
< 49		56 >
< 49		58 >
< 49		60 >
< 49		69 >
< 49		76 >
< 49		78 >
< 49		80 >
< 49		82 >
< 49		87 >
< 50		58 >
< 50		90 >
< 50		92 >
< 50		97 >
< 50		100 >
< 51		55 >
< 51		60 >
< 51		75 >
< 51		76 >
< 52		60 >
< 52		63 >
< 52		82 >
< 52		83 >
< 53		66 >
< 53		73 >
< 53		83 >
< 53		95 >
< 54		55 >
< 54		70 >
< 54		76 >
< 54		90 >
< 54		94 >
< 55		65 >
< 55		82 >
< 55		90 >
< 55		94 >
< 56		57 >
< 56		71 >
< 56		82 >
< 57		68 >
< 57		69 >
< 57		85 >
< 57		89 >
< 57		90 >
< 58		64 >
< 58		79 >
< 58		85 >
< 58		86 >
< 58		92 >
< 58		97 >
< 59		70 >
< 59		74 >
< 59		75 >
< 59		96 >
< 60		62 >
< 60		63 >
< 60		65 >
< 61		76 >
< 61		79 >
< 61		82 >
< 61		83 >
< 61		97 >
< 62		82 >
< 62		95 >
< 63		85 >
< 63		96 >
< 63		100 >
< 64		71 >
< 64		73 >
< 64		77 >
< 64		81 >
< 64		87 >
< 65		68 >
< 65		91 >
< 66		74 >
< 66		78 >
< 66		80 >
< 66		88 >
< 66		91 >
< 67		71 >
< 67		73 >
< 67		82 >
< 67		84 >
< 67		89 >
< 68		75 >
< 68		77 >
< 68		94 >
< 68		100 >
< 69		80 >
< 69		92 >
< 70		71 >
< 70		74 >
< 71		79 >
< 72		89 >
< 72		95 >
< 73		83 >
< 73		88 >
< 73		89 >
< 73		94 >
< 73		95 >
< 73		100 >
< 74		82 >
< 75		77 >
< 75		90 >
< 75		100 >
< 76		92 >
< 76		93 >
< 77		83 >
< 77		85 >
< 77		88 >
< 77		89 >
< 78		88 >
< 78		92 >
< 78		97 >
< 79		80 >
< 79		84 >
< 82		85 >
< 82		96 >
< 83		90 >
< 84		92 >
< 87		90 >
< 87		92 >
< 88		92 >
< 88		94 >
< 88		100 >
< 89		92 >
< 89		93 >
< 89		96 >
< 92		95 >
< 92		98 >
< 92		99 >
< 92		100 >
< 96		97 >
< 96		99 >
< 98		100 >
