nNodes= 100
nPairs= 2426  
Weight
2
3
3
2
4
4
3
3
2
3
2
2
3
3
4
2
3
3
4
2
4
3
3
4
2
3
4
2
4
3
3
3
3
3
3
2
3
2
3
3
3
3
4
3
4
2
4
4
3
3
2
2
2
4
3
3
3
3
4
4
3
2
4
4
3
2
3
2
3
3
2
4
2
4
2
4
3
2
2
2
4
3
2
4
2
3
4
4
4
3
2
4
3
2
4
4
3
2
4
4
Cost
101		101		0		0		101		101		101		101		0		101		0		101		0		0		101		0		0		0		101		0		0		101		101		0		101		0		0		0		101		101		0		101		101		101		0		101		0		101		101		0		101		0		0		101		0		0		101		101		0		0		101		101		101		101		101		101		101		0		0		0		101		0		101		0		0		101		101		101		0		101		0		101		0		0		101		101		0		101		101		101		101		0		101		101		0		0		101		101		0		0		101		0		0		101		0		0		0		101		101		101		
101		101		101		101		101		0		0		101		0		0		0		0		101		101		101		101		101		101		101		0		101		101		0		101		101		101		101		101		0		101		101		101		0		0		101		0		101		101		101		101		101		101		0		0		0		101		0		101		101		0		101		101		101		0		101		0		101		101		0		101		101		0		101		101		101		101		101		101		101		0		101		101		101		101		0		0		101		0		101		101		0		101		101		101		101		0		0		101		101		101		0		0		101		0		101		0		0		0		101		101		
0		101		101		0		0		0		0		0		101		101		0		101		0		0		0		101		0		0		0		0		101		101		0		101		0		0		101		101		101		0		101		0		0		0		0		101		101		0		101		101		101		0		0		0		101		0		0		101		101		0		0		0		101		0		0		101		0		0		101		0		101		0		101		0		101		101		101		101		101		0		101		101		0		101		0		0		0		101		0		101		0		101		0		0		0		101		101		101		0		101		0		0		101		101		0		0		101		101		101		101		
0		101		0		101		0		0		101		0		101		0		0		0		101		0		101		0		0		0		101		101		0		0		0		101		0		101		0		101		0		0		101		0		0		101		0		0		0		101		101		101		0		101		0		101		0		0		101		0		101		101		101		101		0		0		0		101		101		101		101		101		0		0		101		0		101		101		101		101		101		101		0		0		101		0		101		101		0		0		101		101		101		0		0		0		0		0		101		0		0		101		0		101		101		101		101		0		0		0		101		101		
101		101		0		0		101		0		0		0		0		101		0		0		101		0		0		101		101		0		0		101		101		101		101		0		0		101		101		101		101		101		101		0		0		0		0		0		0		0		0		0		0		0		101		0		0		0		101		0		101		101		101		0		101		101		0		0		101		0		0		0		101		101		101		0		0		0		101		101		101		0		101		0		101		101		0		101		101		0		101		101		101		101		101		0		0		0		0		101		0		0		101		0		101		101		0		101		0		101		101		0		
101		0		0		0		0		101		101		0		0		101		101		101		0		101		0		0		0		101		0		0		101		0		101		0		0		101		0		101		101		0		101		101		101		101		101		101		101		101		101		101		0		101		101		101		101		101		0		0		0		0		101		101		101		0		0		0		0		0		0		0		0		0		0		101		101		101		0		0		0		101		101		0		0		101		101		0		101		101		0		0		0		0		0		0		0		101		101		101		0		101		101		101		101		0		0		0		0		101		101		0		
101		0		0		101		0		101		101		0		0		101		101		101		101		101		101		0		101		101		101		101		101		101		0		0		0		0		0		0		0		101		0		101		101		0		101		0		0		0		101		101		101		101		0		0		101		101		0		0		101		0		0		0		0		0		0		101		0		0		101		0		101		0		0		101		101		101		0		101		101		101		101		0		101		0		101		101		0		101		0		0		0		101		0		101		0		101		0		101		0		0		0		0		0		101		101		0		101		0		101		101		
101		101		0		0		0		0		0		101		101		101		101		101		101		0		0		0		0		101		101		0		0		0		101		0		0		101		101		0		0		101		101		0		101		0		0		0		101		0		0		0		101		0		0		101		101		101		0		101		0		101		0		101		101		0		101		101		0		0		0		0		101		101		0		0		101		0		0		0		101		0		101		0		0		101		0		101		0		0		101		0		0		0		101		0		101		101		101		101		101		0		101		101		0		101		101		101		0		0		101		0		
0		0		101		101		0		0		0		101		101		101		0		101		0		0		0		0		101		0		0		101		101		0		101		0		101		0		0		101		101		0		101		101		0		101		0		0		101		101		101		101		101		0		0		101		101		0		0		101		0		0		101		0		0		0		101		0		0		0		101		101		0		0		0		0		0		0		0		0		101		101		101		0		101		0		0		0		0		101		101		0		101		101		0		101		101		101		0		0		0		0		101		101		101		101		0		0		101		101		0		101		
101		0		101		0		101		101		101		101		101		101		101		101		0		101		0		101		101		101		101		0		101		0		0		0		0		0		101		0		0		101		101		0		101		101		0		101		0		101		0		101		101		101		0		101		0		0		0		101		101		0		101		101		101		101		101		101		0		101		101		101		101		101		0		0		0		0		101		0		0		101		0		0		0		101		0		101		101		0		101		0		0		0		101		101		101		0		101		101		0		101		101		101		0		101		101		101		0		0		101		0		
0		0		0		0		0		101		101		101		0		101		101		0		101		0		101		101		101		101		101		0		0		101		101		101		0		101		0		0		101		0		0		101		0		101		101		101		0		101		101		101		0		101		101		0		101		0		101		101		101		101		0		101		101		101		0		101		101		101		0		0		0		0		101		0		0		101		101		0		101		101		101		0		101		0		0		101		101		101		101		0		0		0		101		0		0		101		101		0		101		0		101		101		0		101		0		0		101		0		101		101		
101		0		101		0		0		101		101		101		101		101		0		101		0		0		101		0		101		101		101		0		0		0		101		101		101		0		0		101		101		101		101		0		0		101		0		0		0		101		101		0		0		101		101		101		0		101		101		101		101		101		0		101		101		101		0		101		0		0		101		0		0		0		0		0		0		0		0		101		0		0		101		101		101		0		101		0		0		101		0		0		0		0		0		0		101		0		101		0		0		0		101		101		0		0		101		101		101		101		0		0		
0		101		0		101		101		0		101		101		0		0		101		0		101		0		0		101		101		101		101		0		101		0		0		0		101		0		101		0		0		101		0		101		0		0		0		101		0		101		101		101		0		0		101		101		0		0		101		101		101		101		101		101		0		101		0		0		101		0		0		101		0		0		0		101		101		0		101		101		0		101		0		101		101		0		0		0		0		101		101		101		101		0		0		101		0		101		101		101		101		0		0		0		0		0		0		0		101		101		101		101		
0		101		0		0		0		101		101		0		0		101		0		0		0		101		0		101		0		0		0		0		101		101		0		101		0		101		0		0		101		101		0		0		101		0		101		0		101		0		0		101		101		101		101		101		0		101		0		101		0		101		0		101		0		0		0		101		101		0		0		0		0		0		101		101		0		0		0		0		0		0		0		0		101		101		101		101		0		0		101		101		0		0		101		101		0		101		0		101		0		0		0		0		101		101		101		0		101		0		0		0		
101		101		0		101		0		0		101		0		0		0		101		101		0		0		101		0		101		101		0		0		101		101		0		101		0		101		0		101		0		0		101		101		0		0		0		0		0		0		101		0		101		101		0		0		0		0		101		0		0		0		101		101		101		0		0		101		101		101		101		101		101		0		0		0		0		0		0		101		0		0		0		101		0		101		101		101		101		101		0		101		0		101		101		0		0		101		101		0		0		101		101		101		0		101		101		101		0		101		0		0		
0		101		101		0		101		0		0		0		0		101		101		0		101		101		0		101		0		101		0		101		101		0		101		0		0		101		101		0		0		101		0		0		101		0		0		101		101		101		0		0		0		0		101		0		0		101		0		101		0		101		0		101		101		0		101		101		0		0		0		0		101		101		0		101		101		101		0		0		101		101		101		0		101		0		0		0		101		0		101		0		101		101		101		0		101		0		0		101		0		0		0		0		101		0		101		0		101		101		101		101		
0		101		0		0		101		0		101		0		101		101		101		101		101		0		101		0		101		0		101		0		0		101		101		0		101		101		0		0		101		101		101		101		0		101		0		0		0		101		0		101		0		0		101		0		101		101		101		101		0		0		0		0		101		0		101		0		0		101		101		0		101		0		0		0		101		101		0		0		101		0		0		0		0		0		0		101		101		0		0		0		0		0		0		0		0		101		101		0		101		101		0		101		101		101		101		0		101		101		0		0		
0		101		0		0		0		101		101		101		0		101		101		101		101		0		101		101		0		101		101		0		101		0		0		101		0		101		101		0		0		0		0		0		0		0		101		101		101		101		0		0		0		0		0		0		101		0		101		0		0		0		0		101		101		101		101		101		0		0		101		101		101		101		101		101		0		0		101		101		0		101		101		0		0		0		0		0		0		101		101		0		101		101		0		101		0		0		101		101		0		0		101		101		0		0		0		101		101		0		0		0		
101		101		0		101		0		0		101		101		0		101		101		101		101		0		0		0		101		101		101		101		101		101		0		101		0		101		101		101		101		101		101		0		0		0		101		0		0		0		101		0		0		0		101		0		0		0		0		0		101		0		0		101		101		0		101		0		0		101		101		101		0		0		101		0		101		101		101		0		101		0		101		0		101		0		101		0		0		101		0		101		101		0		0		101		101		0		101		101		101		101		101		0		101		101		101		101		0		0		0		0		
0		0		0		101		101		0		101		0		101		0		0		0		0		0		0		101		0		0		101		101		101		101		0		101		0		101		0		101		0		101		101		0		101		0		101		0		0		101		0		101		0		101		0		0		101		0		101		101		101		101		0		0		101		0		0		101		101		0		101		101		101		101		0		101		101		0		0		0		0		0		0		0		0		101		0		0		101		101		0		0		101		101		0		0		101		101		0		0		101		101		0		101		101		0		0		101		101		0		0		101		
0		101		101		0		101		101		101		0		101		101		0		0		101		101		101		101		0		101		101		101		101		101		0		101		101		101		101		0		0		101		101		101		101		101		0		0		101		101		101		0		101		101		0		101		0		0		101		0		0		0		101		101		101		101		101		0		101		101		0		0		0		0		0		101		0		101		101		101		101		0		101		101		0		101		0		0		101		0		0		0		101		0		0		0		101		0		101		0		101		101		0		0		0		0		0		101		101		101		101		0		
101		101		101		0		101		0		101		0		0		0		101		0		0		101		101		0		101		0		101		101		101		101		0		101		0		101		101		0		0		101		101		0		101		0		101		0		101		0		101		101		101		101		101		0		101		101		0		101		0		0		0		101		0		101		101		0		101		101		0		101		0		0		0		0		101		0		0		101		101		0		0		101		101		101		0		0		0		0		101		101		0		0		101		101		0		0		101		101		101		0		0		101		0		0		0		0		101		101		0		0		
101		0		0		0		101		101		0		101		101		0		101		101		0		0		0		101		101		0		0		0		0		0		101		0		0		101		0		0		101		101		0		0		101		0		0		0		101		0		101		101		101		0		0		0		0		0		101		0		0		101		101		101		101		0		0		0		101		0		0		0		101		0		101		101		0		0		101		0		0		101		101		101		0		0		0		101		0		101		101		0		0		0		101		0		101		0		0		0		101		101		101		0		0		0		101		101		101		101		0		0		
0		101		101		101		0		0		0		0		0		0		101		101		0		101		101		0		0		101		101		101		101		101		0		101		101		0		101		101		0		0		0		0		0		0		101		0		101		101		0		101		0		0		0		0		0		0		101		0		101		101		0		101		0		101		101		0		101		101		0		0		0		0		101		0		0		101		101		101		0		101		0		101		0		101		0		101		0		101		101		0		0		101		101		0		101		101		0		101		101		101		101		101		101		0		0		0		101		0		0		101		
101		101		0		0		0		0		0		0		101		0		0		101		101		0		0		0		101		0		0		0		101		0		0		101		101		0		101		0		0		0		0		101		0		101		0		0		101		101		101		101		0		0		0		0		0		101		0		0		0		0		0		101		0		101		101		0		101		0		101		0		0		101		101		0		101		101		101		0		0		101		0		0		101		0		0		101		0		101		0		101		101		101		101		101		0		101		101		0		0		0		0		0		101		0		0		101		101		0		0		101		
0		101		0		101		101		101		0		101		0		0		101		0		0		101		101		101		101		101		101		101		101		101		101		0		0		101		101		101		0		0		0		0		0		0		0		101		0		101		101		0		101		0		0		101		101		101		0		0		0		0		101		0		0		0		101		0		101		101		0		101		101		101		0		101		0		101		0		101		101		101		101		0		101		0		0		101		0		101		0		101		0		0		101		101		0		101		101		0		0		101		0		0		101		101		0		0		0		0		101		0		
0		101		101		0		101		0		0		101		0		101		0		0		101		0		0		101		0		101		101		0		101		101		0		101		101		101		101		101		101		0		0		101		101		101		101		101		0		101		101		0		101		0		0		101		0		101		0		101		0		101		101		101		101		101		101		0		0		101		101		101		0		0		101		101		0		0		0		0		0		0		0		101		0		0		0		0		101		101		101		101		101		0		0		0		101		0		0		101		101		0		0		0		101		0		101		101		0		101		0		0		
0		101		101		101		101		101		0		0		101		0		0		101		0		0		101		0		0		0		101		101		0		0		0		101		0		101		101		101		101		101		101		101		0		0		101		0		101		101		0		0		101		0		0		101		101		0		0		101		101		0		101		101		101		0		101		0		101		0		101		101		0		0		101		101		101		0		101		0		0		101		0		101		0		0		0		0		0		101		0		101		0		101		0		101		101		0		0		101		101		101		101		0		101		101		0		101		101		0		0		101		
101		0		101		0		101		101		0		0		101		0		101		101		0		101		0		0		101		0		101		0		0		0		101		0		0		0		101		101		101		101		0		0		0		101		0		101		101		0		101		0		0		101		0		101		101		101		0		0		101		0		0		101		101		0		0		0		0		0		0		0		0		101		0		0		0		101		101		0		101		101		101		101		101		101		0		0		0		101		0		101		101		0		101		0		0		0		0		0		0		101		0		0		101		0		101		101		0		101		101		0		
101		101		0		0		101		0		101		101		0		101		0		101		101		101		0		101		101		0		101		101		101		101		101		0		0		0		0		101		101		101		0		101		101		0		101		0		0		101		101		101		101		101		101		0		101		101		0		0		0		101		101		101		0		101		0		0		0		101		0		0		0		0		0		101		0		101		0		0		0		101		0		0		101		101		101		101		0		0		0		101		101		0		101		101		0		0		0		101		0		0		101		0		101		101		101		0		0		101		101		101		
0		101		101		101		101		101		0		101		101		101		0		101		0		0		101		0		101		0		101		101		101		101		0		0		0		0		0		101		0		0		101		0		101		0		101		0		0		0		101		0		0		0		0		0		101		0		0		101		101		0		0		0		0		0		0		101		101		101		0		0		0		101		0		0		0		101		101		101		101		101		0		101		0		0		101		101		0		101		0		101		101		0		0		0		0		101		101		101		101		0		0		0		101		0		101		101		101		0		101		101		
101		101		0		0		0		101		101		0		101		0		101		0		101		0		101		0		101		0		0		0		101		0		0		0		101		0		101		101		0		101		0		101		0		101		101		0		101		101		101		0		101		0		101		0		101		0		0		0		101		101		0		0		101		101		101		101		0		0		101		101		101		0		0		0		101		0		101		0		101		0		0		101		0		101		101		101		0		0		101		0		0		101		101		0		101		101		0		101		0		0		0		0		0		101		101		101		0		101		101		101		
101		0		0		0		0		101		101		101		0		101		0		0		0		101		0		101		0		0		0		101		101		101		101		0		0		0		101		0		0		101		101		0		101		0		0		0		101		0		101		0		0		101		0		101		0		101		101		101		101		0		101		101		0		101		101		0		0		0		0		101		101		0		0		101		101		0		0		101		101		0		0		0		0		0		0		101		0		101		101		101		0		101		101		0		101		101		0		101		0		101		101		0		0		0		0		101		0		0		101		0		
101		0		0		101		0		101		0		0		101		101		101		101		0		0		0		0		101		0		0		0		101		0		0		0		101		0		101		0		101		0		0		101		0		101		0		0		101		101		0		101		0		0		0		101		101		0		101		101		0		0		101		101		101		101		101		101		0		0		101		101		101		101		101		0		101		101		101		0		0		101		101		0		101		0		0		0		0		0		0		101		101		0		101		101		101		0		101		101		0		101		0		0		101		101		0		0		0		0		101		101		
0		101		0		0		0		101		101		0		0		0		101		0		0		101		0		0		0		101		101		101		0		101		0		101		0		0		101		101		0		101		101		101		0		0		101		0		101		0		101		0		0		101		0		0		101		101		0		101		0		101		0		101		0		101		101		0		101		0		0		101		0		0		0		101		0		101		0		101		101		0		0		101		0		101		101		101		101		101		101		0		0		0		101		101		101		101		0		101		101		101		0		0		0		0		101		101		0		0		101		0		
101		0		101		0		0		101		0		0		0		101		101		0		101		0		0		101		0		101		0		0		0		0		0		0		0		101		101		0		101		0		0		0		0		0		0		101		101		101		101		0		0		101		101		0		101		101		101		0		101		101		0		0		0		0		0		0		101		0		0		0		0		0		0		0		0		101		0		101		0		0		0		0		101		0		101		0		0		0		0		101		0		0		101		0		101		0		0		0		101		0		0		101		0		0		0		0		101		101		101		101		
0		101		101		0		0		101		0		101		101		0		0		0		0		101		0		101		0		101		0		0		101		101		101		101		101		0		0		101		101		0		0		101		101		101		101		101		101		101		0		101		101		101		0		0		101		101		101		101		101		101		101		101		101		0		101		101		0		101		101		0		101		0		0		101		101		0		101		0		101		0		101		0		0		101		0		0		101		0		101		101		101		101		0		0		101		0		101		101		101		101		0		101		0		101		0		0		0		0		101		101		
101		101		0		101		0		101		0		0		101		101		101		101		101		0		0		101		101		101		0		101		101		0		0		101		101		101		101		101		0		101		0		101		0		101		0		101		101		101		101		101		101		0		101		101		101		101		101		0		101		101		101		0		0		0		101		101		0		101		0		101		101		101		0		0		101		0		101		0		0		0		0		101		0		101		0		0		101		0		0		101		101		101		0		0		0		101		101		0		101		0		0		0		0		0		101		0		101		0		101		0		
101		101		101		101		0		101		101		0		101		0		101		101		101		0		101		0		0		0		101		0		101		101		101		0		101		101		101		0		101		101		101		101		101		0		101		101		0		101		101		0		101		101		101		0		101		0		101		101		101		101		101		0		0		0		101		0		101		0		101		0		0		0		101		101		0		0		101		101		0		0		101		101		0		101		101		101		101		0		0		0		101		101		101		0		0		101		0		0		0		0		0		101		0		0		0		101		0		0		0		101		
0		101		101		101		0		101		101		0		101		101		101		0		101		101		0		0		101		0		0		101		0		101		101		101		101		0		0		0		0		101		0		0		0		101		0		0		101		101		0		101		101		101		0		101		101		0		0		101		101		101		0		101		101		101		101		101		101		0		101		0		0		101		0		0		101		101		0		101		101		101		0		0		101		0		0		0		101		0		0		101		101		0		101		101		0		0		0		0		0		101		0		101		101		101		101		101		0		101		101		101		
101		101		101		0		0		0		101		101		101		101		0		0		0		101		101		0		0		0		0		0		101		101		101		0		0		101		101		101		0		101		0		101		0		0		0		0		101		101		101		101		101		101		0		0		101		101		101		0		0		0		0		101		0		101		0		101		0		101		0		101		0		0		0		0		101		0		0		0		101		0		0		0		0		0		101		0		0		0		101		101		0		0		101		0		101		0		101		0		101		0		0		101		101		0		101		101		0		101		101		0		
0		101		0		101		0		101		101		0		0		101		101		101		0		101		101		0		0		0		0		101		101		101		0		0		0		0		0		0		101		101		0		0		101		0		101		101		101		0		101		101		101		101		101		101		101		101		101		101		101		0		0		0		101		101		101		101		0		0		0		0		0		101		0		101		0		0		0		101		101		0		0		101		101		101		101		101		0		101		101		101		0		101		101		0		0		0		0		0		101		101		101		101		0		101		101		101		0		0		0		101		
0		0		0		0		101		101		0		0		0		0		101		101		101		101		0		101		101		0		101		0		0		101		0		0		0		0		0		0		0		101		0		101		0		0		0		101		0		101		101		0		0		101		101		101		101		0		101		0		0		101		0		101		0		0		101		0		101		101		0		101		101		101		101		0		101		0		101		0		101		101		0		101		0		101		0		0		101		0		0		101		101		0		0		101		0		101		0		0		101		0		0		101		101		0		0		101		101		0		101		0		
101		0		0		101		0		101		0		101		101		101		0		101		101		101		0		0		0		0		0		0		101		0		0		0		0		101		101		101		101		0		0		0		101		101		0		0		0		101		0		101		0		101		101		101		0		101		101		101		0		101		0		0		101		101		0		101		101		101		0		0		0		101		0		101		101		101		101		101		0		0		0		101		101		0		101		0		101		0		0		0		101		101		0		0		0		0		101		101		101		101		0		0		101		101		101		101		101		101		0		101		
0		0		101		0		0		101		101		101		101		0		101		0		0		0		0		0		101		101		0		101		0		101		0		0		0		101		0		101		101		101		101		101		0		101		101		101		101		101		101		101		101		101		101		0		101		0		0		101		0		0		101		0		101		0		0		0		0		101		0		0		0		0		101		0		101		0		101		0		101		0		101		0		0		101		101		101		0		101		0		0		101		0		101		0		101		0		0		101		0		0		101		0		101		0		0		101		101		101		0		0		
0		101		0		0		0		101		101		101		0		0		0		101		0		101		0		101		101		0		0		0		0		101		0		0		101		101		101		0		101		101		0		0		101		0		101		101		101		101		0		0		101		101		0		101		0		101		0		0		101		0		101		101		101		0		101		0		101		101		101		101		101		0		0		101		0		101		0		101		101		0		101		0		101		101		101		0		0		101		101		0		101		0		0		0		101		0		101		101		101		0		101		0		101		0		0		0		0		0		0		101		
101		0		0		101		101		0		0		0		0		0		101		101		101		0		101		0		101		101		0		101		101		0		101		101		0		0		0		0		0		0		0		0		101		101		0		101		101		101		101		0		101		101		101		101		0		0		101		0		101		101		101		0		101		0		0		101		0		101		0		0		0		101		101		0		101		101		101		101		0		101		101		0		101		0		0		101		0		0		101		101		101		101		0		101		0		0		0		0		101		101		0		101		101		0		0		0		101		0		101		0		
101		101		101		0		0		0		0		101		101		101		101		101		101		101		0		101		101		0		0		101		0		101		0		0		0		0		101		101		0		0		101		0		101		101		101		0		101		0		101		101		0		101		0		101		101		0		0		101		0		101		0		101		0		101		0		101		101		0		0		101		0		0		0		101		101		0		0		101		0		101		0		101		0		0		101		101		0		0		0		101		0		101		101		0		0		0		0		0		0		101		0		0		0		0		101		101		101		0		0		101		
0		101		101		101		101		0		101		0		0		101		101		101		101		0		0		0		0		0		101		101		0		0		0		101		0		0		0		101		101		0		101		101		101		0		0		101		101		101		101		101		0		101		0		0		0		101		101		0		101		101		0		101		0		101		101		0		0		0		101		0		101		101		0		101		101		0		0		101		101		0		101		101		101		0		0		101		101		101		0		0		101		0		101		101		0		0		101		101		0		101		101		0		0		0		0		101		0		101		0		0		
0		0		0		101		101		0		0		101		0		0		101		101		101		101		0		101		0		0		0		101		0		0		101		101		0		0		101		0		0		101		0		101		0		0		101		101		101		101		101		101		0		0		101		101		0		0		101		101		101		101		101		0		101		0		0		0		0		0		0		0		101		101		0		101		0		0		0		0		0		0		0		101		0		0		0		0		101		101		101		0		101		0		0		101		0		0		0		0		0		0		101		101		101		0		0		101		101		101		0		101		
101		101		0		101		101		101		0		0		101		101		0		0		101		0		101		0		0		0		0		0		101		0		101		0		0		101		101		101		0		101		0		0		101		101		0		0		101		101		101		0		0		0		0		0		101		101		101		0		0		101		101		0		0		0		0		101		0		0		101		101		101		0		0		0		0		101		0		101		101		101		101		0		101		101		101		0		101		0		0		0		101		101		0		0		0		0		0		101		0		0		101		0		0		0		0		0		101		0		0		0		
101		101		0		101		0		101		0		101		0		101		101		101		101		101		101		101		0		101		101		0		101		101		101		101		101		0		101		101		101		101		0		0		101		101		101		0		101		0		0		101		101		0		101		0		0		101		0		101		101		0		0		101		101		0		101		101		0		101		101		0		0		101		101		0		101		0		0		0		0		0		0		0		0		0		0		101		0		0		0		0		101		0		101		0		0		101		101		101		101		101		101		0		0		0		0		0		101		101		0		101		
101		101		101		0		101		101		0		101		0		101		101		101		0		0		101		101		101		101		101		101		101		0		101		0		0		0		101		101		101		0		0		101		0		101		0		0		101		0		0		101		0		101		0		101		101		101		101		0		0		101		0		101		101		0		101		0		0		0		101		0		101		101		0		0		0		0		101		0		101		101		101		0		0		101		0		101		0		0		101		101		101		101		0		0		0		101		0		0		0		0		101		0		0		101		0		101		101		101		101		101		
101		0		0		0		101		0		0		0		0		101		101		101		101		0		0		0		0		101		0		0		101		101		0		101		101		0		101		0		0		101		0		101		101		101		101		0		0		0		0		101		101		101		0		101		0		0		0		101		101		0		0		0		0		101		0		0		0		0		0		0		0		101		101		101		101		0		101		0		0		0		101		0		101		0		101		0		0		101		101		0		101		101		0		0		101		0		101		101		0		101		0		0		0		101		101		0		101		101		101		101		
101		101		0		0		0		0		0		101		101		101		0		0		0		0		0		101		101		101		101		0		101		101		0		101		101		101		101		101		0		0		0		101		101		101		101		0		101		101		101		101		0		101		101		0		0		101		0		0		101		0		0		101		101		0		101		0		0		101		101		101		101		0		101		101		0		0		0		101		0		0		0		0		0		101		101		101		0		0		0		0		101		101		101		0		0		101		101		101		101		0		0		0		101		101		101		101		0		0		0		101		
101		0		101		101		0		0		101		101		0		101		101		101		0		101		101		101		0		101		0		101		0		0		0		0		0		0		0		0		0		0		101		101		0		101		0		0		101		101		0		101		101		101		0		101		0		0		101		101		0		0		101		101		0		0		0		101		0		101		0		101		0		0		0		0		0		101		101		101		0		101		0		0		101		0		0		101		101		0		0		101		0		101		101		0		101		0		0		101		0		101		0		0		101		0		0		0		0		101		101		0		
101		101		0		101		101		0		0		0		0		0		101		0		101		101		101		0		0		0		0		101		101		101		101		101		101		101		0		101		0		0		101		0		0		0		101		101		0		0		101		101		0		0		101		101		0		101		0		101		0		0		0		0		0		0		0		0		101		0		0		101		101		101		0		101		101		101		0		101		101		0		101		101		101		0		101		101		101		101		101		101		0		101		0		0		0		0		0		101		101		101		0		0		101		0		0		101		0		101		0		101		
0		101		0		101		0		0		0		0		0		101		101		0		0		0		101		0		101		0		101		0		101		101		0		101		0		101		101		0		0		101		101		0		0		0		0		0		101		101		0		0		101		0		101		101		101		101		101		0		0		0		0		101		0		0		101		101		0		101		101		0		0		0		101		0		0		0		0		101		101		101		0		0		0		101		0		0		0		0		101		0		101		0		101		0		101		101		0		101		0		0		101		0		101		101		0		0		101		0		0		0		
0		0		101		101		0		0		101		0		101		101		0		101		0		0		101		0		101		101		101		101		0		0		0		0		101		0		101		101		0		0		0		101		0		101		0		0		101		0		101		101		0		0		0		0		0		101		0		0		101		0		101		101		101		0		101		0		0		101		101		101		101		0		101		0		0		101		0		101		0		0		101		0		101		101		0		101		101		0		0		101		0		101		0		101		0		101		0		0		101		0		101		0		101		101		101		0		0		101		101		0		
0		101		0		101		0		0		0		0		101		101		0		0		101		0		101		0		0		101		101		101		0		101		0		0		0		101		101		101		0		0		0		101		101		101		101		0		0		101		0		0		101		0		101		0		0		101		0		101		0		0		101		0		0		0		101		101		101		0		101		101		101		101		101		101		101		101		0		101		101		0		0		0		101		0		101		0		101		101		0		0		101		101		0		101		101		0		101		101		101		0		101		0		0		0		101		101		101		0		0		0		
101		101		101		0		101		0		101		101		0		101		0		0		0		0		101		101		101		101		0		101		0		0		101		0		0		101		0		0		0		0		0		101		101		101		0		0		101		101		0		0		0		0		101		0		0		101		0		0		101		101		101		0		101		0		101		0		101		0		101		101		101		101		0		0		0		0		101		101		0		0		0		0		101		101		101		101		0		101		0		0		0		0		0		0		101		101		101		101		0		0		0		101		101		0		0		0		0		0		0		0		
0		0		0		0		101		0		0		101		0		101		0		0		0		0		0		101		0		101		0		101		0		0		0		0		101		101		0		0		101		0		101		0		0		101		0		0		0		101		0		101		0		101		101		101		0		0		101		0		101		101		0		101		101		101		0		0		101		0		0		101		101		101		101		0		101		101		101		0		0		0		101		101		0		0		101		0		0		0		101		0		0		101		101		101		101		101		101		0		0		0		0		0		101		101		101		0		0		0		101		0		
101		101		101		101		101		0		0		0		0		0		101		0		0		101		0		0		0		101		101		0		0		0		101		101		101		0		101		101		0		0		0		0		0		101		0		0		0		0		101		0		0		0		101		0		101		0		101		0		0		0		0		101		0		101		101		0		0		101		101		101		0		101		101		0		0		0		101		101		101		101		0		101		101		0		101		101		101		101		0		101		101		101		0		0		101		101		0		0		0		0		0		0		0		101		101		0		101		101		0		101		
0		101		0		0		0		101		101		0		0		0		0		0		101		101		0		101		0		101		0		101		101		0		101		0		0		101		101		101		0		101		0		0		101		0		101		0		101		0		101		0		0		101		0		101		0		101		0		101		101		101		0		0		0		101		101		0		101		0		0		101		0		0		0		101		101		101		0		101		0		101		101		0		101		0		101		0		0		101		101		101		101		0		0		101		0		101		0		0		0		0		0		101		0		0		101		101		101		0		0		0		
0		101		101		101		0		101		101		101		0		0		0		0		101		0		0		101		101		0		101		101		0		101		0		0		101		0		0		101		0		0		0		101		101		101		0		0		101		101		0		101		101		0		101		101		101		0		101		101		101		0		0		101		0		101		0		0		101		0		0		101		0		101		0		101		101		101		0		101		101		101		101		101		0		0		101		0		101		101		101		0		0		0		0		0		101		101		0		101		0		101		0		0		0		0		101		101		101		101		0		0		
101		101		101		101		0		101		101		0		0		0		101		0		0		0		0		101		101		0		101		0		101		0		0		101		101		101		0		0		101		101		101		0		0		101		101		101		0		0		0		101		0		0		0		101		0		101		101		0		0		0		101		0		0		0		0		101		101		0		101		101		0		101		0		101		101		101		101		101		101		0		101		101		101		101		0		0		101		0		101		0		101		0		0		0		0		101		0		0		0		0		0		0		0		101		0		101		0		101		101		0		
101		101		101		101		101		0		0		0		0		101		101		0		101		0		0		0		0		101		101		0		101		0		101		101		101		0		0		101		101		0		101		101		0		101		0		0		101		101		101		0		0		0		101		101		101		0		101		0		0		0		0		0		101		101		0		101		0		0		0		0		101		101		101		0		0		101		101		101		0		0		101		101		101		101		101		101		101		101		0		101		0		0		0		0		101		0		101		0		101		0		0		101		101		101		101		0		0		101		101		0		
101		101		101		101		101		0		101		0		0		0		0		101		101		0		101		0		0		101		0		0		101		101		0		101		0		101		0		0		0		0		101		0		101		0		101		101		0		0		101		101		0		101		0		101		0		101		101		101		101		0		101		0		0		0		101		101		101		101		101		101		101		0		101		101		101		101		101		101		101		0		101		101		0		0		101		101		101		0		101		0		0		0		101		101		0		101		101		0		0		0		101		0		0		101		0		101		0		0		0		101		
0		101		101		101		101		0		101		101		101		0		101		0		0		0		0		101		101		0		101		0		101		101		0		0		0		101		0		0		101		0		101		101		101		0		101		0		101		0		0		101		101		101		101		0		101		101		0		0		101		0		101		0		101		0		0		0		101		101		0		101		0		0		101		0		101		101		0		101		101		101		101		0		101		0		0		101		0		101		101		0		0		0		101		101		0		101		0		101		101		101		0		101		0		101		0		101		0		101		0		101		
101		0		0		101		0		101		101		0		101		101		101		0		101		0		0		101		0		101		0		0		0		0		101		101		101		101		0		101		101		101		101		0		0		101		0		0		0		0		0		101		0		0		101		0		0		0		101		101		0		0		101		0		101		0		0		101		0		101		0		0		0		0		101		101		101		0		0		0		101		101		101		0		101		0		0		101		0		0		0		101		101		0		101		0		0		0		101		0		0		101		0		101		0		101		0		0		101		0		101		0		
0		101		101		0		101		101		101		101		101		0		101		101		0		0		0		101		0		101		101		0		101		0		101		0		0		101		0		0		101		0		0		0		0		101		0		0		101		0		101		0		0		0		0		0		101		101		101		0		101		0		101		0		101		101		0		0		101		0		101		0		0		101		0		101		101		101		101		101		101		101		101		101		101		101		0		101		101		101		101		0		0		0		101		0		0		101		101		0		101		0		101		101		0		0		0		101		0		0		0		0		
101		101		101		0		0		0		0		0		0		0		0		101		101		0		101		0		0		0		0		0		101		101		101		101		0		0		101		101		101		0		101		101		0		0		101		0		0		101		101		0		0		101		101		101		0		0		0		101		101		101		0		0		0		0		0		0		101		0		0		0		0		101		101		0		101		101		101		101		0		0		101		101		0		0		101		0		101		0		101		101		0		0		0		0		101		0		101		0		0		101		101		101		101		101		101		0		101		101		101		0		
0		101		0		101		101		0		101		0		101		0		101		101		101		101		0		101		0		0		101		0		0		101		0		0		101		101		0		0		101		101		0		0		0		101		0		101		0		0		0		101		0		101		0		101		0		101		101		0		101		0		101		0		0		101		0		101		101		0		101		101		101		0		101		101		0		101		101		0		101		101		101		0		101		101		101		0		0		101		0		101		101		101		0		0		0		101		101		0		0		0		101		0		101		0		0		101		101		101		0		0		
0		101		101		0		101		101		0		101		0		101		0		0		0		101		101		0		0		0		0		101		101		101		0		101		0		0		0		0		101		101		0		101		0		0		101		0		101		101		101		0		0		101		101		0		101		101		0		0		0		0		101		0		101		0		101		0		0		101		101		0		101		0		0		0		0		101		101		0		0		0		101		0		101		101		0		101		101		0		101		101		0		0		101		0		101		101		0		101		0		101		0		0		101		101		101		0		101		0		0		0		
101		0		0		101		0		101		101		0		0		0		0		101		0		101		101		0		0		0		101		0		0		0		0		0		0		0		0		0		0		101		101		101		0		0		101		101		0		0		101		0		101		101		0		101		101		101		0		101		0		0		101		0		0		101		101		0		101		0		0		101		101		101		101		101		101		0		101		101		0		0		0		101		101		0		101		101		0		0		0		0		101		101		101		0		0		0		0		101		101		0		0		101		0		0		0		0		0		0		0		101		
101		0		0		101		101		0		101		101		0		101		101		0		0		101		101		0		101		0		0		0		0		0		101		101		101		101		0		0		0		101		101		101		101		0		101		0		0		0		101		0		0		101		0		0		101		0		101		101		101		0		0		101		101		0		101		101		101		0		101		0		101		0		101		0		0		0		101		101		101		101		101		0		0		101		101		101		101		101		0		0		101		101		0		101		101		0		0		0		0		0		0		0		101		0		0		101		0		0		0		101		
0		101		0		0		101		101		0		0		0		101		101		0		0		0		101		101		101		0		0		101		101		0		0		0		0		0		101		0		0		0		0		0		0		0		101		0		101		101		101		101		0		0		101		101		0		0		0		0		101		101		101		0		0		0		0		101		101		0		101		101		0		0		101		0		101		101		101		101		0		0		101		101		0		101		0		101		101		101		101		0		101		0		101		0		0		101		101		101		0		101		0		0		101		0		0		0		101		101		0		101		
101		0		101		0		0		101		101		0		101		0		101		101		101		0		101		0		0		101		101		101		0		0		101		101		101		101		101		101		101		0		101		0		101		0		101		0		0		0		0		0		0		101		0		0		101		101		0		0		101		101		0		0		0		101		0		0		101		0		0		101		101		0		101		101		101		0		101		0		101		0		101		0		101		0		0		101		101		101		0		0		101		101		0		101		101		101		0		101		101		0		101		0		101		101		0		101		101		101		0		0		
101		101		0		101		101		0		0		101		101		101		101		0		101		101		0		101		0		101		0		0		0		101		101		101		0		0		101		0		0		0		0		101		101		0		101		0		101		0		0		0		101		101		0		0		0		101		101		0		0		101		0		0		101		101		0		0		101		101		0		0		0		101		0		101		101		101		0		101		101		0		101		101		0		101		0		0		101		0		101		0		0		101		0		0		0		101		0		101		101		101		101		101		101		101		101		101		101		101		101		0		
101		101		101		101		101		0		0		0		0		0		0		0		101		101		101		0		0		0		101		0		0		101		0		0		101		101		101		101		101		101		101		0		101		101		0		101		101		101		0		101		101		101		101		0		0		0		101		101		0		0		0		0		101		0		0		101		101		0		101		0		0		0		101		101		0		0		101		0		0		101		0		101		101		101		0		0		0		0		0		101		101		101		0		101		0		0		0		101		101		0		0		101		0		101		101		101		101		101		0		0		
101		0		0		101		101		0		0		0		101		0		0		0		101		0		0		101		0		101		101		101		101		0		0		0		101		0		101		0		101		101		101		0		0		101		0		0		101		101		101		101		0		0		101		101		101		101		101		0		101		101		101		101		101		101		101		0		0		101		0		101		0		0		101		101		0		101		0		0		0		101		0		0		101		0		101		101		101		101		0		101		101		0		0		101		101		0		101		101		0		0		101		0		0		0		101		0		101		101		0		101		
0		101		101		0		101		0		101		0		101		0		0		0		0		0		101		101		0		101		0		101		0		0		0		101		101		0		0		101		0		0		0		101		101		0		0		0		101		101		101		0		0		101		0		101		0		0		101		101		0		0		101		0		101		101		101		101		101		0		101		101		0		101		101		0		0		0		0		0		0		0		0		0		101		0		101		101		0		101		101		101		0		101		101		101		101		101		0		0		101		0		0		0		101		101		101		0		101		101		0		101		
101		101		0		0		101		0		0		101		0		101		101		0		0		101		101		101		0		0		0		0		0		101		101		101		101		101		0		0		101		101		0		101		101		101		101		101		0		0		101		101		101		101		0		0		101		0		0		101		101		0		0		101		0		0		101		101		0		101		0		0		0		101		0		0		0		0		0		101		101		101		101		0		0		101		101		0		101		0		0		0		0		101		101		101		0		0		0		101		101		0		0		0		0		0		0		101		0		0		0		101		
101		101		0		0		0		0		101		0		101		101		0		0		101		101		0		0		0		101		101		0		0		101		0		0		101		101		0		101		0		101		0		0		0		101		101		0		0		0		0		101		0		0		101		0		0		0		101		0		101		101		0		0		0		0		0		0		0		0		101		101		0		101		0		101		0		0		0		101		101		0		0		0		0		0		0		101		0		101		0		101		101		101		101		101		101		0		0		101		0		0		0		0		101		0		0		0		101		101		101		0		
0		101		0		0		0		0		0		101		101		101		0		101		0		0		0		101		0		0		101		101		101		0		101		101		0		0		101		101		0		0		0		101		101		101		101		101		101		0		0		0		101		0		0		0		101		101		0		0		0		0		0		0		0		101		0		101		0		101		0		101		101		101		101		0		101		0		101		0		0		0		0		101		0		101		0		101		0		101		0		0		101		101		0		101		101		0		101		0		101		101		0		101		0		0		101		0		101		101		101		101		
0		0		101		0		0		101		101		101		101		0		101		0		101		101		101		0		101		0		0		101		0		0		0		101		101		101		0		0		0		0		101		101		101		0		101		0		0		101		101		0		0		0		101		0		0		0		0		0		0		0		0		101		101		0		101		0		0		101		101		0		101		101		101		101		101		101		0		101		101		0		101		0		101		101		0		0		101		101		101		0		0		101		0		0		0		101		101		101		0		101		0		0		101		101		0		101		101		101		0		101		
101		0		101		101		0		101		0		101		0		101		101		101		101		0		101		0		101		101		101		0		101		101		0		0		101		101		0		0		0		0		101		0		0		101		0		0		101		101		0		0		101		0		0		101		0		101		0		0		101		0		0		101		0		101		101		0		0		0		0		101		101		101		0		0		0		0		101		101		0		101		101		101		101		0		0		0		101		0		0		0		101		0		0		0		101		101		101		101		101		101		0		0		101		0		0		101		101		0		0		101		
101		101		101		0		101		101		101		101		0		101		0		0		101		101		0		101		0		101		101		0		0		101		0		101		0		0		101		101		0		101		101		101		101		101		101		0		101		0		0		0		0		0		0		101		101		101		0		0		101		0		101		101		0		101		101		101		101		101		0		101		101		0		0		0		101		0		0		0		101		0		0		0		0		101		101		0		101		101		101		101		101		0		101		101		0		101		101		101		101		101		101		101		0		101		101		101		0		101		0		101		
0		101		0		0		0		0		0		101		0		0		101		0		101		0		0		0		101		0		101		101		101		101		101		101		0		0		101		101		0		0		101		0		0		0		101		101		101		101		0		0		101		101		101		101		0		101		101		0		0		0		0		101		0		0		101		0		101		0		101		101		0		0		0		0		0		0		101		0		101		0		101		0		0		0		101		0		0		101		101		101		0		101		101		0		101		0		101		101		101		0		0		101		101		0		0		0		0		101		101		101		
0		101		101		101		0		101		0		0		0		101		0		0		0		0		101		0		101		0		101		101		101		0		101		101		0		101		0		101		101		0		0		0		101		101		101		0		101		0		0		101		0		101		0		101		0		0		101		101		101		0		0		101		0		101		0		101		101		0		0		0		0		0		0		0		101		0		0		0		101		101		0		101		0		101		0		0		101		0		101		0		0		0		0		0		101		101		101		101		0		101		0		0		101		101		0		0		0		0		0		0		
101		0		0		0		101		101		0		101		101		101		101		101		0		0		101		0		0		101		101		0		0		0		101		101		0		0		0		101		0		101		0		0		101		0		0		0		0		0		0		0		0		101		0		0		101		101		0		0		101		101		101		101		101		0		0		0		0		101		101		101		0		0		0		0		0		0		0		101		0		0		101		101		101		0		0		0		0		101		101		0		101		0		0		0		0		0		0		101		0		0		101		0		0		0		0		101		101		101		101		0		
0		0		0		101		0		101		0		101		101		101		101		101		0		0		101		0		101		101		0		101		0		101		0		101		0		0		0		0		0		0		0		0		0		0		0		101		101		0		101		101		101		101		101		0		0		0		101		0		0		101		0		0		0		0		0		0		0		0		0		0		101		0		0		101		0		0		101		0		101		101		101		101		0		0		101		0		0		0		101		101		0		0		0		0		101		0		0		101		101		0		0		101		0		101		101		0		0		101		0		0		
0		101		101		101		101		101		0		0		101		0		0		0		0		101		0		101		101		0		101		101		0		0		0		101		101		101		101		101		101		101		101		0		0		101		0		0		0		0		0		101		101		0		101		101		101		101		101		0		0		101		0		0		0		0		101		101		101		101		101		0		101		101		0		0		0		0		101		0		0		0		0		101		101		101		0		101		101		101		101		0		0		101		0		101		0		101		101		0		101		101		0		0		101		0		0		101		101		0		101		0		
101		0		101		101		101		0		101		101		101		101		101		0		0		101		101		0		101		0		101		0		0		0		0		0		0		101		0		101		0		101		0		101		0		101		0		0		101		0		0		101		0		101		0		101		0		0		0		0		0		0		0		0		101		101		101		0		0		101		101		0		0		101		101		0		0		101		101		101		101		101		0		101		0		101		0		0		0		101		101		101		0		101		0		0		0		101		0		101		0		101		0		101		0		101		0		0		101		101		101		101		
0		101		0		101		0		0		101		101		0		101		0		101		0		101		101		101		101		0		101		0		0		0		101		0		0		0		101		0		101		101		101		101		0		0		101		0		0		101		0		101		101		101		0		101		0		0		0		101		0		0		0		0		0		101		101		0		0		0		101		101		0		101		101		101		101		0		101		0		0		0		0		101		0		101		0		0		0		0		101		101		101		101		0		0		101		0		0		101		0		0		0		101		0		0		101		101		0		0		0		101		
0		0		0		0		101		0		0		101		0		101		0		101		0		0		101		0		0		101		101		101		101		0		101		0		101		0		101		101		101		0		101		101		101		0		101		0		0		0		101		101		101		101		101		101		101		0		0		101		101		101		0		0		101		0		101		0		101		0		0		101		0		0		0		101		101		101		0		101		101		0		101		0		101		0		0		101		0		101		101		101		0		0		101		0		0		101		101		101		0		0		101		0		101		0		101		101		0		101		0		0		
0		0		101		0		0		0		101		0		101		0		101		101		101		101		0		101		101		101		0		101		101		101		101		101		101		0		0		101		0		0		101		0		0		0		0		101		0		101		0		0		0		0		101		101		101		0		101		101		0		101		101		101		101		101		0		0		0		101		0		101		0		0		101		101		101		0		0		0		0		101		0		101		101		101		0		0		101		101		101		101		101		101		0		101		101		101		101		0		0		0		101		0		101		101		0		0		101		101		101		101		
101		0		101		0		101		101		0		0		101		0		0		101		101		0		101		101		101		0		0		0		101		101		101		0		0		0		101		0		101		101		0		101		0		0		0		101		0		0		0		101		101		0		0		101		101		0		0		0		101		101		0		101		101		101		0		101		101		0		101		0		0		0		101		0		101		101		101		0		101		0		0		101		101		0		0		0		101		101		101		101		101		101		0		101		101		101		0		101		101		0		101		101		0		101		0		101		101		101		101		101		
101		101		101		101		101		101		101		101		0		101		101		0		101		0		0		101		0		0		0		0		101		0		0		0		0		101		0		0		101		101		101		101		101		101		101		101		101		101		0		101		101		0		101		0		0		0		101		0		0		0		0		0		101		101		0		101		0		0		101		0		0		101		0		0		0		101		101		0		0		101		0		101		0		0		0		0		0		0		101		0		0		0		0		101		101		0		0		0		101		0		101		0		101		101		0		0		101		101		101		0		
101		101		101		101		0		0		101		0		101		0		101		0		101		0		0		101		0		0		0		101		0		0		0		101		101		0		0		101		0		101		101		101		0		101		0		101		101		0		101		101		0		101		0		101		0		101		0		101		0		101		0		101		101		101		101		0		101		0		0		0		0		0		101		0		0		0		0		101		101		0		0		0		0		0		101		101		101		0		0		0		101		101		101		0		101		101		101		101		101		0		0		0		0		101		101		0		101		101		0		101		
NDC Pairs
< 1		2 >
< 1		5 >
< 1		6 >
< 1		7 >
< 1		8 >
< 1		10 >
< 1		12 >
< 1		15 >
< 1		19 >
< 1		22 >
< 1		23 >
< 1		25 >
< 1		29 >
< 1		30 >
< 1		32 >
< 1		33 >
< 1		34 >
< 1		36 >
< 1		38 >
< 1		39 >
< 1		41 >
< 1		44 >
< 1		47 >
< 1		48 >
< 1		51 >
< 1		52 >
< 1		53 >
< 1		54 >
< 1		55 >
< 1		56 >
< 1		57 >
< 1		61 >
< 1		63 >
< 1		66 >
< 1		67 >
< 1		68 >
< 1		70 >
< 1		72 >
< 1		75 >
< 1		76 >
< 1		78 >
< 1		79 >
< 1		80 >
< 1		81 >
< 1		83 >
< 1		84 >
< 1		87 >
< 1		88 >
< 1		91 >
< 1		94 >
< 1		98 >
< 1		99 >
< 1		100 >
< 2		3 >
< 2		4 >
< 2		5 >
< 2		8 >
< 2		13 >
< 2		14 >
< 2		15 >
< 2		16 >
< 2		17 >
< 2		18 >
< 2		19 >
< 2		21 >
< 2		22 >
< 2		24 >
< 2		25 >
< 2		26 >
< 2		27 >
< 2		28 >
< 2		30 >
< 2		31 >
< 2		32 >
< 2		35 >
< 2		37 >
< 2		38 >
< 2		39 >
< 2		40 >
< 2		41 >
< 2		42 >
< 2		46 >
< 2		48 >
< 2		49 >
< 2		51 >
< 2		52 >
< 2		53 >
< 2		55 >
< 2		57 >
< 2		58 >
< 2		60 >
< 2		61 >
< 2		63 >
< 2		64 >
< 2		65 >
< 2		66 >
< 2		67 >
< 2		68 >
< 2		69 >
< 2		71 >
< 2		72 >
< 2		73 >
< 2		74 >
< 2		77 >
< 2		79 >
< 2		80 >
< 2		82 >
< 2		83 >
< 2		84 >
< 2		85 >
< 2		88 >
< 2		89 >
< 2		90 >
< 2		93 >
< 2		95 >
< 2		99 >
< 2		100 >
< 3		9 >
< 3		10 >
< 3		12 >
< 3		16 >
< 3		21 >
< 3		22 >
< 3		24 >
< 3		27 >
< 3		28 >
< 3		29 >
< 3		31 >
< 3		36 >
< 3		37 >
< 3		39 >
< 3		40 >
< 3		41 >
< 3		45 >
< 3		48 >
< 3		49 >
< 3		53 >
< 3		56 >
< 3		59 >
< 3		61 >
< 3		63 >
< 3		65 >
< 3		66 >
< 3		67 >
< 3		68 >
< 3		69 >
< 3		71 >
< 3		72 >
< 3		74 >
< 3		78 >
< 3		80 >
< 3		82 >
< 3		86 >
< 3		87 >
< 3		88 >
< 3		90 >
< 3		93 >
< 3		94 >
< 3		97 >
< 3		98 >
< 3		99 >
< 3		100 >
< 4		7 >
< 4		9 >
< 4		13 >
< 4		15 >
< 4		19 >
< 4		20 >
< 4		24 >
< 4		26 >
< 4		28 >
< 4		31 >
< 4		34 >
< 4		38 >
< 4		39 >
< 4		40 >
< 4		42 >
< 4		44 >
< 4		47 >
< 4		49 >
< 4		50 >
< 4		51 >
< 4		52 >
< 4		56 >
< 4		57 >
< 4		58 >
< 4		59 >
< 4		60 >
< 4		63 >
< 4		65 >
< 4		66 >
< 4		67 >
< 4		68 >
< 4		69 >
< 4		70 >
< 4		73 >
< 4		75 >
< 4		76 >
< 4		79 >
< 4		80 >
< 4		81 >
< 4		87 >
< 4		90 >
< 4		92 >
< 4		93 >
< 4		94 >
< 4		95 >
< 4		99 >
< 4		100 >
< 5		10 >
< 5		13 >
< 5		16 >
< 5		17 >
< 5		20 >
< 5		21 >
< 5		22 >
< 5		23 >
< 5		26 >
< 5		27 >
< 5		28 >
< 5		29 >
< 5		30 >
< 5		31 >
< 5		43 >
< 5		47 >
< 5		49 >
< 5		50 >
< 5		51 >
< 5		53 >
< 5		54 >
< 5		57 >
< 5		61 >
< 5		62 >
< 5		63 >
< 5		67 >
< 5		68 >
< 5		69 >
< 5		71 >
< 5		73 >
< 5		74 >
< 5		76 >
< 5		77 >
< 5		79 >
< 5		80 >
< 5		81 >
< 5		82 >
< 5		83 >
< 5		88 >
< 5		91 >
< 5		93 >
< 5		94 >
< 5		96 >
< 5		98 >
< 5		99 >
< 6		7 >
< 6		10 >
< 6		11 >
< 6		12 >
< 6		14 >
< 6		18 >
< 6		21 >
< 6		23 >
< 6		26 >
< 6		28 >
< 6		29 >
< 6		31 >
< 6		32 >
< 6		33 >
< 6		34 >
< 6		35 >
< 6		36 >
< 6		37 >
< 6		38 >
< 6		39 >
< 6		40 >
< 6		42 >
< 6		43 >
< 6		44 >
< 6		45 >
< 6		46 >
< 6		51 >
< 6		52 >
< 6		53 >
< 6		64 >
< 6		65 >
< 6		66 >
< 6		70 >
< 6		71 >
< 6		74 >
< 6		75 >
< 6		77 >
< 6		78 >
< 6		86 >
< 6		87 >
< 6		88 >
< 6		90 >
< 6		91 >
< 6		92 >
< 6		93 >
< 6		98 >
< 6		99 >
< 7		10 >
< 7		11 >
< 7		12 >
< 7		13 >
< 7		14 >
< 7		15 >
< 7		17 >
< 7		18 >
< 7		19 >
< 7		20 >
< 7		21 >
< 7		22 >
< 7		30 >
< 7		32 >
< 7		33 >
< 7		35 >
< 7		39 >
< 7		40 >
< 7		41 >
< 7		42 >
< 7		45 >
< 7		46 >
< 7		49 >
< 7		56 >
< 7		59 >
< 7		61 >
< 7		64 >
< 7		65 >
< 7		66 >
< 7		68 >
< 7		69 >
< 7		70 >
< 7		71 >
< 7		73 >
< 7		75 >
< 7		76 >
< 7		78 >
< 7		82 >
< 7		84 >
< 7		86 >
< 7		88 >
< 7		94 >
< 7		95 >
< 7		97 >
< 7		99 >
< 7		100 >
< 8		9 >
< 8		10 >
< 8		11 >
< 8		12 >
< 8		13 >
< 8		18 >
< 8		19 >
< 8		23 >
< 8		26 >
< 8		27 >
< 8		30 >
< 8		31 >
< 8		33 >
< 8		37 >
< 8		41 >
< 8		44 >
< 8		45 >
< 8		46 >
< 8		48 >
< 8		50 >
< 8		52 >
< 8		53 >
< 8		55 >
< 8		56 >
< 8		61 >
< 8		62 >
< 8		65 >
< 8		69 >
< 8		71 >
< 8		74 >
< 8		76 >
< 8		79 >
< 8		83 >
< 8		85 >
< 8		86 >
< 8		87 >
< 8		88 >
< 8		89 >
< 8		91 >
< 8		92 >
< 8		94 >
< 8		95 >
< 8		96 >
< 8		99 >
< 9		10 >
< 9		12 >
< 9		17 >
< 9		20 >
< 9		21 >
< 9		23 >
< 9		25 >
< 9		28 >
< 9		29 >
< 9		31 >
< 9		32 >
< 9		34 >
< 9		37 >
< 9		38 >
< 9		39 >
< 9		40 >
< 9		41 >
< 9		44 >
< 9		45 >
< 9		48 >
< 9		51 >
< 9		55 >
< 9		59 >
< 9		60 >
< 9		69 >
< 9		70 >
< 9		71 >
< 9		73 >
< 9		78 >
< 9		79 >
< 9		81 >
< 9		82 >
< 9		84 >
< 9		85 >
< 9		86 >
< 9		91 >
< 9		92 >
< 9		93 >
< 9		94 >
< 9		97 >
< 9		98 >
< 9		100 >
< 10		11 >
< 10		12 >
< 10		14 >
< 10		16 >
< 10		17 >
< 10		18 >
< 10		19 >
< 10		21 >
< 10		27 >
< 10		30 >
< 10		31 >
< 10		33 >
< 10		34 >
< 10		36 >
< 10		38 >
< 10		40 >
< 10		41 >
< 10		42 >
< 10		44 >
< 10		48 >
< 10		49 >
< 10		51 >
< 10		52 >
< 10		53 >
< 10		54 >
< 10		55 >
< 10		56 >
< 10		58 >
< 10		59 >
< 10		60 >
< 10		61 >
< 10		62 >
< 10		67 >
< 10		70 >
< 10		74 >
< 10		76 >
< 10		77 >
< 10		79 >
< 10		83 >
< 10		84 >
< 10		85 >
< 10		87 >
< 10		88 >
< 10		90 >
< 10		91 >
< 10		92 >
< 10		94 >
< 10		95 >
< 10		96 >
< 10		99 >
< 11		13 >
< 11		15 >
< 11		16 >
< 11		17 >
< 11		18 >
< 11		19 >
< 11		22 >
< 11		23 >
< 11		24 >
< 11		26 >
< 11		29 >
< 11		32 >
< 11		34 >
< 11		35 >
< 11		36 >
< 11		38 >
< 11		39 >
< 11		40 >
< 11		42 >
< 11		43 >
< 11		45 >
< 11		47 >
< 11		48 >
< 11		49 >
< 11		50 >
< 11		52 >
< 11		53 >
< 11		54 >
< 11		56 >
< 11		57 >
< 11		58 >
< 11		63 >
< 11		66 >
< 11		67 >
< 11		69 >
< 11		70 >
< 11		71 >
< 11		73 >
< 11		76 >
< 11		77 >
< 11		78 >
< 11		79 >
< 11		83 >
< 11		86 >
< 11		87 >
< 11		89 >
< 11		91 >
< 11		92 >
< 11		94 >
< 11		97 >
< 11		99 >
< 11		100 >
< 12		15 >
< 12		17 >
< 12		18 >
< 12		19 >
< 12		23 >
< 12		24 >
< 12		25 >
< 12		28 >
< 12		29 >
< 12		30 >
< 12		31 >
< 12		34 >
< 12		38 >
< 12		39 >
< 12		42 >
< 12		43 >
< 12		44 >
< 12		46 >
< 12		47 >
< 12		48 >
< 12		49 >
< 12		50 >
< 12		52 >
< 12		53 >
< 12		54 >
< 12		56 >
< 12		59 >
< 12		68 >
< 12		71 >
< 12		72 >
< 12		73 >
< 12		75 >
< 12		78 >
< 12		85 >
< 12		87 >
< 12		91 >
< 12		92 >
< 12		95 >
< 12		96 >
< 12		97 >
< 12		98 >
< 13		16 >
< 13		17 >
< 13		18 >
< 13		19 >
< 13		21 >
< 13		25 >
< 13		27 >
< 13		30 >
< 13		32 >
< 13		36 >
< 13		38 >
< 13		39 >
< 13		40 >
< 13		43 >
< 13		44 >
< 13		47 >
< 13		48 >
< 13		49 >
< 13		50 >
< 13		51 >
< 13		52 >
< 13		54 >
< 13		57 >
< 13		60 >
< 13		64 >
< 13		65 >
< 13		67 >
< 13		68 >
< 13		70 >
< 13		72 >
< 13		73 >
< 13		78 >
< 13		79 >
< 13		80 >
< 13		81 >
< 13		84 >
< 13		86 >
< 13		87 >
< 13		88 >
< 13		89 >
< 13		97 >
< 13		98 >
< 13		99 >
< 13		100 >
< 14		16 >
< 14		21 >
< 14		22 >
< 14		24 >
< 14		26 >
< 14		29 >
< 14		30 >
< 14		33 >
< 14		35 >
< 14		37 >
< 14		40 >
< 14		41 >
< 14		42 >
< 14		43 >
< 14		44 >
< 14		46 >
< 14		48 >
< 14		50 >
< 14		52 >
< 14		56 >
< 14		57 >
< 14		63 >
< 14		64 >
< 14		73 >
< 14		74 >
< 14		75 >
< 14		76 >
< 14		79 >
< 14		80 >
< 14		83 >
< 14		84 >
< 14		86 >
< 14		88 >
< 14		93 >
< 14		94 >
< 14		95 >
< 14		97 >
< 15		17 >
< 15		18 >
< 15		21 >
< 15		22 >
< 15		24 >
< 15		26 >
< 15		28 >
< 15		31 >
< 15		32 >
< 15		39 >
< 15		41 >
< 15		42 >
< 15		47 >
< 15		51 >
< 15		52 >
< 15		53 >
< 15		56 >
< 15		57 >
< 15		58 >
< 15		59 >
< 15		60 >
< 15		61 >
< 15		68 >
< 15		72 >
< 15		74 >
< 15		75 >
< 15		76 >
< 15		77 >
< 15		78 >
< 15		80 >
< 15		82 >
< 15		83 >
< 15		86 >
< 15		87 >
< 15		90 >
< 15		91 >
< 15		92 >
< 15		94 >
< 15		95 >
< 15		96 >
< 15		98 >
< 16		18 >
< 16		20 >
< 16		21 >
< 16		23 >
< 16		26 >
< 16		27 >
< 16		30 >
< 16		33 >
< 16		36 >
< 16		37 >
< 16		38 >
< 16		43 >
< 16		46 >
< 16		48 >
< 16		50 >
< 16		52 >
< 16		53 >
< 16		55 >
< 16		56 >
< 16		61 >
< 16		62 >
< 16		64 >
< 16		65 >
< 16		66 >
< 16		69 >
< 16		70 >
< 16		71 >
< 16		73 >
< 16		77 >
< 16		79 >
< 16		81 >
< 16		82 >
< 16		83 >
< 16		85 >
< 16		88 >
< 16		93 >
< 16		95 >
< 16		97 >
< 16		98 >
< 16		99 >
< 16		100 >
< 17		19 >
< 17		22 >
< 17		23 >
< 17		25 >
< 17		26 >
< 17		29 >
< 17		30 >
< 17		31 >
< 17		32 >
< 17		34 >
< 17		38 >
< 17		40 >
< 17		43 >
< 17		45 >
< 17		46 >
< 17		47 >
< 17		48 >
< 17		53 >
< 17		55 >
< 17		58 >
< 17		59 >
< 17		61 >
< 17		65 >
< 17		66 >
< 17		69 >
< 17		76 >
< 17		77 >
< 17		86 >
< 17		87 >
< 17		89 >
< 17		90 >
< 17		92 >
< 17		93 >
< 17		94 >
< 17		95 >
< 17		97 >
< 17		98 >
< 18		19 >
< 18		21 >
< 18		24 >
< 18		26 >
< 18		27 >
< 18		35 >
< 18		36 >
< 18		37 >
< 18		38 >
< 18		45 >
< 18		47 >
< 18		52 >
< 18		53 >
< 18		54 >
< 18		55 >
< 18		56 >
< 18		59 >
< 18		60 >
< 18		61 >
< 18		62 >
< 18		63 >
< 18		64 >
< 18		67 >
< 18		68 >
< 18		70 >
< 18		71 >
< 18		78 >
< 18		79 >
< 18		81 >
< 18		82 >
< 18		84 >
< 18		87 >
< 18		88 >
< 18		91 >
< 18		92 >
< 18		96 >
< 18		97 >
< 19		20 >
< 19		21 >
< 19		22 >
< 19		24 >
< 19		26 >
< 19		27 >
< 19		28 >
< 19		29 >
< 19		30 >
< 19		31 >
< 19		35 >
< 19		39 >
< 19		43 >
< 19		49 >
< 19		52 >
< 19		53 >
< 19		55 >
< 19		58 >
< 19		59 >
< 19		60 >
< 19		63 >
< 19		65 >
< 19		66 >
< 19		67 >
< 19		69 >
< 19		71 >
< 19		73 >
< 19		75 >
< 19		78 >
< 19		80 >
< 19		81 >
< 19		84 >
< 19		85 >
< 19		87 >
< 19		88 >
< 19		89 >
< 19		90 >
< 19		91 >
< 19		93 >
< 19		94 >
< 19		95 >
< 19		96 >
< 20		21 >
< 20		22 >
< 20		24 >
< 20		26 >
< 20		28 >
< 20		30 >
< 20		31 >
< 20		33 >
< 20		35 >
< 20		38 >
< 20		40 >
< 20		42 >
< 20		45 >
< 20		47 >
< 20		48 >
< 20		49 >
< 20		50 >
< 20		53 >
< 20		56 >
< 20		57 >
< 20		59 >
< 20		60 >
< 20		61 >
< 20		62 >
< 20		64 >
< 20		65 >
< 20		74 >
< 20		77 >
< 20		78 >
< 20		81 >
< 20		82 >
< 20		85 >
< 20		86 >
< 20		89 >
< 20		90 >
< 20		92 >
< 20		93 >
< 20		96 >
< 20		97 >
< 20		100 >
< 21		22 >
< 21		24 >
< 21		25 >
< 21		26 >
< 21		27 >
< 21		30 >
< 21		31 >
< 21		32 >
< 21		33 >
< 21		34 >
< 21		37 >
< 21		38 >
< 21		39 >
< 21		41 >
< 21		42 >
< 21		44 >
< 21		47 >
< 21		51 >
< 21		52 >
< 21		53 >
< 21		54 >
< 21		55 >
< 21		57 >
< 21		58 >
< 21		64 >
< 21		66 >
< 21		67 >
< 21		68 >
< 21		69 >
< 21		71 >
< 21		72 >
< 21		74 >
< 21		77 >
< 21		81 >
< 21		85 >
< 21		87 >
< 21		89 >
< 21		90 >
< 21		96 >
< 21		97 >
< 21		98 >
< 21		99 >
< 22		24 >
< 22		26 >
< 22		27 >
< 22		30 >
< 22		31 >
< 22		33 >
< 22		35 >
< 22		37 >
< 22		39 >
< 22		40 >
< 22		41 >
< 22		42 >
< 22		43 >
< 22		45 >
< 22		46 >
< 22		48 >
< 22		52 >
< 22		54 >
< 22		55 >
< 22		57 >
< 22		58 >
< 22		60 >
< 22		65 >
< 22		68 >
< 22		69 >
< 22		72 >
< 22		73 >
< 22		74 >
< 22		79 >
< 22		80 >
< 22		83 >
< 22		84 >
< 22		87 >
< 22		88 >
< 22		89 >
< 22		92 >
< 22		97 >
< 22		98 >
< 23		26 >
< 23		29 >
< 23		30 >
< 23		33 >
< 23		37 >
< 23		39 >
< 23		40 >
< 23		41 >
< 23		47 >
< 23		50 >
< 23		51 >
< 23		52 >
< 23		53 >
< 23		57 >
< 23		61 >
< 23		63 >
< 23		64 >
< 23		67 >
< 23		70 >
< 23		71 >
< 23		72 >
< 23		76 >
< 23		78 >
< 23		79 >
< 23		83 >
< 23		85 >
< 23		89 >
< 23		90 >
< 23		91 >
< 23		95 >
< 23		96 >
< 23		97 >
< 23		98 >
< 24		25 >
< 24		27 >
< 24		28 >
< 24		35 >
< 24		37 >
< 24		38 >
< 24		40 >
< 24		47 >
< 24		49 >
< 24		50 >
< 24		52 >
< 24		54 >
< 24		55 >
< 24		57 >
< 24		58 >
< 24		63 >
< 24		66 >
< 24		67 >
< 24		68 >
< 24		70 >
< 24		72 >
< 24		74 >
< 24		76 >
< 24		78 >
< 24		79 >
< 24		82 >
< 24		83 >
< 24		85 >
< 24		86 >
< 24		88 >
< 24		89 >
< 24		90 >
< 24		91 >
< 24		92 >
< 24		93 >
< 24		97 >
< 24		100 >
< 25		27 >
< 25		32 >
< 25		34 >
< 25		37 >
< 25		38 >
< 25		39 >
< 25		40 >
< 25		46 >
< 25		52 >
< 25		54 >
< 25		55 >
< 25		57 >
< 25		59 >
< 25		62 >
< 25		63 >
< 25		65 >
< 25		66 >
< 25		67 >
< 25		70 >
< 25		73 >
< 25		76 >
< 25		78 >
< 25		80 >
< 25		81 >
< 25		82 >
< 25		83 >
< 25		84 >
< 25		86 >
< 25		87 >
< 25		93 >
< 25		96 >
< 25		97 >
< 25		100 >
< 26		27 >
< 26		28 >
< 26		36 >
< 26		38 >
< 26		39 >
< 26		41 >
< 26		44 >
< 26		45 >
< 26		46 >
< 26		51 >
< 26		55 >
< 26		57 >
< 26		58 >
< 26		60 >
< 26		61 >
< 26		62 >
< 26		64 >
< 26		66 >
< 26		68 >
< 26		69 >
< 26		70 >
< 26		71 >
< 26		73 >
< 26		76 >
< 26		78 >
< 26		80 >
< 26		83 >
< 26		84 >
< 26		86 >
< 26		87 >
< 26		90 >
< 26		93 >
< 26		94 >
< 26		99 >
< 27		28 >
< 27		29 >
< 27		32 >
< 27		33 >
< 27		34 >
< 27		35 >
< 27		36 >
< 27		38 >
< 27		39 >
< 27		41 >
< 27		44 >
< 27		46 >
< 27		48 >
< 27		50 >
< 27		51 >
< 27		52 >
< 27		53 >
< 27		54 >
< 27		55 >
< 27		58 >
< 27		59 >
< 27		60 >
< 27		63 >
< 27		64 >
< 27		72 >
< 27		77 >
< 27		78 >
< 27		79 >
< 27		80 >
< 27		81 >
< 27		85 >
< 27		88 >
< 27		89 >
< 27		93 >
< 27		95 >
< 27		96 >
< 27		98 >
< 28		29 >
< 28		30 >
< 28		31 >
< 28		32 >
< 28		35 >
< 28		37 >
< 28		38 >
< 28		41 >
< 28		44 >
< 28		45 >
< 28		48 >
< 28		49 >
< 28		51 >
< 28		52 >
< 28		53 >
< 28		55 >
< 28		57 >
< 28		59 >
< 28		60 >
< 28		63 >
< 28		64 >
< 28		65 >
< 28		67 >
< 28		70 >
< 28		72 >
< 28		78 >
< 28		80 >
< 28		82 >
< 28		84 >
< 28		85 >
< 28		88 >
< 28		89 >
< 28		90 >
< 28		91 >
< 28		93 >
< 28		94 >
< 28		96 >
< 28		97 >
< 28		100 >
< 29		30 >
< 29		34 >
< 29		36 >
< 29		37 >
< 29		39 >
< 29		42 >
< 29		44 >
< 29		45 >
< 29		46 >
< 29		49 >
< 29		52 >
< 29		53 >
< 29		62 >
< 29		66 >
< 29		67 >
< 29		69 >
< 29		70 >
< 29		71 >
< 29		72 >
< 29		73 >
< 29		74 >
< 29		78 >
< 29		80 >
< 29		81 >
< 29		83 >
< 29		90 >
< 29		93 >
< 29		95 >
< 29		96 >
< 29		98 >
< 29		99 >
< 30		32 >
< 30		33 >
< 30		35 >
< 30		38 >
< 30		39 >
< 30		40 >
< 30		41 >
< 30		42 >
< 30		43 >
< 30		45 >
< 30		46 >
< 30		50 >
< 30		51 >
< 30		52 >
< 30		54 >
< 30		58 >
< 30		64 >
< 30		66 >
< 30		70 >
< 30		73 >
< 30		74 >
< 30		75 >
< 30		76 >
< 30		80 >
< 30		81 >
< 30		83 >
< 30		84 >
< 30		88 >
< 30		91 >
< 30		93 >
< 30		94 >
< 30		95 >
< 30		98 >
< 30		99 >
< 30		100 >
< 31		33 >
< 31		35 >
< 31		39 >
< 31		45 >
< 31		48 >
< 31		49 >
< 31		56 >
< 31		57 >
< 31		58 >
< 31		62 >
< 31		66 >
< 31		67 >
< 31		68 >
< 31		69 >
< 31		70 >
< 31		72 >
< 31		75 >
< 31		76 >
< 31		78 >
< 31		80 >
< 31		81 >
< 31		86 >
< 31		87 >
< 31		88 >
< 31		89 >
< 31		93 >
< 31		95 >
< 31		96 >
< 31		97 >
< 31		99 >
< 31		100 >
< 32		34 >
< 32		35 >
< 32		37 >
< 32		38 >
< 32		39 >
< 32		41 >
< 32		43 >
< 32		45 >
< 32		49 >
< 32		50 >
< 32		53 >
< 32		54 >
< 32		55 >
< 32		56 >
< 32		59 >
< 32		60 >
< 32		61 >
< 32		65 >
< 32		67 >
< 32		69 >
< 32		72 >
< 32		74 >
< 32		75 >
< 32		76 >
< 32		79 >
< 32		82 >
< 32		83 >
< 32		85 >
< 32		86 >
< 32		88 >
< 32		94 >
< 32		95 >
< 32		96 >
< 32		98 >
< 32		99 >
< 32		100 >
< 33		37 >
< 33		39 >
< 33		42 >
< 33		44 >
< 33		46 >
< 33		47 >
< 33		48 >
< 33		49 >
< 33		51 >
< 33		52 >
< 33		54 >
< 33		55 >
< 33		60 >
< 33		61 >
< 33		64 >
< 33		65 >
< 33		68 >
< 33		69 >
< 33		76 >
< 33		78 >
< 33		79 >
< 33		80 >
< 33		82 >
< 33		83 >
< 33		85 >
< 33		86 >
< 33		88 >
< 33		90 >
< 33		91 >
< 33		96 >
< 33		99 >
< 34		37 >
< 34		38 >
< 34		40 >
< 34		44 >
< 34		45 >
< 34		47 >
< 34		48 >
< 34		51 >
< 34		52 >
< 34		53 >
< 34		54 >
< 34		55 >
< 34		56 >
< 34		59 >
< 34		60 >
< 34		61 >
< 34		62 >
< 34		63 >
< 34		65 >
< 34		66 >
< 34		67 >
< 34		70 >
< 34		71 >
< 34		73 >
< 34		80 >
< 34		81 >
< 34		83 >
< 34		84 >
< 34		85 >
< 34		87 >
< 34		88 >
< 34		90 >
< 34		93 >
< 34		94 >
< 34		99 >
< 34		100 >
< 35		37 >
< 35		39 >
< 35		42 >
< 35		45 >
< 35		46 >
< 35		48 >
< 35		50 >
< 35		52 >
< 35		54 >
< 35		55 >
< 35		57 >
< 35		60 >
< 35		64 >
< 35		66 >
< 35		68 >
< 35		69 >
< 35		72 >
< 35		74 >
< 35		75 >
< 35		76 >
< 35		77 >
< 35		78 >
< 35		79 >
< 35		83 >
< 35		84 >
< 35		85 >
< 35		86 >
< 35		88 >
< 35		89 >
< 35		90 >
< 35		95 >
< 35		96 >
< 35		99 >
< 36		37 >
< 36		38 >
< 36		39 >
< 36		42 >
< 36		43 >
< 36		45 >
< 36		46 >
< 36		47 >
< 36		49 >
< 36		50 >
< 36		57 >
< 36		66 >
< 36		68 >
< 36		73 >
< 36		75 >
< 36		80 >
< 36		83 >
< 36		85 >
< 36		89 >
< 36		92 >
< 36		97 >
< 36		98 >
< 36		99 >
< 36		100 >
< 37		38 >
< 37		40 >
< 37		41 >
< 37		42 >
< 37		45 >
< 37		46 >
< 37		47 >
< 37		48 >
< 37		49 >
< 37		50 >
< 37		51 >
< 37		52 >
< 37		53 >
< 37		55 >
< 37		56 >
< 37		58 >
< 37		59 >
< 37		61 >
< 37		64 >
< 37		65 >
< 37		67 >
< 37		69 >
< 37		71 >
< 37		74 >
< 37		77 >
< 37		79 >
< 37		80 >
< 37		81 >
< 37		82 >
< 37		85 >
< 37		87 >
< 37		88 >
< 37		89 >
< 37		90 >
< 37		92 >
< 37		94 >
< 37		99 >
< 37		100 >
< 38		39 >
< 38		40 >
< 38		41 >
< 38		43 >
< 38		44 >
< 38		45 >
< 38		46 >
< 38		47 >
< 38		49 >
< 38		50 >
< 38		51 >
< 38		55 >
< 38		56 >
< 38		58 >
< 38		60 >
< 38		61 >
< 38		62 >
< 38		65 >
< 38		67 >
< 38		72 >
< 38		74 >
< 38		77 >
< 38		80 >
< 38		81 >
< 38		82 >
< 38		86 >
< 38		87 >
< 38		89 >
< 38		95 >
< 38		97 >
< 38		99 >
< 39		41 >
< 39		42 >
< 39		43 >
< 39		45 >
< 39		47 >
< 39		48 >
< 39		49 >
< 39		50 >
< 39		51 >
< 39		55 >
< 39		57 >
< 39		59 >
< 39		63 >
< 39		64 >
< 39		67 >
< 39		68 >
< 39		71 >
< 39		72 >
< 39		74 >
< 39		75 >
< 39		76 >
< 39		77 >
< 39		81 >
< 39		82 >
< 39		83 >
< 39		86 >
< 39		92 >
< 39		96 >
< 39		100 >
< 40		41 >
< 40		42 >
< 40		44 >
< 40		45 >
< 40		48 >
< 40		49 >
< 40		50 >
< 40		52 >
< 40		53 >
< 40		54 >
< 40		55 >
< 40		56 >
< 40		57 >
< 40		59 >
< 40		62 >
< 40		65 >
< 40		66 >
< 40		68 >
< 40		69 >
< 40		70 >
< 40		73 >
< 40		77 >
< 40		80 >
< 40		81 >
< 40		83 >
< 40		84 >
< 40		90 >
< 40		92 >
< 40		93 >
< 40		94 >
< 40		95 >
< 40		96 >
< 40		98 >
< 40		99 >
< 40		100 >
< 41		42 >
< 41		45 >
< 41		46 >
< 41		47 >
< 41		52 >
< 41		54 >
< 41		56 >
< 41		58 >
< 41		60 >
< 41		65 >
< 41		69 >
< 41		75 >
< 41		79 >
< 41		80 >
< 41		83 >
< 41		85 >
< 41		87 >
< 41		89 >
< 41		92 >
< 41		93 >
< 41		95 >
< 41		96 >
< 41		98 >
< 41		99 >
< 42		43 >
< 42		44 >
< 42		45 >
< 42		46 >
< 42		47 >
< 42		48 >
< 42		49 >
< 42		53 >
< 42		54 >
< 42		55 >
< 42		56 >
< 42		62 >
< 42		64 >
< 42		68 >
< 42		69 >
< 42		72 >
< 42		73 >
< 42		74 >
< 42		75 >
< 42		76 >
< 42		78 >
< 42		79 >
< 42		80 >
< 42		82 >
< 42		83 >
< 42		89 >
< 42		90 >
< 42		91 >
< 42		92 >
< 42		94 >
< 42		95 >
< 42		96 >
< 42		100 >
< 43		44 >
< 43		45 >
< 43		47 >
< 43		50 >
< 43		52 >
< 43		55 >
< 43		57 >
< 43		58 >
< 43		60 >
< 43		61 >
< 43		62 >
< 43		63 >
< 43		65 >
< 43		67 >
< 43		69 >
< 43		70 >
< 43		72 >
< 43		74 >
< 43		77 >
< 43		80 >
< 43		81 >
< 43		84 >
< 43		86 >
< 43		89 >
< 43		92 >
< 43		93 >
< 43		96 >
< 43		97 >
< 43		99 >
< 44		46 >
< 44		47 >
< 44		48 >
< 44		50 >
< 44		53 >
< 44		54 >
< 44		56 >
< 44		57 >
< 44		58 >
< 44		62 >
< 44		64 >
< 44		65 >
< 44		66 >
< 44		67 >
< 44		68 >
< 44		72 >
< 44		73 >
< 44		75 >
< 44		77 >
< 44		81 >
< 44		82 >
< 44		87 >
< 44		88 >
< 44		89 >
< 44		90 >
< 44		93 >
< 44		94 >
< 44		95 >
< 44		96 >
< 44		97 >
< 44		98 >
< 44		100 >
< 45		48 >
< 45		51 >
< 45		53 >
< 45		58 >
< 45		63 >
< 45		65 >
< 45		67 >
< 45		69 >
< 45		71 >
< 45		74 >
< 45		75 >
< 45		76 >
< 45		78 >
< 45		81 >
< 45		83 >
< 45		85 >
< 45		88 >
< 45		91 >
< 45		93 >
< 45		96 >
< 45		97 >
< 45		98 >
< 46		49 >
< 46		51 >
< 46		52 >
< 46		53 >
< 46		55 >
< 46		57 >
< 46		58 >
< 46		59 >
< 46		60 >
< 46		61 >
< 46		64 >
< 46		66 >
< 46		68 >
< 46		69 >
< 46		71 >
< 46		73 >
< 46		74 >
< 46		75 >
< 46		78 >
< 46		79 >
< 46		81 >
< 46		85 >
< 46		87 >
< 46		88 >
< 46		89 >
< 46		91 >
< 46		93 >
< 46		100 >
< 47		49 >
< 47		50 >
< 47		51 >
< 47		53 >
< 47		56 >
< 47		58 >
< 47		62 >
< 47		63 >
< 47		65 >
< 47		66 >
< 47		67 >
< 47		68 >
< 47		70 >
< 47		71 >
< 47		73 >
< 47		76 >
< 47		79 >
< 47		80 >
< 47		81 >
< 47		82 >
< 47		84 >
< 47		89 >
< 47		90 >
< 47		92 >
< 47		93 >
< 47		97 >
< 47		99 >
< 48		50 >
< 48		52 >
< 48		54 >
< 48		56 >
< 48		57 >
< 48		60 >
< 48		64 >
< 48		65 >
< 48		68 >
< 48		70 >
< 48		72 >
< 48		75 >
< 48		76 >
< 48		80 >
< 48		82 >
< 48		83 >
< 48		90 >
< 48		95 >
< 48		96 >
< 48		97 >
< 48		100 >
< 49		50 >
< 49		52 >
< 49		54 >
< 49		55 >
< 49		59 >
< 49		61 >
< 49		62 >
< 49		64 >
< 49		65 >
< 49		68 >
< 49		69 >
< 49		71 >
< 49		72 >
< 49		73 >
< 49		76 >
< 49		77 >
< 49		78 >
< 49		81 >
< 49		83 >
< 49		84 >
< 49		87 >
< 49		88 >
< 49		90 >
< 49		91 >
< 49		96 >
< 49		98 >
< 50		51 >
< 50		53 >
< 50		61 >
< 50		62 >
< 50		64 >
< 50		72 >
< 50		77 >
< 50		78 >
< 50		79 >
< 50		81 >
< 50		84 >
< 50		91 >
< 50		92 >
< 50		93 >
< 50		96 >
< 50		97 >
< 50		98 >
< 50		100 >
< 51		56 >
< 51		59 >
< 51		60 >
< 51		61 >
< 51		66 >
< 51		68 >
< 51		69 >
< 51		70 >
< 51		71 >
< 51		73 >
< 51		74 >
< 51		75 >
< 51		77 >
< 51		81 >
< 51		82 >
< 51		88 >
< 51		91 >
< 51		97 >
< 52		53 >
< 52		55 >
< 52		56 >
< 52		58 >
< 52		59 >
< 52		62 >
< 52		63 >
< 52		65 >
< 52		76 >
< 52		81 >
< 52		83 >
< 52		86 >
< 52		87 >
< 52		88 >
< 52		89 >
< 52		90 >
< 52		91 >
< 52		97 >
< 52		98 >
< 52		100 >
< 53		55 >
< 53		59 >
< 53		61 >
< 53		62 >
< 53		67 >
< 53		69 >
< 53		70 >
< 53		71 >
< 53		74 >
< 53		76 >
< 53		79 >
< 53		80 >
< 53		81 >
< 53		82 >
< 53		86 >
< 53		91 >
< 53		94 >
< 53		96 >
< 53		97 >
< 53		98 >
< 53		99 >
< 53		100 >
< 54		62 >
< 54		63 >
< 54		64 >
< 54		65 >
< 54		67 >
< 54		71 >
< 54		73 >
< 54		75 >
< 54		78 >
< 54		79 >
< 54		81 >
< 54		82 >
< 54		85 >
< 54		87 >
< 54		88 >
< 54		90 >
< 54		94 >
< 54		95 >
< 54		97 >
< 54		98 >
< 54		99 >
< 54		100 >
< 55		58 >
< 55		59 >
< 55		60 >
< 55		61 >
< 55		63 >
< 55		64 >
< 55		68 >
< 55		74 >
< 55		75 >
< 55		76 >
< 55		81 >
< 55		82 >
< 55		83 >
< 55		86 >
< 55		87 >
< 55		88 >
< 55		89 >
< 55		93 >
< 55		94 >
< 55		95 >
< 55		96 >
< 55		100 >
< 56		58 >
< 56		60 >
< 56		66 >
< 56		67 >
< 56		68 >
< 56		70 >
< 56		73 >
< 56		76 >
< 56		77 >
< 56		80 >
< 56		82 >
< 56		83 >
< 56		85 >
< 56		88 >
< 56		90 >
< 56		93 >
< 56		98 >
< 56		99 >
< 57		60 >
< 57		61 >
< 57		62 >
< 57		64 >
< 57		65 >
< 57		66 >
< 57		68 >
< 57		69 >
< 57		71 >
< 57		72 >
< 57		73 >
< 57		75 >
< 57		76 >
< 57		77 >
< 57		78 >
< 57		79 >
< 57		80 >
< 57		82 >
< 57		88 >
< 57		89 >
< 57		90 >
< 57		93 >
< 57		96 >
< 57		98 >
< 57		100 >
< 58		59 >
< 58		63 >
< 58		68 >
< 58		69 >
< 58		70 >
< 58		74 >
< 58		79 >
< 58		81 >
< 58		83 >
< 58		85 >
< 58		86 >
< 58		88 >
< 58		91 >
< 58		93 >
< 58		94 >
< 58		97 >
< 59		60 >
< 59		61 >
< 59		63 >
< 59		66 >
< 59		68 >
< 59		71 >
< 59		73 >
< 59		74 >
< 59		76 >
< 59		77 >
< 59		80 >
< 59		82 >
< 59		84 >
< 59		86 >
< 59		89 >
< 59		91 >
< 59		93 >
< 59		94 >
< 59		95 >
< 59		98 >
< 59		99 >
< 60		61 >
< 60		62 >
< 60		63 >
< 60		64 >
< 60		65 >
< 60		66 >
< 60		68 >
< 60		69 >
< 60		73 >
< 60		75 >
< 60		77 >
< 60		78 >
< 60		81 >
< 60		82 >
< 60		84 >
< 60		85 >
< 60		87 >
< 60		88 >
< 60		89 >
< 60		91 >
< 60		95 >
< 60		96 >
< 60		97 >
< 61		62 >
< 61		67 >
< 61		68 >
< 61		73 >
< 61		74 >
< 61		75 >
< 61		76 >
< 61		78 >
< 61		85 >
< 61		86 >
< 61		87 >
< 61		88 >
< 61		92 >
< 61		93 >
< 62		63 >
< 62		65 >
< 62		66 >
< 62		67 >
< 62		71 >
< 62		72 >
< 62		75 >
< 62		79 >
< 62		82 >
< 62		83 >
< 62		84 >
< 62		85 >
< 62		86 >
< 62		87 >
< 62		93 >
< 62		94 >
< 62		95 >
< 62		99 >
< 63		67 >
< 63		68 >
< 63		69 >
< 63		70 >
< 63		72 >
< 63		73 >
< 63		75 >
< 63		76 >
< 63		77 >
< 63		78 >
< 63		80 >
< 63		81 >
< 63		82 >
< 63		85 >
< 63		86 >
< 63		94 >
< 63		95 >
< 63		97 >
< 63		98 >
< 63		100 >
< 64		65 >
< 64		66 >
< 64		68 >
< 64		70 >
< 64		71 >
< 64		73 >
< 64		75 >
< 64		78 >
< 64		79 >
< 64		80 >
< 64		81 >
< 64		84 >
< 64		86 >
< 64		92 >
< 64		95 >
< 64		96 >
< 64		97 >
< 65		66 >
< 65		68 >
< 65		69 >
< 65		70 >
< 65		71 >
< 65		72 >
< 65		75 >
< 65		77 >
< 65		78 >
< 65		79 >
< 65		85 >
< 65		86 >
< 65		88 >
< 65		90 >
< 65		95 >
< 65		96 >
< 65		97 >
< 65		98 >
< 66		67 >
< 66		68 >
< 66		69 >
< 66		71 >
< 66		72 >
< 66		73 >
< 66		74 >
< 66		77 >
< 66		79 >
< 66		81 >
< 66		86 >
< 66		94 >
< 66		96 >
< 66		98 >
< 66		99 >
< 67		68 >
< 67		71 >
< 67		72 >
< 67		73 >
< 67		74 >
< 67		75 >
< 67		76 >
< 67		77 >
< 67		78 >
< 67		80 >
< 67		85 >
< 67		87 >
< 67		89 >
< 67		92 >
< 67		93 >
< 67		94 >
< 67		95 >
< 67		98 >
< 67		99 >
< 68		69 >
< 68		71 >
< 68		72 >
< 68		75 >
< 68		76 >
< 68		77 >
< 68		79 >
< 68		83 >
< 68		84 >
< 68		86 >
< 68		87 >
< 68		91 >
< 68		94 >
< 68		96 >
< 68		100 >
< 69		70 >
< 69		71 >
< 69		73 >
< 69		76 >
< 69		78 >
< 69		79 >
< 69		83 >
< 69		84 >
< 69		86 >
< 69		88 >
< 69		89 >
< 69		90 >
< 69		92 >
< 69		94 >
< 69		96 >
< 69		98 >
< 69		100 >
< 70		71 >
< 70		73 >
< 70		76 >
< 70		80 >
< 70		81 >
< 70		83 >
< 70		87 >
< 70		90 >
< 70		92 >
< 70		94 >
< 70		97 >
< 70		99 >
< 71		72 >
< 71		73 >
< 71		74 >
< 71		76 >
< 71		77 >
< 71		78 >
< 71		79 >
< 71		83 >
< 71		86 >
< 71		87 >
< 71		89 >
< 71		91 >
< 71		92 >
< 71		96 >
< 72		75 >
< 72		77 >
< 72		79 >
< 72		80 >
< 72		85 >
< 72		87 >
< 72		90 >
< 72		91 >
< 72		92 >
< 72		93 >
< 72		94 >
< 72		95 >
< 72		97 >
< 72		98 >
< 72		99 >
< 73		74 >
< 73		75 >
< 73		78 >
< 73		80 >
< 73		81 >
< 73		82 >
< 73		86 >
< 73		87 >
< 73		91 >
< 73		93 >
< 73		96 >
< 73		97 >
< 73		98 >
< 74		76 >
< 74		77 >
< 74		79 >
< 74		80 >
< 74		83 >
< 74		85 >
< 74		86 >
< 74		88 >
< 74		90 >
< 74		93 >
< 74		94 >
< 74		95 >
< 74		97 >
< 75		76 >
< 75		81 >
< 75		82 >
< 75		83 >
< 75		88 >
< 75		89 >
< 75		92 >
< 75		100 >
< 76		77 >
< 76		78 >
< 76		81 >
< 76		82 >
< 76		84 >
< 76		85 >
< 76		93 >
< 76		96 >
< 76		100 >
< 77		78 >
< 77		79 >
< 77		81 >
< 77		83 >
< 77		86 >
< 77		87 >
< 77		88 >
< 77		90 >
< 77		93 >
< 77		97 >
< 77		98 >
< 77		100 >
< 78		81 >
< 78		82 >
< 78		84 >
< 78		85 >
< 78		86 >
< 78		88 >
< 78		89 >
< 78		91 >
< 78		93 >
< 78		94 >
< 78		96 >
< 78		97 >
< 78		98 >
< 79		82 >
< 79		86 >
< 79		88 >
< 79		89 >
< 79		90 >
< 79		91 >
< 79		92 >
< 79		93 >
< 79		94 >
< 79		95 >
< 79		96 >
< 79		97 >
< 79		98 >
< 79		99 >
< 80		81 >
< 80		82 >
< 80		84 >
< 80		88 >
< 80		89 >
< 80		92 >
< 80		94 >
< 80		95 >
< 80		96 >
< 80		97 >
< 80		98 >
< 81		84 >
< 81		85 >
< 81		87 >
< 81		88 >
< 81		91 >
< 81		95 >
< 81		97 >
< 81		98 >
< 81		100 >
< 82		83 >
< 82		84 >
< 82		85 >
< 82		86 >
< 82		89 >
< 82		93 >
< 82		94 >
< 82		95 >
< 82		97 >
< 82		98 >
< 82		100 >
< 83		84 >
< 83		88 >
< 83		89 >
< 83		96 >
< 83		100 >
< 84		85 >
< 84		88 >
< 84		93 >
< 84		97 >
< 84		98 >
< 84		99 >
< 85		87 >
< 85		89 >
< 85		90 >
< 85		92 >
< 85		95 >
< 85		97 >
< 85		98 >
< 85		99 >
< 85		100 >
< 86		87 >
< 86		88 >
< 86		90 >
< 86		93 >
< 86		94 >
< 86		96 >
< 86		97 >
< 86		98 >
< 86		100 >
< 87		88 >
< 87		89 >
< 87		90 >
< 87		93 >
< 87		96 >
< 87		97 >
< 87		100 >
< 88		89 >
< 88		90 >
< 88		91 >
< 88		92 >
< 88		94 >
< 88		95 >
< 88		96 >
< 88		98 >
< 88		100 >
< 89		92 >
< 89		93 >
< 89		98 >
< 89		99 >
< 89		100 >
< 90		93 >
< 90		94 >
< 91		96 >
< 91		97 >
< 91		98 >
< 91		99 >
< 92		94 >
< 92		95 >
< 92		98 >
< 93		96 >
< 93		97 >
< 93		99 >
< 94		97 >
< 94		98 >
< 94		99 >
< 94		100 >
< 95		96 >
< 95		100 >
< 96		98 >
< 97		98 >
< 97		99 >
< 97		100 >
< 98		99 >
< 98		100 >
