nNodes= 60
nPairs= 1198  
Weight
2
3
4
2
3
3
2
2
2
3
2
4
2
4
3
3
3
3
4
3
4
3
3
2
3
2
3
2
4
2
2
4
3
3
4
3
3
2
4
3
3
4
4
3
4
4
3
3
2
3
3
2
2
2
4
2
4
4
3
4
Cost
61		61		61		0		61		61		61		0		0		0		61		61		0		0		0		61		0		61		61		0		0		0		61		61		61		0		0		61		0		0		61		0		0		0		61		61		61		61		0		61		61		61		61		61		61		61		61		61		0		0		61		61		61		61		0		0		61		61		61		0		
61		61		61		0		0		61		61		61		61		0		61		61		61		0		61		61		61		61		61		61		0		0		61		61		61		61		61		61		0		61		0		61		61		61		0		61		61		61		0		61		61		0		61		61		0		61		61		61		61		61		61		61		0		61		0		61		61		61		61		61		
61		61		61		0		61		0		0		61		61		0		0		0		0		61		61		61		61		61		61		0		61		61		0		61		61		61		61		0		61		0		0		61		61		61		61		0		0		61		0		61		61		0		0		61		0		61		61		61		61		0		61		61		61		61		61		61		61		61		61		61		
0		0		0		61		61		0		61		0		61		0		0		0		61		61		0		61		0		61		0		61		0		0		61		61		61		61		0		0		61		61		61		0		61		0		61		0		61		61		61		61		61		61		61		0		0		0		61		61		61		61		61		61		0		0		61		61		61		61		61		61		
61		0		61		61		61		61		61		61		0		61		61		61		0		61		0		0		61		0		61		61		61		61		61		61		61		0		61		0		61		0		0		0		61		0		61		61		0		61		0		0		61		61		61		61		0		61		0		61		61		0		0		61		0		61		61		0		61		61		61		61		
61		61		0		0		61		61		0		61		61		61		61		61		0		61		61		61		0		61		0		61		61		61		61		61		0		61		61		61		61		61		61		0		61		61		61		61		0		61		61		0		61		0		0		0		61		61		61		61		61		0		0		0		0		61		61		0		0		0		61		0		
61		61		0		61		61		0		61		61		0		0		61		0		0		61		0		0		61		61		0		61		61		0		61		61		61		61		61		61		61		61		61		61		61		61		61		0		0		0		61		61		0		61		61		61		61		61		61		0		61		61		61		61		61		0		0		61		0		0		61		61		
0		61		61		0		61		61		61		61		61		61		61		61		61		0		0		61		0		61		0		61		61		61		61		61		61		61		61		0		61		0		61		61		0		61		61		0		0		61		61		0		61		61		61		61		61		0		0		0		0		0		61		0		61		61		0		61		61		61		61		61		
0		61		61		61		0		61		0		61		61		61		0		61		61		61		61		61		61		0		61		0		61		61		61		0		0		61		61		0		61		0		0		61		61		61		61		61		61		61		61		61		0		0		61		61		0		61		61		61		61		0		61		0		61		0		61		61		61		0		61		0		
0		0		0		0		61		61		0		61		61		61		61		0		61		61		61		0		61		0		61		0		61		61		0		0		0		0		61		61		61		61		61		61		61		61		0		61		61		61		61		0		61		61		61		61		61		61		0		61		61		61		0		61		0		61		0		0		61		0		0		61		
61		61		0		0		61		61		61		61		0		61		61		61		61		61		61		61		0		61		61		61		61		61		61		61		0		0		61		0		0		0		61		61		61		61		0		0		61		0		61		0		61		0		61		0		61		61		61		0		0		61		61		61		61		61		61		0		0		0		61		0		
61		61		0		0		61		61		0		61		61		0		61		61		61		0		61		61		61		61		61		61		61		61		61		0		61		61		61		61		61		0		0		0		0		0		61		61		61		61		61		61		61		0		0		61		61		61		61		61		61		0		0		0		61		0		61		0		61		61		0		61		
0		61		0		61		0		0		0		61		61		61		61		61		61		61		61		0		61		61		61		0		61		61		61		0		0		61		61		61		61		61		61		61		61		61		61		61		61		61		61		61		61		61		0		61		0		61		61		0		61		61		61		61		0		61		0		61		0		61		61		61		
0		0		61		61		61		61		61		0		61		61		61		0		61		61		61		61		0		0		61		0		0		61		61		61		61		0		0		0		61		0		61		0		61		0		0		61		61		61		0		61		61		61		0		61		61		0		61		0		0		61		61		61		61		61		61		0		0		0		61		0		
0		61		61		0		0		61		0		0		61		61		61		61		61		61		61		61		61		61		0		0		61		0		0		61		61		61		0		0		0		61		61		61		61		61		0		61		61		0		61		61		61		61		61		61		0		0		61		61		0		0		61		61		61		61		61		61		61		61		61		0		
61		61		61		61		0		61		0		61		61		0		61		61		0		61		61		61		61		61		0		61		0		61		61		61		61		61		0		61		61		61		61		61		0		0		0		0		0		61		61		61		0		0		61		61		61		61		61		61		61		61		61		61		0		61		0		61		61		0		61		61		
0		61		61		0		61		0		61		0		61		61		0		61		61		0		61		61		61		0		61		0		61		61		61		61		61		61		0		61		0		61		0		61		61		61		61		0		0		0		61		61		61		61		61		61		0		0		61		61		61		61		0		61		61		0		61		61		0		0		0		61		
61		61		61		61		0		61		61		61		0		0		61		61		61		0		61		61		0		61		0		61		0		0		61		61		0		61		0		61		61		61		0		61		61		0		61		0		61		0		61		0		0		61		61		61		61		0		61		61		0		61		61		0		61		0		61		61		61		61		61		61		
61		61		61		0		61		0		0		0		61		61		61		61		61		61		0		0		61		0		61		61		61		0		61		61		0		61		61		61		0		61		0		0		0		61		61		61		61		0		61		61		0		61		61		0		0		61		61		0		61		0		61		0		61		61		61		61		0		61		61		0		
0		61		0		61		61		61		61		61		0		0		61		61		0		0		0		61		0		61		61		61		61		61		61		61		61		61		0		0		0		61		61		61		61		0		61		61		0		61		61		61		61		61		61		61		0		61		61		61		0		0		0		61		61		61		61		61		61		0		0		61		
0		0		61		0		61		61		61		61		61		61		61		61		61		0		61		0		61		0		61		61		61		61		61		61		0		61		61		0		61		61		0		61		61		0		0		61		61		61		61		61		0		0		61		61		61		61		61		61		61		61		0		61		61		61		61		61		61		61		0		0		
0		0		61		0		61		61		0		61		61		61		61		61		61		61		0		61		61		0		0		61		61		61		61		0		0		61		61		61		0		61		61		61		61		61		61		61		61		61		0		61		0		61		61		0		0		0		0		61		61		61		0		61		0		61		61		0		0		61		61		61		
61		61		0		61		61		61		61		61		61		0		61		61		61		61		0		61		61		61		61		61		61		61		61		0		0		61		0		0		61		61		61		61		0		61		61		61		61		61		0		0		0		61		61		61		61		61		0		0		0		61		61		0		61		61		61		61		61		0		61		61		
61		61		61		61		61		61		61		61		0		0		61		0		0		61		61		61		61		61		61		61		61		0		0		61		0		61		61		61		61		61		61		61		0		61		0		0		61		61		61		61		61		61		0		61		0		61		0		0		0		61		61		61		0		0		0		0		0		61		61		61		
61		61		61		61		61		0		61		61		0		0		0		61		0		61		61		61		61		0		0		61		0		0		0		0		61		0		0		0		0		61		0		61		61		61		0		0		61		0		61		61		61		61		61		0		61		0		61		61		61		61		61		61		61		61		61		0		61		61		61		0		
0		61		61		61		0		61		61		61		61		0		0		61		61		0		61		61		61		61		61		61		61		61		61		61		0		61		61		61		61		61		61		0		0		61		61		0		61		0		61		0		0		61		0		0		0		0		61		61		61		61		61		0		61		61		0		0		61		0		0		61		
0		61		61		0		61		61		61		61		61		61		61		61		61		0		0		0		0		0		61		0		61		61		0		61		0		61		61		0		61		0		0		61		0		0		0		61		0		61		61		0		61		61		0		0		0		61		61		61		0		61		61		0		0		61		61		61		61		0		61		61		
61		61		0		0		0		61		61		0		0		61		0		61		61		0		0		61		61		61		61		0		0		61		0		61		0		61		0		61		61		61		61		61		61		0		61		61		61		61		61		61		61		61		61		61		61		0		61		61		61		61		0		61		61		61		61		61		61		61		0		61		
0		0		61		61		61		61		61		61		61		61		0		61		61		61		0		61		0		61		0		0		61		0		61		61		0		61		61		61		61		0		61		0		61		0		0		0		0		61		61		61		61		61		61		61		61		61		61		0		0		61		61		61		61		0		61		61		61		61		61		61		
0		61		0		61		0		61		61		0		0		61		0		0		61		0		61		61		61		61		61		61		61		61		61		61		61		61		0		61		0		61		61		0		61		61		61		61		61		61		61		61		61		61		61		61		61		61		0		61		0		0		61		61		61		0		61		0		0		61		61		61		
61		0		0		61		0		61		61		61		0		61		61		0		61		61		61		61		0		0		0		61		0		61		61		61		0		61		0		61		61		61		61		61		0		61		0		0		61		0		0		61		0		0		61		61		61		61		0		61		61		0		61		61		61		61		61		61		61		61		0		61		
0		61		61		0		0		0		61		61		61		61		61		0		61		0		61		61		61		61		0		61		61		61		61		61		61		0		61		61		0		0		61		61		61		61		61		61		61		0		61		61		0		61		61		61		61		61		61		61		61		0		0		0		0		61		61		61		61		61		61		0		
0		61		61		61		61		61		61		0		61		61		61		0		61		61		61		0		61		61		0		61		61		61		0		0		61		0		0		61		61		61		0		61		61		61		61		61		0		61		61		0		61		61		0		61		0		61		61		61		61		61		0		61		61		0		61		61		61		61		61		61		
0		61		61		0		0		61		61		61		61		61		61		0		61		0		61		0		61		0		61		0		0		61		61		61		61		61		0		0		0		61		61		61		61		61		61		61		0		61		61		61		61		0		61		61		61		61		61		61		61		61		61		61		61		0		61		0		61		61		0		61		
61		0		61		61		61		61		61		61		61		0		0		61		61		0		0		0		61		61		61		61		0		61		61		0		0		61		0		61		0		61		0		61		61		61		61		0		0		61		0		61		0		61		61		61		61		61		61		61		0		0		0		61		0		61		61		61		61		0		61		0		
61		61		0		0		61		61		0		0		61		61		0		61		61		61		61		0		0		0		61		61		61		61		61		0		0		0		61		61		0		61		0		61		61		61		0		61		0		61		61		61		0		61		61		61		61		0		61		0		0		61		0		61		61		61		0		61		0		0		0		61		
61		61		0		61		0		0		0		0		61		61		61		61		61		61		61		0		0		61		61		0		61		61		61		61		61		61		0		61		0		61		61		61		0		0		0		0		61		61		61		61		0		0		0		61		61		61		0		61		61		61		0		61		61		0		61		0		61		61		0		61		
61		61		61		61		61		61		0		61		61		61		0		61		61		61		0		61		0		0		0		61		61		61		61		61		0		0		61		61		61		61		0		0		61		61		61		61		61		61		61		61		61		61		61		0		61		61		61		61		0		61		0		61		0		61		0		61		61		61		61		61		
0		0		0		61		0		61		61		61		61		61		61		61		61		0		61		61		61		61		61		61		61		0		0		61		61		61		61		61		61		61		0		61		61		61		0		61		61		61		61		0		61		61		0		61		0		61		61		61		0		61		0		61		61		0		61		61		0		61		61		61		
61		61		61		61		0		0		61		0		61		0		0		61		61		61		61		61		61		0		61		61		61		61		0		61		61		0		0		61		61		61		61		61		0		61		61		61		61		61		0		61		61		61		61		61		61		61		0		61		0		61		0		61		61		0		0		61		61		61		61		0		
61		61		61		61		61		61		0		61		0		61		61		61		61		61		61		0		61		0		0		61		0		0		0		61		61		0		61		61		61		61		0		0		61		61		0		0		0		61		61		61		61		0		61		61		61		61		61		61		0		61		61		61		0		61		0		61		61		61		61		61		
61		0		0		61		61		0		61		61		0		61		0		0		61		61		61		0		61		61		61		61		0		61		61		61		61		61		61		61		61		61		0		61		61		0		61		61		0		61		61		61		0		61		61		61		61		61		0		61		61		61		61		61		61		0		0		0		61		61		0		61		
61		61		0		61		61		0		61		61		61		61		61		0		0		0		61		61		61		61		61		61		61		61		61		0		61		0		0		61		61		61		61		61		0		61		61		61		0		61		0		61		61		61		61		61		61		61		61		0		61		61		61		0		61		61		61		61		61		0		61		0		
61		61		61		0		61		0		61		61		61		61		0		61		61		61		61		61		61		61		0		61		61		0		61		61		0		0		0		61		61		61		61		61		61		61		61		61		61		0		61		61		61		61		61		61		61		61		0		61		61		0		61		0		61		61		61		0		61		61		0		0		
61		0		0		0		0		61		61		61		0		61		61		61		0		61		0		61		0		61		0		0		61		0		61		0		61		0		0		61		61		61		61		61		0		61		61		61		61		61		0		61		61		61		61		61		61		0		61		61		0		0		61		0		61		61		61		0		0		61		61		61		
61		61		61		0		61		61		61		0		61		61		61		61		61		0		0		61		0		0		61		61		61		0		61		61		0		0		61		0		61		61		61		61		61		61		61		0		61		61		61		61		61		61		61		61		0		61		61		61		0		61		61		61		61		61		61		61		61		0		61		61		
61		61		61		61		0		61		61		0		61		0		61		61		61		61		61		61		61		61		61		61		61		0		0		0		61		61		61		61		61		0		0		61		61		61		61		61		0		61		61		0		61		0		61		0		61		61		61		0		61		61		61		0		61		61		0		0		61		61		0		61		
61		61		61		61		61		61		0		0		61		61		0		61		0		0		61		61		61		61		0		61		61		61		0		0		61		61		61		61		0		61		61		61		61		61		61		0		61		61		61		61		61		61		0		61		61		61		0		61		61		61		0		61		0		0		61		61		61		61		0		61		
0		61		61		61		61		61		61		0		61		61		0		61		61		0		0		61		61		0		61		0		61		61		0		0		61		61		0		61		0		0		61		61		61		61		0		0		61		0		0		0		0		61		61		61		0		0		61		61		61		0		61		61		61		61		0		0		0		61		61		0		
0		61		0		61		0		0		61		0		0		61		61		0		61		61		0		61		61		61		0		0		61		61		61		61		61		61		61		61		61		0		0		0		61		61		0		61		61		61		61		61		61		61		61		0		0		61		61		61		0		61		61		0		61		0		0		61		61		61		61		61		
61		61		61		61		0		0		61		61		61		0		61		0		61		61		61		61		0		61		61		0		0		0		61		61		61		61		61		0		61		61		61		0		0		61		0		0		0		0		0		0		61		61		61		61		61		61		61		0		61		61		61		61		0		0		0		61		61		0		61		61		
61		61		61		61		61		0		61		0		0		61		61		0		61		61		61		61		61		0		0		61		61		61		0		61		61		0		0		61		61		61		61		0		61		61		61		61		61		61		61		61		61		61		0		0		0		61		0		61		61		0		61		61		61		61		61		61		61		61		0		61		
61		0		61		0		0		0		61		61		61		0		61		61		0		61		61		0		61		61		61		61		61		0		61		0		61		61		0		61		61		61		61		0		61		61		0		61		61		0		61		61		0		61		61		61		61		61		61		0		61		61		0		61		61		0		0		0		61		61		0		61		
61		61		61		0		61		61		0		61		0		61		61		0		61		61		61		61		0		0		61		61		61		61		61		0		61		61		61		61		0		0		61		61		0		0		61		61		0		61		0		0		61		0		61		61		61		61		61		0		61		0		0		61		0		61		61		61		0		61		61		61		
0		0		61		61		61		61		0		0		61		0		61		61		0		61		61		0		61		61		61		61		61		61		61		0		61		0		61		61		61		61		61		61		61		61		61		0		61		0		61		0		0		0		61		61		61		61		0		61		0		0		0		61		0		61		61		0		61		61		0		61		
0		61		61		61		0		0		61		61		61		0		0		0		61		0		61		61		61		61		61		61		61		0		61		0		0		0		61		61		61		0		61		61		61		0		61		61		0		61		61		61		61		0		61		0		0		61		0		61		0		61		61		61		0		61		0		61		61		61		61		0		
61		61		61		61		61		0		0		61		61		61		0		61		0		0		61		61		0		61		0		61		61		0		61		0		61		61		61		61		61		0		61		61		61		61		61		0		61		61		0		61		61		61		61		61		0		61		61		61		0		61		61		61		61		0		61		61		61		61		61		61		
61		61		61		61		61		0		0		61		0		0		0		61		61		0		61		0		0		61		61		0		61		61		0		61		61		0		0		61		61		61		61		61		61		61		0		0		61		61		61		61		61		61		0		61		61		0		61		61		61		61		0		61		61		61		61		61		61		61		61		61		
61		61		61		61		61		61		61		61		61		0		61		0		61		61		61		61		0		61		61		0		0		61		61		61		61		0		61		0		61		61		0		61		61		0		61		0		0		61		61		61		61		0		61		0		61		61		0		0		61		61		61		0		0		61		0		61		61		61		61		61		
0		61		61		61		61		0		61		61		0		61		0		61		61		0		0		61		61		61		0		61		0		61		61		61		0		61		61		61		61		61		61		0		61		61		0		61		61		61		61		0		61		61		0		0		61		61		61		61		0		61		61		61		61		61		61		0		61		61		61		61		
NDC Pairs
< 1		2 >
< 1		3 >
< 1		5 >
< 1		6 >
< 1		7 >
< 1		11 >
< 1		12 >
< 1		16 >
< 1		18 >
< 1		19 >
< 1		23 >
< 1		24 >
< 1		25 >
< 1		28 >
< 1		31 >
< 1		35 >
< 1		36 >
< 1		37 >
< 1		38 >
< 1		40 >
< 1		41 >
< 1		42 >
< 1		43 >
< 1		44 >
< 1		45 >
< 1		46 >
< 1		47 >
< 1		48 >
< 1		51 >
< 1		52 >
< 1		53 >
< 1		54 >
< 1		57 >
< 1		58 >
< 1		59 >
< 2		3 >
< 2		6 >
< 2		7 >
< 2		8 >
< 2		9 >
< 2		11 >
< 2		12 >
< 2		13 >
< 2		15 >
< 2		16 >
< 2		17 >
< 2		18 >
< 2		19 >
< 2		20 >
< 2		23 >
< 2		24 >
< 2		25 >
< 2		26 >
< 2		27 >
< 2		28 >
< 2		30 >
< 2		32 >
< 2		33 >
< 2		34 >
< 2		36 >
< 2		37 >
< 2		38 >
< 2		40 >
< 2		41 >
< 2		43 >
< 2		44 >
< 2		46 >
< 2		47 >
< 2		48 >
< 2		49 >
< 2		50 >
< 2		51 >
< 2		52 >
< 2		54 >
< 2		56 >
< 2		57 >
< 2		58 >
< 2		59 >
< 2		60 >
< 3		5 >
< 3		8 >
< 3		9 >
< 3		14 >
< 3		15 >
< 3		16 >
< 3		17 >
< 3		18 >
< 3		19 >
< 3		21 >
< 3		22 >
< 3		24 >
< 3		25 >
< 3		26 >
< 3		27 >
< 3		29 >
< 3		32 >
< 3		33 >
< 3		34 >
< 3		35 >
< 3		38 >
< 3		40 >
< 3		41 >
< 3		44 >
< 3		46 >
< 3		47 >
< 3		48 >
< 3		49 >
< 3		51 >
< 3		52 >
< 3		53 >
< 3		54 >
< 3		55 >
< 3		56 >
< 3		57 >
< 3		58 >
< 3		59 >
< 3		60 >
< 4		5 >
< 4		7 >
< 4		9 >
< 4		13 >
< 4		14 >
< 4		16 >
< 4		18 >
< 4		20 >
< 4		23 >
< 4		24 >
< 4		25 >
< 4		26 >
< 4		29 >
< 4		30 >
< 4		31 >
< 4		33 >
< 4		35 >
< 4		37 >
< 4		38 >
< 4		39 >
< 4		40 >
< 4		41 >
< 4		42 >
< 4		43 >
< 4		47 >
< 4		48 >
< 4		49 >
< 4		50 >
< 4		51 >
< 4		52 >
< 4		55 >
< 4		56 >
< 4		57 >
< 4		58 >
< 4		59 >
< 4		60 >
< 5		6 >
< 5		7 >
< 5		8 >
< 5		10 >
< 5		11 >
< 5		12 >
< 5		14 >
< 5		17 >
< 5		19 >
< 5		20 >
< 5		21 >
< 5		22 >
< 5		23 >
< 5		24 >
< 5		25 >
< 5		27 >
< 5		29 >
< 5		33 >
< 5		35 >
< 5		36 >
< 5		38 >
< 5		41 >
< 5		42 >
< 5		43 >
< 5		44 >
< 5		46 >
< 5		48 >
< 5		49 >
< 5		52 >
< 5		54 >
< 5		55 >
< 5		57 >
< 5		58 >
< 5		59 >
< 5		60 >
< 6		8 >
< 6		9 >
< 6		10 >
< 6		11 >
< 6		12 >
< 6		14 >
< 6		15 >
< 6		16 >
< 6		18 >
< 6		20 >
< 6		21 >
< 6		22 >
< 6		23 >
< 6		24 >
< 6		26 >
< 6		27 >
< 6		28 >
< 6		29 >
< 6		30 >
< 6		31 >
< 6		33 >
< 6		34 >
< 6		35 >
< 6		36 >
< 6		38 >
< 6		39 >
< 6		41 >
< 6		45 >
< 6		46 >
< 6		47 >
< 6		48 >
< 6		49 >
< 6		54 >
< 6		55 >
< 6		59 >
< 7		8 >
< 7		11 >
< 7		14 >
< 7		17 >
< 7		18 >
< 7		20 >
< 7		21 >
< 7		23 >
< 7		24 >
< 7		25 >
< 7		26 >
< 7		27 >
< 7		28 >
< 7		29 >
< 7		30 >
< 7		31 >
< 7		32 >
< 7		33 >
< 7		34 >
< 7		35 >
< 7		39 >
< 7		40 >
< 7		42 >
< 7		43 >
< 7		44 >
< 7		45 >
< 7		46 >
< 7		47 >
< 7		49 >
< 7		50 >
< 7		51 >
< 7		52 >
< 7		53 >
< 7		56 >
< 7		59 >
< 7		60 >
< 8		9 >
< 8		10 >
< 8		11 >
< 8		12 >
< 8		13 >
< 8		16 >
< 8		18 >
< 8		20 >
< 8		21 >
< 8		22 >
< 8		23 >
< 8		24 >
< 8		25 >
< 8		26 >
< 8		27 >
< 8		29 >
< 8		31 >
< 8		32 >
< 8		34 >
< 8		35 >
< 8		38 >
< 8		39 >
< 8		41 >
< 8		42 >
< 8		43 >
< 8		44 >
< 8		45 >
< 8		51 >
< 8		53 >
< 8		54 >
< 8		56 >
< 8		57 >
< 8		58 >
< 8		59 >
< 8		60 >
< 9		10 >
< 9		12 >
< 9		13 >
< 9		14 >
< 9		15 >
< 9		16 >
< 9		17 >
< 9		19 >
< 9		21 >
< 9		22 >
< 9		23 >
< 9		26 >
< 9		27 >
< 9		29 >
< 9		32 >
< 9		33 >
< 9		34 >
< 9		35 >
< 9		36 >
< 9		37 >
< 9		38 >
< 9		39 >
< 9		40 >
< 9		43 >
< 9		44 >
< 9		46 >
< 9		47 >
< 9		48 >
< 9		49 >
< 9		51 >
< 9		53 >
< 9		55 >
< 9		56 >
< 9		57 >
< 9		59 >
< 10		11 >
< 10		13 >
< 10		14 >
< 10		15 >
< 10		17 >
< 10		19 >
< 10		21 >
< 10		22 >
< 10		27 >
< 10		28 >
< 10		29 >
< 10		30 >
< 10		31 >
< 10		32 >
< 10		33 >
< 10		34 >
< 10		36 >
< 10		37 >
< 10		38 >
< 10		39 >
< 10		41 >
< 10		42 >
< 10		43 >
< 10		44 >
< 10		45 >
< 10		46 >
< 10		48 >
< 10		49 >
< 10		50 >
< 10		52 >
< 10		54 >
< 10		57 >
< 10		60 >
< 11		12 >
< 11		13 >
< 11		14 >
< 11		15 >
< 11		16 >
< 11		18 >
< 11		19 >
< 11		20 >
< 11		21 >
< 11		22 >
< 11		23 >
< 11		24 >
< 11		27 >
< 11		31 >
< 11		32 >
< 11		33 >
< 11		34 >
< 11		37 >
< 11		39 >
< 11		41 >
< 11		43 >
< 11		45 >
< 11		46 >
< 11		47 >
< 11		50 >
< 11		51 >
< 11		52 >
< 11		53 >
< 11		54 >
< 11		55 >
< 11		59 >
< 12		13 >
< 12		15 >
< 12		16 >
< 12		17 >
< 12		18 >
< 12		19 >
< 12		20 >
< 12		21 >
< 12		22 >
< 12		23 >
< 12		25 >
< 12		26 >
< 12		27 >
< 12		28 >
< 12		29 >
< 12		35 >
< 12		36 >
< 12		37 >
< 12		38 >
< 12		39 >
< 12		40 >
< 12		41 >
< 12		44 >
< 12		45 >
< 12		46 >
< 12		47 >
< 12		48 >
< 12		49 >
< 12		53 >
< 12		55 >
< 12		57 >
< 12		58 >
< 12		60 >
< 13		14 >
< 13		15 >
< 13		17 >
< 13		18 >
< 13		19 >
< 13		21 >
< 13		22 >
< 13		23 >
< 13		26 >
< 13		27 >
< 13		28 >
< 13		29 >
< 13		30 >
< 13		31 >
< 13		32 >
< 13		33 >
< 13		34 >
< 13		35 >
< 13		36 >
< 13		37 >
< 13		38 >
< 13		39 >
< 13		40 >
< 13		41 >
< 13		42 >
< 13		44 >
< 13		46 >
< 13		47 >
< 13		49 >
< 13		50 >
< 13		51 >
< 13		52 >
< 13		54 >
< 13		56 >
< 13		58 >
< 13		59 >
< 13		60 >
< 14		15 >
< 14		16 >
< 14		19 >
< 14		22 >
< 14		23 >
< 14		24 >
< 14		25 >
< 14		29 >
< 14		31 >
< 14		33 >
< 14		36 >
< 14		37 >
< 14		38 >
< 14		40 >
< 14		41 >
< 14		42 >
< 14		44 >
< 14		45 >
< 14		47 >
< 14		50 >
< 14		51 >
< 14		52 >
< 14		53 >
< 14		54 >
< 14		55 >
< 14		59 >
< 15		16 >
< 15		17 >
< 15		18 >
< 15		21 >
< 15		24 >
< 15		25 >
< 15		26 >
< 15		30 >
< 15		31 >
< 15		32 >
< 15		33 >
< 15		34 >
< 15		36 >
< 15		37 >
< 15		39 >
< 15		40 >
< 15		41 >
< 15		42 >
< 15		43 >
< 15		44 >
< 15		47 >
< 15		48 >
< 15		51 >
< 15		52 >
< 15		53 >
< 15		54 >
< 15		55 >
< 15		56 >
< 15		57 >
< 15		58 >
< 15		59 >
< 16		17 >
< 16		18 >
< 16		20 >
< 16		22 >
< 16		23 >
< 16		24 >
< 16		25 >
< 16		26 >
< 16		28 >
< 16		29 >
< 16		30 >
< 16		31 >
< 16		32 >
< 16		38 >
< 16		39 >
< 16		40 >
< 16		43 >
< 16		44 >
< 16		45 >
< 16		46 >
< 16		47 >
< 16		48 >
< 16		49 >
< 16		50 >
< 16		51 >
< 16		52 >
< 16		54 >
< 16		56 >
< 16		57 >
< 16		59 >
< 16		60 >
< 17		19 >
< 17		21 >
< 17		22 >
< 17		23 >
< 17		24 >
< 17		25 >
< 17		26 >
< 17		28 >
< 17		30 >
< 17		32 >
< 17		33 >
< 17		34 >
< 17		35 >
< 17		39 >
< 17		40 >
< 17		41 >
< 17		42 >
< 17		43 >
< 17		44 >
< 17		47 >
< 17		48 >
< 17		49 >
< 17		50 >
< 17		52 >
< 17		53 >
< 17		55 >
< 17		56 >
< 17		60 >
< 18		20 >
< 18		23 >
< 18		24 >
< 18		26 >
< 18		28 >
< 18		29 >
< 18		30 >
< 18		32 >
< 18		33 >
< 18		35 >
< 18		37 >
< 18		39 >
< 18		42 >
< 18		43 >
< 18		44 >
< 18		45 >
< 18		47 >
< 18		48 >
< 18		50 >
< 18		51 >
< 18		53 >
< 18		55 >
< 18		56 >
< 18		57 >
< 18		58 >
< 18		59 >
< 18		60 >
< 19		20 >
< 19		21 >
< 19		23 >
< 19		24 >
< 19		26 >
< 19		27 >
< 19		28 >
< 19		30 >
< 19		34 >
< 19		35 >
< 19		36 >
< 19		37 >
< 19		39 >
< 19		40 >
< 19		42 >
< 19		43 >
< 19		46 >
< 19		47 >
< 19		49 >
< 19		51 >
< 19		53 >
< 19		54 >
< 19		55 >
< 19		56 >
< 19		58 >
< 19		59 >
< 20		21 >
< 20		22 >
< 20		23 >
< 20		24 >
< 20		25 >
< 20		26 >
< 20		30 >
< 20		31 >
< 20		32 >
< 20		33 >
< 20		35 >
< 20		36 >
< 20		38 >
< 20		39 >
< 20		40 >
< 20		41 >
< 20		42 >
< 20		43 >
< 20		44 >
< 20		46 >
< 20		47 >
< 20		48 >
< 20		52 >
< 20		53 >
< 20		54 >
< 20		55 >
< 20		56 >
< 20		57 >
< 20		60 >
< 21		22 >
< 21		23 >
< 21		24 >
< 21		26 >
< 21		27 >
< 21		29 >
< 21		30 >
< 21		32 >
< 21		33 >
< 21		36 >
< 21		37 >
< 21		38 >
< 21		39 >
< 21		40 >
< 21		43 >
< 21		44 >
< 21		45 >
< 21		46 >
< 21		47 >
< 21		48 >
< 21		49 >
< 21		50 >
< 21		52 >
< 21		53 >
< 21		54 >
< 21		55 >
< 21		56 >
< 21		57 >
< 21		58 >
< 22		23 >
< 22		26 >
< 22		27 >
< 22		28 >
< 22		30 >
< 22		31 >
< 22		32 >
< 22		33 >
< 22		34 >
< 22		35 >
< 22		36 >
< 22		37 >
< 22		38 >
< 22		40 >
< 22		42 >
< 22		43 >
< 22		48 >
< 22		49 >
< 22		50 >
< 22		52 >
< 22		54 >
< 22		55 >
< 22		58 >
< 22		59 >
< 22		60 >
< 23		26 >
< 23		29 >
< 23		30 >
< 23		31 >
< 23		32 >
< 23		34 >
< 23		35 >
< 23		36 >
< 23		37 >
< 23		38 >
< 23		42 >
< 23		43 >
< 23		44 >
< 23		45 >
< 23		46 >
< 23		50 >
< 23		51 >
< 23		53 >
< 23		54 >
< 23		55 >
< 23		56 >
< 23		57 >
< 23		59 >
< 23		60 >
< 24		26 >
< 24		27 >
< 24		28 >
< 24		29 >
< 24		30 >
< 24		31 >
< 24		32 >
< 24		34 >
< 24		37 >
< 24		38 >
< 24		39 >
< 24		40 >
< 24		41 >
< 24		42 >
< 24		44 >
< 24		46 >
< 24		50 >
< 24		51 >
< 24		52 >
< 24		58 >
< 24		59 >
< 24		60 >
< 25		30 >
< 25		32 >
< 25		33 >
< 25		34 >
< 25		37 >
< 25		39 >
< 25		40 >
< 25		41 >
< 25		42 >
< 25		43 >
< 25		45 >
< 25		47 >
< 25		48 >
< 25		49 >
< 25		50 >
< 25		51 >
< 25		52 >
< 25		53 >
< 25		54 >
< 25		55 >
< 25		57 >
< 25		58 >
< 25		59 >
< 26		27 >
< 26		28 >
< 26		29 >
< 26		30 >
< 26		31 >
< 26		34 >
< 26		35 >
< 26		37 >
< 26		39 >
< 26		42 >
< 26		47 >
< 26		48 >
< 26		49 >
< 26		50 >
< 26		51 >
< 26		53 >
< 26		54 >
< 26		57 >
< 26		60 >
< 27		29 >
< 27		32 >
< 27		36 >
< 27		38 >
< 27		39 >
< 27		41 >
< 27		42 >
< 27		46 >
< 27		47 >
< 27		48 >
< 27		50 >
< 27		51 >
< 27		54 >
< 27		55 >
< 27		56 >
< 27		57 >
< 27		59 >
< 27		60 >
< 28		29 >
< 28		30 >
< 28		31 >
< 28		32 >
< 28		33 >
< 28		35 >
< 28		36 >
< 28		37 >
< 28		38 >
< 28		39 >
< 28		40 >
< 28		41 >
< 28		42 >
< 28		43 >
< 28		44 >
< 28		45 >
< 28		47 >
< 28		48 >
< 28		49 >
< 28		50 >
< 28		52 >
< 28		53 >
< 28		54 >
< 28		55 >
< 28		56 >
< 28		57 >
< 28		58 >
< 28		60 >
< 29		31 >
< 29		33 >
< 29		38 >
< 29		39 >
< 29		40 >
< 29		41 >
< 29		42 >
< 29		43 >
< 29		44 >
< 29		45 >
< 29		46 >
< 29		47 >
< 29		50 >
< 29		51 >
< 29		52 >
< 29		53 >
< 29		55 >
< 29		56 >
< 29		57 >
< 29		58 >
< 29		59 >
< 29		60 >
< 30		31 >
< 30		33 >
< 30		34 >
< 30		35 >
< 30		36 >
< 30		37 >
< 30		38 >
< 30		39 >
< 30		40 >
< 30		41 >
< 30		42 >
< 30		43 >
< 30		44 >
< 30		45 >
< 30		46 >
< 30		48 >
< 30		51 >
< 30		52 >
< 30		53 >
< 30		55 >
< 30		58 >
< 30		59 >
< 30		60 >
< 31		32 >
< 31		34 >
< 31		37 >
< 31		40 >
< 31		43 >
< 31		44 >
< 31		45 >
< 31		46 >
< 31		48 >
< 31		49 >
< 31		51 >
< 31		52 >
< 31		53 >
< 31		54 >
< 31		55 >
< 31		56 >
< 31		57 >
< 31		58 >
< 31		60 >
< 32		33 >
< 32		34 >
< 32		35 >
< 32		36 >
< 32		37 >
< 32		39 >
< 32		40 >
< 32		42 >
< 32		43 >
< 32		44 >
< 32		45 >
< 32		46 >
< 32		47 >
< 32		48 >
< 32		49 >
< 32		54 >
< 32		55 >
< 32		56 >
< 32		57 >
< 32		58 >
< 32		59 >
< 33		34 >
< 33		35 >
< 33		36 >
< 33		38 >
< 33		39 >
< 33		41 >
< 33		42 >
< 33		44 >
< 33		46 >
< 33		47 >
< 33		48 >
< 33		49 >
< 33		50 >
< 33		52 >
< 33		53 >
< 33		55 >
< 33		56 >
< 33		57 >
< 33		58 >
< 33		59 >
< 33		60 >
< 34		35 >
< 34		36 >
< 34		38 >
< 34		39 >
< 34		40 >
< 34		41 >
< 34		43 >
< 34		44 >
< 34		45 >
< 34		46 >
< 34		47 >
< 34		48 >
< 34		49 >
< 34		50 >
< 34		51 >
< 34		52 >
< 34		53 >
< 34		55 >
< 34		57 >
< 34		58 >
< 34		60 >
< 35		38 >
< 35		40 >
< 35		42 >
< 35		43 >
< 35		44 >
< 35		45 >
< 35		46 >
< 35		47 >
< 35		48 >
< 35		52 >
< 35		54 >
< 35		55 >
< 35		56 >
< 35		57 >
< 35		59 >
< 36		38 >
< 36		39 >
< 36		40 >
< 36		42 >
< 36		43 >
< 36		44 >
< 36		45 >
< 36		47 >
< 36		50 >
< 36		52 >
< 36		53 >
< 36		54 >
< 36		56 >
< 36		60 >
< 37		38 >
< 37		39 >
< 37		40 >
< 37		44 >
< 37		45 >
< 37		46 >
< 37		48 >
< 37		49 >
< 37		50 >
< 37		52 >
< 37		53 >
< 37		55 >
< 37		57 >
< 37		58 >
< 37		60 >
< 38		39 >
< 38		40 >
< 38		41 >
< 38		42 >
< 38		43 >
< 38		45 >
< 38		46 >
< 38		47 >
< 38		48 >
< 38		50 >
< 38		52 >
< 38		54 >
< 38		56 >
< 38		57 >
< 38		58 >
< 38		59 >
< 38		60 >
< 39		41 >
< 39		42 >
< 39		44 >
< 39		46 >
< 39		47 >
< 39		48 >
< 39		50 >
< 39		52 >
< 39		53 >
< 39		55 >
< 39		56 >
< 39		58 >
< 39		59 >
< 39		60 >
< 40		41 >
< 40		42 >
< 40		43 >
< 40		44 >
< 40		45 >
< 40		46 >
< 40		48 >
< 40		50 >
< 40		52 >
< 40		53 >
< 40		56 >
< 40		57 >
< 40		58 >
< 40		59 >
< 41		43 >
< 41		44 >
< 41		45 >
< 41		46 >
< 41		47 >
< 41		48 >
< 41		50 >
< 41		51 >
< 41		52 >
< 41		54 >
< 41		56 >
< 41		57 >
< 41		58 >
< 41		59 >
< 41		60 >
< 42		43 >
< 42		44 >
< 42		45 >
< 42		46 >
< 42		48 >
< 42		49 >
< 42		50 >
< 42		51 >
< 42		52 >
< 42		53 >
< 42		57 >
< 42		58 >
< 42		60 >
< 43		44 >
< 43		45 >
< 43		46 >
< 43		47 >
< 43		49 >
< 43		50 >
< 43		51 >
< 43		53 >
< 43		54 >
< 43		55 >
< 43		56 >
< 43		57 >
< 43		59 >
< 44		45 >
< 44		46 >
< 44		48 >
< 44		49 >
< 44		51 >
< 44		53 >
< 44		54 >
< 44		55 >
< 44		57 >
< 44		58 >
< 45		47 >
< 45		48 >
< 45		51 >
< 45		53 >
< 45		54 >
< 45		55 >
< 45		58 >
< 45		59 >
< 45		60 >
< 46		47 >
< 46		48 >
< 46		50 >
< 46		51 >
< 46		52 >
< 46		53 >
< 46		54 >
< 46		55 >
< 46		56 >
< 46		57 >
< 46		59 >
< 46		60 >
< 47		49 >
< 47		50 >
< 47		51 >
< 47		53 >
< 47		54 >
< 47		57 >
< 47		58 >
< 47		60 >
< 48		49 >
< 48		50 >
< 48		52 >
< 48		55 >
< 48		56 >
< 48		57 >
< 48		58 >
< 48		60 >
< 49		51 >
< 49		52 >
< 49		53 >
< 49		54 >
< 49		58 >
< 49		59 >
< 50		51 >
< 50		53 >
< 50		56 >
< 50		57 >
< 50		58 >
< 50		59 >
< 50		60 >
< 51		52 >
< 51		56 >
< 51		57 >
< 51		59 >
< 51		60 >
< 52		53 >
< 52		54 >
< 52		55 >
< 52		56 >
< 52		57 >
< 52		58 >
< 52		60 >
< 53		57 >
< 53		58 >
< 53		60 >
< 54		55 >
< 54		56 >
< 54		58 >
< 54		59 >
< 54		60 >
< 55		57 >
< 55		58 >
< 55		60 >
< 56		57 >
< 56		58 >
< 56		59 >
< 57		58 >
< 57		59 >
< 57		60 >
< 58		59 >
< 58		60 >
< 59		60 >
