nNodes= 60
nPairs= 172  
Weight
4
3
2
3
3
2
4
3
4
3
3
2
4
2
3
3
2
2
2
3
3
4
4
2
4
4
4
2
2
4
2
3
4
4
3
2
3
2
3
3
4
3
4
3
2
2
2
3
4
4
3
2
2
4
3
4
2
4
2
3
Cost
61		0		0		0		0		0		0		0		0		0		0		0		0		61		0		0		61		0		0		0		0		0		0		0		0		0		61		0		0		0		0		0		0		0		0		0		61		0		0		0		0		0		0		0		0		0		0		61		0		0		0		0		61		0		0		0		0		0		0		0		
0		61		0		0		0		0		0		0		0		0		0		0		0		0		0		0		0		0		0		0		61		0		0		0		0		0		0		0		61		0		0		0		0		0		0		0		0		0		0		61		0		0		0		0		0		0		61		0		0		0		0		0		0		0		0		0		0		0		0		0		
0		0		61		0		0		0		0		0		0		0		0		0		0		0		0		0		0		0		0		0		0		0		0		0		0		0		0		0		61		61		0		61		0		0		0		0		0		0		61		0		0		61		0		0		0		0		0		61		0		0		0		0		61		0		61		0		0		0		0		61		
0		0		0		61		0		0		0		0		0		61		0		0		61		0		0		0		61		0		0		0		0		0		0		0		0		0		61		0		0		0		61		0		0		0		0		0		0		0		0		0		0		0		61		0		0		0		0		0		0		0		0		0		0		0		0		0		0		0		0		0		
0		0		0		0		61		0		61		61		0		0		0		0		0		0		0		0		0		0		0		0		0		0		0		0		0		0		0		0		0		0		0		0		0		0		61		0		61		0		0		0		0		0		0		0		0		0		0		0		0		0		0		0		0		0		0		0		0		61		0		0		
0		0		0		0		0		61		0		0		0		61		0		0		0		0		0		61		0		0		0		0		0		0		0		0		0		0		0		0		0		0		0		0		0		0		0		0		0		0		0		0		0		0		0		0		0		0		0		0		0		0		0		0		0		0		0		0		0		0		61		0		
0		0		0		0		61		0		61		0		0		0		0		0		0		0		61		0		0		0		0		61		0		0		0		0		0		0		0		0		0		0		61		0		61		0		0		0		0		0		0		0		0		0		0		0		0		0		61		0		0		0		61		0		0		0		0		0		0		0		0		0		
0		0		0		0		61		0		0		61		0		0		0		0		0		0		61		0		0		0		0		0		0		0		0		0		0		0		0		0		0		0		0		0		0		0		0		0		0		0		0		0		0		0		0		0		0		0		0		0		0		0		0		0		0		0		0		0		0		0		0		0		
0		0		0		0		0		0		0		0		61		0		0		0		0		0		0		0		61		0		61		0		0		61		0		0		0		61		0		0		0		0		0		0		0		0		0		0		0		0		0		0		61		0		0		0		0		0		0		0		0		0		0		61		0		0		0		0		0		0		0		0		
0		0		0		61		0		61		0		0		0		61		0		61		0		0		0		0		0		0		0		0		61		0		0		0		61		0		0		0		0		0		0		0		0		0		61		0		0		0		0		0		0		0		0		0		0		0		0		61		0		0		0		0		61		0		0		0		0		0		0		0		
0		0		0		0		0		0		0		0		0		0		61		61		0		0		0		0		0		0		0		0		0		61		0		0		0		0		61		0		0		0		61		0		0		0		0		0		0		0		0		0		0		0		0		0		0		0		0		0		0		0		61		0		0		0		0		0		0		0		0		0		
0		0		0		0		0		0		0		0		0		61		61		61		0		0		0		0		0		0		0		0		0		0		0		0		0		0		0		61		0		61		0		0		0		0		0		61		0		0		0		0		0		0		61		0		0		0		0		0		0		0		0		0		0		0		0		0		0		0		0		0		
0		0		0		61		0		0		0		0		0		0		0		0		61		0		0		0		0		0		0		61		0		0		0		0		0		0		0		0		0		0		0		0		0		0		0		0		61		0		0		0		61		0		0		0		0		0		0		0		0		0		0		61		0		0		0		0		61		0		0		0		
61		0		0		0		0		0		0		0		0		0		0		0		0		61		0		0		61		0		0		0		0		0		0		61		61		0		0		0		0		0		0		0		0		0		61		0		0		0		0		0		0		0		0		0		61		0		0		0		0		0		0		0		0		0		0		61		0		0		0		0		
0		0		0		0		0		0		61		61		0		0		0		0		0		0		61		0		0		0		0		0		0		0		61		0		0		0		0		0		0		0		0		61		0		61		0		0		0		0		0		0		61		0		0		0		0		61		0		0		0		0		0		0		61		61		0		61		0		0		0		0		
0		0		0		0		0		61		0		0		0		0		0		0		0		0		0		61		0		0		0		0		0		0		0		0		0		0		0		0		0		0		0		0		0		0		0		0		0		0		0		0		0		0		0		0		0		0		0		61		0		0		0		0		61		0		0		0		0		0		61		0		
61		0		0		61		0		0		0		0		61		0		0		0		0		61		0		0		61		0		0		0		0		0		0		0		0		0		0		0		0		0		0		0		0		0		0		0		0		0		0		0		0		0		0		0		61		0		0		0		61		61		0		0		0		0		0		0		0		0		0		0		
0		0		0		0		0		0		0		0		0		0		0		0		0		0		0		0		0		61		0		0		0		0		61		0		0		0		0		0		0		0		0		0		0		0		0		0		0		0		0		0		0		0		0		0		0		61		0		61		0		0		0		0		0		0		0		0		0		0		0		61		
0		0		0		0		0		0		0		0		61		0		0		0		0		0		0		0		0		0		61		0		0		0		0		0		0		0		0		0		0		0		0		0		0		0		0		61		0		0		0		0		61		0		0		0		0		0		0		0		0		0		0		0		0		0		0		0		0		0		61		61		
0		0		0		0		0		0		61		0		0		0		0		0		61		0		0		0		0		0		0		61		0		61		0		0		0		0		0		0		0		0		0		0		0		0		61		0		0		0		0		0		0		0		0		0		0		0		0		0		0		0		0		0		0		0		0		0		61		0		0		0		
0		61		0		0		0		0		0		0		0		61		0		0		0		0		0		0		0		0		0		0		61		0		0		0		0		0		0		0		0		0		0		0		0		0		0		0		61		0		0		0		0		0		61		0		0		0		0		0		0		61		0		0		0		0		61		0		61		61		0		0		
0		0		0		0		0		0		0		0		61		0		61		0		0		0		0		0		0		0		0		61		0		61		0		0		0		0		61		0		0		0		0		0		61		0		0		0		0		0		0		0		0		0		0		0		0		0		0		0		61		0		0		0		0		0		0		61		0		0		0		0		
0		0		0		0		0		0		0		0		0		0		0		0		0		0		61		0		0		61		0		0		0		0		61		0		0		0		61		0		0		0		0		0		61		0		0		61		61		61		0		61		0		0		0		0		0		0		0		61		0		0		0		0		0		0		0		0		0		61		0		0		
0		0		0		0		0		0		0		0		0		0		0		0		0		61		0		0		0		0		0		0		0		0		0		61		0		0		0		0		0		0		0		0		0		0		0		0		0		61		0		0		0		0		0		0		0		0		0		0		61		0		0		0		0		0		0		61		0		0		61		0		
0		0		0		0		0		0		0		0		0		61		0		0		0		61		0		0		0		0		0		0		0		0		0		0		61		0		0		0		0		61		0		61		0		0		0		0		0		0		0		0		0		0		0		0		0		0		0		0		61		61		61		0		0		0		0		0		0		61		0		0		
0		0		0		0		0		0		0		0		61		0		0		0		0		0		0		0		0		0		0		0		0		0		0		0		0		61		0		0		0		0		0		0		0		0		61		0		0		0		0		0		0		0		0		0		0		0		61		0		0		0		0		0		0		0		61		0		0		0		0		0		
61		0		0		61		0		0		0		0		0		0		61		0		0		0		0		0		0		0		0		0		0		61		61		0		0		0		61		0		0		0		61		0		0		0		0		0		0		0		0		0		0		61		0		0		0		61		0		0		0		0		0		0		0		0		0		0		0		0		0		0		
0		0		0		0		0		0		0		0		0		0		0		61		0		0		0		0		0		0		0		0		0		0		0		0		0		0		0		61		0		0		0		0		0		0		0		0		0		61		0		0		0		0		0		0		0		0		0		0		0		0		0		0		61		0		0		0		0		0		0		0		
0		61		61		0		0		0		0		0		0		0		0		0		0		0		0		0		0		0		0		0		0		0		0		0		0		0		0		0		61		0		0		0		0		0		0		0		0		0		0		0		61		0		0		0		0		0		0		0		0		0		0		0		0		0		0		61		0		0		0		61		
0		0		61		0		0		0		0		0		0		0		0		61		0		0		0		0		0		0		0		0		0		0		0		0		61		0		0		0		0		61		0		0		0		0		0		0		0		0		0		0		0		61		0		0		61		0		0		0		0		0		0		61		0		0		0		0		0		0		0		0		
0		0		0		61		0		0		61		0		0		0		61		0		0		0		0		0		0		0		0		0		0		0		0		0		0		0		61		0		0		0		61		0		0		0		61		0		0		61		0		0		0		61		0		0		0		61		0		0		0		0		0		0		0		0		0		0		61		0		0		0		
0		0		61		0		0		0		0		0		0		0		0		0		0		0		61		0		0		0		0		0		0		0		0		0		61		0		0		0		0		0		0		61		61		0		0		0		0		0		0		0		0		0		0		0		0		0		0		0		0		0		0		0		0		0		0		0		0		0		0		0		
0		0		0		0		0		0		61		0		0		0		0		0		0		0		0		0		0		0		0		0		0		61		61		0		0		0		0		0		0		0		0		61		61		0		0		0		0		0		0		0		0		0		0		0		0		0		0		0		0		0		0		0		0		0		0		0		0		0		0		0		
0		0		0		0		0		0		0		0		0		0		0		0		0		0		61		0		0		0		0		0		0		0		0		0		0		0		0		0		0		0		0		0		0		61		0		0		0		0		0		61		0		0		0		0		0		0		0		0		0		61		0		0		0		0		0		0		0		0		0		0		
0		0		0		0		61		0		0		0		0		61		0		0		0		61		0		0		0		0		0		61		0		0		0		0		0		61		0		0		0		0		61		0		0		0		61		0		0		0		0		0		0		0		0		0		0		0		0		0		0		0		0		0		0		0		0		0		0		0		0		0		
0		0		0		0		0		0		0		0		0		0		0		61		0		0		0		0		0		0		61		0		0		0		61		0		0		0		0		0		0		0		0		0		0		0		0		61		0		0		0		0		0		0		0		61		0		0		0		0		61		0		0		0		0		0		0		0		0		0		0		0		
61		0		0		0		61		0		0		0		0		0		0		0		61		0		0		0		0		0		0		0		61		0		61		0		0		0		0		0		0		0		0		0		0		0		0		0		61		0		0		0		0		0		0		0		0		0		0		0		0		0		0		0		0		0		0		0		0		0		0		0		
0		0		0		0		0		0		0		0		0		0		0		0		0		0		0		0		0		0		0		0		0		0		61		61		0		0		0		61		0		0		61		0		0		0		0		0		0		61		0		0		0		0		0		0		61		0		0		0		0		0		0		0		0		0		0		0		0		0		0		61		
0		0		61		0		0		0		0		0		0		0		0		0		0		0		0		0		0		0		0		0		0		0		0		0		0		0		0		0		0		0		0		0		0		0		0		0		0		0		61		0		0		0		0		0		0		61		0		0		0		0		0		0		0		0		0		0		61		0		0		0		
0		61		0		0		0		0		0		0		0		0		0		0		0		0		0		0		0		0		0		0		0		0		61		0		0		0		0		0		0		0		0		0		0		61		0		0		0		0		0		61		0		61		0		0		0		0		0		0		0		0		0		0		0		0		0		61		0		0		0		0		
0		0		0		0		0		0		0		0		61		0		0		0		61		0		61		0		0		0		61		0		0		0		0		0		0		0		0		0		61		0		0		0		0		0		0		0		0		0		0		0		61		0		0		0		0		0		0		0		0		0		0		0		0		0		0		0		0		0		0		0		
0		0		61		0		0		0		0		0		0		0		0		0		0		0		0		0		0		0		0		0		0		0		0		0		0		0		61		0		0		61		61		0		0		0		0		0		0		0		0		61		0		61		0		0		61		0		0		0		0		0		0		0		0		0		61		0		0		0		0		0		
0		0		0		61		0		0		0		0		0		0		0		61		0		0		0		0		0		0		0		0		61		0		0		0		0		0		0		0		0		0		0		0		0		0		0		0		0		0		0		0		0		0		61		0		0		0		0		0		0		61		0		0		0		0		0		0		0		0		0		0		
0		0		0		0		0		0		0		0		0		0		0		0		0		0		0		0		0		0		0		0		0		0		0		0		0		0		0		0		0		0		0		0		0		0		0		61		0		0		0		0		0		0		0		61		61		0		0		0		0		0		0		61		0		0		0		0		0		0		0		0		
0		0		0		0		0		0		0		0		0		0		0		0		0		61		0		0		61		0		0		0		0		0		0		0		0		0		0		0		0		61		0		0		0		0		0		0		0		61		0		0		0		61		0		61		61		0		0		0		61		0		0		0		0		0		61		0		0		0		0		0		
0		0		0		0		0		0		0		0		0		0		0		0		0		0		61		0		0		61		0		0		0		0		0		0		0		0		61		0		0		0		61		0		0		0		0		0		0		0		61		0		0		0		0		0		0		61		0		0		0		0		0		0		0		0		0		0		0		0		0		0		
0		61		0		0		0		0		61		0		0		0		0		0		0		0		0		0		0		0		0		0		0		0		0		0		0		61		0		0		0		0		0		0		0		0		0		0		0		0		0		0		0		0		0		0		0		0		61		0		0		0		0		0		0		61		0		0		0		0		0		0		
61		0		61		0		0		0		0		0		0		61		0		0		0		0		0		61		0		61		0		0		0		0		61		0		0		0		0		0		0		0		0		0		0		0		0		0		0		0		0		0		0		0		0		0		0		0		0		61		0		0		0		0		61		0		61		0		0		0		0		0		
0		0		0		0		0		0		0		0		0		0		0		0		0		0		0		0		61		0		0		0		0		61		0		61		61		0		0		0		0		0		0		0		0		0		0		61		0		0		0		0		0		0		0		0		61		0		0		0		61		0		0		0		0		0		0		0		0		0		61		0		
0		0		0		0		0		0		0		0		0		0		0		0		0		0		0		0		61		0		0		0		61		0		0		0		61		0		0		0		0		0		0		0		0		61		0		0		0		0		0		0		0		0		61		0		0		0		0		0		0		61		0		0		0		0		0		0		0		0		0		0		
0		0		0		0		0		0		61		0		0		0		61		0		0		0		0		0		0		0		0		0		0		0		0		0		61		0		0		0		0		0		0		0		0		0		0		0		0		0		0		0		0		0		0		0		0		0		0		0		0		0		61		0		61		0		61		0		61		0		0		0		
0		0		0		0		0		0		0		0		61		0		0		0		61		0		0		0		0		0		0		0		0		0		0		0		0		0		0		0		0		61		0		0		0		0		0		0		0		0		0		0		0		0		0		61		0		0		0		0		0		0		0		61		0		0		0		0		61		0		0		0		
61		0		61		0		0		0		0		0		0		61		0		0		0		0		61		61		0		0		0		0		0		0		0		0		0		0		0		61		0		0		0		0		0		0		0		0		0		0		0		0		0		0		0		0		0		0		0		61		0		0		61		0		61		0		0		0		0		0		61		0		
0		0		0		0		0		0		0		0		0		0		0		0		0		0		61		0		0		0		0		0		0		0		0		0		0		0		0		0		0		0		0		0		0		0		0		0		0		0		0		0		0		0		0		0		0		0		61		0		0		0		0		0		0		61		0		0		0		0		0		61		
0		0		61		0		0		0		0		0		0		0		0		0		0		0		0		0		0		0		0		0		61		0		0		0		0		61		0		0		0		0		0		0		0		0		0		0		0		0		0		0		0		61		0		0		61		0		0		61		0		0		61		0		0		0		61		0		0		0		0		0		
0		0		0		0		0		0		0		0		0		0		0		0		0		61		61		0		0		0		0		0		0		61		0		61		0		0		0		0		61		0		0		0		0		0		0		0		0		0		0		61		0		0		0		0		0		0		0		0		0		0		0		0		0		0		0		61		0		0		0		0		
0		0		0		0		0		0		0		0		0		0		0		0		61		0		0		0		0		0		0		61		61		0		0		0		0		0		0		0		0		0		61		0		0		0		0		0		0		0		61		0		0		0		0		0		0		0		0		0		0		0		61		61		0		0		0		0		61		0		0		0		
0		0		0		0		61		0		0		0		0		0		0		0		0		0		0		0		0		0		0		0		61		0		61		0		61		0		0		0		0		0		0		0		0		0		0		0		0		0		0		0		0		0		0		0		0		0		0		0		0		0		0		0		0		0		0		0		0		61		0		0		
0		0		0		0		0		61		0		0		0		0		0		0		0		0		0		61		0		0		61		0		0		0		0		61		0		0		0		0		0		0		0		0		0		0		0		0		0		0		0		0		0		0		0		0		0		0		0		0		61		0		0		0		61		0		0		0		0		0		61		0		
0		0		61		0		0		0		0		0		0		0		0		0		0		0		0		0		0		61		61		0		0		0		0		0		0		0		0		0		61		0		0		0		0		0		0		0		0		61		0		0		0		0		0		0		0		0		0		0		0		0		0		0		0		61		0		0		0		0		0		61		
NDC Pairs
< 1		14 >
< 1		17 >
< 1		27 >
< 1		37 >
< 1		48 >
< 1		53 >
< 2		21 >
< 2		29 >
< 2		40 >
< 2		47 >
< 3		29 >
< 3		30 >
< 3		32 >
< 3		39 >
< 3		42 >
< 3		48 >
< 3		53 >
< 3		55 >
< 3		60 >
< 4		10 >
< 4		13 >
< 4		17 >
< 4		27 >
< 4		31 >
< 4		43 >
< 5		7 >
< 5		8 >
< 5		35 >
< 5		37 >
< 5		58 >
< 6		10 >
< 6		16 >
< 6		59 >
< 7		15 >
< 7		20 >
< 7		31 >
< 7		33 >
< 7		47 >
< 7		51 >
< 8		15 >
< 9		17 >
< 9		19 >
< 9		22 >
< 9		26 >
< 9		41 >
< 9		52 >
< 10		12 >
< 10		21 >
< 10		25 >
< 10		35 >
< 10		48 >
< 10		53 >
< 11		12 >
< 11		22 >
< 11		27 >
< 11		31 >
< 11		51 >
< 12		28 >
< 12		30 >
< 12		36 >
< 12		43 >
< 13		20 >
< 13		37 >
< 13		41 >
< 13		52 >
< 13		57 >
< 14		17 >
< 14		24 >
< 14		25 >
< 14		35 >
< 14		45 >
< 14		56 >
< 15		23 >
< 15		32 >
< 15		34 >
< 15		41 >
< 15		46 >
< 15		53 >
< 15		54 >
< 15		56 >
< 16		48 >
< 16		53 >
< 16		59 >
< 17		45 >
< 17		49 >
< 17		50 >
< 18		23 >
< 18		46 >
< 18		48 >
< 18		60 >
< 19		36 >
< 19		41 >
< 19		59 >
< 19		60 >
< 20		22 >
< 20		35 >
< 20		57 >
< 21		37 >
< 21		43 >
< 21		50 >
< 21		55 >
< 21		57 >
< 21		58 >
< 22		27 >
< 22		33 >
< 22		49 >
< 22		56 >
< 23		27 >
< 23		33 >
< 23		36 >
< 23		37 >
< 23		38 >
< 23		40 >
< 23		48 >
< 23		58 >
< 24		38 >
< 24		49 >
< 24		56 >
< 24		59 >
< 25		30 >
< 25		32 >
< 25		49 >
< 25		50 >
< 25		51 >
< 25		58 >
< 26		35 >
< 26		47 >
< 26		55 >
< 27		31 >
< 27		42 >
< 27		46 >
< 28		38 >
< 28		53 >
< 29		41 >
< 29		56 >
< 29		60 >
< 30		42 >
< 30		45 >
< 30		52 >
< 31		35 >
< 31		38 >
< 31		42 >
< 31		46 >
< 31		57 >
< 32		33 >
< 34		40 >
< 34		50 >
< 36		44 >
< 36		49 >
< 38		45 >
< 38		60 >
< 39		46 >
< 39		57 >
< 40		42 >
< 40		56 >
< 42		45 >
< 42		55 >
< 43		50 >
< 44		45 >
< 44		52 >
< 45		49 >
< 45		55 >
< 47		54 >
< 48		53 >
< 48		55 >
< 49		59 >
< 51		53 >
< 51		55 >
< 51		57 >
< 52		57 >
< 53		59 >
< 54		60 >
