nNodes= 80
nPairs= 2157  
Weight
3
3
2
3
4
2
2
4
2
4
4
3
2
2
2
3
4
4
4
2
3
2
3
3
2
3
2
2
3
4
4
4
4
3
2
3
2
3
3
4
3
3
2
2
2
3
3
2
4
4
4
4
4
3
4
4
2
4
2
2
4
4
4
3
3
2
4
2
2
4
4
4
4
3
4
2
3
2
4
3
Cost
81		81		81		0		81		0		0		0		81		81		0		81		81		81		0		81		0		81		81		0		81		0		81		0		81		0		0		81		81		0		81		81		81		0		81		81		81		81		81		81		81		81		81		81		81		0		0		81		81		81		81		81		0		0		81		81		81		81		81		0		81		0		81		81		81		81		81		81		81		0		81		0		81		81		81		81		81		81		81		0		
81		81		81		81		81		81		81		81		81		81		81		81		81		81		81		0		81		0		0		81		81		81		81		81		81		81		0		81		81		81		81		0		0		81		81		0		81		81		81		0		81		81		0		0		81		0		81		0		81		81		81		0		81		0		0		81		81		81		81		81		0		81		81		0		81		81		81		0		0		81		81		81		0		81		0		81		0		81		81		81		
81		81		81		81		81		81		0		0		81		81		81		81		0		81		0		0		81		81		81		81		81		81		0		0		81		0		81		81		81		0		0		81		81		0		0		0		81		0		81		81		81		81		81		81		81		81		0		81		81		81		0		0		81		81		81		81		0		81		0		81		81		81		81		81		81		81		81		0		81		81		0		81		81		81		0		81		81		81		81		0		
0		81		81		81		81		81		0		0		0		0		81		81		0		0		0		0		81		81		81		81		81		81		81		0		0		81		81		81		81		0		81		81		81		81		81		0		81		81		81		81		81		0		0		0		81		0		81		0		0		81		81		81		0		81		81		0		81		0		81		0		81		0		81		81		0		81		81		81		0		81		81		81		81		81		81		81		81		81		81		81		
81		81		81		81		81		81		81		0		0		81		0		0		0		81		81		0		81		81		0		81		0		0		0		0		81		81		0		0		81		81		81		81		0		0		0		0		0		81		81		0		81		0		81		81		81		81		81		81		81		81		81		81		81		81		81		81		81		0		81		0		81		81		81		81		81		81		0		81		0		81		0		0		81		81		0		81		81		81		0		81		
0		81		81		81		81		81		81		81		81		0		81		81		0		0		81		81		81		0		81		0		0		81		81		81		81		0		81		81		81		81		0		81		0		81		81		81		0		81		81		81		0		81		0		81		81		81		81		81		0		0		0		81		0		0		81		81		81		81		0		81		0		81		0		0		81		81		81		0		81		81		81		81		81		81		81		0		0		81		81		81		
0		81		0		0		81		81		81		0		81		81		81		81		81		81		0		81		81		0		81		0		81		81		81		81		0		0		81		81		0		81		0		81		81		0		81		81		81		0		0		81		81		81		0		81		81		81		81		81		81		0		81		81		81		81		0		81		0		81		81		81		0		81		81		81		81		0		81		81		81		0		0		81		0		0		81		81		0		81		0		81		
0		81		0		0		0		81		0		81		81		81		81		81		81		0		81		0		0		81		81		81		81		81		81		81		0		81		81		81		81		81		81		81		81		81		81		0		0		81		81		81		81		81		81		81		0		81		0		0		81		81		81		81		0		81		81		81		0		81		0		81		0		81		0		0		81		0		81		81		81		0		0		0		0		81		81		81		81		81		0		81		
81		81		81		0		0		81		81		81		81		81		81		81		0		0		0		81		0		81		0		81		81		0		0		81		0		81		0		81		81		0		81		81		81		0		81		81		81		81		81		0		0		0		81		81		0		0		81		81		81		81		81		81		81		81		81		0		0		81		81		81		81		0		81		81		81		81		81		0		81		81		81		0		81		81		0		81		0		81		81		81		
81		81		81		0		81		0		81		81		81		81		0		81		81		81		0		81		81		81		81		0		0		81		81		81		0		81		81		81		0		81		81		81		81		81		81		81		81		81		81		81		81		81		81		81		0		0		0		81		81		0		81		0		81		0		0		81		81		81		81		81		81		0		81		81		0		81		81		81		81		0		81		81		81		0		81		81		0		81		81		81		
0		81		81		81		0		81		81		81		81		0		81		81		0		81		0		81		0		81		81		81		81		0		81		81		0		81		0		81		81		81		0		81		0		81		81		0		81		81		81		81		81		81		81		81		81		81		0		81		0		81		81		0		81		0		0		81		0		0		81		81		0		81		81		0		81		0		81		81		81		0		81		81		81		81		0		81		81		81		81		0		
81		81		81		81		0		81		81		81		81		81		81		81		0		81		81		81		81		81		81		81		81		81		0		0		81		81		81		81		81		81		81		81		0		81		81		81		81		81		81		0		81		81		81		0		81		81		0		81		81		81		81		81		0		0		81		0		81		81		81		81		0		81		0		0		81		81		0		0		81		81		0		81		0		81		81		81		81		81		81		81		
81		81		0		0		0		0		81		81		0		81		0		0		81		81		81		0		81		81		81		0		81		0		81		0		81		81		81		81		81		81		81		81		0		0		0		81		81		81		81		81		0		81		81		0		81		81		0		81		81		81		81		0		0		81		81		0		0		81		81		81		81		0		81		81		0		81		0		0		81		81		81		0		81		81		81		0		81		81		81		0		
81		81		81		0		81		0		81		0		0		81		81		81		81		81		81		81		0		0		0		81		81		0		81		81		81		0		81		0		0		81		0		81		0		81		81		0		81		81		81		0		81		0		81		81		81		81		81		81		81		81		81		81		81		81		81		81		0		81		0		81		0		81		0		81		0		81		81		81		81		81		81		0		81		81		81		0		81		81		81		81		
0		81		0		0		81		81		0		81		0		0		0		81		81		81		81		81		0		81		0		81		0		81		81		81		81		81		0		81		0		0		0		0		0		81		0		81		81		81		81		81		81		81		81		0		0		81		81		81		81		81		81		81		81		81		81		81		0		0		0		0		81		81		81		81		0		81		81		81		0		0		81		0		81		0		81		0		81		0		81		81		
81		0		0		0		0		81		81		0		81		81		81		81		0		81		81		81		81		0		0		0		81		0		81		81		0		81		81		81		81		81		81		81		81		81		81		0		81		0		0		81		81		81		81		0		81		81		0		0		81		81		81		0		81		81		0		81		81		81		0		81		81		81		81		0		81		81		81		81		81		81		81		0		81		81		81		81		0		81		0		0		
0		81		81		81		81		81		81		0		0		81		0		81		81		0		0		81		81		81		81		81		81		81		81		81		81		81		81		81		81		81		81		81		0		81		0		81		0		81		81		0		81		0		81		81		0		81		81		81		81		81		0		81		0		81		0		81		81		81		81		81		0		0		81		81		81		81		0		0		81		81		0		81		81		0		81		81		0		0		81		81		
81		0		81		81		81		0		0		81		81		81		81		81		81		0		81		0		81		81		0		81		0		81		81		81		81		81		0		81		81		0		81		81		81		81		81		0		81		0		81		81		81		0		81		0		81		0		81		0		0		81		0		81		81		81		81		0		0		0		81		81		81		81		81		0		81		81		81		0		81		0		0		81		0		81		0		0		81		81		0		81		
81		0		81		81		0		81		81		81		0		81		81		81		81		0		0		0		81		0		81		81		81		81		81		0		81		81		81		0		0		0		0		81		81		81		81		0		81		81		81		81		81		0		81		81		81		81		0		0		81		81		81		0		81		81		81		0		81		0		0		81		81		81		81		81		0		81		81		81		81		0		81		81		0		0		0		0		81		81		81		81		
0		81		81		81		81		0		0		81		81		0		81		81		0		81		81		0		81		81		81		81		0		81		0		81		0		81		0		81		81		0		81		81		81		0		81		81		81		0		81		81		81		81		81		81		81		0		0		81		81		0		81		81		0		81		0		81		0		81		81		81		0		81		81		81		81		0		0		0		0		81		81		81		81		0		0		81		0		81		81		0		
81		81		81		81		0		0		81		81		81		0		81		81		81		81		0		81		81		0		81		0		81		81		81		81		81		81		81		81		0		0		81		81		0		81		81		81		81		81		0		81		81		81		0		81		81		81		81		81		0		0		81		81		0		0		0		81		81		0		0		81		81		81		0		0		81		81		0		81		0		81		81		81		81		81		81		81		81		0		81		81		
0		81		81		81		0		81		81		81		0		81		0		81		0		0		81		0		81		81		81		81		81		81		81		0		0		81		81		81		81		81		81		81		0		0		81		81		0		0		81		81		81		81		81		81		81		81		81		0		0		81		81		81		81		81		81		81		0		81		0		81		81		81		81		81		0		81		81		81		81		81		0		81		81		81		0		81		81		81		0		81		
81		81		0		81		0		81		81		81		0		81		81		0		81		81		81		81		81		81		81		0		81		81		81		0		0		81		0		81		0		81		81		0		81		0		81		81		0		81		0		81		0		81		81		81		81		81		81		81		81		0		81		81		0		0		0		81		0		81		0		81		0		0		81		0		81		81		81		81		81		81		81		81		81		81		81		0		81		81		81		81		
0		81		0		0		0		81		81		81		81		81		81		0		0		81		81		81		81		81		0		81		81		0		0		81		0		0		81		81		81		0		81		0		0		81		81		81		81		81		0		81		0		81		81		81		81		81		81		81		81		81		81		81		0		81		81		0		81		81		0		81		0		0		81		81		81		81		0		81		0		81		81		0		81		81		81		81		0		0		0		0		
81		81		81		0		81		81		0		0		0		0		0		81		81		81		81		0		81		81		81		0		81		0		0		0		81		81		81		81		81		0		81		0		81		81		0		81		81		81		0		81		81		81		81		0		81		0		0		81		0		0		81		81		81		0		81		0		81		0		81		81		81		0		81		0		81		0		0		81		81		0		81		0		0		0		0		81		81		81		0		81		
0		81		0		81		81		0		0		81		81		81		81		81		81		0		81		81		81		81		81		81		81		81		81		0		81		81		81		0		81		0		0		0		81		81		0		81		0		0		81		81		0		81		81		81		81		81		81		81		0		81		81		0		81		81		81		81		0		0		81		81		81		81		0		81		0		81		0		0		81		81		81		81		0		0		81		81		81		81		81		81		
0		0		81		81		0		81		81		81		0		81		0		81		81		81		0		81		81		0		81		0		81		81		0		81		81		81		81		81		0		81		81		0		0		81		81		81		0		81		81		0		0		81		0		81		81		0		0		81		81		0		0		81		81		0		0		81		81		0		0		81		81		0		81		81		81		81		81		81		81		81		0		81		81		81		81		0		81		81		0		81		
81		81		81		81		0		81		81		81		81		81		81		81		81		0		81		81		81		81		0		81		81		81		81		81		81		0		81		81		81		0		0		81		81		81		0		0		81		0		81		81		81		81		81		0		81		81		81		81		0		0		81		81		81		0		81		0		0		0		81		81		81		81		81		0		81		81		0		0		0		81		0		0		81		81		81		81		81		81		0		81		
81		81		81		81		81		81		0		81		81		0		81		81		81		0		0		81		81		81		0		81		0		81		0		81		81		81		0		81		81		0		81		0		0		0		81		81		0		81		81		0		81		81		81		0		0		0		0		81		0		0		81		81		0		81		81		81		0		81		0		0		0		81		81		81		81		81		81		81		81		0		0		0		81		81		0		0		0		81		0		0		
0		81		0		0		81		81		81		81		0		81		81		81		81		81		0		81		81		0		0		0		0		81		81		0		0		0		81		0		0		81		81		0		81		0		81		81		81		0		81		81		0		81		0		81		0		81		81		81		81		81		81		81		81		0		81		0		81		0		81		81		0		81		81		0		81		0		0		81		81		0		81		81		81		81		0		81		81		81		81		0		
81		81		0		81		81		0		0		81		81		81		0		81		81		0		0		81		81		81		0		81		81		81		81		81		81		0		81		0		81		81		81		81		81		81		0		0		0		81		0		81		81		81		81		81		81		0		81		81		81		81		0		81		0		81		81		81		0		0		81		0		81		0		81		81		0		0		81		81		81		81		81		81		81		0		0		0		81		0		81		81		
81		0		81		81		81		81		81		81		81		81		81		81		81		81		0		81		81		81		81		81		81		81		0		0		0		0		0		81		0		0		81		81		0		0		0		0		81		81		81		81		81		81		81		0		0		0		81		81		81		81		81		0		0		81		0		81		81		0		0		0		81		81		0		81		81		81		81		81		81		81		81		81		0		0		0		0		81		0		0		81		
81		0		81		81		0		0		81		81		81		81		0		0		0		0		0		81		0		81		81		81		0		0		81		0		81		81		0		81		0		81		81		0		81		81		81		0		81		0		81		81		81		81		81		81		0		0		81		0		81		81		81		0		81		81		0		81		81		0		81		0		81		81		81		0		81		81		0		81		81		81		0		81		81		81		81		81		81		81		81		81		
0		81		0		81		0		81		0		81		0		81		81		81		0		81		81		81		81		81		81		0		81		0		0		81		81		81		81		81		0		0		81		0		81		81		0		81		81		81		0		81		81		81		81		0		81		0		0		81		81		81		81		81		81		81		0		81		81		0		0		81		0		81		81		81		81		81		81		0		81		0		81		81		0		81		81		81		0		0		81		0		
81		81		0		81		0		81		81		81		81		81		81		81		0		81		0		81		0		81		81		81		81		81		81		81		0		0		81		0		81		81		0		0		81		0		81		81		81		81		81		81		0		0		0		81		81		0		0		81		81		81		81		0		0		0		81		81		0		0		81		81		81		0		0		0		81		0		81		0		81		81		81		0		81		0		81		0		81		81		0		81		
81		0		0		0		0		81		81		0		81		81		0		81		81		0		81		0		81		0		0		81		81		81		81		81		81		81		81		0		81		81		0		0		0		81		81		81		81		81		81		81		81		81		81		81		81		81		81		0		81		0		81		81		0		0		81		81		81		81		81		81		81		0		0		81		81		0		0		81		81		81		81		81		81		81		0		81		0		0		81		81		
81		81		81		81		0		0		81		0		81		81		81		81		81		81		81		81		0		81		81		81		81		0		0		81		81		0		0		81		0		81		0		81		81		81		81		81		81		81		81		0		81		81		81		0		81		81		0		81		0		81		81		81		81		81		81		0		0		0		0		0		81		0		81		81		81		81		81		81		81		0		81		81		81		81		81		0		81		81		81		0		
81		81		0		81		81		81		0		81		81		81		81		81		81		81		81		0		81		0		81		0		81		0		81		81		81		0		81		0		81		0		81		81		0		81		81		81		81		81		81		0		81		81		81		0		0		0		0		0		81		0		0		81		0		81		81		81		81		81		81		81		81		81		81		0		81		81		0		81		81		81		81		81		81		81		81		81		81		0		81		81		
81		81		81		81		81		81		0		81		81		81		81		81		81		81		81		0		81		81		81		81		0		81		0		0		0		81		81		81		81		81		0		81		81		0		81		81		81		81		81		81		0		81		81		0		0		81		0		0		0		81		81		81		81		0		81		0		81		81		0		81		0		0		0		0		81		81		0		81		0		81		81		81		81		81		81		81		0		81		0		81		
81		0		81		81		0		81		81		81		0		81		81		0		81		0		81		81		0		81		81		81		81		81		81		81		81		81		0		81		0		81		81		81		81		81		81		81		0		0		81		81		81		0		81		81		0		0		81		81		81		81		81		81		0		81		81		0		81		81		81		81		0		81		81		81		0		0		81		81		81		81		0		81		0		81		0		81		0		81		0		0		
81		81		81		81		81		0		81		81		0		81		81		81		0		81		81		81		81		81		81		81		81		81		0		0		81		0		0		81		81		0		81		81		81		81		0		81		81		81		0		81		81		81		0		81		81		0		0		81		81		81		0		81		0		0		81		81		81		81		81		81		81		81		81		81		81		81		81		81		0		81		81		81		0		81		81		81		81		81		81		81		
81		81		81		0		0		81		81		81		0		81		81		81		81		0		81		81		0		0		0		81		81		81		81		81		81		81		81		81		81		81		81		81		81		81		0		81		81		81		81		0		81		81		81		0		81		0		81		81		81		0		81		81		81		81		81		81		81		81		81		81		81		0		81		0		81		81		81		81		81		81		0		81		0		81		81		81		0		81		81		81		
81		0		81		0		81		0		0		81		81		81		81		81		81		81		81		81		81		81		81		81		0		81		81		81		81		81		0		81		81		0		81		81		81		81		0		81		81		81		81		81		0		81		81		81		81		0		0		0		81		81		81		81		0		81		81		0		81		81		81		0		81		0		81		0		81		81		81		81		81		81		81		81		81		81		0		81		81		81		0		81		
81		0		81		0		81		81		81		81		81		81		81		0		0		81		0		0		81		0		81		81		81		81		81		81		0		81		81		0		0		81		81		0		81		0		81		81		0		0		0		81		81		0		81		81		81		81		0		0		81		81		0		81		81		81		81		81		81		0		81		0		81		81		81		81		81		0		81		81		81		81		81		0		81		81		81		81		81		0		0		0		
81		81		81		81		81		81		81		0		0		0		81		81		81		81		0		81		0		81		81		81		81		81		81		81		81		81		81		81		0		0		81		0		0		81		81		81		81		0		0		0		81		81		81		81		81		81		81		0		81		0		81		81		0		81		81		81		81		81		81		81		81		0		81		0		81		81		81		81		81		81		81		81		0		0		81		81		81		81		0		81		
0		0		81		0		81		81		81		81		0		0		81		81		81		81		81		81		81		0		81		0		81		81		81		81		0		81		0		81		0		81		0		0		0		0		0		81		81		0		81		0		0		0		0		81		81		81		81		81		81		81		0		0		81		81		0		81		81		81		81		81		81		81		81		81		81		81		81		0		0		81		81		81		81		81		81		81		81		81		81		81		
0		81		0		81		81		81		81		0		81		0		0		0		0		81		81		0		81		81		0		0		81		81		81		81		0		81		0		81		0		81		81		81		81		0		0		81		0		0		0		81		0		81		0		0		81		81		81		81		0		0		0		0		0		81		81		81		81		81		0		81		81		0		0		81		0		81		81		0		0		0		81		0		81		0		0		81		81		81		0		81		
81		0		81		0		81		81		81		0		81		81		81		81		81		81		81		0		81		0		0		81		81		0		81		81		81		81		81		81		81		81		81		81		0		81		81		0		81		0		0		81		81		81		0		0		0		81		81		81		0		81		81		81		81		81		0		0		0		81		81		81		0		81		81		81		0		81		0		81		81		81		81		0		81		81		81		0		81		0		81		81		
81		81		81		0		81		0		81		81		81		81		0		81		81		81		81		81		81		0		81		81		0		0		81		81		0		0		81		0		0		81		81		81		81		81		81		81		0		81		0		81		81		81		81		81		81		81		0		0		81		81		81		0		0		81		81		81		81		81		81		81		0		81		81		81		81		0		81		81		81		81		81		0		81		81		81		81		0		81		81		81		
81		81		81		81		81		0		0		81		81		0		81		81		81		81		81		81		81		81		81		0		0		81		0		81		0		81		0		0		0		81		81		81		81		81		81		0		81		0		81		81		81		0		81		81		0		81		0		81		81		81		81		81		81		81		0		81		81		81		0		81		81		81		81		81		81		81		81		0		0		81		81		81		81		0		81		81		0		81		0		81		
81		81		0		81		81		0		81		81		81		81		81		81		81		81		81		81		0		0		81		81		81		81		81		81		81		81		0		81		81		81		0		81		81		81		81		81		81		0		81		81		0		81		81		0		81		0		0		81		81		81		81		81		81		0		81		81		81		0		81		0		81		0		0		81		81		81		0		81		0		81		81		81		81		81		81		0		81		81		0		81		
81		0		0		81		81		81		81		81		81		0		0		81		0		81		81		0		81		81		0		81		81		81		81		81		81		0		81		81		81		81		81		0		0		81		0		81		81		81		81		81		81		81		81		81		81		0		0		81		0		81		81		81		0		81		81		81		0		81		81		81		81		81		81		0		81		0		0		81		81		81		81		81		0		81		0		81		0		81		81		0		
0		81		81		0		81		0		81		0		81		81		81		0		0		81		81		81		0		81		81		0		0		81		0		0		81		81		81		81		0		81		0		0		81		81		0		0		81		0		81		0		0		81		0		81		0		81		0		81		0		81		81		0		81		81		81		81		81		81		81		81		81		81		81		0		0		81		81		81		0		0		81		81		81		81		81		0		81		81		0		81		
0		0		81		81		81		0		81		81		81		0		0		0		81		81		81		81		81		81		81		81		0		81		0		81		0		81		0		0		81		0		81		81		81		81		0		0		81		81		0		81		0		81		81		81		81		81		81		81		81		81		0		81		81		81		81		81		81		81		81		81		81		81		81		0		81		81		81		81		81		0		81		0		0		81		81		81		81		0		81		81		
81		0		81		81		81		81		0		81		81		0		0		81		81		81		81		0		0		81		81		0		0		81		0		81		81		81		0		81		81		81		81		0		0		0		81		81		81		81		81		81		81		81		81		81		81		0		81		0		81		0		81		81		81		81		81		81		81		81		81		0		81		81		81		81		0		0		81		81		81		81		0		81		81		81		81		81		81		81		0		81		
81		81		81		0		81		81		81		81		0		81		81		0		0		81		81		81		81		0		0		81		81		81		81		0		0		81		81		0		81		0		81		81		81		81		81		81		0		81		0		0		81		81		0		81		81		81		81		0		81		81		81		81		81		81		81		81		81		81		81		81		81		81		0		81		0		0		81		0		81		0		0		0		0		81		81		0		81		81		81		81		
81		81		0		81		81		81		0		0		0		81		0		81		0		0		0		81		81		0		81		0		81		0		0		81		81		0		81		0		0		81		0		81		81		81		0		81		0		81		81		81		81		81		81		81		81		81		81		0		81		81		81		0		81		81		81		81		81		81		0		0		81		81		0		81		0		0		0		81		81		81		0		81		81		0		81		81		81		81		81		0		
81		81		81		0		0		81		81		81		81		81		0		81		81		81		0		81		81		0		0		81		0		81		81		81		0		0		0		0		81		0		0		0		0		0		0		81		0		81		81		81		81		81		81		0		81		81		81		81		81		81		0		81		81		81		81		81		81		81		81		81		81		81		81		81		81		81		81		0		0		81		0		0		0		81		81		0		0		0		0		81		
81		81		0		81		81		0		81		0		81		81		81		81		81		0		0		0		81		81		0		81		0		0		0		0		81		81		0		81		0		81		81		0		81		0		81		81		0		81		0		81		81		81		81		81		81		81		0		81		81		0		81		81		81		81		81		81		0		81		81		0		0		81		81		81		0		81		81		81		81		0		81		0		0		81		0		81		81		0		81		81		
0		81		81		0		0		81		81		81		81		81		81		81		81		81		0		81		81		81		81		81		81		81		81		81		81		81		81		81		0		81		0		0		0		81		81		81		0		81		81		81		81		81		0		0		81		81		81		81		81		81		0		81		81		81		0		81		0		81		0		81		81		0		81		0		81		81		81		81		81		81		81		0		81		0		0		0		81		81		81		0		
81		0		81		81		81		0		0		0		81		81		0		0		81		0		81		81		0		81		81		0		81		81		0		0		81		81		81		81		0		0		81		81		81		0		81		81		81		81		0		0		81		81		81		81		81		81		81		0		0		81		81		81		81		81		81		81		81		81		0		81		81		0		0		81		81		0		81		81		0		0		81		81		81		81		0		0		81		81		0		0		
0		81		81		0		81		81		81		81		0		0		81		81		0		81		81		81		0		81		81		81		81		81		0		0		0		81		0		81		81		81		0		81		81		81		0		0		0		81		0		81		81		0		0		81		0		81		0		81		81		81		0		81		81		81		81		81		81		81		81		0		0		81		81		81		81		0		81		0		0		81		81		0		81		81		81		0		81		81		81		0		
81		81		81		81		81		0		81		0		81		81		81		0		81		0		81		81		81		81		81		81		0		81		81		81		81		0		81		81		81		81		81		0		81		81		0		0		81		81		0		81		81		81		81		81		81		81		0		81		81		81		0		81		81		81		81		0		0		81		81		81		0		81		81		81		81		81		81		81		81		0		0		0		81		0		81		0		81		81		81		81		
81		0		81		81		81		0		81		0		81		81		0		0		81		81		81		0		81		0		81		81		0		81		0		81		0		81		81		0		81		0		81		81		0		81		0		81		81		0		0		81		81		0		0		81		0		81		81		81		81		81		81		0		0		0		81		81		81		81		81		0		81		81		81		81		81		0		0		0		0		0		0		81		81		81		81		81		0		0		0		0		
81		81		81		0		81		81		81		81		81		0		81		81		0		0		0		81		81		81		0		81		81		0		81		81		81		0		81		81		81		81		0		81		81		81		81		81		81		81		81		0		81		81		81		81		81		81		0		0		81		81		81		81		0		81		0		0		0		81		0		81		81		81		81		81		81		81		81		81		0		81		81		81		0		81		0		81		81		81		81		81		
81		81		81		81		81		81		0		0		81		81		0		81		81		81		81		81		81		81		81		0		81		81		81		81		0		81		81		81		81		0		0		81		81		81		0		0		81		81		81		0		81		81		81		0		81		81		81		81		0		81		81		0		81		81		0		0		0		81		81		81		0		0		81		0		81		81		0		81		81		81		81		81		0		81		81		81		81		0		0		0		
81		81		81		81		0		81		81		81		81		81		81		0		0		81		81		81		0		81		81		0		0		81		81		0		0		0		81		0		81		0		81		81		0		81		81		0		81		0		0		81		81		81		81		81		81		81		81		0		81		81		0		0		81		81		81		81		0		81		81		81		81		81		81		0		81		0		81		81		81		81		0		81		81		81		0		81		81		81		81		0		
81		0		0		81		81		0		81		81		0		81		81		0		0		81		81		81		0		0		81		0		81		81		81		81		81		0		81		0		81		81		81		81		81		0		0		81		81		81		81		81		81		81		81		81		81		0		0		81		81		0		81		81		81		81		81		0		81		0		81		81		81		0		81		0		81		81		81		81		81		0		81		81		0		0		0		0		0		81		81		81		
81		0		81		0		0		81		81		81		81		81		81		81		81		81		0		81		81		81		81		0		0		81		81		0		81		81		81		0		81		81		81		81		81		81		81		81		81		81		0		81		0		81		81		81		81		0		0		81		81		0		0		81		0		81		81		81		81		0		81		81		0		0		81		0		0		81		81		81		81		0		0		81		81		81		81		81		81		81		81		0		
0		81		81		81		81		81		0		0		81		0		0		81		81		81		0		81		81		0		0		81		81		81		81		81		0		81		81		81		0		0		81		81		81		0		81		81		0		81		81		81		81		81		81		81		81		81		0		81		81		81		81		81		0		0		81		0		81		81		0		81		0		81		0		0		81		81		81		0		0		81		0		81		81		81		81		81		81		0		0		81		
81		81		0		81		0		81		0		0		81		81		81		0		81		81		81		81		0		0		81		81		81		0		81		81		81		81		0		0		0		81		81		81		0		81		81		81		81		81		81		0		81		0		81		81		81		81		81		81		81		81		81		81		81		81		0		0		0		0		81		81		81		81		0		0		81		81		0		81		0		0		81		81		0		0		81		0		81		81		81		81		
0		81		81		81		0		81		81		0		0		81		81		81		0		0		0		0		81		81		81		81		81		81		81		0		0		81		81		0		0		81		81		81		81		81		0		81		81		81		81		81		81		81		81		0		81		81		0		0		0		81		81		81		81		0		81		0		81		0		0		0		81		0		0		81		81		81		81		81		81		81		81		81		0		0		81		0		81		0		81		81		
81		0		81		81		81		81		0		0		81		81		81		0		81		81		81		81		81		0		0		81		81		81		81		81		0		0		81		81		81		81		81		0		81		0		81		81		81		81		81		0		0		0		81		81		0		81		81		81		81		81		81		0		81		0		81		0		81		0		0		81		81		81		81		81		0		0		81		0		81		81		0		0		81		81		81		81		81		81		81		81		
81		81		81		81		81		81		0		81		81		0		81		81		81		81		0		81		0		81		0		0		81		81		81		81		0		0		81		81		81		81		0		0		81		81		0		81		81		81		81		81		81		81		81		81		0		81		0		81		81		0		81		81		81		81		81		81		0		81		81		0		81		81		0		81		81		81		81		0		81		81		0		0		81		81		0		81		0		81		81		81		
81		0		0		81		0		81		81		81		0		81		0		81		81		81		81		81		81		0		0		0		81		0		81		81		0		81		81		81		0		0		0		0		81		81		81		0		81		81		81		0		81		81		0		81		81		81		0		81		81		81		81		0		81		81		81		81		81		81		0		0		0		81		81		81		0		81		0		0		81		81		81		81		81		0		81		0		81		0		0		0		
81		81		81		81		81		0		81		81		81		81		81		81		0		0		0		81		81		0		0		81		81		81		0		81		81		81		0		81		0		81		0		0		81		81		0		81		0		81		81		81		81		81		81		81		81		81		81		0		81		81		0		81		0		81		81		0		81		0		81		0		0		0		0		81		81		81		81		0		81		81		0		0		81		81		0		81		81		81		81		81		
81		0		81		81		81		0		0		81		0		0		81		81		81		81		81		0		0		81		81		0		81		81		81		0		81		81		81		81		0		81		81		81		81		0		81		0		81		81		0		0		81		0		81		81		81		81		81		81		0		0		81		0		81		81		81		81		81		0		81		81		81		81		81		0		81		81		81		0		81		81		81		81		81		0		81		81		81		0		81		0		
81		81		81		81		81		81		81		81		81		81		81		81		81		81		0		81		0		81		81		81		0		81		81		0		81		81		81		81		81		81		0		0		81		0		81		0		81		0		81		81		81		81		81		0		81		81		81		0		81		81		81		81		81		0		81		81		81		0		0		81		81		81		81		0		81		0		81		81		81		0		81		0		81		81		0		81		0		81		81		81		
81		81		81		81		0		81		0		0		81		81		81		81		81		81		81		0		81		0		81		81		81		0		81		0		0		81		0		0		0		81		81		0		81		81		0		81		81		81		0		0		81		81		0		0		0		81		0		81		81		0		0		81		0		81		0		81		81		0		81		81		0		81		81		0		81		0		81		81		81		0		81		81		81		81		0		81		81		81		81		0		
0		81		0		81		81		81		81		81		81		81		0		81		0		81		81		0		81		81		81		0		81		81		81		0		81		81		81		81		0		0		81		81		81		0		81		81		0		81		81		0		81		81		81		0		81		81		81		81		81		81		81		0		81		81		81		81		0		81		81		0		0		0		81		0		81		0		0		81		0		81		81		81		81		81		0		81		0		81		0		81		
NDC Pairs
< 1		2 >
< 1		3 >
< 1		5 >
< 1		9 >
< 1		10 >
< 1		12 >
< 1		13 >
< 1		14 >
< 1		16 >
< 1		18 >
< 1		19 >
< 1		21 >
< 1		23 >
< 1		25 >
< 1		28 >
< 1		29 >
< 1		31 >
< 1		32 >
< 1		33 >
< 1		35 >
< 1		36 >
< 1		37 >
< 1		38 >
< 1		39 >
< 1		40 >
< 1		41 >
< 1		42 >
< 1		43 >
< 1		44 >
< 1		45 >
< 1		48 >
< 1		49 >
< 1		50 >
< 1		51 >
< 1		52 >
< 1		55 >
< 1		56 >
< 1		57 >
< 1		58 >
< 1		59 >
< 1		61 >
< 1		63 >
< 1		64 >
< 1		65 >
< 1		66 >
< 1		67 >
< 1		68 >
< 1		69 >
< 1		71 >
< 1		73 >
< 1		74 >
< 1		75 >
< 1		76 >
< 1		77 >
< 1		78 >
< 1		79 >
< 2		3 >
< 2		4 >
< 2		5 >
< 2		6 >
< 2		7 >
< 2		8 >
< 2		9 >
< 2		10 >
< 2		11 >
< 2		12 >
< 2		13 >
< 2		14 >
< 2		15 >
< 2		17 >
< 2		20 >
< 2		21 >
< 2		22 >
< 2		23 >
< 2		24 >
< 2		25 >
< 2		26 >
< 2		28 >
< 2		29 >
< 2		30 >
< 2		31 >
< 2		34 >
< 2		35 >
< 2		37 >
< 2		38 >
< 2		39 >
< 2		41 >
< 2		42 >
< 2		45 >
< 2		47 >
< 2		49 >
< 2		50 >
< 2		51 >
< 2		53 >
< 2		56 >
< 2		57 >
< 2		58 >
< 2		59 >
< 2		60 >
< 2		62 >
< 2		63 >
< 2		65 >
< 2		66 >
< 2		67 >
< 2		70 >
< 2		71 >
< 2		72 >
< 2		74 >
< 2		76 >
< 2		78 >
< 2		79 >
< 2		80 >
< 3		4 >
< 3		5 >
< 3		6 >
< 3		9 >
< 3		10 >
< 3		11 >
< 3		12 >
< 3		14 >
< 3		17 >
< 3		18 >
< 3		19 >
< 3		20 >
< 3		21 >
< 3		22 >
< 3		25 >
< 3		27 >
< 3		28 >
< 3		29 >
< 3		32 >
< 3		33 >
< 3		37 >
< 3		39 >
< 3		40 >
< 3		41 >
< 3		42 >
< 3		43 >
< 3		44 >
< 3		45 >
< 3		46 >
< 3		48 >
< 3		49 >
< 3		50 >
< 3		53 >
< 3		54 >
< 3		55 >
< 3		56 >
< 3		58 >
< 3		60 >
< 3		61 >
< 3		62 >
< 3		63 >
< 3		64 >
< 3		65 >
< 3		66 >
< 3		67 >
< 3		69 >
< 3		70 >
< 3		72 >
< 3		73 >
< 3		74 >
< 3		76 >
< 3		77 >
< 3		78 >
< 3		79 >
< 4		5 >
< 4		6 >
< 4		11 >
< 4		12 >
< 4		17 >
< 4		18 >
< 4		19 >
< 4		20 >
< 4		21 >
< 4		22 >
< 4		23 >
< 4		26 >
< 4		27 >
< 4		28 >
< 4		29 >
< 4		31 >
< 4		32 >
< 4		33 >
< 4		34 >
< 4		35 >
< 4		37 >
< 4		38 >
< 4		39 >
< 4		40 >
< 4		41 >
< 4		45 >
< 4		47 >
< 4		50 >
< 4		51 >
< 4		52 >
< 4		54 >
< 4		55 >
< 4		57 >
< 4		59 >
< 4		61 >
< 4		63 >
< 4		64 >
< 4		66 >
< 4		67 >
< 4		68 >
< 4		70 >
< 4		71 >
< 4		72 >
< 4		73 >
< 4		74 >
< 4		75 >
< 4		76 >
< 4		77 >
< 4		78 >
< 4		79 >
< 4		80 >
< 5		6 >
< 5		7 >
< 5		10 >
< 5		14 >
< 5		15 >
< 5		17 >
< 5		18 >
< 5		20 >
< 5		25 >
< 5		26 >
< 5		29 >
< 5		30 >
< 5		31 >
< 5		32 >
< 5		38 >
< 5		39 >
< 5		41 >
< 5		43 >
< 5		44 >
< 5		45 >
< 5		46 >
< 5		47 >
< 5		48 >
< 5		49 >
< 5		50 >
< 5		51 >
< 5		52 >
< 5		53 >
< 5		54 >
< 5		55 >
< 5		56 >
< 5		57 >
< 5		59 >
< 5		61 >
< 5		62 >
< 5		63 >
< 5		64 >
< 5		65 >
< 5		66 >
< 5		68 >
< 5		70 >
< 5		73 >
< 5		74 >
< 5		76 >
< 5		77 >
< 5		78 >
< 5		80 >
< 6		7 >
< 6		8 >
< 6		9 >
< 6		11 >
< 6		12 >
< 6		15 >
< 6		16 >
< 6		17 >
< 6		19 >
< 6		22 >
< 6		23 >
< 6		24 >
< 6		25 >
< 6		27 >
< 6		28 >
< 6		29 >
< 6		30 >
< 6		32 >
< 6		34 >
< 6		35 >
< 6		36 >
< 6		38 >
< 6		39 >
< 6		40 >
< 6		42 >
< 6		44 >
< 6		45 >
< 6		46 >
< 6		47 >
< 6		48 >
< 6		52 >
< 6		55 >
< 6		56 >
< 6		57 >
< 6		58 >
< 6		60 >
< 6		62 >
< 6		65 >
< 6		66 >
< 6		67 >
< 6		69 >
< 6		70 >
< 6		71 >
< 6		72 >
< 6		73 >
< 6		74 >
< 6		75 >
< 6		78 >
< 6		79 >
< 6		80 >
< 7		9 >
< 7		10 >
< 7		11 >
< 7		12 >
< 7		13 >
< 7		14 >
< 7		16 >
< 7		17 >
< 7		19 >
< 7		21 >
< 7		22 >
< 7		23 >
< 7		24 >
< 7		27 >
< 7		28 >
< 7		30 >
< 7		32 >
< 7		33 >
< 7		35 >
< 7		36 >
< 7		37 >
< 7		40 >
< 7		41 >
< 7		42 >
< 7		44 >
< 7		45 >
< 7		46 >
< 7		47 >
< 7		48 >
< 7		49 >
< 7		51 >
< 7		52 >
< 7		53 >
< 7		54 >
< 7		56 >
< 7		58 >
< 7		59 >
< 7		60 >
< 7		62 >
< 7		63 >
< 7		64 >
< 7		65 >
< 7		67 >
< 7		68 >
< 7		69 >
< 7		72 >
< 7		75 >
< 7		76 >
< 7		78 >
< 7		80 >
< 8		9 >
< 8		10 >
< 8		11 >
< 8		12 >
< 8		13 >
< 8		15 >
< 8		18 >
< 8		19 >
< 8		20 >
< 8		21 >
< 8		22 >
< 8		23 >
< 8		24 >
< 8		26 >
< 8		27 >
< 8		28 >
< 8		29 >
< 8		30 >
< 8		31 >
< 8		32 >
< 8		33 >
< 8		34 >
< 8		35 >
< 8		38 >
< 8		39 >
< 8		40 >
< 8		41 >
< 8		42 >
< 8		43 >
< 8		44 >
< 8		46 >
< 8		49 >
< 8		50 >
< 8		51 >
< 8		52 >
< 8		54 >
< 8		55 >
< 8		56 >
< 8		58 >
< 8		60 >
< 8		62 >
< 8		65 >
< 8		67 >
< 8		68 >
< 8		69 >
< 8		74 >
< 8		75 >
< 8		76 >
< 8		77 >
< 8		78 >
< 8		80 >
< 9		10 >
< 9		11 >
< 9		12 >
< 9		16 >
< 9		18 >
< 9		20 >
< 9		21 >
< 9		24 >
< 9		26 >
< 9		28 >
< 9		29 >
< 9		31 >
< 9		32 >
< 9		33 >
< 9		35 >
< 9		36 >
< 9		37 >
< 9		38 >
< 9		39 >
< 9		43 >
< 9		44 >
< 9		47 >
< 9		48 >
< 9		49 >
< 9		50 >
< 9		51 >
< 9		52 >
< 9		53 >
< 9		54 >
< 9		55 >
< 9		58 >
< 9		59 >
< 9		60 >
< 9		61 >
< 9		63 >
< 9		64 >
< 9		65 >
< 9		66 >
< 9		67 >
< 9		69 >
< 9		70 >
< 9		71 >
< 9		73 >
< 9		74 >
< 9		76 >
< 9		78 >
< 9		79 >
< 9		80 >
< 10		12 >
< 10		13 >
< 10		14 >
< 10		16 >
< 10		17 >
< 10		18 >
< 10		19 >
< 10		22 >
< 10		23 >
< 10		24 >
< 10		26 >
< 10		27 >
< 10		28 >
< 10		30 >
< 10		31 >
< 10		32 >
< 10		33 >
< 10		34 >
< 10		35 >
< 10		36 >
< 10		37 >
< 10		38 >
< 10		39 >
< 10		40 >
< 10		41 >
< 10		42 >
< 10		43 >
< 10		44 >
< 10		48 >
< 10		49 >
< 10		51 >
< 10		53 >
< 10		56 >
< 10		57 >
< 10		58 >
< 10		59 >
< 10		60 >
< 10		61 >
< 10		63 >
< 10		64 >
< 10		66 >
< 10		67 >
< 10		68 >
< 10		69 >
< 10		71 >
< 10		72 >
< 10		73 >
< 10		75 >
< 10		76 >
< 10		78 >
< 10		79 >
< 10		80 >
< 11		12 >
< 11		14 >
< 11		16 >
< 11		18 >
< 11		19 >
< 11		20 >
< 11		21 >
< 11		23 >
< 11		24 >
< 11		26 >
< 11		28 >
< 11		29 >
< 11		30 >
< 11		32 >
< 11		34 >
< 11		35 >
< 11		37 >
< 11		38 >
< 11		39 >
< 11		40 >
< 11		41 >
< 11		42 >
< 11		43 >
< 11		44 >
< 11		45 >
< 11		46 >
< 11		48 >
< 11		50 >
< 11		51 >
< 11		53 >
< 11		56 >
< 11		59 >
< 11		60 >
< 11		62 >
< 11		63 >
< 11		65 >
< 11		67 >
< 11		68 >
< 11		69 >
< 11		71 >
< 11		72 >
< 11		73 >
< 11		74 >
< 11		76 >
< 11		77 >
< 11		78 >
< 11		79 >
< 12		14 >
< 12		15 >
< 12		16 >
< 12		17 >
< 12		18 >
< 12		19 >
< 12		20 >
< 12		21 >
< 12		22 >
< 12		25 >
< 12		26 >
< 12		27 >
< 12		28 >
< 12		29 >
< 12		30 >
< 12		31 >
< 12		32 >
< 12		34 >
< 12		35 >
< 12		36 >
< 12		37 >
< 12		38 >
< 12		39 >
< 12		41 >
< 12		42 >
< 12		43 >
< 12		45 >
< 12		46 >
< 12		48 >
< 12		49 >
< 12		50 >
< 12		51 >
< 12		52 >
< 12		55 >
< 12		57 >
< 12		58 >
< 12		59 >
< 12		60 >
< 12		62 >
< 12		65 >
< 12		66 >
< 12		69 >
< 12		70 >
< 12		72 >
< 12		74 >
< 12		75 >
< 12		76 >
< 12		77 >
< 12		78 >
< 12		79 >
< 12		80 >
< 13		14 >
< 13		15 >
< 13		17 >
< 13		18 >
< 13		19 >
< 13		21 >
< 13		23 >
< 13		25 >
< 13		26 >
< 13		27 >
< 13		28 >
< 13		29 >
< 13		30 >
< 13		31 >
< 13		32 >
< 13		36 >
< 13		37 >
< 13		38 >
< 13		39 >
< 13		40 >
< 13		42 >
< 13		43 >
< 13		45 >
< 13		46 >
< 13		48 >
< 13		49 >
< 13		50 >
< 13		51 >
< 13		54 >
< 13		55 >
< 13		58 >
< 13		59 >
< 13		60 >
< 13		61 >
< 13		63 >
< 13		64 >
< 13		66 >
< 13		69 >
< 13		70 >
< 13		71 >
< 13		73 >
< 13		74 >
< 13		75 >
< 13		77 >
< 13		78 >
< 13		79 >
< 14		15 >
< 14		16 >
< 14		20 >
< 14		21 >
< 14		23 >
< 14		24 >
< 14		25 >
< 14		27 >
< 14		30 >
< 14		32 >
< 14		34 >
< 14		35 >
< 14		37 >
< 14		38 >
< 14		39 >
< 14		41 >
< 14		43 >
< 14		44 >
< 14		45 >
< 14		46 >
< 14		47 >
< 14		48 >
< 14		49 >
< 14		50 >
< 14		51 >
< 14		52 >
< 14		53 >
< 14		54 >
< 14		55 >
< 14		56 >
< 14		58 >
< 14		60 >
< 14		62 >
< 14		64 >
< 14		66 >
< 14		67 >
< 14		68 >
< 14		69 >
< 14		70 >
< 14		71 >
< 14		73 >
< 14		74 >
< 14		75 >
< 14		77 >
< 14		78 >
< 14		79 >
< 14		80 >
< 15		16 >
< 15		18 >
< 15		20 >
< 15		22 >
< 15		23 >
< 15		24 >
< 15		25 >
< 15		26 >
< 15		28 >
< 15		34 >
< 15		36 >
< 15		37 >
< 15		38 >
< 15		39 >
< 15		40 >
< 15		41 >
< 15		42 >
< 15		43 >
< 15		46 >
< 15		47 >
< 15		48 >
< 15		49 >
< 15		50 >
< 15		51 >
< 15		52 >
< 15		53 >
< 15		54 >
< 15		55 >
< 15		56 >
< 15		61 >
< 15		62 >
< 15		63 >
< 15		64 >
< 15		66 >
< 15		67 >
< 15		68 >
< 15		71 >
< 15		73 >
< 15		75 >
< 15		77 >
< 15		79 >
< 15		80 >
< 16		17 >
< 16		21 >
< 16		23 >
< 16		24 >
< 16		26 >
< 16		27 >
< 16		28 >
< 16		29 >
< 16		30 >
< 16		31 >
< 16		32 >
< 16		33 >
< 16		34 >
< 16		35 >
< 16		37 >
< 16		40 >
< 16		41 >
< 16		42 >
< 16		43 >
< 16		45 >
< 16		46 >
< 16		49 >
< 16		50 >
< 16		51 >
< 16		53 >
< 16		54 >
< 16		56 >
< 16		57 >
< 16		58 >
< 16		60 >
< 16		61 >
< 16		62 >
< 16		63 >
< 16		65 >
< 16		66 >
< 16		67 >
< 16		68 >
< 16		69 >
< 16		70 >
< 16		71 >
< 16		73 >
< 16		74 >
< 16		75 >
< 16		76 >
< 16		78 >
< 17		18 >
< 17		19 >
< 17		20 >
< 17		21 >
< 17		22 >
< 17		23 >
< 17		24 >
< 17		25 >
< 17		26 >
< 17		27 >
< 17		28 >
< 17		29 >
< 17		30 >
< 17		31 >
< 17		32 >
< 17		34 >
< 17		36 >
< 17		38 >
< 17		39 >
< 17		41 >
< 17		43 >
< 17		44 >
< 17		46 >
< 17		47 >
< 17		48 >
< 17		49 >
< 17		50 >
< 17		52 >
< 17		54 >
< 17		56 >
< 17		57 >
< 17		58 >
< 17		59 >
< 17		60 >
< 17		63 >
< 17		64 >
< 17		65 >
< 17		66 >
< 17		69 >
< 17		70 >
< 17		72 >
< 17		73 >
< 17		75 >
< 17		76 >
< 17		79 >
< 17		80 >
< 18		20 >
< 18		22 >
< 18		23 >
< 18		24 >
< 18		25 >
< 18		26 >
< 18		28 >
< 18		29 >
< 18		31 >
< 18		32 >
< 18		33 >
< 18		34 >
< 18		35 >
< 18		37 >
< 18		39 >
< 18		40 >
< 18		41 >
< 18		43 >
< 18		45 >
< 18		47 >
< 18		50 >
< 18		52 >
< 18		53 >
< 18		54 >
< 18		55 >
< 18		59 >
< 18		60 >
< 18		61 >
< 18		62 >
< 18		63 >
< 18		65 >
< 18		66 >
< 18		67 >
< 18		69 >
< 18		72 >
< 18		74 >
< 18		77 >
< 18		78 >
< 18		80 >
< 19		20 >
< 19		21 >
< 19		22 >
< 19		23 >
< 19		25 >
< 19		26 >
< 19		27 >
< 19		32 >
< 19		33 >
< 19		34 >
< 19		35 >
< 19		37 >
< 19		38 >
< 19		39 >
< 19		40 >
< 19		41 >
< 19		43 >
< 19		44 >
< 19		45 >
< 19		46 >
< 19		49 >
< 19		50 >
< 19		51 >
< 19		53 >
< 19		54 >
< 19		55 >
< 19		57 >
< 19		60 >
< 19		61 >
< 19		62 >
< 19		63 >
< 19		64 >
< 19		66 >
< 19		67 >
< 19		68 >
< 19		69 >
< 19		71 >
< 19		72 >
< 19		77 >
< 19		78 >
< 19		79 >
< 19		80 >
< 20		22 >
< 20		24 >
< 20		26 >
< 20		28 >
< 20		29 >
< 20		31 >
< 20		32 >
< 20		33 >
< 20		35 >
< 20		36 >
< 20		37 >
< 20		39 >
< 20		40 >
< 20		41 >
< 20		42 >
< 20		43 >
< 20		44 >
< 20		45 >
< 20		48 >
< 20		49 >
< 20		51 >
< 20		52 >
< 20		54 >
< 20		56 >
< 20		58 >
< 20		59 >
< 20		60 >
< 20		62 >
< 20		63 >
< 20		64 >
< 20		65 >
< 20		70 >
< 20		71 >
< 20		72 >
< 20		73 >
< 20		76 >
< 20		78 >
< 20		79 >
< 21		22 >
< 21		23 >
< 21		24 >
< 21		25 >
< 21		26 >
< 21		27 >
< 21		28 >
< 21		31 >
< 21		32 >
< 21		34 >
< 21		35 >
< 21		36 >
< 21		37 >
< 21		38 >
< 21		40 >
< 21		41 >
< 21		42 >
< 21		44 >
< 21		45 >
< 21		46 >
< 21		47 >
< 21		48 >
< 21		51 >
< 21		52 >
< 21		56 >
< 21		57 >
< 21		60 >
< 21		61 >
< 21		62 >
< 21		65 >
< 21		66 >
< 21		68 >
< 21		70 >
< 21		71 >
< 21		72 >
< 21		73 >
< 21		74 >
< 21		75 >
< 21		76 >
< 21		77 >
< 21		79 >
< 21		80 >
< 22		23 >
< 22		26 >
< 22		27 >
< 22		28 >
< 22		29 >
< 22		30 >
< 22		31 >
< 22		32 >
< 22		35 >
< 22		36 >
< 22		39 >
< 22		40 >
< 22		41 >
< 22		42 >
< 22		43 >
< 22		44 >
< 22		45 >
< 22		46 >
< 22		47 >
< 22		50 >
< 22		51 >
< 22		52 >
< 22		53 >
< 22		54 >
< 22		55 >
< 22		56 >
< 22		58 >
< 22		60 >
< 22		61 >
< 22		62 >
< 22		63 >
< 22		64 >
< 22		66 >
< 22		67 >
< 22		68 >
< 22		69 >
< 22		70 >
< 22		72 >
< 22		73 >
< 22		74 >
< 22		76 >
< 22		77 >
< 22		78 >
< 22		80 >
< 23		26 >
< 23		28 >
< 23		30 >
< 23		31 >
< 23		33 >
< 23		35 >
< 23		36 >
< 23		38 >
< 23		40 >
< 23		42 >
< 23		43 >
< 23		44 >
< 23		45 >
< 23		46 >
< 23		47 >
< 23		48 >
< 23		49 >
< 23		51 >
< 23		52 >
< 23		56 >
< 23		58 >
< 23		60 >
< 23		63 >
< 23		65 >
< 23		66 >
< 23		67 >
< 23		68 >
< 23		69 >
< 23		70 >
< 23		71 >
< 23		72 >
< 23		73 >
< 23		74 >
< 23		75 >
< 23		77 >
< 23		78 >
< 23		79 >
< 23		80 >
< 24		27 >
< 24		28 >
< 24		29 >
< 24		31 >
< 24		34 >
< 24		35 >
< 24		36 >
< 24		37 >
< 24		38 >
< 24		40 >
< 24		42 >
< 24		43 >
< 24		44 >
< 24		45 >
< 24		46 >
< 24		47 >
< 24		48 >
< 24		49 >
< 24		50 >
< 24		51 >
< 24		52 >
< 24		54 >
< 24		55 >
< 24		57 >
< 24		58 >
< 24		60 >
< 24		63 >
< 24		64 >
< 24		65 >
< 24		66 >
< 24		68 >
< 24		70 >
< 24		71 >
< 24		73 >
< 24		74 >
< 24		75 >
< 24		76 >
< 25		26 >
< 25		27 >
< 25		28 >
< 25		29 >
< 25		31 >
< 25		33 >
< 25		34 >
< 25		36 >
< 25		37 >
< 25		38 >
< 25		40 >
< 25		41 >
< 25		42 >
< 25		43 >
< 25		45 >
< 25		48 >
< 25		51 >
< 25		52 >
< 25		53 >
< 25		55 >
< 25		57 >
< 25		59 >
< 25		60 >
< 25		61 >
< 25		63 >
< 25		65 >
< 25		68 >
< 25		69 >
< 25		71 >
< 25		76 >
< 25		77 >
< 25		78 >
< 25		80 >
< 26		27 >
< 26		29 >
< 26		33 >
< 26		34 >
< 26		36 >
< 26		39 >
< 26		40 >
< 26		42 >
< 26		43 >
< 26		44 >
< 26		45 >
< 26		46 >
< 26		47 >
< 26		48 >
< 26		50 >
< 26		51 >
< 26		53 >
< 26		54 >
< 26		55 >
< 26		56 >
< 26		59 >
< 26		60 >
< 26		61 >
< 26		62 >
< 26		64 >
< 26		66 >
< 26		69 >
< 26		70 >
< 26		71 >
< 26		72 >
< 26		75 >
< 26		76 >
< 26		77 >
< 26		78 >
< 26		79 >
< 26		80 >
< 27		28 >
< 27		30 >
< 27		31 >
< 27		34 >
< 27		35 >
< 27		36 >
< 27		38 >
< 27		39 >
< 27		42 >
< 27		44 >
< 27		45 >
< 27		48 >
< 27		49 >
< 27		52 >
< 27		53 >
< 27		56 >
< 27		57 >
< 27		60 >
< 27		61 >
< 27		63 >
< 27		64 >
< 27		65 >
< 27		66 >
< 27		67 >
< 27		68 >
< 27		69 >
< 27		70 >
< 27		72 >
< 27		73 >
< 27		74 >
< 27		75 >
< 27		77 >
< 27		78 >
< 27		80 >
< 28		29 >
< 28		32 >
< 28		33 >
< 28		34 >
< 28		37 >
< 28		39 >
< 28		40 >
< 28		41 >
< 28		42 >
< 28		43 >
< 28		45 >
< 28		46 >
< 28		47 >
< 28		48 >
< 28		51 >
< 28		52 >
< 28		53 >
< 28		55 >
< 28		59 >
< 28		60 >
< 28		61 >
< 28		62 >
< 28		63 >
< 28		65 >
< 28		66 >
< 28		70 >
< 28		73 >
< 28		74 >
< 28		75 >
< 28		76 >
< 28		77 >
< 28		78 >
< 28		80 >
< 29		31 >
< 29		35 >
< 29		36 >
< 29		38 >
< 29		39 >
< 29		41 >
< 29		42 >
< 29		43 >
< 29		48 >
< 29		51 >
< 29		52 >
< 29		54 >
< 29		55 >
< 29		56 >
< 29		58 >
< 29		62 >
< 29		63 >
< 29		64 >
< 29		65 >
< 29		66 >
< 29		67 >
< 29		68 >
< 29		69 >
< 29		73 >
< 29		74 >
< 29		78 >
< 30		31 >
< 30		33 >
< 30		35 >
< 30		36 >
< 30		37 >
< 30		39 >
< 30		40 >
< 30		42 >
< 30		44 >
< 30		46 >
< 30		47 >
< 30		48 >
< 30		49 >
< 30		50 >
< 30		51 >
< 30		52 >
< 30		53 >
< 30		55 >
< 30		57 >
< 30		59 >
< 30		60 >
< 30		62 >
< 30		63 >
< 30		65 >
< 30		68 >
< 30		69 >
< 30		71 >
< 30		72 >
< 30		73 >
< 30		74 >
< 30		76 >
< 30		77 >
< 30		78 >
< 30		79 >
< 31		32 >
< 31		33 >
< 31		34 >
< 31		38 >
< 31		40 >
< 31		41 >
< 31		42 >
< 31		43 >
< 31		44 >
< 31		45 >
< 31		47 >
< 31		48 >
< 31		49 >
< 31		50 >
< 31		52 >
< 31		54 >
< 31		55 >
< 31		56 >
< 31		59 >
< 31		61 >
< 31		63 >
< 31		64 >
< 31		67 >
< 31		68 >
< 31		69 >
< 31		70 >
< 31		71 >
< 31		72 >
< 31		73 >
< 31		77 >
< 31		79 >
< 31		80 >
< 32		37 >
< 32		38 >
< 32		39 >
< 32		40 >
< 32		41 >
< 32		42 >
< 32		43 >
< 32		47 >
< 32		48 >
< 32		49 >
< 32		50 >
< 32		51 >
< 32		54 >
< 32		56 >
< 32		57 >
< 32		61 >
< 32		62 >
< 32		64 >
< 32		65 >
< 32		66 >
< 32		67 >
< 32		68 >
< 32		69 >
< 32		70 >
< 32		71 >
< 32		72 >
< 32		77 >
< 32		80 >
< 33		34 >
< 33		35 >
< 33		37 >
< 33		39 >
< 33		40 >
< 33		41 >
< 33		42 >
< 33		43 >
< 33		44 >
< 33		47 >
< 33		49 >
< 33		50 >
< 33		51 >
< 33		53 >
< 33		54 >
< 33		56 >
< 33		57 >
< 33		59 >
< 33		61 >
< 33		62 >
< 33		63 >
< 33		65 >
< 33		66 >
< 33		68 >
< 33		69 >
< 33		70 >
< 33		72 >
< 33		73 >
< 33		74 >
< 33		75 >
< 33		76 >
< 33		77 >
< 33		78 >
< 33		79 >
< 33		80 >
< 34		36 >
< 34		37 >
< 34		38 >
< 34		40 >
< 34		41 >
< 34		42 >
< 34		43 >
< 34		45 >
< 34		48 >
< 34		49 >
< 34		50 >
< 34		51 >
< 34		52 >
< 34		53 >
< 34		54 >
< 34		56 >
< 34		57 >
< 34		60 >
< 34		62 >
< 34		63 >
< 34		64 >
< 34		65 >
< 34		66 >
< 34		67 >
< 34		69 >
< 34		71 >
< 34		72 >
< 34		74 >
< 34		75 >
< 34		76 >
< 34		79 >
< 35		36 >
< 35		37 >
< 35		38 >
< 35		39 >
< 35		40 >
< 35		44 >
< 35		45 >
< 35		48 >
< 35		49 >
< 35		50 >
< 35		51 >
< 35		55 >
< 35		56 >
< 35		59 >
< 35		60 >
< 35		61 >
< 35		65 >
< 35		67 >
< 35		69 >
< 35		70 >
< 35		71 >
< 35		73 >
< 35		75 >
< 35		77 >
< 35		78 >
< 35		80 >
< 36		37 >
< 36		38 >
< 36		39 >
< 36		40 >
< 36		41 >
< 36		42 >
< 36		43 >
< 36		44 >
< 36		45 >
< 36		46 >
< 36		47 >
< 36		49 >
< 36		51 >
< 36		52 >
< 36		55 >
< 36		56 >
< 36		57 >
< 36		58 >
< 36		59 >
< 36		60 >
< 36		61 >
< 36		64 >
< 36		65 >
< 36		68 >
< 36		69 >
< 36		70 >
< 36		71 >
< 36		72 >
< 36		73 >
< 36		74 >
< 36		76 >
< 36		79 >
< 36		80 >
< 37		38 >
< 37		39 >
< 37		41 >
< 37		42 >
< 37		43 >
< 37		45 >
< 37		46 >
< 37		48 >
< 37		50 >
< 37		51 >
< 37		52 >
< 37		53 >
< 37		54 >
< 37		55 >
< 37		61 >
< 37		63 >
< 37		64 >
< 37		65 >
< 37		66 >
< 37		67 >
< 37		68 >
< 37		69 >
< 37		71 >
< 37		72 >
< 37		73 >
< 37		74 >
< 37		75 >
< 37		77 >
< 37		78 >
< 37		79 >
< 38		39 >
< 38		41 >
< 38		42 >
< 38		43 >
< 38		49 >
< 38		52 >
< 38		54 >
< 38		55 >
< 38		56 >
< 38		57 >
< 38		58 >
< 38		59 >
< 38		60 >
< 38		61 >
< 38		62 >
< 38		63 >
< 38		65 >
< 38		66 >
< 38		68 >
< 38		69 >
< 38		70 >
< 38		71 >
< 38		72 >
< 38		73 >
< 38		74 >
< 38		75 >
< 38		76 >
< 38		77 >
< 38		79 >
< 38		80 >
< 39		40 >
< 39		42 >
< 39		43 >
< 39		46 >
< 39		50 >
< 39		51 >
< 39		52 >
< 39		53 >
< 39		55 >
< 39		57 >
< 39		58 >
< 39		60 >
< 39		65 >
< 39		66 >
< 39		68 >
< 39		70 >
< 39		71 >
< 39		72 >
< 39		73 >
< 39		74 >
< 39		75 >
< 39		76 >
< 39		78 >
< 39		80 >
< 40		41 >
< 40		43 >
< 40		44 >
< 40		47 >
< 40		48 >
< 40		49 >
< 40		50 >
< 40		51 >
< 40		52 >
< 40		54 >
< 40		55 >
< 40		57 >
< 40		58 >
< 40		59 >
< 40		60 >
< 40		62 >
< 40		63 >
< 40		64 >
< 40		67 >
< 40		68 >
< 40		69 >
< 40		70 >
< 40		72 >
< 40		74 >
< 40		76 >
< 40		78 >
< 41		42 >
< 41		44 >
< 41		45 >
< 41		48 >
< 41		49 >
< 41		50 >
< 41		52 >
< 41		55 >
< 41		56 >
< 41		57 >
< 41		58 >
< 41		59 >
< 41		60 >
< 41		61 >
< 41		62 >
< 41		63 >
< 41		64 >
< 41		65 >
< 41		66 >
< 41		67 >
< 41		68 >
< 41		70 >
< 41		71 >
< 41		72 >
< 41		74 >
< 41		75 >
< 41		76 >
< 41		77 >
< 41		78 >
< 41		79 >
< 41		80 >
< 42		43 >
< 42		45 >
< 42		47 >
< 42		48 >
< 42		49 >
< 42		51 >
< 42		52 >
< 42		53 >
< 42		54 >
< 42		55 >
< 42		56 >
< 42		57 >
< 42		58 >
< 42		59 >
< 42		60 >
< 42		61 >
< 42		63 >
< 42		65 >
< 42		66 >
< 42		67 >
< 42		68 >
< 42		69 >
< 42		70 >
< 42		72 >
< 42		74 >
< 42		75 >
< 42		76 >
< 42		78 >
< 42		79 >
< 42		80 >
< 43		44 >
< 43		45 >
< 43		49 >
< 43		50 >
< 43		51 >
< 43		52 >
< 43		54 >
< 43		55 >
< 43		57 >
< 43		58 >
< 43		59 >
< 43		61 >
< 43		63 >
< 43		65 >
< 43		66 >
< 43		67 >
< 43		68 >
< 43		69 >
< 43		70 >
< 43		71 >
< 43		72 >
< 43		73 >
< 43		74 >
< 43		76 >
< 43		77 >
< 43		78 >
< 43		80 >
< 44		45 >
< 44		46 >
< 44		49 >
< 44		50 >
< 44		52 >
< 44		53 >
< 44		54 >
< 44		55 >
< 44		56 >
< 44		57 >
< 44		59 >
< 44		61 >
< 44		62 >
< 44		63 >
< 44		64 >
< 44		65 >
< 44		67 >
< 44		68 >
< 44		69 >
< 44		70 >
< 44		71 >
< 44		73 >
< 44		74 >
< 44		75 >
< 44		76 >
< 44		77 >
< 45		46 >
< 45		47 >
< 45		49 >
< 45		51 >
< 45		52 >
< 45		54 >
< 45		55 >
< 45		56 >
< 45		57 >
< 45		58 >
< 45		59 >
< 45		60 >
< 45		61 >
< 45		63 >
< 45		65 >
< 45		66 >
< 45		67 >
< 45		68 >
< 45		69 >
< 45		70 >
< 45		71 >
< 45		72 >
< 45		75 >
< 45		76 >
< 45		77 >
< 45		78 >
< 45		80 >
< 46		47 >
< 46		48 >
< 46		49 >
< 46		50 >
< 46		53 >
< 46		54 >
< 46		56 >
< 46		57 >
< 46		58 >
< 46		59 >
< 46		60 >
< 46		61 >
< 46		62 >
< 46		63 >
< 46		64 >
< 46		65 >
< 46		66 >
< 46		67 >
< 46		70 >
< 46		71 >
< 46		72 >
< 46		73 >
< 46		74 >
< 46		75 >
< 46		76 >
< 46		77 >
< 46		78 >
< 46		79 >
< 46		80 >
< 47		48 >
< 47		54 >
< 47		55 >
< 47		56 >
< 47		57 >
< 47		58 >
< 47		60 >
< 47		61 >
< 47		64 >
< 47		66 >
< 47		67 >
< 47		71 >
< 47		73 >
< 47		76 >
< 47		77 >
< 47		78 >
< 47		80 >
< 48		50 >
< 48		51 >
< 48		52 >
< 48		53 >
< 48		54 >
< 48		58 >
< 48		59 >
< 48		60 >
< 48		62 >
< 48		63 >
< 48		64 >
< 48		66 >
< 48		68 >
< 48		69 >
< 48		70 >
< 48		71 >
< 48		73 >
< 48		74 >
< 48		75 >
< 48		77 >
< 48		79 >
< 48		80 >
< 49		50 >
< 49		51 >
< 49		54 >
< 49		55 >
< 49		56 >
< 49		57 >
< 49		58 >
< 49		59 >
< 49		60 >
< 49		62 >
< 49		63 >
< 49		64 >
< 49		65 >
< 49		67 >
< 49		68 >
< 49		69 >
< 49		70 >
< 49		71 >
< 49		73 >
< 49		74 >
< 49		75 >
< 49		76 >
< 49		78 >
< 49		79 >
< 49		80 >
< 50		51 >
< 50		52 >
< 50		53 >
< 50		54 >
< 50		56 >
< 50		57 >
< 50		58 >
< 50		60 >
< 50		61 >
< 50		62 >
< 50		63 >
< 50		64 >
< 50		65 >
< 50		66 >
< 50		67 >
< 50		70 >
< 50		71 >
< 50		72 >
< 50		73 >
< 50		75 >
< 50		76 >
< 50		78 >
< 50		80 >
< 51		52 >
< 51		53 >
< 51		55 >
< 51		56 >
< 51		57 >
< 51		59 >
< 51		61 >
< 51		64 >
< 51		65 >
< 51		66 >
< 51		68 >
< 51		70 >
< 51		71 >
< 51		72 >
< 51		73 >
< 51		74 >
< 51		75 >
< 51		77 >
< 51		78 >
< 51		80 >
< 52		54 >
< 52		55 >
< 52		56 >
< 52		58 >
< 52		59 >
< 52		60 >
< 52		61 >
< 52		62 >
< 52		63 >
< 52		65 >
< 52		68 >
< 52		69 >
< 52		70 >
< 52		71 >
< 52		72 >
< 52		74 >
< 52		76 >
< 52		78 >
< 52		79 >
< 53		54 >
< 53		55 >
< 53		56 >
< 53		57 >
< 53		58 >
< 53		59 >
< 53		60 >
< 53		61 >
< 53		62 >
< 53		63 >
< 53		66 >
< 53		67 >
< 53		68 >
< 53		71 >
< 53		72 >
< 53		73 >
< 53		74 >
< 53		75 >
< 53		77 >
< 53		78 >
< 53		80 >
< 54		55 >
< 54		56 >
< 54		57 >
< 54		58 >
< 54		59 >
< 54		60 >
< 54		61 >
< 54		62 >
< 54		63 >
< 54		65 >
< 54		66 >
< 54		67 >
< 54		68 >
< 54		69 >
< 54		71 >
< 54		74 >
< 54		75 >
< 54		76 >
< 54		77 >
< 54		79 >
< 54		80 >
< 55		56 >
< 55		57 >
< 55		58 >
< 55		59 >
< 55		61 >
< 55		62 >
< 55		63 >
< 55		64 >
< 55		67 >
< 55		68 >
< 55		69 >
< 55		70 >
< 55		72 >
< 55		73 >
< 55		74 >
< 55		75 >
< 55		76 >
< 55		77 >
< 55		78 >
< 55		80 >
< 56		57 >
< 56		58 >
< 56		59 >
< 56		60 >
< 56		61 >
< 56		62 >
< 56		64 >
< 56		67 >
< 56		69 >
< 56		74 >
< 56		75 >
< 56		77 >
< 56		78 >
< 56		79 >
< 56		80 >
< 57		58 >
< 57		61 >
< 57		62 >
< 57		64 >
< 57		68 >
< 57		69 >
< 57		70 >
< 57		72 >
< 57		73 >
< 57		75 >
< 57		76 >
< 57		77 >
< 57		78 >
< 57		79 >
< 58		59 >
< 58		60 >
< 58		61 >
< 58		62 >
< 58		63 >
< 58		64 >
< 58		65 >
< 58		66 >
< 58		67 >
< 58		70 >
< 58		74 >
< 58		75 >
< 58		80 >
< 59		62 >
< 59		63 >
< 59		64 >
< 59		66 >
< 59		67 >
< 59		68 >
< 59		69 >
< 59		71 >
< 59		74 >
< 59		76 >
< 59		77 >
< 59		79 >
< 59		80 >
< 60		61 >
< 60		63 >
< 60		65 >
< 60		66 >
< 60		67 >
< 60		68 >
< 60		69 >
< 60		70 >
< 60		71 >
< 60		73 >
< 60		77 >
< 60		78 >
< 60		79 >
< 61		64 >
< 61		65 >
< 61		67 >
< 61		68 >
< 61		71 >
< 61		72 >
< 61		73 >
< 61		74 >
< 61		77 >
< 61		78 >
< 62		63 >
< 62		64 >
< 62		65 >
< 62		67 >
< 62		70 >
< 62		71 >
< 62		73 >
< 62		74 >
< 62		75 >
< 62		77 >
< 62		78 >
< 62		79 >
< 63		64 >
< 63		65 >
< 63		66 >
< 63		67 >
< 63		68 >
< 63		69 >
< 63		73 >
< 63		75 >
< 63		77 >
< 63		78 >
< 63		79 >
< 63		80 >
< 64		65 >
< 64		72 >
< 64		73 >
< 64		74 >
< 64		75 >
< 64		76 >
< 65		66 >
< 65		67 >
< 65		68 >
< 65		70 >
< 65		71 >
< 65		72 >
< 65		74 >
< 65		76 >
< 65		77 >
< 65		78 >
< 65		79 >
< 65		80 >
< 66		68 >
< 66		69 >
< 66		70 >
< 66		71 >
< 66		72 >
< 66		74 >
< 66		75 >
< 66		76 >
< 66		77 >
< 67		68 >
< 67		69 >
< 67		70 >
< 67		72 >
< 67		73 >
< 67		74 >
< 67		76 >
< 67		77 >
< 67		78 >
< 67		79 >
< 68		69 >
< 68		71 >
< 68		72 >
< 68		78 >
< 68		79 >
< 68		80 >
< 69		72 >
< 69		73 >
< 69		74 >
< 69		75 >
< 69		76 >
< 69		77 >
< 69		78 >
< 69		79 >
< 70		72 >
< 70		73 >
< 70		74 >
< 70		75 >
< 70		76 >
< 70		77 >
< 70		80 >
< 71		72 >
< 71		75 >
< 71		77 >
< 71		78 >
< 71		79 >
< 71		80 >
< 72		75 >
< 72		77 >
< 72		79 >
< 72		80 >
< 73		74 >
< 73		75 >
< 73		76 >
< 73		77 >
< 73		78 >
< 73		79 >
< 73		80 >
< 74		76 >
< 74		78 >
< 74		79 >
< 74		80 >
< 75		77 >
< 76		77 >
< 76		78 >
< 76		79 >
< 76		80 >
< 77		79 >
< 78		79 >
< 78		80 >
