nNodes= 80
nPairs= 309  
Weight
2
4
3
4
4
4
4
3
3
3
3
3
4
4
3
3
2
2
4
2
3
4
3
4
4
4
2
4
4
4
2
2
3
4
3
2
3
3
3
4
4
4
4
2
2
2
2
2
3
4
3
4
3
4
3
4
2
2
3
3
2
2
4
4
4
4
4
4
3
2
4
4
3
2
4
4
3
4
3
2
Cost
81		0		81		0		0		81		0		0		0		0		0		0		0		0		0		0		0		0		0		0		0		0		0		0		0		0		0		0		0		0		0		0		0		0		0		0		81		0		0		0		0		0		0		0		0		0		0		0		0		0		0		0		0		0		0		0		0		0		0		0		0		0		0		0		0		0		0		0		81		0		0		0		0		0		81		0		0		81		0		0		
0		81		0		0		0		0		0		0		0		0		0		0		0		0		0		0		0		0		0		0		0		0		0		0		0		0		0		0		0		0		0		0		0		0		0		0		0		0		0		0		0		0		0		0		0		0		0		0		0		0		0		0		0		0		0		0		0		0		0		0		0		0		0		0		0		0		0		0		0		0		0		0		0		81		0		0		0		0		0		0		
81		0		81		0		0		0		0		0		0		0		0		0		0		0		0		0		0		0		0		0		0		0		0		0		0		0		0		0		0		0		0		0		0		0		0		81		0		0		0		0		0		0		0		0		0		0		0		0		0		0		0		0		0		0		0		0		0		81		0		0		0		0		81		0		0		0		0		0		0		0		0		0		0		0		0		0		0		0		81		0		
0		0		0		81		0		0		0		0		0		0		0		0		0		81		0		0		0		81		0		0		0		0		0		0		0		0		0		0		0		0		0		0		0		0		0		0		0		0		0		0		0		0		0		81		0		0		0		0		0		0		0		0		0		0		0		0		0		0		0		0		0		0		0		0		0		0		0		81		0		0		0		81		0		0		0		0		81		0		0		0		
0		0		0		0		81		0		0		0		0		0		0		81		0		0		0		0		0		0		0		0		0		0		0		0		0		0		0		0		0		0		0		0		0		0		0		0		0		0		0		0		0		0		0		81		0		0		81		0		0		0		0		0		81		0		0		0		0		0		0		81		0		0		0		0		0		0		0		0		0		0		81		0		0		0		81		0		0		0		0		0		
81		0		0		0		0		81		0		0		0		0		0		0		0		0		81		0		0		0		0		0		0		0		0		0		0		0		0		81		0		0		0		0		0		0		0		0		0		0		0		0		81		0		81		0		0		0		0		0		0		0		0		0		0		0		81		0		0		0		0		0		0		0		0		0		0		0		0		0		0		81		0		0		0		0		0		0		0		0		0		0		
0		0		0		0		0		0		81		0		81		81		0		0		0		0		0		0		0		0		0		0		0		0		0		0		81		0		0		0		0		0		0		0		0		0		0		0		0		0		81		0		0		81		0		0		0		0		0		81		0		0		0		0		0		0		0		0		0		0		0		0		0		0		0		0		81		0		81		0		0		0		0		0		0		0		0		0		0		0		0		0		
0		0		0		0		0		0		0		81		0		81		0		0		81		0		0		0		81		0		0		0		0		81		0		0		0		0		0		0		0		0		0		0		0		81		0		0		0		0		81		0		0		0		0		0		0		0		0		0		0		0		0		0		0		0		0		0		0		0		0		0		0		0		0		0		0		0		0		0		81		0		0		0		81		81		0		0		0		0		0		0		
0		0		0		0		0		0		81		0		81		0		0		0		0		0		0		0		0		0		81		0		0		0		0		0		0		0		0		0		0		0		0		0		0		0		0		0		81		0		0		0		0		0		0		0		0		0		0		0		81		81		0		0		0		0		0		0		0		0		0		0		0		0		0		0		0		0		0		0		0		0		0		0		0		0		0		0		0		0		0		0		
0		0		0		0		0		0		81		81		0		81		0		0		0		0		0		0		0		0		0		0		0		0		0		0		0		0		0		0		0		0		0		0		0		0		0		0		81		0		0		0		0		0		0		0		81		0		0		0		0		0		0		0		0		0		0		81		0		0		81		0		0		0		0		0		81		0		0		0		81		0		0		81		0		0		0		0		0		0		0		0		
0		0		0		0		0		0		0		0		0		0		81		0		0		0		0		0		0		81		0		0		0		0		81		0		81		0		0		0		0		0		0		0		0		81		0		0		0		0		0		0		0		0		0		0		81		0		0		0		0		0		0		0		0		0		0		0		0		0		0		0		0		0		0		0		0		0		0		0		0		0		0		0		0		0		0		0		0		0		0		0		
0		0		0		0		81		0		0		0		0		0		0		81		0		0		0		0		0		0		0		0		81		0		0		0		0		81		0		0		0		0		0		0		0		0		0		0		0		81		0		81		0		0		0		0		0		0		0		0		0		0		0		0		0		0		0		0		0		81		0		0		0		0		0		81		0		0		0		0		0		81		81		0		81		0		0		0		0		0		0		0		
0		0		0		0		0		0		0		81		0		0		0		0		81		0		0		0		0		0		0		0		0		0		0		0		0		0		0		0		0		0		0		0		0		81		81		81		0		0		0		0		0		81		81		0		81		0		81		81		0		0		0		0		81		0		0		0		0		0		0		0		0		0		0		0		0		0		0		0		0		0		0		0		81		0		0		0		0		0		0		0		
0		0		0		81		0		0		0		0		0		0		0		0		0		81		0		81		0		0		0		81		0		0		0		0		0		0		0		0		0		0		0		0		0		0		0		0		0		0		0		0		0		0		0		0		0		0		0		81		0		0		0		0		0		0		0		0		0		0		0		0		0		0		0		0		0		0		0		0		0		0		0		0		0		0		0		0		0		0		0		0		
0		0		0		0		0		81		0		0		0		0		0		0		0		0		81		0		0		0		0		0		0		0		0		0		0		0		0		0		0		0		0		0		0		0		0		81		81		0		0		0		0		0		0		81		0		0		0		0		0		0		0		0		81		0		0		0		0		0		0		0		0		0		0		0		0		0		0		0		0		0		0		0		0		0		0		0		81		0		0		81		
0		0		0		0		0		0		0		0		0		0		0		0		0		81		0		81		0		0		81		0		81		0		0		0		0		0		0		81		0		0		0		0		0		0		0		0		0		0		81		0		0		0		0		0		0		0		0		0		0		0		0		0		0		0		0		0		0		0		0		0		0		0		81		0		0		0		0		81		0		0		0		0		0		0		0		81		81		0		0		0		
0		0		0		0		0		0		0		81		0		0		0		0		0		0		0		0		81		0		0		0		0		0		0		0		0		0		0		81		0		0		0		0		0		0		0		0		0		0		0		0		81		0		0		0		81		0		0		0		0		0		0		81		0		0		0		0		0		0		0		0		0		0		0		0		81		0		0		0		81		81		0		0		0		81		0		0		0		0		0		0		
0		0		0		81		0		0		0		0		0		0		81		0		0		0		0		0		0		81		0		0		0		0		0		0		0		0		81		0		0		81		0		0		0		0		0		0		0		0		0		0		0		81		0		0		0		0		0		0		0		0		0		0		0		0		0		0		0		81		81		0		0		0		0		0		0		0		0		0		0		0		0		0		0		0		81		0		0		0		0		0		
0		0		0		0		0		0		0		0		81		0		0		0		0		0		0		81		0		0		81		81		0		0		0		81		0		0		81		0		0		0		0		0		0		0		0		0		0		0		0		0		0		0		0		0		0		81		0		0		0		0		0		0		0		0		0		0		0		0		81		0		0		0		0		0		0		0		0		0		0		81		0		0		0		0		81		0		81		0		0		81		
0		0		0		0		0		0		0		0		0		0		0		0		0		81		0		0		0		0		81		81		0		0		0		81		0		0		0		0		0		0		0		0		0		0		81		0		0		0		0		0		0		0		0		0		0		0		0		0		0		0		0		0		0		0		0		81		0		0		81		0		0		0		0		81		0		0		0		0		0		0		0		0		0		0		0		0		0		0		0		81		
0		0		0		0		0		0		0		0		0		0		0		81		0		0		0		81		0		0		0		0		81		0		0		0		0		0		0		0		0		0		0		81		0		0		0		0		81		0		0		0		0		0		0		0		81		0		0		0		0		0		0		0		0		0		0		0		0		0		0		0		0		0		0		0		0		0		0		0		0		0		0		0		0		0		0		0		0		81		0		0		
0		0		0		0		0		0		0		81		0		0		0		0		0		0		0		0		0		0		0		0		0		81		0		0		0		0		0		0		0		0		0		0		0		0		0		0		81		0		0		0		81		0		0		81		0		0		0		0		0		0		0		0		0		0		0		81		0		0		0		0		0		0		0		0		0		0		0		0		0		81		0		0		0		0		0		0		0		0		0		81		
0		0		0		0		0		0		0		0		0		0		81		0		0		0		0		0		0		0		0		0		0		0		81		0		0		0		81		81		0		0		81		0		81		0		0		0		0		0		81		0		0		0		0		0		0		81		0		0		0		0		0		0		0		0		0		0		0		81		0		0		0		0		0		0		0		0		0		0		0		0		0		0		0		0		0		0		0		0		0		0		
0		0		0		0		0		0		0		0		0		0		0		0		0		0		0		0		0		0		81		81		0		0		0		81		0		0		0		81		0		0		0		0		0		0		81		0		0		0		0		0		0		0		0		0		0		0		0		0		0		0		0		0		0		0		0		0		0		0		0		0		0		0		0		0		0		0		0		0		0		0		0		81		0		0		0		0		0		0		0		0		
0		0		0		0		0		0		81		0		0		0		81		0		0		0		0		0		0		0		0		0		0		0		0		0		81		0		0		0		0		0		0		0		0		0		0		0		0		0		0		0		0		0		0		81		0		0		81		0		0		0		0		0		0		0		0		0		81		0		0		0		0		0		0		0		0		0		0		0		0		0		0		0		0		0		0		0		0		81		0		0		
0		0		0		0		0		0		0		0		0		0		0		81		0		0		0		0		0		0		0		0		0		0		0		0		0		81		0		81		0		0		0		0		0		0		0		0		81		0		0		0		81		0		0		0		0		0		0		0		0		0		0		0		0		0		81		0		0		0		0		0		0		0		0		0		0		0		0		0		0		0		0		0		0		0		0		0		0		0		0		0		
0		0		0		0		0		0		0		0		0		0		0		0		0		0		0		0		0		81		81		0		0		0		81		0		0		0		81		0		0		0		0		81		0		0		81		0		0		81		0		0		0		0		0		0		81		0		0		0		0		81		0		0		81		0		0		0		0		0		0		0		0		81		0		0		0		0		0		0		0		0		0		0		81		0		0		0		0		0		0		0		
0		0		0		0		0		81		0		0		0		0		0		0		0		0		0		81		81		0		0		0		0		0		81		81		0		81		0		81		0		0		0		0		81		0		0		0		81		0		0		0		0		0		0		0		0		0		0		0		81		0		0		0		0		0		0		0		0		0		0		0		0		0		0		0		0		0		0		0		0		0		0		0		0		0		0		0		0		0		0		0		
0		0		0		0		0		0		0		0		0		0		0		0		0		0		0		0		0		0		0		0		0		0		0		0		0		0		0		0		81		0		0		0		0		0		0		0		0		0		81		0		0		81		0		0		0		81		0		0		0		0		0		0		0		0		0		0		0		0		0		0		0		0		81		0		0		0		0		0		0		0		0		0		0		0		0		0		0		0		0		0		
0		0		0		0		0		0		0		0		0		0		0		0		0		0		0		0		0		81		0		0		0		0		0		0		0		0		0		0		0		81		0		0		0		0		0		0		81		0		81		0		0		0		0		0		0		0		0		0		81		0		0		81		0		0		0		0		0		0		0		0		0		0		0		0		0		0		0		0		0		0		0		0		0		0		0		0		0		0		0		0		
0		0		0		0		0		0		0		0		0		0		0		0		0		0		0		0		0		0		0		0		0		0		81		0		0		0		0		0		0		0		81		0		81		0		0		0		0		0		0		0		0		0		0		0		0		0		0		0		0		0		0		0		0		0		0		0		0		0		0		0		0		0		81		81		0		81		0		0		0		0		0		81		0		0		81		0		0		0		0		0		
0		0		0		0		0		0		0		0		0		0		0		0		0		0		0		0		0		0		0		0		81		0		0		0		0		0		81		0		0		0		0		81		0		0		0		0		0		0		0		0		0		0		0		0		0		0		0		0		0		81		0		0		0		0		81		0		0		0		0		81		0		0		0		0		81		0		0		0		0		0		81		0		0		0		81		0		0		0		0		0		
0		0		0		0		0		0		0		0		0		0		0		0		0		0		0		0		0		0		0		0		0		0		81		0		0		0		0		81		0		0		81		0		81		0		0		0		0		0		0		81		0		0		81		0		0		0		0		0		0		0		0		0		0		0		81		0		0		0		0		0		0		0		0		0		0		0		0		0		0		0		0		0		81		0		0		0		0		0		81		81		
0		0		0		0		0		0		0		81		0		0		81		0		81		0		0		0		0		0		0		0		0		0		0		0		0		0		0		0		0		0		0		0		0		81		0		0		0		0		81		0		0		0		0		0		0		81		0		81		0		0		0		81		0		81		0		81		0		0		81		0		0		0		0		0		0		0		0		0		0		0		81		0		0		0		0		0		0		0		0		0		
0		0		0		0		0		0		0		0		0		0		0		0		81		0		0		0		0		0		0		81		0		0		0		81		0		0		81		0		0		0		0		0		0		0		81		0		0		0		0		0		0		0		0		0		81		0		0		0		0		0		0		0		0		0		0		0		0		0		0		0		0		0		0		0		81		0		0		0		0		0		0		0		0		0		0		0		0		0		0		0		
0		0		81		0		0		0		0		0		0		0		0		0		81		0		81		0		0		0		0		0		0		0		0		0		0		0		0		0		0		0		0		0		0		0		0		81		0		0		81		0		0		0		0		0		81		0		81		0		0		0		0		0		0		0		0		0		81		0		0		81		0		81		0		0		0		0		0		0		0		0		0		0		0		0		0		0		0		0		0		0		
81		0		0		0		0		0		0		0		81		81		0		0		0		0		81		0		0		0		0		0		81		81		0		0		0		81		0		81		0		81		0		0		0		0		0		0		81		81		81		0		0		0		81		0		0		0		0		0		0		0		0		0		0		0		0		0		0		81		0		0		0		81		0		0		0		0		0		0		0		0		81		0		0		81		0		0		0		0		0		81		
0		0		0		0		0		0		0		0		0		0		0		81		0		0		0		0		0		0		0		0		0		0		0		0		0		0		81		0		0		0		0		0		0		0		0		0		81		81		0		81		81		0		0		0		0		0		81		0		0		0		81		0		0		0		0		0		0		0		0		0		0		0		0		0		0		0		0		0		0		0		81		0		0		0		0		0		0		0		0		0		
0		0		0		0		0		0		81		81		0		0		0		0		0		0		0		81		0		0		0		0		0		0		81		0		0		0		0		0		81		81		0		0		0		81		0		81		81		0		81		81		0		0		0		0		0		0		0		0		0		0		0		0		81		81		0		0		0		0		0		0		0		0		0		0		0		0		0		0		0		0		0		0		0		0		0		0		0		0		0		0		
0		0		0		0		0		0		0		0		0		0		0		81		0		0		0		0		0		0		0		0		0		0		0		0		0		0		0		0		0		0		0		0		81		0		0		0		0		81		81		81		0		0		0		81		0		81		0		0		0		0		0		81		0		0		0		0		0		0		0		81		0		0		0		0		0		0		0		0		81		0		0		0		81		81		0		0		0		0		0		0		
0		0		0		0		0		81		0		0		0		0		0		0		0		0		0		0		81		0		0		0		0		81		0		0		0		81		0		0		0		0		0		0		0		0		0		0		0		81		0		0		81		0		0		0		0		0		0		0		0		0		0		0		0		81		0		0		0		0		0		0		0		0		0		0		81		0		0		0		0		0		0		0		0		0		0		0		0		0		0		0		
0		0		0		0		0		0		81		0		0		0		0		0		81		0		0		0		0		81		0		0		0		0		0		0		0		0		0		0		81		0		0		0		0		0		0		0		0		0		0		0		0		81		0		81		0		0		0		0		0		0		0		81		0		0		0		0		81		0		0		0		0		0		0		0		0		81		0		0		0		81		0		0		0		0		0		0		0		0		0		0		
0		0		0		0		0		81		0		0		0		0		0		0		81		0		0		0		0		0		0		0		0		0		0		0		0		0		0		0		0		0		0		0		81		0		0		0		81		0		0		0		0		0		81		0		0		0		0		0		0		0		0		0		0		0		0		0		0		0		0		0		0		0		0		81		81		0		0		0		0		0		0		0		81		0		0		0		0		0		0		0		
0		0		0		81		81		0		0		0		0		0		0		0		0		0		81		0		0		0		0		0		0		81		0		0		81		0		0		0		0		0		0		0		0		0		0		0		0		0		0		81		0		81		0		81		0		0		0		0		0		0		0		0		0		0		0		0		0		0		0		0		0		0		81		0		0		0		81		0		0		0		81		0		0		81		0		0		0		81		0		0		
0		0		0		0		0		0		0		0		0		81		81		0		81		0		0		0		81		0		0		0		81		0		0		0		0		0		81		0		0		0		0		0		0		0		81		81		0		0		0		0		0		0		0		0		81		0		0		0		0		0		0		0		0		0		0		0		0		0		0		0		0		0		0		0		0		0		0		0		81		0		0		0		81		0		0		0		0		0		0		0		
0		0		0		0		0		0		0		0		0		0		0		0		0		0		0		0		0		0		81		0		0		0		81		0		0		0		0		0		81		0		0		0		0		81		0		0		0		0		0		81		0		0		0		0		0		81		0		0		0		0		0		0		0		0		0		0		0		81		0		0		81		0		0		0		0		0		0		0		0		0		0		0		0		0		0		0		0		0		81		0		
0		0		0		0		81		0		0		0		0		0		0		0		81		0		0		0		0		0		0		0		0		0		0		0		81		0		0		0		0		0		0		0		0		0		0		81		0		81		0		0		0		0		0		0		0		0		81		81		0		81		0		0		0		0		0		81		0		0		0		0		0		0		0		0		0		0		0		0		0		0		0		0		0		0		0		0		0		0		0		0		
0		0		0		0		0		0		81		0		0		0		0		0		81		81		0		0		0		0		0		0		0		0		0		0		0		0		0		0		0		0		0		0		0		81		0		0		0		0		0		0		0		0		0		0		0		0		81		81		0		0		0		0		0		0		0		0		0		0		0		81		0		0		0		81		0		0		81		0		0		81		0		0		0		0		0		81		0		0		0		0		
0		0		0		0		0		0		0		0		81		0		0		0		0		0		0		0		0		0		0		0		0		0		0		0		0		0		0		81		0		81		0		0		0		0		0		0		0		0		0		0		0		0		0		0		0		0		0		0		81		0		0		0		0		0		0		0		0		0		0		0		0		81		81		0		0		0		0		0		81		0		0		0		81		0		0		0		0		0		81		0		
0		0		0		0		0		0		0		0		81		0		0		0		0		0		0		0		0		0		0		0		0		0		0		0		0		0		81		0		0		0		0		81		0		0		0		0		0		0		0		0		0		0		0		0		0		0		81		0		0		81		0		0		0		0		0		0		0		0		0		0		0		0		0		0		0		0		0		0		0		0		0		0		81		81		0		0		0		0		0		0		
0		0		0		0		0		0		0		0		0		0		0		0		0		0		0		0		0		0		0		0		0		0		0		0		0		0		0		0		0		0		0		0		0		0		0		0		0		81		0		0		0		0		0		0		0		0		0		0		0		0		81		0		0		0		0		0		0		81		0		0		0		81		0		0		0		0		0		0		81		0		81		81		0		0		0		0		0		0		0		0		
0		0		0		0		0		0		0		0		0		0		0		0		0		0		0		0		81		0		0		0		0		0		0		0		0		0		0		0		0		81		0		0		0		81		0		0		0		0		0		81		0		81		0		0		0		0		0		0		0		0		0		81		0		81		0		0		0		0		0		81		0		0		0		0		0		81		0		0		0		0		81		81		0		0		0		0		0		0		0		0		
0		0		0		0		81		0		0		0		0		0		0		0		81		0		81		0		0		0		0		0		0		0		0		0		0		0		81		0		0		0		0		0		0		0		0		0		0		0		81		0		0		0		0		0		0		0		0		0		0		0		0		0		81		0		0		0		0		0		0		81		0		0		0		0		0		0		0		0		0		0		0		0		0		0		0		0		0		0		0		0		
0		0		0		0		0		0		0		0		0		0		0		0		0		0		0		0		0		0		0		0		0		0		0		0		0		0		0		0		0		0		0		0		0		81		0		0		0		0		81		0		81		0		0		0		0		0		0		0		0		0		0		81		0		81		0		0		0		0		0		0		0		0		0		0		0		0		0		0		0		0		0		0		0		0		0		0		0		81		0		81		
0		0		0		0		0		81		0		0		0		0		0		0		0		0		0		0		0		0		0		0		0		0		0		0		0		81		0		0		0		0		0		81		81		0		0		0		0		0		0		0		0		0		0		0		0		0		0		0		0		0		0		0		0		0		81		0		81		0		0		0		0		0		0		81		0		0		0		81		0		0		0		0		0		0		0		0		0		0		0		0		
0		0		0		0		0		0		0		0		0		81		0		0		0		0		0		0		0		0		0		81		0		81		0		0		0		0		0		0		0		0		0		0		0		81		0		0		0		0		0		0		0		0		0		0		0		0		81		0		0		0		0		0		0		0		0		81		0		0		0		0		0		0		0		0		0		0		0		0		0		0		0		0		0		0		0		0		0		0		0		0		
0		0		0		0		0		0		0		0		0		0		0		0		0		0		0		0		0		0		0		0		0		0		0		0		81		0		0		0		0		0		0		0		0		0		0		81		0		0		0		0		0		81		0		0		0		0		0		0		0		0		0		0		0		0		81		0		81		0		0		0		81		0		0		0		0		0		0		0		0		0		0		0		0		0		0		0		0		0		0		0		
0		0		81		0		0		0		0		0		0		0		0		81		0		0		0		0		0		81		0		0		0		0		81		0		0		0		0		0		0		0		0		0		0		0		0		0		81		0		0		0		0		0		0		0		0		81		0		0		0		0		81		0		0		0		0		0		0		81		0		0		0		0		0		0		81		0		0		0		0		0		0		0		0		0		81		81		0		0		0		0		
0		0		0		0		0		0		0		0		0		81		0		0		0		0		0		0		0		81		81		81		0		0		0		0		0		0		0		0		0		0		0		0		0		81		0		0		0		0		0		0		0		0		0		0		0		0		0		0		0		0		0		0		0		0		0		0		0		0		81		81		0		0		0		0		81		0		0		0		0		0		0		0		0		0		0		81		0		81		0		0		
0		0		0		0		81		0		0		0		0		0		0		0		0		0		0		0		0		0		0		0		0		0		0		0		0		0		0		0		0		0		0		81		0		0		0		81		0		0		0		81		0		0		0		0		0		0		0		81		0		0		0		81		81		0		0		0		0		0		81		81		0		0		0		0		81		0		81		0		81		0		0		0		0		0		0		0		0		0		0		0		
0		0		0		0		0		0		0		0		0		0		0		0		0		0		0		0		0		0		0		0		0		0		0		0		0		0		0		0		0		0		0		0		0		0		0		0		0		0		0		0		0		0		0		0		0		81		0		0		0		0		0		0		0		0		0		0		81		0		0		0		81		0		81		81		0		0		0		0		0		0		0		0		0		0		0		0		0		0		0		81		
0		0		0		0		0		0		0		0		0		0		0		0		0		0		0		0		0		0		0		0		0		0		0		0		0		0		81		0		0		0		0		0		0		0		0		81		81		0		0		0		0		0		0		0		0		0		0		0		81		0		81		0		0		0		0		0		0		0		0		0		0		81		0		0		0		0		0		0		0		0		81		0		0		0		0		81		0		0		0		0		
0		0		81		0		0		0		0		0		0		0		0		0		0		0		0		81		0		0		0		0		0		0		0		0		0		0		0		0		81		0		81		0		0		0		0		0		0		0		0		0		0		0		0		81		0		0		0		0		81		0		0		0		0		0		0		0		0		0		0		0		81		0		81		0		0		0		0		0		81		0		0		0		0		0		0		0		0		0		0		0		
0		0		0		0		0		0		0		0		0		0		0		81		0		0		0		0		0		0		0		81		0		0		0		0		0		0		0		0		0		0		81		0		0		0		0		0		0		0		0		0		0		0		81		0		0		0		0		81		0		0		0		0		0		0		81		0		0		0		0		0		81		0		0		81		0		0		0		0		0		0		0		0		0		0		0		0		0		0		0		0		
0		0		0		0		0		0		81		0		0		81		0		0		0		0		0		0		81		0		0		0		0		0		0		0		0		0		0		0		0		0		0		81		0		0		81		0		0		0		0		0		81		0		81		0		0		0		0		0		0		0		0		0		0		0		0		0		0		81		81		81		0		0		0		0		81		0		0		0		0		0		0		0		0		0		0		0		81		0		81		0		
0		0		0		0		0		0		0		0		0		0		0		0		0		0		0		0		0		0		0		0		0		0		0		0		0		0		0		0		0		0		81		0		0		0		0		0		0		0		0		0		0		81		0		0		0		0		0		0		0		0		0		81		0		0		0		0		0		0		0		0		0		0		0		0		0		81		0		0		0		0		0		0		0		0		0		0		0		0		0		0		
0		0		0		0		0		0		81		0		0		0		0		0		0		0		0		0		0		0		0		0		0		0		0		0		0		0		0		0		0		0		0		0		0		0		0		0		0		0		0		0		0		0		0		81		0		0		0		81		0		0		0		0		0		0		0		0		0		0		0		81		0		0		0		0		0		0		81		0		0		81		0		0		0		0		0		0		0		0		0		0		
0		0		0		81		0		0		0		0		0		0		0		0		0		0		0		81		0		0		0		0		0		0		0		0		0		0		0		0		0		0		0		0		0		0		0		0		0		0		0		0		0		0		0		0		0		0		0		0		0		0		0		0		0		0		81		0		0		0		0		0		0		0		0		0		0		0		0		81		0		81		0		0		0		0		0		0		0		0		0		0		
81		0		0		0		0		0		0		81		0		81		0		0		0		0		0		0		81		0		0		0		0		0		0		0		0		0		0		0		0		0		0		0		0		0		0		0		0		0		0		81		0		0		0		0		81		0		0		0		81		0		81		0		0		0		0		0		0		0		0		81		0		0		81		0		0		0		0		0		81		0		0		0		0		0		0		0		0		0		0		0		
0		0		0		0		0		81		0		0		0		0		0		81		0		0		0		0		81		0		81		0		0		81		0		0		0		0		0		0		0		0		0		0		0		0		0		0		0		0		0		0		0		81		0		0		0		0		0		81		0		0		0		0		0		0		0		0		0		0		0		0		0		0		0		0		0		0		81		81		0		81		0		0		0		0		0		81		0		0		0		0		
0		0		0		0		81		0		0		0		0		0		0		81		0		0		0		0		0		0		0		0		0		0		0		0		0		0		0		0		0		0		0		81		0		81		0		0		81		81		0		0		0		0		0		81		0		0		0		0		0		0		81		81		0		0		0		0		0		0		0		0		0		81		0		0		0		0		0		0		0		0		81		0		0		0		0		81		0		0		0		0		
0		0		0		81		0		0		0		0		0		81		0		0		0		0		0		0		0		0		0		0		0		0		0		81		0		0		0		0		0		0		81		0		0		0		0		0		0		0		0		0		0		0		0		0		0		0		0		0		0		0		81		81		0		0		0		0		0		0		0		0		0		0		0		0		0		0		0		0		0		0		0		81		0		0		0		0		0		0		0		0		
0		0		0		0		0		0		0		81		0		0		0		81		81		0		0		0		0		0		0		0		0		0		0		0		0		0		81		0		0		0		0		0		81		0		0		0		0		0		0		81		0		0		81		0		81		0		0		0		81		81		0		0		0		0		0		0		0		0		0		0		0		0		0		0		0		0		0		0		0		0		0		0		81		0		0		0		81		0		0		0		
0		81		0		0		0		0		0		81		0		0		0		0		0		0		0		0		81		0		0		0		0		0		0		0		0		0		0		0		0		0		0		0		0		0		0		0		81		0		0		81		0		0		0		81		0		0		0		0		0		81		0		0		0		0		0		0		0		0		0		0		0		0		0		0		0		0		0		0		0		0		0		0		0		81		0		0		0		0		0		0		
81		0		0		0		81		0		0		0		0		0		0		0		0		0		0		0		0		81		81		0		0		0		0		0		0		0		0		0		0		0		81		81		0		0		0		0		0		0		0		0		0		0		0		0		0		0		0		0		0		0		0		0		0		0		0		0		0		81		0		0		0		0		0		0		0		0		0		0		0		0		0		0		0		0		81		0		0		0		0		0		
0		0		0		0		0		0		0		0		0		0		0		0		0		0		0		81		0		0		0		0		0		0		0		0		0		0		0		0		0		0		0		0		0		0		0		0		0		0		0		0		0		0		0		0		0		0		0		81		0		0		0		0		0		0		0		0		0		81		81		0		0		81		0		0		0		0		0		0		0		81		81		0		0		0		0		81		0		0		0		0		
0		0		0		81		0		0		0		0		0		0		0		0		0		0		81		81		0		0		81		0		0		0		0		0		0		0		0		0		0		0		0		0		0		0		0		0		0		0		0		0		0		0		0		0		0		0		0		0		0		0		0		0		0		0		0		0		0		0		0		0		0		0		0		0		81		0		0		0		0		0		0		0		81		0		0		0		81		0		0		81		
81		0		0		0		0		0		0		0		0		0		0		0		0		0		0		0		0		0		0		0		81		0		0		0		81		0		0		0		0		0		0		0		0		0		0		0		0		0		0		0		0		0		0		81		0		0		0		0		0		0		0		0		0		81		0		0		0		0		81		0		0		0		0		0		0		0		0		0		0		0		0		0		0		0		0		0		0		81		0		81		
0		0		81		0		0		0		0		0		0		0		0		0		0		0		0		0		0		0		0		0		0		0		0		0		0		0		0		0		0		0		0		0		81		0		0		0		0		0		0		0		0		0		0		0		0		81		0		0		81		0		0		0		0		0		0		0		0		0		0		0		0		0		0		0		81		0		0		0		0		0		0		0		0		0		0		0		0		0		81		0		
0		0		0		0		0		0		0		0		0		0		0		0		0		0		81		0		0		0		81		81		0		81		0		0		0		0		0		0		0		0		0		0		81		0		0		0		81		0		0		0		0		0		0		0		0		0		0		0		0		0		0		0		0		81		0		0		0		0		0		0		81		0		0		0		0		0		0		0		0		0		0		0		0		0		0		0		81		81		0		81		
NDC Pairs
< 1		3 >
< 1		6 >
< 1		37 >
< 1		69 >
< 1		75 >
< 1		78 >
< 2		74 >
< 3		36 >
< 3		58 >
< 3		63 >
< 3		79 >
< 4		14 >
< 4		18 >
< 4		44 >
< 4		68 >
< 4		72 >
< 4		77 >
< 5		12 >
< 5		44 >
< 5		47 >
< 5		53 >
< 5		60 >
< 5		71 >
< 5		75 >
< 6		15 >
< 6		28 >
< 6		41 >
< 6		43 >
< 6		55 >
< 6		70 >
< 7		9 >
< 7		10 >
< 7		25 >
< 7		39 >
< 7		42 >
< 7		48 >
< 7		65 >
< 7		67 >
< 8		10 >
< 8		13 >
< 8		17 >
< 8		22 >
< 8		34 >
< 8		39 >
< 8		69 >
< 8		73 >
< 8		74 >
< 9		19 >
< 9		37 >
< 9		49 >
< 9		50 >
< 10		37 >
< 10		45 >
< 10		56 >
< 10		59 >
< 10		65 >
< 10		69 >
< 10		72 >
< 11		18 >
< 11		23 >
< 11		25 >
< 11		34 >
< 11		45 >
< 12		21 >
< 12		26 >
< 12		38 >
< 12		40 >
< 12		58 >
< 12		64 >
< 12		70 >
< 12		71 >
< 12		73 >
< 13		34 >
< 13		35 >
< 13		36 >
< 13		42 >
< 13		43 >
< 13		45 >
< 13		47 >
< 13		48 >
< 13		53 >
< 13		73 >
< 14		16 >
< 14		20 >
< 14		48 >
< 15		36 >
< 15		37 >
< 15		44 >
< 15		53 >
< 15		77 >
< 15		80 >
< 16		19 >
< 16		21 >
< 16		28 >
< 16		39 >
< 16		63 >
< 16		68 >
< 16		76 >
< 16		77 >
< 17		28 >
< 17		41 >
< 17		45 >
< 17		52 >
< 17		65 >
< 17		69 >
< 17		70 >
< 17		74 >
< 18		27 >
< 18		30 >
< 18		42 >
< 18		58 >
< 18		59 >
< 18		75 >
< 19		20 >
< 19		24 >
< 19		27 >
< 19		46 >
< 19		59 >
< 19		70 >
< 19		75 >
< 19		77 >
< 19		80 >
< 20		24 >
< 20		35 >
< 20		56 >
< 20		59 >
< 20		64 >
< 20		80 >
< 21		32 >
< 21		37 >
< 21		45 >
< 21		78 >
< 22		37 >
< 22		41 >
< 22		44 >
< 22		56 >
< 22		70 >
< 22		80 >
< 23		27 >
< 23		28 >
< 23		31 >
< 23		33 >
< 23		39 >
< 23		46 >
< 23		58 >
< 24		28 >
< 24		35 >
< 24		72 >
< 25		44 >
< 25		47 >
< 25		57 >
< 25		78 >
< 26		28 >
< 26		37 >
< 26		41 >
< 26		55 >
< 27		32 >
< 27		35 >
< 27		38 >
< 27		45 >
< 27		50 >
< 27		53 >
< 27		62 >
< 27		73 >
< 28		33 >
< 28		37 >
< 28		49 >
< 29		39 >
< 29		42 >
< 29		46 >
< 29		63 >
< 30		37 >
< 30		39 >
< 30		49 >
< 30		52 >
< 31		33 >
< 31		63 >
< 31		64 >
< 31		66 >
< 31		72 >
< 31		75 >
< 32		50 >
< 32		55 >
< 32		60 >
< 32		65 >
< 32		71 >
< 32		75 >
< 33		40 >
< 33		43 >
< 33		55 >
< 33		73 >
< 33		79 >
< 33		80 >
< 34		39 >
< 34		46 >
< 34		48 >
< 34		52 >
< 34		54 >
< 34		56 >
< 34		59 >
< 34		71 >
< 35		45 >
< 35		65 >
< 36		39 >
< 36		45 >
< 36		47 >
< 36		57 >
< 36		60 >
< 36		62 >
< 37		38 >
< 37		39 >
< 37		43 >
< 37		58 >
< 37		62 >
< 37		71 >
< 37		74 >
< 37		80 >
< 38		40 >
< 38		41 >
< 38		47 >
< 38		51 >
< 38		71 >
< 39		40 >
< 39		53 >
< 39		54 >
< 40		44 >
< 40		46 >
< 40		52 >
< 40		60 >
< 40		69 >
< 40		73 >
< 40		74 >
< 41		54 >
< 41		65 >
< 42		44 >
< 42		52 >
< 42		57 >
< 42		66 >
< 42		70 >
< 43		64 >
< 43		65 >
< 43		73 >
< 44		63 >
< 44		67 >
< 44		71 >
< 44		74 >
< 44		78 >
< 45		69 >
< 45		73 >
< 46		58 >
< 46		61 >
< 46		79 >
< 47		48 >
< 47		50 >
< 47		56 >
< 48		60 >
< 48		64 >
< 48		67 >
< 48		70 >
< 48		76 >
< 49		62 >
< 49		63 >
< 49		69 >
< 49		73 >
< 49		79 >
< 50		73 >
< 50		74 >
< 51		58 >
< 51		62 >
< 51		69 >
< 51		71 >
< 51		72 >
< 52		54 >
< 52		60 >
< 52		66 >
< 52		71 >
< 52		72 >
< 53		60 >
< 54		78 >
< 54		80 >
< 55		57 >
< 55		64 >
< 55		68 >
< 57		61 >
< 58		65 >
< 58		75 >
< 58		76 >
< 59		60 >
< 59		65 >
< 59		76 >
< 59		78 >
< 60		65 >
< 60		67 >
< 60		69 >
< 61		63 >
< 61		64 >
< 61		80 >
< 62		71 >
< 62		76 >
< 63		69 >
< 65		77 >
< 65		79 >
< 67		70 >
< 68		70 >
< 70		76 >
< 71		76 >
< 73		77 >
< 77		80 >
< 78		80 >
