nNodes= 100
nPairs= 1456  
Weight
2
4
2
3
3
3
3
4
3
4
4
2
3
2
2
4
4
3
4
2
2
2
2
3
3
3
4
4
2
4
4
3
2
3
3
2
3
4
4
2
2
3
4
2
3
4
4
3
4
3
3
4
4
4
2
4
3
4
4
3
2
2
3
3
3
2
2
3
2
4
2
2
3
4
3
4
2
3
3
3
2
3
4
2
3
3
2
3
4
4
3
3
3
3
3
4
2
2
4
2
Cost
101		0		0		101		0		0		0		0		0		101		0		0		101		0		0		0		0		0		101		0		0		0		0		0		0		0		101		0		0		101		101		0		101		101		0		0		0		0		0		0		0		0		101		101		0		0		0		0		101		101		0		0		0		0		101		0		0		0		0		101		0		0		0		101		101		101		101		0		0		0		0		0		101		0		101		101		0		101		0		101		101		0		0		101		101		0		0		0		0		101		0		0		0		0		101		101		0		0		101		0		
0		101		0		101		0		0		0		101		101		0		0		101		101		0		101		0		0		0		0		0		101		101		101		0		0		101		0		101		0		0		0		0		0		0		101		0		101		0		0		101		0		0		0		101		0		101		101		101		101		0		0		0		101		0		0		0		0		0		101		0		0		0		101		0		0		0		0		0		0		101		0		0		0		0		101		0		0		101		0		101		0		0		0		0		0		101		0		0		101		101		0		101		0		0		101		0		101		0		101		0		
0		0		101		101		0		101		0		101		101		0		0		0		101		101		0		0		101		0		101		0		0		0		101		0		0		0		101		0		101		0		0		0		0		0		0		101		0		0		0		0		0		0		0		0		101		0		101		0		101		101		101		0		0		101		0		0		0		0		0		0		0		0		101		0		0		0		0		0		0		0		0		0		101		101		0		0		0		0		0		0		101		0		0		0		0		101		101		0		101		0		0		0		0		0		0		0		0		101		0		101		
101		101		101		101		0		0		0		0		101		0		101		101		0		0		0		101		0		0		0		101		101		0		0		0		101		101		0		101		0		0		0		0		0		0		0		0		0		101		0		0		0		0		101		0		101		0		0		0		0		0		0		0		101		0		101		0		0		0		0		0		101		101		0		0		0		0		0		0		0		101		0		0		0		101		101		0		0		0		101		0		0		101		0		0		0		0		101		0		0		0		0		0		0		0		101		0		101		101		0		101		
0		0		0		0		101		0		0		101		0		0		101		0		0		0		0		0		0		101		0		0		0		0		101		0		101		0		0		0		0		0		0		0		0		0		101		0		0		0		101		101		0		0		0		101		101		0		0		0		101		0		101		0		101		101		0		0		0		101		0		0		101		0		0		101		101		0		0		0		0		101		0		0		0		101		0		101		101		0		0		0		0		0		0		0		0		101		0		101		0		0		101		0		101		101		0		0		101		0		0		0		
0		0		101		0		0		101		0		0		0		0		0		0		0		0		101		0		0		0		101		0		0		0		0		101		0		0		101		0		0		0		0		0		101		101		101		0		101		0		0		101		101		0		101		0		101		101		0		0		0		0		101		0		101		0		101		101		0		0		0		0		101		0		0		0		0		0		101		101		0		0		0		0		0		0		0		0		0		101		0		0		0		101		101		101		0		101		0		0		0		0		0		101		0		0		0		0		0		0		0		101		
0		0		0		0		0		0		101		0		101		0		101		101		0		101		0		101		0		101		0		101		0		0		101		0		0		0		0		0		101		101		0		0		101		0		0		101		101		101		0		0		0		0		0		0		0		0		101		0		0		0		0		0		0		0		0		0		0		101		101		0		101		0		101		0		0		0		101		101		0		101		0		101		0		0		0		0		0		0		0		0		0		0		101		0		101		0		101		0		101		101		0		0		0		101		0		101		101		0		0		0		
0		101		101		0		101		0		0		101		101		0		0		0		101		0		0		101		0		0		101		0		0		0		0		0		101		0		0		101		0		0		0		101		0		101		0		0		0		0		0		0		0		101		101		0		101		0		0		101		0		101		0		0		0		0		0		0		0		0		0		101		0		0		0		101		0		0		101		0		0		0		101		0		0		101		101		0		0		0		0		101		101		101		0		0		0		101		0		101		0		101		101		0		101		0		0		101		0		0		101		0		
0		101		101		101		0		0		101		101		101		101		0		0		0		0		101		0		0		0		101		0		0		0		0		0		0		0		0		0		0		101		0		0		0		0		101		101		101		0		0		101		0		0		101		0		0		101		101		0		0		0		0		0		101		0		0		0		0		101		0		101		0		0		101		0		101		0		0		0		101		101		101		0		0		0		0		0		0		101		0		101		0		0		101		0		0		101		101		0		0		0		101		0		0		101		0		0		101		0		0		101		
101		0		0		0		0		0		0		0		101		101		0		0		0		0		101		101		101		0		101		0		0		0		101		0		0		101		0		0		0		101		0		0		101		0		0		0		0		0		101		101		0		0		0		0		0		101		0		0		101		0		0		0		0		0		101		101		101		101		0		101		0		101		0		0		101		101		101		101		0		101		0		0		0		0		0		0		0		0		0		101		0		101		101		0		0		0		0		0		0		101		101		101		0		0		0		101		0		101		0		101		
0		0		0		101		101		0		101		0		0		0		101		0		0		0		0		0		0		0		0		0		0		0		101		0		0		0		0		0		0		0		0		101		0		101		0		0		101		101		0		0		101		0		0		0		101		0		0		0		0		0		101		0		0		0		0		101		0		0		101		101		101		101		0		0		0		101		0		0		0		0		101		0		0		101		0		0		0		0		0		101		0		101		101		0		0		0		0		101		0		0		0		0		0		0		0		101		0		0		0		101		
0		101		0		101		0		0		101		0		0		0		0		101		0		0		101		0		101		0		0		101		101		0		101		0		0		0		0		0		0		0		0		0		101		101		101		101		0		0		0		0		0		0		0		0		101		0		0		101		0		0		101		101		0		0		101		0		0		0		101		101		0		101		0		101		0		0		0		0		101		0		0		0		101		101		101		101		0		0		101		0		0		0		101		101		0		0		0		0		0		101		101		0		0		0		101		101		0		101		0		0		
101		101		101		0		0		0		0		101		0		0		0		0		101		101		0		0		0		0		0		0		0		0		0		0		0		0		0		101		0		101		0		0		0		0		0		101		101		0		101		0		0		0		101		101		101		101		0		0		0		101		0		0		101		0		101		101		101		0		0		0		0		101		101		0		101		0		0		0		101		0		0		0		101		0		0		0		101		101		101		101		101		0		0		0		0		0		0		0		101		0		0		0		101		0		0		0		0		101		0		101		
0		0		101		0		0		0		101		0		0		0		0		0		101		101		101		0		0		0		0		101		0		0		0		0		0		0		101		0		0		0		0		0		0		0		0		0		0		0		101		0		0		0		0		0		0		101		0		0		0		0		101		101		0		101		0		0		101		101		0		0		101		101		0		0		0		0		0		101		0		101		101		0		0		0		0		0		0		101		0		0		0		0		0		0		0		101		101		0		0		0		0		0		101		0		0		0		0		101		0		101		
0		101		0		0		0		101		0		0		101		101		0		101		0		101		101		101		101		0		0		0		0		0		0		0		0		0		0		0		101		0		0		0		0		0		0		0		0		0		0		0		101		101		0		0		0		0		101		101		0		0		0		0		101		0		101		0		101		101		101		101		0		0		0		101		0		0		101		0		0		0		0		101		0		0		0		101		101		0		101		101		0		101		0		101		0		0		101		0		101		101		101		101		0		0		0		0		0		0		101		0		
0		0		0		101		0		0		101		101		0		101		0		0		0		0		101		101		0		0		0		0		0		0		101		101		0		101		101		0		101		101		0		101		0		101		0		0		0		0		0		0		0		0		101		0		0		0		0		0		0		101		101		0		0		0		0		0		0		0		0		0		101		0		0		0		0		101		0		0		101		0		101		0		101		0		0		0		0		0		101		0		0		101		0		0		0		0		0		0		0		0		101		0		0		101		0		0		0		101		0		101		
0		0		101		0		0		0		0		0		0		101		0		101		0		0		101		0		101		0		101		101		0		101		0		0		101		0		0		0		101		0		0		0		0		101		0		0		0		0		101		0		101		0		0		0		0		101		0		0		0		101		0		0		0		0		0		0		0		0		0		0		0		0		0		101		0		0		0		101		0		0		0		101		0		0		0		0		0		0		0		0		0		0		0		0		0		101		101		0		101		101		101		0		101		101		0		101		0		0		0		101		
0		0		0		0		101		0		101		0		0		0		0		0		0		0		0		0		0		101		0		0		0		101		101		0		101		0		0		0		0		0		0		0		0		0		0		0		0		0		0		101		0		0		101		0		101		0		0		0		0		0		0		101		0		101		0		0		0		0		0		101		101		0		0		0		0		0		0		0		101		0		0		0		0		0		0		0		0		101		0		0		0		101		0		0		0		0		0		0		101		0		101		0		101		0		0		0		0		0		0		0		
101		0		101		0		0		101		0		101		101		101		0		0		0		0		0		0		101		0		101		101		0		0		0		0		0		0		0		0		101		0		0		0		0		0		0		0		0		101		0		0		0		0		0		101		0		0		101		0		0		0		101		0		0		101		0		101		101		0		101		0		0		0		101		101		101		101		101		0		0		0		0		0		101		0		0		0		101		101		0		101		0		0		0		0		0		0		0		0		0		0		0		101		0		101		0		0		101		0		101		101		
0		0		0		101		0		0		101		0		0		0		0		101		0		101		0		0		101		0		101		101		101		0		0		101		0		0		0		0		0		101		0		0		0		101		0		0		0		0		0		0		0		0		0		0		0		0		101		0		0		0		0		101		0		0		101		0		0		101		0		0		0		101		0		0		0		0		0		101		0		101		0		0		0		0		0		101		101		0		0		0		0		0		101		0		0		101		0		0		0		0		101		0		0		101		0		101		0		0		0		0		
0		101		0		101		0		0		0		0		0		0		0		101		0		0		0		0		0		0		0		101		101		0		101		0		0		0		0		0		0		0		0		101		101		101		0		0		101		101		0		0		0		0		0		0		0		0		0		0		0		101		0		0		0		0		0		101		0		0		101		0		101		101		0		0		0		101		0		101		0		0		101		0		0		0		0		0		101		0		0		0		0		0		0		0		101		0		101		0		101		0		101		101		0		101		0		101		0		0		101		0		
0		101		0		0		0		0		0		0		0		0		0		0		0		0		0		0		101		101		0		0		0		101		0		0		0		0		0		0		101		101		101		0		101		0		0		0		0		101		0		0		0		0		0		101		0		0		101		0		0		0		101		0		0		0		0		0		101		0		0		0		0		0		101		0		0		0		0		0		0		0		0		0		101		0		0		0		0		0		101		101		0		0		0		0		0		0		0		0		101		0		101		101		101		0		0		0		0		101		0		0		
0		101		101		0		101		0		101		0		0		101		101		101		0		0		0		101		0		101		0		0		101		0		101		0		0		0		0		0		0		0		0		0		101		0		101		0		101		0		0		101		0		101		101		101		0		0		0		101		0		101		0		0		101		0		101		101		101		0		0		0		101		0		0		101		0		101		0		101		101		0		101		0		0		101		0		101		101		0		0		0		0		0		0		0		101		0		0		0		101		101		101		0		0		101		0		0		0		0		0		0		
0		0		0		0		0		101		0		0		0		0		0		0		0		0		0		101		0		0		0		101		0		0		0		101		101		0		0		0		0		0		0		0		101		0		0		0		0		0		0		0		101		0		101		0		0		0		0		0		0		0		0		0		0		0		0		101		0		0		0		0		0		101		0		0		0		0		0		101		0		0		101		101		0		0		0		0		101		0		101		0		0		0		0		101		101		0		0		0		0		0		0		0		0		0		0		0		101		0		0		101		
0		0		0		101		101		0		0		101		0		0		0		0		0		0		0		0		101		101		0		0		0		0		0		101		101		0		0		101		0		0		0		0		101		0		0		101		0		0		0		0		101		0		101		0		0		101		101		0		0		101		101		101		0		0		0		0		0		101		101		0		101		0		0		0		0		101		0		0		101		0		0		101		0		0		0		0		101		101		101		0		0		0		0		0		101		0		0		0		101		0		0		0		0		101		0		101		0		0		0		101		
0		101		0		101		0		0		0		0		0		101		0		0		0		0		0		101		0		0		0		0		0		0		0		0		0		101		0		101		0		0		101		0		0		0		0		101		0		0		0		101		0		101		0		101		0		0		0		0		0		0		0		101		101		0		0		0		0		101		101		0		0		101		101		0		0		101		101		0		101		0		0		0		0		0		0		0		0		0		101		0		0		0		101		0		101		101		101		0		0		0		0		101		101		0		0		0		0		0		0		0		
101		0		101		0		0		101		0		0		0		0		0		0		0		101		0		101		0		0		0		0		0		0		0		0		0		0		101		101		0		0		0		101		101		0		0		0		0		0		101		0		0		0		101		0		0		0		101		0		101		0		0		101		0		0		101		0		101		101		0		101		0		101		101		0		0		101		101		0		101		0		0		0		0		0		101		0		0		101		101		101		101		0		0		101		0		0		0		101		0		0		0		0		0		0		101		0		101		0		101		0		
0		101		0		101		0		0		0		101		0		0		0		0		101		0		0		0		0		0		0		0		0		0		0		0		101		101		101		101		101		0		0		101		101		101		0		0		0		0		0		0		0		0		0		101		0		101		0		0		0		0		0		0		0		0		0		0		0		0		0		0		101		101		0		0		0		0		101		0		101		0		0		0		101		101		0		101		101		0		0		101		0		0		101		101		101		0		0		0		0		0		0		101		0		101		0		101		0		101		101		0		
0		0		101		0		0		0		101		0		0		0		0		0		0		0		101		101		101		0		101		0		0		101		0		0		0		0		0		101		101		0		101		0		0		101		101		101		0		0		0		0		0		0		0		101		0		0		101		101		101		0		0		0		101		101		101		101		0		0		0		0		0		0		0		0		101		0		101		0		101		101		0		0		101		101		101		0		0		101		101		101		0		101		0		0		0		0		0		0		101		101		0		0		0		0		0		101		0		101		101		0		
101		0		0		0		0		0		101		0		101		101		0		0		101		0		0		101		0		0		0		101		0		101		0		0		0		0		0		0		0		101		0		101		0		101		0		0		0		0		0		0		0		101		101		101		0		101		0		0		0		0		0		0		0		0		0		101		0		0		0		0		0		0		0		0		101		101		0		0		0		0		0		101		0		0		0		0		0		0		101		0		0		0		101		0		101		0		101		0		0		101		101		0		101		0		0		0		101		0		0		0		
101		0		0		0		0		0		0		0		0		0		0		0		0		0		0		0		0		0		0		0		0		101		0		0		0		101		0		0		101		0		101		0		101		101		0		101		0		0		0		0		0		101		0		0		0		101		0		0		101		0		0		0		101		101		101		0		0		0		0		101		0		101		0		0		0		0		0		0		0		101		0		0		101		0		101		0		101		0		0		0		0		0		0		101		0		0		0		101		101		0		0		0		0		0		0		101		0		101		0		0		
0		0		0		0		0		0		0		101		0		0		101		0		0		0		0		101		0		0		0		0		101		0		0		0		0		0		101		101		0		101		0		101		0		0		101		0		0		0		0		0		101		0		101		0		0		0		101		0		0		0		0		0		101		0		0		0		0		0		0		0		0		0		0		101		101		101		0		101		101		0		0		0		0		0		101		0		0		0		0		101		0		0		0		0		0		101		0		0		0		0		101		0		0		101		0		101		0		101		0		0		
101		0		0		0		0		101		101		0		0		101		0		101		0		0		0		0		0		0		0		0		101		101		101		101		101		0		101		101		0		0		101		0		101		101		0		0		0		0		0		0		0		0		0		101		0		101		0		0		0		0		0		0		101		0		101		0		101		101		101		101		0		0		101		0		0		0		101		0		0		101		0		101		0		0		0		0		101		0		0		0		101		0		101		101		0		0		101		0		101		0		101		0		101		0		0		0		0		0		101		101		
101		0		0		0		0		101		0		101		0		0		101		101		0		0		0		101		101		0		0		101		101		0		0		0		0		0		0		101		101		101		101		0		101		101		101		0		101		0		0		0		0		0		0		0		0		0		101		0		0		0		0		0		101		0		0		0		0		0		0		101		0		0		0		0		0		0		0		0		0		0		101		101		0		0		0		101		0		0		101		0		0		0		0		0		0		101		101		101		0		0		0		0		101		101		101		0		0		0		0		0		
0		101		0		0		101		101		0		0		101		0		0		101		0		0		0		0		0		0		0		0		0		0		101		0		0		0		0		0		101		0		0		101		0		101		101		101		0		0		101		101		0		0		0		0		0		101		101		0		101		0		0		101		0		0		0		101		0		101		101		101		0		101		0		101		0		0		0		0		0		0		0		0		0		101		0		0		0		0		101		0		0		0		0		0		101		101		0		0		101		0		101		101		0		0		0		0		0		0		0		101		
0		0		101		0		0		0		101		0		101		0		0		101		101		0		0		0		0		0		0		0		0		0		0		0		101		101		0		0		101		0		101		0		0		0		101		101		0		0		0		101		0		101		0		0		0		101		101		0		0		0		0		0		0		0		0		0		101		0		101		0		0		0		0		0		0		0		0		0		101		0		101		101		101		0		0		0		0		0		0		101		0		0		0		0		0		0		101		0		0		0		0		101		0		0		0		0		0		0		0		0		
0		101		0		0		0		101		101		0		101		0		101		0		101		0		0		0		0		0		0		0		101		0		101		0		0		0		0		0		0		0		0		0		0		101		0		0		101		0		0		0		0		0		0		101		0		0		0		101		0		101		0		101		0		0		101		0		0		101		0		0		0		101		0		101		101		0		0		101		0		0		0		101		0		0		0		0		0		0		0		101		0		0		0		0		101		0		101		101		0		101		0		0		101		101		101		0		101		0		0		0		
0		0		0		101		0		0		101		0		0		0		101		0		0		0		0		0		0		0		101		0		101		101		0		0		0		0		0		0		0		0		0		0		0		0		0		0		0		101		0		0		0		0		0		0		0		0		0		0		0		0		101		0		101		101		101		0		0		101		0		0		0		101		0		0		0		101		0		0		101		101		101		0		101		101		101		0		101		0		101		101		0		0		0		0		0		0		0		0		0		101		0		0		101		0		101		0		0		0		0		101		
0		0		0		0		101		0		0		0		0		101		0		0		101		101		0		0		101		0		0		0		0		0		0		0		0		0		101		0		0		0		0		0		0		0		101		0		0		0		101		101		101		0		0		0		0		0		0		0		0		0		0		0		0		101		0		0		0		0		101		0		101		101		101		0		0		0		0		101		101		0		0		0		0		0		101		0		0		0		0		0		101		0		0		101		0		0		0		0		0		0		101		0		0		0		0		0		0		0		101		0		
0		101		0		0		101		101		0		0		101		101		0		0		0		0		0		0		0		101		0		0		0		0		101		0		0		101		0		0		0		0		0		0		0		0		101		101		0		0		101		101		0		0		0		0		0		0		0		0		0		0		0		101		101		0		101		101		0		101		0		0		101		0		0		101		101		101		101		0		0		0		0		101		101		0		0		0		0		0		101		0		101		101		0		0		101		0		0		0		0		0		101		0		0		101		0		101		0		101		0		0		
0		0		0		0		0		101		0		0		0		0		101		0		0		0		101		0		101		0		0		0		0		0		0		101		101		0		0		0		0		0		0		101		0		0		0		0		0		0		101		0		101		0		0		0		0		0		0		0		0		0		0		0		101		0		101		101		0		0		0		101		0		101		101		0		101		101		0		0		101		0		0		0		0		0		0		101		0		0		0		0		101		101		0		101		101		0		0		0		0		0		101		0		0		0		0		101		0		0		0		0		
0		0		0		0		0		0		0		101		0		0		0		0		0		0		101		0		0		0		0		0		0		0		101		0		0		101		0		0		0		101		101		0		0		0		0		101		0		0		0		0		0		101		0		0		101		101		0		101		0		101		0		0		101		0		0		101		101		101		0		0		101		0		101		0		0		101		101		0		0		0		0		101		0		0		0		101		101		101		101		101		0		0		101		101		0		101		0		0		101		0		0		0		0		0		101		0		101		101		0		101		
101		0		0		101		0		101		0		101		101		0		0		0		101		0		0		101		0		101		0		0		0		0		101		101		101		0		101		0		0		101		0		101		0		0		0		0		0		0		0		0		0		0		101		0		0		101		0		0		0		0		0		0		0		0		0		0		0		0		0		101		101		0		0		0		0		0		0		0		0		101		0		101		0		0		0		0		0		0		0		101		101		0		0		0		0		101		0		0		101		0		0		0		0		0		101		0		0		0		0		101		
101		101		0		0		101		0		0		0		0		0		0		0		101		0		0		0		0		0		101		0		0		101		101		0		0		101		0		101		101		101		0		0		101		0		0		0		101		0		0		0		0		0		0		101		0		0		0		101		0		0		0		0		0		101		0		0		0		101		0		0		101		0		0		0		0		0		101		0		101		0		0		0		0		101		0		0		0		0		101		0		101		0		101		0		0		0		0		0		101		0		0		0		0		0		101		101		0		0		101		0		
0		0		101		101		101		101		0		101		0		0		101		101		101		0		0		0		0		101		0		0		0		0		0		0		0		0		0		0		0		0		0		0		0		0		0		0		0		0		0		0		0		101		0		0		101		101		0		0		0		0		0		0		101		0		0		0		101		0		101		0		0		101		101		0		101		0		101		101		0		0		0		0		0		0		0		0		0		0		101		101		101		0		0		101		101		101		101		0		101		0		101		0		0		0		101		101		101		0		101		0		
0		101		0		0		0		101		0		0		101		101		0		0		101		101		0		0		101		0		0		0		0		0		0		0		101		0		0		101		0		101		101		0		101		0		101		101		0		0		0		0		0		101		101		0		101		101		101		0		0		0		0		0		0		0		101		101		101		0		0		0		0		0		101		0		0		101		0		0		101		0		101		0		0		101		0		0		101		0		0		0		101		0		0		0		0		0		0		0		101		0		0		0		0		0		0		0		0		101		0		0		
0		101		101		0		0		0		101		0		101		0		0		0		0		0		101		0		0		0		101		101		0		101		0		0		101		0		101		0		101		0		0		101		0		101		101		101		0		0		0		0		0		0		0		0		0		101		101		0		0		101		0		0		0		0		101		0		0		0		0		0		101		0		101		0		0		101		0		0		0		101		0		101		0		0		0		0		0		0		0		101		0		0		101		0		0		101		0		101		0		0		0		0		101		0		0		0		101		101		0		0		
0		101		0		0		0		0		0		101		0		0		0		101		0		0		101		0		0		0		0		0		0		0		101		0		0		0		0		0		101		0		0		0		0		0		0		0		101		0		0		0		0		101		0		101		0		0		0		101		0		0		0		0		0		0		101		0		101		101		101		0		101		0		0		0		101		0		0		0		0		0		0		101		101		0		0		101		101		0		0		0		0		0		0		0		0		0		0		101		101		0		0		0		0		0		0		0		0		101		0		0		
101		101		101		0		101		0		0		0		0		101		0		0		0		0		0		0		0		0		0		0		0		0		0		0		0		0		101		0		101		0		101		0		0		0		101		0		0		0		0		0		0		0		0		0		0		0		0		0		101		101		0		0		101		0		0		0		0		0		101		101		101		101		0		101		101		0		0		101		0		0		0		0		101		0		0		0		101		0		0		101		0		101		0		0		101		101		0		0		0		0		101		101		0		0		0		0		0		101		0		101		
101		0		101		0		0		0		0		101		0		0		0		0		101		0		0		101		101		0		0		0		101		0		101		0		101		0		0		0		0		0		0		0		0		0		0		0		101		0		0		0		0		101		0		0		0		0		101		0		101		101		0		0		0		0		101		0		0		0		101		0		0		0		0		101		0		0		0		0		101		0		0		0		0		0		0		101		0		101		0		0		0		101		0		0		0		101		0		101		0		101		101		101		0		0		101		0		101		0		0		0		
0		0		101		0		101		101		0		0		0		0		101		101		0		101		0		101		0		0		101		0		0		101		0		0		101		0		0		0		0		0		0		0		0		0		0		0		0		101		0		0		0		0		0		0		0		0		0		0		0		0		101		0		0		0		0		0		101		0		0		0		0		0		0		101		0		0		0		101		0		0		101		101		101		0		0		101		0		0		0		101		0		0		0		0		0		0		0		0		0		0		0		101		0		0		0		0		0		0		0		0		
0		0		0		0		0		0		0		0		0		0		0		101		0		101		0		0		0		101		0		101		0		0		0		0		101		101		101		0		0		0		0		0		0		0		101		0		101		0		0		101		0		0		0		0		0		0		0		0		0		0		0		101		0		101		0		0		0		0		101		101		0		0		101		101		0		0		0		101		101		0		0		0		0		101		0		101		101		0		101		0		0		0		0		0		0		101		0		0		0		101		101		101		101		0		0		0		0		0		0		0		
0		101		0		101		101		101		0		0		101		0		0		0		101		0		101		0		0		0		0		0		0		0		101		0		0		101		0		0		101		0		101		101		101		101		0		0		0		101		0		101		101		101		0		0		101		0		0		0		101		0		0		0		101		101		0		0		0		101		0		101		101		0		0		101		0		101		0		0		0		0		101		0		0		0		0		0		0		0		101		0		0		0		0		0		0		0		0		0		101		101		101		0		0		0		101		101		0		0		0		101		
0		0		101		0		101		0		0		0		0		0		0		0		0		101		0		0		0		101		101		0		0		0		0		0		0		0		0		0		101		0		101		0		0		0		0		0		0		101		101		0		0		0		0		101		0		0		0		0		0		0		0		101		101		101		0		101		0		0		101		0		0		0		0		101		0		0		0		0		101		101		0		0		101		101		101		101		0		101		0		0		0		0		0		0		101		0		101		0		0		0		0		0		101		0		101		0		0		101		101		0		
101		0		0		101		0		101		0		0		0		101		0		101		101		0		101		0		0		0		0		101		0		0		101		0		0		0		101		0		101		0		101		0		101		0		0		0		101		101		0		101		101		0		0		0		0		101		101		101		0		101		0		0		0		0		101		0		101		0		101		101		0		0		0		0		101		0		0		101		101		0		0		0		101		101		101		0		0		101		0		0		0		0		101		0		101		0		101		0		0		0		101		0		101		0		0		0		0		0		0		0		
0		0		0		0		0		101		0		0		0		101		101		0		101		0		0		0		0		0		101		0		101		0		101		101		0		0		0		0		101		101		0		0		0		0		101		0		0		0		0		101		101		101		0		0		0		101		0		0		0		0		0		0		0		101		0		101		0		101		101		0		0		0		0		0		0		0		0		0		0		0		101		0		0		0		0		101		0		0		0		0		0		0		0		0		0		101		0		0		101		0		101		101		0		101		0		0		0		0		0		101		
0		0		0		0		0		0		0		0		0		101		0		0		101		101		101		0		0		0		101		0		0		101		101		0		0		0		101		0		0		0		0		0		101		0		0		101		0		0		0		0		0		101		0		0		101		101		0		101		0		0		101		0		0		0		101		0		101		101		0		0		0		0		101		101		101		0		101		0		0		0		0		101		0		0		0		0		101		0		0		101		0		0		101		0		0		0		0		0		0		0		0		0		0		0		0		101		101		0		0		0		
0		0		0		0		101		0		101		0		101		101		0		0		0		101		101		0		0		0		0		101		0		0		0		0		101		101		101		0		0		0		0		0		101		0		101		0		101		101		0		101		0		101		0		101		0		0		0		101		0		0		0		0		101		0		0		101		101		101		0		0		0		101		101		0		0		0		0		0		0		0		101		101		0		0		0		101		0		0		101		101		0		101		0		0		0		101		101		0		0		0		0		0		0		0		101		0		101		101		101		101		
0		101		0		0		0		0		101		0		0		0		101		101		0		0		101		0		0		0		101		0		101		0		0		0		101		101		0		0		0		0		0		0		101		0		101		101		0		0		101		0		0		0		0		0		101		0		0		101		101		101		0		101		0		101		101		101		0		0		101		0		0		0		0		0		0		101		0		101		0		0		0		0		0		0		0		0		0		0		0		0		0		101		0		101		0		101		101		0		0		0		101		0		0		0		0		101		101		101		0		0		
101		0		0		0		0		0		0		101		101		101		101		101		0		0		101		0		0		101		0		0		0		0		0		0		0		0		101		0		0		0		101		0		101		101		101		0		0		0		0		0		101		0		101		0		0		0		0		0		101		0		0		101		101		0		101		0		0		0		0		101		101		0		0		101		0		0		0		0		0		101		0		101		101		0		0		0		101		0		0		0		0		0		0		101		0		101		0		0		0		0		0		101		0		101		0		0		0		0		101		0		
0		0		0		101		101		101		101		0		0		0		101		0		0		101		0		101		0		101		0		0		101		0		101		0		101		0		0		101		0		0		0		0		0		0		0		0		0		0		101		101		0		101		101		101		0		0		101		101		101		0		0		0		101		0		0		0		0		0		0		101		101		0		0		0		0		0		0		0		0		0		0		0		0		0		101		0		0		0		101		0		101		0		101		0		0		101		0		0		0		0		0		101		101		0		0		101		0		101		0		101		
0		0		0		101		0		0		0		0		0		101		101		101		101		101		0		0		0		0		0		101		101		0		0		101		0		101		101		101		0		0		101		0		0		0		101		0		101		101		101		0		101		0		0		0		101		0		0		0		101		0		0		0		0		0		0		0		0		101		0		0		0		101		0		101		0		0		101		101		101		0		101		101		101		0		0		0		0		0		0		0		101		0		0		101		0		101		0		101		101		0		0		0		0		0		101		0		101		0		0		0		
0		101		101		0		0		0		101		0		101		0		0		0		101		0		0		0		0		0		101		0		0		101		0		0		0		101		101		0		0		0		0		0		101		0		0		0		0		0		101		0		101		101		0		0		101		101		101		0		0		0		0		101		0		0		0		0		101		101		0		0		0		0		101		0		101		0		0		0		0		0		0		101		0		0		101		101		101		101		0		0		0		0		0		0		101		101		0		101		0		101		0		0		0		0		0		0		0		0		0		101		
101		0		0		0		101		0		0		101		0		0		0		101		0		0		101		0		101		0		101		0		0		0		101		0		0		0		0		0		0		0		0		101		0		0		101		0		101		0		0		101		0		0		0		0		0		0		0		0		101		101		101		101		101		101		0		0		101		0		0		101		0		101		0		101		0		0		101		101		0		0		101		0		0		0		0		101		101		101		0		0		0		0		0		0		0		0		101		101		0		0		0		0		0		101		0		0		0		0		101		0		
101		0		0		0		101		0		0		0		101		101		0		0		101		0		0		0		0		0		101		0		0		0		0		0		0		0		0		0		101		101		0		101		0		0		0		0		101		0		0		101		101		0		0		0		101		0		0		101		101		0		0		0		0		0		101		0		101		0		0		0		0		0		101		0		101		0		0		101		0		0		101		101		0		101		0		0		101		0		0		0		101		0		101		0		0		101		0		0		0		0		101		0		0		0		0		0		0		0		0		101		
101		0		0		0		0		0		0		0		0		101		101		0		0		0		0		101		0		0		101		0		101		0		101		0		101		101		101		0		0		101		0		101		0		0		0		0		0		101		0		101		101		101		0		0		0		101		101		0		0		0		0		0		101		0		0		0		0		0		101		0		0		0		0		0		0		101		0		0		101		0		0		101		0		0		0		0		0		101		101		101		0		0		0		0		101		0		0		101		0		101		0		0		0		101		101		0		0		0		0		0		
101		0		0		0		0		101		101		101		0		101		0		0		0		0		101		0		0		0		101		0		0		0		0		0		0		101		101		101		101		0		0		0		101		0		0		0		0		0		0		101		0		101		0		101		101		0		0		0		0		0		0		0		0		0		0		0		101		0		0		0		0		101		0		101		0		0		101		0		0		0		0		0		101		0		0		0		101		0		101		0		0		0		0		0		101		0		0		0		0		0		0		101		0		0		101		0		0		0		0		101		
0		0		0		0		0		101		101		0		0		101		0		0		0		101		0		0		101		0		0		101		101		0		101		101		0		0		0		0		0		0		0		101		0		0		0		0		101		0		101		0		0		0		0		0		101		0		0		0		101		0		101		101		0		0		101		0		0		0		101		0		0		101		0		101		101		0		0		101		0		101		0		0		0		101		101		0		0		101		101		0		0		0		101		0		0		101		101		0		0		0		0		0		0		0		101		0		0		101		101		0		
0		0		0		0		0		0		0		0		101		0		0		101		101		0		0		101		0		101		0		0		0		0		101		0		101		101		101		101		101		0		0		101		0		0		0		101		0		101		101		0		101		0		0		101		0		101		0		0		0		101		0		101		0		101		101		0		0		0		0		0		0		101		0		0		0		101		0		0		101		0		0		101		0		101		0		0		0		101		101		0		0		101		0		0		0		0		101		0		0		101		0		0		101		0		0		0		101		101		0		0		
0		101		0		101		101		0		101		0		101		101		0		0		0		101		0		0		0		0		0		101		0		0		0		0		0		0		0		0		101		0		101		0		101		0		0		0		0		101		0		0		0		0		101		0		0		0		101		0		0		0		0		0		0		101		0		0		0		0		0		101		0		0		0		0		0		0		0		101		0		101		0		0		101		0		0		0		101		0		0		0		0		101		0		0		0		0		101		101		0		101		0		0		0		101		101		0		0		0		0		101		
0		0		0		0		0		0		0		101		101		0		101		0		0		101		0		101		0		0		0		0		101		0		101		101		0		0		0		0		0		0		0		0		0		101		0		101		0		101		0		0		0		0		0		0		0		101		0		0		0		0		101		0		101		0		0		101		0		101		0		0		0		101		0		101		101		0		0		0		0		0		101		0		0		101		0		101		0		101		0		101		101		101		0		101		0		101		101		0		101		101		0		101		101		0		0		0		0		0		101		0		
0		0		0		0		0		0		101		0		0		0		0		0		0		0		101		0		101		0		0		0		0		0		0		101		101		0		0		0		0		101		0		0		101		101		0		101		101		0		0		101		0		101		101		0		0		0		101		101		0		0		101		0		0		0		0		0		101		101		0		101		0		101		101		0		101		101		0		0		101		0		0		101		0		0		0		0		0		101		0		0		101		0		0		0		0		0		0		101		0		0		101		101		101		0		0		0		0		0		101		101		
101		0		101		0		0		0		0		0		0		0		0		101		101		0		0		101		0		0		101		0		0		101		0		0		0		0		0		101		101		0		101		0		0		0		0		101		0		101		0		101		0		0		0		0		0		0		0		101		101		0		101		0		0		101		101		0		0		0		0		101		0		101		0		0		0		0		101		0		0		101		0		0		101		0		0		101		0		0		0		0		0		101		0		0		0		101		101		101		0		0		0		101		0		0		101		0		0		0		0		0		
0		0		101		101		101		0		0		101		0		0		101		101		0		0		0		0		0		0		0		0		0		0		101		0		0		0		0		101		101		0		0		0		0		0		101		0		0		101		0		0		0		0		0		101		0		101		0		0		0		0		0		101		0		101		101		0		0		0		0		0		0		0		0		0		101		0		0		101		101		0		101		0		0		101		0		0		0		0		0		0		101		0		0		0		0		101		0		0		101		101		0		101		101		0		0		0		101		0		0		0		
101		101		0		101		0		0		0		101		0		0		0		101		0		0		0		0		0		0		0		0		0		0		0		0		0		0		101		0		101		0		101		101		0		0		0		0		0		101		101		0		0		0		0		0		0		0		0		0		0		0		0		0		0		101		101		0		0		0		0		0		101		0		101		0		0		0		0		101		0		0		0		0		0		0		101		0		0		101		0		0		0		0		101		0		0		0		101		0		0		101		0		0		0		0		0		101		0		101		101		0		
101		0		0		0		101		0		0		0		0		0		0		101		0		0		101		0		0		0		0		101		0		0		101		0		0		0		0		101		0		0		0		0		0		101		0		0		0		0		0		0		101		101		0		0		0		0		0		101		0		101		101		101		0		101		0		101		0		101		0		0		0		0		101		101		0		0		0		0		0		0		101		0		101		0		0		101		0		0		0		0		0		0		0		101		101		101		0		0		0		0		0		0		0		0		0		0		0		101		0		101		
0		0		0		0		101		0		0		0		0		0		0		0		101		0		101		0		0		0		101		101		101		0		101		101		101		0		0		101		0		0		101		0		101		0		0		0		0		101		0		0		0		101		0		0		0		101		0		101		101		0		0		101		0		0		0		0		101		0		0		101		0		0		101		101		101		0		101		0		0		101		0		0		0		0		0		0		101		101		0		101		0		101		0		101		0		101		0		0		0		101		0		0		0		0		101		0		0		0		101		101		
101		101		0		0		0		101		0		0		101		0		0		0		101		101		0		0		0		101		101		0		0		0		0		0		101		0		101		0		101		0		0		0		0		0		0		0		0		0		0		0		0		101		0		0		0		0		0		0		0		101		0		0		0		101		101		0		0		0		0		0		0		0		101		101		0		101		0		101		101		0		101		101		0		0		101		0		101		101		0		0		101		0		0		0		0		101		0		0		0		0		0		0		101		0		0		0		0		0		101		101		
0		0		0		101		0		0		0		0		0		0		0		101		101		0		101		101		0		0		0		0		0		101		0		101		101		101		101		0		101		101		0		0		0		101		101		0		0		101		0		101		0		101		0		101		101		0		0		0		0		0		0		101		101		0		0		0		0		101		0		0		101		0		0		0		0		101		101		101		101		0		0		0		0		0		0		0		0		0		101		0		0		0		0		101		101		0		0		0		101		0		101		0		0		0		0		0		0		101		0		0		
101		101		0		0		0		0		0		101		101		101		101		0		101		0		101		0		0		0		101		0		0		101		0		0		0		0		101		101		101		0		0		101		0		0		0		101		101		101		0		0		0		101		101		0		101		0		101		0		101		0		101		0		0		0		0		0		101		101		0		0		0		0		0		0		0		101		0		0		0		0		101		0		0		0		0		0		101		0		0		101		0		101		101		0		0		0		0		0		0		101		101		0		0		101		0		101		0		0		0		101		
101		0		101		0		0		0		0		101		0		0		0		0		101		0		0		0		0		0		0		0		0		0		0		0		0		0		101		0		0		0		0		0		101		0		0		0		0		0		101		101		101		0		101		101		101		101		0		0		0		0		0		0		0		0		0		0		0		0		0		0		101		101		0		0		101		0		0		0		0		0		101		101		0		101		0		0		0		101		0		0		101		0		101		101		101		101		0		101		0		0		0		0		0		101		0		0		0		0		0		101		
0		0		0		101		0		101		0		101		0		101		101		0		0		0		101		101		0		101		0		0		0		0		0		0		0		0		0		0		101		0		0		0		0		0		0		0		0		0		0		101		101		0		0		0		0		0		0		0		101		101		0		0		0		0		0		0		0		101		101		0		0		0		0		0		0		0		0		0		101		101		101		0		101		0		0		0		101		0		0		101		0		101		0		101		0		0		0		0		0		0		0		0		0		0		101		0		0		101		0		0		
0		0		0		0		0		101		101		0		101		101		101		101		0		0		0		0		0		0		0		101		0		0		0		0		0		101		0		101		0		101		0		0		101		0		0		0		0		0		0		0		0		101		0		101		0		0		101		0		0		0		0		0		0		0		101		0		101		0		0		0		101		0		0		0		101		0		0		101		0		0		0		0		0		0		101		0		0		0		0		101		101		0		101		0		0		0		0		101		0		101		0		101		0		0		0		0		0		0		0		101		
101		0		0		0		0		101		0		0		0		0		0		101		0		0		101		0		0		0		0		0		0		0		0		101		0		0		101		101		0		0		101		0		101		0		0		0		0		0		101		0		101		101		0		0		101		0		0		0		0		0		0		0		0		0		0		0		0		0		101		101		0		101		0		0		0		0		0		0		0		0		101		0		0		0		0		101		101		0		101		0		101		101		0		101		101		101		101		0		0		0		0		0		0		0		101		0		101		101		0		101		
101		0		0		0		0		0		101		0		0		0		0		0		0		0		0		0		0		0		0		0		101		0		101		101		101		101		0		101		0		101		0		0		0		0		101		0		101		0		0		101		101		0		0		0		101		0		0		0		101		0		0		0		0		101		101		0		0		0		0		0		0		0		101		0		0		101		101		0		0		0		0		0		0		0		0		101		0		0		101		0		101		0		0		101		101		101		0		101		0		0		101		0		0		0		0		101		0		0		0		0		
0		101		101		0		101		101		0		101		101		0		0		0		0		101		0		0		101		0		0		101		0		0		0		0		0		101		0		0		0		0		0		101		0		101		101		0		0		0		0		0		0		101		101		0		101		0		101		0		101		101		0		101		0		0		0		101		0		101		101		101		101		101		101		0		101		0		0		101		0		0		101		0		101		101		0		101		101		101		0		0		101		0		0		101		101		101		101		0		101		0		0		0		0		0		101		0		0		0		0		101		
0		0		101		101		0		0		101		0		101		0		0		0		0		101		101		0		101		0		0		0		101		0		0		0		0		101		0		0		0		101		0		0		101		101		0		101		101		0		0		0		0		0		0		0		101		0		0		0		0		0		0		0		0		101		101		0		0		101		101		0		0		0		0		101		0		0		0		101		101		101		101		0		101		0		101		0		0		0		0		0		0		0		0		101		0		101		101		0		0		0		0		0		0		0		0		0		0		0		0		101		
0		0		0		0		101		0		0		101		0		0		101		0		0		0		0		0		0		0		0		0		0		0		0		0		0		0		101		0		0		0		101		0		0		101		0		0		101		0		0		0		0		0		0		0		0		0		101		101		0		101		0		0		0		0		0		0		0		0		0		0		0		101		101		101		0		101		0		0		0		101		0		101		101		0		0		0		0		0		0		0		101		0		101		0		101		0		0		101		0		0		0		0		0		0		101		0		101		0		0		0		
0		101		101		0		0		0		101		0		0		0		0		0		101		0		101		0		101		101		0		0		101		101		101		0		101		0		0		0		101		0		101		0		101		0		101		0		0		0		0		0		0		101		101		101		101		101		0		101		0		0		0		0		101		0		0		101		0		0		0		0		0		101		0		0		0		0		0		0		0		0		101		0		0		101		0		0		0		0		101		0		0		0		0		0		0		101		0		0		101		0		0		101		0		0		101		101		101		101		101		0		
101		101		0		0		0		0		101		101		0		101		0		101		0		0		101		0		101		0		0		0		0		0		101		0		0		0		0		0		101		101		0		0		0		0		0		0		101		101		0		0		0		0		0		0		0		0		0		0		0		101		0		101		101		0		0		0		0		0		0		0		0		0		101		0		0		101		0		0		101		101		101		0		0		101		101		0		101		0		0		101		0		0		101		0		0		0		0		0		0		101		0		101		0		0		101		0		0		0		0		101		
0		0		0		0		101		0		0		101		101		101		0		101		0		0		101		101		101		101		0		101		101		101		101		0		0		0		0		0		0		101		0		101		101		0		101		0		0		0		101		101		101		0		0		0		101		0		0		0		101		101		0		101		101		0		101		101		0		0		101		0		0		0		0		0		101		0		0		0		0		0		0		101		0		0		0		0		0		0		101		101		0		0		0		0		101		0		0		0		0		0		101		101		101		101		0		0		0		0		101		0		
0		101		0		0		0		101		0		0		0		101		0		0		0		0		101		0		0		0		101		0		101		101		0		0		0		101		0		101		0		0		0		0		0		0		101		101		0		0		0		0		0		0		0		0		0		0		0		0		101		101		101		101		0		0		0		101		0		0		0		101		101		0		0		0		0		0		101		0		0		0		101		101		101		101		0		0		0		0		0		0		0		0		101		0		0		0		0		0		101		101		101		101		0		101		0		0		0		101		0		0		
0		0		0		0		101		0		0		101		0		0		0		0		101		101		0		0		101		101		0		0		0		101		0		0		0		101		0		0		0		101		0		0		101		101		0		0		101		101		0		0		0		0		0		0		0		0		101		0		0		0		0		101		0		101		101		0		0		0		0		0		101		0		0		0		0		0		0		0		101		0		101		101		0		101		0		0		0		101		0		0		0		0		0		0		0		0		0		0		0		0		101		0		101		0		0		101		0		0		101		101		
0		0		0		0		101		0		101		0		101		0		0		0		0		0		0		101		101		0		101		101		101		0		101		0		101		0		0		101		0		0		0		101		0		101		0		0		101		0		0		101		0		0		0		0		0		0		0		0		0		0		0		0		0		0		0		101		0		0		0		101		0		0		0		101		0		101		0		0		0		101		0		0		0		0		0		0		0		0		0		101		101		0		0		0		0		0		0		0		0		0		101		101		0		101		0		0		0		0		0		0		
101		101		0		101		0		0		0		0		0		0		0		101		0		0		0		0		0		0		0		0		0		0		0		0		0		0		101		0		0		0		0		0		0		101		0		0		101		101		0		0		0		101		101		101		101		0		0		0		0		101		0		0		101		101		0		0		0		101		0		0		0		101		0		0		0		101		101		101		0		101		0		0		101		0		0		0		101		0		0		0		0		101		0		101		0		101		0		101		101		101		0		0		0		0		101		101		101		101		101		101		
101		0		0		0		0		0		101		101		0		101		101		101		0		0		0		0		101		0		0		101		101		0		0		0		101		0		0		101		101		0		101		101		0		0		0		0		0		0		0		101		101		0		0		101		101		0		0		0		0		0		0		0		101		0		0		0		101		0		101		0		101		0		0		0		0		0		0		0		0		0		0		0		0		0		101		0		0		0		0		101		0		0		0		0		101		0		0		0		101		0		0		0		101		0		101		101		101		0		101		0		
0		101		0		101		101		0		101		0		101		0		0		0		0		0		0		0		0		0		101		0		0		0		0		101		0		0		101		0		0		101		0		0		0		0		0		0		101		0		0		0		0		101		0		0		101		0		101		0		0		101		0		0		0		0		0		0		101		101		101		0		0		101		0		0		0		0		0		0		101		0		0		0		0		101		0		0		0		0		0		0		0		0		0		101		0		0		0		101		101		0		0		0		0		0		101		101		101		0		101		0		
0		0		101		101		0		0		0		0		0		101		0		101		101		101		0		101		0		0		0		0		0		101		0		0		0		0		0		101		101		0		101		101		0		0		0		0		0		0		0		101		0		101		0		0		0		101		101		101		101		0		0		0		0		101		0		0		0		101		101		0		101		0		0		0		0		0		0		101		101		0		0		0		0		0		101		101		0		0		101		0		0		101		0		101		0		0		0		0		101		0		0		101		0		0		101		0		0		101		0		0		
101		101		0		0		0		0		0		101		0		0		0		0		0		0		101		0		0		0		101		0		101		0		0		0		0		0		101		101		101		0		0		0		101		0		0		0		0		0		101		0		0		0		0		101		101		0		0		0		0		0		0		0		0		101		0		0		0		101		0		101		0		0		0		101		0		0		0		101		0		0		101		101		0		0		101		0		101		101		0		0		0		0		0		0		0		0		0		0		101		0		101		0		101		0		101		101		101		0		101		0		
0		0		101		101		0		101		0		0		101		101		101		0		101		101		0		101		101		0		101		0		0		0		0		101		101		0		0		0		0		0		0		0		101		0		101		0		0		101		0		0		0		101		101		0		0		0		0		0		101		0		0		0		101		0		0		101		0		101		0		0		101		0		101		0		101		0		101		0		0		101		0		101		0		0		0		101		101		101		0		101		101		0		101		101		0		101		101		0		0		101		0		0		101		0		101		0		0		0		0		101		
NDC Pairs
< 1		4 >
< 1		10 >
< 1		13 >
< 1		19 >
< 1		27 >
< 1		30 >
< 1		31 >
< 1		33 >
< 1		34 >
< 1		43 >
< 1		44 >
< 1		49 >
< 1		50 >
< 1		55 >
< 1		60 >
< 1		64 >
< 1		65 >
< 1		66 >
< 1		67 >
< 1		73 >
< 1		75 >
< 1		76 >
< 1		78 >
< 1		80 >
< 1		81 >
< 1		84 >
< 1		85 >
< 1		90 >
< 1		95 >
< 1		96 >
< 1		99 >
< 2		4 >
< 2		8 >
< 2		9 >
< 2		12 >
< 2		13 >
< 2		15 >
< 2		21 >
< 2		22 >
< 2		23 >
< 2		26 >
< 2		28 >
< 2		35 >
< 2		37 >
< 2		40 >
< 2		44 >
< 2		46 >
< 2		47 >
< 2		48 >
< 2		49 >
< 2		53 >
< 2		59 >
< 2		63 >
< 2		70 >
< 2		75 >
< 2		78 >
< 2		80 >
< 2		86 >
< 2		89 >
< 2		90 >
< 2		92 >
< 2		95 >
< 2		97 >
< 2		99 >
< 3		4 >
< 3		6 >
< 3		8 >
< 3		9 >
< 3		13 >
< 3		14 >
< 3		17 >
< 3		19 >
< 3		23 >
< 3		27 >
< 3		29 >
< 3		36 >
< 3		45 >
< 3		47 >
< 3		49 >
< 3		50 >
< 3		51 >
< 3		54 >
< 3		63 >
< 3		73 >
< 3		74 >
< 3		81 >
< 3		86 >
< 3		87 >
< 3		89 >
< 3		98 >
< 3		100 >
< 4		9 >
< 4		11 >
< 4		12 >
< 4		16 >
< 4		20 >
< 4		21 >
< 4		25 >
< 4		26 >
< 4		28 >
< 4		38 >
< 4		43 >
< 4		45 >
< 4		53 >
< 4		55 >
< 4		61 >
< 4		62 >
< 4		70 >
< 4		74 >
< 4		75 >
< 4		79 >
< 4		82 >
< 4		87 >
< 4		95 >
< 4		97 >
< 4		98 >
< 4		100 >
< 5		8 >
< 5		11 >
< 5		18 >
< 5		23 >
< 5		25 >
< 5		35 >
< 5		39 >
< 5		40 >
< 5		44 >
< 5		45 >
< 5		49 >
< 5		51 >
< 5		53 >
< 5		54 >
< 5		58 >
< 5		61 >
< 5		64 >
< 5		65 >
< 5		70 >
< 5		74 >
< 5		76 >
< 5		77 >
< 5		86 >
< 5		88 >
< 5		91 >
< 5		93 >
< 5		94 >
< 5		97 >
< 6		15 >
< 6		19 >
< 6		24 >
< 6		27 >
< 6		33 >
< 6		34 >
< 6		35 >
< 6		37 >
< 6		40 >
< 6		41 >
< 6		43 >
< 6		45 >
< 6		46 >
< 6		51 >
< 6		53 >
< 6		55 >
< 6		56 >
< 6		61 >
< 6		67 >
< 6		68 >
< 6		78 >
< 6		82 >
< 6		83 >
< 6		84 >
< 6		86 >
< 6		92 >
< 6		100 >
< 7		9 >
< 7		11 >
< 7		12 >
< 7		14 >
< 7		16 >
< 7		18 >
< 7		20 >
< 7		23 >
< 7		29 >
< 7		30 >
< 7		33 >
< 7		36 >
< 7		37 >
< 7		38 >
< 7		47 >
< 7		58 >
< 7		59 >
< 7		61 >
< 7		63 >
< 7		67 >
< 7		68 >
< 7		70 >
< 7		72 >
< 7		83 >
< 7		85 >
< 7		87 >
< 7		89 >
< 7		90 >
< 7		94 >
< 7		96 >
< 7		97 >
< 8		9 >
< 8		13 >
< 8		16 >
< 8		19 >
< 8		25 >
< 8		28 >
< 8		32 >
< 8		34 >
< 8		42 >
< 8		43 >
< 8		45 >
< 8		48 >
< 8		50 >
< 8		60 >
< 8		64 >
< 8		67 >
< 8		71 >
< 8		74 >
< 8		75 >
< 8		80 >
< 8		81 >
< 8		82 >
< 8		86 >
< 8		88 >
< 8		90 >
< 8		91 >
< 8		93 >
< 8		96 >
< 8		99 >
< 9		10 >
< 9		15 >
< 9		19 >
< 9		30 >
< 9		35 >
< 9		36 >
< 9		37 >
< 9		40 >
< 9		43 >
< 9		46 >
< 9		47 >
< 9		53 >
< 9		58 >
< 9		60 >
< 9		63 >
< 9		65 >
< 9		69 >
< 9		70 >
< 9		71 >
< 9		78 >
< 9		80 >
< 9		83 >
< 9		86 >
< 9		87 >
< 9		91 >
< 9		94 >
< 9		97 >
< 9		100 >
< 10		15 >
< 10		16 >
< 10		17 >
< 10		19 >
< 10		23 >
< 10		26 >
< 10		30 >
< 10		33 >
< 10		39 >
< 10		40 >
< 10		46 >
< 10		49 >
< 10		55 >
< 10		56 >
< 10		57 >
< 10		58 >
< 10		60 >
< 10		62 >
< 10		65 >
< 10		66 >
< 10		67 >
< 10		68 >
< 10		70 >
< 10		80 >
< 10		82 >
< 10		83 >
< 10		90 >
< 10		91 >
< 10		92 >
< 10		96 >
< 10		98 >
< 10		100 >
< 11		23 >
< 11		32 >
< 11		34 >
< 11		37 >
< 11		38 >
< 11		41 >
< 11		45 >
< 11		51 >
< 11		56 >
< 11		59 >
< 11		60 >
< 11		61 >
< 11		62 >
< 11		66 >
< 11		71 >
< 11		74 >
< 11		80 >
< 11		82 >
< 11		83 >
< 11		88 >
< 11		96 >
< 11		100 >
< 12		15 >
< 12		17 >
< 12		20 >
< 12		21 >
< 12		23 >
< 12		33 >
< 12		34 >
< 12		35 >
< 12		36 >
< 12		45 >
< 12		48 >
< 12		51 >
< 12		52 >
< 12		55 >
< 12		59 >
< 12		60 >
< 12		62 >
< 12		64 >
< 12		69 >
< 12		73 >
< 12		74 >
< 12		75 >
< 12		76 >
< 12		79 >
< 12		83 >
< 12		84 >
< 12		90 >
< 12		91 >
< 12		95 >
< 12		96 >
< 12		98 >
< 13		14 >
< 13		28 >
< 13		30 >
< 13		36 >
< 13		37 >
< 13		39 >
< 13		43 >
< 13		44 >
< 13		45 >
< 13		46 >
< 13		50 >
< 13		53 >
< 13		55 >
< 13		56 >
< 13		57 >
< 13		62 >
< 13		63 >
< 13		65 >
< 13		69 >
< 13		73 >
< 13		77 >
< 13		78 >
< 13		79 >
< 13		80 >
< 13		81 >
< 13		89 >
< 13		93 >
< 13		98 >
< 13		100 >
< 14		15 >
< 14		20 >
< 14		27 >
< 14		39 >
< 14		46 >
< 14		51 >
< 14		52 >
< 14		54 >
< 14		57 >
< 14		58 >
< 14		61 >
< 14		62 >
< 14		68 >
< 14		70 >
< 14		71 >
< 14		78 >
< 14		86 >
< 14		87 >
< 14		93 >
< 14		98 >
< 14		100 >
< 15		16 >
< 15		17 >
< 15		29 >
< 15		41 >
< 15		42 >
< 15		47 >
< 15		48 >
< 15		53 >
< 15		55 >
< 15		57 >
< 15		58 >
< 15		59 >
< 15		60 >
< 15		64 >
< 15		67 >
< 15		72 >
< 15		76 >
< 15		77 >
< 15		79 >
< 15		80 >
< 15		82 >
< 15		84 >
< 15		87 >
< 15		89 >
< 15		90 >
< 15		91 >
< 15		92 >
< 15		99 >
< 16		23 >
< 16		24 >
< 16		26 >
< 16		27 >
< 16		29 >
< 16		30 >
< 16		32 >
< 16		34 >
< 16		43 >
< 16		50 >
< 16		51 >
< 16		61 >
< 16		66 >
< 16		69 >
< 16		71 >
< 16		73 >
< 16		79 >
< 16		82 >
< 16		91 >
< 16		94 >
< 16		98 >
< 16		100 >
< 17		19 >
< 17		20 >
< 17		22 >
< 17		25 >
< 17		29 >
< 17		34 >
< 17		39 >
< 17		41 >
< 17		46 >
< 17		50 >
< 17		64 >
< 17		68 >
< 17		72 >
< 17		86 >
< 17		87 >
< 17		89 >
< 17		90 >
< 17		91 >
< 17		93 >
< 17		94 >
< 17		96 >
< 17		100 >
< 18		22 >
< 18		23 >
< 18		25 >
< 18		40 >
< 18		43 >
< 18		45 >
< 18		52 >
< 18		54 >
< 18		60 >
< 18		61 >
< 18		69 >
< 18		78 >
< 18		82 >
< 18		89 >
< 18		91 >
< 18		93 >
< 19		20 >
< 19		29 >
< 19		38 >
< 19		44 >
< 19		47 >
< 19		51 >
< 19		54 >
< 19		56 >
< 19		57 >
< 19		59 >
< 19		63 >
< 19		64 >
< 19		65 >
< 19		66 >
< 19		67 >
< 19		73 >
< 19		77 >
< 19		78 >
< 19		80 >
< 19		92 >
< 19		94 >
< 19		97 >
< 19		99 >
< 19		100 >
< 20		21 >
< 20		24 >
< 20		30 >
< 20		34 >
< 20		47 >
< 20		52 >
< 20		55 >
< 20		58 >
< 20		62 >
< 20		68 >
< 20		70 >
< 20		76 >
< 20		77 >
< 20		83 >
< 20		86 >
< 20		91 >
< 20		94 >
< 20		96 >
< 21		23 >
< 21		32 >
< 21		33 >
< 21		34 >
< 21		37 >
< 21		38 >
< 21		50 >
< 21		56 >
< 21		59 >
< 21		61 >
< 21		62 >
< 21		66 >
< 21		68 >
< 21		71 >
< 21		77 >
< 21		85 >
< 21		87 >
< 21		89 >
< 21		91 >
< 21		92 >
< 21		94 >
< 21		96 >
< 21		99 >
< 22		29 >
< 22		30 >
< 22		31 >
< 22		33 >
< 22		38 >
< 22		44 >
< 22		47 >
< 22		51 >
< 22		57 >
< 22		63 >
< 22		73 >
< 22		79 >
< 22		80 >
< 22		89 >
< 22		91 >
< 22		92 >
< 22		93 >
< 22		98 >
< 23		33 >
< 23		35 >
< 23		37 >
< 23		40 >
< 23		42 >
< 23		43 >
< 23		44 >
< 23		48 >
< 23		50 >
< 23		53 >
< 23		55 >
< 23		56 >
< 23		57 >
< 23		61 >
< 23		64 >
< 23		66 >
< 23		68 >
< 23		69 >
< 23		71 >
< 23		74 >
< 23		76 >
< 23		77 >
< 23		85 >
< 23		89 >
< 23		90 >
< 23		91 >
< 23		94 >
< 24		25 >
< 24		33 >
< 24		41 >
< 24		43 >
< 24		56 >
< 24		62 >
< 24		68 >
< 24		71 >
< 24		72 >
< 24		77 >
< 24		79 >
< 24		84 >
< 24		85 >
< 24		97 >
< 24		100 >
< 25		28 >
< 25		33 >
< 25		36 >
< 25		41 >
< 25		43 >
< 25		46 >
< 25		47 >
< 25		50 >
< 25		51 >
< 25		52 >
< 25		58 >
< 25		59 >
< 25		61 >
< 25		66 >
< 25		69 >
< 25		72 >
< 25		77 >
< 25		78 >
< 25		79 >
< 25		85 >
< 25		89 >
< 25		94 >
< 25		96 >
< 25		100 >
< 26		28 >
< 26		31 >
< 26		36 >
< 26		40 >
< 26		42 >
< 26		44 >
< 26		52 >
< 26		53 >
< 26		58 >
< 26		59 >
< 26		62 >
< 26		63 >
< 26		66 >
< 26		67 >
< 26		69 >
< 26		79 >
< 26		83 >
< 26		85 >
< 26		86 >
< 26		87 >
< 26		92 >
< 26		93 >
< 27		28 >
< 27		32 >
< 27		33 >
< 27		39 >
< 27		43 >
< 27		47 >
< 27		49 >
< 27		52 >
< 27		55 >
< 27		57 >
< 27		58 >
< 27		60 >
< 27		62 >
< 27		63 >
< 27		66 >
< 27		67 >
< 27		69 >
< 27		75 >
< 27		78 >
< 27		79 >
< 27		80 >
< 27		81 >
< 27		84 >
< 27		88 >
< 27		95 >
< 27		97 >
< 27		99 >
< 28		29 >
< 28		32 >
< 28		33 >
< 28		34 >
< 28		44 >
< 28		46 >
< 28		61 >
< 28		62 >
< 28		67 >
< 28		69 >
< 28		73 >
< 28		74 >
< 28		76 >
< 28		77 >
< 28		80 >
< 28		83 >
< 28		84 >
< 28		85 >
< 28		92 >
< 28		94 >
< 28		96 >
< 28		98 >
< 28		99 >
< 29		31 >
< 29		34 >
< 29		35 >
< 29		36 >
< 29		44 >
< 29		47 >
< 29		48 >
< 29		49 >
< 29		53 >
< 29		54 >
< 29		55 >
< 29		56 >
< 29		65 >
< 29		67 >
< 29		69 >
< 29		70 >
< 29		73 >
< 29		74 >
< 29		75 >
< 29		78 >
< 29		79 >
< 29		80 >
< 29		82 >
< 29		89 >
< 29		90 >
< 29		96 >
< 29		98 >
< 29		99 >
< 30		32 >
< 30		34 >
< 30		42 >
< 30		43 >
< 30		44 >
< 30		46 >
< 30		56 >
< 30		65 >
< 30		66 >
< 30		72 >
< 30		79 >
< 30		83 >
< 30		85 >
< 30		87 >
< 30		90 >
< 30		91 >
< 30		93 >
< 30		97 >
< 31		33 >
< 31		34 >
< 31		36 >
< 31		42 >
< 31		46 >
< 31		49 >
< 31		53 >
< 31		54 >
< 31		55 >
< 31		60 >
< 31		62 >
< 31		70 >
< 31		73 >
< 31		75 >
< 31		77 >
< 31		84 >
< 31		88 >
< 31		89 >
< 31		96 >
< 31		98 >
< 32		35 >
< 32		41 >
< 32		43 >
< 32		47 >
< 32		53 >
< 32		64 >
< 32		65 >
< 32		66 >
< 32		68 >
< 32		69 >
< 32		75 >
< 32		80 >
< 32		86 >
< 32		91 >
< 32		94 >
< 32		96 >
< 32		98 >
< 33		34 >
< 33		44 >
< 33		46 >
< 33		53 >
< 33		55 >
< 33		57 >
< 33		58 >
< 33		59 >
< 33		60 >
< 33		63 >
< 33		67 >
< 33		70 >
< 33		72 >
< 33		77 >
< 33		81 >
< 33		83 >
< 33		84 >
< 33		87 >
< 33		89 >
< 33		91 >
< 33		93 >
< 33		99 >
< 33		100 >
< 34		35 >
< 34		37 >
< 34		47 >
< 34		53 >
< 34		60 >
< 34		71 >
< 34		72 >
< 34		76 >
< 34		79 >
< 34		86 >
< 34		87 >
< 34		88 >
< 34		93 >
< 34		94 >
< 34		95 >
< 35		36 >
< 35		39 >
< 35		40 >
< 35		46 >
< 35		47 >
< 35		49 >
< 35		52 >
< 35		56 >
< 35		58 >
< 35		59 >
< 35		60 >
< 35		62 >
< 35		64 >
< 35		74 >
< 35		79 >
< 35		85 >
< 35		86 >
< 35		89 >
< 35		91 >
< 35		92 >
< 35		100 >
< 36		40 >
< 36		42 >
< 36		46 >
< 36		47 >
< 36		57 >
< 36		59 >
< 36		69 >
< 36		71 >
< 36		72 >
< 36		73 >
< 36		80 >
< 36		87 >
< 36		92 >
< 37		44 >
< 37		48 >
< 37		50 >
< 37		52 >
< 37		55 >
< 37		58 >
< 37		62 >
< 37		64 >
< 37		65 >
< 37		68 >
< 37		72 >
< 37		80 >
< 37		85 >
< 37		87 >
< 37		88 >
< 37		90 >
< 37		93 >
< 37		94 >
< 37		95 >
< 37		97 >
< 38		51 >
< 38		53 >
< 38		54 >
< 38		55 >
< 38		58 >
< 38		62 >
< 38		66 >
< 38		69 >
< 38		70 >
< 38		71 >
< 38		73 >
< 38		74 >
< 38		75 >
< 38		77 >
< 38		79 >
< 38		80 >
< 38		90 >
< 38		93 >
< 38		95 >
< 38		100 >
< 39		40 >
< 39		41 >
< 39		54 >
< 39		59 >
< 39		61 >
< 39		62 >
< 39		63 >
< 39		68 >
< 39		69 >
< 39		75 >
< 39		81 >
< 39		84 >
< 39		91 >
< 39		99 >
< 40		52 >
< 40		53 >
< 40		55 >
< 40		56 >
< 40		58 >
< 40		61 >
< 40		64 >
< 40		65 >
< 40		66 >
< 40		67 >
< 40		72 >
< 40		73 >
< 40		79 >
< 40		81 >
< 40		82 >
< 40		85 >
< 40		91 >
< 40		94 >
< 40		96 >
< 40		98 >
< 41		53 >
< 41		55 >
< 41		56 >
< 41		60 >
< 41		62 >
< 41		63 >
< 41		65 >
< 41		66 >
< 41		69 >
< 41		76 >
< 41		81 >
< 41		82 >
< 41		84 >
< 41		85 >
< 41		91 >
< 41		96 >
< 42		45 >
< 42		46 >
< 42		48 >
< 42		50 >
< 42		53 >
< 42		56 >
< 42		57 >
< 42		58 >
< 42		61 >
< 42		63 >
< 42		66 >
< 42		67 >
< 42		72 >
< 42		76 >
< 42		77 >
< 42		78 >
< 42		79 >
< 42		80 >
< 42		83 >
< 42		84 >
< 42		86 >
< 42		89 >
< 42		95 >
< 42		97 >
< 42		98 >
< 42		100 >
< 43		46 >
< 43		60 >
< 43		61 >
< 43		70 >
< 43		72 >
< 43		80 >
< 43		81 >
< 43		86 >
< 43		89 >
< 43		95 >
< 43		100 >
< 44		48 >
< 44		54 >
< 44		58 >
< 44		61 >
< 44		67 >
< 44		69 >
< 44		74 >
< 44		79 >
< 44		81 >
< 44		83 >
< 44		89 >
< 44		95 >
< 44		96 >
< 44		99 >
< 45		46 >
< 45		53 >
< 45		57 >
< 45		59 >
< 45		62 >
< 45		63 >
< 45		65 >
< 45		67 >
< 45		68 >
< 45		79 >
< 45		80 >
< 45		81 >
< 45		84 >
< 45		85 >
< 45		86 >
< 45		87 >
< 45		89 >
< 45		91 >
< 45		95 >
< 45		96 >
< 45		97 >
< 45		99 >
< 46		47 >
< 46		55 >
< 46		56 >
< 46		57 >
< 46		63 >
< 46		66 >
< 46		69 >
< 46		71 >
< 46		74 >
< 46		77 >
< 46		81 >
< 46		89 >
< 46		98 >
< 47		50 >
< 47		55 >
< 47		61 >
< 47		63 >
< 47		66 >
< 47		70 >
< 47		72 >
< 47		80 >
< 47		83 >
< 47		86 >
< 47		88 >
< 47		93 >
< 47		97 >
< 47		98 >
< 48		55 >
< 48		57 >
< 48		58 >
< 48		59 >
< 48		61 >
< 48		65 >
< 48		72 >
< 48		73 >
< 48		76 >
< 48		77 >
< 48		88 >
< 48		89 >
< 48		98 >
< 49		50 >
< 49		53 >
< 49		59 >
< 49		60 >
< 49		61 >
< 49		62 >
< 49		64 >
< 49		65 >
< 49		68 >
< 49		73 >
< 49		77 >
< 49		80 >
< 49		82 >
< 49		85 >
< 49		86 >
< 49		91 >
< 49		92 >
< 49		98 >
< 49		100 >
< 50		55 >
< 50		59 >
< 50		64 >
< 50		69 >
< 50		76 >
< 50		78 >
< 50		82 >
< 50		86 >
< 50		88 >
< 50		90 >
< 50		91 >
< 50		92 >
< 50		95 >
< 50		97 >
< 51		57 >
< 51		64 >
< 51		68 >
< 51		71 >
< 51		72 >
< 51		73 >
< 51		76 >
< 51		80 >
< 51		92 >
< 52		54 >
< 52		59 >
< 52		60 >
< 52		63 >
< 52		64 >
< 52		68 >
< 52		69 >
< 52		74 >
< 52		76 >
< 52		77 >
< 52		79 >
< 52		86 >
< 52		90 >
< 52		91 >
< 52		92 >
< 52		93 >
< 53		54 >
< 53		58 >
< 53		60 >
< 53		61 >
< 53		64 >
< 53		66 >
< 53		71 >
< 53		79 >
< 53		89 >
< 53		90 >
< 53		91 >
< 53		95 >
< 53		96 >
< 53		100 >
< 54		56 >
< 54		59 >
< 54		64 >
< 54		69 >
< 54		70 >
< 54		73 >
< 54		74 >
< 54		75 >
< 54		76 >
< 54		78 >
< 54		85 >
< 54		87 >
< 54		93 >
< 54		95 >
< 54		98 >
< 54		99 >
< 55		57 >
< 55		59 >
< 55		60 >
< 55		65 >
< 55		68 >
< 55		69 >
< 55		73 >
< 55		74 >
< 55		75 >
< 55		78 >
< 55		83 >
< 55		85 >
< 55		87 >
< 55		91 >
< 55		93 >
< 56		58 >
< 56		59 >
< 56		71 >
< 56		76 >
< 56		86 >
< 56		89 >
< 56		91 >
< 56		92 >
< 56		94 >
< 56		100 >
< 57		58 >
< 57		63 >
< 57		64 >
< 57		65 >
< 57		67 >
< 57		72 >
< 57		77 >
< 57		80 >
< 57		83 >
< 57		96 >
< 57		97 >
< 58		62 >
< 58		63 >
< 58		71 >
< 58		72 >
< 58		76 >
< 58		79 >
< 58		80 >
< 58		82 >
< 58		86 >
< 58		87 >
< 58		95 >
< 58		97 >
< 58		98 >
< 58		99 >
< 58		100 >
< 59		66 >
< 59		68 >
< 59		82 >
< 59		84 >
< 59		86 >
< 59		87 >
< 59		91 >
< 59		96 >
< 59		97 >
< 59		98 >
< 60		61 >
< 60		64 >
< 60		70 >
< 60		72 >
< 60		73 >
< 60		77 >
< 60		84 >
< 60		86 >
< 60		92 >
< 60		94 >
< 60		99 >
< 61		75 >
< 61		79 >
< 61		81 >
< 61		83 >
< 61		86 >
< 61		92 >
< 61		93 >
< 61		96 >
< 61		98 >
< 61		100 >
< 62		64 >
< 62		67 >
< 62		68 >
< 62		69 >
< 62		71 >
< 62		72 >
< 62		73 >
< 62		81 >
< 62		84 >
< 62		86 >
< 62		88 >
< 62		89 >
< 62		95 >
< 62		97 >
< 63		65 >
< 63		72 >
< 63		75 >
< 63		76 >
< 63		77 >
< 63		78 >
< 63		85 >
< 63		86 >
< 63		88 >
< 63		90 >
< 63		100 >
< 64		67 >
< 64		68 >
< 64		71 >
< 64		76 >
< 64		77 >
< 64		78 >
< 64		87 >
< 64		88 >
< 64		94 >
< 64		99 >
< 65		68 >
< 65		71 >
< 65		72 >
< 65		74 >
< 65		77 >
< 65		81 >
< 65		83 >
< 65		86 >
< 65		91 >
< 65		100 >
< 66		69 >
< 66		72 >
< 66		78 >
< 66		79 >
< 66		80 >
< 66		85 >
< 66		88 >
< 66		90 >
< 66		94 >
< 66		95 >
< 67		73 >
< 67		77 >
< 67		79 >
< 67		85 >
< 67		92 >
< 67		95 >
< 67		100 >
< 68		70 >
< 68		74 >
< 68		75 >
< 68		78 >
< 68		79 >
< 68		83 >
< 68		86 >
< 68		87 >
< 68		95 >
< 68		98 >
< 68		99 >
< 69		72 >
< 69		74 >
< 69		78 >
< 69		79 >
< 69		82 >
< 69		87 >
< 69		90 >
< 69		93 >
< 69		97 >
< 69		98 >
< 70		73 >
< 70		77 >
< 70		82 >
< 70		87 >
< 70		88 >
< 70		90 >
< 70		94 >
< 70		95 >
< 70		100 >
< 71		74 >
< 71		76 >
< 71		78 >
< 71		80 >
< 71		81 >
< 71		82 >
< 71		84 >
< 71		86 >
< 71		87 >
< 71		89 >
< 71		90 >
< 71		92 >
< 71		93 >
< 71		99 >
< 72		78 >
< 72		81 >
< 72		88 >
< 72		91 >
< 72		92 >
< 72		93 >
< 72		99 >
< 72		100 >
< 73		76 >
< 73		82 >
< 73		86 >
< 73		87 >
< 73		88 >
< 73		92 >
< 73		95 >
< 74		81 >
< 74		86 >
< 74		89 >
< 74		90 >
< 74		92 >
< 74		93 >
< 74		97 >
< 75		78 >
< 75		83 >
< 75		87 >
< 75		90 >
< 75		96 >
< 75		98 >
< 75		99 >
< 76		84 >
< 76		85 >
< 76		86 >
< 76		98 >
< 76		100 >
< 77		78 >
< 77		80 >
< 77		82 >
< 77		84 >
< 77		86 >
< 77		90 >
< 77		95 >
< 77		99 >
< 77		100 >
< 78		81 >
< 78		86 >
< 78		93 >
< 78		99 >
< 78		100 >
< 79		84 >
< 79		85 >
< 79		89 >
< 79		91 >
< 79		98 >
< 80		82 >
< 80		83 >
< 80		90 >
< 80		91 >
< 80		94 >
< 80		96 >
< 80		100 >
< 81		83 >
< 81		84 >
< 81		85 >
< 81		86 >
< 81		88 >
< 81		94 >
< 81		100 >
< 82		84 >
< 82		95 >
< 82		98 >
< 83		88 >
< 83		90 >
< 83		92 >
< 83		100 >
< 84		85 >
< 84		86 >
< 84		87 >
< 84		95 >
< 84		97 >
< 84		98 >
< 84		100 >
< 85		86 >
< 85		88 >
< 85		91 >
< 85		96 >
< 86		87 >
< 86		89 >
< 86		95 >
< 86		100 >
< 87		100 >
< 88		95 >
< 88		97 >
< 89		92 >
< 89		95 >
< 89		96 >
< 89		97 >
< 89		98 >
< 89		99 >
< 90		92 >
< 90		95 >
< 90		100 >
< 91		92 >
< 91		93 >
< 91		94 >
< 91		99 >
< 92		94 >
< 92		98 >
< 93		96 >
< 93		99 >
< 93		100 >
< 95		96 >
< 95		97 >
< 95		98 >
< 95		99 >
< 95		100 >
< 96		97 >
< 96		99 >
< 97		99 >
