nNodes= 60
nPairs= 514  
Weight
4
2
4
4
4
3
3
4
4
2
4
3
4
2
2
2
2
3
3
3
4
3
4
2
3
2
2
4
2
4
4
4
2
2
2
4
3
3
4
3
4
2
2
2
2
4
3
4
2
2
2
4
3
2
4
3
3
4
2
3
Cost
61		0		0		0		61		0		61		0		0		0		61		61		0		61		0		61		0		0		0		61		61		0		61		0		0		61		0		0		0		61		0		61		61		0		0		61		0		0		0		0		0		0		61		0		61		0		61		61		0		0		61		0		0		61		0		0		0		0		0		61		
0		61		0		0		0		61		61		0		61		0		0		0		61		0		0		61		0		61		0		61		0		61		0		0		0		0		61		0		0		0		61		0		0		0		0		61		61		0		61		0		0		0		61		0		0		0		0		0		0		0		61		0		0		61		0		61		0		0		0		0		
0		0		61		61		0		61		0		0		0		0		0		61		0		0		61		61		0		0		0		61		0		0		61		0		0		0		61		0		61		0		0		0		0		0		61		0		61		0		0		0		0		0		0		0		0		0		0		0		0		0		61		0		0		0		0		61		61		61		0		0		
0		0		61		61		0		0		0		61		0		0		0		61		0		61		0		0		0		0		0		0		0		0		0		0		0		0		0		0		0		0		0		61		0		0		0		0		0		0		0		0		0		0		0		61		61		0		0		61		0		0		61		0		0		0		0		0		0		0		0		0		
61		0		0		0		61		0		0		0		61		61		0		0		61		0		0		0		0		0		61		0		61		0		0		0		0		0		61		61		0		0		61		0		0		0		0		0		0		0		0		0		0		0		61		61		0		61		0		0		0		0		0		0		0		0		0		0		0		0		61		0		
0		61		61		0		0		61		0		0		0		61		0		61		0		61		61		0		0		0		0		0		0		0		0		0		0		0		0		0		0		0		0		0		0		0		61		0		0		0		0		0		0		0		0		0		0		61		61		0		0		0		0		61		61		61		0		0		61		0		0		0		
61		61		0		0		0		0		61		0		61		0		61		61		0		0		61		0		61		0		61		0		0		0		0		0		0		0		0		61		0		61		61		61		0		0		0		0		61		0		61		61		0		0		0		61		0		0		0		0		0		0		0		61		61		61		0		0		0		0		61		0		
0		0		0		61		0		0		0		61		0		0		61		61		61		0		0		61		0		0		0		0		61		0		0		0		0		0		0		0		0		0		0		0		0		0		0		0		0		0		0		0		0		0		0		61		0		0		0		0		0		0		61		0		0		61		61		0		61		0		0		0		
0		61		0		0		61		0		61		0		61		0		61		61		61		0		61		0		0		0		0		0		0		0		61		0		0		0		0		61		61		61		0		0		0		0		61		0		0		0		61		0		61		61		0		0		61		0		0		0		0		61		61		0		0		0		0		0		0		0		0		61		
0		0		0		0		61		61		0		0		0		61		0		0		61		61		0		0		0		0		0		61		61		0		0		0		0		61		0		0		61		0		0		61		61		0		0		0		61		0		0		61		61		0		0		0		0		0		0		61		0		61		0		61		0		0		61		0		61		61		61		0		
61		0		0		0		0		0		61		61		61		0		61		0		61		0		61		61		0		0		0		61		0		0		0		0		61		0		0		0		0		61		0		0		61		0		61		0		0		61		0		61		0		0		0		0		0		0		0		0		0		0		61		0		61		0		0		0		0		61		61		0		
61		0		61		61		0		61		61		61		61		0		0		61		0		0		0		0		61		0		61		61		0		0		0		0		0		0		0		0		0		61		0		0		0		61		0		0		61		0		0		0		0		61		0		0		61		0		61		0		61		0		61		61		0		0		61		0		0		61		61		0		
0		61		0		0		61		0		0		61		61		61		61		0		61		0		0		61		0		61		0		0		0		0		0		0		0		61		0		0		61		61		0		0		0		61		0		0		0		0		61		0		0		61		61		0		61		0		0		61		0		0		0		0		61		61		61		0		0		0		61		0		
61		0		0		61		0		61		0		0		0		61		0		0		0		61		0		0		0		0		0		0		0		0		0		0		61		61		0		61		0		0		0		0		0		0		61		61		0		0		0		0		0		61		0		0		0		0		0		0		0		0		0		61		0		0		61		0		0		0		0		0		
0		0		61		0		0		61		61		0		61		0		61		0		0		0		61		0		61		0		0		0		0		0		61		0		61		0		0		61		61		0		61		0		0		0		0		0		61		0		61		61		61		0		0		0		0		61		0		0		61		61		61		0		0		61		0		61		0		0		0		61		
61		61		61		0		0		0		0		61		0		0		61		0		61		0		0		61		0		0		0		0		0		0		0		0		0		0		0		0		61		0		0		0		0		0		0		0		0		61		0		61		61		61		61		0		0		61		0		61		61		61		0		0		61		61		0		0		0		0		0		0		
0		0		0		0		0		0		61		0		0		0		0		61		0		0		61		0		61		0		0		0		0		0		0		0		0		0		0		0		0		0		0		61		0		0		0		61		61		0		61		0		61		0		0		61		0		0		0		0		0		0		0		61		61		0		0		61		0		0		61		61		
0		61		0		0		0		0		0		0		0		0		0		0		61		0		0		0		0		61		0		0		61		0		0		61		0		0		0		61		0		0		0		61		61		0		0		0		0		61		0		0		0		0		0		0		0		0		0		0		0		0		0		61		61		0		0		61		0		0		0		0		
0		0		0		0		61		0		61		0		0		0		0		61		0		0		0		0		0		0		61		61		0		0		61		0		0		0		61		0		0		0		0		61		61		0		61		0		61		0		0		0		0		0		0		61		0		0		61		61		61		61		0		0		0		61		0		0		61		61		61		0		
61		61		61		0		0		0		0		0		0		61		61		61		0		0		0		0		0		0		61		61		0		61		0		0		0		0		0		61		61		0		61		0		0		0		61		61		61		61		61		0		0		0		0		0		0		0		0		0		0		0		61		61		0		61		0		0		0		0		0		0		
61		0		0		0		61		0		0		61		0		61		0		0		0		0		0		0		0		61		0		0		61		0		0		0		0		0		61		0		0		0		61		0		0		0		61		61		0		0		0		61		0		61		0		0		0		0		0		0		0		61		0		0		0		0		0		0		61		0		0		0		
0		61		0		0		0		0		0		0		0		0		0		0		0		0		0		0		0		0		0		61		0		61		61		0		0		61		0		61		0		0		0		0		61		0		0		61		0		0		0		61		61		0		0		0		0		0		0		61		61		0		61		61		61		0		0		0		0		61		0		0		
61		0		61		0		0		0		0		0		61		0		0		0		0		0		61		0		0		0		61		0		0		61		61		0		0		61		0		61		61		61		0		0		0		0		0		61		0		0		61		0		0		0		61		61		61		0		61		0		0		0		0		0		0		0		0		61		0		61		0		61		
0		0		0		0		0		0		0		0		0		0		0		0		0		0		0		0		0		61		0		0		0		0		0		61		0		61		0		0		61		61		61		0		0		61		0		61		0		0		0		61		0		0		0		0		0		61		0		0		0		0		0		0		0		0		0		0		0		0		0		61		
0		0		0		0		0		0		0		0		0		0		61		0		0		61		61		0		0		0		0		0		0		0		0		0		61		61		61		0		0		0		61		0		0		0		0		61		61		0		0		0		61		61		0		0		0		61		61		0		0		61		0		0		61		0		61		0		0		0		0		61		
61		0		0		0		0		0		0		0		0		61		0		0		61		61		0		0		0		0		0		0		0		61		61		61		61		61		61		0		61		61		0		0		61		0		0		61		0		0		0		0		0		0		0		0		0		0		0		0		61		0		0		0		61		0		61		0		0		0		0		61		
0		61		61		0		61		0		0		0		0		0		0		0		0		0		0		0		0		0		61		0		61		0		0		0		61		61		61		0		0		0		0		61		61		0		0		61		0		0		0		0		61		61		0		0		0		61		61		61		0		61		0		61		0		0		61		0		0		0		0		0		
0		0		0		0		61		0		61		0		61		0		0		0		0		61		61		0		0		61		0		61		0		61		61		0		0		0		0		61		0		0		0		0		61		0		0		0		61		0		0		0		0		0		0		61		0		0		61		0		61		0		61		0		0		61		0		0		0		0		0		0		
0		0		61		0		0		0		0		0		61		61		0		0		61		0		61		61		0		0		0		61		0		0		61		61		0		61		0		0		61		0		0		0		0		0		0		0		0		61		61		61		0		0		0		0		0		0		61		0		0		0		61		0		61		61		61		61		0		0		0		61		
61		0		0		0		0		0		61		0		61		0		61		61		61		0		0		0		0		0		0		0		0		0		61		61		0		61		0		0		0		61		61		0		0		61		0		0		61		0		0		0		61		61		0		61		0		0		0		61		0		61		61		61		0		61		61		0		61		61		0		0		
0		61		0		0		61		0		61		0		0		0		0		0		0		0		61		0		0		0		0		61		61		0		0		61		61		0		0		0		0		61		61		0		61		0		0		61		0		0		0		0		61		0		61		61		61		0		0		0		0		0		61		0		0		0		0		61		0		61		0		0		
61		0		0		61		0		0		61		0		0		61		0		0		0		0		0		0		61		61		61		0		0		0		0		0		0		0		61		0		0		0		0		61		61		0		0		0		0		0		61		0		0		0		61		61		61		0		0		0		61		0		0		0		61		0		0		61		0		0		0		0		
61		0		0		0		0		0		0		0		0		61		61		0		0		0		0		0		0		61		61		0		0		61		0		0		0		61		61		61		0		0		61		61		61		0		0		0		0		0		0		61		61		0		0		61		61		0		0		61		0		0		0		0		61		0		0		0		0		0		0		0		
0		0		0		0		0		0		0		0		0		0		0		61		61		0		0		0		0		0		0		0		0		0		0		61		0		0		0		0		0		61		0		0		0		61		61		0		61		0		0		0		0		61		0		0		61		0		0		0		0		61		61		0		0		0		0		0		61		0		0		0		
0		0		61		0		0		61		0		0		61		0		61		0		0		61		0		0		0		0		61		61		61		0		0		0		0		0		0		0		0		0		0		0		0		61		61		0		0		0		61		61		0		0		0		0		0		0		0		0		61		0		61		0		0		61		0		0		0		61		0		0		
61		61		0		0		0		0		0		0		0		0		0		0		0		61		0		0		61		0		0		61		61		61		61		61		61		61		61		0		0		0		61		0		0		0		0		61		61		61		61		61		0		0		0		0		0		0		0		0		61		0		61		0		61		0		61		0		61		0		61		0		
0		61		61		0		0		0		61		0		0		61		0		61		0		0		61		0		61		0		61		61		0		0		0		0		61		0		0		61		0		61		0		0		0		61		0		61		61		0		0		61		0		0		0		61		0		0		0		61		61		0		61		0		0		61		0		0		0		0		0		0		
0		0		0		0		0		0		0		0		0		0		61		0		0		0		0		61		0		61		0		61		0		0		0		0		0		0		0		0		61		0		0		0		0		0		0		61		0		61		0		0		0		0		0		61		61		0		0		61		0		0		0		61		61		0		0		0		0		61		0		0		
0		61		0		0		0		0		61		0		61		0		0		0		61		0		61		0		61		0		0		61		0		0		61		0		0		0		0		0		61		0		0		61		0		0		61		61		0		0		61		61		61		61		61		0		61		61		61		61		61		0		0		0		0		61		0		61		61		0		0		0		
0		0		0		0		0		0		61		0		0		61		61		0		0		0		61		61		0		0		0		0		61		61		0		61		0		0		0		0		61		0		0		0		61		0		61		61		61		0		61		61		0		0		0		0		0		0		0		0		0		0		61		0		61		0		0		0		0		0		0		0		
0		0		0		0		0		0		0		0		61		61		0		0		0		0		61		61		61		0		0		0		0		61		0		0		61		0		61		0		0		61		61		0		61		0		0		0		0		0		61		0		61		61		61		0		0		0		0		0		0		0		61		0		61		61		0		61		0		0		0		61		
0		0		0		0		0		0		0		0		61		0		0		61		61		61		0		61		0		0		0		0		61		0		0		0		61		0		61		0		0		61		0		0		0		61		0		0		0		0		61		0		61		61		0		0		0		0		0		61		0		61		61		0		0		61		0		0		0		0		61		0		
61		61		0		0		61		0		0		0		0		0		0		0		61		0		0		61		0		0		0		0		0		0		61		0		0		0		0		0		0		0		61		61		0		0		0		0		0		0		61		0		61		0		61		0		0		0		0		0		0		61		61		0		0		0		61		61		0		0		0		0		
0		0		0		61		61		0		61		61		0		0		0		0		0		0		0		0		61		0		61		0		0		0		61		0		0		0		0		61		0		61		61		61		61		0		0		0		61		61		0		0		0		0		0		61		61		0		0		0		0		61		0		61		61		61		0		0		61		0		0		61		
61		0		0		61		0		0		0		0		61		0		0		61		61		0		0		0		0		0		0		0		0		0		61		0		0		0		0		0		0		0		61		61		61		61		0		0		0		61		61		0		0		0		0		61		61		0		61		0		61		0		61		61		0		0		61		0		0		0		0		61		
0		0		0		0		61		61		0		0		0		0		0		0		0		0		61		61		0		0		0		0		0		0		0		61		61		0		61		0		0		0		0		0		0		0		0		0		0		0		61		0		0		0		0		0		0		61		61		0		0		0		0		0		0		0		61		0		0		61		61		0		
61		0		0		0		0		61		0		0		0		0		0		61		0		0		0		0		0		0		61		0		0		0		61		0		61		0		61		61		61		0		0		0		0		0		0		0		0		0		61		0		0		0		0		0		61		61		61		0		0		0		0		0		0		0		0		0		61		0		0		0		
61		0		0		61		0		0		0		0		0		61		0		0		61		0		0		61		0		0		61		0		0		61		0		0		0		0		61		0		0		61		0		0		61		0		0		0		61		61		61		0		0		61		0		0		0		0		0		61		0		0		0		61		0		0		61		0		0		0		0		61		
0		0		0		0		0		0		0		0		0		0		0		61		0		0		61		61		0		0		61		0		0		61		0		0		0		61		0		61		0		0		0		61		0		0		61		61		61		0		61		0		0		0		0		0		61		0		0		0		61		61		61		0		61		61		61		0		61		61		0		0		
0		0		0		0		0		0		0		0		61		61		0		0		0		0		61		61		0		0		61		0		61		0		0		0		61		0		61		0		0		61		0		0		0		61		0		0		0		0		0		0		0		61		61		61		0		0		0		0		61		61		61		0		0		0		0		0		0		0		0		0		
61		61		61		61		0		0		0		61		61		0		61		61		0		0		61		0		0		0		0		61		0		61		0		0		0		0		0		61		61		61		61		0		0		61		61		61		61		0		0		61		61		61		61		0		61		0		0		0		61		61		61		61		0		61		0		61		0		61		0		61		
0		0		0		0		0		61		61		0		0		61		0		61		0		61		0		0		61		61		0		61		0		61		0		0		0		0		61		0		0		61		0		0		0		0		0		0		0		61		0		0		0		0		0		61		61		0		0		61		0		0		61		61		61		61		0		0		61		0		0		61		
0		0		0		0		0		61		61		0		0		0		61		0		61		0		0		61		61		61		0		0		0		61		0		0		61		61		0		0		61		0		0		61		61		0		0		61		0		61		0		61		61		0		0		61		0		0		0		0		61		0		0		61		61		0		0		0		61		0		0		0		
61		61		0		0		0		61		61		61		0		0		0		0		61		0		61		61		0		0		61		61		0		0		0		0		0		0		0		61		61		61		0		0		0		0		61		0		61		0		61		0		61		61		0		61		0		0		0		0		61		0		61		61		0		61		0		0		61		0		0		0		
0		0		0		0		0		0		0		61		0		61		0		61		61		61		0		0		0		0		0		0		0		0		0		0		61		61		61		0		61		61		0		0		0		0		0		61		0		0		0		0		0		0		61		0		61		61		0		61		61		0		0		0		0		0		61		0		0		0		61		61		
0		61		61		0		0		0		0		0		0		0		0		0		0		0		61		0		61		61		0		0		0		0		61		0		0		0		0		0		61		0		61		61		0		0		0		0		0		0		61		0		61		0		61		0		0		0		0		0		0		0		61		0		0		0		0		61		0		61		0		0		
0		0		61		0		0		61		0		61		0		61		0		0		0		0		0		0		0		0		61		0		61		0		0		0		0		0		0		0		0		61		0		0		0		61		0		61		0		0		61		0		0		0		0		61		0		0		61		0		61		0		0		61		61		61		0		0		61		0		0		0		
0		0		61		0		0		0		0		0		0		61		61		61		0		0		0		0		0		0		61		0		0		61		61		0		0		0		0		0		0		61		61		0		0		0		61		0		0		61		0		0		0		0		0		0		0		61		0		0		61		0		61		0		0		0		0		61		0		61		61		0		
0		0		0		0		61		0		61		0		0		61		61		61		61		0		0		0		61		0		61		0		0		0		0		0		0		0		0		0		0		0		0		0		0		0		0		61		0		0		0		0		0		61		0		0		0		61		0		0		0		0		0		0		0		0		61		0		0		61		61		0		
61		0		0		0		0		0		0		0		61		0		0		0		0		0		61		0		61		0		0		0		0		0		61		61		61		61		0		0		61		0		0		0		0		0		0		0		0		0		0		0		61		0		0		61		61		0		0		61		0		0		61		61		0		0		61		0		0		0		0		61		
NDC Pairs
< 1		5 >
< 1		7 >
< 1		11 >
< 1		12 >
< 1		14 >
< 1		16 >
< 1		20 >
< 1		21 >
< 1		23 >
< 1		26 >
< 1		30 >
< 1		32 >
< 1		33 >
< 1		36 >
< 1		43 >
< 1		45 >
< 1		47 >
< 1		48 >
< 1		51 >
< 1		54 >
< 1		60 >
< 2		6 >
< 2		7 >
< 2		9 >
< 2		13 >
< 2		16 >
< 2		18 >
< 2		20 >
< 2		22 >
< 2		27 >
< 2		31 >
< 2		36 >
< 2		37 >
< 2		39 >
< 2		43 >
< 2		51 >
< 2		54 >
< 2		56 >
< 3		4 >
< 3		6 >
< 3		12 >
< 3		15 >
< 3		16 >
< 3		20 >
< 3		23 >
< 3		27 >
< 3		29 >
< 3		35 >
< 3		37 >
< 3		51 >
< 3		56 >
< 3		57 >
< 3		58 >
< 4		8 >
< 4		12 >
< 4		14 >
< 4		32 >
< 4		44 >
< 4		45 >
< 4		48 >
< 4		51 >
< 5		9 >
< 5		10 >
< 5		13 >
< 5		19 >
< 5		21 >
< 5		27 >
< 5		28 >
< 5		31 >
< 5		43 >
< 5		44 >
< 5		46 >
< 5		59 >
< 6		10 >
< 6		12 >
< 6		14 >
< 6		15 >
< 6		35 >
< 6		46 >
< 6		47 >
< 6		52 >
< 6		53 >
< 6		54 >
< 6		57 >
< 7		9 >
< 7		11 >
< 7		12 >
< 7		15 >
< 7		17 >
< 7		19 >
< 7		28 >
< 7		30 >
< 7		31 >
< 7		32 >
< 7		37 >
< 7		39 >
< 7		40 >
< 7		44 >
< 7		52 >
< 7		53 >
< 7		54 >
< 7		59 >
< 8		11 >
< 8		12 >
< 8		13 >
< 8		16 >
< 8		21 >
< 8		44 >
< 8		51 >
< 8		54 >
< 8		55 >
< 8		57 >
< 9		11 >
< 9		12 >
< 9		13 >
< 9		15 >
< 9		23 >
< 9		28 >
< 9		29 >
< 9		30 >
< 9		35 >
< 9		39 >
< 9		41 >
< 9		42 >
< 9		45 >
< 9		50 >
< 9		51 >
< 9		60 >
< 10		13 >
< 10		14 >
< 10		20 >
< 10		21 >
< 10		26 >
< 10		29 >
< 10		32 >
< 10		33 >
< 10		37 >
< 10		40 >
< 10		41 >
< 10		48 >
< 10		50 >
< 10		52 >
< 10		55 >
< 10		57 >
< 10		58 >
< 10		59 >
< 11		13 >
< 11		15 >
< 11		16 >
< 11		20 >
< 11		25 >
< 11		30 >
< 11		33 >
< 11		35 >
< 11		38 >
< 11		40 >
< 11		51 >
< 11		53 >
< 11		58 >
< 11		59 >
< 12		17 >
< 12		19 >
< 12		20 >
< 12		30 >
< 12		34 >
< 12		37 >
< 12		42 >
< 12		45 >
< 12		47 >
< 12		49 >
< 12		51 >
< 12		52 >
< 12		55 >
< 12		58 >
< 12		59 >
< 13		16 >
< 13		18 >
< 13		26 >
< 13		29 >
< 13		30 >
< 13		34 >
< 13		39 >
< 13		42 >
< 13		43 >
< 13		45 >
< 13		48 >
< 13		53 >
< 13		54 >
< 13		55 >
< 13		59 >
< 14		25 >
< 14		26 >
< 14		28 >
< 14		35 >
< 14		36 >
< 14		42 >
< 14		52 >
< 14		55 >
< 15		17 >
< 15		23 >
< 15		25 >
< 15		28 >
< 15		29 >
< 15		31 >
< 15		37 >
< 15		39 >
< 15		40 >
< 15		41 >
< 15		46 >
< 15		49 >
< 15		50 >
< 15		51 >
< 15		54 >
< 15		56 >
< 15		60 >
< 16		29 >
< 16		38 >
< 16		40 >
< 16		41 >
< 16		42 >
< 16		43 >
< 16		46 >
< 16		48 >
< 16		49 >
< 16		50 >
< 16		53 >
< 16		54 >
< 17		32 >
< 17		36 >
< 17		37 >
< 17		39 >
< 17		41 >
< 17		44 >
< 17		52 >
< 17		53 >
< 17		56 >
< 17		59 >
< 17		60 >
< 18		21 >
< 18		24 >
< 18		28 >
< 18		32 >
< 18		33 >
< 18		38 >
< 18		52 >
< 18		53 >
< 18		56 >
< 19		20 >
< 19		23 >
< 19		27 >
< 19		32 >
< 19		33 >
< 19		35 >
< 19		37 >
< 19		44 >
< 19		47 >
< 19		48 >
< 19		49 >
< 19		50 >
< 19		54 >
< 19		57 >
< 19		58 >
< 19		59 >
< 20		22 >
< 20		28 >
< 20		29 >
< 20		31 >
< 20		35 >
< 20		36 >
< 20		37 >
< 20		38 >
< 20		39 >
< 20		51 >
< 20		52 >
< 20		54 >
< 21		27 >
< 21		31 >
< 21		35 >
< 21		36 >
< 21		40 >
< 21		42 >
< 21		50 >
< 21		57 >
< 22		23 >
< 22		26 >
< 22		28 >
< 22		33 >
< 22		36 >
< 22		40 >
< 22		41 >
< 22		48 >
< 22		49 >
< 22		51 >
< 22		52 >
< 22		53 >
< 22		58 >
< 23		26 >
< 23		28 >
< 23		29 >
< 23		30 >
< 23		36 >
< 23		39 >
< 23		43 >
< 23		44 >
< 23		45 >
< 23		47 >
< 23		56 >
< 23		58 >
< 23		60 >
< 24		26 >
< 24		29 >
< 24		30 >
< 24		31 >
< 24		34 >
< 24		36 >
< 24		40 >
< 24		46 >
< 24		60 >
< 25		26 >
< 25		27 >
< 25		31 >
< 25		36 >
< 25		37 >
< 25		41 >
< 25		42 >
< 25		46 >
< 25		47 >
< 25		50 >
< 25		53 >
< 25		55 >
< 25		60 >
< 26		27 >
< 26		29 >
< 26		30 >
< 26		33 >
< 26		36 >
< 26		49 >
< 26		53 >
< 26		55 >
< 26		60 >
< 27		32 >
< 27		33 >
< 27		36 >
< 27		41 >
< 27		42 >
< 27		46 >
< 27		47 >
< 27		48 >
< 27		50 >
< 27		52 >
< 27		55 >
< 28		33 >
< 28		37 >
< 28		44 >
< 28		47 >
< 28		49 >
< 28		51 >
< 28		54 >
< 29		38 >
< 29		39 >
< 29		40 >
< 29		47 >
< 29		51 >
< 29		53 >
< 29		54 >
< 29		55 >
< 29		56 >
< 29		60 >
< 30		31 >
< 30		34 >
< 30		37 >
< 30		41 >
< 30		42 >
< 30		44 >
< 30		48 >
< 30		50 >
< 30		51 >
< 30		52 >
< 30		54 >
< 30		55 >
< 30		57 >
< 30		58 >
< 31		33 >
< 31		36 >
< 31		41 >
< 31		43 >
< 31		44 >
< 31		45 >
< 31		51 >
< 31		56 >
< 31		58 >
< 32		33 >
< 32		39 >
< 32		43 >
< 32		44 >
< 32		45 >
< 32		49 >
< 32		53 >
< 32		56 >
< 33		40 >
< 33		41 >
< 33		44 >
< 33		45 >
< 33		48 >
< 33		53 >
< 34		35 >
< 34		37 >
< 34		42 >
< 34		45 >
< 34		50 >
< 34		51 >
< 34		57 >
< 35		39 >
< 35		40 >
< 35		49 >
< 35		51 >
< 35		54 >
< 35		58 >
< 36		37 >
< 36		38 >
< 36		39 >
< 36		40 >
< 36		49 >
< 36		51 >
< 36		53 >
< 36		55 >
< 36		57 >
< 36		59 >
< 37		40 >
< 37		44 >
< 37		48 >
< 37		49 >
< 37		51 >
< 37		54 >
< 38		44 >
< 38		45 >
< 38		48 >
< 38		52 >
< 38		53 >
< 38		58 >
< 39		40 >
< 39		41 >
< 39		42 >
< 39		43 >
< 39		45 >
< 39		46 >
< 39		47 >
< 39		48 >
< 39		49 >
< 39		54 >
< 39		56 >
< 39		57 >
< 40		51 >
< 40		53 >
< 41		42 >
< 41		43 >
< 41		51 >
< 41		53 >
< 41		54 >
< 41		56 >
< 41		60 >
< 42		48 >
< 42		50 >
< 42		51 >
< 42		54 >
< 42		59 >
< 43		50 >
< 43		51 >
< 43		55 >
< 43		56 >
< 44		45 >
< 44		50 >
< 44		52 >
< 44		53 >
< 44		54 >
< 44		57 >
< 44		60 >
< 45		47 >
< 45		49 >
< 45		51 >
< 45		52 >
< 45		55 >
< 45		60 >
< 46		47 >
< 46		55 >
< 46		58 >
< 46		59 >
< 47		57 >
< 48		52 >
< 48		55 >
< 48		60 >
< 49		50 >
< 49		51 >
< 49		53 >
< 49		54 >
< 49		55 >
< 49		57 >
< 49		58 >
< 50		51 >
< 51		52 >
< 51		54 >
< 51		56 >
< 51		58 >
< 51		60 >
< 52		53 >
< 52		54 >
< 52		57 >
< 52		60 >
< 53		57 >
< 54		57 >
< 55		59 >
< 55		60 >
< 56		58 >
< 58		59 >
