nNodes= 100
nPairs= 2426  
Weight
2
2
4
4
2
4
4
2
3
2
4
4
3
2
4
3
3
2
2
4
2
4
2
3
2
3
3
2
4
3
2
4
3
4
3
4
4
4
4
3
2
4
4
4
3
4
4
4
4
4
3
3
2
3
2
4
3
2
2
3
2
4
4
2
3
4
2
3
2
4
3
2
4
2
3
3
3
2
3
4
3
3
2
4
3
2
2
4
4
3
4
4
3
4
2
3
4
4
2
4
Cost
101		101		0		0		101		0		101		0		0		0		101		0		101		101		0		0		101		0		0		101		101		101		101		101		101		101		0		101		101		0		0		0		0		0		0		0		101		101		0		101		101		101		101		0		0		101		0		101		0		0		0		0		0		101		0		101		101		0		0		0		0		0		0		101		0		0		101		0		0		0		0		0		101		101		0		101		0		101		101		0		101		0		0		101		101		0		101		0		0		101		0		0		0		101		101		0		101		0		0		101		
101		101		101		0		0		101		101		101		101		101		101		0		101		101		101		101		0		0		0		101		0		101		101		101		0		101		101		0		0		0		0		0		0		101		101		101		101		101		0		101		0		101		101		0		0		0		0		0		0		0		101		101		101		0		101		101		101		101		101		101		0		101		0		101		101		0		0		101		0		101		0		0		101		0		0		0		0		101		101		0		101		0		0		101		101		0		101		101		0		0		0		0		0		0		101		101		0		0		0		101		
0		101		101		101		0		0		0		0		0		101		0		101		0		0		101		0		101		0		0		101		101		0		101		0		101		101		101		101		0		0		101		101		0		101		101		101		101		101		101		0		0		101		101		0		101		0		0		101		0		101		0		0		101		101		0		101		0		0		101		0		0		101		101		0		0		101		101		101		0		101		101		101		101		101		0		101		101		101		0		0		101		101		0		0		0		101		0		0		0		101		0		0		101		101		101		101		0		0		0		0		
0		0		101		101		0		101		101		101		0		101		101		0		0		0		0		0		0		101		101		101		0		0		101		101		0		0		0		101		0		101		101		0		101		0		0		0		101		101		101		0		0		101		101		101		0		101		101		0		0		0		101		0		101		0		101		101		101		0		101		0		0		0		0		0		101		101		0		0		0		0		0		101		101		101		101		0		0		0		101		101		101		0		101		0		101		101		0		0		101		0		0		0		0		101		101		0		0		0		0		0		
101		0		0		0		101		0		101		101		0		101		101		0		0		0		101		101		0		101		101		101		101		0		0		101		101		101		101		101		101		0		0		101		101		101		101		101		0		0		0		0		0		0		0		101		0		101		0		0		101		0		101		0		101		0		101		101		101		101		0		101		0		0		0		101		0		0		0		0		0		0		0		0		0		0		101		0		0		101		0		0		101		0		101		101		101		0		101		0		101		101		101		0		0		0		101		0		101		0		101		0		
0		101		0		101		0		101		0		101		101		101		0		101		0		0		0		101		101		101		101		0		101		101		101		101		0		101		101		101		101		0		0		101		0		0		101		101		101		0		0		0		101		101		101		0		101		101		101		0		0		101		0		0		0		0		0		101		0		0		101		101		101		0		0		101		101		0		0		101		0		101		101		101		101		101		0		101		101		101		0		101		101		101		0		101		101		0		101		0		101		101		101		101		101		0		0		101		101		0		0		101		
101		101		0		101		101		0		101		0		0		101		0		0		101		0		101		101		101		0		101		101		0		0		101		0		101		0		101		101		0		0		101		101		101		101		101		0		0		0		101		101		101		101		101		0		101		0		101		0		0		0		101		101		101		0		0		101		101		101		0		0		0		0		101		0		101		0		0		0		0		0		0		101		0		0		101		101		0		0		101		101		101		0		101		0		101		0		101		0		0		101		0		0		0		0		0		0		101		101		0		0		
0		101		0		101		101		101		0		101		101		0		101		0		0		101		101		0		101		101		0		0		0		101		101		101		0		0		0		101		101		0		101		0		0		101		0		0		0		101		101		101		0		0		101		0		0		101		0		101		101		101		0		101		0		101		101		0		0		0		101		101		101		101		0		101		0		101		101		0		0		0		0		101		0		101		0		0		0		0		101		101		0		101		0		101		101		0		0		0		0		101		101		101		101		101		101		0		0		101		0		101		
0		101		0		0		0		101		0		101		101		101		0		0		101		101		101		101		0		101		0		0		0		101		101		0		101		0		0		0		0		101		0		0		101		101		101		0		101		101		0		101		0		0		101		0		0		101		0		0		101		0		101		101		101		0		101		101		101		101		0		101		0		101		101		0		0		101		101		0		0		101		101		0		0		0		0		0		0		0		0		0		0		0		0		101		0		0		101		0		101		0		101		101		0		0		101		101		101		0		101		101		
0		101		101		101		101		101		101		0		101		101		0		0		101		0		0		101		101		101		0		0		0		0		101		101		0		0		0		0		0		0		101		101		101		101		101		0		101		0		0		101		101		101		101		101		101		101		101		0		101		101		0		0		101		0		101		0		0		101		0		101		101		101		101		0		0		101		0		101		0		101		101		0		0		101		101		0		101		101		0		101		0		0		0		101		0		101		0		101		0		0		0		0		101		0		101		0		0		0		0		0		
101		101		0		101		101		0		0		101		0		0		101		101		101		0		0		0		101		101		0		0		101		0		0		0		101		0		101		0		0		101		0		101		0		0		0		0		101		0		101		0		0		0		101		0		101		101		101		0		101		0		0		101		101		0		101		101		101		0		0		0		0		101		101		101		0		101		0		101		0		0		0		101		101		101		0		0		101		101		0		0		0		101		101		101		0		101		0		0		0		101		0		101		0		101		0		0		101		101		101		101		
0		0		101		0		0		101		0		0		0		0		101		101		0		101		101		101		0		0		101		101		0		101		0		0		0		0		0		101		101		101		0		0		101		101		0		101		0		0		0		101		101		0		0		101		0		101		0		0		0		0		101		0		0		101		101		101		101		0		0		0		0		101		101		0		0		0		0		0		101		101		101		101		0		0		0		101		101		0		0		101		101		101		101		101		0		0		0		101		0		101		101		0		0		0		101		101		0		0		0		101		
101		101		0		0		0		0		101		0		101		101		101		0		101		101		101		0		101		0		101		0		101		101		101		101		0		101		0		101		0		101		101		0		0		0		101		101		0		0		0		101		101		0		101		101		101		101		101		101		101		101		101		0		101		101		101		101		0		101		0		101		101		0		0		101		101		0		101		0		101		101		0		0		101		101		101		0		101		101		0		101		0		101		0		101		101		0		101		0		0		101		0		0		0		101		0		0		0		101		0		0		
101		101		0		0		0		0		0		101		101		0		0		101		101		101		0		101		101		0		0		0		0		0		101		0		0		0		101		101		101		101		101		101		101		101		0		101		0		0		101		101		0		101		101		101		101		101		0		0		101		101		101		101		0		101		0		0		0		101		101		0		101		101		101		0		101		0		0		0		101		0		0		0		101		0		101		101		101		101		0		0		0		101		101		101		0		101		101		0		0		101		101		0		0		101		0		101		101		0		0		0		
0		101		101		0		101		0		101		101		101		0		0		101		101		0		101		101		101		0		0		101		101		101		101		101		0		101		101		101		0		101		0		0		0		0		101		101		0		101		0		0		101		101		101		101		0		0		101		101		0		0		0		0		101		0		0		101		0		101		101		101		101		0		101		0		0		101		0		0		0		101		101		0		0		0		101		0		101		0		101		0		0		101		0		0		101		101		101		0		101		0		101		101		101		0		0		101		0		0		101		101		
0		101		0		0		101		101		101		0		101		101		0		101		0		101		101		101		0		0		0		101		0		0		101		0		0		0		101		0		101		0		0		101		0		0		0		0		0		0		0		101		101		101		101		101		0		0		101		0		101		0		101		0		0		0		101		0		0		0		0		0		0		0		0		101		0		101		101		0		0		0		0		101		101		101		101		0		101		0		0		101		0		0		101		101		101		0		101		0		101		101		0		0		101		101		101		0		0		101		0		0		
101		0		101		0		0		101		101		101		0		101		101		0		101		101		101		0		101		101		0		0		0		101		0		0		0		101		0		101		0		101		0		101		0		0		0		0		0		101		101		101		0		0		101		101		101		0		0		0		101		0		0		0		101		0		0		101		101		101		0		0		101		0		101		0		101		101		101		0		101		101		0		0		0		0		101		101		0		0		101		0		101		101		101		101		101		101		0		101		101		101		0		101		0		0		0		101		0		0		101		101		
0		0		0		101		101		101		0		101		101		101		101		0		0		0		0		0		101		101		101		101		0		101		101		0		0		101		101		101		101		0		101		101		0		101		101		101		0		0		0		0		0		101		0		101		101		0		101		101		101		0		101		0		101		101		101		0		101		0		101		101		0		101		101		0		0		0		0		101		0		101		0		101		0		101		0		101		101		101		0		0		101		0		0		0		101		101		0		101		101		101		0		101		0		101		101		101		0		101		101		0		
0		0		0		101		101		101		101		0		0		0		0		101		101		0		0		0		0		101		101		101		0		101		0		0		101		0		0		0		0		0		101		101		101		0		0		101		0		101		0		0		0		101		0		0		101		0		0		0		0		0		0		101		0		0		101		101		101		0		101		101		101		101		101		0		0		101		0		0		101		101		0		101		101		0		0		101		0		101		0		101		0		101		0		101		101		0		101		0		0		101		0		101		0		101		0		101		101		101		101		101		
101		101		101		101		101		0		101		0		0		0		0		101		0		0		101		101		0		101		101		101		101		0		101		101		101		0		0		101		101		101		101		0		0		0		0		101		0		0		0		101		101		0		0		101		101		0		0		101		0		101		101		101		101		0		0		101		0		101		101		0		101		0		0		101		101		101		0		101		0		101		0		0		101		0		101		101		0		0		101		0		101		0		0		101		0		0		0		0		0		0		0		101		0		101		101		0		101		0		0		101		
101		0		101		0		101		101		0		0		0		0		101		0		101		0		101		0		0		0		0		101		101		0		0		0		101		101		0		101		101		0		0		0		101		101		101		101		0		0		0		0		101		101		0		101		0		101		101		101		101		0		101		0		101		101		0		101		0		0		101		101		101		0		0		0		101		0		0		0		0		101		0		101		101		101		101		101		101		0		0		101		101		0		0		0		101		0		101		0		0		0		101		0		101		101		0		0		101		0		101		0		
101		101		0		0		0		101		0		101		101		0		0		101		101		0		101		0		101		101		101		0		0		101		101		101		101		0		0		0		0		0		101		0		0		0		101		0		101		0		0		0		101		101		0		101		0		101		0		101		101		0		101		101		0		0		0		101		0		0		0		0		101		0		0		0		0		0		101		101		0		0		101		101		101		101		101		0		0		101		0		0		0		0		0		101		0		0		101		0		0		101		0		101		0		101		101		101		0		101		101		101		
101		101		101		101		0		101		101		101		101		101		0		0		101		101		101		101		0		101		0		101		0		101		101		101		0		0		101		101		0		101		0		0		101		0		0		0		0		101		101		0		0		0		101		101		101		0		101		0		101		0		0		101		0		0		0		101		0		101		0		0		0		0		0		101		101		101		0		0		0		101		101		0		0		0		101		101		101		0		0		101		101		0		101		0		101		0		0		0		0		0		0		0		0		0		0		0		101		0		0		0		
101		101		0		101		101		101		0		101		0		101		0		0		101		0		101		0		0		0		0		101		0		101		101		101		101		101		0		101		0		0		101		101		0		0		0		101		101		0		0		101		101		0		101		0		0		0		101		101		0		101		0		101		0		101		0		101		0		0		101		101		0		101		101		101		0		101		101		101		101		101		101		101		0		101		101		0		0		101		101		101		0		0		0		101		0		101		101		0		101		101		101		0		0		0		101		101		0		101		0		101		
101		0		101		0		101		0		101		0		101		0		101		0		0		0		0		0		0		0		101		101		101		101		0		101		101		101		0		0		101		101		0		0		101		101		101		0		101		0		101		0		101		101		101		101		101		101		101		0		0		101		101		101		101		0		101		101		0		0		0		101		0		0		0		101		101		101		0		0		101		101		101		0		0		101		0		101		101		101		101		0		0		101		0		0		101		0		0		101		101		101		0		101		101		0		101		101		101		101		101		0		
101		101		101		0		101		101		0		0		0		0		0		0		101		0		101		0		101		101		0		0		101		0		0		101		101		101		0		101		0		101		101		0		0		101		0		0		101		0		101		101		0		0		101		0		101		101		101		0		0		101		101		0		101		101		101		101		0		101		101		0		0		0		101		101		0		101		101		0		0		101		0		0		101		101		0		101		0		101		101		0		0		101		0		101		0		101		0		101		0		0		0		0		101		0		0		101		0		0		101		0		
0		101		101		0		101		101		101		0		0		0		101		0		0		101		101		101		0		101		0		0		0		0		101		0		0		0		101		0		0		0		0		0		101		0		101		101		0		101		0		101		0		101		0		0		101		0		0		0		101		101		101		0		0		101		0		0		0		0		0		0		0		0		101		0		101		101		101		0		0		0		0		101		0		0		0		101		0		101		0		0		101		0		0		0		101		101		0		101		0		101		0		101		101		101		101		0		0		101		101		101		
101		0		101		101		101		101		101		101		0		0		0		101		101		101		101		0		101		101		0		101		101		0		101		101		0		101		0		101		101		0		0		101		0		101		0		0		101		101		0		0		0		101		0		0		101		101		101		101		0		101		101		0		0		101		0		0		0		101		0		0		0		0		101		101		0		0		101		101		101		0		101		101		0		0		0		0		101		0		101		0		101		0		0		101		0		0		0		0		0		0		0		0		0		101		0		0		101		101		101		0		
101		0		0		0		101		101		0		101		0		0		0		101		0		101		0		101		0		101		0		101		101		0		0		0		101		0		0		101		101		0		101		0		101		101		0		0		101		0		101		101		101		0		0		0		0		0		101		101		101		0		101		0		0		0		101		0		101		101		0		101		0		101		101		0		0		101		0		101		0		0		101		101		101		101		101		101		0		0		101		0		0		0		101		101		101		0		0		101		101		101		0		0		0		0		0		101		0		0		0		0		
0		0		0		101		0		0		0		0		101		0		101		101		101		101		101		0		101		0		0		101		0		0		101		0		101		101		0		0		0		101		101		0		0		0		101		101		0		0		101		0		101		101		101		0		101		101		101		101		0		0		101		101		0		0		101		101		0		101		0		101		101		101		0		101		101		0		101		0		101		0		0		101		101		0		0		101		101		0		101		0		101		101		101		101		101		0		0		0		0		0		101		101		101		0		101		0		101		101		0		101		
0		0		101		101		0		0		101		101		0		101		0		0		101		101		0		0		0		101		101		101		0		101		0		101		0		101		0		0		101		101		101		101		101		0		101		0		0		101		0		101		101		101		101		101		0		101		101		0		0		101		0		0		101		0		101		0		101		0		101		101		0		101		101		101		0		0		0		0		101		101		101		101		101		0		101		101		0		101		101		101		101		0		101		0		101		0		0		0		101		101		0		0		101		0		0		0		101		101		101		0		
0		0		101		0		101		101		101		0		0		101		101		0		0		101		0		101		101		101		101		0		0		0		0		101		0		0		0		101		0		0		101		101		0		101		0		0		0		0		0		101		101		0		0		101		0		101		101		0		0		0		0		101		101		101		101		0		101		101		101		101		101		0		101		0		0		101		0		0		101		0		0		101		101		0		101		0		101		0		101		101		0		101		0		101		101		0		0		0		0		0		101		0		0		0		0		0		101		0		0		0		
0		0		0		101		101		0		101		0		101		101		0		101		0		101		0		0		0		0		101		0		101		0		101		0		101		0		101		0		101		0		101		0		101		0		0		0		0		0		101		0		101		101		101		101		101		101		0		0		101		101		0		101		0		101		0		0		101		101		101		0		0		0		0		101		101		0		101		0		0		101		0		0		101		101		101		101		101		101		101		0		0		101		101		101		0		101		101		101		101		0		0		0		0		101		0		101		0		0		101		0		
0		101		101		0		101		0		101		101		101		101		0		101		0		101		0		0		0		101		0		0		101		0		0		0		101		101		0		101		101		0		0		101		0		101		101		101		0		0		0		0		101		101		0		0		0		0		101		0		101		0		0		0		101		0		0		0		0		101		101		0		0		0		101		0		0		101		0		0		101		101		101		101		0		101		0		101		0		0		101		0		0		101		0		101		101		0		101		101		0		101		0		0		0		0		101		0		101		0		101		101		
0		101		101		0		101		101		101		0		101		101		0		0		101		0		101		0		0		101		0		0		101		101		0		0		101		0		101		0		0		101		101		0		0		101		101		101		0		0		0		101		0		0		0		0		0		0		101		0		101		101		0		0		101		0		0		101		101		101		101		101		0		101		101		0		0		0		101		0		101		0		0		0		0		0		101		0		0		101		0		101		101		101		0		101		101		101		101		101		0		101		0		101		101		0		101		101		0		101		0		101		
0		101		101		0		101		101		0		0		0		0		0		101		101		101		101		0		0		101		101		101		101		0		0		101		0		0		101		0		0		101		0		0		0		101		101		101		101		101		101		101		0		0		0		101		0		101		101		101		101		101		101		101		101		101		101		101		101		101		0		101		101		0		101		0		101		0		0		101		101		0		0		101		0		101		0		0		101		101		101		101		101		101		0		101		101		0		101		101		0		101		101		101		101		101		0		101		101		101		0		0		
101		101		101		101		0		101		0		0		101		101		101		0		0		0		0		0		0		0		0		0		0		101		0		101		101		101		0		101		101		0		0		0		0		0		0		101		101		101		101		0		101		0		0		0		0		101		101		0		101		101		0		0		0		101		101		101		0		101		0		0		101		101		0		101		101		101		0		0		101		0		101		101		101		101		0		0		101		101		0		0		0		0		0		101		0		0		101		101		101		101		0		101		101		0		0		101		101		101		0		0		
101		101		101		101		0		0		0		101		101		0		0		0		0		0		101		0		101		0		101		0		0		0		101		0		0		0		101		101		0		0		101		0		0		0		0		101		101		101		0		101		101		0		0		101		0		0		0		101		0		0		101		0		101		0		0		101		0		0		0		0		0		101		0		0		0		0		101		0		101		0		101		0		101		0		0		101		101		101		0		101		101		0		0		101		0		101		0		0		101		101		0		101		101		101		0		101		0		0		101		0		
0		0		101		101		0		0		101		101		0		0		101		0		0		101		0		0		101		0		0		0		0		0		101		0		101		101		0		0		101		101		0		0		101		0		0		101		101		0		101		101		0		101		0		0		101		0		0		101		101		101		101		0		101		0		0		101		101		101		101		0		101		101		101		101		101		0		101		101		101		101		101		101		0		0		101		101		101		0		0		101		0		101		0		0		101		101		101		101		101		101		101		0		0		0		0		0		101		0		101		101		
101		101		0		0		0		0		101		101		101		101		0		101		101		101		0		101		101		0		0		101		0		0		0		101		0		101		101		0		101		0		101		101		0		0		101		101		0		101		101		101		0		101		101		101		0		0		0		0		0		0		101		101		101		101		0		0		0		101		0		0		0		101		0		101		0		101		0		101		0		101		0		0		0		0		0		0		101		0		0		0		0		0		0		0		0		0		101		101		0		101		0		0		0		0		0		101		0		0		101		101		
101		0		0		0		0		101		101		0		0		101		0		101		101		0		101		101		0		0		0		101		101		101		0		101		101		0		0		0		101		101		101		101		101		101		0		0		101		101		0		0		101		101		0		0		0		101		0		0		101		101		0		0		0		0		101		0		0		101		101		101		0		0		0		0		0		0		101		0		0		0		101		0		0		0		0		101		0		101		0		0		0		0		101		0		101		0		0		0		0		101		0		101		101		101		101		101		101		101		101		101		
101		101		101		101		0		101		101		0		0		101		0		0		0		101		101		101		0		101		101		0		101		101		0		0		101		0		101		101		0		101		101		0		101		101		0		0		0		0		101		101		101		101		0		101		0		0		101		0		0		0		0		0		0		0		101		101		101		101		0		101		0		101		0		0		0		101		101		101		101		101		0		0		0		0		101		101		0		0		0		0		101		101		0		101		0		101		0		101		0		0		101		101		101		0		101		101		101		101		0		101		
101		101		101		101		0		101		101		101		101		101		101		0		101		101		101		101		101		0		0		0		0		0		101		101		101		101		0		0		0		101		101		0		101		0		0		0		0		0		0		101		0		0		101		0		0		0		0		101		0		0		101		101		0		101		101		0		0		0		101		0		0		0		101		101		101		0		101		0		101		101		101		0		0		101		0		101		101		101		101		101		0		101		0		101		0		101		101		0		101		101		101		0		101		0		101		0		101		0		0		0		
0		0		0		101		101		0		0		0		0		101		0		101		101		101		101		101		101		101		0		101		101		101		101		0		101		0		0		0		0		0		101		101		101		0		0		101		0		101		0		101		0		101		0		101		101		0		101		101		101		101		0		101		101		0		101		101		0		0		101		101		0		0		0		101		0		0		0		101		0		101		101		0		0		0		101		0		0		101		101		101		101		0		101		101		0		0		0		101		101		0		101		101		0		101		0		0		0		101		101		0		
0		0		101		0		0		101		101		0		0		101		101		0		101		101		0		0		101		101		101		101		0		0		101		0		101		101		101		101		0		101		0		0		101		0		0		0		0		0		101		0		0		0		0		101		101		0		0		101		101		0		0		101		0		101		101		0		0		0		101		0		101		0		101		0		101		101		101		101		0		0		0		101		101		101		0		101		101		101		101		101		0		101		0		0		0		101		101		101		101		0		0		0		0		101		101		0		101		101		101		0		
101		0		0		101		101		101		0		101		101		101		101		101		101		101		0		0		0		0		0		0		101		101		0		0		101		101		0		101		0		101		101		101		101		0		0		101		101		0		0		0		101		0		0		0		0		101		101		101		0		0		0		101		101		101		0		0		0		101		0		101		101		0		0		101		0		0		0		101		0		0		101		101		0		0		101		0		0		0		101		0		0		101		101		0		0		101		101		0		101		0		101		101		101		0		101		0		101		101		101		0		
0		0		0		101		0		101		101		0		0		101		101		0		101		0		101		101		0		101		0		0		101		0		101		101		101		101		0		101		101		101		101		101		0		101		101		101		101		0		0		0		0		101		0		101		0		101		101		0		0		0		101		101		101		0		0		101		0		101		0		0		0		0		0		0		101		101		101		101		101		0		101		101		0		101		0		101		101		101		101		0		101		101		0		0		101		101		0		101		101		101		0		101		101		0		101		0		0		0		101		0		
101		0		101		0		0		0		0		101		0		0		0		0		101		0		101		0		0		101		0		101		101		101		0		101		0		0		0		101		101		101		0		0		0		0		0		101		0		101		101		0		0		0		101		101		101		101		0		101		0		0		0		0		101		0		0		101		101		101		0		101		101		0		0		101		101		0		0		101		101		101		0		0		0		0		101		0		101		101		101		101		0		0		101		101		0		0		0		0		101		101		101		0		101		101		101		0		101		101		0		0		
0		0		0		0		101		0		0		101		101		101		101		0		101		101		0		101		101		101		0		0		101		101		101		0		0		0		101		0		101		0		0		0		101		101		101		101		101		0		101		0		101		0		0		101		101		0		0		0		101		0		0		0		101		101		0		0		101		101		0		0		0		0		101		0		0		101		101		101		0		101		0		0		101		0		0		0		0		101		0		101		101		0		0		101		0		101		101		101		101		101		101		101		0		101		0		101		0		101		0		0		
0		0		101		0		0		101		0		101		0		101		0		0		101		101		0		0		0		0		0		101		0		0		0		101		101		101		101		101		0		0		101		0		101		0		101		101		101		0		101		0		101		0		0		101		0		0		0		0		0		101		101		101		101		101		101		101		0		101		0		101		101		0		0		101		0		101		101		0		101		0		101		0		101		0		0		101		101		0		0		0		0		0		101		101		101		101		0		101		101		101		101		101		0		0		101		0		0		0		101		101		
0		101		0		101		101		0		101		0		101		0		0		101		101		101		0		101		0		101		0		101		101		101		0		0		101		101		101		101		101		101		0		0		0		0		0		101		0		101		101		101		0		0		101		0		0		0		101		0		0		101		101		0		0		101		101		0		0		0		101		0		101		0		0		0		101		101		101		0		0		0		101		101		0		101		101		0		0		101		101		101		0		101		101		0		0		0		0		101		101		101		101		0		101		101		0		101		101		0		0		0		
0		101		0		0		0		0		101		101		101		0		101		0		0		101		0		0		0		0		101		101		0		101		101		101		101		0		0		0		0		101		0		101		101		0		0		101		0		0		0		101		0		0		101		101		101		101		101		0		0		101		0		101		101		0		0		0		0		101		0		0		101		0		101		101		101		0		0		0		0		0		0		0		0		101		0		0		101		0		101		101		0		0		0		101		101		0		0		0		0		0		101		0		0		101		101		0		101		0		0		101		
0		101		101		101		101		0		101		0		101		101		101		0		101		0		101		0		101		101		0		101		101		0		0		0		101		101		0		0		0		0		101		101		0		101		101		101		0		101		101		101		0		0		0		101		0		101		101		101		101		101		0		101		101		101		101		0		0		0		0		101		0		101		101		101		101		101		101		101		0		101		0		101		0		0		0		0		101		101		0		0		0		101		0		101		101		101		101		101		101		0		0		101		101		101		0		0		0		0		0		0		
101		0		101		0		0		0		0		101		0		0		0		101		101		101		0		0		0		101		0		0		101		0		0		101		0		101		101		101		0		0		0		101		101		0		0		101		101		0		0		101		0		0		101		0		101		101		0		0		101		101		101		0		101		101		0		101		0		101		101		0		101		0		101		0		101		101		101		101		0		0		101		0		0		101		0		0		0		101		0		0		101		0		101		0		0		101		0		0		101		101		0		101		101		0		0		0		101		0		101		101		
0		101		0		101		101		0		0		101		101		101		101		101		101		0		0		101		0		101		101		0		0		0		0		0		101		101		0		0		101		101		101		101		0		0		0		101		101		0		0		0		101		101		101		101		101		0		0		0		0		101		101		0		101		0		101		0		0		101		0		101		101		101		0		101		0		0		101		0		0		101		101		101		0		101		101		0		0		0		101		101		101		101		101		101		0		0		101		0		0		101		101		101		101		101		0		0		0		101		101		101		
101		101		101		101		101		101		101		0		101		0		101		101		101		0		101		0		101		0		101		101		101		101		101		101		101		101		0		0		0		101		0		0		0		0		101		101		101		101		101		0		0		101		0		101		0		0		101		101		0		101		0		0		0		101		0		101		101		101		101		101		0		0		0		101		0		0		0		101		0		101		101		101		0		101		101		101		0		101		101		0		101		101		0		101		101		0		101		0		101		101		101		0		0		0		0		101		101		101		0		101		
101		101		0		101		101		0		101		0		101		0		101		101		0		0		0		0		101		101		101		0		0		0		0		0		0		0		0		0		101		0		101		101		101		0		101		101		0		0		101		0		0		101		0		0		0		0		0		101		101		0		0		0		0		0		0		101		101		0		101		0		101		0		0		101		101		101		0		0		101		101		0		0		0		101		0		0		0		101		101		0		0		101		101		101		101		101		0		0		101		0		0		101		101		0		101		101		0		101		101		101		
0		101		0		0		101		0		101		0		101		101		0		0		101		101		101		0		101		0		0		101		0		0		101		0		0		101		0		101		101		101		0		101		101		101		101		101		101		0		101		101		101		101		0		0		0		101		101		101		101		101		0		101		0		101		101		101		0		101		0		0		0		0		101		0		0		0		101		0		101		0		101		0		0		101		0		0		0		0		0		0		101		0		101		101		0		101		0		101		101		0		101		101		101		101		0		101		0		0		101		0		
0		101		101		101		0		101		0		101		0		0		0		0		0		101		101		0		0		101		101		101		101		0		0		101		0		101		0		0		0		0		101		101		101		101		101		0		0		0		101		0		101		0		101		101		101		0		0		0		0		0		101		0		0		101		0		101		101		0		101		101		0		101		0		0		101		0		101		0		101		0		0		101		0		101		0		0		101		101		0		0		0		101		101		0		0		0		101		101		0		101		0		0		101		0		101		0		0		101		0		0		
0		101		0		0		101		101		0		101		101		101		0		0		101		0		101		0		0		101		101		0		101		0		0		101		101		0		0		0		101		101		101		101		0		0		101		101		0		0		0		0		101		101		0		101		0		101		0		101		0		101		0		0		101		0		101		101		0		0		101		101		101		0		0		0		0		101		101		101		0		0		0		0		0		0		101		101		0		101		0		0		0		101		101		0		101		101		0		101		101		101		0		101		101		0		101		0		101		101		101		0		
0		0		0		0		0		101		0		101		0		101		0		0		101		101		101		0		101		0		101		101		101		101		0		0		0		0		0		0		0		101		0		101		0		0		0		101		101		0		101		0		0		0		0		0		101		101		0		101		0		101		101		101		0		101		101		0		101		0		0		101		101		0		0		0		0		101		101		0		101		101		0		0		101		101		0		0		0		0		101		0		101		101		0		101		0		101		0		0		101		0		0		101		0		101		101		0		101		0		101		0		
0		101		101		0		0		0		0		101		101		101		101		101		0		101		0		0		0		101		101		0		0		0		0		101		0		0		0		0		101		101		101		0		0		0		101		0		101		101		101		101		0		101		0		0		0		0		0		0		0		0		0		0		101		0		101		0		0		0		101		0		0		101		0		101		101		101		101		0		0		0		101		101		0		101		0		101		101		0		101		0		0		0		0		101		0		101		101		101		101		0		0		0		101		0		101		101		0		0		101		0		
0		0		101		0		0		0		101		0		101		101		101		101		0		101		101		0		101		101		101		0		0		0		0		101		0		101		101		101		101		0		101		101		0		101		101		101		0		0		101		0		0		0		101		0		101		0		0		0		101		0		0		101		101		101		0		0		0		101		0		0		0		0		101		101		0		101		101		0		101		0		101		0		0		0		0		101		0		101		101		0		101		0		0		0		0		0		0		0		101		101		0		0		0		101		101		0		0		101		101		101		
101		101		0		0		101		101		0		101		0		0		101		0		101		0		0		101		0		0		0		101		0		0		101		101		101		101		0		101		0		101		101		0		101		0		0		0		101		0		101		101		0		0		101		101		0		101		0		101		0		101		0		101		101		0		101		101		101		0		0		0		0		101		101		101		101		101		101		0		101		0		0		0		101		0		0		0		0		101		101		0		101		0		0		101		0		101		101		101		101		101		0		0		0		101		101		101		101		101		0		101		
0		101		0		101		0		101		101		0		0		0		0		0		101		101		0		0		101		0		0		101		101		0		101		0		101		0		101		0		0		101		0		0		101		0		0		101		101		0		101		0		0		0		101		0		101		0		101		101		0		0		101		101		101		101		0		0		101		0		101		0		0		101		0		101		101		0		101		101		101		101		101		101		0		101		0		0		101		0		0		0		101		0		0		0		0		0		0		0		0		0		0		101		101		0		0		101		0		0		101		101		
0		0		101		101		0		0		0		101		101		101		101		0		0		0		101		101		101		0		101		101		0		0		101		101		101		101		101		0		101		0		0		101		0		101		0		0		101		0		0		101		0		101		0		0		101		0		101		0		101		101		101		0		101		101		0		0		101		0		0		101		101		101		101		101		0		101		0		0		0		101		0		0		101		101		101		0		101		0		0		0		0		101		0		0		101		0		101		0		101		101		101		0		0		101		101		101		0		101		101		101		
101		0		101		0		0		0		0		101		101		0		0		0		101		0		0		101		101		0		0		0		0		101		0		101		0		101		101		101		0		101		0		0		101		0		101		0		0		101		101		0		101		101		101		0		101		0		101		0		101		101		101		0		101		101		101		0		0		101		101		101		101		101		101		101		101		0		101		101		0		0		0		0		101		101		101		0		101		0		0		0		0		101		101		0		0		101		101		101		0		0		0		101		101		101		101		0		101		0		101		101		
0		101		101		0		0		101		0		0		0		101		101		0		0		0		0		0		0		101		0		101		0		101		0		101		0		0		0		101		101		0		0		0		0		0		0		101		0		0		101		101		0		101		0		101		101		101		101		101		101		0		0		0		101		101		0		101		0		0		0		101		0		0		0		0		101		0		101		101		0		101		0		101		0		0		101		0		0		0		0		0		0		0		101		101		0		0		0		101		0		0		101		0		0		101		0		101		101		0		0		0		
0		0		0		0		0		0		0		0		0		0		0		101		101		101		0		0		101		0		101		0		0		0		0		101		101		0		0		101		0		101		101		101		0		101		101		101		101		101		101		0		0		101		101		0		0		0		101		101		0		101		0		0		0		0		0		0		101		101		101		0		101		0		101		101		101		0		0		0		101		101		0		101		101		101		0		101		0		101		0		0		101		101		101		0		0		0		101		101		0		0		0		0		101		0		0		101		0		101		101		101		
0		101		101		0		0		101		0		0		101		101		0		101		101		0		101		0		101		101		101		101		101		0		101		101		101		101		0		0		0		0		101		0		101		101		0		0		0		0		101		101		0		101		101		101		0		0		0		101		101		0		0		0		101		0		101		101		101		0		0		0		101		0		0		0		101		101		0		101		101		101		101		0		0		101		101		101		0		0		0		101		0		101		0		101		0		101		0		101		0		101		0		101		101		0		0		101		101		0		0		0		
0		0		101		0		0		101		0		0		101		101		0		101		0		0		101		0		0		0		0		0		0		101		101		101		101		0		0		101		101		0		101		0		0		101		0		0		101		101		101		0		101		0		101		101		0		101		101		0		0		101		101		0		0		101		101		101		0		101		0		0		0		101		101		0		101		0		0		0		0		101		101		101		0		0		101		0		0		101		0		101		0		101		101		0		101		0		0		0		101		0		101		0		0		101		0		0		101		101		0		101		
0		0		101		101		0		101		101		101		0		0		101		101		0		0		0		101		0		101		101		0		101		101		0		101		0		0		101		101		101		101		101		101		0		101		0		101		101		0		101		0		0		0		0		0		101		101		101		0		0		0		101		0		101		0		101		101		0		0		101		0		0		101		0		0		101		0		0		101		101		0		101		101		0		0		101		0		0		101		0		101		101		101		101		0		0		0		101		101		0		0		0		0		0		101		0		101		0		101		0		101		
101		101		101		101		0		101		0		0		0		0		101		0		101		101		0		101		0		0		101		101		101		101		0		0		0		101		0		0		101		101		101		101		101		0		0		0		101		101		0		0		0		0		0		0		101		0		0		0		101		101		0		0		0		0		0		0		0		0		0		0		101		0		0		101		0		101		101		0		101		0		0		0		101		0		0		0		0		101		101		101		0		101		101		0		101		0		101		101		101		0		0		0		101		0		0		101		101		0		0		101		
101		0		101		101		0		101		0		101		0		101		101		0		101		0		0		101		0		101		0		0		101		101		0		101		101		101		0		0		101		0		0		0		101		101		0		101		101		0		0		0		0		0		101		0		101		0		101		0		0		0		101		101		0		101		101		101		101		101		101		0		101		101		0		0		101		101		101		0		101		101		0		0		0		101		0		101		0		101		0		0		101		0		0		101		101		0		101		101		0		101		0		0		0		0		0		101		101		0		101		0		
0		0		0		101		101		0		101		0		0		101		0		0		101		101		101		101		101		0		0		101		101		101		101		101		0		0		0		0		101		0		101		101		101		0		101		0		0		0		101		0		0		101		0		101		0		101		0		101		0		0		101		0		0		0		101		101		0		0		0		101		0		0		0		0		0		101		101		101		0		101		101		101		0		0		101		101		101		0		0		101		0		101		0		0		0		101		0		0		0		0		101		101		0		101		0		101		101		101		101		0		
101		0		101		0		0		101		101		0		0		0		0		101		0		101		0		0		101		101		101		101		101		0		101		0		101		101		101		0		101		101		101		0		101		101		0		0		0		101		101		0		101		101		101		0		101		0		101		0		0		101		0		0		0		0		0		101		0		0		0		101		0		101		101		0		0		0		0		0		101		101		0		0		0		101		101		101		101		0		101		101		101		0		0		0		101		0		101		0		0		101		101		0		0		0		101		0		0		101		0		101		
0		0		101		0		0		101		0		0		0		101		101		101		101		101		101		101		0		101		0		0		101		0		101		0		101		0		0		101		0		101		0		101		101		0		0		101		101		101		101		101		0		0		101		0		101		0		101		101		0		101		0		101		101		0		0		0		0		0		101		0		0		101		0		0		101		101		101		0		0		0		0		0		0		0		101		101		101		101		101		101		101		101		101		101		101		101		101		0		101		0		101		0		0		101		0		0		0		101		0		101		
101		101		101		0		101		101		0		0		0		101		101		0		101		101		0		0		0		101		101		0		0		101		0		101		101		101		101		0		0		0		101		0		101		0		101		101		101		101		0		0		101		0		101		101		101		0		101		101		101		0		101		0		101		101		0		101		101		0		101		101		0		0		101		101		0		0		0		0		101		0		101		101		101		101		0		0		101		101		0		101		101		0		101		101		0		0		101		0		101		0		0		0		0		0		0		101		101		0		0		0		
101		101		0		101		0		0		101		101		0		0		0		0		0		0		101		0		101		0		0		101		0		0		0		101		101		101		0		101		101		101		101		101		101		101		0		101		0		0		0		0		0		0		101		101		101		101		101		101		0		0		101		101		0		0		101		101		101		0		0		0		101		101		101		101		0		0		0		0		0		0		0		0		101		0		0		101		101		0		101		0		101		101		101		0		101		0		101		101		0		101		101		0		0		0		0		101		0		101		0		101		
0		0		0		101		0		101		101		101		0		101		0		101		101		0		0		101		0		0		101		0		101		0		101		101		0		0		0		0		0		0		101		101		0		0		101		101		0		101		101		0		0		0		101		101		101		0		0		101		101		0		101		101		0		0		101		0		0		0		0		0		0		0		0		0		0		0		0		0		0		101		101		101		101		0		101		101		101		101		0		101		0		101		0		101		101		0		0		101		0		101		101		0		101		101		101		0		0		101		0		0		
101		101		101		101		101		101		101		0		0		0		0		101		0		0		0		0		101		101		0		101		101		0		101		0		0		0		101		101		0		101		101		0		0		0		101		101		0		101		0		0		0		101		0		101		0		0		101		0		101		0		0		0		0		101		101		101		0		101		0		0		101		0		101		101		101		0		0		0		101		0		0		101		0		101		0		101		101		101		101		0		101		101		101		101		0		0		0		0		0		101		0		0		101		0		0		101		0		101		0		0		
0		0		101		0		0		101		0		101		0		0		101		101		101		101		101		0		101		0		101		0		0		0		0		0		101		101		0		0		0		101		0		101		101		101		101		101		0		0		101		0		0		101		101		0		101		101		101		0		0		0		101		0		101		0		101		101		101		0		101		101		101		0		0		0		0		101		101		0		101		101		101		101		101		0		101		0		101		0		101		101		101		101		101		101		101		0		0		0		101		0		101		0		101		101		101		0		101		0		0		101		
0		0		0		101		101		0		101		0		0		0		101		101		0		101		0		101		101		0		0		0		0		0		101		0		0		0		0		0		101		101		101		0		101		0		0		0		0		0		0		0		101		0		0		101		0		101		0		101		0		101		101		0		0		101		101		0		101		101		101		101		0		0		0		0		0		0		101		101		101		0		101		101		101		0		0		0		101		101		101		0		101		101		101		101		101		0		101		101		101		101		0		0		0		101		0		0		0		0		0		0		
101		101		0		0		101		101		0		101		101		101		101		101		101		101		0		101		101		0		101		101		0		101		0		101		0		101		0		101		101		101		0		101		101		101		101		101		101		101		0		0		0		101		101		101		0		0		0		101		101		101		0		101		101		0		101		101		101		101		0		0		101		101		0		101		0		0		0		101		0		101		0		0		0		101		0		0		101		101		0		101		101		101		101		101		101		0		0		101		101		0		0		101		0		0		101		0		101		101		101		0		
101		101		0		101		101		101		101		101		0		0		0		0		101		0		101		101		101		101		101		0		101		0		101		0		101		0		101		0		101		101		101		101		0		101		101		101		0		0		101		0		101		0		0		0		0		0		101		0		0		101		0		101		101		0		0		101		101		0		0		101		0		0		0		0		0		101		0		0		0		0		101		0		101		101		0		101		101		0		101		101		0		101		101		101		101		101		0		0		0		101		0		101		0		0		0		101		101		101		101		0		
0		0		101		101		0		0		0		0		0		101		101		0		0		101		101		0		101		101		0		0		0		0		0		101		0		101		101		0		0		0		0		0		101		0		101		0		0		101		101		0		0		101		101		0		101		101		101		0		101		101		0		0		101		101		0		0		101		101		0		101		101		101		0		101		0		0		101		0		0		101		0		0		0		0		101		0		101		0		0		0		0		0		0		0		101		101		101		101		0		0		101		101		0		0		0		0		0		0		101		0		
101		101		0		0		101		101		101		0		101		0		0		0		101		101		101		101		0		0		101		0		101		101		0		101		0		0		0		0		0		0		0		0		101		101		101		101		101		0		101		101		0		0		101		0		101		101		0		0		101		0		0		0		101		0		101		101		0		0		101		0		0		101		0		101		0		101		101		0		101		0		0		101		101		101		0		101		101		101		101		0		0		0		101		0		0		101		101		101		0		0		0		101		0		0		0		101		101		0		0		101		
0		101		0		0		0		0		0		0		0		101		0		101		0		0		0		0		101		101		0		0		0		0		0		0		101		101		101		0		101		0		0		0		101		101		101		101		101		0		101		101		0		101		0		101		101		0		101		0		101		101		101		0		101		0		0		0		0		101		101		101		0		101		0		101		0		0		101		101		101		101		0		101		101		101		0		0		0		0		101		101		0		0		101		101		0		101		101		101		101		0		0		101		101		101		101		101		0		101		0		101		
0		0		0		101		101		101		0		0		101		0		0		0		0		0		101		101		101		101		0		0		0		0		0		101		101		0		0		0		101		0		101		0		101		0		0		0		101		101		101		0		0		0		101		101		101		101		101		101		101		101		101		0		101		101		0		101		101		101		0		101		101		101		101		101		0		101		0		0		0		0		101		0		101		0		0		0		101		101		0		0		0		101		101		101		0		0		0		101		101		0		101		101		101		0		101		0		101		101		101		101		
101		0		101		0		101		101		101		101		0		0		101		101		101		101		0		101		101		101		101		0		0		101		0		101		101		0		101		0		101		0		101		0		0		101		101		101		101		101		101		101		101		0		101		0		0		0		101		101		101		101		101		0		0		101		101		101		0		0		101		101		0		0		101		101		0		101		0		0		0		101		0		0		0		101		0		101		0		0		101		101		101		0		101		0		101		0		0		0		0		101		101		0		101		101		0		101		0		0		101		0		
0		0		0		0		101		101		0		101		101		0		0		101		0		101		101		0		0		0		0		0		101		0		0		101		0		0		0		0		0		101		0		101		0		0		0		101		0		0		101		0		0		101		101		101		0		101		0		101		101		101		101		101		0		0		101		101		0		101		0		0		0		0		0		0		0		101		0		101		0		0		101		0		0		0		101		101		101		0		101		101		0		101		0		0		0		101		0		0		101		101		101		101		101		101		101		0		101		0		0		101		
0		0		0		0		0		101		0		101		101		0		101		0		0		0		101		0		101		101		101		101		0		101		0		0		101		0		101		0		0		101		0		0		0		0		101		101		101		101		0		0		101		101		0		101		0		101		101		0		101		101		0		0		101		101		101		0		101		101		0		101		101		0		0		0		101		0		101		0		0		101		0		0		0		0		101		0		0		0		0		0		0		0		0		101		101		101		101		101		101		0		101		101		101		101		0		101		101		101		101		0		
0		0		101		0		0		101		0		101		0		101		0		0		0		0		101		101		0		0		0		0		101		0		0		0		101		101		101		0		0		101		101		0		0		0		101		101		101		101		0		0		101		101		101		0		0		101		101		101		0		0		101		0		101		101		101		0		101		101		101		101		0		101		0		0		101		0		101		0		101		101		0		0		101		0		0		0		0		0		0		101		101		101		0		0		0		0		0		101		101		101		101		101		101		0		101		0		101		101		0		101		
101		0		101		101		0		0		0		101		0		0		101		0		101		101		0		101		0		101		101		101		101		101		0		0		0		0		101		101		0		0		0		0		101		0		0		101		0		101		0		0		101		0		0		101		101		0		0		101		101		0		101		101		101		0		101		0		0		101		0		0		101		0		101		101		0		101		101		101		0		0		101		101		0		0		101		0		101		0		0		101		0		101		101		0		0		0		0		101		0		101		101		101		0		101		0		101		101		101		0		101		
101		101		101		101		101		0		0		101		101		101		0		101		0		0		0		101		0		101		0		101		0		101		0		101		101		0		101		0		0		101		0		0		0		101		101		0		0		0		0		0		101		101		101		0		101		101		101		101		0		101		0		101		0		0		0		0		101		0		101		101		101		101		101		101		0		101		101		0		0		0		0		0		0		0		0		101		0		0		0		101		0		101		0		101		0		0		0		101		101		0		101		0		101		0		101		0		101		0		0		101		
0		101		101		0		0		101		0		0		101		0		0		101		0		101		101		0		101		101		101		0		0		101		0		101		101		101		0		0		101		0		0		0		101		0		101		101		101		101		0		101		101		101		0		0		0		0		0		0		101		0		101		0		0		0		0		101		101		101		0		0		0		101		0		101		101		101		0		101		101		101		0		101		101		101		101		0		0		101		101		0		101		0		0		0		101		0		101		101		0		101		0		101		0		101		0		101		0		0		101		101		
101		0		0		0		101		101		101		0		101		0		101		0		0		101		0		0		0		0		101		101		101		0		101		0		101		0		0		101		0		101		101		101		0		101		0		101		101		0		101		0		101		101		101		0		101		101		0		101		0		0		101		101		0		101		0		101		0		0		0		101		101		0		0		101		0		0		101		101		0		101		101		0		101		101		101		0		0		101		0		0		0		101		0		101		101		0		101		0		101		0		101		101		101		101		101		0		101		101		101		101		
0		0		0		0		0		0		101		101		0		0		101		0		101		0		0		101		0		101		101		0		0		101		0		101		101		0		101		101		0		101		101		0		0		0		101		101		101		0		0		0		101		101		0		101		101		101		0		101		101		0		0		0		0		0		101		101		101		0		101		101		0		0		101		101		0		101		0		0		101		0		101		101		0		0		101		101		101		0		101		101		101		0		0		101		101		0		0		101		101		0		0		101		101		101		0		0		101		101		0		101		
0		0		0		0		101		0		0		0		101		0		101		0		0		0		101		0		101		101		101		0		101		101		0		0		101		101		101		101		0		0		101		0		101		101		0		0		0		101		101		101		101		0		0		101		101		101		101		0		0		101		0		0		0		101		101		0		101		101		0		101		101		101		101		0		101		101		101		0		101		0		0		0		0		101		101		0		0		0		0		0		0		0		0		101		101		101		0		0		101		101		0		101		0		0		0		101		101		0		101		101		
101		101		0		0		0		101		0		101		101		0		101		101		0		0		101		0		101		0		101		101		0		101		0		101		0		0		101		0		0		101		0		0		0		101		101		0		0		0		101		101		101		101		0		0		0		0		0		0		0		101		0		101		0		101		101		101		101		0		0		0		0		0		101		101		101		101		101		0		101		0		101		101		101		0		0		101		101		0		101		0		0		101		0		0		0		0		101		101		101		0		101		0		101		101		101		101		101		101		101		101		
NDC Pairs
< 1		2 >
< 1		5 >
< 1		7 >
< 1		11 >
< 1		13 >
< 1		14 >
< 1		17 >
< 1		20 >
< 1		21 >
< 1		22 >
< 1		23 >
< 1		24 >
< 1		25 >
< 1		26 >
< 1		28 >
< 1		29 >
< 1		37 >
< 1		38 >
< 1		40 >
< 1		41 >
< 1		42 >
< 1		43 >
< 1		46 >
< 1		48 >
< 1		54 >
< 1		56 >
< 1		57 >
< 1		64 >
< 1		67 >
< 1		73 >
< 1		74 >
< 1		76 >
< 1		78 >
< 1		79 >
< 1		81 >
< 1		84 >
< 1		85 >
< 1		87 >
< 1		90 >
< 1		94 >
< 1		95 >
< 1		97 >
< 1		100 >
< 2		3 >
< 2		6 >
< 2		7 >
< 2		8 >
< 2		9 >
< 2		10 >
< 2		11 >
< 2		13 >
< 2		14 >
< 2		15 >
< 2		16 >
< 2		20 >
< 2		22 >
< 2		23 >
< 2		24 >
< 2		26 >
< 2		27 >
< 2		34 >
< 2		35 >
< 2		36 >
< 2		37 >
< 2		38 >
< 2		40 >
< 2		42 >
< 2		43 >
< 2		51 >
< 2		52 >
< 2		53 >
< 2		55 >
< 2		56 >
< 2		57 >
< 2		58 >
< 2		59 >
< 2		60 >
< 2		62 >
< 2		64 >
< 2		65 >
< 2		68 >
< 2		70 >
< 2		73 >
< 2		78 >
< 2		79 >
< 2		81 >
< 2		84 >
< 2		85 >
< 2		87 >
< 2		88 >
< 2		95 >
< 2		96 >
< 2		100 >
< 3		4 >
< 3		10 >
< 3		12 >
< 3		15 >
< 3		17 >
< 3		20 >
< 3		21 >
< 3		23 >
< 3		25 >
< 3		26 >
< 3		27 >
< 3		28 >
< 3		31 >
< 3		32 >
< 3		34 >
< 3		35 >
< 3		36 >
< 3		37 >
< 3		38 >
< 3		39 >
< 3		42 >
< 3		43 >
< 3		45 >
< 3		48 >
< 3		50 >
< 3		53 >
< 3		54 >
< 3		56 >
< 3		59 >
< 3		62 >
< 3		63 >
< 3		66 >
< 3		67 >
< 3		68 >
< 3		70 >
< 3		71 >
< 3		72 >
< 3		73 >
< 3		74 >
< 3		76 >
< 3		77 >
< 3		78 >
< 3		81 >
< 3		82 >
< 3		86 >
< 3		90 >
< 3		93 >
< 3		94 >
< 3		95 >
< 3		96 >
< 4		6 >
< 4		7 >
< 4		8 >
< 4		10 >
< 4		11 >
< 4		18 >
< 4		19 >
< 4		20 >
< 4		23 >
< 4		24 >
< 4		28 >
< 4		30 >
< 4		31 >
< 4		33 >
< 4		37 >
< 4		38 >
< 4		39 >
< 4		42 >
< 4		43 >
< 4		44 >
< 4		46 >
< 4		47 >
< 4		51 >
< 4		53 >
< 4		55 >
< 4		56 >
< 4		57 >
< 4		59 >
< 4		65 >
< 4		66 >
< 4		72 >
< 4		73 >
< 4		74 >
< 4		75 >
< 4		79 >
< 4		80 >
< 4		81 >
< 4		83 >
< 4		85 >
< 4		86 >
< 4		89 >
< 4		94 >
< 4		95 >
< 5		7 >
< 5		8 >
< 5		10 >
< 5		11 >
< 5		15 >
< 5		16 >
< 5		18 >
< 5		19 >
< 5		20 >
< 5		21 >
< 5		24 >
< 5		25 >
< 5		26 >
< 5		27 >
< 5		28 >
< 5		29 >
< 5		32 >
< 5		33 >
< 5		34 >
< 5		35 >
< 5		36 >
< 5		44 >
< 5		46 >
< 5		49 >
< 5		51 >
< 5		53 >
< 5		55 >
< 5		56 >
< 5		57 >
< 5		58 >
< 5		60 >
< 5		64 >
< 5		75 >
< 5		78 >
< 5		81 >
< 5		83 >
< 5		84 >
< 5		85 >
< 5		87 >
< 5		89 >
< 5		90 >
< 5		91 >
< 5		95 >
< 5		97 >
< 5		99 >
< 6		8 >
< 6		9 >
< 6		10 >
< 6		12 >
< 6		16 >
< 6		17 >
< 6		18 >
< 6		19 >
< 6		21 >
< 6		22 >
< 6		23 >
< 6		24 >
< 6		26 >
< 6		27 >
< 6		28 >
< 6		29 >
< 6		32 >
< 6		35 >
< 6		36 >
< 6		37 >
< 6		41 >
< 6		42 >
< 6		43 >
< 6		45 >
< 6		46 >
< 6		47 >
< 6		50 >
< 6		56 >
< 6		59 >
< 6		60 >
< 6		61 >
< 6		64 >
< 6		65 >
< 6		68 >
< 6		70 >
< 6		71 >
< 6		72 >
< 6		73 >
< 6		74 >
< 6		76 >
< 6		77 >
< 6		78 >
< 6		80 >
< 6		81 >
< 6		82 >
< 6		84 >
< 6		85 >
< 6		87 >
< 6		89 >
< 6		90 >
< 6		91 >
< 6		92 >
< 6		93 >
< 6		96 >
< 6		97 >
< 6		100 >
< 7		10 >
< 7		13 >
< 7		15 >
< 7		16 >
< 7		17 >
< 7		19 >
< 7		20 >
< 7		23 >
< 7		25 >
< 7		27 >
< 7		28 >
< 7		31 >
< 7		32 >
< 7		33 >
< 7		34 >
< 7		35 >
< 7		39 >
< 7		40 >
< 7		41 >
< 7		42 >
< 7		43 >
< 7		45 >
< 7		47 >
< 7		51 >
< 7		52 >
< 7		53 >
< 7		56 >
< 7		57 >
< 7		58 >
< 7		63 >
< 7		65 >
< 7		72 >
< 7		75 >
< 7		76 >
< 7		79 >
< 7		80 >
< 7		81 >
< 7		83 >
< 7		85 >
< 7		87 >
< 7		90 >
< 7		97 >
< 7		98 >
< 8		9 >
< 8		11 >
< 8		14 >
< 8		15 >
< 8		17 >
< 8		18 >
< 8		22 >
< 8		23 >
< 8		24 >
< 8		28 >
< 8		29 >
< 8		31 >
< 8		34 >
< 8		38 >
< 8		39 >
< 8		40 >
< 8		43 >
< 8		46 >
< 8		48 >
< 8		49 >
< 8		50 >
< 8		52 >
< 8		54 >
< 8		55 >
< 8		59 >
< 8		60 >
< 8		61 >
< 8		62 >
< 8		64 >
< 8		66 >
< 8		67 >
< 8		72 >
< 8		74 >
< 8		79 >
< 8		80 >
< 8		82 >
< 8		84 >
< 8		85 >
< 8		90 >
< 8		91 >
< 8		92 >
< 8		93 >
< 8		94 >
< 8		95 >
< 8		98 >
< 8		100 >
< 9		10 >
< 9		13 >
< 9		14 >
< 9		15 >
< 9		16 >
< 9		18 >
< 9		22 >
< 9		23 >
< 9		25 >
< 9		30 >
< 9		33 >
< 9		34 >
< 9		35 >
< 9		37 >
< 9		38 >
< 9		40 >
< 9		43 >
< 9		46 >
< 9		49 >
< 9		51 >
< 9		52 >
< 9		53 >
< 9		55 >
< 9		56 >
< 9		57 >
< 9		58 >
< 9		60 >
< 9		62 >
< 9		63 >
< 9		66 >
< 9		67 >
< 9		70 >
< 9		71 >
< 9		84 >
< 9		87 >
< 9		89 >
< 9		91 >
< 9		92 >
< 9		95 >
< 9		96 >
< 9		97 >
< 9		99 >
< 9		100 >
< 10		13 >
< 10		16 >
< 10		17 >
< 10		18 >
< 10		23 >
< 10		24 >
< 10		31 >
< 10		32 >
< 10		33 >
< 10		34 >
< 10		35 >
< 10		37 >
< 10		40 >
< 10		41 >
< 10		42 >
< 10		43 >
< 10		44 >
< 10		45 >
< 10		46 >
< 10		47 >
< 10		49 >
< 10		50 >
< 10		53 >
< 10		55 >
< 10		58 >
< 10		60 >
< 10		61 >
< 10		62 >
< 10		63 >
< 10		66 >
< 10		68 >
< 10		70 >
< 10		71 >
< 10		74 >
< 10		75 >
< 10		77 >
< 10		78 >
< 10		80 >
< 10		84 >
< 10		86 >
< 10		88 >
< 10		93 >
< 10		95 >
< 11		12 >
< 11		13 >
< 11		17 >
< 11		18 >
< 11		21 >
< 11		25 >
< 11		27 >
< 11		30 >
< 11		32 >
< 11		37 >
< 11		39 >
< 11		43 >
< 11		45 >
< 11		46 >
< 11		47 >
< 11		49 >
< 11		52 >
< 11		53 >
< 11		55 >
< 11		56 >
< 11		57 >
< 11		62 >
< 11		63 >
< 11		64 >
< 11		66 >
< 11		68 >
< 11		72 >
< 11		73 >
< 11		74 >
< 11		77 >
< 11		78 >
< 11		82 >
< 11		83 >
< 11		84 >
< 11		86 >
< 11		90 >
< 11		92 >
< 11		94 >
< 11		97 >
< 11		98 >
< 11		99 >
< 11		100 >
< 12		14 >
< 12		15 >
< 12		16 >
< 12		19 >
< 12		20 >
< 12		22 >
< 12		28 >
< 12		29 >
< 12		30 >
< 12		33 >
< 12		34 >
< 12		36 >
< 12		40 >
< 12		41 >
< 12		44 >
< 12		46 >
< 12		51 >
< 12		54 >
< 12		55 >
< 12		56 >
< 12		57 >
< 12		62 >
< 12		63 >
< 12		69 >
< 12		70 >
< 12		71 >
< 12		72 >
< 12		76 >
< 12		77 >
< 12		80 >
< 12		81 >
< 12		82 >
< 12		83 >
< 12		84 >
< 12		88 >
< 12		90 >
< 12		91 >
< 12		95 >
< 12		96 >
< 12		100 >
< 13		14 >
< 13		15 >
< 13		17 >
< 13		19 >
< 13		21 >
< 13		22 >
< 13		23 >
< 13		24 >
< 13		26 >
< 13		28 >
< 13		30 >
< 13		31 >
< 13		35 >
< 13		36 >
< 13		40 >
< 13		41 >
< 13		43 >
< 13		44 >
< 13		45 >
< 13		46 >
< 13		47 >
< 13		48 >
< 13		49 >
< 13		50 >
< 13		51 >
< 13		53 >
< 13		54 >
< 13		55 >
< 13		56 >
< 13		58 >
< 13		60 >
< 13		61 >
< 13		64 >
< 13		65 >
< 13		67 >
< 13		69 >
< 13		70 >
< 13		73 >
< 13		74 >
< 13		75 >
< 13		77 >
< 13		78 >
< 13		80 >
< 13		82 >
< 13		84 >
< 13		85 >
< 13		87 >
< 13		90 >
< 13		94 >
< 13		98 >
< 14		16 >
< 14		17 >
< 14		23 >
< 14		27 >
< 14		28 >
< 14		29 >
< 14		30 >
< 14		31 >
< 14		32 >
< 14		33 >
< 14		34 >
< 14		36 >
< 14		39 >
< 14		40 >
< 14		42 >
< 14		43 >
< 14		44 >
< 14		45 >
< 14		46 >
< 14		49 >
< 14		50 >
< 14		51 >
< 14		52 >
< 14		54 >
< 14		58 >
< 14		59 >
< 14		61 >
< 14		62 >
< 14		63 >
< 14		65 >
< 14		69 >
< 14		73 >
< 14		75 >
< 14		76 >
< 14		77 >
< 14		78 >
< 14		82 >
< 14		83 >
< 14		84 >
< 14		86 >
< 14		87 >
< 14		90 >
< 14		91 >
< 14		94 >
< 14		96 >
< 14		97 >
< 15		16 >
< 15		17 >
< 15		20 >
< 15		21 >
< 15		22 >
< 15		23 >
< 15		24 >
< 15		26 >
< 15		27 >
< 15		28 >
< 15		30 >
< 15		35 >
< 15		36 >
< 15		38 >
< 15		41 >
< 15		42 >
< 15		43 >
< 15		44 >
< 15		47 >
< 15		48 >
< 15		53 >
< 15		56 >
< 15		58 >
< 15		59 >
< 15		60 >
< 15		61 >
< 15		63 >
< 15		66 >
< 15		70 >
< 15		71 >
< 15		75 >
< 15		77 >
< 15		79 >
< 15		82 >
< 15		85 >
< 15		86 >
< 15		87 >
< 15		89 >
< 15		91 >
< 15		92 >
< 15		93 >
< 15		96 >
< 15		99 >
< 15		100 >
< 16		20 >
< 16		23 >
< 16		27 >
< 16		29 >
< 16		32 >
< 16		40 >
< 16		41 >
< 16		42 >
< 16		43 >
< 16		44 >
< 16		47 >
< 16		49 >
< 16		51 >
< 16		55 >
< 16		64 >
< 16		66 >
< 16		67 >
< 16		72 >
< 16		73 >
< 16		74 >
< 16		75 >
< 16		77 >
< 16		80 >
< 16		83 >
< 16		84 >
< 16		85 >
< 16		87 >
< 16		89 >
< 16		90 >
< 16		93 >
< 16		94 >
< 16		95 >
< 16		98 >
< 17		18 >
< 17		22 >
< 17		26 >
< 17		28 >
< 17		30 >
< 17		32 >
< 17		38 >
< 17		39 >
< 17		40 >
< 17		43 >
< 17		44 >
< 17		45 >
< 17		49 >
< 17		53 >
< 17		56 >
< 17		57 >
< 17		58 >
< 17		61 >
< 17		63 >
< 17		65 >
< 17		66 >
< 17		67 >
< 17		69 >
< 17		70 >
< 17		75 >
< 17		76 >
< 17		79 >
< 17		81 >
< 17		82 >
< 17		83 >
< 17		84 >
< 17		85 >
< 17		86 >
< 17		88 >
< 17		89 >
< 17		90 >
< 17		92 >
< 17		96 >
< 17		99 >
< 17		100 >
< 18		19 >
< 18		20 >
< 18		22 >
< 18		23 >
< 18		26 >
< 18		27 >
< 18		28 >
< 18		29 >
< 18		31 >
< 18		32 >
< 18		34 >
< 18		35 >
< 18		36 >
< 18		42 >
< 18		44 >
< 18		45 >
< 18		47 >
< 18		48 >
< 18		49 >
< 18		51 >
< 18		53 >
< 18		54 >
< 18		55 >
< 18		57 >
< 18		59 >
< 18		60 >
< 18		62 >
< 18		63 >
< 18		68 >
< 18		70 >
< 18		72 >
< 18		74 >
< 18		76 >
< 18		77 >
< 18		78 >
< 18		81 >
< 18		85 >
< 18		86 >
< 18		88 >
< 18		89 >
< 18		90 >
< 18		92 >
< 18		94 >
< 18		95 >
< 18		96 >
< 18		98 >
< 18		99 >
< 19		20 >
< 19		22 >
< 19		25 >
< 19		31 >
< 19		32 >
< 19		33 >
< 19		36 >
< 19		38 >
< 19		42 >
< 19		45 >
< 19		52 >
< 19		55 >
< 19		56 >
< 19		57 >
< 19		59 >
< 19		60 >
< 19		61 >
< 19		62 >
< 19		63 >
< 19		66 >
< 19		69 >
< 19		70 >
< 19		72 >
< 19		73 >
< 19		76 >
< 19		78 >
< 19		80 >
< 19		82 >
< 19		84 >
< 19		85 >
< 19		87 >
< 19		90 >
< 19		92 >
< 19		94 >
< 19		96 >
< 19		97 >
< 19		98 >
< 19		99 >
< 19		100 >
< 20		21 >
< 20		23 >
< 20		24 >
< 20		25 >
< 20		28 >
< 20		29 >
< 20		30 >
< 20		31 >
< 20		36 >
< 20		40 >
< 20		41 >
< 20		44 >
< 20		45 >
< 20		48 >
< 20		50 >
< 20		51 >
< 20		52 >
< 20		53 >
< 20		56 >
< 20		58 >
< 20		59 >
< 20		61 >
< 20		64 >
< 20		65 >
< 20		66 >
< 20		68 >
< 20		70 >
< 20		73 >
< 20		75 >
< 20		76 >
< 20		79 >
< 20		81 >
< 20		84 >
< 20		92 >
< 20		94 >
< 20		95 >
< 20		97 >
< 20		100 >
< 21		25 >
< 21		26 >
< 21		28 >
< 21		29 >
< 21		33 >
< 21		34 >
< 21		35 >
< 21		36 >
< 21		41 >
< 21		42 >
< 21		44 >
< 21		46 >
< 21		47 >
< 21		48 >
< 21		49 >
< 21		51 >
< 21		53 >
< 21		54 >
< 21		56 >
< 21		59 >
< 21		60 >
< 21		61 >
< 21		65 >
< 21		70 >
< 21		72 >
< 21		73 >
< 21		74 >
< 21		75 >
< 21		76 >
< 21		77 >
< 21		80 >
< 21		81 >
< 21		85 >
< 21		87 >
< 21		91 >
< 21		93 >
< 21		94 >
< 21		97 >
< 21		99 >
< 22		23 >
< 22		24 >
< 22		25 >
< 22		31 >
< 22		35 >
< 22		37 >
< 22		41 >
< 22		42 >
< 22		44 >
< 22		46 >
< 22		48 >
< 22		49 >
< 22		51 >
< 22		52 >
< 22		56 >
< 22		61 >
< 22		67 >
< 22		68 >
< 22		71 >
< 22		72 >
< 22		73 >
< 22		74 >
< 22		75 >
< 22		78 >
< 22		84 >
< 22		87 >
< 22		90 >
< 22		92 >
< 22		94 >
< 22		95 >
< 22		96 >
< 22		98 >
< 22		99 >
< 22		100 >
< 23		24 >
< 23		27 >
< 23		28 >
< 23		30 >
< 23		33 >
< 23		38 >
< 23		39 >
< 23		43 >
< 23		44 >
< 23		45 >
< 23		47 >
< 23		49 >
< 23		52 >
< 23		56 >
< 23		58 >
< 23		64 >
< 23		65 >
< 23		66 >
< 23		70 >
< 23		71 >
< 23		75 >
< 23		76 >
< 23		77 >
< 23		80 >
< 23		81 >
< 23		83 >
< 23		85 >
< 23		97 >
< 24		25 >
< 24		26 >
< 24		28 >
< 24		31 >
< 24		32 >
< 24		36 >
< 24		37 >
< 24		40 >
< 24		41 >
< 24		43 >
< 24		47 >
< 24		48 >
< 24		50 >
< 24		52 >
< 24		54 >
< 24		56 >
< 24		59 >
< 24		60 >
< 24		62 >
< 24		63 >
< 24		64 >
< 24		66 >
< 24		67 >
< 24		68 >
< 24		69 >
< 24		70 >
< 24		71 >
< 24		72 >
< 24		74 >
< 24		75 >
< 24		78 >
< 24		79 >
< 24		80 >
< 24		84 >
< 24		86 >
< 24		87 >
< 24		89 >
< 24		90 >
< 24		91 >
< 24		95 >
< 24		96 >
< 24		98 >
< 24		100 >
< 25		26 >
< 25		29 >
< 25		30 >
< 25		33 >
< 25		34 >
< 25		35 >
< 25		37 >
< 25		39 >
< 25		41 >
< 25		42 >
< 25		43 >
< 25		44 >
< 25		45 >
< 25		46 >
< 25		47 >
< 25		50 >
< 25		51 >
< 25		52 >
< 25		53 >
< 25		55 >
< 25		56 >
< 25		60 >
< 25		64 >
< 25		65 >
< 25		66 >
< 25		69 >
< 25		70 >
< 25		71 >
< 25		74 >
< 25		76 >
< 25		77 >
< 25		78 >
< 25		79 >
< 25		82 >
< 25		85 >
< 25		88 >
< 25		89 >
< 25		90 >
< 25		92 >
< 25		93 >
< 25		95 >
< 25		96 >
< 25		97 >
< 25		98 >
< 25		99 >
< 26		28 >
< 26		30 >
< 26		31 >
< 26		34 >
< 26		37 >
< 26		39 >
< 26		40 >
< 26		43 >
< 26		45 >
< 26		46 >
< 26		47 >
< 26		50 >
< 26		51 >
< 26		53 >
< 26		54 >
< 26		55 >
< 26		56 >
< 26		58 >
< 26		59 >
< 26		63 >
< 26		64 >
< 26		66 >
< 26		67 >
< 26		70 >
< 26		73 >
< 26		74 >
< 26		76 >
< 26		78 >
< 26		79 >
< 26		82 >
< 26		84 >
< 26		86 >
< 26		88 >
< 26		93 >
< 26		96 >
< 26		99 >
< 27		33 >
< 27		35 >
< 27		36 >
< 27		38 >
< 27		40 >
< 27		42 >
< 27		45 >
< 27		49 >
< 27		50 >
< 27		51 >
< 27		54 >
< 27		63 >
< 27		65 >
< 27		66 >
< 27		67 >
< 27		72 >
< 27		76 >
< 27		78 >
< 27		81 >
< 27		85 >
< 27		86 >
< 27		88 >
< 27		90 >
< 27		92 >
< 27		93 >
< 27		94 >
< 27		95 >
< 27		98 >
< 27		99 >
< 27		100 >
< 28		29 >
< 28		32 >
< 28		34 >
< 28		37 >
< 28		38 >
< 28		42 >
< 28		45 >
< 28		46 >
< 28		47 >
< 28		48 >
< 28		50 >
< 28		51 >
< 28		54 >
< 28		58 >
< 28		63 >
< 28		64 >
< 28		67 >
< 28		68 >
< 28		69 >
< 28		71 >
< 28		72 >
< 28		77 >
< 28		79 >
< 28		81 >
< 28		84 >
< 28		94 >
< 28		97 >
< 28		98 >
< 28		99 >
< 29		31 >
< 29		33 >
< 29		34 >
< 29		37 >
< 29		39 >
< 29		40 >
< 29		41 >
< 29		47 >
< 29		48 >
< 29		49 >
< 29		51 >
< 29		55 >
< 29		57 >
< 29		58 >
< 29		60 >
< 29		62 >
< 29		63 >
< 29		66 >
< 29		68 >
< 29		71 >
< 29		72 >
< 29		73 >
< 29		74 >
< 29		75 >
< 29		76 >
< 29		79 >
< 29		83 >
< 29		84 >
< 29		85 >
< 29		88 >
< 29		89 >
< 29		90 >
< 29		96 >
< 30		31 >
< 30		35 >
< 30		36 >
< 30		39 >
< 30		41 >
< 30		42 >
< 30		43 >
< 30		45 >
< 30		46 >
< 30		47 >
< 30		48 >
< 30		51 >
< 30		52 >
< 30		55 >
< 30		56 >
< 30		58 >
< 30		60 >
< 30		61 >
< 30		62 >
< 30		64 >
< 30		65 >
< 30		67 >
< 30		69 >
< 30		72 >
< 30		73 >
< 30		76 >
< 30		77 >
< 30		79 >
< 30		81 >
< 30		82 >
< 30		83 >
< 30		84 >
< 30		85 >
< 30		91 >
< 30		92 >
< 30		93 >
< 30		95 >
< 30		97 >
< 30		98 >
< 30		100 >
< 31		32 >
< 31		33 >
< 31		35 >
< 31		38 >
< 31		40 >
< 31		41 >
< 31		42 >
< 31		43 >
< 31		44 >
< 31		46 >
< 31		47 >
< 31		50 >
< 31		53 >
< 31		55 >
< 31		57 >
< 31		59 >
< 31		60 >
< 31		62 >
< 31		63 >
< 31		64 >
< 31		69 >
< 31		70 >
< 31		71 >
< 31		72 >
< 31		73 >
< 31		75 >
< 31		76 >
< 31		78 >
< 31		79 >
< 31		80 >
< 31		81 >
< 31		83 >
< 31		85 >
< 31		89 >
< 31		90 >
< 31		93 >
< 31		97 >
< 31		98 >
< 31		99 >
< 32		34 >
< 32		40 >
< 32		41 >
< 32		44 >
< 32		46 >
< 32		47 >
< 32		52 >
< 32		53 >
< 32		54 >
< 32		55 >
< 32		57 >
< 32		58 >
< 32		59 >
< 32		60 >
< 32		61 >
< 32		63 >
< 32		66 >
< 32		69 >
< 32		72 >
< 32		73 >
< 32		75 >
< 32		77 >
< 32		79 >
< 32		80 >
< 32		82 >
< 32		84 >
< 32		85 >
< 32		91 >
< 32		97 >
< 33		39 >
< 33		41 >
< 33		42 >
< 33		43 >
< 33		44 >
< 33		45 >
< 33		46 >
< 33		49 >
< 33		50 >
< 33		52 >
< 33		54 >
< 33		57 >
< 33		58 >
< 33		59 >
< 33		64 >
< 33		65 >
< 33		67 >
< 33		70 >
< 33		73 >
< 33		74 >
< 33		75 >
< 33		76 >
< 33		77 >
< 33		78 >
< 33		79 >
< 33		82 >
< 33		83 >
< 33		84 >
< 33		86 >
< 33		87 >
< 33		88 >
< 33		89 >
< 33		94 >
< 33		96 >
< 33		99 >
< 34		35 >
< 34		36 >
< 34		41 >
< 34		42 >
< 34		47 >
< 34		49 >
< 34		53 >
< 34		58 >
< 34		59 >
< 34		63 >
< 34		66 >
< 34		69 >
< 34		70 >
< 34		71 >
< 34		72 >
< 34		74 >
< 34		76 >
< 34		79 >
< 34		82 >
< 34		84 >
< 34		85 >
< 34		87 >
< 34		88 >
< 34		90 >
< 34		95 >
< 34		97 >
< 34		99 >
< 34		100 >
< 35		36 >
< 35		40 >
< 35		47 >
< 35		49 >
< 35		50 >
< 35		53 >
< 35		56 >
< 35		57 >
< 35		58 >
< 35		59 >
< 35		60 >
< 35		62 >
< 35		63 >
< 35		67 >
< 35		69 >
< 35		75 >
< 35		78 >
< 35		80 >
< 35		81 >
< 35		82 >
< 35		84 >
< 35		85 >
< 35		86 >
< 35		87 >
< 35		88 >
< 35		90 >
< 35		92 >
< 35		93 >
< 35		95 >
< 35		96 >
< 35		98 >
< 35		100 >
< 36		37 >
< 36		38 >
< 36		39 >
< 36		40 >
< 36		44 >
< 36		46 >
< 36		47 >
< 36		48 >
< 36		49 >
< 36		50 >
< 36		51 >
< 36		52 >
< 36		53 >
< 36		54 >
< 36		55 >
< 36		56 >
< 36		57 >
< 36		58 >
< 36		60 >
< 36		61 >
< 36		63 >
< 36		65 >
< 36		68 >
< 36		69 >
< 36		72 >
< 36		74 >
< 36		77 >
< 36		78 >
< 36		79 >
< 36		80 >
< 36		81 >
< 36		82 >
< 36		84 >
< 36		85 >
< 36		87 >
< 36		88 >
< 36		90 >
< 36		91 >
< 36		92 >
< 36		93 >
< 36		94 >
< 36		96 >
< 36		97 >
< 36		98 >
< 37		38 >
< 37		39 >
< 37		41 >
< 37		46 >
< 37		47 >
< 37		49 >
< 37		50 >
< 37		54 >
< 37		55 >
< 37		56 >
< 37		58 >
< 37		61 >
< 37		62 >
< 37		64 >
< 37		65 >
< 37		66 >
< 37		69 >
< 37		71 >
< 37		72 >
< 37		73 >
< 37		74 >
< 37		77 >
< 37		78 >
< 37		84 >
< 37		87 >
< 37		88 >
< 37		89 >
< 37		90 >
< 37		92 >
< 37		93 >
< 37		96 >
< 37		97 >
< 37		98 >
< 38		40 >
< 38		41 >
< 38		44 >
< 38		48 >
< 38		51 >
< 38		53 >
< 38		56 >
< 38		62 >
< 38		67 >
< 38		69 >
< 38		71 >
< 38		73 >
< 38		76 >
< 38		77 >
< 38		78 >
< 38		80 >
< 38		81 >
< 38		84 >
< 38		86 >
< 38		89 >
< 38		90 >
< 38		92 >
< 38		93 >
< 38		94 >
< 38		96 >
< 38		99 >
< 39		40 >
< 39		42 >
< 39		45 >
< 39		48 >
< 39		49 >
< 39		50 >
< 39		51 >
< 39		53 >
< 39		56 >
< 39		57 >
< 39		58 >
< 39		59 >
< 39		61 >
< 39		62 >
< 39		63 >
< 39		64 >
< 39		65 >
< 39		67 >
< 39		68 >
< 39		69 >
< 39		70 >
< 39		71 >
< 39		72 >
< 39		75 >
< 39		76 >
< 39		77 >
< 39		80 >
< 39		82 >
< 39		85 >
< 39		86 >
< 39		87 >
< 39		88 >
< 39		89 >
< 39		90 >
< 39		91 >
< 39		97 >
< 39		99 >
< 39		100 >
< 40		42 >
< 40		43 >
< 40		44 >
< 40		51 >
< 40		52 >
< 40		53 >
< 40		54 >
< 40		58 >
< 40		62 >
< 40		64 >
< 40		66 >
< 40		68 >
< 40		70 >
< 40		77 >
< 40		87 >
< 40		88 >
< 40		90 >
< 40		96 >
< 40		99 >
< 40		100 >
< 41		42 >
< 41		46 >
< 41		49 >
< 41		50 >
< 41		55 >
< 41		58 >
< 41		59 >
< 41		60 >
< 41		67 >
< 41		71 >
< 41		76 >
< 41		78 >
< 41		83 >
< 41		85 >
< 41		90 >
< 41		92 >
< 41		93 >
< 41		94 >
< 41		95 >
< 41		96 >
< 41		97 >
< 41		98 >
< 41		99 >
< 41		100 >
< 42		44 >
< 42		47 >
< 42		55 >
< 42		56 >
< 42		57 >
< 42		58 >
< 42		60 >
< 42		62 >
< 42		66 >
< 42		67 >
< 42		68 >
< 42		69 >
< 42		70 >
< 42		75 >
< 42		76 >
< 42		81 >
< 42		82 >
< 42		84 >
< 42		86 >
< 42		88 >
< 42		91 >
< 42		92 >
< 42		93 >
< 42		95 >
< 42		96 >
< 42		97 >
< 42		98 >
< 42		100 >
< 43		48 >
< 43		51 >
< 43		52 >
< 43		54 >
< 43		55 >
< 43		59 >
< 43		63 >
< 43		64 >
< 43		65 >
< 43		67 >
< 43		69 >
< 43		70 >
< 43		71 >
< 43		74 >
< 43		76 >
< 43		77 >
< 43		78 >
< 43		79 >
< 43		80 >
< 43		82 >
< 43		84 >
< 43		86 >
< 43		87 >
< 43		89 >
< 43		90 >
< 43		91 >
< 43		93 >
< 43		95 >
< 43		97 >
< 44		45 >
< 44		47 >
< 44		48 >
< 44		49 >
< 44		50 >
< 44		52 >
< 44		53 >
< 44		55 >
< 44		56 >
< 44		59 >
< 44		60 >
< 44		64 >
< 44		68 >
< 44		70 >
< 44		71 >
< 44		75 >
< 44		78 >
< 44		79 >
< 44		80 >
< 44		81 >
< 44		83 >
< 44		84 >
< 44		88 >
< 44		89 >
< 44		91 >
< 44		92 >
< 44		94 >
< 44		98 >
< 44		99 >
< 45		48 >
< 45		49 >
< 45		52 >
< 45		54 >
< 45		55 >
< 45		59 >
< 45		61 >
< 45		63 >
< 45		65 >
< 45		66 >
< 45		67 >
< 45		68 >
< 45		72 >
< 45		73 >
< 45		74 >
< 45		76 >
< 45		77 >
< 45		78 >
< 45		79 >
< 45		80 >
< 45		82 >
< 45		86 >
< 45		87 >
< 45		88 >
< 45		89 >
< 45		94 >
< 45		95 >
< 45		97 >
< 45		98 >
< 45		99 >
< 46		47 >
< 46		48 >
< 46		52 >
< 46		53 >
< 46		54 >
< 46		58 >
< 46		60 >
< 46		61 >
< 46		64 >
< 46		68 >
< 46		71 >
< 46		72 >
< 46		75 >
< 46		79 >
< 46		82 >
< 46		83 >
< 46		86 >
< 46		87 >
< 46		89 >
< 46		91 >
< 46		92 >
< 46		93 >
< 46		95 >
< 46		97 >
< 46		98 >
< 46		99 >
< 47		51 >
< 47		52 >
< 47		53 >
< 47		56 >
< 47		58 >
< 47		65 >
< 47		66 >
< 47		67 >
< 47		68 >
< 47		69 >
< 47		71 >
< 47		72 >
< 47		74 >
< 47		76 >
< 47		77 >
< 47		78 >
< 47		79 >
< 47		81 >
< 47		82 >
< 47		85 >
< 47		86 >
< 47		88 >
< 47		89 >
< 47		90 >
< 47		92 >
< 47		93 >
< 47		95 >
< 47		99 >
< 48		53 >
< 48		56 >
< 48		57 >
< 48		58 >
< 48		60 >
< 48		61 >
< 48		64 >
< 48		65 >
< 48		68 >
< 48		69 >
< 48		70 >
< 48		75 >
< 48		77 >
< 48		78 >
< 48		79 >
< 48		80 >
< 48		83 >
< 48		84 >
< 48		89 >
< 48		90 >
< 48		91 >
< 48		93 >
< 48		94 >
< 48		95 >
< 48		97 >
< 48		98 >
< 49		53 >
< 49		54 >
< 49		57 >
< 49		58 >
< 49		63 >
< 49		66 >
< 49		67 >
< 49		68 >
< 49		70 >
< 49		73 >
< 49		78 >
< 49		80 >
< 49		81 >
< 49		84 >
< 49		86 >
< 49		87 >
< 49		88 >
< 49		89 >
< 49		90 >
< 49		91 >
< 49		92 >
< 49		94 >
< 49		96 >
< 49		98 >
< 50		51 >
< 50		52 >
< 50		53 >
< 50		54 >
< 50		55 >
< 50		56 >
< 50		58 >
< 50		60 >
< 50		61 >
< 50		64 >
< 50		66 >
< 50		67 >
< 50		69 >
< 50		71 >
< 50		73 >
< 50		76 >
< 50		77 >
< 50		83 >
< 50		84 >
< 50		85 >
< 50		86 >
< 50		88 >
< 50		89 >
< 50		90 >
< 50		91 >
< 50		92 >
< 50		95 >
< 50		99 >
< 50		100 >
< 51		54 >
< 51		55 >
< 51		59 >
< 51		61 >
< 51		65 >
< 51		66 >
< 51		67 >
< 51		71 >
< 51		72 >
< 51		74 >
< 51		75 >
< 51		78 >
< 51		79 >
< 51		80 >
< 51		82 >
< 51		83 >
< 51		88 >
< 51		89 >
< 51		90 >
< 51		91 >
< 51		93 >
< 51		94 >
< 51		96 >
< 51		97 >
< 52		53 >
< 52		58 >
< 52		61 >
< 52		63 >
< 52		64 >
< 52		65 >
< 52		74 >
< 52		77 >
< 52		79 >
< 52		80 >
< 52		84 >
< 52		85 >
< 52		91 >
< 52		94 >
< 52		95 >
< 52		97 >
< 52		100 >
< 53		54 >
< 53		55 >
< 53		60 >
< 53		62 >
< 53		63 >
< 53		64 >
< 53		65 >
< 53		66 >
< 53		67 >
< 53		68 >
< 53		70 >
< 53		72 >
< 53		77 >
< 53		78 >
< 53		82 >
< 53		84 >
< 53		85 >
< 53		86 >
< 53		87 >
< 53		88 >
< 53		89 >
< 53		92 >
< 53		93 >
< 53		94 >
< 54		56 >
< 54		58 >
< 54		59 >
< 54		61 >
< 54		63 >
< 54		65 >
< 54		66 >
< 54		67 >
< 54		68 >
< 54		71 >
< 54		74 >
< 54		78 >
< 54		81 >
< 54		83 >
< 54		86 >
< 54		89 >
< 54		90 >
< 54		92 >
< 54		93 >
< 54		97 >
< 54		99 >
< 54		100 >
< 55		58 >
< 55		60 >
< 55		61 >
< 55		62 >
< 55		64 >
< 55		67 >
< 55		70 >
< 55		71 >
< 55		72 >
< 55		74 >
< 55		75 >
< 55		79 >
< 55		80 >
< 55		81 >
< 55		82 >
< 55		83 >
< 55		84 >
< 55		87 >
< 55		90 >
< 55		91 >
< 55		92 >
< 55		93 >
< 55		94 >
< 55		98 >
< 55		99 >
< 55		100 >
< 56		57 >
< 56		58 >
< 56		59 >
< 56		60 >
< 56		64 >
< 56		68 >
< 56		70 >
< 56		71 >
< 56		72 >
< 56		74 >
< 56		75 >
< 56		76 >
< 56		78 >
< 56		79 >
< 56		81 >
< 56		82 >
< 56		84 >
< 56		85 >
< 56		87 >
< 56		89 >
< 56		90 >
< 56		91 >
< 56		96 >
< 56		97 >
< 56		98 >
< 56		100 >
< 57		59 >
< 57		61 >
< 57		64 >
< 57		65 >
< 57		66 >
< 57		69 >
< 57		70 >
< 57		74 >
< 57		78 >
< 57		79 >
< 57		82 >
< 57		83 >
< 57		84 >
< 57		85 >
< 57		86 >
< 57		89 >
< 57		92 >
< 57		93 >
< 57		95 >
< 57		96 >
< 57		98 >
< 57		99 >
< 57		100 >
< 58		63 >
< 58		67 >
< 58		69 >
< 58		71 >
< 58		74 >
< 58		81 >
< 58		83 >
< 58		84 >
< 58		86 >
< 58		88 >
< 58		89 >
< 58		91 >
< 58		92 >
< 58		93 >
< 58		94 >
< 58		96 >
< 58		99 >
< 59		60 >
< 59		62 >
< 59		65 >
< 59		67 >
< 59		69 >
< 59		72 >
< 59		74 >
< 59		77 >
< 59		78 >
< 59		82 >
< 59		83 >
< 59		87 >
< 59		88 >
< 59		90 >
< 59		93 >
< 59		95 >
< 59		98 >
< 60		61 >
< 60		66 >
< 60		67 >
< 60		68 >
< 60		75 >
< 60		76 >
< 60		78 >
< 60		82 >
< 60		83 >
< 60		85 >
< 60		86 >
< 60		88 >
< 60		89 >
< 60		90 >
< 60		92 >
< 60		93 >
< 60		95 >
< 60		97 >
< 60		98 >
< 60		99 >
< 61		66 >
< 61		67 >
< 61		69 >
< 61		70 >
< 61		73 >
< 61		74 >
< 61		79 >
< 61		81 >
< 61		82 >
< 61		84 >
< 61		86 >
< 61		89 >
< 61		92 >
< 61		94 >
< 61		95 >
< 61		97 >
< 61		99 >
< 62		64 >
< 62		65 >
< 62		66 >
< 62		67 >
< 62		71 >
< 62		72 >
< 62		74 >
< 62		76 >
< 62		77 >
< 62		79 >
< 62		84 >
< 62		86 >
< 62		87 >
< 62		88 >
< 62		89 >
< 62		93 >
< 62		95 >
< 62		96 >
< 62		99 >
< 63		64 >
< 63		66 >
< 63		67 >
< 63		69 >
< 63		71 >
< 63		76 >
< 63		78 >
< 63		79 >
< 63		81 >
< 63		89 >
< 63		90 >
< 63		94 >
< 63		95 >
< 63		98 >
< 63		99 >
< 63		100 >
< 64		65 >
< 64		66 >
< 64		67 >
< 64		69 >
< 64		73 >
< 64		78 >
< 64		79 >
< 64		81 >
< 64		84 >
< 64		86 >
< 64		87 >
< 64		88 >
< 64		89 >
< 64		90 >
< 64		94 >
< 64		95 >
< 64		96 >
< 64		97 >
< 64		98 >
< 64		100 >
< 65		67 >
< 65		68 >
< 65		69 >
< 65		70 >
< 65		71 >
< 65		72 >
< 65		74 >
< 65		77 >
< 65		81 >
< 65		92 >
< 65		93 >
< 65		96 >
< 65		99 >
< 65		100 >
< 66		70 >
< 66		73 >
< 66		74 >
< 66		75 >
< 66		77 >
< 66		82 >
< 66		85 >
< 66		87 >
< 66		89 >
< 66		90 >
< 66		91 >
< 66		94 >
< 66		95 >
< 66		96 >
< 66		98 >
< 66		99 >
< 66		100 >
< 67		68 >
< 67		73 >
< 67		74 >
< 67		75 >
< 67		77 >
< 67		82 >
< 67		83 >
< 67		86 >
< 67		87 >
< 67		88 >
< 67		92 >
< 67		93 >
< 67		94 >
< 67		95 >
< 67		97 >
< 67		99 >
< 67		100 >
< 68		70 >
< 68		72 >
< 68		75 >
< 68		83 >
< 68		84 >
< 68		88 >
< 68		91 >
< 68		94 >
< 68		96 >
< 68		97 >
< 69		70 >
< 69		72 >
< 69		73 >
< 69		74 >
< 69		76 >
< 69		78 >
< 69		81 >
< 69		82 >
< 69		83 >
< 69		87 >
< 69		88 >
< 69		93 >
< 69		96 >
< 69		98 >
< 69		99 >
< 69		100 >
< 70		71 >
< 70		74 >
< 70		75 >
< 70		76 >
< 70		80 >
< 70		82 >
< 70		84 >
< 70		86 >
< 70		88 >
< 70		90 >
< 70		92 >
< 70		93 >
< 70		96 >
< 70		97 >
< 71		72 >
< 71		75 >
< 71		78 >
< 71		80 >
< 71		82 >
< 71		83 >
< 71		85 >
< 71		89 >
< 71		91 >
< 71		94 >
< 71		97 >
< 71		98 >
< 71		100 >
< 72		75 >
< 72		78 >
< 72		80 >
< 72		81 >
< 72		82 >
< 72		83 >
< 72		87 >
< 72		88 >
< 72		94 >
< 72		96 >
< 72		98 >
< 72		100 >
< 73		78 >
< 73		79 >
< 73		80 >
< 73		82 >
< 73		83 >
< 73		85 >
< 73		87 >
< 73		88 >
< 73		89 >
< 73		93 >
< 73		96 >
< 73		97 >
< 73		100 >
< 74		76 >
< 74		78 >
< 74		81 >
< 74		84 >
< 74		85 >
< 74		87 >
< 74		88 >
< 74		90 >
< 74		96 >
< 74		97 >
< 74		99 >
< 75		76 >
< 75		77 >
< 75		80 >
< 75		82 >
< 75		86 >
< 75		91 >
< 75		92 >
< 75		94 >
< 75		96 >
< 75		97 >
< 75		98 >
< 75		99 >
< 76		77 >
< 76		79 >
< 76		80 >
< 76		81 >
< 76		85 >
< 76		87 >
< 76		90 >
< 76		91 >
< 76		95 >
< 76		98 >
< 76		100 >
< 77		78 >
< 77		79 >
< 77		80 >
< 77		81 >
< 77		82 >
< 77		83 >
< 77		84 >
< 77		85 >
< 77		86 >
< 77		87 >
< 77		89 >
< 77		91 >
< 77		94 >
< 77		98 >
< 77		100 >
< 78		80 >
< 78		81 >
< 78		83 >
< 78		84 >
< 78		87 >
< 78		89 >
< 78		96 >
< 78		97 >
< 79		81 >
< 79		82 >
< 79		83 >
< 79		85 >
< 79		87 >
< 79		88 >
< 79		90 >
< 79		91 >
< 79		96 >
< 79		98 >
< 79		100 >
< 80		82 >
< 80		84 >
< 80		85 >
< 80		88 >
< 80		90 >
< 80		91 >
< 80		93 >
< 80		94 >
< 80		95 >
< 80		98 >
< 81		82 >
< 81		83 >
< 81		84 >
< 81		90 >
< 81		93 >
< 81		96 >
< 81		98 >
< 82		83 >
< 82		84 >
< 82		85 >
< 82		89 >
< 82		91 >
< 82		93 >
< 82		94 >
< 82		95 >
< 82		97 >
< 82		100 >
< 83		84 >
< 83		85 >
< 83		87 >
< 83		88 >
< 83		89 >
< 83		90 >
< 83		94 >
< 84		85 >
< 84		88 >
< 84		89 >
< 84		92 >
< 84		95 >
< 84		97 >
< 84		98 >
< 84		99 >
< 85		86 >
< 85		90 >
< 85		92 >
< 85		96 >
< 85		97 >
< 85		98 >
< 85		99 >
< 86		87 >
< 86		88 >
< 86		91 >
< 86		92 >
< 86		99 >
< 87		88 >
< 87		92 >
< 87		96 >
< 87		97 >
< 87		100 >
< 88		89 >
< 88		92 >
< 88		93 >
< 88		94 >
< 88		95 >
< 88		96 >
< 88		98 >
< 88		100 >
< 89		91 >
< 89		92 >
< 89		93 >
< 89		95 >
< 89		97 >
< 89		98 >
< 89		99 >
< 89		100 >
< 90		91 >
< 90		93 >
< 90		94 >
< 90		96 >
< 90		99 >
< 91		92 >
< 91		93 >
< 91		94 >
< 91		95 >
< 91		97 >
< 91		100 >
< 92		93 >
< 92		94 >
< 92		96 >
< 92		97 >
< 92		98 >
< 92		99 >
< 93		95 >
< 93		97 >
< 93		98 >
< 93		100 >
< 94		96 >
< 94		97 >
< 94		98 >
< 94		100 >
< 95		97 >
< 95		100 >
< 96		99 >
< 96		100 >
< 97		98 >
< 97		99 >
< 97		100 >
< 98		100 >
< 99		100 >
