nNodes= 60
nPairs= 514  
Weight
4
3
4
3
4
3
4
4
2
3
4
3
3
3
4
4
2
3
2
4
3
4
2
4
3
4
2
3
2
4
2
3
2
3
2
2
2
3
2
4
4
4
2
4
2
2
4
4
2
3
4
2
4
2
3
2
3
3
3
3
Cost
61		0		0		0		61		0		0		0		0		0		61		61		0		61		0		0		0		0		0		0		0		0		0		61		0		0		0		61		0		0		61		61		0		0		61		0		0		61		0		0		61		61		0		61		0		0		0		61		0		0		0		61		0		0		0		61		61		0		0		61		
0		61		0		61		0		0		0		61		0		61		0		61		61		61		0		0		0		61		0		0		0		0		0		0		61		0		0		0		0		0		0		0		61		0		61		0		61		61		0		0		0		61		0		0		61		0		0		0		0		0		0		61		0		0		61		0		0		0		0		0		
0		0		61		0		0		0		0		0		0		61		61		0		0		0		61		0		61		0		0		0		0		61		0		0		61		0		61		61		0		61		0		0		0		0		0		0		61		0		0		0		0		0		61		0		61		0		61		0		0		61		0		61		61		0		61		61		0		61		61		61		
0		61		0		61		0		0		61		0		0		61		61		0		61		61		0		0		0		0		61		0		0		61		0		0		61		61		0		0		0		61		0		0		0		61		0		0		0		0		0		61		61		0		0		61		61		61		0		0		0		61		61		0		61		0		61		61		0		0		0		0		
61		0		0		0		61		0		61		0		61		0		0		0		0		0		61		0		0		0		0		61		61		0		61		61		0		0		0		0		0		61		61		0		0		0		0		0		0		0		0		0		61		61		0		0		0		61		61		0		0		0		0		0		0		0		0		0		0		0		61		0		
0		0		0		0		0		61		0		0		0		0		0		0		0		61		0		0		0		0		0		61		61		0		0		61		0		0		0		0		0		61		61		61		0		61		61		0		61		0		61		0		0		61		61		61		61		61		61		0		61		0		0		0		0		0		0		0		0		0		0		61		
0		0		0		61		61		0		61		0		0		0		0		0		61		61		61		0		61		61		0		61		0		0		0		0		0		61		61		61		0		0		61		61		61		0		61		61		0		61		0		0		61		61		0		0		0		0		61		0		0		0		61		61		61		0		61		61		0		0		61		0		
0		61		0		0		0		0		0		61		61		0		0		0		61		0		0		0		61		0		0		0		0		0		0		0		0		61		0		0		0		0		0		61		0		61		61		61		0		0		0		0		0		0		0		0		0		0		61		0		0		0		0		0		61		61		0		61		0		0		0		0		
0		0		0		0		61		0		0		61		61		0		0		0		0		0		61		61		61		0		0		61		0		0		61		0		0		0		0		61		61		0		0		0		0		0		61		0		0		0		61		0		0		0		0		61		0		61		0		0		61		0		0		61		0		0		61		0		61		0		0		0		
0		61		61		61		0		0		0		0		0		61		0		0		0		61		61		0		0		0		0		61		0		0		0		0		61		0		61		61		61		0		61		0		0		0		0		61		0		0		0		0		0		0		0		0		0		0		0		0		0		0		61		0		0		0		61		61		0		0		61		61		
61		0		61		61		0		0		0		0		0		0		61		61		0		0		0		61		0		0		61		0		0		0		0		0		0		0		0		0		0		0		0		0		0		0		0		0		0		0		0		61		0		0		0		61		0		61		0		61		0		0		0		61		0		0		61		0		0		61		0		0		
61		61		0		0		0		0		0		0		0		0		61		61		0		0		0		0		0		61		0		0		0		0		61		0		61		61		0		0		0		0		0		0		0		0		61		0		0		61		61		0		0		0		61		0		61		0		61		61		0		0		0		0		0		61		0		0		0		0		0		0		
0		61		0		61		0		0		61		61		0		0		0		0		61		0		0		61		0		0		0		61		0		0		61		0		0		61		0		0		0		0		0		0		61		0		0		0		0		61		0		61		0		0		61		0		0		61		0		0		61		0		0		61		0		0		61		0		61		0		0		0		
61		61		0		61		0		61		61		0		0		61		0		0		0		61		61		0		0		61		0		61		61		61		61		0		0		61		61		61		61		0		61		0		0		61		0		0		61		0		0		0		0		0		0		0		0		0		0		0		0		61		61		0		0		0		0		0		0		61		0		0		
0		0		61		0		61		0		61		0		61		61		0		0		0		61		61		0		61		61		61		0		61		0		0		0		0		0		0		0		61		61		0		0		0		0		0		61		0		61		0		0		0		0		0		0		61		0		61		61		61		0		61		0		0		0		0		0		0		0		0		61		
0		0		0		0		0		0		0		0		61		0		61		0		61		0		0		61		0		61		0		0		0		0		0		0		0		0		0		61		0		0		0		0		61		0		61		0		0		0		0		0		61		0		61		61		0		0		0		61		61		61		0		0		0		0		61		0		0		61		0		0		
0		0		61		0		0		0		61		61		61		0		0		0		0		0		61		0		61		0		0		0		0		0		61		0		0		0		0		0		61		0		0		0		61		61		0		0		0		61		0		0		0		0		0		0		61		61		0		0		0		61		0		61		0		61		61		61		0		0		61		0		
0		61		0		0		0		0		61		0		0		0		0		61		0		61		61		61		0		61		61		61		0		0		0		0		0		0		0		61		0		0		61		0		0		0		0		61		0		61		0		0		0		61		0		0		61		0		0		61		0		0		0		61		61		0		0		61		0		0		0		0		
0		0		0		61		0		0		0		0		0		0		61		0		0		0		61		0		0		61		61		0		0		0		61		61		0		61		0		0		0		61		61		61		0		0		0		0		0		61		0		0		0		0		61		0		0		0		0		0		0		0		0		61		0		0		0		0		0		0		0		0		
0		0		0		0		61		61		61		0		61		61		0		0		61		61		0		0		0		61		0		61		61		0		0		0		61		61		61		0		0		0		61		0		61		61		0		0		0		61		0		61		61		0		61		0		0		61		61		0		0		0		0		0		61		0		0		0		61		0		0		0		
0		0		0		0		61		61		0		0		0		0		0		0		0		61		61		0		0		0		0		61		61		61		0		61		0		0		0		0		0		61		61		0		0		0		61		0		0		61		61		0		0		0		0		0		0		61		61		0		61		0		0		61		0		0		0		61		0		0		0		0		
0		0		61		61		0		0		0		0		0		0		0		0		0		61		0		0		0		0		0		0		61		61		61		0		61		0		0		61		61		0		0		61		0		0		61		61		0		0		61		0		61		0		61		61		0		61		0		0		0		0		61		0		61		0		61		0		0		61		0		0		
0		0		0		0		61		0		0		0		61		0		0		61		61		61		0		0		61		0		61		0		0		61		61		61		0		0		0		0		0		61		0		0		0		0		0		0		61		0		0		61		61		0		61		61		0		0		0		0		0		0		0		0		61		0		0		0		0		61		0		0		
61		0		0		0		61		61		0		0		0		0		0		0		0		0		0		0		0		0		61		0		61		0		61		61		0		0		61		0		0		0		0		61		0		0		0		0		0		0		0		0		0		0		0		0		0		61		0		0		0		0		0		0		0		0		61		61		0		0		0		0		
0		61		61		61		0		0		0		0		0		61		0		61		0		0		0		0		0		0		0		61		0		61		0		0		61		0		0		0		61		0		0		0		0		61		61		0		61		0		0		61		0		0		0		61		0		61		61		0		0		0		0		0		0		0		0		61		61		0		0		0		
0		0		0		61		0		0		61		61		0		0		0		61		61		61		0		0		0		0		61		61		0		0		0		0		0		61		61		0		0		0		0		61		0		0		0		61		0		0		61		0		61		0		0		0		0		61		0		0		61		0		61		0		0		0		0		0		61		0		0		0		
0		0		61		0		0		0		61		0		0		61		0		0		0		61		0		0		0		0		0		61		0		0		0		61		0		61		61		61		61		0		0		61		0		0		0		0		0		0		61		0		0		61		0		0		61		0		0		0		0		0		0		0		0		0		0		0		0		0		0		0		
61		0		61		0		0		0		61		0		61		61		0		0		0		61		0		61		0		61		0		0		0		61		0		0		0		0		61		61		0		0		0		0		0		61		0		61		0		0		0		0		61		0		61		0		0		0		61		0		0		0		0		0		0		61		0		0		0		0		61		0		
0		0		0		0		0		0		0		0		61		61		0		0		0		61		61		0		61		0		0		0		0		61		0		0		61		0		61		0		61		61		61		0		61		0		0		0		0		0		61		0		0		0		0		61		0		0		0		0		0		0		0		61		0		61		0		0		0		0		61		0		
0		0		61		61		61		61		0		0		0		0		0		0		0		0		61		0		0		0		61		0		61		0		61		0		0		0		0		0		61		61		0		0		0		0		61		61		61		0		0		61		0		61		0		0		0		0		0		0		61		61		0		0		61		61		0		61		61		0		0		61		
61		0		0		0		61		61		61		0		0		61		0		0		0		61		0		0		0		61		61		61		61		0		0		0		0		0		0		0		61		0		61		0		61		0		0		0		0		0		0		0		0		0		0		0		0		0		0		61		0		61		0		0		61		61		0		61		0		0		61		0		
61		0		0		0		0		61		61		61		0		0		0		0		0		0		0		0		0		0		61		0		0		61		0		61		0		61		61		0		0		0		0		61		0		0		61		61		0		61		0		61		0		0		61		0		61		0		0		61		0		0		0		0		61		0		0		61		0		0		61		0		
0		61		0		0		0		0		61		0		0		0		0		0		61		0		0		61		61		0		0		61		0		0		0		0		0		0		0		0		61		0		61		0		61		61		0		0		61		0		61		0		0		61		61		0		0		0		0		61		0		0		0		61		0		0		0		0		0		61		61		0		
0		0		0		61		0		61		0		61		0		0		0		0		0		61		0		0		61		0		0		61		0		0		0		0		61		0		0		61		0		0		0		0		61		61		0		61		0		61		0		61		0		0		0		0		0		61		0		0		0		0		61		0		0		0		61		0		0		0		61		0		
61		61		0		0		0		61		61		61		61		0		0		61		0		0		0		61		0		0		0		0		61		61		0		0		61		0		0		0		0		61		0		61		0		0		61		0		0		0		0		0		0		0		61		0		0		61		0		0		0		0		0		0		0		0		61		0		0		0		0		61		
0		0		0		0		0		0		61		61		0		61		0		0		0		0		61		0		0		61		0		0		0		61		0		0		0		61		0		61		0		61		0		61		0		61		0		61		61		61		61		0		0		61		0		61		0		0		0		0		0		0		0		0		0		61		61		0		0		0		61		61		
0		61		61		0		0		61		0		0		0		0		0		0		0		61		0		0		0		0		0		0		0		0		61		0		61		0		0		0		0		61		0		0		61		0		0		61		61		0		61		0		61		0		0		0		0		0		0		61		0		61		0		61		0		0		0		0		61		0		0		0		
61		61		0		0		0		0		61		0		0		0		0		61		61		0		61		0		61		61		61		61		61		0		0		0		0		0		0		0		0		0		0		61		0		61		0		61		0		61		0		0		0		61		0		0		0		0		0		61		61		0		0		61		0		0		61		0		0		0		0		0		
0		0		0		0		0		61		0		0		61		0		0		61		0		0		0		0		0		0		0		0		61		61		0		0		0		61		61		0		61		0		0		0		61		0		0		61		61		0		61		61		0		0		61		61		0		0		61		61		61		0		61		61		0		0		0		61		0		0		61		61		
0		0		0		61		0		0		0		0		0		0		61		0		61		0		0		0		0		0		0		61		0		0		61		0		61		0		0		0		0		61		0		61		0		61		0		0		0		0		61		61		0		0		61		0		61		0		0		61		0		0		61		0		0		0		0		0		0		0		0		0		
61		0		0		61		61		0		61		0		0		0		0		0		0		0		0		61		0		0		0		61		0		61		61		0		0		61		0		61		0		0		0		0		0		0		0		0		61		0		0		0		61		0		0		61		61		61		0		0		61		0		0		0		0		61		61		0		0		0		61		0		
61		61		0		0		61		61		61		0		0		0		0		0		0		0		0		0		0		61		0		0		0		0		0		0		0		0		61		0		0		61		0		0		61		0		0		61		0		61		0		0		0		61		61		0		0		0		0		0		0		0		61		0		0		0		0		0		0		0		0		0		
0		0		61		0		0		61		0		0		0		0		0		61		61		0		0		61		0		0		61		61		0		61		61		0		0		0		0		61		0		0		0		61		61		0		61		0		0		0		61		61		0		61		61		61		0		0		0		0		61		0		0		0		0		61		0		0		0		0		61		0		
61		0		0		61		0		61		0		0		61		0		61		0		0		0		0		61		0		0		0		0		0		61		61		0		61		0		0		0		61		0		0		0		0		0		0		61		0		0		61		0		61		0		61		61		0		61		0		0		0		61		61		0		0		0		61		61		0		0		0		0		
0		61		61		61		0		61		0		0		0		0		0		61		0		0		61		0		61		61		0		0		0		0		0		0		0		0		61		0		0		0		0		61		0		0		0		0		0		0		0		61		61		0		0		0		61		0		61		61		61		61		0		61		0		0		0		0		0		61		0		0		
0		0		0		61		61		61		0		0		61		0		61		0		61		0		0		0		61		0		0		61		61		61		0		61		61		61		0		0		0		0		0		0		0		61		61		0		0		0		0		0		61		0		0		61		0		61		61		0		0		61		61		0		0		0		0		0		0		0		0		0		
0		0		61		0		61		61		61		61		0		0		0		61		0		0		61		0		0		0		0		61		61		0		0		0		61		0		0		61		0		0		0		0		0		0		0		0		0		0		61		0		0		0		0		0		61		61		61		0		0		0		61		0		0		61		0		0		61		0		0		0		
61		0		0		0		0		0		0		0		0		0		61		61		0		0		61		61		0		61		0		0		0		0		0		0		0		0		0		0		0		0		61		61		61		0		0		0		61		61		61		61		0		0		0		0		61		0		0		61		0		0		0		0		61		0		0		0		0		61		0		61		
0		0		0		0		0		61		0		0		61		0		0		0		61		0		61		61		0		0		0		0		61		0		0		0		0		61		0		0		0		61		0		0		0		0		0		0		0		61		61		0		61		0		61		0		61		0		0		0		61		0		0		0		0		0		61		61		61		0		0		61		
0		0		61		61		0		0		0		0		0		0		0		0		0		61		0		61		61		0		0		0		0		0		0		0		0		0		0		0		0		61		61		0		0		0		0		0		61		0		0		0		0		0		0		61		61		61		0		0		0		61		0		0		0		61		0		0		0		0		61		0		
0		0		0		61		0		0		61		0		0		61		0		0		0		61		61		0		0		0		0		0		0		61		0		0		0		61		0		0		0		0		0		0		0		61		0		0		0		0		61		61		0		61		0		61		0		61		61		0		0		0		61		0		0		0		0		0		0		0		0		0		
61		61		61		0		0		0		61		0		61		0		61		0		61		0		0		0		61		61		61		0		61		0		0		0		0		0		0		0		61		0		0		0		61		0		0		0		61		61		61		0		0		0		0		0		61		0		0		0		0		0		0		61		0		0		61		0		0		0		0		0		
0		0		61		61		0		0		61		61		0		0		0		0		0		0		0		0		0		61		0		61		0		61		61		0		0		0		0		0		0		61		61		61		0		0		0		0		0		0		0		0		0		0		0		0		0		0		0		61		0		0		0		0		61		0		0		0		0		0		0		0		
0		0		0		0		0		0		0		61		0		0		0		61		0		0		0		0		61		0		0		0		0		0		0		0		0		0		0		61		61		61		61		0		0		0		0		61		0		0		0		0		61		0		61		0		0		0		61		0		0		61		0		0		0		61		61		0		61		0		0		61		
0		61		61		61		0		0		61		0		61		61		61		0		61		0		0		61		61		0		0		0		0		61		0		61		0		0		0		0		0		0		0		0		0		61		61		61		0		61		0		0		61		0		0		61		0		0		0		0		61		0		0		61		0		61		61		0		61		61		61		61		
61		0		61		61		0		0		61		61		0		61		0		0		0		0		0		0		61		61		0		0		61		0		0		61		61		0		0		0		0		61		61		61		0		0		0		0		0		0		61		0		0		0		0		61		0		0		0		0		61		0		0		0		0		0		0		61		0		0		0		0		
61		0		0		0		0		0		0		0		61		0		0		0		61		0		0		0		0		0		0		61		0		0		0		0		61		61		0		0		0		61		0		0		0		0		0		0		61		0		0		0		0		0		0		0		0		0		61		0		61		0		0		0		0		61		61		0		61		0		0		0		
0		0		61		0		0		0		0		0		0		0		61		0		0		61		0		61		0		0		0		0		0		61		61		0		0		0		0		0		0		0		0		0		61		0		0		0		0		0		0		0		0		0		0		0		61		0		0		61		0		0		0		0		0		0		61		0		0		61		0		61		
0		0		61		0		61		0		61		0		0		61		0		0		0		0		0		0		61		0		0		0		0		0		0		0		0		0		0		61		61		0		61		61		61		61		0		61		0		0		61		0		61		0		61		0		0		0		0		0		0		61		0		0		0		0		61		0		0		0		61		0		
61		0		61		0		0		61		0		0		0		61		0		0		0		0		61		0		0		0		0		0		0		0		0		0		0		0		0		0		0		61		0		0		0		0		61		61		0		0		61		0		0		0		0		0		0		0		0		61		61		0		0		0		0		61		61		0		0		61		0		61		
NDC Pairs
< 1		5 >
< 1		11 >
< 1		12 >
< 1		14 >
< 1		24 >
< 1		28 >
< 1		31 >
< 1		32 >
< 1		35 >
< 1		38 >
< 1		41 >
< 1		42 >
< 1		44 >
< 1		48 >
< 1		52 >
< 1		56 >
< 1		57 >
< 1		60 >
< 2		4 >
< 2		8 >
< 2		10 >
< 2		12 >
< 2		13 >
< 2		14 >
< 2		18 >
< 2		25 >
< 2		33 >
< 2		35 >
< 2		37 >
< 2		38 >
< 2		42 >
< 2		45 >
< 2		52 >
< 2		55 >
< 3		10 >
< 3		11 >
< 3		15 >
< 3		17 >
< 3		22 >
< 3		25 >
< 3		27 >
< 3		28 >
< 3		30 >
< 3		37 >
< 3		43 >
< 3		45 >
< 3		47 >
< 3		50 >
< 3		52 >
< 3		53 >
< 3		55 >
< 3		56 >
< 3		58 >
< 3		59 >
< 3		60 >
< 4		7 >
< 4		10 >
< 4		11 >
< 4		13 >
< 4		14 >
< 4		19 >
< 4		22 >
< 4		25 >
< 4		26 >
< 4		30 >
< 4		34 >
< 4		40 >
< 4		41 >
< 4		44 >
< 4		45 >
< 4		46 >
< 4		50 >
< 4		51 >
< 4		53 >
< 4		55 >
< 4		56 >
< 5		7 >
< 5		9 >
< 5		15 >
< 5		20 >
< 5		21 >
< 5		23 >
< 5		24 >
< 5		30 >
< 5		31 >
< 5		41 >
< 5		42 >
< 5		46 >
< 5		47 >
< 5		59 >
< 6		14 >
< 6		20 >
< 6		21 >
< 6		24 >
< 6		30 >
< 6		31 >
< 6		32 >
< 6		34 >
< 6		35 >
< 6		37 >
< 6		39 >
< 6		42 >
< 6		43 >
< 6		44 >
< 6		45 >
< 6		46 >
< 6		47 >
< 6		49 >
< 6		60 >
< 7		13 >
< 7		14 >
< 7		15 >
< 7		17 >
< 7		18 >
< 7		20 >
< 7		26 >
< 7		27 >
< 7		28 >
< 7		31 >
< 7		32 >
< 7		33 >
< 7		35 >
< 7		36 >
< 7		38 >
< 7		41 >
< 7		42 >
< 7		47 >
< 7		51 >
< 7		52 >
< 7		53 >
< 7		55 >
< 7		56 >
< 7		59 >
< 8		9 >
< 8		13 >
< 8		17 >
< 8		26 >
< 8		32 >
< 8		34 >
< 8		35 >
< 8		36 >
< 8		47 >
< 8		53 >
< 8		54 >
< 8		56 >
< 9		15 >
< 9		16 >
< 9		17 >
< 9		20 >
< 9		23 >
< 9		28 >
< 9		29 >
< 9		35 >
< 9		39 >
< 9		44 >
< 9		46 >
< 9		49 >
< 9		52 >
< 9		55 >
< 9		57 >
< 10		14 >
< 10		15 >
< 10		20 >
< 10		25 >
< 10		27 >
< 10		28 >
< 10		29 >
< 10		31 >
< 10		36 >
< 10		51 >
< 10		55 >
< 10		56 >
< 10		59 >
< 10		60 >
< 11		12 >
< 11		16 >
< 11		19 >
< 11		40 >
< 11		44 >
< 11		46 >
< 11		48 >
< 11		52 >
< 11		55 >
< 11		58 >
< 12		18 >
< 12		23 >
< 12		25 >
< 12		26 >
< 12		35 >
< 12		38 >
< 12		39 >
< 12		43 >
< 12		45 >
< 12		47 >
< 12		48 >
< 12		54 >
< 13		16 >
< 13		20 >
< 13		23 >
< 13		26 >
< 13		33 >
< 13		38 >
< 13		40 >
< 13		43 >
< 13		46 >
< 13		49 >
< 13		52 >
< 13		55 >
< 13		57 >
< 14		15 >
< 14		18 >
< 14		20 >
< 14		21 >
< 14		22 >
< 14		23 >
< 14		26 >
< 14		27 >
< 14		28 >
< 14		29 >
< 14		31 >
< 14		34 >
< 14		37 >
< 14		50 >
< 14		51 >
< 14		58 >
< 15		17 >
< 15		18 >
< 15		19 >
< 15		21 >
< 15		29 >
< 15		30 >
< 15		36 >
< 15		38 >
< 15		45 >
< 15		47 >
< 15		48 >
< 15		49 >
< 15		51 >
< 15		60 >
< 16		18 >
< 16		28 >
< 16		33 >
< 16		35 >
< 16		41 >
< 16		43 >
< 16		44 >
< 16		48 >
< 16		49 >
< 16		50 >
< 16		55 >
< 16		58 >
< 17		23 >
< 17		29 >
< 17		33 >
< 17		34 >
< 17		38 >
< 17		45 >
< 17		46 >
< 17		50 >
< 17		52 >
< 17		54 >
< 17		55 >
< 17		56 >
< 17		59 >
< 18		19 >
< 18		20 >
< 18		28 >
< 18		31 >
< 18		36 >
< 18		38 >
< 18		42 >
< 18		45 >
< 18		48 >
< 18		52 >
< 18		53 >
< 18		56 >
< 19		23 >
< 19		24 >
< 19		26 >
< 19		30 >
< 19		31 >
< 19		32 >
< 19		38 >
< 19		43 >
< 19		52 >
< 20		21 >
< 20		25 >
< 20		26 >
< 20		27 >
< 20		31 >
< 20		33 >
< 20		34 >
< 20		38 >
< 20		40 >
< 20		41 >
< 20		43 >
< 20		46 >
< 20		47 >
< 20		53 >
< 20		57 >
< 21		22 >
< 21		24 >
< 21		30 >
< 21		31 >
< 21		35 >
< 21		38 >
< 21		39 >
< 21		46 >
< 21		47 >
< 21		49 >
< 21		52 >
< 21		56 >
< 22		23 >
< 22		25 >
< 22		28 >
< 22		29 >
< 22		32 >
< 22		35 >
< 22		36 >
< 22		39 >
< 22		41 >
< 22		43 >
< 22		44 >
< 22		46 >
< 22		51 >
< 22		53 >
< 22		55 >
< 22		58 >
< 23		24 >
< 23		30 >
< 23		37 >
< 23		40 >
< 23		41 >
< 23		43 >
< 23		44 >
< 23		53 >
< 23		58 >
< 24		27 >
< 24		32 >
< 24		46 >
< 24		55 >
< 24		56 >
< 25		29 >
< 25		34 >
< 25		35 >
< 25		37 >
< 25		40 >
< 25		44 >
< 25		46 >
< 25		47 >
< 25		56 >
< 25		57 >
< 26		27 >
< 26		32 >
< 26		36 >
< 26		39 >
< 26		41 >
< 26		46 >
< 26		49 >
< 26		51 >
< 26		57 >
< 27		28 >
< 27		29 >
< 27		32 >
< 27		39 >
< 27		42 >
< 27		45 >
< 28		34 >
< 28		36 >
< 28		41 >
< 28		43 >
< 28		47 >
< 28		54 >
< 28		59 >
< 29		30 >
< 29		31 >
< 29		33 >
< 29		39 >
< 29		44 >
< 29		52 >
< 29		54 >
< 29		59 >
< 30		35 >
< 30		36 >
< 30		37 >
< 30		40 >
< 30		42 >
< 30		49 >
< 30		50 >
< 30		53 >
< 30		54 >
< 30		56 >
< 30		57 >
< 30		60 >
< 31		33 >
< 31		48 >
< 31		50 >
< 31		53 >
< 31		54 >
< 31		56 >
< 31		59 >
< 32		35 >
< 32		36 >
< 32		38 >
< 32		40 >
< 32		43 >
< 32		45 >
< 32		48 >
< 32		53 >
< 32		56 >
< 32		59 >
< 33		34 >
< 33		37 >
< 33		39 >
< 33		42 >
< 33		43 >
< 33		48 >
< 33		52 >
< 33		58 >
< 33		59 >
< 34		36 >
< 34		38 >
< 34		40 >
< 34		46 >
< 34		51 >
< 34		55 >
< 34		59 >
< 35		43 >
< 35		46 >
< 35		55 >
< 35		60 >
< 36		37 >
< 36		38 >
< 36		39 >
< 36		42 >
< 36		44 >
< 36		54 >
< 36		55 >
< 36		59 >
< 36		60 >
< 37		39 >
< 37		41 >
< 37		48 >
< 37		50 >
< 37		52 >
< 37		57 >
< 38		42 >
< 38		48 >
< 38		49 >
< 38		52 >
< 38		55 >
< 39		40 >
< 39		43 >
< 39		44 >
< 39		47 >
< 39		48 >
< 39		49 >
< 39		51 >
< 39		52 >
< 39		56 >
< 39		59 >
< 39		60 >
< 40		43 >
< 40		45 >
< 40		48 >
< 40		51 >
< 41		44 >
< 41		45 >
< 41		46 >
< 41		49 >
< 41		54 >
< 41		55 >
< 41		59 >
< 42		43 >
< 42		51 >
< 43		44 >
< 43		49 >
< 43		54 >
< 43		59 >
< 44		46 >
< 44		50 >
< 44		51 >
< 44		55 >
< 44		56 >
< 45		47 >
< 45		48 >
< 45		49 >
< 45		50 >
< 45		52 >
< 45		58 >
< 46		47 >
< 46		50 >
< 46		51 >
< 47		51 >
< 47		54 >
< 47		57 >
< 48		53 >
< 48		58 >
< 48		60 >
< 49		55 >
< 49		56 >
< 49		57 >
< 49		60 >
< 50		54 >
< 50		59 >
< 52		55 >
< 54		55 >
< 54		57 >
< 54		60 >
< 55		57 >
< 55		58 >
< 55		59 >
< 55		60 >
< 58		60 >
