nNodes= 100
nPairs= 486  
Weight
3
3
4
4
2
3
4
4
3
2
4
3
2
4
4
4
3
3
4
3
4
2
3
3
2
4
2
4
3
4
3
4
3
2
3
2
2
2
4
4
2
3
4
2
4
4
2
4
2
4
2
3
4
3
4
4
4
2
2
4
3
3
3
2
2
4
4
2
2
3
2
3
4
3
4
2
2
2
3
3
3
3
3
3
2
2
3
4
4
2
4
4
3
4
4
4
4
4
2
4
Cost
101		0		0		0		0		0		0		0		0		0		0		0		0		0		0		0		0		0		0		0		101		0		0		0		0		0		0		0		0		101		0		0		0		101		0		101		0		0		0		0		0		0		0		0		0		0		101		101		0		0		0		0		0		0		0		0		0		0		0		0		0		0		0		0		0		0		0		0		101		0		101		0		101		0		0		0		0		0		0		0		0		101		0		0		101		0		0		0		0		0		0		0		0		0		0		0		101		0		0		0		
0		101		0		0		101		0		0		0		0		0		0		0		0		101		0		0		0		0		0		0		0		0		101		101		0		101		101		0		0		0		0		0		101		0		0		0		0		0		0		0		0		0		0		0		0		101		0		101		0		0		0		0		0		0		0		0		0		0		0		101		0		0		0		0		0		0		0		0		0		0		0		0		0		0		0		0		0		0		0		0		0		101		0		0		0		0		0		0		0		0		0		0		0		0		0		101		0		0		101		0		
0		0		101		0		0		0		0		0		0		0		0		0		0		0		0		0		0		0		0		0		0		0		0		0		0		0		0		0		0		0		0		0		0		0		0		0		0		0		0		101		0		0		0		0		0		0		0		0		0		0		101		0		0		0		0		0		101		0		0		0		0		0		0		0		0		0		0		0		0		101		0		0		101		0		0		0		0		0		0		0		0		0		0		0		0		0		0		101		101		0		0		0		0		0		0		101		0		0		0		101		
0		0		0		101		0		101		0		101		0		0		0		0		0		0		101		0		0		0		0		0		0		101		0		0		0		0		0		0		0		0		0		0		0		0		0		0		0		101		0		0		0		0		0		0		0		0		0		0		0		0		0		0		0		0		0		0		0		0		0		0		0		0		0		0		0		0		0		0		0		0		0		101		0		0		0		0		0		0		101		0		0		0		0		0		0		0		101		0		0		0		0		0		0		0		0		0		0		0		0		0		
0		101		0		0		101		0		101		0		0		0		0		0		0		101		0		0		0		0		0		0		0		0		0		0		0		0		0		0		101		0		0		0		0		0		0		101		0		0		0		0		0		101		0		0		0		0		0		0		0		0		101		0		0		0		0		0		0		0		0		0		0		0		0		0		0		0		0		0		0		101		0		0		0		0		0		0		0		0		101		0		0		0		0		0		0		0		0		0		0		0		0		0		0		0		101		0		0		0		0		0		
0		0		0		101		0		101		0		101		0		0		0		0		0		0		0		0		101		0		0		0		0		101		0		0		0		101		0		0		0		0		0		0		0		0		0		0		0		0		0		0		101		101		0		0		0		0		0		0		0		101		101		0		0		101		0		101		0		0		0		0		0		101		0		0		0		101		0		0		0		101		0		0		0		0		0		0		0		0		0		0		0		0		0		0		0		0		0		0		0		0		0		0		0		0		0		0		0		0		0		0		
0		0		0		0		101		0		101		0		0		0		0		0		0		101		0		0		0		0		0		0		0		0		0		0		0		101		0		0		0		0		0		0		0		0		0		0		0		0		0		0		0		0		0		0		0		0		0		0		0		0		0		0		0		0		0		0		0		0		0		0		0		0		101		0		0		0		0		0		101		101		101		0		0		0		0		0		0		0		0		0		0		0		0		101		0		0		0		101		0		0		0		0		0		101		101		0		0		0		0		0		
0		0		0		101		0		101		0		101		0		0		0		0		0		101		0		0		0		0		0		0		0		0		0		0		0		0		0		0		0		0		0		0		0		0		0		0		101		0		0		0		101		101		101		0		0		0		0		0		0		0		0		0		0		0		0		0		0		0		0		0		0		0		0		0		0		0		0		0		0		0		0		0		0		101		0		0		0		0		0		0		0		101		0		0		0		0		0		101		0		0		0		0		101		0		101		0		0		0		101		0		
0		0		0		0		0		0		0		0		101		0		0		0		0		0		0		0		0		0		0		0		0		0		0		0		0		0		0		0		101		0		0		0		0		0		0		0		0		0		0		0		0		0		0		0		0		0		0		0		0		0		0		0		101		0		0		0		0		0		0		0		101		0		0		0		0		0		0		0		0		0		0		0		0		0		0		0		0		0		0		0		0		0		101		0		0		101		0		0		0		0		0		0		0		0		0		101		101		0		0		101		
0		0		0		0		0		0		0		0		0		101		0		101		0		101		0		0		0		0		0		0		0		0		0		0		0		0		101		0		0		0		0		0		0		0		0		0		0		0		0		0		0		0		101		0		0		0		0		0		0		0		0		101		0		101		0		0		0		0		0		0		0		0		0		0		0		0		101		0		0		0		0		0		0		0		0		0		0		0		101		101		0		0		101		0		0		0		0		0		0		0		0		0		0		0		0		0		0		0		0		0		
0		0		0		0		0		0		0		0		0		0		101		0		0		0		0		0		101		0		101		0		0		0		0		0		0		0		0		0		0		0		0		0		0		0		0		0		0		0		0		0		0		0		101		0		0		101		0		0		101		0		0		0		0		0		0		0		0		0		0		101		0		0		0		101		101		0		0		0		0		0		0		0		0		0		0		0		0		0		0		0		0		0		0		0		0		0		0		0		0		0		0		0		0		0		0		0		0		0		101		0		
0		0		0		0		0		0		0		0		0		101		0		101		0		0		0		0		101		0		0		101		0		101		0		0		0		0		0		0		0		0		0		0		0		0		0		0		0		0		0		101		0		0		0		0		101		0		0		0		0		0		0		0		0		0		0		0		101		0		0		0		0		0		0		0		101		0		101		0		0		0		0		0		0		0		0		0		0		101		0		0		0		0		0		0		0		0		0		0		0		0		0		0		0		0		0		0		0		0		0		0		
0		0		0		0		0		0		0		0		0		0		0		0		101		0		0		0		101		0		0		0		0		0		0		0		0		0		0		101		0		0		0		0		0		101		0		0		0		0		0		101		0		0		0		0		0		0		0		0		0		0		0		0		0		0		0		0		0		0		101		0		0		0		0		0		0		0		0		0		0		0		0		0		0		0		0		0		0		0		101		0		0		0		0		0		0		0		0		0		0		0		0		0		0		0		0		0		0		0		0		0		
0		101		0		0		101		0		101		101		0		101		0		0		0		101		0		0		0		0		0		0		0		0		0		0		0		0		0		0		0		0		0		0		0		0		0		101		0		0		0		0		101		0		0		0		0		0		0		0		101		0		0		0		0		0		101		0		0		0		0		0		0		0		0		0		0		101		0		0		0		0		0		0		0		0		0		0		0		0		0		0		0		0		0		0		0		0		0		0		0		0		0		0		101		0		0		0		0		0		0		0		
0		0		0		101		0		0		0		0		0		0		0		0		0		0		101		0		0		0		0		0		0		0		0		101		0		0		0		101		0		0		0		0		0		0		0		0		0		0		0		0		0		0		0		0		0		0		0		0		0		0		0		0		0		0		0		0		0		0		0		0		0		101		0		0		101		0		0		0		0		0		101		0		0		0		101		0		0		0		0		0		0		0		0		0		0		0		0		0		0		0		0		0		0		0		0		0		0		101		0		0		
0		0		0		0		0		0		0		0		0		0		0		0		0		0		0		101		0		0		0		0		0		0		0		0		0		0		0		0		0		0		0		0		0		101		0		0		0		0		0		0		0		0		0		0		0		0		101		101		0		0		0		0		0		101		0		0		0		0		0		0		0		0		0		0		101		0		0		0		101		0		0		101		0		0		0		0		0		101		0		0		0		0		0		101		0		0		0		101		0		0		0		0		0		0		0		0		0		0		0		0		
0		0		0		0		0		101		0		0		0		0		101		101		101		0		0		0		101		0		0		0		0		0		0		0		0		101		0		0		0		0		0		0		0		0		0		0		0		0		0		0		0		0		0		0		0		0		101		0		0		0		0		0		0		0		0		0		0		0		0		0		101		0		0		0		0		0		0		0		0		101		0		0		0		0		0		101		0		0		0		0		0		0		101		0		0		0		0		0		0		0		0		0		0		0		0		0		0		0		0		0		
0		0		0		0		0		0		0		0		0		0		0		0		0		0		0		0		0		101		0		0		0		0		0		0		0		0		101		0		0		0		0		0		0		0		0		0		101		0		0		0		0		0		0		0		0		0		101		0		0		0		101		0		0		0		0		0		0		0		0		101		0		0		0		0		0		0		0		0		0		0		0		0		101		0		0		0		0		0		0		0		0		0		101		0		0		0		101		101		0		0		0		0		0		0		0		0		0		101		0		0		
0		0		0		0		0		0		0		0		0		0		101		0		0		0		0		0		0		0		101		0		0		0		101		0		0		0		0		0		0		0		0		0		0		101		0		0		101		0		0		0		101		101		0		0		0		0		0		0		0		0		0		0		0		0		0		0		0		0		0		0		0		0		0		0		0		0		0		0		0		0		101		0		0		0		0		0		0		0		0		101		0		0		0		0		101		0		0		0		0		0		0		0		0		0		0		0		0		0		0		0		
0		0		0		0		0		0		0		0		0		0		0		101		0		0		0		0		0		0		0		101		0		0		0		0		101		0		0		0		0		0		0		0		0		101		0		0		0		0		0		0		0		0		0		0		0		0		0		0		0		0		0		0		0		0		0		0		0		0		0		0		0		0		0		101		0		0		0		0		0		0		0		0		0		0		101		0		0		0		101		0		0		0		0		0		0		0		0		0		0		0		0		0		0		0		0		0		0		0		0		0		
101		0		0		0		0		0		0		0		0		0		0		0		0		0		0		0		0		0		0		0		101		0		0		0		101		0		0		0		0		0		0		101		0		0		0		0		0		0		0		101		0		0		0		0		0		0		101		0		0		0		0		0		0		0		0		0		0		0		0		0		0		0		0		0		0		0		0		0		0		0		0		0		0		0		0		0		101		0		0		0		0		0		0		0		0		0		0		0		0		0		101		0		0		0		101		0		0		0		0		0		
0		0		0		101		0		101		0		0		0		0		0		101		0		0		0		0		0		0		0		0		0		101		101		0		0		0		0		0		0		0		0		0		0		0		0		0		0		0		0		0		0		0		0		0		0		0		0		0		0		0		0		0		0		0		0		0		0		0		0		0		0		0		101		0		0		0		0		0		0		0		0		0		101		0		0		0		0		0		0		0		0		0		0		101		0		0		0		0		0		0		0		0		0		0		0		0		0		0		0		0		
0		101		0		0		0		0		0		0		0		0		0		0		0		0		0		0		0		0		101		0		0		101		101		0		0		0		0		0		101		0		0		0		0		0		0		0		101		0		0		0		0		0		101		0		0		0		0		0		0		0		0		0		0		0		0		0		0		0		0		0		0		0		101		0		101		0		0		0		0		0		0		0		0		101		0		101		0		0		0		0		0		0		0		0		0		0		0		101		0		0		0		0		0		0		0		0		0		0		0		0		
0		101		0		0		0		0		0		0		0		0		0		0		0		0		101		0		0		0		0		0		0		0		0		101		0		0		0		0		0		0		0		101		101		0		0		0		0		0		0		0		0		0		101		0		0		101		0		0		0		0		0		0		0		0		0		0		101		101		0		101		0		0		0		0		0		0		0		101		0		0		0		0		0		0		0		0		0		0		0		0		0		0		0		0		0		0		0		0		0		0		101		0		101		0		0		0		0		101		0		0		
0		0		0		0		0		0		0		0		0		0		0		0		0		0		0		0		0		0		0		101		101		0		0		0		101		0		0		0		0		0		0		0		0		0		0		0		0		0		0		0		0		0		101		0		0		101		0		0		0		0		0		0		0		0		0		0		0		0		0		0		0		0		0		0		0		0		0		0		101		0		0		0		0		0		0		0		0		0		0		0		0		0		0		0		0		0		0		101		0		0		0		0		0		101		0		0		101		0		0		0		
0		101		0		0		0		101		101		0		0		0		0		0		0		0		0		0		101		0		0		0		0		0		0		0		0		101		0		0		0		0		101		0		0		0		0		0		0		0		0		0		0		0		0		0		0		0		0		0		0		0		0		0		0		0		0		101		0		0		0		0		0		0		0		0		0		0		0		0		0		0		0		0		0		101		0		0		0		0		0		0		0		0		0		0		0		0		0		0		0		0		0		0		0		0		0		0		0		0		0		101		
0		101		0		0		0		0		0		0		0		101		0		0		0		0		0		0		0		101		0		0		0		0		0		0		0		0		101		0		0		101		0		0		0		0		0		0		0		0		0		101		0		101		0		0		0		101		0		0		0		0		0		0		0		101		0		0		0		0		0		0		0		0		0		0		0		0		0		0		0		0		0		0		0		0		0		0		0		0		0		0		0		101		0		0		0		0		0		0		0		0		0		0		0		0		0		0		0		0		0		0		
0		0		0		0		0		0		0		0		0		0		0		0		101		0		101		0		0		0		0		0		0		0		0		0		0		0		0		101		0		0		0		0		0		0		0		0		0		0		0		0		0		0		0		0		0		101		0		0		0		0		0		0		0		0		0		0		101		0		0		0		0		0		0		0		0		0		0		0		0		0		101		0		0		0		0		0		0		0		0		0		0		0		0		0		0		0		0		0		101		0		0		0		0		0		0		0		0		0		0		0		
0		0		0		0		101		0		0		0		101		0		0		0		0		0		0		0		0		0		0		0		0		0		101		0		0		0		0		0		101		0		0		0		0		0		0		0		0		0		0		0		0		101		0		0		0		101		0		0		0		0		0		0		0		0		0		101		0		0		0		101		0		0		0		101		0		101		0		0		0		0		0		0		0		101		101		0		0		0		0		0		101		0		101		0		0		0		0		0		0		0		0		0		0		0		0		0		101		0		101		0		
101		0		0		0		0		0		0		0		0		0		0		0		0		0		0		0		0		0		0		0		0		0		0		0		0		0		101		0		0		101		0		0		0		0		101		0		0		0		0		0		0		0		0		0		0		0		0		0		0		0		0		0		0		0		0		101		0		0		0		0		101		0		0		0		0		0		0		0		0		0		0		0		0		0		0		0		0		0		0		0		0		0		0		0		0		0		0		0		0		0		0		0		0		0		0		0		0		0		0		0		
0		0		0		0		0		0		0		0		0		0		0		0		0		0		0		0		0		0		0		0		0		0		0		0		0		101		0		0		0		0		101		0		101		0		0		0		101		0		0		0		0		0		0		0		0		0		0		0		0		101		101		0		0		0		0		0		0		101		0		0		101		0		0		0		0		0		0		0		0		0		0		0		0		101		0		0		0		0		0		0		0		0		0		0		0		0		0		0		0		0		0		0		0		0		101		0		0		0		0		0		
0		0		0		0		0		0		0		0		0		0		0		0		0		0		0		0		0		0		0		0		101		0		0		101		0		0		0		0		0		0		0		101		0		0		0		0		0		101		0		0		0		0		0		0		0		101		0		0		0		0		101		0		0		0		0		0		0		0		0		0		0		0		0		0		0		0		0		0		0		0		0		0		0		0		0		0		0		0		0		0		0		0		0		0		0		0		0		0		0		0		0		0		0		101		0		0		0		0		101		0		
0		101		0		0		0		0		0		0		0		0		0		0		0		0		0		0		0		0		0		0		0		0		0		101		0		0		0		0		0		0		101		0		101		0		0		101		0		0		0		0		0		0		0		0		0		0		0		0		0		101		0		0		0		0		0		0		0		0		101		0		0		0		0		0		0		0		0		0		0		0		0		0		0		0		0		0		0		0		0		101		0		101		0		0		0		0		0		0		0		0		0		0		101		0		0		0		0		0		0		0		
101		0		0		0		0		0		0		0		0		0		0		0		101		0		0		101		0		0		101		101		0		0		0		0		0		0		0		0		0		0		0		0		0		101		0		0		0		101		101		0		0		0		0		0		0		0		0		101		0		0		0		0		0		0		0		0		0		0		0		0		0		0		0		101		0		0		0		0		0		101		0		0		0		0		0		0		0		0		0		101		0		0		0		0		101		0		0		0		0		0		0		0		0		0		0		0		0		0		0		0		
0		0		0		0		0		0		0		0		0		0		0		0		0		0		0		0		0		0		0		0		0		0		0		0		0		0		0		0		0		101		0		0		0		0		101		0		101		0		0		0		0		101		101		0		0		101		0		0		0		0		0		0		0		0		0		0		0		101		0		0		0		101		0		0		101		0		0		0		0		0		0		0		0		0		0		0		0		0		0		0		101		0		0		0		0		0		101		0		0		0		0		0		0		0		0		0		0		0		0		0		
101		0		0		0		101		0		0		0		0		0		0		0		0		101		0		0		0		0		0		0		0		0		0		0		0		0		0		0		0		0		0		0		101		0		0		101		0		0		0		0		0		0		0		0		0		0		0		101		0		101		0		0		0		0		101		0		0		0		0		0		0		0		0		101		0		0		0		0		0		0		0		0		0		0		0		0		0		101		0		0		0		101		0		101		0		101		0		0		0		0		0		0		0		0		0		0		0		0		101		101		
0		0		0		0		0		0		0		101		0		0		0		0		0		0		0		0		0		101		101		0		0		0		101		0		0		0		0		0		0		0		101		0		0		0		101		0		101		0		0		0		0		0		0		0		0		0		101		0		0		0		0		0		0		0		0		0		0		0		0		0		0		0		0		0		101		0		0		0		0		0		0		0		0		0		0		0		0		0		0		0		0		0		0		0		0		0		0		101		0		101		0		0		101		0		0		0		0		0		0		101		
0		0		0		101		0		0		0		0		0		0		0		0		0		0		0		0		0		0		0		0		0		0		0		0		0		0		0		0		0		0		0		101		0		101		0		0		0		101		101		0		0		0		0		0		0		0		0		0		0		0		0		101		0		0		0		0		0		0		101		0		0		0		0		0		101		0		101		0		0		101		0		0		0		0		101		0		0		0		0		0		0		0		0		0		0		0		0		0		0		101		0		0		0		0		0		0		0		0		0		0		
0		0		0		0		0		0		0		0		0		0		0		0		0		0		0		0		0		0		0		0		0		0		0		0		0		0		0		0		0		0		0		0		0		101		0		0		0		101		101		101		0		0		0		0		0		101		0		0		101		0		0		0		0		0		101		0		0		0		0		0		101		0		0		0		0		0		0		0		0		0		0		0		0		0		0		0		0		0		0		0		0		0		0		0		0		0		0		0		0		0		0		0		0		0		0		0		101		0		0		0		
0		0		101		0		0		0		0		0		0		0		0		101		101		0		0		0		0		0		0		0		101		0		0		0		0		0		101		0		0		0		0		0		0		0		0		0		0		0		101		101		0		0		0		0		0		101		0		0		101		101		0		0		101		0		0		0		0		0		0		0		0		0		0		0		0		0		0		0		0		0		0		0		0		0		0		0		0		101		0		0		0		0		0		0		0		0		0		0		0		0		0		0		0		0		0		101		0		0		101		0		
0		0		0		0		0		101		0		101		0		0		0		0		0		101		0		0		0		0		101		0		0		0		0		0		0		0		0		0		0		0		0		0		0		0		0		0		0		0		0		0		101		0		0		0		0		0		0		0		101		0		0		0		0		0		0		0		0		0		0		0		0		0		0		0		0		0		0		0		101		0		0		0		0		0		0		0		0		0		0		0		0		0		0		0		0		0		0		0		0		0		0		0		0		0		0		0		0		0		0		0		
0		0		0		0		101		101		0		101		0		0		0		0		0		0		0		0		0		0		101		0		0		0		0		0		0		0		101		0		101		0		0		0		0		0		101		0		0		0		0		0		0		101		0		0		0		0		0		0		0		0		101		0		0		0		0		101		0		0		0		0		0		0		0		0		0		0		101		0		0		0		0		0		0		0		0		0		0		0		0		0		101		0		0		0		0		101		0		0		0		0		0		0		101		0		0		0		0		0		0		0		
0		0		0		0		0		0		0		101		0		101		101		0		0		0		0		0		0		0		0		0		0		0		101		101		101		0		0		0		0		0		0		0		0		0		101		0		0		0		0		0		0		0		101		0		0		101		0		0		0		0		0		0		0		0		0		0		0		0		0		0		0		0		0		0		0		101		0		0		0		0		0		0		0		0		0		0		0		0		0		0		0		0		101		0		0		0		0		0		0		0		0		101		101		0		0		0		0		0		0		0		
0		0		0		0		0		0		0		0		0		0		0		0		0		0		0		0		0		0		0		0		0		0		0		0		0		0		0		0		0		0		0		0		0		0		0		0		0		0		0		0		0		0		0		101		0		0		0		0		0		0		0		0		0		0		0		0		0		0		0		0		0		0		0		0		0		0		0		0		0		0		0		0		0		0		0		0		0		0		0		0		0		0		0		0		0		0		0		0		0		0		0		101		0		0		0		0		101		0		0		0		
0		0		0		0		0		0		0		0		0		0		0		101		0		0		0		0		0		0		0		0		0		0		0		0		0		0		0		0		0		0		0		0		0		0		0		0		0		0		0		0		0		0		0		0		101		0		0		0		0		0		0		0		101		0		0		101		0		0		0		0		0		0		0		0		0		0		0		0		0		101		0		0		0		0		101		0		0		0		101		0		0		0		0		0		0		0		0		0		101		0		0		0		0		101		0		0		0		0		0		0		
0		101		0		0		0		0		0		0		0		0		101		0		0		0		0		0		0		0		0		0		0		0		0		101		101		0		101		101		101		0		0		101		0		0		101		0		0		0		101		101		0		0		101		0		0		101		0		0		0		0		0		101		0		0		0		0		0		0		0		0		0		0		0		0		0		0		0		0		0		0		0		0		0		0		0		0		0		0		0		101		0		0		0		0		0		0		0		0		0		0		0		101		0		0		0		101		0		0		0		0		
101		0		0		0		0		0		0		0		0		0		0		0		0		0		0		101		101		101		0		0		101		0		0		0		0		0		0		0		0		0		0		0		0		0		0		0		101		0		0		0		0		0		0		0		0		0		101		0		0		0		0		0		0		0		0		0		101		101		0		0		0		101		0		0		0		0		0		0		0		0		0		0		0		0		0		0		0		0		0		0		0		0		0		0		0		0		0		0		0		0		0		101		0		0		0		0		0		0		0		0		
101		101		0		0		0		0		0		0		0		0		0		0		0		0		0		101		0		0		0		0		0		0		0		0		0		0		0		0		0		0		0		0		0		101		0		101		0		0		0		0		0		0		0		0		0		0		0		101		0		0		0		0		101		101		0		0		101		0		0		0		0		0		0		0		0		0		101		0		0		101		0		0		0		0		0		0		0		0		0		0		0		0		0		0		0		0		0		0		0		0		101		0		0		0		0		0		0		101		0		0		
0		0		0		0		0		0		0		0		0		0		101		0		0		101		0		0		0		0		0		0		0		0		0		0		0		0		0		0		0		0		0		0		0		0		0		0		0		0		101		101		101		0		0		0		0		0		0		0		101		0		0		0		0		0		0		0		0		0		0		0		0		101		0		0		0		0		0		0		0		0		0		101		0		0		0		101		101		101		0		0		0		0		0		0		0		0		0		0		0		0		0		0		0		101		0		0		101		0		0		0		
0		0		0		0		0		101		0		0		0		0		0		0		0		0		0		0		0		0		0		0		0		0		0		0		0		0		0		0		0		0		101		0		101		0		0		101		0		0		0		101		0		0		0		0		0		0		0		0		0		101		0		0		0		0		0		0		0		0		0		0		0		0		0		0		0		0		0		0		0		0		0		0		0		0		0		0		0		0		0		0		101		0		101		0		0		0		0		0		0		0		0		0		0		0		0		0		0		101		101		101		
0		0		101		0		101		101		0		0		0		0		0		0		0		0		0		0		0		101		0		0		0		0		0		0		0		0		0		0		0		0		101		101		0		0		0		0		0		0		0		0		0		101		0		0		0		0		0		0		0		0		101		0		0		0		0		0		0		0		0		0		0		101		101		0		0		0		0		0		0		0		0		0		0		0		0		0		0		0		0		0		101		0		0		0		0		0		0		0		0		0		0		0		0		0		0		0		0		0		0		0		
0		0		0		0		0		0		0		0		0		101		0		0		0		0		0		0		0		0		0		0		0		0		0		0		0		0		0		0		0		0		0		0		0		0		0		0		0		101		0		0		0		0		0		0		0		101		0		0		0		0		0		101		0		0		0		0		0		0		0		0		0		0		0		0		0		0		0		0		0		0		0		0		101		0		0		0		0		0		0		0		0		0		0		0		0		0		0		0		0		0		0		0		0		0		0		0		0		0		0		101		
0		0		0		0		0		0		0		0		101		0		0		0		0		0		0		0		0		0		0		0		0		0		0		0		0		0		0		0		0		0		0		0		0		0		0		0		0		0		0		101		0		0		0		0		101		0		0		101		0		0		0		0		101		0		101		0		0		0		0		0		0		0		0		0		0		0		0		0		0		101		0		0		0		0		0		0		0		0		0		0		0		101		0		0		0		0		0		0		0		0		0		0		0		0		0		0		0		0		0		0		
0		0		0		0		0		101		0		0		0		101		0		0		0		0		0		101		0		0		0		0		0		0		0		0		0		0		101		0		0		0		0		0		0		0		0		0		0		0		0		0		0		0		0		0		0		0		0		101		0		0		0		0		0		101		0		0		0		101		0		0		0		0		0		0		0		101		101		0		0		0		0		101		0		0		0		0		0		0		0		101		0		0		101		0		0		0		0		0		0		0		0		0		0		0		0		0		0		0		0		0		
0		0		0		0		0		0		0		0		0		0		0		0		0		101		0		0		0		0		0		0		0		0		0		0		0		0		0		0		0		0		0		0		0		0		0		101		0		0		101		0		0		0		0		0		0		0		0		0		0		0		0		0		101		0		101		0		0		0		101		0		0		101		101		0		101		0		0		0		0		0		0		0		0		0		0		0		0		0		0		0		101		0		0		0		0		101		0		0		0		0		0		0		0		0		101		0		0		0		0		0		
0		0		0		0		0		101		0		0		0		0		0		0		0		0		0		0		0		0		0		0		0		0		0		0		0		101		0		0		101		101		0		0		0		0		0		0		0		0		0		0		0		101		0		0		101		0		0		0		0		0		0		0		0		0		0		101		0		0		0		0		0		0		0		0		0		101		0		0		0		0		0		0		0		0		0		0		0		0		0		0		0		0		0		0		0		0		101		0		0		0		0		0		101		101		0		0		0		0		0		0		
0		0		101		0		0		0		0		0		0		0		0		101		0		0		0		0		0		0		0		0		0		0		0		101		0		0		0		101		0		0		0		0		0		0		0		0		0		0		0		0		0		0		0		0		0		0		101		101		0		0		0		0		0		0		0		0		101		101		0		0		0		0		0		0		101		0		0		0		0		0		0		0		0		0		0		0		0		0		0		0		0		0		0		101		101		101		0		0		101		0		0		0		101		0		0		0		0		0		0		101		
0		0		0		0		0		0		0		0		0		0		0		0		0		0		0		0		0		0		0		0		0		0		0		101		0		0		0		0		0		0		101		0		0		0		101		0		0		0		0		0		0		0		0		0		0		0		101		0		0		0		0		0		0		101		0		0		101		101		0		0		101		0		0		0		0		101		101		0		0		0		0		0		0		0		0		0		0		0		0		101		0		0		0		0		0		0		0		0		0		101		0		0		0		0		0		0		0		0		0		101		
0		0		0		0		0		0		0		0		0		0		0		0		101		0		0		0		0		0		0		0		0		0		0		0		0		0		0		0		0		0		0		0		101		0		0		0		0		101		0		0		0		0		0		0		0		0		0		0		0		0		0		0		0		0		101		0		0		0		101		0		0		101		0		0		0		101		0		0		0		0		0		0		0		101		0		0		0		0		0		0		0		0		0		0		0		0		101		0		101		0		0		0		0		0		0		0		0		0		0		101		
0		101		0		0		0		0		0		0		0		0		101		0		0		0		0		0		0		101		0		0		0		0		0		101		0		0		0		0		101		0		0		0		0		0		0		0		0		0		0		0		0		0		0		0		0		0		0		0		0		0		0		0		0		0		0		0		0		0		0		101		0		0		0		0		0		101		0		0		0		0		0		0		0		0		0		0		0		0		0		0		0		0		0		101		0		0		0		0		0		0		0		0		0		0		0		0		0		0		0		0		
0		0		0		0		0		0		0		0		101		0		0		0		0		0		0		0		101		0		0		0		0		0		0		0		0		0		0		0		0		101		101		0		0		0		0		0		0		0		101		0		0		0		0		0		0		0		0		0		0		0		0		0		0		0		0		0		0		101		0		0		101		0		0		0		0		0		0		0		0		101		101		0		0		0		0		0		0		0		0		0		0		0		0		0		0		0		0		0		0		0		0		0		101		0		0		101		0		0		0		0		
0		0		0		0		0		101		0		0		0		0		0		0		0		0		101		0		0		0		0		0		0		0		0		0		0		0		0		0		0		0		0		0		0		0		101		0		0		0		0		0		0		0		0		0		0		0		101		0		101		0		101		0		0		0		101		0		0		0		101		0		0		101		0		0		0		0		0		0		0		0		0		101		0		0		0		0		0		0		0		0		0		0		0		0		0		0		0		0		0		0		0		0		0		0		0		0		0		0		0		0		
0		0		0		0		0		0		101		0		0		0		0		0		0		0		0		0		0		0		0		0		0		101		101		0		0		0		0		0		0		0		0		0		0		0		0		0		0		0		0		0		0		0		0		0		0		0		0		0		0		0		101		0		0		0		101		0		0		0		0		0		0		0		101		0		0		0		101		0		101		0		0		0		0		0		0		101		0		0		0		0		0		0		0		0		0		0		101		0		0		0		0		0		0		0		0		0		101		0		0		0		
0		0		0		0		0		0		0		0		0		0		101		0		0		0		0		0		0		0		0		101		0		0		0		0		0		0		0		0		101		0		0		0		0		101		0		101		0		0		0		0		0		0		0		0		0		0		0		0		0		0		0		0		0		0		0		0		0		0		0		0		0		0		0		101		0		0		0		0		0		0		0		0		0		0		0		0		0		0		0		0		0		0		0		0		0		0		0		0		0		0		0		0		0		0		0		0		0		0		0		0		
0		0		0		0		0		0		0		0		0		0		101		101		0		0		101		101		0		0		0		0		0		0		101		0		0		0		0		0		0		0		0		0		0		0		101		0		101		101		0		0		0		0		0		0		0		0		0		0		0		0		0		0		0		0		101		0		101		0		0		0		0		0		0		0		101		0		0		0		0		0		0		0		0		0		0		0		0		0		0		101		0		101		0		0		0		0		0		0		0		101		0		0		0		0		101		0		0		0		0		0		
0		0		0		0		0		101		0		0		0		0		0		0		0		101		0		0		0		0		0		0		0		0		0		0		0		0		0		0		101		0		0		0		0		0		0		0		0		0		0		0		0		0		101		0		0		0		0		0		0		0		0		0		0		101		0		101		0		101		101		101		0		0		0		0		0		101		0		0		0		0		0		0		0		0		0		0		0		0		0		0		0		0		0		101		0		0		101		0		101		0		0		0		0		0		0		0		101		0		0		0		
0		0		0		0		0		0		0		0		0		101		0		101		0		0		0		0		0		0		0		0		0		0		0		0		0		0		0		0		0		0		0		0		0		0		0		0		0		101		0		0		0		101		0		0		0		0		0		101		0		0		0		0		0		101		0		0		0		101		0		0		0		0		101		0		0		0		101		0		0		0		0		0		0		0		0		0		101		0		0		0		0		0		0		0		0		0		0		0		101		0		0		0		0		0		0		0		0		0		0		0		
0		0		0		0		0		0		0		0		0		0		0		0		0		0		0		0		0		0		0		0		0		0		0		101		0		0		0		0		0		0		0		0		0		0		0		0		0		0		0		0		0		0		0		0		0		0		0		0		0		0		0		0		0		0		0		0		0		0		0		0		0		0		0		0		0		0		0		101		0		0		0		101		101		0		0		0		0		0		0		0		0		0		0		0		0		0		0		0		0		0		0		0		0		0		0		0		0		0		0		0		
101		0		0		0		0		0		101		0		0		0		0		0		0		0		0		101		0		0		0		0		0		0		0		0		101		0		0		0		0		0		0		0		0		0		0		0		0		0		0		0		101		0		0		0		0		0		0		0		0		0		0		0		0		0		0		0		0		0		0		0		0		0		101		0		0		0		0		0		101		0		0		101		0		0		0		0		0		0		0		0		0		0		101		0		0		0		0		0		0		0		0		0		101		0		0		0		0		0		0		0		
0		0		101		0		101		101		101		0		0		0		0		0		0		0		0		0		101		0		0		0		0		0		0		0		0		0		0		0		0		0		0		0		0		101		0		0		0		101		0		0		0		0		0		0		101		0		0		101		0		0		0		0		101		0		0		0		0		0		0		0		101		0		0		0		0		0		0		0		0		101		0		0		0		0		0		0		101		0		0		0		0		0		0		0		0		0		0		0		0		0		0		101		0		0		0		0		0		0		0		101		
101		0		0		0		0		0		101		0		0		0		0		0		0		0		101		0		0		0		101		0		0		0		0		0		0		0		0		101		0		0		0		0		0		0		0		0		0		0		0		0		0		0		0		0		0		0		0		0		0		0		0		0		0		0		0		0		0		0		0		0		101		0		0		0		0		0		0		0		0		0		101		0		0		0		0		0		101		0		0		0		0		0		0		0		101		0		0		0		0		0		0		0		0		0		0		0		0		0		0		0		
0		0		0		101		0		0		0		0		0		0		0		0		0		0		0		101		0		0		0		0		0		0		0		0		0		0		0		0		0		0		0		0		0		0		0		0		0		0		0		0		0		0		0		0		0		0		0		0		101		0		0		0		0		101		0		0		0		0		0		0		0		101		0		0		0		0		0		101		101		0		0		101		101		0		0		0		0		0		0		0		0		0		0		101		0		0		0		0		0		0		0		0		0		0		0		0		0		0		0		0		
101		0		101		0		0		0		0		0		0		0		0		0		0		0		0		0		0		101		0		0		0		101		0		0		0		0		0		0		0		0		0		0		0		0		0		0		0		0		0		0		0		0		0		0		0		0		0		0		0		0		0		101		0		0		0		0		0		0		0		0		0		0		0		0		0		0		0		101		0		0		0		101		101		0		0		101		0		0		0		0		0		0		0		0		0		0		101		0		0		0		0		0		0		0		0		0		0		0		0		0		
0		0		0		0		0		0		0		101		0		0		0		0		0		0		0		0		0		0		0		0		0		0		101		0		0		101		0		0		101		0		101		0		0		0		0		0		0		0		0		0		0		0		0		0		0		0		0		0		0		0		0		0		0		0		0		0		0		0		101		0		0		0		0		0		0		0		0		0		0		0		0		0		0		101		101		101		0		101		0		0		0		0		0		101		0		0		0		0		0		0		0		0		0		0		0		0		101		0		0		0		
0		0		0		0		0		0		0		0		0		0		0		0		0		0		101		0		0		0		0		101		0		0		0		0		0		0		0		0		101		0		0		0		0		0		0		0		0		101		0		0		0		0		0		0		101		0		0		0		0		0		0		0		0		0		0		0		0		0		0		0		0		0		0		0		0		0		0		0		0		0		0		0		0		101		101		0		0		0		0		0		0		0		0		0		0		0		0		0		0		0		0		0		0		0		0		0		0		0		0		0		
0		0		0		0		0		0		0		0		0		0		0		0		0		0		0		0		101		0		0		0		0		0		101		0		0		0		0		0		0		0		0		0		0		0		0		0		0		0		0		0		0		0		0		0		0		0		0		0		101		0		0		0		0		0		0		0		0		0		0		0		0		0		101		0		0		0		0		0		0		0		0		0		101		101		0		101		0		0		0		0		101		0		0		0		0		0		0		0		0		0		0		0		0		0		0		0		0		0		0		0		
0		0		0		0		0		0		0		0		0		0		0		0		0		0		0		0		0		0		0		0		101		0		0		0		0		0		0		0		0		0		0		0		0		0		0		0		0		0		0		0		0		0		0		0		0		0		0		0		101		0		0		0		0		0		0		0		0		0		0		0		0		0		0		0		0		0		101		0		0		101		101		0		0		0		0		0		101		0		0		0		0		0		0		101		0		0		0		0		0		101		101		0		0		0		0		0		0		101		0		0		
0		0		0		0		0		0		0		0		0		0		0		101		0		0		0		101		0		0		0		0		0		0		0		0		0		0		0		0		0		0		0		0		0		0		0		101		0		0		0		101		0		0		0		0		0		0		0		0		101		0		0		0		0		0		0		0		0		0		0		0		0		0		0		0		0		0		0		0		0		0		0		0		0		101		0		0		0		101		0		0		0		0		0		101		0		0		0		0		0		0		0		0		0		101		0		101		0		0		0		101		
0		0		0		101		101		0		0		0		0		101		0		0		101		0		0		0		0		0		0		101		0		0		0		0		0		0		0		0		0		0		0		0		0		0		0		0		0		0		0		0		0		0		0		0		101		0		0		0		0		0		0		0		0		0		0		0		0		0		0		0		0		0		0		0		0		0		0		0		0		0		0		0		0		0		0		0		0		0		101		0		0		0		101		0		0		0		0		0		0		0		0		0		0		0		0		0		0		0		0		0		
0		0		0		0		0		0		0		0		0		101		0		0		0		0		0		0		0		0		101		0		0		0		0		0		0		0		0		0		0		0		0		0		101		101		0		0		0		0		0		0		0		0		0		0		0		101		0		0		0		0		0		0		0		101		0		0		0		101		0		0		0		0		0		0		101		0		0		0		0		0		0		0		0		0		0		0		0		0		0		101		0		0		0		0		0		101		0		0		0		0		0		0		0		0		0		101		0		0		0		0		
0		0		0		0		0		0		0		0		0		0		0		0		0		0		0		0		0		0		0		0		0		0		0		0		0		0		0		0		101		0		0		0		0		0		101		0		0		0		0		0		0		101		0		0		0		0		0		0		0		101		101		0		0		0		101		0		0		0		0		0		0		0		0		0		0		0		0		0		0		0		0		0		0		0		0		101		0		0		0		0		101		0		0		0		0		0		0		0		0		0		0		0		0		0		0		0		0		101		0		0		
101		101		0		0		0		0		0		101		0		0		0		0		0		0		0		0		0		0		0		0		0		0		0		0		0		0		101		0		0		0		0		0		101		0		0		101		0		0		0		0		0		0		0		0		0		0		0		0		0		0		0		0		101		0		0		0		0		0		0		0		0		0		0		0		101		0		0		0		0		0		0		0		0		0		0		0		0		0		0		0		0		101		0		0		0		0		0		0		0		101		0		0		0		0		0		0		0		0		0		0		
0		0		0		0		0		0		0		0		101		101		0		0		0		0		0		0		101		101		0		0		0		0		0		0		0		0		0		0		101		0		0		0		0		0		0		0		0		0		0		0		0		0		101		0		0		0		0		0		0		101		0		0		0		101		0		0		0		0		0		0		0		0		0		0		0		0		0		0		101		0		0		0		0		0		0		0		0		0		101		0		0		0		101		101		101		0		0		0		0		0		0		0		0		0		0		101		0		101		0		0		
0		0		0		0		0		0		101		0		0		0		0		0		0		0		0		101		0		0		0		0		0		101		0		0		0		0		0		0		0		0		0		0		0		0		0		101		0		0		0		0		0		0		0		0		0		0		0		0		0		0		0		0		0		0		0		0		101		0		0		101		0		0		0		0		0		101		0		0		0		0		0		101		0		101		0		0		101		101		0		0		0		0		101		101		0		0		101		0		0		0		0		0		0		0		0		0		0		0		101		0		
101		0		0		0		0		0		0		0		0		0		0		0		0		0		0		0		0		0		101		0		0		0		0		0		0		0		0		0		0		0		0		0		0		101		0		0		0		0		0		0		0		0		0		0		0		0		0		0		0		0		0		0		0		0		0		0		101		0		0		0		0		0		0		0		0		0		0		0		0		0		101		0		0		0		0		0		0		0		0		0		0		0		101		0		101		0		0		0		0		0		0		0		0		0		0		0		101		0		0		0		
0		0		0		0		0		0		0		0		101		0		0		0		0		0		0		0		0		0		0		0		0		0		0		0		0		0		0		0		0		0		0		0		0		0		0		101		0		0		0		0		0		101		0		0		0		0		0		0		0		0		0		0		0		0		101		0		101		0		0		0		0		0		0		0		0		0		0		0		0		0		0		0		0		0		0		0		0		0		0		101		0		0		0		0		0		101		0		101		0		101		0		101		0		101		0		0		0		0		0		0		
0		0		0		101		0		0		0		0		0		0		0		0		0		0		0		0		0		101		0		0		0		0		0		0		0		0		0		0		0		0		0		0		0		0		101		0		0		0		0		0		0		0		0		0		0		0		0		0		0		0		0		0		0		0		0		101		0		0		101		0		0		0		101		0		0		101		0		0		0		0		0		0		101		0		0		0		0		0		0		0		0		0		0		101		0		0		101		101		0		0		0		0		0		0		0		0		101		0		101		101		
0		0		101		0		0		0		101		101		0		0		0		0		0		0		0		101		0		101		0		0		0		0		101		0		101		0		0		0		0		0		0		0		0		0		0		0		101		0		0		0		0		0		0		0		0		0		0		0		0		0		0		0		0		0		0		0		0		0		0		0		0		0		0		0		0		0		0		0		0		0		0		0		0		0		0		0		0		0		0		0		0		0		0		0		0		101		101		101		101		0		0		0		0		0		0		0		0		0		0		0		
0		0		101		0		0		0		0		0		0		0		0		0		0		0		0		0		0		0		0		0		0		0		0		0		0		0		0		101		0		0		0		0		0		0		0		0		0		0		0		0		0		0		0		0		101		0		0		0		0		0		0		0		0		0		0		0		101		0		101		0		0		0		0		0		0		101		101		0		0		0		0		0		0		0		0		0		0		0		0		0		0		0		0		0		0		0		0		101		101		0		0		0		101		0		0		0		0		0		0		0		
0		0		0		0		0		0		0		0		0		0		0		0		0		0		0		0		0		0		0		0		0		0		0		0		0		0		0		0		0		0		0		0		0		0		0		0		101		101		0		0		0		0		0		0		0		0		0		0		0		0		0		0		0		0		0		0		0		101		0		0		0		0		0		0		101		0		0		0		0		0		0		0		0		0		0		0		101		0		0		0		0		101		0		0		0		101		0		0		0		101		101		0		0		0		0		0		0		0		0		0		
0		0		0		0		0		0		0		0		0		0		0		0		0		0		0		0		0		0		0		0		101		0		0		101		0		0		0		0		0		0		0		0		0		0		0		0		0		0		0		0		0		0		0		0		0		0		0		101		0		0		0		0		0		0		0		0		0		0		0		0		0		0		0		0		0		0		0		0		0		0		0		0		0		0		0		0		101		0		0		0		0		0		0		0		0		0		0		0		0		101		101		0		0		0		0		0		0		0		0		0		
0		0		0		0		0		0		0		0		0		0		0		0		0		0		0		0		0		0		0		0		0		0		0		0		0		0		0		0		0		0		0		0		0		0		0		0		0		0		0		0		0		0		101		101		0		101		101		0		0		0		0		0		0		0		0		0		0		0		0		0		0		0		0		0		0		0		0		0		0		101		0		0		0		0		0		0		0		0		0		0		0		0		0		0		0		101		0		0		0		0		0		101		0		0		0		0		0		0		0		0		
0		0		0		0		0		0		0		101		0		0		0		0		0		101		0		0		0		0		0		0		0		0		0		101		0		0		0		0		0		0		0		0		101		0		0		0		101		0		0		0		0		101		101		0		0		0		0		0		0		0		0		0		0		0		0		101		101		0		0		0		101		0		0		0		0		0		0		0		101		0		0		0		0		0		0		0		0		0		0		0		0		0		0		0		0		0		0		0		101		0		0		0		101		0		101		0		101		0		0		0		
0		0		0		0		0		0		101		0		0		0		0		0		0		0		0		0		0		0		0		0		0		0		0		0		101		0		0		0		0		0		0		101		0		0		0		0		0		0		0		0		0		0		0		0		101		0		0		0		101		0		0		0		0		0		0		101		0		0		0		0		0		0		0		0		0		0		0		0		0		0		0		0		0		0		0		0		0		101		0		0		0		0		0		0		0		101		0		0		0		0		0		0		0		101		0		0		0		0		101		0		
0		0		0		0		101		0		101		101		0		0		0		0		0		0		0		0		0		0		0		0		101		0		0		0		0		0		0		0		0		0		101		0		0		0		0		0		0		0		0		0		0		0		0		0		0		0		0		0		0		0		0		0		0		0		101		0		0		0		0		0		0		0		0		0		101		0		0		0		0		0		0		0		0		0		0		0		0		0		0		0		0		0		0		0		0		0		0		0		0		0		0		0		101		0		101		0		0		0		0		0		
0		101		101		0		0		0		0		0		101		0		0		0		0		0		0		0		0		0		0		0		0		0		0		0		0		0		0		0		0		0		0		0		0		0		0		0		0		0		0		101		0		0		0		0		0		101		0		0		0		0		0		0		0		0		0		0		0		0		0		0		101		0		0		0		0		0		0		0		0		0		0		0		0		0		0		0		0		101		0		101		0		0		101		0		0		0		0		0		0		0		0		0		0		0		0		101		0		0		0		0		
101		0		0		0		0		0		0		0		101		0		0		0		0		0		0		0		0		0		0		0		0		0		0		0		101		0		0		0		101		0		0		0		0		0		0		0		0		0		101		0		0		0		0		101		0		0		0		0		101		0		0		0		0		0		0		0		0		0		0		0		0		0		101		0		0		101		0		0		0		0		0		0		0		101		0		0		0		0		0		0		0		0		0		0		101		0		101		0		0		0		0		0		101		0		0		0		101		0		0		0		
0		0		0		0		0		0		0		0		0		0		0		0		0		0		101		0		0		101		0		0		0		0		0		101		0		0		0		0		0		0		0		0		0		0		0		0		0		0		0		0		0		0		0		0		0		0		0		101		0		101		0		0		0		0		0		0		0		0		0		0		0		0		0		0		0		0		0		0		0		0		0		0		0		0		0		0		101		0		0		0		101		0		101		0		0		0		0		0		0		0		0		0		0		0		0		0		0		101		0		0		
0		101		0		0		0		0		0		101		0		0		101		0		0		0		0		0		0		0		0		0		0		0		0		0		0		0		0		0		101		0		0		101		0		0		0		101		0		0		0		101		0		0		0		0		0		0		0		0		0		101		0		0		0		0		0		0		0		0		0		0		0		0		0		0		0		0		0		0		0		0		0		0		0		0		0		0		0		0		0		0		0		0		0		101		0		0		101		0		0		0		0		0		0		101		0		0		0		0		101		0		
0		0		101		0		0		0		0		0		101		0		0		0		0		0		0		0		0		0		0		0		0		0		0		0		0		101		0		0		0		0		0		0		0		0		0		101		101		0		0		0		0		0		0		0		0		0		0		0		0		101		0		101		0		0		0		0		101		101		101		0		0		0		0		0		0		0		0		0		0		101		0		0		0		0		0		0		0		101		0		0		0		0		0		0		0		0		101		0		0		0		0		0		0		0		0		0		0		0		0		101		
NDC Pairs
< 1		21 >
< 1		30 >
< 1		34 >
< 1		36 >
< 1		47 >
< 1		48 >
< 1		69 >
< 1		71 >
< 1		73 >
< 1		82 >
< 1		85 >
< 1		97 >
< 2		5 >
< 2		14 >
< 2		23 >
< 2		24 >
< 2		26 >
< 2		27 >
< 2		33 >
< 2		46 >
< 2		48 >
< 2		60 >
< 2		82 >
< 2		96 >
< 2		99 >
< 3		40 >
< 3		51 >
< 3		57 >
< 3		70 >
< 3		73 >
< 3		88 >
< 3		89 >
< 3		96 >
< 3		100 >
< 4		6 >
< 4		8 >
< 4		15 >
< 4		22 >
< 4		38 >
< 4		72 >
< 4		79 >
< 4		87 >
< 5		7 >
< 5		14 >
< 5		29 >
< 5		36 >
< 5		42 >
< 5		51 >
< 5		70 >
< 5		79 >
< 5		95 >
< 6		8 >
< 6		17 >
< 6		22 >
< 6		26 >
< 6		41 >
< 6		42 >
< 6		50 >
< 6		51 >
< 6		54 >
< 6		56 >
< 6		62 >
< 6		66 >
< 6		70 >
< 7		14 >
< 7		26 >
< 7		63 >
< 7		69 >
< 7		70 >
< 7		71 >
< 7		84 >
< 7		88 >
< 7		94 >
< 7		95 >
< 8		14 >
< 8		37 >
< 8		41 >
< 8		42 >
< 8		43 >
< 8		74 >
< 8		82 >
< 8		88 >
< 8		93 >
< 8		95 >
< 8		99 >
< 9		29 >
< 9		53 >
< 9		61 >
< 9		83 >
< 9		86 >
< 9		96 >
< 9		97 >
< 9		100 >
< 10		12 >
< 10		14 >
< 10		27 >
< 10		43 >
< 10		52 >
< 10		54 >
< 10		67 >
< 10		79 >
< 10		80 >
< 10		83 >
< 11		17 >
< 11		19 >
< 11		43 >
< 11		46 >
< 11		49 >
< 11		60 >
< 11		64 >
< 11		65 >
< 11		99 >
< 12		17 >
< 12		20 >
< 12		22 >
< 12		40 >
< 12		45 >
< 12		57 >
< 12		65 >
< 12		67 >
< 12		78 >
< 13		17 >
< 13		28 >
< 13		34 >
< 13		40 >
< 13		59 >
< 13		79 >
< 14		36 >
< 14		41 >
< 14		49 >
< 14		55 >
< 14		66 >
< 14		93 >
< 15		24 >
< 15		28 >
< 15		62 >
< 15		65 >
< 15		71 >
< 15		75 >
< 15		98 >
< 16		34 >
< 16		47 >
< 16		48 >
< 16		54 >
< 16		65 >
< 16		69 >
< 16		72 >
< 16		78 >
< 16		84 >
< 16		88 >
< 17		26 >
< 17		47 >
< 17		61 >
< 17		70 >
< 17		76 >
< 17		83 >
< 18		27 >
< 18		37 >
< 18		47 >
< 18		51 >
< 18		60 >
< 18		73 >
< 18		83 >
< 18		87 >
< 18		88 >
< 18		98 >
< 19		23 >
< 19		34 >
< 19		37 >
< 19		41 >
< 19		42 >
< 19		71 >
< 19		80 >
< 19		85 >
< 20		25 >
< 20		34 >
< 20		64 >
< 20		75 >
< 20		79 >
< 21		25 >
< 21		32 >
< 21		40 >
< 21		47 >
< 21		77 >
< 21		91 >
< 21		95 >
< 22		23 >
< 22		63 >
< 22		73 >
< 22		84 >
< 23		29 >
< 23		37 >
< 23		43 >
< 23		63 >
< 23		65 >
< 23		74 >
< 23		76 >
< 23		88 >
< 24		32 >
< 24		33 >
< 24		43 >
< 24		46 >
< 24		57 >
< 24		58 >
< 24		60 >
< 24		68 >
< 24		91 >
< 24		93 >
< 24		98 >
< 25		43 >
< 25		46 >
< 25		69 >
< 25		88 >
< 25		94 >
< 25		97 >
< 26		31 >
< 26		56 >
< 26		74 >
< 26		100 >
< 27		30 >
< 27		40 >
< 27		42 >
< 27		46 >
< 27		54 >
< 27		82 >
< 28		46 >
< 28		57 >
< 28		71 >
< 28		89 >
< 29		42 >
< 29		46 >
< 29		56 >
< 29		60 >
< 29		64 >
< 29		66 >
< 29		74 >
< 29		75 >
< 29		81 >
< 29		83 >
< 29		97 >
< 29		99 >
< 30		35 >
< 30		56 >
< 30		61 >
< 31		33 >
< 31		37 >
< 31		50 >
< 31		51 >
< 31		58 >
< 31		61 >
< 31		74 >
< 31		95 >
< 32		38 >
< 32		46 >
< 32		51 >
< 32		94 >
< 32		99 >
< 33		36 >
< 33		50 >
< 33		59 >
< 33		80 >
< 33		82 >
< 33		93 >
< 34		38 >
< 34		39 >
< 34		48 >
< 34		64 >
< 34		70 >
< 34		80 >
< 34		85 >
< 35		37 >
< 35		42 >
< 35		43 >
< 35		46 >
< 35		58 >
< 35		62 >
< 35		65 >
< 35		81 >
< 35		87 >
< 36		48 >
< 36		50 >
< 36		55 >
< 36		64 >
< 36		78 >
< 36		82 >
< 36		84 >
< 36		86 >
< 36		99 >
< 36		100 >
< 37		47 >
< 37		65 >
< 37		88 >
< 37		90 >
< 37		93 >
< 37		100 >
< 38		39 >
< 38		52 >
< 38		59 >
< 38		65 >
< 38		67 >
< 38		70 >
< 38		75 >
< 38		90 >
< 39		40 >
< 39		46 >
< 39		49 >
< 39		55 >
< 39		61 >
< 39		97 >
< 40		46 >
< 40		49 >
< 40		50 >
< 40		53 >
< 40		78 >
< 40		96 >
< 40		99 >
< 41		49 >
< 41		69 >
< 42		51 >
< 42		56 >
< 42		67 >
< 42		81 >
< 42		86 >
< 42		93 >
< 43		46 >
< 43		66 >
< 43		83 >
< 43		92 >
< 43		93 >
< 44		92 >
< 44		97 >
< 45		53 >
< 45		56 >
< 45		70 >
< 45		75 >
< 45		79 >
< 45		89 >
< 45		94 >
< 46		52 >
< 46		80 >
< 46		92 >
< 46		96 >
< 47		57 >
< 47		58 >
< 47		62 >
< 47		92 >
< 48		53 >
< 48		54 >
< 48		57 >
< 48		67 >
< 48		70 >
< 48		91 >
< 48		98 >
< 49		62 >
< 49		72 >
< 49		76 >
< 49		77 >
< 49		78 >
< 49		94 >
< 49		97 >
< 50		81 >
< 50		83 >
< 50		98 >
< 50		99 >
< 50		100 >
< 51		62 >
< 51		63 >
< 51		81 >
< 52		73 >
< 52		100 >
< 53		55 >
< 53		70 >
< 53		82 >
< 54		58 >
< 54		66 >
< 54		67 >
< 54		72 >
< 54		80 >
< 54		83 >
< 55		59 >
< 55		62 >
< 55		63 >
< 55		65 >
< 55		81 >
< 55		86 >
< 55		95 >
< 56		66 >
< 56		87 >
< 56		93 >
< 56		94 >
< 57		58 >
< 57		65 >
< 57		84 >
< 57		85 >
< 57		86 >
< 57		89 >
< 57		93 >
< 57		100 >
< 58		61 >
< 58		66 >
< 58		67 >
< 58		80 >
< 58		90 >
< 58		100 >
< 59		62 >
< 59		66 >
< 59		74 >
< 59		87 >
< 59		89 >
< 59		100 >
< 60		66 >
< 60		84 >
< 61		70 >
< 61		71 >
< 61		93 >
< 61		96 >
< 62		72 >
< 63		67 >
< 63		69 >
< 63		76 >
< 63		87 >
< 63		97 >
< 65		80 >
< 65		82 >
< 65		90 >
< 65		95 >
< 66		84 >
< 66		87 >
< 66		89 >
< 66		97 >
< 67		77 >
< 67		89 >
< 68		72 >
< 68		73 >
< 69		72 >
< 69		83 >
< 69		93 >
< 70		77 >
< 70		92 >
< 70		100 >
< 71		77 >
< 71		85 >
< 72		73 >
< 72		84 >
< 73		76 >
< 73		87 >
< 74		75 >
< 74		76 >
< 74		78 >
< 74		84 >
< 74		97 >
< 76		81 >
< 77		84 >
< 77		90 >
< 77		91 >
< 77		98 >
< 78		84 >
< 78		94 >
< 78		96 >
< 78		100 >
< 79		83 >
< 80		86 >
< 80		96 >
< 81		98 >
< 82		90 >
< 83		84 >
< 83		85 >
< 83		96 >
< 83		98 >
< 84		87 >
< 84		99 >
< 85		97 >
< 86		88 >
< 86		90 >
< 86		92 >
< 86		94 >
< 87		88 >
< 87		97 >
< 87		99 >
< 87		100 >
< 88		89 >
< 89		93 >
< 90		91 >
< 93		95 >
< 93		97 >
< 94		99 >
