nNodes= 60
nPairs= 856  
Weight
2
2
2
4
3
3
2
2
4
4
4
3
2
2
3
3
4
3
4
3
2
4
2
3
3
4
2
2
4
4
3
3
4
2
2
4
4
2
2
2
4
4
3
2
4
2
4
2
3
4
2
3
3
4
4
2
2
4
4
2
Cost
61		0		61		61		0		61		61		0		0		0		61		0		61		61		61		61		61		61		0		61		0		0		61		0		0		61		61		61		0		61		61		0		61		0		0		0		61		0		61		0		61		61		61		0		61		61		61		61		0		61		61		61		61		61		0		0		0		0		61		61		
0		61		0		0		61		61		61		0		0		0		61		61		61		61		61		61		0		0		61		0		61		0		0		0		0		61		0		0		0		0		61		0		61		0		61		0		0		0		61		61		61		61		0		61		61		0		0		0		0		0		61		0		61		61		61		61		0		0		0		0		
61		0		61		0		61		61		61		61		0		0		0		61		0		61		61		0		0		0		0		0		61		0		0		0		0		0		0		0		0		0		61		61		0		61		0		61		61		61		0		0		0		0		61		61		0		61		61		61		61		61		0		0		0		61		0		61		61		0		61		61		
61		0		0		61		61		0		61		61		0		0		61		61		61		0		0		61		61		61		0		61		61		61		0		61		61		61		0		61		0		61		61		61		61		61		0		61		0		61		0		0		0		61		61		0		0		0		61		0		61		0		0		0		0		61		0		61		0		0		0		61		
0		61		61		61		61		0		0		0		0		0		61		61		0		61		0		0		0		0		0		0		61		61		0		61		0		61		61		0		0		0		0		0		61		61		0		0		0		61		61		61		0		61		0		0		0		61		61		0		61		0		61		61		0		61		0		61		0		61		61		61		
61		61		61		0		0		61		61		0		61		0		61		61		0		61		0		0		0		61		61		61		61		0		0		0		61		61		61		61		61		0		0		0		0		0		0		0		61		0		0		61		0		0		61		61		61		0		61		0		0		61		0		0		0		0		0		0		61		0		0		0		
61		61		61		61		0		61		61		61		0		0		0		61		61		61		0		0		0		61		61		0		0		61		61		61		61		0		61		0		61		0		0		61		0		61		0		0		61		0		61		61		61		61		61		0		0		0		0		61		0		0		61		61		0		61		0		61		0		61		0		0		
0		0		61		61		0		0		61		61		61		61		61		61		61		0		61		0		61		0		0		0		61		0		0		0		61		0		0		61		0		61		0		61		61		0		61		61		61		0		0		0		0		0		0		61		61		61		61		0		0		0		0		0		61		61		0		0		0		61		0		0		
0		0		0		0		0		61		0		61		61		61		0		61		61		0		0		0		0		61		0		61		0		0		0		61		0		0		61		61		61		61		0		0		0		0		0		0		61		61		61		61		0		0		0		61		61		0		0		0		61		61		0		0		0		0		61		61		61		61		0		61		
0		0		0		0		0		0		0		61		61		61		61		61		0		0		61		0		0		0		61		0		0		0		0		0		0		0		61		0		0		61		0		61		0		61		0		61		61		0		61		0		0		0		61		0		61		61		0		61		0		0		61		61		0		0		0		0		61		0		0		61		
61		61		0		61		61		61		0		61		0		61		61		61		0		61		0		0		0		61		61		0		0		0		61		0		0		0		0		0		0		61		0		61		61		61		0		0		0		61		61		61		0		0		0		0		0		0		61		61		0		61		61		0		0		61		61		61		0		0		61		0		
0		61		61		61		61		61		61		61		61		61		61		61		0		61		61		61		61		61		0		61		0		0		0		0		0		0		0		61		0		0		61		61		61		0		0		61		0		61		0		61		61		0		0		61		61		0		61		61		61		61		61		0		61		61		61		0		61		61		61		61		
61		61		0		61		0		0		61		61		61		0		0		0		61		0		0		61		61		0		61		0		61		0		61		61		0		0		0		0		61		61		61		0		0		0		61		0		0		0		61		61		0		61		0		61		61		61		0		0		61		61		0		0		61		61		61		0		0		61		0		0		
61		61		61		0		61		61		61		0		0		0		61		61		0		61		61		0		61		0		61		0		61		61		61		0		0		0		0		61		0		0		61		0		61		0		61		61		0		0		61		0		0		0		0		61		61		61		61		0		0		0		61		0		61		61		61		0		61		61		0		61		
61		61		61		0		0		0		0		61		0		61		0		61		0		61		61		61		0		0		61		0		0		61		61		61		0		61		61		61		61		0		61		61		61		0		0		61		61		0		61		61		0		61		0		0		0		0		0		0		0		0		61		61		0		0		61		61		61		61		61		0		
61		61		0		61		0		0		0		0		0		0		0		61		61		0		61		61		0		0		0		0		61		0		61		61		61		0		0		61		0		0		0		61		0		61		61		61		61		0		61		61		61		0		0		61		61		61		0		0		0		61		61		61		0		0		0		61		0		0		61		0		
61		0		0		61		0		0		0		61		0		0		0		61		61		61		0		0		61		0		61		0		0		0		0		61		61		0		61		0		0		0		0		0		61		0		61		61		0		0		61		0		61		0		0		61		61		61		0		0		0		61		0		0		61		0		0		61		0		0		0		0		
61		0		0		61		0		61		61		0		61		0		61		61		0		0		0		0		0		61		61		61		61		61		0		61		61		0		61		0		61		0		0		61		61		0		0		61		0		0		61		61		0		61		0		61		61		0		0		0		61		0		0		61		61		61		0		0		61		61		61		61		
0		61		0		0		0		61		61		0		0		61		61		0		61		61		61		0		61		61		61		0		0		61		0		61		61		61		0		0		61		61		61		0		61		61		61		0		0		0		61		0		61		0		61		61		61		0		61		0		0		61		61		61		61		0		0		61		0		0		0		61		
61		0		0		61		0		61		0		0		61		0		0		61		0		0		0		0		0		61		0		61		61		61		61		0		61		0		0		0		0		61		61		0		0		0		0		0		61		0		61		61		61		61		61		0		0		61		61		61		0		61		0		0		0		61		61		0		0		61		0		61		
0		61		61		61		61		61		0		61		0		0		0		0		61		61		0		61		0		61		0		61		61		0		61		0		0		0		0		0		0		0		61		0		61		61		0		0		61		61		0		0		61		61		0		0		61		61		61		61		61		61		0		0		61		61		61		61		0		0		61		61		
0		0		0		61		61		0		61		0		0		0		0		0		0		61		61		0		0		61		61		61		0		61		0		61		0		61		61		0		0		0		0		61		61		61		61		0		0		0		61		61		61		61		61		0		0		61		61		0		61		61		61		61		61		61		0		61		0		61		61		0		
61		0		0		0		0		0		61		0		0		0		61		0		61		61		61		61		0		0		0		61		61		0		61		0		61		0		0		61		0		0		61		61		0		61		61		61		61		61		0		0		61		61		0		0		61		0		61		61		0		61		61		0		0		61		0		0		61		61		0		0		
0		0		0		61		61		0		61		0		61		0		0		0		61		0		61		61		61		61		61		0		0		61		0		61		61		61		0		0		0		0		61		0		61		61		0		0		0		61		61		0		61		61		61		61		61		61		61		0		0		0		61		61		0		0		0		61		61		61		0		61		
0		0		0		61		0		61		61		61		0		0		0		0		0		0		0		61		61		61		61		61		0		0		61		61		61		0		0		0		61		0		61		61		0		61		0		0		61		0		61		61		0		61		0		61		0		61		61		61		0		61		0		61		61		0		0		61		0		0		61		61		
61		61		0		61		61		61		0		0		0		0		0		0		0		0		61		0		0		0		61		0		0		61		0		61		0		61		61		0		0		0		61		61		61		61		61		0		61		61		61		61		0		61		0		0		61		0		0		61		61		0		61		0		61		61		0		61		0		61		61		0		
61		0		0		0		61		61		61		0		61		61		0		0		0		0		61		0		61		61		0		0		0		61		0		0		0		61		61		61		0		61		0		61		0		0		0		0		0		61		0		0		0		0		0		0		61		0		0		0		0		61		0		61		0		0		0		0		0		61		61		61		
61		0		0		61		0		61		0		61		61		0		0		61		0		61		61		61		0		0		0		0		0		0		61		0		0		0		61		61		0		61		0		0		0		0		0		0		0		61		0		61		61		61		61		61		61		61		61		0		0		61		61		0		0		0		61		61		61		61		0		61		
0		0		0		0		0		61		61		0		61		0		0		0		61		0		61		0		0		61		61		0		0		0		0		0		61		0		0		0		61		0		61		0		0		0		61		0		0		0		61		0		61		0		61		0		61		0		0		61		61		0		61		61		0		61		61		61		0		61		0		0		
61		0		0		61		0		0		0		61		61		61		61		0		61		0		0		0		0		0		61		61		0		0		0		0		0		0		61		61		0		61		0		61		0		0		0		0		0		0		0		0		61		61		61		61		0		0		0		0		61		61		0		0		0		0		61		0		61		0		0		0		
61		61		61		61		0		0		0		0		0		0		0		61		61		61		61		0		0		0		61		61		61		0		61		61		61		61		0		0		61		0		61		61		0		0		61		0		61		61		0		61		61		61		0		0		0		61		0		61		0		61		61		0		0		0		0		61		61		0		61		0		
0		0		61		61		0		0		61		61		0		61		61		61		0		0		61		61		0		61		0		0		0		61		61		0		61		61		61		0		0		61		61		61		61		0		61		0		0		0		61		61		0		61		61		61		0		0		0		61		0		0		61		61		0		0		61		0		61		61		0		61		
61		61		0		61		61		0		0		61		0		0		61		61		0		61		61		0		61		61		61		0		61		61		0		61		0		61		0		0		0		0		0		61		61		61		61		61		61		61		61		0		61		61		61		61		0		0		61		0		0		61		61		0		0		61		61		61		61		61		61		0		
0		0		61		61		61		0		61		0		0		61		61		0		0		0		0		61		0		0		61		0		61		61		61		61		61		61		0		0		0		0		0		0		61		61		0		0		0		61		61		61		61		0		0		0		61		0		0		0		0		0		0		0		0		61		0		0		0		0		61		61		
0		61		0		0		0		0		0		61		0		0		0		0		61		61		0		61		61		0		61		0		0		61		61		0		0		61		0		0		61		0		61		61		61		0		61		0		61		0		0		0		0		0		0		61		0		61		61		61		0		0		0		61		61		0		0		0		61		61		61		0		
0		0		61		61		0		0		0		61		0		61		0		61		0		61		61		61		61		61		0		0		0		0		61		0		0		0		0		0		0		0		0		0		61		0		0		61		61		61		61		61		61		61		0		61		61		0		0		0		61		61		61		61		0		0		0		0		61		61		61		0		
61		0		61		0		0		61		61		61		61		61		0		0		0		0		61		61		0		0		0		61		61		0		61		0		61		61		0		0		0		0		61		0		61		0		61		61		61		61		61		0		0		0		61		0		0		0		61		61		61		61		0		61		0		0		61		0		0		0		0		0		
0		0		61		61		61		0		0		0		61		0		61		61		0		0		0		0		0		0		0		0		61		0		61		61		0		61		61		61		0		0		61		0		61		61		0		61		61		61		0		0		0		0		61		61		61		0		0		0		0		0		0		0		61		0		0		61		0		0		61		0		
61		61		0		0		61		0		61		0		61		61		61		0		61		61		61		61		61		61		61		61		0		61		0		61		61		61		0		0		61		0		0		61		61		61		0		61		61		0		61		0		61		61		61		0		61		0		61		61		0		0		0		61		61		0		61		0		0		0		61		61		
0		61		0		0		61		61		61		0		61		0		61		61		61		0		61		61		0		61		0		61		0		61		0		0		61		61		0		61		0		0		61		61		0		61		0		61		0		0		0		61		0		0		0		61		0		61		0		61		61		61		0		0		61		61		61		0		0		0		0		61		
61		61		0		0		0		0		61		0		0		0		0		61		0		0		0		61		61		0		61		61		61		61		61		61		0		0		0		61		61		61		61		0		61		61		0		61		0		0		61		0		61		61		61		61		61		61		0		61		0		61		61		0		61		61		61		0		61		0		61		0		
61		61		0		61		61		0		61		0		0		0		0		0		61		0		61		0		0		61		0		61		61		61		61		61		61		61		0		61		0		61		61		61		61		0		0		61		0		0		61		0		61		61		0		61		0		61		61		61		0		0		61		61		0		0		0		0		0		61		61		0		
61		0		61		61		0		61		61		0		0		61		0		0		0		0		0		0		0		0		61		61		0		61		0		61		0		0		0		61		61		61		0		61		61		0		0		0		61		61		61		0		61		0		61		0		0		61		0		0		61		0		0		0		61		61		61		61		0		0		61		61		
0		61		61		0		0		61		0		61		61		0		0		61		61		61		0		61		61		61		61		0		0		0		0		61		61		0		0		61		0		61		0		61		61		0		61		61		0		61		0		61		61		61		0		61		61		0		0		0		0		61		0		0		0		0		61		61		61		0		0		0		
61		61		0		0		0		61		0		61		61		61		0		61		61		61		0		61		61		61		61		0		61		0		61		61		0		61		61		61		61		0		0		0		0		61		0		61		0		61		61		0		61		0		0		61		61		61		61		61		61		61		0		0		0		0		61		61		61		0		0		0		
61		0		61		0		61		0		0		61		0		61		0		0		61		61		0		61		61		0		0		61		61		61		0		61		61		0		0		61		0		0		61		0		0		0		61		0		0		0		0		61		61		61		61		0		61		61		0		0		61		61		61		0		0		61		0		0		61		0		61		0		
61		0		61		61		61		61		0		61		0		0		61		61		0		61		0		0		0		0		61		61		61		61		61		61		61		0		0		61		0		0		0		0		61		0		61		0		61		0		61		0		0		61		0		0		61		0		61		61		61		0		61		0		61		0		61		0		0		0		0		61		
61		0		61		0		0		0		61		0		0		61		61		61		0		0		0		0		0		0		0		61		61		0		61		0		61		61		0		0		61		0		61		61		0		0		61		0		61		0		61		61		61		61		0		0		61		0		61		61		61		0		61		0		61		0		61		61		61		61		61		61		
0		0		61		61		61		0		0		0		61		0		0		61		61		0		0		0		0		61		0		0		61		61		0		0		0		61		0		0		61		61		0		0		0		0		0		61		61		0		0		61		0		0		61		0		61		61		61		61		61		0		61		0		61		61		61		61		0		61		61		61		
61		0		61		0		0		61		0		0		61		0		61		61		61		0		0		61		61		0		61		61		61		61		61		0		61		0		61		61		0		61		61		0		61		0		0		61		61		0		0		61		61		0		0		61		61		61		0		0		0		61		61		0		61		61		0		61		61		0		61		0		
61		61		0		0		61		0		61		0		0		61		61		61		0		61		61		61		0		0		61		0		0		61		61		61		0		61		0		61		61		0		61		61		61		0		0		61		0		0		0		0		61		61		0		0		0		61		61		61		61		61		61		61		61		0		0		0		61		0		0		0		
61		0		0		0		61		0		61		0		0		61		0		0		0		0		61		61		0		61		61		0		0		61		0		61		61		0		61		0		61		0		0		61		0		0		61		61		61		0		61		0		0		61		0		0		0		0		0		0		0		0		61		61		0		0		0		0		61		61		0		0		
61		61		0		0		0		0		0		61		0		0		0		61		61		61		0		0		61		61		61		0		61		61		0		0		61		61		0		0		0		0		0		0		0		0		61		0		0		61		61		61		61		0		61		0		0		0		61		61		61		61		61		0		61		0		61		61		61		61		0		0		
61		61		61		61		61		0		61		61		0		0		61		61		61		61		0		0		0		61		0		61		61		61		61		0		0		61		0		0		61		0		0		0		61		61		0		0		0		0		0		61		61		0		61		0		0		61		0		0		61		61		0		0		0		61		61		0		0		61		61		0		
0		61		0		0		0		0		0		0		61		0		61		61		61		61		61		0		0		0		0		61		61		0		0		0		0		0		0		61		61		61		0		61		61		0		0		0		61		0		61		61		61		0		61		61		61		0		61		61		61		0		0		0		61		61		61		61		61		61		61		0		
0		61		61		61		61		0		61		0		61		0		61		0		0		0		61		61		61		0		61		0		61		61		0		61		61		61		0		61		61		0		61		0		61		0		0		0		0		61		0		0		0		0		61		61		61		0		0		61		61		61		0		0		61		0		61		61		0		0		61		0		
0		0		61		0		0		61		0		0		61		61		0		61		0		61		61		0		0		61		0		0		0		0		61		61		0		0		0		61		0		61		61		61		61		0		61		61		0		0		0		0		61		0		0		61		61		61		0		61		0		61		61		61		61		0		61		0		61		61		61		61		
0		0		0		0		61		0		61		61		61		0		0		61		61		61		61		0		0		61		0		61		0		61		61		61		0		61		61		61		61		0		0		61		61		0		61		61		0		0		0		0		0		61		0		0		0		0		0		61		61		0		0		61		61		61		61		0		61		61		61		0		
61		0		61		0		61		0		0		0		0		0		61		61		0		0		61		61		0		61		0		0		61		61		0		0		61		61		61		0		0		0		61		0		61		61		61		61		0		61		61		0		61		61		61		0		0		61		0		61		61		61		0		0		0		61		61		61		61		61		61		0		
61		0		61		61		61		0		0		0		61		61		0		61		0		61		0		0		0		61		61		61		61		0		0		61		61		0		61		61		0		0		0		61		0		61		0		0		0		0		61		61		0		0		61		0		0		0		61		61		61		0		0		0		0		0		0		0		61		0		0		61		
NDC Pairs
< 1		3 >
< 1		4 >
< 1		6 >
< 1		7 >
< 1		11 >
< 1		13 >
< 1		14 >
< 1		15 >
< 1		16 >
< 1		17 >
< 1		18 >
< 1		20 >
< 1		23 >
< 1		26 >
< 1		27 >
< 1		28 >
< 1		30 >
< 1		31 >
< 1		33 >
< 1		37 >
< 1		39 >
< 1		41 >
< 1		42 >
< 1		43 >
< 1		45 >
< 1		46 >
< 1		47 >
< 1		48 >
< 1		50 >
< 1		51 >
< 1		52 >
< 1		53 >
< 1		54 >
< 1		59 >
< 1		60 >
< 2		5 >
< 2		6 >
< 2		7 >
< 2		11 >
< 2		12 >
< 2		13 >
< 2		14 >
< 2		15 >
< 2		16 >
< 2		19 >
< 2		21 >
< 2		26 >
< 2		31 >
< 2		33 >
< 2		35 >
< 2		39 >
< 2		40 >
< 2		41 >
< 2		42 >
< 2		44 >
< 2		45 >
< 2		51 >
< 2		53 >
< 2		54 >
< 2		55 >
< 2		56 >
< 3		5 >
< 3		6 >
< 3		7 >
< 3		8 >
< 3		12 >
< 3		14 >
< 3		15 >
< 3		21 >
< 3		31 >
< 3		32 >
< 3		34 >
< 3		36 >
< 3		37 >
< 3		38 >
< 3		43 >
< 3		44 >
< 3		46 >
< 3		47 >
< 3		48 >
< 3		49 >
< 3		50 >
< 3		54 >
< 3		56 >
< 3		57 >
< 3		59 >
< 3		60 >
< 4		5 >
< 4		7 >
< 4		8 >
< 4		11 >
< 4		12 >
< 4		13 >
< 4		16 >
< 4		17 >
< 4		18 >
< 4		20 >
< 4		21 >
< 4		22 >
< 4		24 >
< 4		25 >
< 4		26 >
< 4		28 >
< 4		30 >
< 4		31 >
< 4		32 >
< 4		33 >
< 4		34 >
< 4		36 >
< 4		38 >
< 4		42 >
< 4		43 >
< 4		47 >
< 4		49 >
< 4		54 >
< 4		56 >
< 4		60 >
< 5		11 >
< 5		12 >
< 5		14 >
< 5		21 >
< 5		22 >
< 5		24 >
< 5		26 >
< 5		27 >
< 5		33 >
< 5		34 >
< 5		38 >
< 5		39 >
< 5		40 >
< 5		42 >
< 5		46 >
< 5		47 >
< 5		49 >
< 5		51 >
< 5		52 >
< 5		54 >
< 5		56 >
< 5		58 >
< 5		59 >
< 5		60 >
< 6		7 >
< 6		9 >
< 6		11 >
< 6		12 >
< 6		14 >
< 6		18 >
< 6		19 >
< 6		20 >
< 6		21 >
< 6		25 >
< 6		26 >
< 6		27 >
< 6		28 >
< 6		29 >
< 6		37 >
< 6		40 >
< 6		43 >
< 6		44 >
< 6		45 >
< 6		47 >
< 6		50 >
< 6		57 >
< 7		8 >
< 7		12 >
< 7		13 >
< 7		14 >
< 7		18 >
< 7		19 >
< 7		22 >
< 7		23 >
< 7		24 >
< 7		25 >
< 7		27 >
< 7		29 >
< 7		32 >
< 7		34 >
< 7		37 >
< 7		39 >
< 7		40 >
< 7		41 >
< 7		42 >
< 7		43 >
< 7		48 >
< 7		51 >
< 7		52 >
< 7		54 >
< 7		56 >
< 7		58 >
< 8		9 >
< 8		10 >
< 8		11 >
< 8		12 >
< 8		13 >
< 8		15 >
< 8		17 >
< 8		21 >
< 8		25 >
< 8		28 >
< 8		30 >
< 8		32 >
< 8		33 >
< 8		35 >
< 8		36 >
< 8		37 >
< 8		44 >
< 8		45 >
< 8		46 >
< 8		47 >
< 8		53 >
< 8		54 >
< 8		58 >
< 9		10 >
< 9		12 >
< 9		13 >
< 9		18 >
< 9		20 >
< 9		24 >
< 9		27 >
< 9		28 >
< 9		29 >
< 9		30 >
< 9		37 >
< 9		38 >
< 9		39 >
< 9		40 >
< 9		44 >
< 9		45 >
< 9		49 >
< 9		50 >
< 9		55 >
< 9		56 >
< 9		57 >
< 9		58 >
< 9		60 >
< 10		11 >
< 10		12 >
< 10		15 >
< 10		19 >
< 10		27 >
< 10		30 >
< 10		32 >
< 10		34 >
< 10		36 >
< 10		37 >
< 10		39 >
< 10		43 >
< 10		45 >
< 10		46 >
< 10		48 >
< 10		51 >
< 10		52 >
< 10		57 >
< 10		60 >
< 11		12 >
< 11		14 >
< 11		18 >
< 11		19 >
< 11		23 >
< 11		30 >
< 11		32 >
< 11		33 >
< 11		34 >
< 11		38 >
< 11		39 >
< 11		40 >
< 11		47 >
< 11		48 >
< 11		50 >
< 11		51 >
< 11		54 >
< 11		55 >
< 11		56 >
< 11		59 >
< 12		14 >
< 12		15 >
< 12		16 >
< 12		17 >
< 12		18 >
< 12		20 >
< 12		28 >
< 12		31 >
< 12		32 >
< 12		33 >
< 12		36 >
< 12		38 >
< 12		40 >
< 12		41 >
< 12		44 >
< 12		45 >
< 12		47 >
< 12		48 >
< 12		49 >
< 12		50 >
< 12		51 >
< 12		53 >
< 12		54 >
< 12		55 >
< 12		57 >
< 12		58 >
< 12		59 >
< 12		60 >
< 13		16 >
< 13		17 >
< 13		19 >
< 13		21 >
< 13		23 >
< 13		24 >
< 13		29 >
< 13		30 >
< 13		31 >
< 13		35 >
< 13		39 >
< 13		40 >
< 13		42 >
< 13		44 >
< 13		45 >
< 13		46 >
< 13		49 >
< 13		50 >
< 13		53 >
< 13		54 >
< 13		55 >
< 13		58 >
< 14		15 >
< 14		17 >
< 14		19 >
< 14		21 >
< 14		22 >
< 14		23 >
< 14		28 >
< 14		31 >
< 14		33 >
< 14		35 >
< 14		36 >
< 14		39 >
< 14		44 >
< 14		45 >
< 14		46 >
< 14		47 >
< 14		51 >
< 14		53 >
< 14		54 >
< 14		55 >
< 14		57 >
< 14		58 >
< 14		60 >
< 15		16 >
< 15		19 >
< 15		22 >
< 15		23 >
< 15		24 >
< 15		26 >
< 15		27 >
< 15		28 >
< 15		29 >
< 15		31 >
< 15		32 >
< 15		33 >
< 15		36 >
< 15		37 >
< 15		39 >
< 15		40 >
< 15		42 >
< 15		51 >
< 15		52 >
< 15		55 >
< 15		56 >
< 15		57 >
< 15		58 >
< 15		59 >
< 16		21 >
< 16		23 >
< 16		24 >
< 16		25 >
< 16		28 >
< 16		32 >
< 16		34 >
< 16		35 >
< 16		36 >
< 16		37 >
< 16		39 >
< 16		40 >
< 16		41 >
< 16		44 >
< 16		45 >
< 16		46 >
< 16		50 >
< 16		51 >
< 16		52 >
< 16		56 >
< 16		59 >
< 17		19 >
< 17		24 >
< 17		25 >
< 17		27 >
< 17		33 >
< 17		35 >
< 17		36 >
< 17		39 >
< 17		41 >
< 17		44 >
< 17		45 >
< 17		46 >
< 17		50 >
< 17		53 >
< 17		56 >
< 18		19 >
< 18		20 >
< 18		21 >
< 18		22 >
< 18		24 >
< 18		25 >
< 18		27 >
< 18		29 >
< 18		32 >
< 18		33 >
< 18		36 >
< 18		39 >
< 18		40 >
< 18		42 >
< 18		44 >
< 18		45 >
< 18		49 >
< 18		52 >
< 18		53 >
< 18		54 >
< 18		57 >
< 18		58 >
< 18		59 >
< 18		60 >
< 19		22 >
< 19		24 >
< 19		25 >
< 19		26 >
< 19		29 >
< 19		30 >
< 19		31 >
< 19		33 >
< 19		34 >
< 19		35 >
< 19		39 >
< 19		41 >
< 19		43 >
< 19		44 >
< 19		45 >
< 19		47 >
< 19		50 >
< 19		51 >
< 19		52 >
< 19		53 >
< 19		56 >
< 19		60 >
< 20		21 >
< 20		22 >
< 20		23 >
< 20		25 >
< 20		30 >
< 20		31 >
< 20		37 >
< 20		39 >
< 20		40 >
< 20		41 >
< 20		42 >
< 20		43 >
< 20		46 >
< 20		47 >
< 20		48 >
< 20		50 >
< 20		54 >
< 20		55 >
< 20		58 >
< 20		60 >
< 21		23 >
< 21		31 >
< 21		33 >
< 21		34 >
< 21		37 >
< 21		38 >
< 21		41 >
< 21		42 >
< 21		45 >
< 21		46 >
< 21		47 >
< 21		48 >
< 21		49 >
< 21		50 >
< 21		53 >
< 21		54 >
< 21		55 >
< 21		56 >
< 21		59 >
< 21		60 >
< 22		24 >
< 22		26 >
< 22		27 >
< 22		32 >
< 22		33 >
< 22		34 >
< 22		35 >
< 22		39 >
< 22		40 >
< 22		41 >
< 22		42 >
< 22		43 >
< 22		46 >
< 22		47 >
< 22		49 >
< 22		50 >
< 22		51 >
< 22		52 >
< 22		53 >
< 22		54 >
< 22		56 >
< 22		58 >
< 22		59 >
< 23		25 >
< 23		28 >
< 23		31 >
< 23		32 >
< 23		34 >
< 23		35 >
< 23		36 >
< 23		37 >
< 23		38 >
< 23		41 >
< 23		42 >
< 23		45 >
< 23		47 >
< 23		48 >
< 23		50 >
< 23		51 >
< 23		54 >
< 23		57 >
< 23		58 >
< 24		25 >
< 24		26 >
< 24		31 >
< 24		33 >
< 24		34 >
< 24		38 >
< 24		39 >
< 24		41 >
< 24		42 >
< 24		43 >
< 24		44 >
< 24		45 >
< 24		46 >
< 24		47 >
< 24		51 >
< 24		52 >
< 24		56 >
< 24		57 >
< 24		58 >
< 24		60 >
< 25		29 >
< 25		31 >
< 25		32 >
< 25		34 >
< 25		37 >
< 25		39 >
< 25		40 >
< 25		42 >
< 25		44 >
< 25		46 >
< 25		47 >
< 25		48 >
< 25		50 >
< 25		52 >
< 25		53 >
< 25		56 >
< 25		59 >
< 25		60 >
< 26		27 >
< 26		31 >
< 26		32 >
< 26		33 >
< 26		34 >
< 26		35 >
< 26		37 >
< 26		38 >
< 26		39 >
< 26		40 >
< 26		42 >
< 26		45 >
< 26		48 >
< 26		49 >
< 26		51 >
< 26		53 >
< 26		54 >
< 26		56 >
< 26		58 >
< 26		59 >
< 27		28 >
< 27		30 >
< 27		32 >
< 27		38 >
< 27		45 >
< 27		50 >
< 27		52 >
< 27		58 >
< 27		59 >
< 27		60 >
< 28		30 >
< 28		38 >
< 28		40 >
< 28		41 >
< 28		42 >
< 28		43 >
< 28		44 >
< 28		45 >
< 28		46 >
< 28		47 >
< 28		50 >
< 28		51 >
< 28		55 >
< 28		56 >
< 28		57 >
< 28		58 >
< 28		60 >
< 29		31 >
< 29		35 >
< 29		39 >
< 29		41 >
< 29		43 >
< 29		45 >
< 29		48 >
< 29		49 >
< 29		51 >
< 29		52 >
< 29		54 >
< 29		55 >
< 29		56 >
< 29		58 >
< 30		32 >
< 30		41 >
< 30		42 >
< 30		43 >
< 30		44 >
< 30		49 >
< 30		50 >
< 30		55 >
< 30		57 >
< 31		32 >
< 31		35 >
< 31		37 >
< 31		38 >
< 31		40 >
< 31		41 >
< 31		42 >
< 31		46 >
< 31		48 >
< 31		50 >
< 31		51 >
< 31		56 >
< 31		57 >
< 31		59 >
< 32		33 >
< 32		35 >
< 32		39 >
< 32		40 >
< 32		42 >
< 32		43 >
< 32		44 >
< 32		48 >
< 32		51 >
< 32		52 >
< 32		55 >
< 32		57 >
< 32		58 >
< 32		60 >
< 33		34 >
< 33		35 >
< 33		36 >
< 33		37 >
< 33		38 >
< 33		39 >
< 33		41 >
< 33		42 >
< 33		43 >
< 33		44 >
< 33		47 >
< 33		50 >
< 33		51 >
< 33		54 >
< 33		55 >
< 33		56 >
< 33		57 >
< 33		58 >
< 33		59 >
< 34		38 >
< 34		39 >
< 34		40 >
< 34		41 >
< 34		45 >
< 34		54 >
< 34		59 >
< 34		60 >
< 35		37 >
< 35		44 >
< 35		46 >
< 35		47 >
< 35		48 >
< 35		52 >
< 35		53 >
< 35		57 >
< 35		58 >
< 35		59 >
< 36		37 >
< 36		38 >
< 36		39 >
< 36		40 >
< 36		41 >
< 36		42 >
< 36		44 >
< 36		45 >
< 36		49 >
< 36		50 >
< 36		51 >
< 36		52 >
< 36		57 >
< 36		58 >
< 36		59 >
< 37		38 >
< 37		39 >
< 37		43 >
< 37		47 >
< 37		48 >
< 37		49 >
< 37		50 >
< 37		52 >
< 37		55 >
< 38		43 >
< 38		44 >
< 38		45 >
< 38		53 >
< 38		56 >
< 38		59 >
< 39		41 >
< 39		42 >
< 39		43 >
< 39		45 >
< 39		47 >
< 39		48 >
< 39		52 >
< 39		53 >
< 39		55 >
< 39		59 >
< 39		60 >
< 40		44 >
< 40		46 >
< 40		48 >
< 40		49 >
< 40		50 >
< 40		53 >
< 40		54 >
< 40		55 >
< 40		60 >
< 41		42 >
< 41		43 >
< 41		44 >
< 41		45 >
< 41		46 >
< 41		48 >
< 41		50 >
< 41		51 >
< 41		53 >
< 41		54 >
< 41		55 >
< 41		57 >
< 41		59 >
< 42		44 >
< 42		46 >
< 42		47 >
< 42		48 >
< 42		51 >
< 42		52 >
< 42		58 >
< 42		59 >
< 43		46 >
< 43		49 >
< 43		53 >
< 43		54 >
< 43		55 >
< 43		56 >
< 43		59 >
< 43		60 >
< 44		45 >
< 44		50 >
< 44		55 >
< 44		56 >
< 44		57 >
< 45		46 >
< 45		47 >
< 45		48 >
< 45		49 >
< 45		50 >
< 45		55 >
< 45		56 >
< 45		57 >
< 46		49 >
< 46		50 >
< 46		51 >
< 46		54 >
< 46		57 >
< 46		59 >
< 47		48 >
< 47		49 >
< 47		51 >
< 47		53 >
< 47		55 >
< 47		60 >
< 48		49 >
< 48		51 >
< 48		53 >
< 48		55 >
< 48		56 >
< 48		57 >
< 48		58 >
< 48		59 >
< 48		60 >
< 49		51 >
< 49		53 >
< 49		54 >
< 49		55 >
< 49		56 >
< 49		58 >
< 49		59 >
< 49		60 >
< 50		51 >
< 50		53 >
< 50		54 >
< 50		56 >
< 50		57 >
< 50		59 >
< 51		52 >
< 51		53 >
< 51		57 >
< 52		57 >
< 52		58 >
< 53		55 >
< 53		56 >
< 53		57 >
< 53		58 >
< 54		55 >
< 54		58 >
< 54		59 >
< 55		56 >
< 55		57 >
< 55		58 >
< 55		59 >
< 56		59 >
< 57		58 >
< 57		59 >
< 57		60 >
< 58		59 >
