nNodes= 100
nPairs= 486  
Weight
2
2
4
4
3
2
4
4
2
2
2
4
2
3
3
4
3
3
3
2
2
3
3
3
4
4
2
2
3
3
3
2
2
2
3
3
3
2
3
4
4
2
2
4
2
4
3
2
4
4
2
4
4
4
2
4
2
4
4
2
4
2
2
4
2
3
3
4
3
4
4
3
2
4
3
3
3
3
4
4
2
2
3
4
3
4
2
2
2
4
4
4
4
2
2
4
4
2
2
4
Cost
101		0		0		0		0		0		101		0		0		0		0		0		0		0		0		0		101		0		0		0		0		0		0		0		0		0		0		0		101		0		0		0		0		0		0		0		0		0		0		0		0		0		0		0		0		0		101		0		0		0		0		101		0		101		0		0		0		0		0		0		0		0		0		0		0		0		0		0		0		0		0		0		0		0		0		0		0		0		0		0		101		0		0		101		0		0		0		0		0		0		0		101		0		0		0		0		0		0		0		0		
0		101		0		0		0		0		0		0		0		0		0		0		0		101		101		0		0		0		0		0		0		0		0		0		0		0		0		0		0		0		0		0		0		0		101		0		0		0		0		0		0		0		0		0		0		101		0		0		0		101		101		0		0		0		101		0		0		0		0		0		0		0		0		0		0		0		0		0		0		0		0		0		0		0		0		101		0		0		0		0		0		0		0		0		0		0		0		101		0		0		0		0		0		0		0		0		0		0		0		0		
0		0		101		0		0		0		0		0		0		0		0		0		0		101		0		0		0		0		0		0		0		0		0		0		0		0		101		0		0		0		0		0		0		0		0		0		0		101		0		0		0		0		101		101		0		0		101		0		0		0		0		0		0		0		0		0		0		0		0		0		0		0		0		0		0		0		0		0		0		0		0		0		101		101		0		0		0		0		0		0		0		0		0		0		0		101		0		0		0		101		0		0		0		101		0		0		0		0		0		0		
0		0		0		101		0		101		0		0		0		0		0		101		0		0		0		0		101		0		0		0		0		0		0		0		0		0		0		0		0		0		0		0		0		0		0		0		0		0		0		0		101		0		0		0		101		0		101		0		0		0		101		0		0		0		0		0		0		101		0		0		0		0		0		101		0		101		0		0		0		0		101		0		0		0		0		0		0		0		0		0		0		0		101		0		0		0		0		101		0		0		0		0		0		0		0		0		0		0		0		101		
0		0		0		0		101		0		0		0		0		0		0		0		0		0		0		0		0		0		0		0		0		0		0		0		0		0		0		0		0		0		0		0		0		0		0		0		0		0		0		0		0		0		0		0		0		101		0		0		0		101		0		0		0		0		101		0		0		0		0		0		101		0		0		0		0		0		0		0		0		0		0		0		0		0		0		0		0		0		0		0		0		0		0		0		0		0		0		0		101		0		0		0		0		0		0		0		0		0		0		0		
0		0		0		101		0		101		101		101		0		0		0		101		0		0		0		0		0		0		0		0		0		0		0		0		0		101		0		0		0		0		0		0		0		0		0		0		0		0		0		0		0		0		0		0		0		0		0		0		0		0		0		101		0		0		0		0		0		0		0		0		0		0		0		0		0		0		101		0		101		0		0		0		0		0		0		0		0		0		0		0		0		0		101		0		0		0		0		0		0		0		101		0		0		0		0		0		0		0		0		0		
101		0		0		0		0		101		101		0		0		0		0		0		0		0		101		0		0		0		0		0		0		0		0		0		0		0		0		0		0		0		0		0		0		0		0		0		0		0		0		0		0		0		0		0		0		0		0		0		101		0		0		101		0		0		0		0		0		0		0		0		0		0		0		0		0		0		0		0		0		0		0		0		0		0		0		0		0		0		101		101		0		0		0		0		0		0		0		0		0		0		0		0		0		0		0		0		0		0		0		0		
0		0		0		0		0		101		0		101		0		0		101		0		0		0		0		0		0		0		0		0		0		0		0		0		101		0		0		0		101		0		0		0		0		0		0		0		0		0		0		0		0		0		0		0		0		101		0		0		0		0		0		0		101		0		101		0		0		0		0		0		0		0		0		101		101		0		0		0		0		0		0		101		101		0		0		0		0		0		0		101		0		0		0		101		101		0		0		0		0		0		0		0		0		0		0		0		0		0		0		0		
0		0		0		0		0		0		0		0		101		0		0		0		0		0		0		0		0		0		0		101		0		0		0		0		0		0		0		0		0		0		0		0		0		0		0		0		0		101		0		101		0		0		0		0		0		101		0		101		101		101		0		0		0		0		0		101		101		0		0		0		0		0		0		0		0		101		0		0		0		101		0		0		0		0		0		0		0		0		101		0		0		0		0		0		0		0		101		0		101		0		0		0		0		0		0		0		0		0		0		0		
0		0		0		0		0		0		0		0		0		101		0		0		0		0		0		0		0		0		0		0		0		0		0		0		0		0		0		0		0		0		0		0		0		0		0		0		0		0		0		0		101		0		0		0		0		0		0		0		101		0		0		0		0		0		0		0		0		0		0		0		0		0		0		0		0		0		0		0		101		0		0		0		0		0		0		0		0		101		0		0		0		0		0		0		0		0		0		0		101		0		0		0		0		0		101		0		0		0		0		0		
0		0		0		0		0		0		0		101		0		0		101		0		0		0		0		0		0		0		0		0		0		0		0		0		0		0		0		0		0		0		0		0		0		0		0		0		0		0		0		0		0		0		0		0		0		0		101		0		0		0		0		0		0		0		0		0		0		0		0		0		101		0		0		101		0		101		0		0		0		0		0		101		0		0		0		0		0		0		0		0		0		0		0		0		0		0		0		101		0		0		0		0		0		0		0		101		0		0		0		101		
0		0		0		101		0		101		0		0		0		0		0		101		0		0		0		0		0		0		0		0		101		0		101		0		0		0		0		0		0		101		0		0		0		0		0		0		0		0		0		0		0		0		0		101		0		0		0		0		101		0		0		0		0		0		0		0		0		0		0		0		0		0		0		101		0		0		0		0		0		0		0		0		0		101		101		0		0		0		0		0		0		0		0		0		0		0		0		0		0		0		0		0		0		0		0		0		0		0		0		0		
0		0		0		0		0		0		0		0		0		0		0		0		101		0		0		0		0		101		0		0		0		0		0		0		0		0		0		0		0		0		0		0		0		0		0		0		0		0		101		0		0		0		0		0		0		0		0		0		0		0		0		0		0		0		0		0		0		0		0		0		0		101		0		0		0		0		0		0		0		101		0		0		101		0		0		0		0		0		101		0		0		101		0		101		0		0		101		0		0		0		0		0		0		0		0		0		0		0		0		0		
0		101		101		0		0		0		0		0		0		0		0		0		0		101		0		0		0		0		0		0		0		0		101		0		0		0		0		0		0		0		0		0		0		0		0		0		0		0		0		0		0		0		0		0		0		101		0		0		0		0		0		0		0		0		0		0		0		101		0		0		0		0		0		0		0		0		0		101		0		101		0		0		0		0		0		0		0		0		0		0		0		0		0		0		0		0		0		0		0		101		0		0		0		0		0		0		0		0		0		0		
0		101		0		0		0		0		101		0		0		0		0		0		0		0		101		0		0		0		0		0		0		101		0		0		0		0		0		0		0		101		0		0		0		0		0		0		0		0		0		101		0		0		101		0		0		0		101		0		0		0		0		0		0		0		0		0		0		0		0		0		0		0		0		0		0		0		0		0		0		0		0		0		0		0		0		0		0		0		0		0		0		0		0		0		0		0		0		0		0		0		0		0		0		0		101		0		0		0		0		0		
0		0		0		0		0		0		0		0		0		0		0		0		0		0		0		101		0		0		0		0		0		101		0		101		0		0		0		0		0		0		101		0		0		0		0		0		0		0		0		0		101		0		0		0		101		0		0		0		0		0		0		0		0		0		0		0		0		101		0		0		0		0		0		0		0		0		0		0		101		0		0		0		0		0		0		0		0		0		0		0		0		101		0		0		0		101		0		0		0		0		0		0		101		0		0		0		101		0		0		0		
101		0		0		101		0		0		0		0		0		0		0		0		0		0		0		0		101		0		0		0		0		0		0		101		0		0		0		0		0		0		0		0		0		0		0		0		0		0		0		0		0		0		0		0		0		0		0		0		0		0		0		0		0		0		101		0		0		0		0		0		0		0		0		0		0		0		0		0		0		0		101		0		0		101		0		0		0		0		0		0		0		0		101		0		0		0		0		0		0		0		101		0		0		0		0		0		0		0		0		0		
0		0		0		0		0		0		0		0		0		0		0		0		101		0		0		0		0		101		0		0		0		0		101		0		101		0		0		0		0		0		101		0		0		0		0		0		0		0		0		0		0		0		0		0		0		0		0		0		0		0		101		0		0		0		0		0		0		0		0		0		0		0		0		0		0		0		0		0		0		0		0		101		0		101		0		101		0		0		0		0		0		0		0		101		0		0		0		0		0		0		0		0		0		101		0		0		0		0		0		0		
0		0		0		0		0		0		0		0		0		0		0		0		0		0		0		0		0		0		101		101		0		101		0		0		0		0		0		0		0		0		0		0		0		101		0		0		0		0		0		0		101		0		101		0		101		101		101		101		0		0		101		0		0		0		0		0		0		0		0		0		0		0		0		0		0		0		0		0		0		0		0		0		0		0		0		0		0		0		0		0		0		0		0		0		0		0		0		0		0		0		0		0		0		101		0		0		0		0		0		0		
0		0		0		0		0		0		0		0		101		0		0		0		0		0		0		0		0		0		101		101		0		0		0		0		0		0		0		0		0		0		101		0		0		0		0		101		0		0		0		0		0		0		0		0		0		0		0		0		0		0		0		0		0		0		0		0		101		0		0		0		0		0		0		0		0		0		0		0		0		0		0		101		0		0		0		0		101		0		101		0		101		0		0		0		101		0		0		0		0		0		0		0		0		0		0		101		101		0		0		0		
0		0		0		0		0		0		0		0		0		0		0		101		0		0		0		0		0		0		0		0		101		0		0		0		0		0		0		0		0		0		101		0		0		0		0		0		0		0		0		101		0		0		0		101		0		0		0		0		0		0		101		0		0		0		101		0		0		0		0		0		0		0		0		0		0		0		0		0		0		0		0		0		0		0		0		0		0		0		0		0		0		0		0		0		0		0		0		0		0		0		0		0		101		0		0		0		0		0		0		0		
0		0		0		0		0		0		0		0		0		0		0		0		0		0		101		101		0		0		101		0		0		101		0		0		0		0		0		0		0		101		0		0		0		0		0		0		0		101		101		0		101		0		0		0		0		0		0		0		0		101		0		0		101		0		0		0		0		0		0		0		0		0		101		0		101		0		0		0		0		0		0		0		0		0		0		0		0		0		0		0		0		0		0		0		0		0		101		0		0		0		0		0		0		0		0		0		0		0		0		0		
0		0		0		0		0		0		0		0		0		0		0		101		0		101		0		0		0		101		0		0		0		0		101		0		101		101		0		0		0		0		0		0		0		0		0		0		101		101		0		0		0		0		0		0		0		0		0		0		0		0		0		0		0		0		0		0		0		0		101		0		0		0		0		101		101		0		0		0		101		0		0		0		0		0		0		0		0		0		0		0		0		0		0		0		0		0		0		0		101		0		101		0		0		0		0		101		0		0		0		0		
0		0		0		0		0		0		0		0		0		0		0		0		0		0		0		101		101		0		0		0		0		0		0		101		0		0		0		0		0		0		0		0		0		0		0		0		0		0		0		0		0		0		101		0		101		0		0		0		0		0		0		0		0		0		0		0		0		0		0		0		101		0		0		0		0		0		0		101		0		101		0		0		0		0		0		0		0		0		101		0		0		0		0		0		0		0		101		0		0		0		0		0		0		0		0		0		0		0		0		0		
0		0		0		0		0		0		0		101		0		0		0		0		0		0		0		0		0		101		0		0		0		0		101		0		101		0		0		101		0		101		0		101		0		0		0		0		0		0		0		101		101		0		0		0		0		0		0		0		0		0		0		0		0		0		0		0		0		0		101		0		0		0		0		0		0		0		0		0		0		0		0		0		0		0		0		0		101		0		0		0		0		0		0		0		0		0		0		0		0		0		0		101		0		101		101		0		0		101		0		0		
0		0		0		0		0		101		0		0		0		0		0		0		0		0		0		0		0		0		0		0		0		0		101		0		0		101		0		0		0		0		0		0		0		0		0		0		0		0		0		0		0		0		0		0		0		0		101		0		0		0		0		0		0		0		101		0		0		101		0		0		0		0		0		0		0		0		0		0		0		0		0		0		0		0		0		0		101		0		0		0		0		0		0		0		0		0		0		0		0		0		0		0		0		0		0		0		0		0		0		0		
0		0		101		0		0		0		0		0		0		0		0		0		0		0		0		0		0		0		0		0		0		0		0		0		0		0		101		0		0		0		0		0		0		0		0		101		0		0		0		0		0		0		0		0		0		0		0		0		0		0		0		0		0		0		0		0		0		0		101		0		0		0		0		0		0		0		0		0		0		0		0		0		0		0		0		0		101		101		0		0		0		0		0		0		0		0		0		0		0		0		101		0		0		0		0		0		0		0		0		0		
0		0		0		0		0		0		0		0		0		0		0		0		0		0		0		0		0		0		0		0		0		0		0		0		101		0		0		101		0		0		101		0		0		0		0		101		0		0		0		0		0		0		0		0		0		0		0		0		0		0		0		0		0		0		0		101		0		101		0		101		0		0		0		0		0		0		0		0		0		101		0		0		0		0		0		0		0		0		0		0		0		0		0		0		0		0		0		0		0		0		0		0		0		0		0		0		0		0		0		0		
101		0		0		0		0		0		0		101		0		0		0		0		0		0		0		0		0		0		0		0		0		0		0		0		0		0		0		0		101		0		0		0		0		0		0		0		0		0		0		0		0		0		0		0		0		0		0		0		0		0		0		101		101		0		0		0		0		0		0		0		0		0		0		0		0		0		0		0		0		0		0		0		0		0		0		0		0		0		0		0		0		0		0		0		0		0		0		0		0		101		0		101		0		0		0		0		101		0		0		0		
0		0		0		0		0		0		0		0		0		0		0		101		0		0		101		0		0		0		0		0		0		101		0		0		101		0		0		0		0		101		0		0		0		101		0		0		0		0		0		0		0		0		0		0		0		0		0		0		0		0		0		0		0		101		0		0		0		0		0		101		0		0		101		0		0		0		0		0		0		0		0		0		101		0		0		0		0		0		0		0		0		0		0		0		0		0		0		0		0		0		0		0		0		0		0		0		0		0		0		0		
0		0		0		0		0		0		0		0		0		0		0		0		0		0		0		101		0		101		0		101		101		0		0		0		0		0		0		101		0		0		101		0		0		101		0		0		0		0		0		0		0		0		101		0		0		0		0		0		0		0		0		0		0		0		0		0		0		0		0		0		0		101		0		0		0		0		0		0		0		0		0		0		0		0		0		0		0		0		0		0		101		0		101		0		0		101		101		0		101		0		0		0		0		101		101		0		0		0		0		0		
0		0		0		0		0		0		0		0		0		0		0		0		0		0		0		0		0		0		0		0		0		0		0		0		101		0		0		0		0		0		0		101		0		0		0		0		101		0		0		0		0		0		0		0		101		0		0		0		0		101		0		0		0		0		0		101		0		0		0		0		0		0		0		0		0		0		101		0		0		0		0		0		0		0		0		0		101		0		0		0		0		0		0		0		0		0		0		0		0		0		0		0		0		0		0		0		101		0		0		101		
0		0		0		0		0		0		0		0		0		0		0		0		0		0		0		0		0		0		0		0		0		0		0		0		0		0		0		0		0		0		0		0		101		0		0		0		0		0		0		101		0		0		0		0		0		0		0		0		0		0		0		0		0		0		0		0		0		0		0		0		0		0		0		0		0		0		0		0		0		0		101		0		0		101		0		0		0		0		0		0		0		0		0		101		0		0		0		0		0		0		0		0		0		0		0		0		0		0		101		0		
0		0		0		0		0		0		0		0		0		0		0		0		0		0		0		0		0		0		101		0		0		0		0		0		0		0		0		0		0		101		101		0		0		101		0		101		0		0		0		0		0		0		0		0		0		0		0		0		0		0		0		0		0		0		0		0		0		0		0		0		0		0		0		0		0		0		0		0		0		0		0		0		0		0		0		0		0		101		0		101		0		0		0		0		101		0		0		0		0		0		0		0		0		0		101		0		0		0		0		0		
0		101		0		0		0		0		0		0		0		0		0		0		0		0		0		0		0		0		0		0		0		0		0		0		0		0		0		0		0		0		0		0		0		0		101		0		0		101		0		0		0		0		0		0		0		101		0		0		0		0		0		101		0		0		0		0		0		0		0		0		0		0		0		101		0		0		101		0		0		0		0		0		0		0		0		0		0		0		0		0		0		0		0		0		0		0		101		0		0		0		0		0		0		0		0		0		0		0		0		0		
0		0		0		0		0		0		0		0		0		0		0		0		0		0		0		0		0		0		0		101		0		0		0		0		0		0		101		101		0		0		0		0		0		101		0		101		0		0		0		0		0		0		0		0		101		0		0		0		0		0		0		0		0		0		0		0		0		0		0		0		0		0		0		0		0		0		0		0		0		0		0		0		0		0		0		0		0		0		0		0		0		0		101		0		0		0		0		0		0		0		0		0		0		0		0		0		0		0		0		0		
0		0		0		0		0		0		0		0		0		0		0		0		0		0		0		0		0		0		0		0		0		0		101		0		0		0		0		0		0		0		0		101		0		0		0		0		101		0		0		101		0		0		101		0		0		0		0		0		0		101		0		0		0		0		0		0		0		0		0		0		0		0		0		0		0		0		0		101		0		0		101		0		0		0		0		0		0		0		0		0		0		0		101		0		0		0		0		0		0		0		0		0		0		0		101		0		0		0		0		0		
0		0		101		0		0		0		0		0		101		0		0		0		0		0		0		0		0		0		0		0		0		101		101		0		0		0		0		0		0		0		0		0		0		0		101		0		0		101		0		0		0		0		0		0		0		0		0		101		0		0		0		101		0		0		0		101		0		0		0		0		0		0		0		0		0		0		0		0		0		101		0		0		0		0		0		0		101		0		0		0		0		0		0		0		0		0		0		101		101		0		0		0		0		0		101		101		0		0		0		0		
0		0		0		0		0		0		0		0		0		0		0		0		101		0		0		0		0		0		0		0		0		101		0		0		0		0		0		0		0		0		0		0		0		0		0		0		0		0		101		101		0		0		0		101		0		0		0		0		101		0		0		0		0		0		0		0		0		0		0		0		0		101		101		0		0		0		0		0		0		0		0		101		0		0		101		0		0		0		0		0		0		0		0		0		0		0		0		0		0		0		0		101		0		0		0		0		0		0		101		0		
0		0		0		0		0		0		0		0		101		0		0		0		0		0		101		0		0		0		0		0		101		0		0		0		101		0		0		0		0		0		0		0		101		0		0		0		101		0		101		101		0		0		0		0		0		0		0		0		0		0		101		0		0		0		101		0		0		0		0		0		0		0		0		0		0		0		0		0		0		0		0		0		0		0		0		101		0		0		0		0		0		101		0		0		0		0		0		0		0		0		0		0		0		0		0		0		0		0		0		0		
0		0		0		101		0		0		0		0		0		101		0		0		0		0		0		101		0		0		101		0		0		101		0		0		101		0		0		0		0		0		0		0		0		0		0		0		0		0		0		0		101		0		0		0		0		0		0		0		0		0		0		101		101		0		101		0		101		0		0		0		0		101		0		0		0		101		0		0		0		0		0		0		0		0		0		0		0		0		0		0		0		0		0		0		0		0		0		0		0		0		0		0		0		0		0		0		0		0		0		0		
0		0		0		0		0		0		0		0		0		0		0		0		0		0		0		0		0		0		0		0		0		0		0		0		0		0		0		0		0		0		0		0		0		0		0		0		0		0		0		0		0		101		0		0		0		0		0		0		0		0		0		0		0		0		0		0		0		0		0		0		0		0		0		0		101		0		0		0		0		0		0		0		0		0		0		0		0		0		101		0		0		0		0		0		101		101		101		0		0		0		0		101		0		0		0		0		0		0		0		0		
0		0		101		0		0		0		0		0		0		0		0		0		0		0		101		0		0		0		101		0		0		0		0		101		0		0		0		0		0		0		101		0		0		0		0		0		101		0		0		0		0		0		101		0		0		0		0		0		0		0		0		0		101		0		0		0		0		0		0		0		0		0		0		0		0		0		0		0		0		0		0		0		0		101		0		101		101		0		0		0		0		0		0		0		0		0		0		101		0		0		0		0		0		0		0		0		0		0		0		0		
0		0		101		0		0		0		0		0		0		0		0		101		0		0		0		0		0		0		0		0		101		0		0		0		0		0		0		0		0		0		0		0		0		0		0		0		0		0		101		0		0		0		0		101		0		0		0		0		0		0		0		0		0		0		101		0		0		0		0		0		0		0		0		101		0		0		0		0		0		0		0		0		101		0		0		0		0		0		0		0		0		0		0		101		0		0		0		0		0		0		101		101		0		0		0		101		0		0		101		0		
0		0		0		101		0		0		0		0		0		0		0		0		0		0		0		101		0		0		101		0		0		0		0		101		0		0		0		0		0		0		0		101		0		0		0		101		0		0		0		0		0		0		0		0		101		0		0		0		0		0		0		0		0		101		0		101		0		0		101		101		101		0		101		0		101		0		0		0		0		0		0		0		101		0		0		0		0		101		0		0		0		0		0		0		0		101		0		0		101		0		0		0		0		0		101		0		0		0		0		0		
0		101		0		0		101		0		0		101		101		0		0		0		0		101		0		0		0		0		101		0		0		0		0		0		0		0		0		0		0		0		0		0		0		0		101		0		0		0		0		0		0		0		0		0		0		101		0		0		0		0		0		101		0		0		0		0		0		0		0		0		0		0		0		101		0		0		0		101		0		0		0		0		0		101		0		0		0		0		101		0		101		0		0		0		0		0		0		0		0		0		0		101		0		0		0		0		0		0		0		0		
101		0		101		101		0		0		0		0		0		0		101		0		0		0		101		0		0		0		101		0		0		0		0		0		0		101		0		0		0		0		0		0		0		0		0		0		0		0		0		0		0		0		0		0		0		0		101		0		0		0		0		0		0		0		101		0		0		0		0		0		0		0		0		0		0		0		0		0		0		101		0		0		0		0		0		0		0		0		0		0		0		0		0		0		0		0		0		0		0		0		101		0		101		0		101		0		0		0		0		0		
0		0		0		0		0		0		0		0		101		0		0		0		0		0		0		0		0		0		101		0		0		0		0		0		0		0		0		0		0		0		0		0		0		0		0		0		0		101		0		0		0		0		0		0		0		0		0		101		0		0		0		0		0		0		0		0		0		0		0		0		0		0		0		0		0		101		0		0		0		0		0		0		0		0		0		0		101		0		0		0		0		0		0		0		0		0		101		0		0		0		0		0		0		0		0		0		0		0		0		0		
0		0		0		0		0		0		101		0		101		101		0		101		0		0		0		0		0		0		0		0		0		0		0		0		0		0		0		0		0		0		0		0		0		0		0		0		0		0		101		0		0		0		0		0		0		0		0		0		101		0		0		0		101		0		0		0		0		0		0		0		0		0		0		0		101		0		0		0		0		0		0		0		0		0		0		0		0		0		0		101		0		0		101		0		0		0		0		101		0		0		0		0		0		0		0		101		0		0		0		0		
0		101		0		0		101		0		0		0		101		0		0		0		0		0		0		0		0		0		0		0		0		101		0		0		0		0		0		0		0		0		0		101		0		0		0		0		101		0		0		0		0		0		0		0		0		0		0		0		0		101		0		0		0		0		0		101		0		0		0		101		0		0		0		0		0		0		0		0		0		0		0		0		0		0		0		0		101		0		0		0		0		0		0		101		0		0		0		0		0		0		0		0		101		0		0		0		0		0		101		0		
0		101		0		101		0		0		0		0		0		0		0		0		0		0		0		0		0		101		101		0		101		0		0		0		0		0		0		0		0		0		0		0		0		0		0		0		0		0		0		101		0		0		0		0		0		0		0		0		0		0		101		0		0		0		0		0		0		0		0		0		101		0		101		0		0		0		0		0		0		0		0		0		0		101		0		0		0		0		0		0		101		0		101		0		101		0		101		0		0		0		0		0		101		0		0		101		0		0		101		0		
101		0		0		0		0		101		101		0		0		0		0		0		0		0		0		0		0		0		0		0		0		0		0		0		0		0		0		0		101		0		0		0		0		0		101		0		0		101		0		0		101		0		0		0		0		101		0		0		0		0		0		101		0		0		0		0		0		0		0		0		0		0		0		0		0		0		0		0		0		0		0		0		0		0		0		0		0		0		0		0		0		0		0		0		0		0		0		0		0		0		0		0		0		0		0		0		0		0		0		0		
0		0		0		0		0		0		0		101		0		0		0		0		0		0		0		0		0		0		0		0		0		101		0		0		0		0		0		0		101		0		0		0		0		0		0		0		0		0		0		0		101		0		101		0		0		0		0		0		101		0		0		0		101		0		0		0		0		0		0		0		0		0		0		0		0		0		0		0		0		0		101		0		0		0		0		0		0		0		0		0		0		0		0		0		0		0		101		0		0		0		0		0		0		0		0		0		0		0		0		0		
101		0		0		0		0		0		0		0		0		0		0		0		0		0		0		0		0		0		0		0		0		0		0		0		0		0		0		0		0		101		0		0		0		0		0		0		0		0		0		0		0		0		0		0		101		0		0		0		0		0		0		0		0		101		101		0		0		0		0		0		0		0		0		0		0		0		0		0		0		0		0		0		0		0		0		0		0		0		0		0		101		0		0		0		0		0		0		0		0		0		0		0		0		0		0		0		0		0		0		0		
0		101		0		0		101		0		0		101		0		0		0		0		0		0		0		0		101		0		0		0		101		0		0		0		0		101		0		0		0		0		0		0		0		0		0		0		0		0		0		101		101		0		0		101		0		0		101		0		0		0		0		0		0		101		101		0		0		0		0		0		0		0		0		0		0		0		0		0		101		0		0		0		0		0		0		0		0		0		101		0		0		0		0		0		0		0		101		0		0		0		0		0		0		0		0		101		101		0		0		0		
0		0		0		0		0		0		0		0		101		0		0		0		0		0		0		0		0		0		0		0		0		0		0		0		0		0		0		101		0		0		0		101		0		0		0		0		0		101		0		0		0		0		0		0		101		0		0		0		0		101		0		0		0		0		0		101		0		0		0		0		0		0		0		0		0		0		0		0		0		0		0		0		0		0		0		0		0		0		0		0		0		0		0		0		0		0		0		0		0		0		0		0		101		0		0		0		0		0		0		101		
0		0		0		0		0		0		0		0		101		0		0		0		0		0		0		0		0		0		0		101		0		0		0		0		0		0		0		0		0		0		0		0		0		0		0		0		0		0		0		0		101		0		0		0		0		0		0		0		0		0		0		0		0		0		0		0		101		0		101		0		0		0		0		0		0		0		0		0		0		101		0		101		0		0		0		0		0		0		101		0		101		0		0		0		0		0		0		0		0		0		0		0		0		101		0		0		0		0		0		0		
0		0		0		101		0		0		0		0		0		0		0		0		0		101		0		101		0		0		0		0		0		0		0		0		0		101		0		101		0		0		0		0		0		0		0		0		0		0		0		0		0		0		0		0		0		0		0		0		0		0		0		0		0		0		0		0		0		101		0		0		0		0		0		0		0		0		0		0		0		0		0		0		0		101		0		0		0		0		0		0		0		0		0		0		0		0		0		0		0		0		0		0		0		0		0		0		0		0		0		101		
0		0		0		0		0		0		0		0		0		0		0		0		0		0		0		0		0		0		0		0		0		0		101		0		101		0		101		0		0		0		0		0		0		0		0		0		0		0		0		0		0		0		0		0		101		0		0		0		0		0		0		0		0		0		0		0		101		0		101		0		0		0		0		0		0		0		0		0		0		0		0		0		0		0		0		0		0		0		0		0		0		0		0		101		0		0		0		0		0		0		0		101		0		0		0		0		0		0		0		0		
0		0		0		0		0		0		0		0		0		0		0		0		0		0		0		0		0		0		0		0		0		0		0		0		0		0		0		101		0		101		0		0		0		0		0		0		0		0		0		0		0		0		0		0		101		0		0		0		0		101		0		0		0		0		0		0		0		0		0		101		0		0		0		0		101		0		0		0		0		0		0		101		0		0		101		0		0		0		0		0		0		0		0		0		0		0		0		0		0		0		0		0		0		0		0		0		0		0		0		0		
0		0		0		0		101		0		0		0		0		0		101		0		0		0		0		0		0		0		0		0		0		0		0		101		0		0		0		0		0		0		0		0		0		0		0		0		0		0		0		0		0		0		0		0		101		0		0		0		0		0		101		0		0		0		0		0		0		0		0		0		101		0		0		0		0		0		0		101		0		101		0		0		101		0		0		0		0		0		0		0		101		101		0		0		0		0		0		0		0		0		0		0		0		0		0		0		0		0		0		0		
0		0		0		0		0		0		0		0		0		0		0		0		101		0		0		0		0		0		0		0		0		0		0		0		0		0		0		0		0		0		101		0		0		0		0		0		0		0		101		0		101		0		0		0		0		0		0		0		0		0		0		0		0		0		0		0		0		0		0		0		0		101		0		0		0		0		0		0		0		0		101		0		0		0		0		0		0		101		0		101		0		0		0		0		0		0		101		0		0		0		0		101		0		101		0		0		0		0		0		101		
0		0		0		0		0		0		0		0		0		0		0		0		0		0		0		0		0		0		0		0		0		101		0		0		0		0		0		0		0		101		0		0		0		0		0		0		0		0		101		0		0		0		0		0		101		0		0		0		0		0		101		0		0		0		0		0		0		0		0		0		0		0		101		101		0		0		0		101		0		0		0		0		0		0		0		101		0		0		0		0		0		0		0		101		0		0		0		0		0		0		0		0		0		0		101		0		0		0		0		0		
0		0		0		101		0		0		0		101		0		0		101		101		0		0		0		0		0		0		0		0		0		0		101		0		0		0		0		0		0		0		0		0		0		0		101		0		0		0		0		0		0		0		0		101		0		101		0		0		0		0		0		0		0		0		0		0		0		0		0		0		0		0		101		101		0		0		0		0		0		0		0		0		0		0		0		0		0		0		0		0		0		0		0		101		101		0		0		0		0		0		0		101		0		0		0		0		0		0		0		0		
0		0		0		0		0		0		0		101		0		0		0		0		0		0		0		0		0		0		0		0		0		101		101		0		0		0		0		0		0		0		0		0		0		0		0		0		0		0		0		0		0		101		0		0		101		0		0		0		101		0		0		0		0		0		0		0		0		0		0		101		0		0		0		0		101		0		101		0		0		0		0		0		0		0		0		0		0		0		0		0		0		0		0		0		0		0		0		0		0		0		0		0		0		0		0		0		0		0		0		101		
0		0		0		101		0		0		0		0		101		0		101		0		0		0		0		0		0		0		0		0		0		0		0		0		0		0		0		0		0		0		0		0		0		0		0		0		0		0		0		0		101		0		0		0		0		0		0		101		0		0		0		0		0		0		0		0		0		0		0		0		0		0		0		0		0		101		0		0		0		0		0		0		0		0		0		0		0		0		0		0		0		0		0		0		101		0		0		0		0		101		0		0		0		0		0		0		0		0		101		0		
0		0		0		0		0		101		0		0		0		0		0		0		0		0		0		0		0		0		0		0		0		0		0		0		0		0		0		0		0		0		0		101		0		0		101		0		0		0		0		0		0		0		0		0		0		0		0		0		0		0		0		0		0		0		0		0		0		0		0		0		0		0		0		0		101		0		101		0		0		0		0		0		0		0		0		0		0		0		0		0		0		0		0		0		0		0		0		0		0		0		0		0		0		0		0		0		0		0		0		0		
0		0		0		0		0		0		0		0		0		0		0		0		0		101		0		0		0		0		0		0		0		0		0		101		0		0		0		0		0		0		0		0		0		0		0		0		101		0		0		0		0		0		0		0		0		101		0		0		0		0		0		0		0		0		0		0		0		0		0		0		101		0		101		0		0		0		0		101		0		0		101		0		0		101		0		0		0		0		0		0		0		101		0		0		0		0		101		0		101		0		0		0		0		0		0		0		0		0		0		0		
0		0		0		0		0		101		0		0		0		101		0		0		0		0		0		101		0		0		0		0		0		0		101		0		0		0		0		0		0		0		0		0		0		0		0		0		0		0		0		0		0		0		0		0		0		0		0		0		0		0		0		0		0		0		101		0		0		0		0		0		0		0		0		0		0		0		0		0		101		0		0		0		0		0		0		0		0		0		0		0		0		0		0		0		0		0		0		0		0		0		0		0		0		0		0		0		0		0		0		0		
0		0		0		0		0		0		0		0		101		0		0		0		101		101		0		0		0		0		0		0		0		0		0		101		0		0		0		101		0		0		0		0		0		0		0		0		0		101		0		0		0		0		0		0		0		0		101		0		0		0		0		0		0		0		0		0		101		0		0		0		101		0		0		0		0		0		0		0		0		101		101		0		0		0		0		0		0		0		0		0		0		0		0		0		0		0		0		0		0		0		0		0		0		0		0		101		0		0		0		101		
0		0		0		101		0		0		0		0		0		0		0		0		0		0		0		0		101		0		0		0		0		0		0		0		0		0		0		0		0		0		0		0		101		0		0		0		101		0		0		0		0		0		0		0		0		0		0		0		0		0		0		0		101		0		0		0		0		0		0		0		0		101		0		0		0		0		0		101		0		101		101		0		0		0		0		0		0		0		0		0		0		101		0		0		101		0		0		0		0		0		0		0		0		0		0		0		0		0		0		101		
0		0		0		0		0		0		0		101		0		0		101		0		0		0		0		0		0		101		0		101		0		0		0		0		0		0		0		0		0		0		0		0		0		0		0		0		0		0		101		0		0		0		0		0		0		0		0		0		0		0		0		0		0		0		0		0		101		0		0		101		0		0		0		0		0		0		0		0		0		0		0		101		0		0		0		0		0		0		0		0		0		0		0		0		0		0		0		101		0		0		0		0		0		0		0		0		0		101		0		0		
0		0		101		0		0		0		0		101		0		0		0		0		101		0		0		0		0		0		0		0		0		0		0		0		0		0		0		0		0		101		0		0		0		0		0		0		0		0		0		0		0		0		0		101		101		0		0		0		0		0		0		0		0		0		0		0		0		0		0		0		101		0		0		0		0		0		0		0		0		0		0		0		101		0		0		0		0		101		0		101		0		0		0		101		101		0		0		0		0		0		0		0		0		0		0		0		0		0		101		101		
0		0		101		0		0		0		0		0		0		0		0		101		0		0		0		0		101		101		0		0		0		0		0		0		0		0		0		0		0		0		0		0		101		0		0		0		0		0		0		0		0		0		101		0		0		101		0		0		0		0		101		0		0		0		0		0		0		101		0		0		0		0		0		0		0		0		0		101		0		0		0		0		0		101		0		0		0		0		0		0		0		0		101		0		0		0		0		0		0		0		0		0		0		0		0		0		0		0		101		0		
0		0		0		0		0		0		0		0		0		0		0		101		0		0		0		0		0		0		0		0		0		0		0		0		0		0		0		0		0		0		0		0		0		0		0		0		0		0		101		0		0		0		0		0		0		0		0		0		0		0		0		0		0		0		0		0		0		0		0		101		0		0		0		0		0		0		0		0		0		0		0		0		0		0		101		0		0		0		0		0		0		0		0		0		0		0		0		0		0		0		0		101		0		0		0		0		0		0		0		0		
0		101		0		0		0		0		0		0		0		0		0		0		0		0		0		0		0		101		0		0		0		0		0		0		0		0		0		0		0		0		0		0		0		0		0		0		0		0		0		101		0		0		101		0		0		0		0		0		0		0		0		0		0		0		0		0		0		0		0		0		0		0		101		0		0		0		0		0		0		0		0		0		0		0		0		101		0		0		0		0		0		0		0		0		0		0		0		101		0		0		0		0		0		0		0		0		0		0		0		0		
0		0		0		0		0		0		0		0		0		0		0		0		0		0		0		0		0		0		0		101		0		0		0		0		101		101		101		0		0		0		0		101		0		0		0		0		0		101		0		0		0		0		101		0		0		0		0		101		0		101		0		0		0		0		0		0		0		0		0		0		0		0		0		0		0		0		0		0		0		0		0		0		0		0		0		0		101		0		0		0		0		0		0		0		0		0		101		0		0		0		0		0		0		0		0		0		0		0		0		0		
0		0		0		0		0		0		0		0		0		101		0		0		0		0		0		0		0		0		0		0		0		0		0		0		0		0		101		0		0		0		0		0		0		101		0		0		0		0		0		0		0		0		0		0		101		0		0		0		0		0		0		0		0		0		0		0		0		0		0		0		0		101		0		0		0		0		0		0		0		0		0		0		101		0		0		0		0		101		101		0		0		0		0		0		0		0		0		0		0		0		0		0		0		0		0		0		0		0		0		101		
0		0		0		0		0		0		101		0		101		0		0		0		101		0		0		0		0		0		0		101		0		0		0		101		0		0		0		0		0		0		0		0		0		0		0		0		0		0		0		0		0		101		0		0		0		101		0		0		0		0		0		0		0		0		101		0		101		0		0		0		0		0		0		0		0		0		0		0		0		0		0		0		0		0		0		0		0		101		101		0		0		0		101		101		0		0		0		101		0		0		0		0		0		0		101		0		0		0		0		0		
0		0		0		0		0		0		101		101		0		0		0		0		0		0		0		0		0		0		0		0		0		0		0		0		0		0		0		0		0		0		0		0		0		101		0		0		0		0		0		0		0		0		0		0		0		0		0		0		101		0		0		0		0		0		0		0		0		0		0		0		0		101		0		0		0		0		0		0		0		0		0		0		101		0		0		0		0		0		0		101		0		0		0		0		0		0		0		0		0		0		101		0		0		0		0		0		0		0		0		0		
101		0		0		0		0		0		0		0		0		0		0		0		0		0		0		0		0		0		0		101		0		0		0		0		0		0		0		0		0		0		101		0		0		0		0		0		0		0		0		0		0		0		0		0		0		101		0		0		0		0		101		0		0		101		0		0		101		0		0		0		101		0		0		0		0		0		0		0		0		0		0		0		0		0		0		0		0		0		0		0		101		0		0		0		0		0		0		0		0		0		0		0		0		0		0		0		0		0		0		0		
0		0		0		0		0		0		0		0		0		0		0		0		101		0		0		101		0		0		0		0		0		0		0		0		0		0		0		0		0		0		0		0		0		0		0		0		0		0		0		101		0		0		0		0		0		0		0		0		0		0		0		0		0		0		0		0		0		0		0		0		101		0		0		0		0		0		0		101		0		0		101		0		0		0		0		0		0		0		0		0		0		101		0		0		0		0		0		0		0		0		0		0		0		0		0		0		0		101		0		0		
0		0		0		101		0		101		0		0		0		0		0		0		0		0		0		0		101		0		0		0		0		0		0		0		0		0		0		0		0		0		101		0		0		0		0		101		101		0		0		0		0		0		0		0		0		0		0		0		101		0		101		0		0		0		0		0		0		0		0		0		0		0		0		0		0		0		0		0		0		0		0		0		0		101		0		0		0		0		101		0		0		0		101		0		0		101		101		0		0		0		0		0		0		0		0		0		0		0		0		0		
101		0		0		0		0		0		0		101		0		0		0		0		101		0		0		0		0		101		0		0		0		0		0		0		0		0		0		0		0		0		0		0		101		0		0		0		0		0		0		0		0		0		0		101		0		0		0		0		0		101		0		0		0		0		0		0		0		0		101		0		0		0		101		101		0		0		0		0		0		0		0		0		101		0		0		0		0		0		101		0		0		0		0		101		0		0		0		0		0		0		0		0		0		0		0		0		0		0		0		0		
0		0		0		0		0		0		0		101		0		0		0		0		0		0		0		0		0		0		0		101		0		0		0		0		0		0		0		0		0		0		0		0		0		101		0		0		0		0		0		0		0		101		0		0		0		0		0		0		0		0		101		0		0		0		0		0		0		0		0		0		0		0		0		101		0		101		0		0		0		0		101		0		101		0		0		0		0		0		0		0		0		0		0		0		101		101		101		0		0		0		0		101		0		0		0		0		0		0		101		0		
0		0		101		0		0		0		0		0		0		0		0		0		0		0		0		101		0		0		0		0		0		0		0		0		0		0		0		0		0		0		101		0		0		0		0		0		0		0		0		0		0		101		0		0		101		0		0		0		0		0		0		0		0		0		0		0		0		0		0		0		0		0		0		0		0		0		0		0		0		0		0		0		0		0		0		0		0		0		0		0		0		0		101		0		101		101		0		0		0		0		0		0		0		0		0		0		0		0		0		0		
0		0		0		0		0		0		0		0		101		0		0		0		101		0		0		0		0		0		0		0		0		101		0		101		0		0		0		0		0		0		101		0		0		0		101		0		0		0		0		0		0		101		0		0		0		0		0		101		0		0		101		0		101		0		101		0		0		0		0		0		0		101		0		0		0		0		0		101		0		0		0		0		0		0		0		0		101		0		0		0		0		0		101		0		101		0		101		0		0		0		0		0		0		0		0		101		0		0		0		0		
0		101		0		101		0		0		0		0		0		0		101		0		0		0		0		0		0		0		0		0		0		0		0		0		0		0		0		0		0		0		0		0		0		0		0		0		0		101		0		0		0		0		101		0		0		0		0		0		101		0		0		0		0		0		0		0		0		0		0		0		0		0		0		0		0		0		0		0		0		0		0		101		0		0		0		101		0		0		101		0		0		0		0		0		0		0		0		101		0		0		0		0		0		0		101		0		0		0		0		101		
0		0		0		0		101		0		0		0		101		101		0		0		0		0		0		0		0		0		0		0		0		0		101		0		0		0		0		0		0		0		101		0		0		0		0		0		0		101		0		0		0		0		0		0		101		0		0		0		0		0		0		0		0		0		0		0		0		0		0		0		0		0		0		0		0		0		0		101		0		0		0		0		0		0		0		0		0		0		0		0		0		0		0		0		0		0		0		0		101		0		0		0		0		0		0		101		0		101		0		0		
0		0		101		0		0		0		0		0		0		0		0		0		0		101		0		0		0		0		0		0		0		0		0		0		0		0		0		0		101		0		0		0		0		0		0		0		0		0		0		0		0		0		0		0		0		0		0		0		0		0		0		0		0		0		0		0		0		0		0		0		0		0		0		0		0		101		0		0		0		0		0		0		0		0		0		0		0		0		0		0		0		0		0		0		0		0		0		0		0		101		0		0		0		0		0		0		0		0		0		0		
0		0		0		0		0		101		0		0		0		0		0		0		0		0		0		0		101		0		0		0		0		0		101		0		0		0		101		0		0		0		0		0		0		0		0		0		0		0		0		0		0		0		0		101		0		0		101		0		0		0		0		0		0		0		0		0		0		0		0		0		0		0		0		0		0		0		0		0		0		0		0		0		0		0		0		0		0		0		0		101		0		0		0		0		0		0		0		0		0		0		101		0		0		0		0		0		0		0		0		101		
101		0		0		0		0		0		0		0		0		0		0		0		0		0		0		0		0		0		0		0		0		0		0		0		101		0		0		0		101		0		0		0		0		0		0		0		0		0		101		0		0		101		0		101		0		101		0		0		0		0		0		0		0		0		0		0		0		0		101		0		0		101		0		101		0		0		0		0		0		0		0		0		0		0		101		0		0		0		0		0		0		0		0		0		101		0		0		0		0		0		0		101		0		0		0		0		0		101		0		0		
0		0		0		0		0		0		0		0		0		0		0		0		0		0		0		101		0		0		0		0		101		0		0		0		0		0		0		0		0		0		0		0		0		0		0		0		0		0		0		0		0		0		0		0		0		0		101		0		0		101		101		0		0		0		0		101		0		0		0		0		0		0		0		0		0		0		0		0		0		0		0		0		0		0		0		0		0		0		0		0		0		0		0		0		0		0		0		0		0		0		0		0		101		0		101		0		101		0		0		0		
0		0		101		0		0		0		0		0		0		0		0		0		0		0		0		0		0		101		101		0		0		0		0		0		101		0		0		0		0		0		101		0		0		0		0		0		0		0		0		0		0		0		0		0		0		0		0		0		0		0		0		0		0		0		0		0		101		0		0		0		0		101		0		0		0		0		0		0		0		0		0		0		0		0		0		0		0		0		0		0		0		0		0		0		0		0		0		0		0		0		0		0		0		101		0		101		0		0		0		0		
0		0		0		0		0		0		0		0		0		101		0		0		0		0		101		0		0		0		0		0		0		0		0		0		101		0		0		0		0		0		101		0		0		101		0		0		101		101		0		0		0		0		0		0		101		0		101		0		0		0		0		0		0		0		0		0		0		0		0		0		0		0		101		0		0		0		0		0		0		0		0		0		0		0		0		0		0		0		101		0		0		0		0		0		0		0		0		101		0		0		0		0		101		0		101		101		0		0		0		0		
0		0		0		0		0		0		0		0		0		0		101		0		0		0		0		0		0		0		0		101		0		0		101		0		0		0		0		0		0		0		0		0		0		0		0		0		0		101		0		0		0		0		0		101		0		0		0		0		101		0		101		0		0		0		101		0		0		0		0		0		0		0		0		0		0		0		0		0		0		101		0		0		0		0		0		0		0		0		0		0		0		0		0		0		0		0		101		0		101		0		0		0		0		101		101		101		0		0		0		0		
0		0		0		0		0		0		0		0		0		0		0		0		0		0		0		101		0		0		0		101		0		0		0		0		0		0		0		0		101		0		0		101		0		0		0		0		0		0		0		0		0		0		0		0		0		0		0		0		0		0		0		0		0		0		101		0		0		0		0		0		0		0		0		0		0		0		0		0		0		0		0		0		0		0		0		0		0		0		0		0		0		0		0		0		0		0		0		0		0		0		0		0		101		0		0		0		101		0		0		0		
0		0		0		0		0		0		0		0		0		0		0		0		0		0		0		0		0		0		0		0		0		0		0		0		101		0		0		0		0		0		0		0		0		0		0		0		0		0		0		0		0		0		0		0		0		0		0		0		0		0		0		0		0		0		0		0		0		0		0		0		0		0		0		0		0		0		0		0		0		0		0		101		0		0		0		0		0		0		0		0		0		101		0		0		0		0		0		0		101		0		0		101		0		0		0		0		0		101		101		0		
0		0		0		0		0		0		0		0		0		0		0		0		0		0		0		0		0		0		0		0		0		0		0		0		0		0		0		0		0		0		0		0		101		0		0		0		0		0		101		0		0		0		0		101		0		0		0		0		0		101		101		0		0		0		0		0		0		0		0		0		0		0		0		0		0		101		0		0		0		0		0		0		101		101		0		0		0		0		0		0		0		0		0		0		101		0		0		0		0		0		0		0		0		0		0		0		0		101		101		0		
0		0		0		101		0		0		0		0		0		0		101		0		0		0		0		0		0		0		0		0		0		0		0		0		0		0		0		0		0		0		0		101		0		0		0		0		0		0		0		0		0		0		0		0		0		0		0		0		0		0		0		0		0		0		0		101		0		101		0		0		0		101		0		0		101		0		0		0		0		101		101		0		101		0		0		0		0		101		0		0		0		0		0		0		0		0		0		101		0		0		101		0		0		0		0		0		0		0		0		101		
NDC Pairs
< 1		7 >
< 1		17 >
< 1		29 >
< 1		47 >
< 1		52 >
< 1		54 >
< 1		81 >
< 1		84 >
< 1		92 >
< 2		14 >
< 2		15 >
< 2		35 >
< 2		46 >
< 2		50 >
< 2		51 >
< 2		55 >
< 2		76 >
< 2		88 >
< 3		14 >
< 3		27 >
< 3		38 >
< 3		43 >
< 3		44 >
< 3		47 >
< 3		73 >
< 3		74 >
< 3		86 >
< 3		90 >
< 3		94 >
< 4		6 >
< 4		12 >
< 4		17 >
< 4		41 >
< 4		45 >
< 4		47 >
< 4		51 >
< 4		58 >
< 4		64 >
< 4		66 >
< 4		71 >
< 4		83 >
< 4		88 >
< 4		100 >
< 5		46 >
< 5		50 >
< 5		55 >
< 5		61 >
< 5		89 >
< 6		7 >
< 6		8 >
< 6		12 >
< 6		26 >
< 6		52 >
< 6		67 >
< 6		69 >
< 6		83 >
< 6		91 >
< 7		15 >
< 7		49 >
< 7		52 >
< 7		79 >
< 7		80 >
< 8		11 >
< 8		25 >
< 8		29 >
< 8		46 >
< 8		53 >
< 8		55 >
< 8		64 >
< 8		65 >
< 8		72 >
< 8		73 >
< 8		80 >
< 8		84 >
< 8		85 >
< 9		20 >
< 9		38 >
< 9		40 >
< 9		46 >
< 9		48 >
< 9		49 >
< 9		50 >
< 9		56 >
< 9		57 >
< 9		66 >
< 9		70 >
< 9		79 >
< 9		87 >
< 9		89 >
< 10		41 >
< 10		49 >
< 10		69 >
< 10		78 >
< 10		89 >
< 10		95 >
< 11		47 >
< 11		61 >
< 11		64 >
< 11		66 >
< 11		72 >
< 11		88 >
< 11		96 >
< 11		100 >
< 12		21 >
< 12		23 >
< 12		30 >
< 12		44 >
< 12		49 >
< 12		64 >
< 12		74 >
< 12		75 >
< 13		18 >
< 13		39 >
< 13		62 >
< 13		70 >
< 13		73 >
< 13		79 >
< 13		82 >
< 13		84 >
< 13		87 >
< 14		23 >
< 14		46 >
< 14		58 >
< 14		68 >
< 14		70 >
< 14		90 >
< 15		22 >
< 15		30 >
< 15		40 >
< 15		43 >
< 15		47 >
< 15		95 >
< 16		22 >
< 16		24 >
< 16		31 >
< 16		41 >
< 16		45 >
< 16		58 >
< 16		69 >
< 16		82 >
< 16		86 >
< 16		93 >
< 16		97 >
< 17		24 >
< 17		55 >
< 17		71 >
< 17		74 >
< 17		83 >
< 17		91 >
< 18		23 >
< 18		25 >
< 18		31 >
< 18		51 >
< 18		72 >
< 18		74 >
< 18		76 >
< 18		84 >
< 18		94 >
< 19		20 >
< 19		22 >
< 19		34 >
< 19		41 >
< 19		43 >
< 19		45 >
< 19		46 >
< 19		47 >
< 19		48 >
< 19		51 >
< 19		94 >
< 20		31 >
< 20		36 >
< 20		57 >
< 20		72 >
< 20		77 >
< 20		79 >
< 20		81 >
< 20		85 >
< 20		96 >
< 20		97 >
< 21		31 >
< 21		40 >
< 21		44 >
< 21		51 >
< 21		55 >
< 21		93 >
< 22		30 >
< 22		38 >
< 22		39 >
< 22		41 >
< 22		50 >
< 22		53 >
< 22		63 >
< 22		65 >
< 22		87 >
< 23		25 >
< 23		26 >
< 23		37 >
< 23		38 >
< 23		59 >
< 23		64 >
< 23		65 >
< 23		69 >
< 23		89 >
< 23		91 >
< 23		96 >
< 24		43 >
< 24		45 >
< 24		61 >
< 24		68 >
< 24		70 >
< 24		79 >
< 24		87 >
< 25		28 >
< 25		30 >
< 25		32 >
< 25		40 >
< 25		41 >
< 25		59 >
< 25		77 >
< 25		92 >
< 25		94 >
< 25		95 >
< 25		98 >
< 26		47 >
< 26		55 >
< 26		58 >
< 26		77 >
< 27		36 >
< 27		59 >
< 27		77 >
< 27		78 >
< 27		91 >
< 28		31 >
< 28		36 >
< 28		56 >
< 28		58 >
< 28		60 >
< 28		70 >
< 29		52 >
< 29		53 >
< 29		90 >
< 29		92 >
< 29		97 >
< 30		34 >
< 30		54 >
< 30		60 >
< 30		63 >
< 30		73 >
< 31		34 >
< 31		43 >
< 31		62 >
< 31		81 >
< 31		83 >
< 31		86 >
< 31		87 >
< 31		89 >
< 31		94 >
< 31		95 >
< 32		37 >
< 32		45 >
< 32		50 >
< 32		56 >
< 32		67 >
< 32		77 >
< 32		97 >
< 32		100 >
< 33		40 >
< 33		71 >
< 33		74 >
< 33		84 >
< 33		99 >
< 34		36 >
< 34		78 >
< 34		80 >
< 34		85 >
< 34		95 >
< 35		38 >
< 35		46 >
< 35		52 >
< 35		64 >
< 35		67 >
< 35		87 >
< 36		45 >
< 36		83 >
< 37		40 >
< 37		43 >
< 37		50 >
< 37		68 >
< 37		71 >
< 37		83 >
< 37		95 >
< 38		48 >
< 38		52 >
< 38		56 >
< 38		70 >
< 38		77 >
< 38		88 >
< 38		89 >
< 38		95 >
< 38		96 >
< 39		40 >
< 39		44 >
< 39		49 >
< 39		62 >
< 39		63 >
< 39		72 >
< 39		75 >
< 39		92 >
< 39		99 >
< 40		51 >
< 40		55 >
< 40		76 >
< 40		82 >
< 41		52 >
< 41		53 >
< 41		55 >
< 41		57 >
< 41		62 >
< 41		66 >
< 42		65 >
< 42		79 >
< 42		85 >
< 42		86 >
< 42		87 >
< 42		92 >
< 43		53 >
< 43		74 >
< 43		76 >
< 43		77 >
< 43		88 >
< 44		55 >
< 44		64 >
< 44		73 >
< 44		84 >
< 44		91 >
< 44		92 >
< 44		96 >
< 44		99 >
< 45		54 >
< 45		56 >
< 45		59 >
< 45		60 >
< 45		61 >
< 45		63 >
< 45		65 >
< 45		73 >
< 45		78 >
< 45		86 >
< 45		89 >
< 45		95 >
< 46		52 >
< 46		64 >
< 46		68 >
< 46		74 >
< 46		79 >
< 46		81 >
< 46		92 >
< 47		55 >
< 47		70 >
< 47		91 >
< 47		93 >
< 47		95 >
< 48		66 >
< 48		77 >
< 48		87 >
< 49		53 >
< 49		65 >
< 49		80 >
< 49		83 >
< 49		88 >
< 49		96 >
< 50		56 >
< 50		60 >
< 50		77 >
< 50		84 >
< 50		93 >
< 50		99 >
< 51		61 >
< 51		63 >
< 51		74 >
< 51		81 >
< 51		83 >
< 51		85 >
< 51		87 >
< 51		93 >
< 51		96 >
< 51		99 >
< 53		71 >
< 53		87 >
< 54		55 >
< 54		81 >
< 55		69 >
< 55		79 >
< 55		87 >
< 55		96 >
< 55		97 >
< 56		93 >
< 56		100 >
< 57		59 >
< 57		70 >
< 57		72 >
< 57		79 >
< 57		81 >
< 57		94 >
< 58		74 >
< 58		100 >
< 59		84 >
< 59		92 >
< 60		65 >
< 60		72 >
< 60		75 >
< 61		68 >
< 61		70 >
< 61		73 >
< 61		81 >
< 61		82 >
< 62		71 >
< 62		78 >
< 62		80 >
< 62		87 >
< 62		92 >
< 62		94 >
< 62		100 >
< 63		64 >
< 63		68 >
< 63		76 >
< 63		84 >
< 63		95 >
< 64		84 >
< 64		85 >
< 64		92 >
< 65		67 >
< 65		100 >
< 66		85 >
< 66		90 >
< 66		99 >
< 68		71 >
< 68		74 >
< 68		82 >
< 68		87 >
< 68		89 >
< 70		71 >
< 70		96 >
< 70		100 >
< 71		82 >
< 71		85 >
< 71		100 >
< 72		88 >
< 72		98 >
< 73		78 >
< 73		80 >
< 73		84 >
< 73		85 >
< 73		99 >
< 73		100 >
< 74		83 >
< 74		99 >
< 75		92 >
< 76		88 >
< 77		87 >
< 78		79 >
< 78		100 >
< 79		83 >
< 79		84 >
< 79		88 >
< 79		95 >
< 80		91 >
< 82		98 >
< 83		86 >
< 83		87 >
< 85		86 >
< 85		87 >
< 85		92 >
< 85		99 >
< 87		96 >
< 88		95 >
< 88		100 >
< 89		96 >
< 89		98 >
< 91		100 >
< 92		98 >
< 93		95 >
< 93		97 >
< 94		96 >
< 95		96 >
< 98		99 >
