nNodes= 60
nPairs= 172  
Weight
3
3
3
3
4
2
3
4
4
4
3
2
3
4
3
3
2
4
3
2
4
2
3
3
4
3
3
2
2
2
2
4
4
3
2
4
2
3
2
4
2
3
2
3
2
3
2
3
3
4
2
2
2
3
3
3
4
3
2
4
Cost
61		0		61		0		0		0		61		0		61		0		0		0		0		0		0		0		0		0		0		0		0		0		61		0		0		0		0		0		0		0		0		0		0		61		0		0		61		0		0		0		0		0		0		0		0		0		0		0		0		0		0		0		0		0		0		0		0		0		0		0		
0		61		0		0		61		0		0		0		61		0		61		0		0		0		0		0		0		0		0		0		0		0		0		0		0		0		0		0		0		61		0		0		0		0		0		0		0		0		0		0		0		0		0		0		0		0		0		0		0		0		0		0		0		0		0		0		0		0		0		0		
61		0		61		0		0		0		0		0		61		0		0		0		0		0		0		0		0		0		0		0		0		0		0		0		0		0		61		0		0		0		0		0		0		61		61		0		0		0		61		0		0		0		0		0		0		0		0		0		0		0		0		0		0		0		0		0		0		0		0		0		
0		0		0		61		61		0		0		0		0		0		0		0		0		0		61		0		0		0		0		0		0		0		0		0		0		0		61		0		0		0		0		0		0		0		0		0		0		0		0		0		0		0		0		0		0		0		0		0		0		0		0		0		61		0		0		0		0		0		0		0		
0		61		0		61		61		0		0		0		0		0		0		0		0		0		0		0		0		0		0		0		0		0		0		0		0		61		61		0		0		0		0		0		0		0		61		0		0		0		0		0		0		0		0		0		0		0		0		0		0		0		0		0		61		0		0		0		0		0		0		0		
0		0		0		0		0		61		0		0		0		61		0		0		0		0		0		0		0		0		0		0		0		61		0		0		0		0		0		0		61		0		61		0		61		61		0		0		0		0		0		0		0		0		0		0		0		0		0		0		0		0		0		0		0		0		0		0		61		0		0		0		
61		0		0		0		0		0		61		0		0		0		0		0		0		61		0		0		0		0		0		0		0		0		0		0		0		0		0		0		61		0		61		0		0		0		0		0		0		0		0		0		0		0		0		0		0		0		0		0		0		0		0		0		0		0		0		0		0		0		0		0		
0		0		0		0		0		0		0		61		61		61		0		0		0		0		0		0		0		0		0		0		61		0		61		0		0		0		0		0		0		0		0		0		0		0		0		0		0		0		0		0		0		0		0		0		0		0		0		61		0		0		0		0		0		0		0		0		0		0		0		0		
61		61		61		0		0		0		0		61		61		0		61		0		0		0		0		0		0		0		0		0		0		0		61		0		0		0		0		0		0		0		0		0		0		0		0		0		0		0		0		0		0		0		0		0		0		0		0		0		0		0		0		0		0		0		61		0		0		0		0		61		
0		0		0		0		0		61		0		61		0		61		0		0		0		0		0		0		0		0		0		0		0		0		0		0		0		0		0		0		0		0		0		0		0		0		0		0		0		0		0		0		61		0		0		0		0		0		0		61		0		61		0		0		0		0		0		0		0		0		0		0		
0		61		0		0		0		0		0		0		61		0		61		0		0		0		61		0		0		0		0		0		0		0		61		0		0		0		0		0		0		61		0		61		0		61		0		61		0		61		0		0		0		0		61		0		0		0		0		0		0		0		61		0		0		0		0		0		0		0		0		0		
0		0		0		0		0		0		0		0		0		0		0		61		0		0		0		61		0		0		0		0		0		0		0		0		0		0		0		0		0		0		61		0		0		0		0		0		0		0		0		0		0		61		61		0		0		0		0		61		0		0		0		0		0		0		0		0		61		0		0		0		
0		0		0		0		0		0		0		0		0		0		0		0		61		0		0		0		0		0		0		0		0		0		0		0		0		0		0		0		0		0		0		61		61		0		0		0		0		0		0		0		0		0		0		0		0		0		0		0		0		0		0		0		0		0		0		0		0		0		0		0		
0		0		0		0		0		0		61		0		0		0		0		0		0		61		0		0		0		61		0		0		61		61		0		0		0		0		0		0		0		0		0		0		0		61		0		61		0		0		0		0		0		0		0		61		0		0		0		0		0		0		61		0		0		0		0		0		0		0		0		0		
0		0		0		61		0		0		0		0		0		0		61		0		0		0		61		0		0		0		0		61		0		0		0		0		0		0		0		0		0		61		0		0		0		0		0		0		0		0		0		0		0		0		0		0		0		0		0		0		0		0		0		0		0		0		61		0		0		0		0		61		
0		0		0		0		0		0		0		0		0		0		0		61		0		0		0		61		61		0		0		0		0		0		0		0		0		0		0		0		0		0		0		0		0		61		0		0		0		0		61		0		0		0		0		0		0		0		0		0		0		0		0		0		0		61		0		0		0		0		61		0		
0		0		0		0		0		0		0		0		0		0		0		0		0		0		0		61		61		0		0		0		0		0		0		0		0		61		61		0		0		0		0		0		0		0		0		61		0		0		0		0		0		0		0		0		0		0		0		0		0		0		0		61		61		0		0		61		0		61		0		0		
0		0		0		0		0		0		0		0		0		0		0		0		0		61		0		0		0		61		0		0		0		0		61		0		0		0		0		0		0		61		0		0		0		0		0		0		0		0		0		0		0		0		0		0		0		0		0		0		0		0		0		0		0		0		0		0		61		0		0		0		
0		0		0		0		0		0		0		0		0		0		0		0		0		0		0		0		0		0		61		61		0		0		61		61		0		0		0		0		0		0		0		0		0		0		0		0		0		0		0		0		0		0		0		0		61		0		0		0		0		0		0		0		0		0		0		0		0		0		0		61		
0		0		0		0		0		0		0		0		0		0		0		0		0		0		61		0		0		0		61		61		0		0		0		0		0		0		0		0		0		0		0		0		0		0		0		0		0		0		61		0		61		0		0		0		0		0		61		0		61		0		0		0		61		0		0		0		0		0		0		61		
0		0		0		0		0		0		0		61		0		0		0		0		0		61		0		0		0		0		0		0		61		0		61		0		0		0		0		0		61		0		0		0		0		0		0		0		0		0		0		0		61		0		0		0		61		0		0		61		0		0		0		0		0		0		0		0		0		0		0		0		
0		0		0		0		0		61		0		0		0		0		0		0		0		61		0		0		0		0		0		0		0		61		0		0		0		0		0		0		0		0		0		0		0		0		0		0		0		0		0		0		0		0		0		0		0		0		61		0		0		0		0		0		0		0		61		0		0		61		61		0		
61		0		0		0		0		0		0		61		61		0		61		0		0		0		0		0		0		61		61		0		61		0		61		61		0		0		0		0		0		0		0		0		0		0		0		0		0		0		0		0		0		0		0		0		0		0		0		0		0		61		0		61		0		0		0		0		0		0		0		0		
0		0		0		0		0		0		0		0		0		0		0		0		0		0		0		0		0		0		61		0		0		0		61		61		0		0		0		0		0		0		0		0		0		0		0		0		0		0		0		0		0		61		0		0		0		0		0		61		0		0		0		61		0		0		0		0		0		0		0		0		
0		0		0		0		0		0		0		0		0		0		0		0		0		0		0		0		0		0		0		0		0		0		0		0		61		0		61		0		0		0		0		0		0		0		0		0		0		0		0		0		0		0		0		0		0		0		0		0		0		0		0		0		0		0		0		0		0		0		0		0		
0		0		0		0		61		0		0		0		0		0		0		0		0		0		0		0		61		0		0		0		0		0		0		0		0		61		0		0		0		0		0		0		0		0		0		0		0		61		61		0		0		0		0		0		0		0		0		0		0		0		0		0		0		0		0		0		0		0		0		0		
0		0		61		61		61		0		0		0		0		0		0		0		0		0		0		0		61		0		0		0		0		0		0		0		61		0		61		0		0		0		0		61		61		0		0		0		0		61		0		0		0		0		0		0		0		0		61		0		0		0		61		0		0		0		0		0		0		61		0		0		
0		0		0		0		0		0		0		0		0		0		0		0		0		0		0		0		0		0		0		0		0		0		0		0		0		0		0		61		0		0		0		61		0		0		0		0		0		0		0		0		0		0		0		0		0		0		0		0		0		0		0		0		0		0		0		0		0		61		0		61		
0		0		0		0		0		61		61		0		0		0		0		0		0		0		0		0		0		0		0		0		61		0		0		0		0		0		0		0		61		0		0		61		0		0		0		0		0		0		0		0		0		0		0		0		0		0		0		0		0		0		0		0		0		0		0		0		61		61		0		0		
0		61		0		0		0		0		0		0		0		0		61		0		0		0		61		0		0		61		0		0		0		0		0		0		0		0		0		0		0		61		0		0		0		0		0		0		0		0		0		0		0		0		0		0		0		0		0		0		0		0		0		61		0		0		0		0		61		0		0		0		
0		0		0		0		0		61		61		0		0		0		0		61		0		0		0		0		0		0		0		0		0		0		0		0		0		0		0		0		0		0		61		0		0		0		0		0		0		0		0		0		0		0		0		0		0		0		61		0		0		0		0		0		0		0		0		0		0		0		0		0		
0		0		0		0		0		0		0		0		0		0		61		0		61		0		0		0		0		0		0		0		0		0		0		0		0		0		61		61		61		0		0		61		0		0		0		61		0		0		0		0		0		0		0		0		0		61		0		61		0		0		0		0		0		0		0		0		0		0		0		0		
0		0		0		0		0		61		0		0		0		0		0		0		61		0		0		0		0		0		0		0		0		0		0		0		0		0		61		0		0		0		0		0		61		0		0		61		0		0		0		0		0		0		0		61		0		0		0		61		0		0		0		61		0		61		0		0		0		0		0		0		
61		0		61		0		0		61		0		0		0		0		61		0		0		61		0		61		0		0		0		0		0		0		0		0		0		0		0		0		0		0		0		0		0		61		0		0		0		0		0		0		0		0		0		0		0		61		0		0		0		61		0		0		0		0		61		0		61		0		0		0		
0		0		61		0		61		0		0		0		0		0		0		0		0		0		0		0		0		0		0		0		0		0		0		0		0		0		0		0		0		0		0		0		0		0		61		0		0		0		0		0		0		0		0		0		0		0		0		0		0		0		0		0		0		0		61		0		0		61		0		61		
0		0		0		0		0		0		0		0		0		0		61		0		0		61		0		0		61		0		0		0		0		0		0		0		0		0		0		0		0		0		0		61		61		0		0		61		0		0		0		0		0		0		0		0		0		0		0		61		0		0		0		0		0		0		0		0		0		0		0		0		
61		0		0		0		0		0		0		0		0		0		0		0		0		0		0		0		0		0		0		0		0		0		0		0		0		0		0		0		0		0		0		0		0		0		0		0		61		0		0		0		0		0		0		0		61		0		0		0		0		0		0		0		0		0		0		0		0		61		0		0		
0		0		0		0		0		0		0		0		0		0		61		0		0		0		0		0		0		0		0		0		0		0		0		0		0		61		61		0		0		0		0		0		0		0		0		0		0		61		0		0		0		0		0		0		0		0		0		0		0		0		0		61		0		0		0		61		0		0		0		0		
0		0		61		0		0		0		0		0		0		0		0		0		0		0		0		61		0		0		0		61		0		0		0		0		0		61		0		0		0		0		0		0		0		0		0		0		0		0		61		61		0		0		0		0		0		61		0		0		0		0		0		0		61		0		0		0		0		0		0		0		
0		0		0		0		0		0		0		0		0		0		0		0		0		0		0		0		0		0		0		0		0		0		0		0		0		0		0		0		0		0		0		0		0		0		0		0		0		0		61		61		0		0		0		0		0		0		0		0		0		0		0		0		0		0		0		0		0		0		0		0		
0		0		0		0		0		0		0		0		0		61		0		0		0		0		0		0		0		0		0		61		61		0		0		0		0		0		0		0		0		0		0		0		0		0		0		0		0		0		0		0		61		0		0		0		0		0		0		0		0		0		0		0		0		0		0		0		0		0		0		61		
0		0		0		0		0		0		0		0		0		0		0		61		0		0		0		0		0		0		0		0		0		0		0		61		0		0		0		0		0		0		0		0		0		0		0		0		0		0		0		0		0		61		0		0		0		0		0		0		0		0		0		0		0		61		0		61		0		0		0		0		
0		0		0		0		0		0		0		0		0		0		61		61		0		0		0		0		0		0		0		0		0		0		0		0		0		0		0		0		0		0		0		0		0		0		0		0		0		0		0		0		0		0		61		61		0		0		0		0		0		0		0		0		0		0		0		0		0		61		0		0		
0		0		0		0		0		0		0		0		0		0		0		0		0		61		0		0		0		0		0		0		0		0		0		0		0		0		0		0		0		0		0		0		61		0		0		0		0		0		0		0		0		0		61		61		61		0		0		0		0		0		0		0		0		0		0		0		0		0		0		0		
0		0		0		0		0		0		0		0		0		0		0		0		0		0		0		0		0		0		61		0		61		0		0		0		0		0		0		0		0		0		0		0		0		0		0		0		61		0		0		0		0		0		0		61		61		0		0		0		0		0		0		0		61		0		0		0		0		0		0		0		
0		0		0		0		0		0		0		0		0		0		0		0		0		0		0		0		0		0		0		0		0		0		0		0		0		0		0		0		0		0		0		61		0		61		0		0		0		0		61		0		0		0		0		0		0		61		0		61		0		0		0		0		61		0		0		0		0		0		0		0		
0		0		0		0		0		0		0		0		0		0		0		0		0		0		0		0		0		0		0		61		0		61		0		0		0		0		61		0		0		0		61		0		0		0		0		0		0		0		0		0		0		0		0		0		0		0		61		0		0		0		0		0		0		0		61		0		0		0		0		0		
0		0		0		0		0		0		0		61		0		61		0		61		0		0		0		0		0		0		0		0		61		0		0		61		0		0		0		0		0		0		0		61		61		0		0		61		0		0		0		0		0		0		0		0		0		61		0		61		0		0		0		0		0		0		0		0		0		0		0		0		
0		0		0		0		0		0		0		0		0		0		0		0		0		0		0		0		0		0		0		61		0		0		0		0		0		0		0		0		0		0		0		0		0		0		0		0		0		0		0		0		0		0		0		0		0		0		0		0		61		0		0		0		0		0		0		0		0		0		0		0		
0		0		0		0		0		0		0		0		0		61		0		0		0		0		0		0		0		0		0		0		0		0		61		0		0		0		0		0		0		0		0		0		0		61		0		0		0		0		0		0		0		0		0		0		0		0		0		0		0		61		0		0		0		0		61		61		0		0		0		0		
0		0		0		0		0		0		0		0		0		0		61		0		0		61		0		0		0		0		0		0		0		0		0		0		0		0		61		0		0		0		0		0		0		0		0		0		0		0		0		0		0		0		0		0		0		0		0		0		0		0		61		0		0		0		0		0		0		0		0		0		
0		0		0		0		0		0		0		0		0		0		0		0		0		0		0		0		61		0		0		0		0		0		61		61		0		0		0		0		0		61		0		0		61		0		0		0		0		61		0		0		0		0		0		0		0		0		0		0		0		0		0		61		0		0		61		0		0		0		0		0		
0		0		0		61		61		0		0		0		0		0		0		0		0		0		0		0		61		0		0		61		0		0		0		0		0		0		0		0		0		0		0		0		0		0		0		0		0		0		61		0		0		0		0		0		61		61		0		0		0		0		0		0		61		0		61		0		0		0		0		0		
0		0		0		0		0		0		0		0		0		0		0		0		0		0		0		61		0		0		0		0		0		0		0		0		0		0		0		0		0		0		0		0		61		0		0		0		0		0		0		0		0		61		0		0		0		0		0		0		0		0		0		0		0		61		0		61		0		0		0		61		
0		0		0		0		0		0		0		0		61		0		0		0		0		0		61		0		0		0		0		0		0		61		0		0		0		0		0		0		0		0		0		0		0		61		61		0		0		0		0		0		0		0		0		0		0		0		61		0		0		61		0		61		61		0		61		0		0		0		0		0		
0		0		0		0		0		0		0		0		0		0		0		0		0		0		0		0		61		0		0		0		0		0		0		0		0		0		0		0		0		0		0		0		0		0		0		0		0		61		0		0		0		61		0		0		0		0		0		0		0		61		0		0		0		61		0		61		61		0		0		0		
0		0		0		0		0		61		0		0		0		0		0		61		0		0		0		0		0		61		0		0		0		0		0		0		0		0		0		0		61		61		0		0		0		61		0		0		0		0		0		0		0		0		0		0		0		0		0		0		0		0		0		0		0		0		0		61		61		0		0		0		
0		0		0		0		0		0		0		0		0		0		0		0		0		0		0		0		61		0		0		0		0		61		0		0		0		0		61		61		61		0		0		0		0		0		61		0		61		0		0		0		0		0		61		0		0		0		0		0		0		0		0		0		0		0		0		0		0		61		0		0		
0		0		0		0		0		0		0		0		0		0		0		0		0		0		0		61		0		0		0		0		0		61		0		0		0		0		0		0		0		0		0		0		0		0		0		0		0		0		0		0		0		0		0		0		0		0		0		0		0		0		0		0		0		0		0		0		0		0		61		0		
0		0		0		0		0		0		0		0		61		0		0		0		0		0		61		0		0		0		61		61		0		0		0		0		0		0		0		61		0		0		0		0		0		0		61		0		0		0		0		0		61		0		0		0		0		0		0		0		0		0		0		0		0		61		0		0		0		0		0		61		
NDC Pairs
< 1		3 >
< 1		7 >
< 1		9 >
< 1		23 >
< 1		34 >
< 1		37 >
< 2		5 >
< 2		9 >
< 2		11 >
< 2		30 >
< 3		9 >
< 3		27 >
< 3		34 >
< 3		35 >
< 3		39 >
< 4		5 >
< 4		15 >
< 4		27 >
< 4		53 >
< 5		26 >
< 5		27 >
< 5		35 >
< 5		53 >
< 6		10 >
< 6		22 >
< 6		29 >
< 6		31 >
< 6		33 >
< 6		34 >
< 6		57 >
< 7		14 >
< 7		29 >
< 7		31 >
< 8		9 >
< 8		10 >
< 8		21 >
< 8		23 >
< 8		48 >
< 9		11 >
< 9		23 >
< 9		55 >
< 9		60 >
< 10		41 >
< 10		48 >
< 10		50 >
< 11		15 >
< 11		23 >
< 11		30 >
< 11		32 >
< 11		34 >
< 11		36 >
< 11		38 >
< 11		43 >
< 11		51 >
< 12		16 >
< 12		31 >
< 12		42 >
< 12		43 >
< 12		48 >
< 12		57 >
< 13		32 >
< 13		33 >
< 14		18 >
< 14		21 >
< 14		22 >
< 14		34 >
< 14		36 >
< 14		44 >
< 14		51 >
< 15		20 >
< 15		30 >
< 15		55 >
< 15		60 >
< 16		17 >
< 16		34 >
< 16		39 >
< 16		54 >
< 16		59 >
< 17		26 >
< 17		27 >
< 17		36 >
< 17		52 >
< 17		53 >
< 17		56 >
< 17		58 >
< 18		23 >
< 18		30 >
< 18		57 >
< 19		20 >
< 19		23 >
< 19		24 >
< 19		45 >
< 19		60 >
< 20		39 >
< 20		41 >
< 20		47 >
< 20		49 >
< 20		53 >
< 20		60 >
< 21		23 >
< 21		29 >
< 21		41 >
< 21		45 >
< 21		48 >
< 22		47 >
< 22		55 >
< 22		58 >
< 22		59 >
< 23		24 >
< 23		50 >
< 23		52 >
< 24		42 >
< 24		48 >
< 24		52 >
< 25		27 >
< 26		38 >
< 26		39 >
< 27		32 >
< 27		33 >
< 27		38 >
< 27		47 >
< 27		51 >
< 27		58 >
< 28		32 >
< 28		58 >
< 28		60 >
< 29		32 >
< 29		57 >
< 29		58 >
< 30		52 >
< 30		57 >
< 31		47 >
< 32		36 >
< 32		46 >
< 32		48 >
< 33		36 >
< 33		44 >
< 33		48 >
< 33		52 >
< 33		54 >
< 34		46 >
< 34		50 >
< 34		55 >
< 34		57 >
< 35		55 >
< 35		58 >
< 35		60 >
< 36		48 >
< 37		45 >
< 37		58 >
< 38		52 >
< 38		56 >
< 39		40 >
< 39		46 >
< 39		53 >
< 41		60 >
< 42		54 >
< 42		56 >
< 43		44 >
< 43		58 >
< 44		45 >
< 45		53 >
< 46		48 >
< 46		53 >
< 47		55 >
< 50		55 >
< 50		56 >
< 52		55 >
< 53		55 >
< 54		56 >
< 54		60 >
< 56		57 >
