nNodes= 40
nPairs= 371  
Weight
2
2
4
4
2
2
4
3
4
4
4
4
4
3
3
4
3
3
2
4
3
4
2
4
3
4
2
4
2
2
4
3
4
4
4
4
3
2
4
2
Cost
41		41		41		41		41		0		0		41		0		0		41		0		0		41		41		0		41		0		41		0		41		41		41		0		41		0		0		0		41		0		41		0		41		0		0		41		41		41		41		0		
41		41		41		0		0		0		0		41		0		41		0		0		41		41		0		0		0		0		41		0		41		0		41		41		41		0		0		41		0		41		0		41		41		0		41		41		0		0		0		0		
41		41		41		41		0		41		41		0		41		41		0		0		0		0		0		41		0		41		41		0		41		41		0		41		0		41		0		41		41		41		41		0		0		41		41		41		41		0		0		0		
41		0		41		41		41		0		41		0		41		41		0		0		41		0		41		0		0		41		41		41		41		41		41		0		0		41		41		0		41		41		41		41		41		41		0		41		41		41		0		0		
41		0		0		41		41		0		0		0		0		41		0		41		0		0		41		0		41		0		41		0		0		41		0		41		41		0		41		41		0		0		0		41		41		0		0		0		41		41		41		0		
0		0		41		0		0		41		41		41		41		41		41		41		41		0		41		0		41		0		0		0		0		0		41		41		0		41		0		0		41		0		41		41		0		0		41		0		0		0		0		0		
0		0		41		41		0		41		41		41		0		0		41		0		0		0		0		0		0		0		41		0		0		41		41		41		41		41		0		41		41		41		0		0		41		41		0		41		0		0		41		0		
41		41		0		0		0		41		41		41		0		0		0		0		41		0		0		41		0		41		41		0		0		41		0		0		41		0		0		41		41		41		0		41		0		41		0		41		41		41		0		41		
0		0		41		41		0		41		0		0		41		0		0		41		0		41		0		0		0		41		0		0		41		0		0		41		0		41		0		41		41		41		0		0		0		41		0		0		0		41		41		0		
0		41		41		41		41		41		0		0		0		41		0		41		0		0		0		41		41		0		0		0		41		0		0		0		41		0		41		41		0		41		0		41		0		0		0		0		41		41		41		41		
41		0		0		0		0		41		41		0		0		0		41		0		0		41		41		41		0		0		0		0		0		41		41		41		41		41		0		41		0		41		41		41		41		41		41		0		41		0		0		0		
0		0		0		0		41		41		0		0		41		41		0		41		41		41		0		41		0		0		41		0		0		0		41		41		41		0		41		41		0		0		41		0		41		0		0		41		0		41		41		0		
0		41		0		41		0		41		0		41		0		0		0		41		41		41		41		0		41		41		0		0		41		0		41		0		41		0		0		0		41		41		41		41		0		0		41		41		41		0		0		41		
41		41		0		0		0		0		0		0		41		0		41		41		41		41		41		0		0		0		0		0		41		0		41		0		0		0		0		0		41		41		41		0		0		0		0		41		41		0		0		0		
41		0		0		41		41		41		0		0		0		0		41		0		41		41		41		0		0		0		41		41		0		0		0		0		0		0		0		0		41		0		41		0		0		41		41		0		0		41		41		41		
0		0		41		0		0		0		0		41		0		41		41		41		0		0		0		41		41		41		0		41		0		0		41		0		0		0		41		41		0		0		0		0		41		41		0		0		0		0		41		41		
41		0		0		0		41		41		0		0		0		41		0		0		41		0		0		41		41		0		0		41		41		0		0		0		0		0		0		0		0		0		0		0		41		0		0		41		41		41		41		41		
0		0		41		41		0		0		0		41		41		0		0		0		41		0		0		41		0		41		41		41		0		0		0		0		0		41		41		0		41		41		0		0		41		41		41		0		41		0		41		0		
41		41		41		41		41		0		41		41		0		0		0		41		0		0		41		0		0		41		41		0		41		41		0		41		41		0		41		41		0		0		41		0		0		41		0		41		0		0		0		0		
0		0		0		41		0		0		0		0		0		0		0		0		0		0		41		41		41		41		0		41		41		0		0		41		0		41		0		41		0		41		41		41		0		0		0		41		41		41		41		41		
41		41		41		41		0		0		0		0		41		41		0		0		41		41		0		0		41		0		41		41		41		0		0		41		41		41		0		41		0		41		41		41		41		0		0		41		41		0		0		0		
41		0		41		41		41		0		41		41		0		0		41		0		0		0		0		0		0		0		41		0		0		41		41		41		41		41		0		41		0		41		0		0		41		0		41		41		41		41		0		0		
41		41		0		41		0		41		41		0		0		0		41		41		41		41		0		41		0		0		0		0		0		41		41		41		41		41		0		0		0		0		0		0		41		0		0		0		41		41		41		0		
0		41		41		0		41		41		41		0		41		0		41		41		0		0		0		0		0		0		41		41		41		41		41		41		0		0		41		0		41		41		41		0		0		41		0		41		41		41		41		41		
41		41		0		0		41		0		41		41		0		41		41		41		41		0		0		0		0		0		41		0		41		41		41		0		41		41		41		0		41		0		41		0		41		0		0		41		0		0		0		41		
0		0		41		41		0		41		41		0		41		0		41		0		0		0		0		0		0		41		0		41		41		41		41		0		41		41		0		41		0		0		0		41		41		41		0		41		41		41		41		41		
0		0		0		41		41		0		0		0		0		41		0		41		0		0		0		41		0		41		41		0		0		0		0		41		41		0		41		0		41		0		0		0		0		0		41		41		0		0		0		0		
0		41		41		0		41		0		41		41		41		41		41		41		0		0		0		41		0		0		41		41		41		41		0		0		0		41		0		41		41		41		0		41		0		0		0		41		0		41		0		0		
41		0		41		41		0		41		41		41		41		0		0		0		41		41		41		0		0		41		0		0		0		0		0		41		41		0		41		41		41		41		41		0		0		0		41		0		0		41		41		0		
0		41		41		41		0		0		41		41		41		41		41		0		41		41		0		0		0		41		0		41		41		41		0		41		0		0		0		41		41		41		0		0		0		41		0		0		0		0		0		41		
41		0		41		41		0		41		0		0		0		0		41		41		41		41		41		0		0		0		41		41		41		0		0		41		41		0		0		0		41		0		41		41		41		0		41		41		41		0		0		0		
0		41		0		41		41		41		0		41		0		41		41		0		41		0		0		0		0		0		0		41		41		0		0		0		0		41		0		41		0		0		41		41		41		41		41		0		0		41		41		0		
41		41		0		41		41		0		41		0		0		0		41		41		0		0		0		41		41		41		0		0		41		41		41		0		41		41		0		0		0		0		41		41		41		41		41		0		0		41		41		0		
0		0		41		41		0		0		41		41		41		0		41		0		0		0		41		41		0		41		41		0		0		0		0		41		0		41		0		0		0		41		0		41		41		41		41		41		0		0		41		0		
0		41		41		0		0		41		0		0		0		0		41		0		41		0		41		0		0		41		0		0		0		41		0		0		0		0		41		0		41		0		41		41		41		41		41		41		41		41		41		41		
41		41		41		41		0		0		41		41		0		0		0		41		41		41		0		0		41		0		41		41		41		41		0		41		41		41		41		41		0		0		41		0		0		41		41		41		0		0		41		0		
41		0		41		41		41		0		0		41		0		41		41		0		41		41		0		0		41		41		0		41		41		41		41		41		0		41		0		0		0		0		41		0		0		0		41		0		41		0		0		0		
41		0		0		41		41		0		0		41		41		41		0		41		0		0		41		0		41		0		0		41		0		41		41		41		0		41		0		41		41		0		0		41		41		0		41		0		0		41		0		0		
41		0		0		0		41		0		41		0		41		41		0		41		0		0		41		41		41		41		0		41		0		0		41		41		0		41		0		0		41		0		0		41		41		41		41		41		0		0		41		41		
0		0		0		0		0		0		0		41		0		41		0		0		41		0		41		41		41		0		0		41		0		0		0		41		41		41		0		0		0		41		0		0		0		0		41		0		0		0		41		41		
NDC Pairs
< 1		2 >
< 1		3 >
< 1		4 >
< 1		5 >
< 1		8 >
< 1		11 >
< 1		14 >
< 1		15 >
< 1		17 >
< 1		19 >
< 1		21 >
< 1		22 >
< 1		23 >
< 1		25 >
< 1		29 >
< 1		31 >
< 1		33 >
< 1		36 >
< 1		37 >
< 1		38 >
< 1		39 >
< 2		3 >
< 2		8 >
< 2		10 >
< 2		13 >
< 2		14 >
< 2		19 >
< 2		21 >
< 2		23 >
< 2		24 >
< 2		25 >
< 2		28 >
< 2		30 >
< 2		32 >
< 2		33 >
< 2		35 >
< 2		36 >
< 3		4 >
< 3		6 >
< 3		7 >
< 3		9 >
< 3		10 >
< 3		16 >
< 3		18 >
< 3		19 >
< 3		21 >
< 3		22 >
< 3		24 >
< 3		26 >
< 3		28 >
< 3		29 >
< 3		30 >
< 3		31 >
< 3		34 >
< 3		35 >
< 3		36 >
< 3		37 >
< 4		5 >
< 4		7 >
< 4		9 >
< 4		10 >
< 4		13 >
< 4		15 >
< 4		18 >
< 4		19 >
< 4		20 >
< 4		21 >
< 4		22 >
< 4		23 >
< 4		26 >
< 4		27 >
< 4		29 >
< 4		30 >
< 4		31 >
< 4		32 >
< 4		33 >
< 4		34 >
< 4		36 >
< 4		37 >
< 4		38 >
< 5		10 >
< 5		12 >
< 5		15 >
< 5		17 >
< 5		19 >
< 5		22 >
< 5		24 >
< 5		25 >
< 5		27 >
< 5		28 >
< 5		32 >
< 5		33 >
< 5		37 >
< 5		38 >
< 5		39 >
< 6		7 >
< 6		8 >
< 6		9 >
< 6		10 >
< 6		11 >
< 6		12 >
< 6		13 >
< 6		15 >
< 6		17 >
< 6		23 >
< 6		24 >
< 6		26 >
< 6		29 >
< 6		31 >
< 6		32 >
< 6		35 >
< 7		8 >
< 7		11 >
< 7		19 >
< 7		22 >
< 7		23 >
< 7		24 >
< 7		25 >
< 7		26 >
< 7		28 >
< 7		29 >
< 7		30 >
< 7		33 >
< 7		34 >
< 7		36 >
< 7		39 >
< 8		13 >
< 8		16 >
< 8		18 >
< 8		19 >
< 8		22 >
< 8		25 >
< 8		28 >
< 8		29 >
< 8		30 >
< 8		32 >
< 8		34 >
< 8		36 >
< 8		37 >
< 8		38 >
< 8		40 >
< 9		12 >
< 9		14 >
< 9		18 >
< 9		21 >
< 9		24 >
< 9		26 >
< 9		28 >
< 9		29 >
< 9		30 >
< 9		34 >
< 9		38 >
< 9		39 >
< 10		12 >
< 10		16 >
< 10		17 >
< 10		21 >
< 10		25 >
< 10		27 >
< 10		28 >
< 10		30 >
< 10		32 >
< 10		37 >
< 10		38 >
< 10		39 >
< 10		40 >
< 11		14 >
< 11		15 >
< 11		16 >
< 11		22 >
< 11		23 >
< 11		24 >
< 11		25 >
< 11		26 >
< 11		28 >
< 11		30 >
< 11		31 >
< 11		32 >
< 11		33 >
< 11		34 >
< 11		35 >
< 11		37 >
< 12		13 >
< 12		14 >
< 12		16 >
< 12		19 >
< 12		23 >
< 12		24 >
< 12		25 >
< 12		27 >
< 12		28 >
< 12		31 >
< 12		33 >
< 12		36 >
< 12		38 >
< 12		39 >
< 13		14 >
< 13		15 >
< 13		17 >
< 13		18 >
< 13		21 >
< 13		23 >
< 13		25 >
< 13		29 >
< 13		30 >
< 13		31 >
< 13		32 >
< 13		35 >
< 13		36 >
< 13		37 >
< 13		40 >
< 14		15 >
< 14		21 >
< 14		23 >
< 14		29 >
< 14		30 >
< 14		31 >
< 14		36 >
< 14		37 >
< 15		19 >
< 15		20 >
< 15		29 >
< 15		31 >
< 15		34 >
< 15		35 >
< 15		38 >
< 15		39 >
< 15		40 >
< 16		17 >
< 16		18 >
< 16		20 >
< 16		23 >
< 16		27 >
< 16		28 >
< 16		33 >
< 16		34 >
< 16		39 >
< 16		40 >
< 17		20 >
< 17		21 >
< 17		33 >
< 17		36 >
< 17		37 >
< 17		38 >
< 17		39 >
< 17		40 >
< 18		19 >
< 18		20 >
< 18		26 >
< 18		27 >
< 18		29 >
< 18		30 >
< 18		33 >
< 18		34 >
< 18		35 >
< 18		37 >
< 18		39 >
< 19		21 >
< 19		22 >
< 19		24 >
< 19		25 >
< 19		27 >
< 19		28 >
< 19		31 >
< 19		34 >
< 19		36 >
< 20		21 >
< 20		24 >
< 20		26 >
< 20		28 >
< 20		30 >
< 20		31 >
< 20		32 >
< 20		36 >
< 20		37 >
< 20		38 >
< 20		39 >
< 20		40 >
< 21		24 >
< 21		25 >
< 21		26 >
< 21		28 >
< 21		30 >
< 21		31 >
< 21		32 >
< 21		33 >
< 21		36 >
< 21		37 >
< 22		23 >
< 22		24 >
< 22		25 >
< 22		26 >
< 22		28 >
< 22		30 >
< 22		33 >
< 22		35 >
< 22		36 >
< 22		37 >
< 22		38 >
< 23		24 >
< 23		25 >
< 23		26 >
< 23		33 >
< 23		37 >
< 23		38 >
< 23		39 >
< 24		27 >
< 24		29 >
< 24		30 >
< 24		31 >
< 24		34 >
< 24		36 >
< 24		37 >
< 24		38 >
< 24		39 >
< 24		40 >
< 25		26 >
< 25		27 >
< 25		29 >
< 25		31 >
< 25		33 >
< 25		36 >
< 25		40 >
< 26		28 >
< 26		32 >
< 26		33 >
< 26		34 >
< 26		36 >
< 26		37 >
< 26		38 >
< 26		39 >
< 26		40 >
< 27		29 >
< 27		35 >
< 27		36 >
< 28		29 >
< 28		30 >
< 28		32 >
< 28		36 >
< 28		38 >
< 29		30 >
< 29		31 >
< 29		35 >
< 29		38 >
< 29		39 >
< 30		34 >
< 30		40 >
< 31		32 >
< 31		33 >
< 31		35 >
< 31		36 >
< 31		37 >
< 32		33 >
< 32		34 >
< 32		35 >
< 32		38 >
< 32		39 >
< 33		34 >
< 33		35 >
< 33		38 >
< 33		39 >
< 34		35 >
< 34		36 >
< 34		39 >
< 35		36 >
< 35		37 >
< 35		38 >
< 35		39 >
< 35		40 >
< 36		39 >
< 39		40 >
