nNodes= 60
nPairs= 172  
Weight
4
3
2
3
2
2
4
3
4
2
3
3
2
4
4
3
4
4
4
2
4
4
3
3
2
2
4
2
4
2
2
2
2
2
4
3
4
4
4
4
3
3
2
4
3
2
4
2
2
3
3
4
2
4
4
3
4
2
2
4
Cost
61		0		0		0		61		0		0		0		0		0		0		0		61		61		0		0		0		0		0		0		0		0		61		0		0		0		0		0		0		0		0		0		0		0		0		0		0		0		0		0		0		0		0		0		0		0		0		0		0		0		61		0		0		0		61		0		0		0		0		0		
0		61		0		0		0		0		0		0		0		0		0		0		0		0		0		0		0		0		0		0		0		61		0		0		61		0		0		0		0		0		0		0		0		0		0		0		0		0		0		0		61		0		0		0		0		0		0		0		0		0		61		0		0		0		0		0		61		0		0		0		
0		0		61		0		0		0		0		0		0		0		0		61		0		0		0		0		0		0		61		0		0		0		0		0		0		0		0		0		0		61		0		61		0		61		0		0		0		61		0		0		0		0		0		0		0		0		0		0		0		0		0		61		0		0		61		61		0		0		0		0		
0		0		0		61		0		0		0		0		0		0		0		0		0		61		0		61		0		0		0		0		0		0		0		0		0		0		61		0		0		0		0		0		0		0		0		0		0		0		0		0		0		0		0		61		0		0		0		0		61		0		0		61		0		0		0		0		0		0		61		0		
61		0		0		0		61		0		61		0		0		0		0		0		0		0		0		0		0		0		0		61		0		0		0		0		61		61		0		0		0		0		0		0		0		0		0		61		0		0		0		0		0		0		0		0		0		0		0		0		0		0		0		0		0		0		0		0		0		0		0		61		
0		0		0		0		0		61		0		0		0		0		0		0		0		0		0		0		0		0		0		0		0		0		0		0		0		61		0		0		0		0		0		0		0		0		0		0		0		0		0		0		0		0		0		0		0		0		0		0		0		0		61		0		0		0		0		0		0		0		0		0		
0		0		0		0		61		0		61		0		0		0		0		0		0		0		0		0		0		0		0		0		0		0		0		0		61		0		0		0		0		0		61		0		61		0		0		0		0		0		61		0		0		0		0		0		0		0		0		0		0		61		0		0		61		0		0		0		0		0		0		0		
0		0		0		0		0		0		0		61		0		0		0		0		0		0		0		0		0		0		0		0		0		0		0		0		0		0		0		0		0		0		0		0		0		0		0		0		0		0		0		0		0		0		0		0		0		0		0		0		0		61		0		0		0		0		61		0		0		0		0		0		
0		0		0		0		0		0		0		0		61		0		0		0		0		0		0		0		0		0		0		0		0		0		0		0		61		0		0		0		0		0		0		0		61		0		0		0		0		0		0		0		0		0		0		0		61		61		0		0		61		0		0		0		0		0		0		0		0		0		0		0		
0		0		0		0		0		0		0		0		0		61		0		0		0		0		0		61		0		0		0		0		0		0		0		0		0		0		0		0		0		61		0		0		0		0		0		0		0		0		0		0		61		0		0		0		0		0		0		61		0		61		0		0		61		0		0		0		0		0		0		0		
0		0		0		0		0		0		0		0		0		0		61		0		0		0		0		0		0		61		0		0		0		0		0		0		0		0		0		0		0		0		61		0		0		0		0		0		0		0		0		0		0		0		0		61		0		0		0		0		0		0		0		0		0		61		0		0		0		61		0		0		
0		0		61		0		0		0		0		0		0		0		0		61		0		0		0		0		0		0		0		0		0		0		0		0		0		0		0		0		0		0		0		0		0		61		0		0		61		0		0		0		0		0		0		0		0		0		0		0		0		0		0		0		0		0		0		0		0		0		0		0		
61		0		0		0		0		0		0		0		0		0		0		0		61		0		0		61		0		0		0		0		0		0		0		0		0		61		0		0		0		0		0		0		0		0		0		0		0		0		0		0		0		0		0		0		0		0		0		0		0		0		0		0		61		0		0		0		0		0		0		0		
61		0		0		61		0		0		0		0		0		0		0		0		0		61		61		0		0		0		0		0		0		0		61		0		0		61		0		0		0		0		0		0		0		0		0		0		0		0		0		0		0		0		0		0		0		0		0		0		0		0		0		0		0		0		0		0		0		0		0		0		
0		0		0		0		0		0		0		0		0		0		0		0		0		61		61		0		0		0		61		0		0		0		0		0		61		0		0		0		0		0		0		0		0		0		0		0		0		0		0		0		61		0		0		0		0		0		0		0		0		0		0		0		0		0		0		0		61		0		0		0		
0		0		0		61		0		0		0		0		0		61		0		0		61		0		0		61		0		0		0		0		61		0		0		0		0		0		0		0		0		0		0		0		0		0		0		0		61		0		61		0		0		0		0		0		0		0		0		0		0		0		0		0		0		0		0		0		0		0		0		0		
0		0		0		0		0		0		0		0		0		0		0		0		0		0		0		0		61		0		0		0		0		0		0		0		0		0		0		0		61		0		0		0		61		0		0		0		0		0		0		0		0		61		0		0		0		0		0		0		0		0		0		0		0		0		0		0		61		0		0		0		
0		0		0		0		0		0		0		0		0		0		61		0		0		0		0		0		0		61		0		0		0		61		0		0		0		0		0		0		0		0		0		0		0		0		0		0		0		0		61		0		0		0		0		0		0		0		0		0		0		0		0		0		0		0		0		0		0		0		0		0		
0		0		61		0		0		0		0		0		0		0		0		0		0		0		61		0		0		0		61		0		0		0		0		0		0		0		0		0		0		0		0		0		0		61		0		0		0		0		0		0		0		61		0		0		0		61		0		61		0		0		0		0		0		0		0		0		0		0		61		0		
0		0		0		0		61		0		0		0		0		0		0		0		0		0		0		0		0		0		0		61		0		0		61		0		0		0		0		0		0		61		0		0		0		0		0		0		0		0		0		0		0		0		61		0		0		0		0		0		0		0		0		0		0		0		0		0		0		0		0		0		
0		0		0		0		0		0		0		0		0		0		0		0		0		0		0		61		0		0		0		0		61		0		0		0		0		0		0		0		0		0		61		0		0		0		0		0		0		61		0		0		0		0		0		0		0		0		0		0		0		0		0		0		0		0		0		0		0		0		0		0		
0		61		0		0		0		0		0		0		0		0		0		0		0		0		0		0		0		61		0		0		0		61		0		0		0		0		0		0		0		0		0		0		0		0		0		61		0		0		0		61		0		0		0		0		0		0		0		0		0		61		0		0		0		0		61		61		0		61		0		0		
61		0		0		0		0		0		0		0		0		0		0		0		0		61		0		0		0		0		0		61		0		0		61		0		0		0		0		0		61		0		0		0		0		61		0		0		0		0		0		0		61		0		0		0		0		0		0		0		0		0		0		0		0		0		0		0		0		0		61		0		
0		0		0		0		0		0		0		0		0		0		0		0		0		0		0		0		0		0		0		0		0		0		0		61		0		61		0		0		0		0		61		0		61		0		0		0		0		0		0		0		0		0		0		0		0		0		0		0		0		0		0		0		0		0		0		0		61		0		0		0		
0		61		0		0		61		0		61		0		61		0		0		0		0		0		61		0		0		0		0		0		0		0		0		0		61		0		61		61		0		0		0		0		0		0		0		0		0		0		0		0		0		0		0		0		0		0		0		0		0		0		0		0		0		0		0		0		61		0		0		0		
0		0		0		0		61		61		0		0		0		0		0		0		61		61		0		0		0		0		0		0		0		0		0		61		0		61		0		0		0		0		61		0		0		0		0		0		0		0		0		0		0		0		0		0		0		0		0		0		0		0		0		0		0		0		0		0		0		0		0		61		
0		0		0		61		0		0		0		0		0		0		0		0		0		0		0		0		0		0		0		0		0		0		0		0		61		0		61		0		0		0		0		0		0		0		0		0		0		0		0		61		0		61		0		0		0		0		61		0		0		0		0		0		0		0		0		0		0		0		0		0		
0		0		0		0		0		0		0		0		0		0		0		0		0		0		0		0		0		0		0		0		0		0		0		0		61		0		0		61		0		0		0		0		0		0		0		0		0		0		0		0		0		0		0		0		0		0		0		0		0		0		0		0		0		0		0		61		0		0		0		0		
0		0		0		0		0		0		0		0		0		0		0		0		0		0		0		0		61		0		0		0		0		0		61		0		0		0		0		0		61		0		0		0		0		0		0		0		0		61		61		0		0		0		61		0		0		0		0		0		0		0		0		0		0		0		0		0		0		0		0		0		
0		0		61		0		0		0		0		0		0		61		0		0		0		0		0		0		0		0		0		61		0		0		0		0		0		0		0		0		0		61		0		0		61		0		0		0		0		0		0		0		0		0		0		0		0		61		0		61		61		0		0		0		0		0		0		0		0		0		61		0		
0		0		0		0		0		0		61		0		0		0		61		0		0		0		0		0		0		0		0		0		61		0		0		61		0		61		0		0		0		0		61		0		0		0		0		0		0		0		0		61		0		0		61		0		0		0		61		61		0		0		0		0		0		0		61		0		0		0		0		0		
0		0		61		0		0		0		0		0		0		0		0		0		0		0		0		0		0		0		0		0		0		0		0		0		0		0		0		0		0		0		0		61		0		0		0		0		0		0		0		0		0		0		0		0		0		0		61		0		0		0		0		0		0		0		0		0		0		0		0		0		
0		0		0		0		0		0		61		0		61		0		0		0		0		0		0		0		61		0		0		0		0		0		0		61		0		0		0		0		0		61		0		0		61		0		0		0		0		0		61		0		0		0		0		0		0		0		61		0		0		0		0		0		0		0		0		0		0		0		0		0		
0		0		61		0		0		0		0		0		0		0		0		61		0		0		0		0		0		0		61		0		0		0		61		0		0		0		0		0		0		0		0		0		0		61		0		0		0		0		0		0		0		0		61		0		61		0		61		0		61		0		0		0		0		61		0		0		0		0		0		0		
0		0		0		0		0		0		0		0		0		0		0		0		0		0		0		0		0		0		0		0		0		0		0		0		0		0		0		0		0		0		0		0		0		0		61		0		0		0		61		0		0		0		0		0		0		0		0		0		0		0		0		0		0		0		0		0		0		0		0		0		
0		0		0		0		61		0		0		0		0		0		0		0		0		0		0		0		0		0		0		0		0		61		0		0		0		0		0		0		0		0		0		0		0		0		0		61		0		0		0		0		0		61		0		0		0		0		0		0		61		0		0		0		0		0		61		0		0		61		0		0		
0		0		0		0		0		0		0		0		0		0		0		61		0		0		0		61		0		0		0		0		0		0		0		0		0		0		0		0		0		0		0		0		0		0		0		0		61		0		0		0		0		0		0		0		0		0		0		0		0		0		0		0		0		0		0		0		0		0		0		61		
0		0		61		0		0		0		0		0		0		0		0		0		0		0		0		0		0		0		0		0		61		0		0		0		0		0		0		0		61		0		0		0		0		0		0		0		0		61		61		0		0		0		0		0		0		0		0		0		0		0		0		0		0		0		0		0		0		0		0		0		
0		0		0		0		0		0		61		0		0		0		0		0		0		0		0		61		0		61		0		0		0		0		0		0		0		0		0		0		61		0		0		0		61		0		61		0		0		61		61		0		0		0		61		0		0		0		0		0		0		0		0		0		61		0		0		0		0		0		0		61		
0		0		0		0		0		0		0		0		0		0		0		0		0		0		0		0		0		0		0		0		0		61		0		0		0		0		61		0		0		0		61		0		0		0		0		0		0		0		0		61		61		0		0		61		61		0		0		0		0		0		0		0		0		0		61		61		0		0		0		0		
0		61		0		0		0		0		0		0		0		61		0		0		0		0		61		0		0		0		0		0		0		0		61		0		0		0		0		0		0		0		0		0		0		0		0		0		0		0		0		61		61		0		0		0		61		0		61		61		0		0		0		0		0		61		0		0		0		0		0		61		
0		0		0		0		0		0		0		0		0		0		0		0		0		0		0		0		61		0		61		0		0		0		0		0		0		0		61		0		0		0		0		0		0		0		0		61		0		0		0		0		0		61		61		0		0		0		0		0		61		0		0		0		0		0		0		0		0		0		0		0		
0		0		0		0		0		0		0		0		0		0		0		0		0		0		0		0		0		0		0		61		0		0		0		0		0		0		0		0		61		0		61		0		0		61		0		0		0		0		61		0		0		61		61		0		0		0		61		0		0		61		0		0		0		0		0		0		0		0		61		0		
0		0		0		61		0		0		0		0		0		0		61		0		0		0		0		0		0		0		0		0		0		0		0		0		0		0		0		0		0		0		0		0		0		0		0		0		0		0		0		61		0		0		0		61		0		0		61		0		0		0		0		0		0		61		0		0		0		0		0		0		
0		0		0		0		0		0		0		0		61		0		0		0		0		0		0		0		0		0		0		0		0		0		0		0		0		0		0		0		0		0		0		0		0		61		0		0		0		0		0		61		61		0		0		0		61		0		0		0		61		61		0		0		0		0		0		0		0		0		0		0		
0		0		0		0		0		0		0		0		61		0		0		0		0		0		0		0		0		0		61		0		0		0		0		0		0		0		0		0		0		61		0		0		0		0		0		0		0		0		0		0		0		0		0		0		0		61		0		61		0		61		0		61		0		0		0		0		0		61		0		0		
0		0		0		0		0		0		0		0		0		0		0		0		0		0		0		0		0		0		0		0		0		0		0		0		0		0		61		0		0		0		61		61		61		61		0		0		0		0		0		0		61		0		61		61		0		0		61		0		0		0		0		0		0		0		0		0		0		0		0		0		
0		0		0		0		0		0		0		0		0		61		0		0		0		0		0		0		0		0		61		0		0		0		0		0		0		0		0		0		0		61		61		0		0		0		0		0		0		0		0		0		61		0		0		0		0		61		0		61		0		0		0		0		0		0		0		0		61		0		0		0		
0		0		0		61		0		0		0		0		61		0		0		0		0		0		0		0		0		0		0		0		0		0		0		0		0		0		0		0		0		61		0		0		0		61		0		61		0		0		0		0		0		61		0		0		61		0		0		0		61		0		0		0		0		61		0		0		0		0		0		0		
0		0		0		0		0		0		61		61		0		61		0		0		0		0		0		0		0		0		0		0		0		61		0		0		0		0		0		0		0		0		0		0		0		0		0		0		0		0		0		0		0		0		61		0		61		61		0		0		0		61		0		0		0		0		61		0		0		0		0		61		
61		61		0		0		0		61		0		0		0		0		0		0		0		0		0		0		0		0		0		0		0		0		0		0		0		0		0		0		0		0		0		0		0		0		0		0		0		0		0		0		0		0		0		0		0		0		0		0		0		0		61		0		0		0		0		0		0		0		0		0		
0		0		61		61		0		0		0		0		0		0		0		0		0		0		0		0		0		0		0		0		0		0		0		0		0		0		0		0		0		0		0		0		0		0		0		0		0		0		0		0		0		0		0		0		0		61		0		0		0		0		0		61		0		0		0		0		0		0		0		0		
0		0		0		0		0		0		61		0		0		61		0		0		61		0		0		0		0		0		0		0		0		0		0		0		0		0		0		0		0		0		0		0		0		0		0		0		0		0		61		0		0		0		0		0		0		0		0		0		0		0		0		0		61		0		0		0		0		0		0		0		
0		0		0		0		0		0		0		0		0		0		61		0		0		0		0		0		0		0		0		0		0		0		0		0		0		0		0		0		0		0		0		0		0		61		0		0		0		0		0		0		61		0		0		61		0		0		0		0		61		0		0		0		0		61		0		0		0		0		0		0		
61		0		61		0		0		0		0		61		0		0		0		0		0		0		0		0		0		0		0		0		0		61		0		0		0		0		0		0		0		0		61		0		0		0		0		61		0		0		0		61		0		0		0		0		0		0		0		0		0		61		0		0		0		0		61		61		0		0		0		0		
0		0		61		0		0		0		0		0		0		0		0		0		0		0		0		0		0		0		0		0		0		61		0		0		0		0		0		61		0		0		0		0		0		0		0		0		0		0		0		61		0		0		0		0		0		0		0		0		0		0		0		0		0		0		61		61		0		0		0		0		
0		61		0		0		0		0		0		0		0		0		0		0		0		0		61		0		61		0		0		0		0		0		0		61		61		0		0		0		0		0		0		0		0		0		0		0		0		0		0		0		0		0		0		0		0		0		0		61		0		0		0		0		0		0		0		0		61		0		0		0		
0		0		0		0		0		0		0		0		0		0		61		0		0		0		0		0		0		0		0		0		0		61		0		0		0		0		0		0		0		0		0		0		0		0		0		61		0		0		0		0		0		0		0		0		0		61		0		0		0		0		0		0		0		0		0		0		0		61		0		0		
0		0		0		61		0		0		0		0		0		0		0		0		0		0		0		0		0		0		61		0		0		0		61		0		0		0		0		0		0		61		0		0		0		0		0		0		0		0		0		0		0		0		61		0		0		0		0		0		0		0		0		0		0		0		0		0		0		0		61		0		
0		0		0		0		61		0		0		0		0		0		0		0		0		0		0		0		0		0		0		0		0		0		0		0		0		61		0		0		0		0		0		0		0		0		0		0		61		0		61		0		61		0		0		0		0		0		0		0		0		61		0		0		0		0		0		0		0		0		0		61		
NDC Pairs
< 1		5 >
< 1		13 >
< 1		14 >
< 1		23 >
< 1		51 >
< 1		55 >
< 2		22 >
< 2		25 >
< 2		41 >
< 2		51 >
< 2		57 >
< 3		12 >
< 3		19 >
< 3		30 >
< 3		32 >
< 3		34 >
< 3		38 >
< 3		52 >
< 3		55 >
< 3		56 >
< 4		14 >
< 4		16 >
< 4		27 >
< 4		44 >
< 4		49 >
< 4		52 >
< 4		59 >
< 5		7 >
< 5		20 >
< 5		25 >
< 5		26 >
< 5		36 >
< 5		60 >
< 6		26 >
< 6		51 >
< 7		25 >
< 7		31 >
< 7		33 >
< 7		39 >
< 7		50 >
< 7		53 >
< 8		50 >
< 8		55 >
< 9		25 >
< 9		33 >
< 9		45 >
< 9		46 >
< 9		49 >
< 10		16 >
< 10		30 >
< 10		41 >
< 10		48 >
< 10		50 >
< 10		53 >
< 11		18 >
< 11		31 >
< 11		44 >
< 11		54 >
< 11		58 >
< 12		34 >
< 12		37 >
< 13		16 >
< 13		26 >
< 13		53 >
< 14		15 >
< 14		23 >
< 14		26 >
< 15		19 >
< 15		25 >
< 15		41 >
< 15		57 >
< 16		21 >
< 16		37 >
< 16		39 >
< 17		29 >
< 17		33 >
< 17		42 >
< 17		57 >
< 18		22 >
< 18		39 >
< 19		34 >
< 19		42 >
< 19		46 >
< 19		48 >
< 19		59 >
< 20		23 >
< 20		30 >
< 20		43 >
< 21		31 >
< 21		38 >
< 22		36 >
< 22		40 >
< 22		50 >
< 22		55 >
< 22		56 >
< 22		58 >
< 23		29 >
< 23		34 >
< 23		41 >
< 23		59 >
< 24		26 >
< 24		31 >
< 24		33 >
< 24		57 >
< 25		27 >
< 25		28 >
< 25		57 >
< 26		31 >
< 26		60 >
< 27		40 >
< 27		42 >
< 27		47 >
< 28		56 >
< 29		38 >
< 29		39 >
< 29		43 >
< 30		33 >
< 30		46 >
< 30		48 >
< 30		49 >
< 30		59 >
< 31		40 >
< 31		43 >
< 31		47 >
< 31		48 >
< 31		55 >
< 32		47 >
< 33		39 >
< 33		47 >
< 34		43 >
< 34		45 >
< 34		47 >
< 34		49 >
< 34		54 >
< 35		39 >
< 36		42 >
< 36		49 >
< 36		55 >
< 36		58 >
< 37		60 >
< 38		39 >
< 39		43 >
< 39		53 >
< 39		60 >
< 40		41 >
< 40		44 >
< 40		45 >
< 40		55 >
< 40		56 >
< 41		45 >
< 41		47 >
< 41		48 >
< 41		54 >
< 41		60 >
< 42		43 >
< 42		49 >
< 43		47 >
< 43		50 >
< 43		59 >
< 44		47 >
< 44		54 >
< 45		49 >
< 45		50 >
< 46		48 >
< 46		50 >
< 46		52 >
< 46		58 >
< 48		57 >
< 49		54 >
< 50		55 >
< 50		60 >
< 55		56 >
