nNodes= 80
nPairs= 925  
Weight
2
4
4
2
2
2
2
2
3
4
2
3
3
4
3
3
2
4
2
3
3
4
4
3
2
3
4
3
2
2
2
2
3
2
4
4
2
3
3
3
3
2
3
2
4
2
2
4
4
4
2
3
3
3
2
4
3
2
3
2
2
2
2
3
4
2
3
4
3
3
4
2
2
3
3
2
2
2
4
3
Cost
81		0		81		0		81		81		0		81		0		0		0		0		0		0		0		81		0		0		0		0		81		0		0		81		81		0		0		81		0		0		0		0		81		81		81		81		0		81		0		0		0		0		81		81		0		0		81		0		0		0		81		81		0		0		0		0		81		0		0		0		0		81		81		0		0		0		0		0		0		81		0		0		0		0		0		0		0		81		0		0		
0		81		0		0		81		81		0		0		0		81		0		81		0		81		0		81		81		0		0		0		0		81		0		81		0		0		0		0		0		0		0		0		0		0		0		0		0		81		0		81		0		81		0		81		0		0		81		81		81		0		0		81		0		0		0		81		81		81		0		0		0		0		0		0		0		81		0		81		0		81		0		0		0		81		0		81		0		81		0		0		
81		0		81		0		0		0		0		0		81		0		81		0		81		0		0		81		0		0		81		0		81		0		0		81		0		81		81		81		81		81		0		81		0		0		81		81		81		0		0		0		0		0		0		0		0		0		0		81		0		0		0		0		81		0		0		0		0		0		0		81		81		0		81		0		0		0		81		0		0		81		0		0		81		0		0		0		0		0		0		0		
0		0		0		81		0		0		0		0		0		81		0		0		0		0		0		81		0		0		0		0		81		0		0		0		0		81		81		0		0		81		0		0		0		0		0		81		0		0		0		0		81		0		0		0		81		81		0		0		0		0		0		0		81		81		81		0		0		0		0		81		0		0		0		0		0		81		0		0		0		0		0		0		81		81		0		0		0		81		0		0		
81		81		0		0		81		81		81		81		0		0		0		0		0		0		0		0		0		0		0		0		0		0		0		81		0		0		0		0		81		81		0		0		0		0		0		0		81		0		0		0		0		0		0		0		0		0		0		0		0		0		81		81		0		0		0		0		0		81		0		0		81		0		0		81		0		0		81		81		0		81		0		0		81		0		0		0		0		0		0		81		
81		81		0		0		81		81		0		0		0		0		0		81		81		0		81		0		0		0		0		81		81		0		0		0		0		81		0		0		0		0		0		0		0		0		81		0		0		0		0		0		0		0		81		0		0		0		0		81		81		0		0		0		81		0		0		81		81		0		81		0		0		0		81		0		81		0		81		81		0		0		0		0		81		0		0		81		0		0		0		81		
0		0		0		0		81		0		81		0		81		0		0		81		0		0		0		0		0		0		0		0		0		0		0		0		0		0		0		0		81		0		0		81		0		81		0		81		81		0		0		81		0		0		81		81		0		0		0		81		0		0		0		81		0		0		0		0		0		0		0		0		81		0		0		81		81		0		0		81		81		0		81		0		0		0		0		0		0		0		81		81		
81		0		0		0		81		0		0		81		0		81		0		81		81		0		0		81		0		0		0		81		81		0		0		0		81		81		0		0		0		0		0		81		0		0		0		81		0		0		0		0		0		0		0		0		0		0		81		0		0		0		0		81		0		81		81		81		0		0		0		0		0		0		0		81		81		0		0		81		0		0		0		81		0		0		0		0		0		0		0		0		
0		0		81		0		0		0		81		0		81		0		0		81		81		0		0		81		81		81		81		0		81		0		0		0		0		81		0		0		0		0		81		0		0		0		81		0		0		0		0		0		0		0		0		0		0		81		0		0		0		81		0		0		0		0		81		0		0		81		81		81		81		0		81		0		0		81		0		0		81		0		0		0		81		0		0		0		0		81		0		0		
0		81		0		81		0		0		0		81		0		81		0		81		0		0		81		0		0		0		81		0		0		0		0		81		0		0		0		0		0		0		0		81		0		0		0		0		0		81		0		0		81		81		81		0		0		81		0		0		81		81		0		81		0		0		0		0		81		0		0		0		81		0		0		0		0		0		0		81		81		0		81		0		0		0		0		0		0		0		0		0		
0		0		81		0		0		0		0		0		0		0		81		81		81		0		0		0		0		0		81		0		0		81		0		0		0		0		0		0		81		0		0		81		0		0		0		0		0		0		0		81		0		0		81		0		81		0		0		0		0		0		0		0		81		81		81		0		0		81		81		0		0		0		81		0		81		81		0		81		0		81		0		81		0		0		0		0		0		0		81		0		
0		81		0		0		0		81		81		81		81		81		81		81		0		0		81		0		81		81		81		81		0		0		0		0		0		0		0		0		0		81		81		81		0		0		0		81		0		0		0		0		81		81		0		81		81		81		0		0		81		0		81		0		81		81		0		81		0		81		81		81		0		0		0		0		0		81		81		81		0		0		0		0		0		0		0		81		0		81		0		81		
0		0		81		0		0		81		0		81		81		0		81		0		81		0		0		0		0		0		81		0		81		81		81		81		0		81		0		0		0		0		81		0		81		0		0		81		0		0		0		0		81		0		81		0		0		81		0		0		0		81		0		0		0		0		0		0		0		0		81		0		0		81		81		0		0		0		0		0		0		0		0		81		0		0		0		0		0		81		0		81		
0		81		0		0		0		0		0		0		0		0		0		0		0		81		81		0		0		0		0		0		81		0		0		0		0		0		81		81		0		0		0		0		0		81		0		0		0		81		0		0		0		81		0		0		81		0		81		0		0		0		0		0		0		81		0		0		0		0		0		0		81		0		0		0		81		81		81		81		0		81		0		0		0		0		0		0		0		81		0		0		
0		0		0		0		0		81		0		0		0		81		0		81		0		81		81		0		81		0		81		0		0		0		81		0		0		0		81		0		0		0		0		0		0		0		81		81		0		0		0		81		0		81		0		0		0		81		81		0		81		0		0		0		0		81		0		0		0		0		0		81		0		0		0		81		0		0		0		81		0		81		81		0		0		0		81		81		0		0		0		81		
81		81		81		81		0		0		0		81		81		0		0		0		0		0		0		81		0		0		0		0		0		81		0		0		0		0		0		0		0		0		0		81		0		0		0		81		0		0		0		81		0		0		0		81		0		81		0		81		81		0		0		81		0		0		0		81		0		0		81		81		0		0		81		0		0		0		0		0		0		0		0		0		0		0		0		0		0		0		0		0		
0		81		0		0		0		0		0		0		81		0		0		81		0		0		81		0		81		0		0		0		81		0		81		0		0		0		0		81		0		0		0		81		0		81		81		0		81		81		0		0		0		0		0		81		0		0		0		0		81		0		0		0		0		81		0		81		0		0		0		0		0		0		0		81		0		0		0		81		0		81		0		0		0		81		0		0		0		0		0		0		
0		0		0		0		0		0		0		0		81		0		0		81		0		0		0		0		0		81		0		0		0		81		81		0		0		0		81		0		0		0		81		0		0		0		81		0		0		0		0		0		0		0		81		0		0		81		81		0		81		81		0		81		0		0		0		0		0		0		0		81		0		0		81		0		0		81		0		81		0		81		81		0		0		0		0		0		81		0		0		0		
0		0		81		0		0		0		0		0		81		81		81		81		81		0		81		0		0		0		81		0		0		0		0		81		0		0		0		0		0		81		0		0		0		0		0		0		81		0		0		0		0		81		0		0		0		0		81		0		0		0		81		0		81		0		0		81		0		0		81		0		0		0		0		0		0		0		0		0		81		0		0		81		81		0		0		81		81		0		0		0		
0		0		0		0		0		81		0		81		0		0		0		81		0		0		0		0		0		0		0		81		81		0		0		81		0		81		0		0		0		81		0		0		0		81		0		0		81		0		0		0		0		0		81		0		0		0		81		81		0		0		0		0		0		81		0		81		81		0		0		0		81		0		81		81		81		81		0		0		81		0		81		0		0		0		0		0		0		0		0		0		
81		0		81		81		0		81		0		81		81		0		0		0		81		81		0		0		81		0		0		81		81		0		81		81		0		0		0		0		0		0		81		81		0		0		0		0		0		0		81		81		0		0		0		0		0		81		0		0		81		0		0		0		81		81		81		81		0		0		0		0		0		0		0		81		0		0		0		0		0		81		0		0		0		0		0		0		81		0		81		0		
0		81		0		0		0		0		0		0		0		0		81		0		81		0		0		81		0		81		0		0		0		81		0		0		81		81		0		0		0		0		0		0		0		0		0		0		0		0		0		81		81		0		81		0		81		0		0		0		81		0		81		81		0		81		0		81		0		81		0		0		81		0		0		0		0		0		0		81		81		0		81		81		0		0		81		0		81		0		0		0		
0		0		0		0		0		0		0		0		0		0		0		0		81		0		81		0		81		81		0		0		81		0		81		0		0		0		81		81		0		0		0		0		0		0		81		81		0		0		0		0		81		0		0		0		81		81		0		0		81		81		0		0		81		0		0		0		0		0		0		0		81		0		0		0		0		0		0		0		0		0		0		81		0		0		0		81		0		0		0		81		
81		81		81		0		81		0		0		0		0		81		0		0		81		0		0		0		0		0		81		81		81		0		0		81		0		81		81		0		0		0		0		0		0		0		0		81		0		0		0		81		0		0		81		0		0		0		0		0		0		81		0		0		0		0		0		81		0		81		81		81		81		0		81		0		0		0		81		0		0		0		0		81		0		0		81		0		81		0		0		0		
81		0		0		0		0		0		0		81		0		0		0		0		0		0		0		0		0		0		0		0		0		81		0		0		81		0		0		81		0		0		0		0		0		0		0		0		0		0		0		0		81		0		81		81		0		81		81		81		0		0		0		0		81		81		0		0		0		0		0		0		81		81		81		81		0		0		0		0		81		0		0		0		0		81		81		0		0		0		81		0		
0		0		81		81		0		81		0		81		81		0		0		0		81		0		0		0		0		0		0		81		0		81		0		81		0		81		0		81		0		81		0		0		0		0		81		0		0		0		0		81		0		0		0		0		81		0		0		81		0		0		81		0		0		0		81		0		81		81		0		0		0		0		81		0		0		0		0		81		0		81		81		0		0		81		0		0		0		0		0		0		
0		0		81		81		0		0		0		0		0		0		0		0		0		81		81		0		0		81		0		0		0		0		81		81		0		0		81		81		81		0		0		0		81		0		81		0		81		0		0		0		81		81		0		0		81		81		0		81		0		0		0		81		0		0		0		81		81		0		81		0		0		0		0		81		81		0		0		81		0		0		81		0		81		0		0		0		81		0		0		0		
81		0		81		0		0		0		0		0		0		0		0		0		0		81		0		0		81		0		0		0		0		0		81		0		81		81		81		81		81		0		81		0		0		0		0		81		81		0		0		0		0		0		0		0		0		0		0		0		81		0		0		0		0		0		81		0		0		0		0		0		81		81		81		0		0		81		0		0		0		81		0		0		81		81		81		0		0		0		0		0		
0		0		81		0		81		0		81		0		0		0		81		0		0		0		0		0		0		0		0		0		0		0		0		0		0		0		81		81		81		0		0		0		0		81		81		0		81		81		0		0		0		81		0		0		0		0		0		0		81		0		0		81		0		0		0		81		0		0		81		0		0		0		0		81		81		81		0		81		0		81		0		81		81		0		0		0		0		81		0		81		
0		0		81		81		81		0		0		0		0		0		0		81		0		0		0		0		0		0		81		81		0		0		0		0		0		81		0		0		0		81		0		0		0		0		0		0		0		0		0		0		81		0		81		0		81		81		81		0		0		81		0		0		0		0		0		0		0		81		81		0		0		81		0		81		0		0		81		81		0		0		81		81		0		0		0		0		0		0		0		0		
0		0		0		0		0		0		0		0		81		0		0		81		81		0		0		0		0		81		0		0		81		0		0		0		0		0		0		81		0		0		81		81		0		0		0		81		0		81		0		81		0		81		0		81		0		0		0		0		0		81		0		0		0		81		81		0		0		81		81		0		81		0		0		0		81		81		81		81		81		81		0		81		81		0		0		81		0		0		81		0		
0		0		81		0		0		0		81		81		0		81		81		81		0		0		0		81		81		0		0		0		81		0		0		0		0		0		0		0		0		0		81		81		81		81		0		0		0		0		0		0		81		0		0		0		0		0		0		81		81		81		0		81		0		81		0		0		0		81		81		0		0		0		0		0		0		0		81		81		0		81		81		0		0		0		0		0		81		0		0		0		
81		0		0		0		0		0		0		0		0		0		0		0		81		0		0		0		0		0		0		0		0		0		0		0		0		0		81		0		0		0		0		81		81		81		0		81		81		81		0		0		0		0		81		0		0		0		0		0		81		0		0		0		0		0		0		81		81		0		0		0		0		81		81		0		0		0		0		0		0		0		0		0		0		0		0		0		81		0		0		81		
81		0		0		0		0		0		81		0		0		0		0		0		0		81		0		0		81		0		0		81		0		0		0		0		0		0		0		0		81		0		0		81		81		81		0		81		81		81		0		0		81		0		0		81		0		0		0		81		0		0		81		81		0		0		81		81		0		81		81		81		81		0		81		0		81		81		0		81		0		0		81		0		0		81		0		0		81		81		0		0		
81		0		81		0		0		81		0		0		81		0		0		0		0		0		81		0		81		81		0		0		0		0		81		0		0		81		81		0		81		0		0		0		0		0		81		0		81		0		81		0		0		0		0		0		0		0		81		0		0		0		0		0		0		0		0		0		0		0		81		81		81		0		81		0		0		0		0		0		0		0		0		81		0		0		0		0		0		0		81		81		
81		0		81		81		0		0		81		81		0		0		0		81		81		0		81		81		0		0		0		0		0		0		81		81		0		0		0		81		0		0		81		0		81		81		0		81		0		81		0		0		0		0		0		0		81		0		0		0		0		0		0		0		0		0		81		0		0		0		81		0		0		0		0		0		0		0		0		81		0		0		0		81		81		0		0		0		81		0		0		0		
0		0		81		0		81		0		81		0		0		0		0		0		0		0		0		0		81		0		81		81		0		0		0		0		0		0		81		81		81		0		0		0		81		81		81		0		81		0		81		81		0		0		0		0		0		0		0		0		0		0		81		0		81		0		81		81		0		0		0		0		0		0		0		0		0		0		0		81		0		0		0		81		81		0		0		0		0		0		0		81		
81		81		0		0		0		0		0		0		0		81		0		0		0		81		0		0		81		0		0		0		0		0		0		0		0		0		0		0		81		0		81		0		81		81		0		81		0		81		0		81		0		0		81		0		81		0		0		81		81		81		0		0		81		0		0		0		0		0		0		81		81		0		0		0		0		0		0		0		0		0		0		0		0		0		81		0		0		0		81		81		
0		0		0		0		0		0		0		0		0		0		0		0		0		0		0		0		0		0		0		0		81		0		0		0		0		0		0		0		0		0		0		0		0		0		81		0		81		0		81		81		0		0		0		0		0		0		0		0		0		0		0		0		0		81		81		0		0		0		0		81		0		0		0		0		81		0		0		0		0		0		0		0		0		0		0		81		0		81		0		0		
0		81		0		0		0		0		81		0		0		0		81		0		0		0		81		81		0		0		0		0		81		81		0		81		0		81		0		0		0		0		81		0		0		0		0		0		81		81		81		81		81		0		81		0		0		0		0		0		0		0		0		0		81		0		81		81		0		81		0		0		0		81		0		81		0		0		0		0		0		0		0		0		0		0		81		0		0		0		0		81		
0		0		0		81		0		0		0		0		0		81		0		81		81		0		0		0		0		0		0		0		0		81		81		0		81		0		81		0		0		81		0		81		0		81		0		0		0		0		0		81		81		81		0		81		0		0		81		0		0		81		81		81		81		0		0		0		0		81		0		0		0		0		0		0		81		81		0		0		0		0		0		81		0		0		0		0		0		0		0		0		
0		81		0		0		0		0		0		0		0		81		0		81		0		81		81		0		0		0		81		0		0		0		0		0		0		0		81		0		81		0		81		0		0		0		0		0		0		0		0		0		81		81		0		0		0		0		0		0		0		0		81		0		0		0		81		0		0		0		0		81		0		0		81		0		0		0		0		0		0		0		0		81		81		0		81		0		0		0		0		81		
81		0		0		0		0		81		81		0		0		81		81		0		81		0		0		0		0		81		0		81		0		81		0		81		81		0		0		0		0		81		0		0		81		0		0		0		0		81		0		81		0		0		81		0		0		0		0		0		0		0		81		0		0		81		0		81		81		81		0		0		0		0		0		0		0		81		0		0		81		0		0		81		0		81		0		81		0		0		0		0		
81		81		0		0		0		0		81		0		0		0		0		81		0		0		0		81		81		0		0		0		0		0		0		0		81		0		0		0		0		0		81		0		0		81		0		0		0		0		0		0		81		0		0		81		0		0		0		81		0		0		0		0		0		81		0		0		0		81		0		0		0		0		0		0		0		0		0		0		81		0		0		0		0		0		0		0		0		0		0		81		
0		0		0		81		0		0		0		0		0		0		81		81		0		81		0		0		0		0		0		0		0		81		81		0		0		81		81		0		0		81		0		0		0		0		0		81		0		81		0		0		0		0		0		0		81		81		0		0		81		81		0		0		0		0		81		81		0		0		0		0		81		0		0		0		81		0		0		0		0		0		0		81		0		81		0		0		81		0		0		0		
0		0		0		81		0		0		0		0		81		81		0		81		81		0		81		81		0		81		0		0		81		0		81		0		81		0		81		0		0		81		0		0		0		0		0		0		0		0		0		0		0		0		0		0		81		81		0		0		0		0		0		0		0		0		81		0		81		81		81		0		0		0		0		81		0		0		0		0		81		0		81		0		0		0		0		0		81		0		81		0		
81		81		0		0		0		0		0		81		0		0		0		0		0		81		81		0		0		81		81		81		0		0		0		0		81		0		0		0		0		81		0		0		0		0		81		0		0		0		0		0		81		0		0		0		0		0		81		81		81		0		81		0		0		81		81		81		0		0		81		81		0		0		0		0		81		0		0		0		0		81		81		81		81		0		81		0		81		0		0		0		
0		81		81		0		0		81		81		0		0		0		0		0		0		0		0		81		0		0		0		81		0		0		0		0		81		81		81		0		0		0		0		81		0		81		0		0		0		81		0		0		0		0		0		81		0		0		81		81		0		0		0		81		0		0		0		81		0		0		0		81		0		0		81		81		0		0		0		81		0		0		0		81		81		0		0		0		81		0		0		0		
0		81		0		0		0		81		0		0		0		81		0		81		0		0		81		81		81		81		0		0		81		81		81		0		0		0		0		81		81		0		0		81		81		0		0		0		0		81		0		0		0		0		0		0		81		0		81		0		81		0		0		81		0		81		0		0		81		81		0		81		81		81		81		0		81		0		0		0		81		81		0		0		0		0		81		0		0		81		0		81		
0		0		0		0		0		0		0		0		81		81		0		0		81		0		0		0		0		81		0		0		0		0		81		81		0		0		0		0		0		81		81		81		0		0		0		0		0		81		0		0		81		0		0		0		81		0		0		0		0		81		0		0		81		81		0		81		0		0		81		0		0		81		81		81		0		81		0		81		0		0		0		81		0		0		0		81		0		0		81		0		
81		0		0		0		81		0		0		0		0		0		0		81		0		0		0		0		0		0		81		0		0		81		0		0		0		81		0		0		0		0		0		0		0		81		0		0		81		0		0		0		81		81		81		0		0		0		81		0		0		0		81		0		0		0		0		0		0		81		0		0		0		0		0		0		81		0		0		0		0		0		0		0		0		81		81		0		0		0		0		0		
81		81		0		0		81		0		81		81		0		81		0		0		0		0		0		81		0		81		0		0		0		81		0		0		0		0		81		0		81		0		0		81		0		81		0		0		0		0		0		0		81		0		0		0		0		0		0		81		81		0		0		81		0		0		0		0		81		0		0		81		0		81		81		81		0		0		0		81		81		0		81		0		0		81		0		0		0		0		0		81		
0		0		81		81		0		81		0		0		0		0		81		81		0		0		0		0		0		0		81		0		81		0		81		0		81		0		0		0		0		0		0		0		0		0		0		0		81		81		0		81		81		0		0		0		0		0		0		0		0		81		0		0		81		0		0		0		0		0		0		0		0		81		81		0		0		81		0		0		0		0		0		0		81		0		81		0		0		81		0		0		
0		0		0		81		0		0		0		81		0		0		81		81		0		81		81		0		81		0		0		81		81		81		0		0		81		0		0		0		0		0		81		81		0		0		0		0		0		0		81		0		0		0		81		81		0		0		81		0		81		81		0		0		0		81		81		0		81		81		0		81		0		0		81		81		81		81		81		81		0		0		0		0		0		81		81		0		0		81		81		81		
0		0		0		81		0		0		0		81		81		0		81		0		0		0		0		0		0		0		0		0		81		0		0		0		0		81		0		81		0		0		81		0		0		81		0		81		81		0		81		81		0		81		0		0		81		81		81		0		0		0		0		0		0		81		81		0		0		0		0		81		81		0		0		0		0		0		0		0		0		0		81		0		0		0		0		0		0		81		0		81		
0		81		0		0		0		81		0		81		0		0		0		81		0		0		0		81		81		0		81		81		81		81		0		81		0		0		81		0		81		0		0		0		81		81		0		0		81		0		0		81		0		0		81		0		81		0		81		81		0		81		0		0		0		0		0		81		0		0		0		81		0		81		81		0		0		0		0		0		0		0		0		81		81		81		0		0		81		0		81		81		
81		81		0		0		0		81		0		0		0		81		0		0		0		0		0		0		0		0		0		81		0		0		0		0		0		81		81		0		0		0		0		0		81		0		0		0		0		0		0		0		0		0		81		0		0		81		0		0		81		0		0		81		0		81		0		0		81		0		0		0		0		81		0		0		0		0		81		0		81		0		0		0		0		0		0		81		0		81		0		0		
0		81		0		0		81		0		0		0		81		0		81		81		0		0		0		0		0		0		0		0		0		81		0		81		0		81		0		0		0		81		81		81		0		81		0		0		0		0		0		81		81		0		81		81		0		81		0		0		81		0		81		0		0		81		0		0		0		81		0		81		0		0		81		81		81		0		81		0		0		0		81		0		0		0		0		0		0		81		0		81		
0		0		0		0		0		81		0		0		81		0		81		81		81		0		0		81		0		0		81		0		0		0		0		81		0		0		81		0		81		81		81		81		0		81		81		81		0		0		0		0		0		0		0		0		0		81		81		0		0		81		0		0		0		0		0		0		0		0		81		0		81		0		0		0		0		81		0		0		0		81		0		0		81		0		0		0		0		81		81		81		
0		0		81		81		0		0		0		0		81		0		0		81		0		0		81		81		0		81		0		0		0		0		0		81		0		0		0		0		0		0		0		0		0		81		81		0		0		81		81		0		0		81		0		0		0		0		81		81		81		0		0		81		0		81		81		81		0		81		0		81		0		0		0		81		81		0		81		0		0		0		0		81		0		81		0		0		0		0		0		0		
0		0		81		0		81		0		81		0		81		81		0		0		0		81		0		0		0		0		0		81		0		81		81		81		81		0		0		81		0		0		81		0		0		81		81		0		0		81		0		0		0		0		0		0		81		0		0		0		81		0		0		0		0		0		81		0		0		0		81		0		81		0		81		0		0		0		0		81		81		0		0		81		0		81		81		0		81		81		0		0		
81		0		0		0		0		0		0		0		0		0		0		0		81		0		0		0		0		0		0		0		0		0		0		0		81		0		0		81		0		81		0		0		81		0		0		0		0		0		0		81		0		0		0		0		0		0		0		0		81		81		0		81		81		0		0		81		81		0		0		0		0		81		81		0		0		81		81		81		0		0		81		81		0		81		81		81		81		0		81		0		
81		0		81		0		0		81		0		0		81		0		81		0		81		0		0		81		0		81		0		81		0		0		0		81		81		81		0		81		0		0		0		0		81		81		81		0		0		0		0		0		0		81		0		0		0		0		0		81		81		81		0		81		81		81		0		81		0		81		0		0		81		81		81		0		0		81		0		0		0		0		0		0		0		81		0		0		0		0		0		81		
0		0		0		0		81		0		81		81		0		0		0		0		0		0		81		0		81		0		0		81		81		0		0		0		81		0		81		0		81		81		0		0		0		0		0		0		0		0		0		81		0		0		0		0		0		81		0		81		0		81		0		81		0		81		0		0		0		81		0		81		0		0		0		81		0		81		0		0		0		81		81		81		0		0		0		0		0		0		81		81		
0		0		0		0		0		81		81		81		0		0		81		0		0		81		0		0		0		0		0		81		0		0		0		0		0		0		81		0		81		0		81		0		0		81		0		0		0		0		81		0		81		0		0		0		81		0		81		0		81		0		81		0		0		81		0		0		0		81		0		81		0		0		0		0		81		0		81		0		0		0		0		0		81		81		0		81		0		0		81		0		
0		81		0		81		0		0		0		0		81		0		81		81		0		81		0		0		0		81		0		81		0		0		0		0		0		0		0		81		81		0		81		0		0		81		0		0		0		0		0		0		81		0		81		0		0		0		0		0		0		81		0		0		81		81		0		0		0		0		81		0		0		81		81		81		0		81		0		0		0		81		81		0		81		81		81		81		0		0		0		0		
0		0		81		0		81		81		0		0		0		0		0		81		0		81		0		0		0		0		0		0		0		0		0		81		0		0		0		0		0		81		81		81		0		0		0		0		0		0		0		0		0		0		0		0		0		0		0		0		0		0		0		0		0		81		0		0		81		81		0		81		0		81		0		0		81		0		81		0		0		0		0		81		81		81		0		0		81		0		81		0		
0		81		0		0		81		81		81		81		0		81		81		81		0		81		81		0		81		81		0		0		0		81		0		0		0		81		81		0		81		81		81		81		0		81		0		81		81		0		0		0		0		0		0		0		0		0		0		81		0		81		0		81		0		81		0		0		0		0		0		0		81		81		0		0		0		0		0		81		0		0		0		0		0		0		0		0		81		81		0		0		
0		0		0		0		0		0		81		0		81		81		0		0		0		0		0		0		0		0		81		81		0		81		0		0		81		0		0		0		0		0		81		0		0		0		0		0		0		0		0		0		0		0		81		81		0		81		0		0		81		0		0		81		0		0		0		0		81		0		0		0		81		0		0		0		0		0		0		0		81		81		0		0		81		0		81		0		0		0		0		0		
81		81		81		0		81		0		0		0		0		0		81		0		0		81		81		0		81		81		0		0		81		0		0		0		0		81		0		81		81		0		81		81		0		0		0		0		0		0		0		0		0		0		0		0		0		0		81		0		81		0		0		0		0		0		0		0		0		0		81		0		0		0		0		81		0		81		0		0		81		81		0		81		0		81		0		0		81		0		0		81		
0		0		0		0		0		0		81		0		0		81		0		0		0		0		81		0		0		81		0		81		0		81		0		0		0		81		81		0		0		81		0		81		0		81		0		0		0		0		0		0		0		0		0		0		0		81		81		0		0		0		0		81		0		0		81		0		0		81		0		0		0		81		0		81		0		81		0		0		0		0		81		0		0		0		81		81		0		0		81		0		
0		0		0		0		0		0		0		81		0		0		81		0		81		0		0		0		0		0		81		0		0		81		81		81		0		0		0		0		81		81		81		0		0		0		81		81		81		0		0		0		81		81		81		0		81		0		81		81		0		81		0		0		0		0		0		81		0		0		0		81		81		81		0		81		0		0		81		0		0		81		0		81		81		0		0		0		0		0		0		0		
0		0		81		81		81		81		0		0		81		0		0		0		0		0		0		0		0		0		81		0		0		0		0		0		0		0		81		81		81		0		81		0		0		0		0		81		81		0		0		0		0		81		0		0		0		0		81		81		0		0		0		0		81		0		0		81		0		0		81		0		0		0		0		0		81		81		81		0		81		0		0		81		81		81		0		0		81		0		0		81		
0		81		0		81		0		0		0		0		0		0		0		0		0		0		0		0		81		0		0		0		0		0		0		0		81		81		0		81		0		0		0		0		0		81		0		0		0		0		0		0		0		0		81		0		81		0		0		0		0		0		81		81		0		81		0		81		0		0		0		81		81		81		81		0		81		81		81		0		0		81		0		0		81		81		0		0		0		0		0		81		
0		0		0		0		0		0		0		0		0		0		0		0		0		0		81		0		0		0		0		0		0		81		0		81		81		0		0		81		0		0		0		0		0		0		0		0		0		81		0		81		0		81		0		0		0		0		81		0		81		0		81		0		81		81		0		0		0		0		0		0		81		81		0		0		0		81		0		0		81		0		81		0		0		0		81		0		0		0		0		0		
0		81		0		0		0		81		0		0		0		0		0		81		0		0		81		0		0		0		81		0		0		0		81		0		0		0		0		0		0		0		81		0		0		0		0		0		0		0		81		0		0		0		81		0		0		0		0		0		0		81		0		0		0		0		0		0		81		0		0		0		0		81		0		0		81		81		0		0		0		0		81		0		0		0		0		81		81		0		0		0		
0		0		0		0		0		0		0		0		0		0		0		0		0		0		0		0		0		81		81		0		81		81		0		81		0		0		81		0		0		0		0		81		81		81		0		81		0		0		0		0		0		0		0		0		81		81		81		81		0		0		0		0		0		0		0		81		0		0		0		0		81		81		0		0		0		0		81		81		0		81		0		0		81		0		0		81		81		0		81		0		
81		81		0		81		0		0		0		0		81		0		0		81		81		81		0		0		0		0		0		0		0		0		0		0		0		0		0		0		81		0		0		0		0		81		0		0		0		0		81		0		0		0		0		0		0		0		0		0		81		0		0		0		81		81		81		0		81		81		81		0		81		0		0		0		0		0		0		81		0		0		0		0		0		0		0		0		0		81		0		0		
0		0		0		0		0		0		81		0		0		0		81		0		0		0		0		0		0		0		0		0		81		0		0		0		81		0		0		0		0		0		81		0		0		0		81		0		0		81		0		0		0		0		0		0		0		81		0		0		0		81		0		0		0		81		0		81		0		0		81		0		0		81		0		81		81		0		81		0		0		0		81		0		0		0		0		0		81		0		81		0		
0		0		0		0		81		81		81		0		0		0		0		81		81		0		81		0		0		0		0		0		0		0		81		0		0		0		0		0		81		0		0		0		81		0		81		0		81		81		0		81		0		81		0		81		0		0		0		0		81		0		0		81		0		81		81		81		0		81		81		0		0		0		81		81		0		0		0		0		0		81		0		0		81		81		0		0		0		0		0		81		
NDC Pairs
< 1		3 >
< 1		5 >
< 1		6 >
< 1		8 >
< 1		16 >
< 1		21 >
< 1		24 >
< 1		25 >
< 1		28 >
< 1		33 >
< 1		34 >
< 1		35 >
< 1		36 >
< 1		38 >
< 1		43 >
< 1		44 >
< 1		47 >
< 1		51 >
< 1		52 >
< 1		57 >
< 1		62 >
< 1		63 >
< 1		70 >
< 1		78 >
< 2		5 >
< 2		6 >
< 2		10 >
< 2		12 >
< 2		14 >
< 2		16 >
< 2		17 >
< 2		22 >
< 2		24 >
< 2		38 >
< 2		40 >
< 2		42 >
< 2		44 >
< 2		47 >
< 2		48 >
< 2		49 >
< 2		52 >
< 2		56 >
< 2		57 >
< 2		58 >
< 2		66 >
< 2		68 >
< 2		70 >
< 2		74 >
< 2		76 >
< 2		78 >
< 3		9 >
< 3		11 >
< 3		13 >
< 3		16 >
< 3		19 >
< 3		21 >
< 3		24 >
< 3		26 >
< 3		27 >
< 3		28 >
< 3		29 >
< 3		30 >
< 3		32 >
< 3		35 >
< 3		36 >
< 3		37 >
< 3		48 >
< 3		53 >
< 3		60 >
< 3		61 >
< 3		63 >
< 3		67 >
< 3		70 >
< 3		73 >
< 4		10 >
< 4		16 >
< 4		21 >
< 4		26 >
< 4		27 >
< 4		30 >
< 4		36 >
< 4		41 >
< 4		45 >
< 4		46 >
< 4		53 >
< 4		54 >
< 4		55 >
< 4		60 >
< 4		66 >
< 4		73 >
< 4		74 >
< 4		78 >
< 5		6 >
< 5		7 >
< 5		8 >
< 5		24 >
< 5		29 >
< 5		30 >
< 5		37 >
< 5		51 >
< 5		52 >
< 5		58 >
< 5		61 >
< 5		64 >
< 5		67 >
< 5		68 >
< 5		70 >
< 5		73 >
< 5		80 >
< 6		12 >
< 6		13 >
< 6		15 >
< 6		20 >
< 6		21 >
< 6		26 >
< 6		35 >
< 6		43 >
< 6		48 >
< 6		49 >
< 6		53 >
< 6		56 >
< 6		57 >
< 6		59 >
< 6		63 >
< 6		65 >
< 6		67 >
< 6		68 >
< 6		73 >
< 6		76 >
< 6		80 >
< 7		9 >
< 7		12 >
< 7		29 >
< 7		32 >
< 7		34 >
< 7		36 >
< 7		37 >
< 7		40 >
< 7		43 >
< 7		44 >
< 7		48 >
< 7		52 >
< 7		61 >
< 7		64 >
< 7		65 >
< 7		68 >
< 7		69 >
< 7		71 >
< 7		79 >
< 7		80 >
< 8		10 >
< 8		12 >
< 8		13 >
< 8		16 >
< 8		20 >
< 8		21 >
< 8		25 >
< 8		26 >
< 8		32 >
< 8		36 >
< 8		47 >
< 8		52 >
< 8		54 >
< 8		55 >
< 8		56 >
< 8		64 >
< 8		65 >
< 8		68 >
< 8		72 >
< 9		12 >
< 9		13 >
< 9		16 >
< 9		17 >
< 9		18 >
< 9		19 >
< 9		21 >
< 9		26 >
< 9		31 >
< 9		35 >
< 9		46 >
< 9		50 >
< 9		55 >
< 9		58 >
< 9		59 >
< 9		60 >
< 9		61 >
< 9		63 >
< 9		66 >
< 9		69 >
< 9		73 >
< 9		78 >
< 10		12 >
< 10		15 >
< 10		19 >
< 10		24 >
< 10		32 >
< 10		38 >
< 10		41 >
< 10		42 >
< 10		43 >
< 10		46 >
< 10		49 >
< 10		50 >
< 10		52 >
< 10		57 >
< 10		61 >
< 10		68 >
< 10		69 >
< 10		71 >
< 11		12 >
< 11		13 >
< 11		19 >
< 11		22 >
< 11		29 >
< 11		32 >
< 11		40 >
< 11		43 >
< 11		45 >
< 11		53 >
< 11		54 >
< 11		55 >
< 11		58 >
< 11		59 >
< 11		63 >
< 11		65 >
< 11		66 >
< 11		68 >
< 11		70 >
< 11		72 >
< 11		79 >
< 12		15 >
< 12		17 >
< 12		18 >
< 12		19 >
< 12		20 >
< 12		30 >
< 12		31 >
< 12		32 >
< 12		36 >
< 12		41 >
< 12		42 >
< 12		44 >
< 12		45 >
< 12		46 >
< 12		49 >
< 12		51 >
< 12		53 >
< 12		54 >
< 12		56 >
< 12		58 >
< 12		59 >
< 12		60 >
< 12		66 >
< 12		67 >
< 12		68 >
< 12		76 >
< 12		78 >
< 12		80 >
< 13		19 >
< 13		21 >
< 13		22 >
< 13		23 >
< 13		24 >
< 13		26 >
< 13		31 >
< 13		33 >
< 13		36 >
< 13		41 >
< 13		43 >
< 13		46 >
< 13		50 >
< 13		59 >
< 13		62 >
< 13		63 >
< 13		72 >
< 13		78 >
< 13		80 >
< 14		15 >
< 14		21 >
< 14		27 >
< 14		28 >
< 14		34 >
< 14		38 >
< 14		42 >
< 14		45 >
< 14		47 >
< 14		54 >
< 14		61 >
< 14		65 >
< 14		66 >
< 14		67 >
< 14		68 >
< 14		70 >
< 14		78 >
< 15		17 >
< 15		19 >
< 15		23 >
< 15		27 >
< 15		35 >
< 15		36 >
< 15		40 >
< 15		42 >
< 15		46 >
< 15		47 >
< 15		49 >
< 15		54 >
< 15		60 >
< 15		64 >
< 15		68 >
< 15		70 >
< 15		71 >
< 15		75 >
< 15		76 >
< 15		80 >
< 16		22 >
< 16		32 >
< 16		36 >
< 16		40 >
< 16		44 >
< 16		46 >
< 16		48 >
< 16		49 >
< 16		52 >
< 16		56 >
< 16		59 >
< 16		60 >
< 16		63 >
< 17		21 >
< 17		23 >
< 17		28 >
< 17		32 >
< 17		34 >
< 17		35 >
< 17		37 >
< 17		38 >
< 17		44 >
< 17		49 >
< 17		54 >
< 17		56 >
< 17		64 >
< 17		68 >
< 17		70 >
< 17		74 >
< 18		22 >
< 18		23 >
< 18		27 >
< 18		31 >
< 18		35 >
< 18		43 >
< 18		46 >
< 18		47 >
< 18		49 >
< 18		50 >
< 18		52 >
< 18		60 >
< 18		63 >
< 18		66 >
< 18		68 >
< 18		70 >
< 18		71 >
< 18		77 >
< 19		24 >
< 19		30 >
< 19		37 >
< 19		42 >
< 19		47 >
< 19		51 >
< 19		53 >
< 19		56 >
< 19		59 >
< 19		69 >
< 19		72 >
< 19		73 >
< 19		76 >
< 19		77 >
< 20		21 >
< 20		24 >
< 20		26 >
< 20		30 >
< 20		34 >
< 20		37 >
< 20		43 >
< 20		47 >
< 20		48 >
< 20		54 >
< 20		56 >
< 20		57 >
< 20		61 >
< 20		63 >
< 20		64 >
< 20		65 >
< 20		66 >
< 20		69 >
< 20		71 >
< 21		23 >
< 21		24 >
< 21		31 >
< 21		32 >
< 21		39 >
< 21		40 >
< 21		46 >
< 21		49 >
< 21		53 >
< 21		54 >
< 21		55 >
< 21		56 >
< 21		64 >
< 21		70 >
< 21		77 >
< 21		79 >
< 22		25 >
< 22		26 >
< 22		40 >
< 22		41 >
< 22		43 >
< 22		45 >
< 22		49 >
< 22		51 >
< 22		52 >
< 22		54 >
< 22		56 >
< 22		58 >
< 22		61 >
< 22		68 >
< 22		69 >
< 22		71 >
< 22		72 >
< 22		75 >
< 22		77 >
< 23		27 >
< 23		28 >
< 23		35 >
< 23		36 >
< 23		41 >
< 23		45 >
< 23		46 >
< 23		49 >
< 23		50 >
< 23		53 >
< 23		61 >
< 23		72 >
< 23		76 >
< 23		80 >
< 24		26 >
< 24		27 >
< 24		36 >
< 24		40 >
< 24		43 >
< 24		50 >
< 24		56 >
< 24		58 >
< 24		59 >
< 24		60 >
< 24		61 >
< 24		63 >
< 24		67 >
< 24		72 >
< 24		75 >
< 24		77 >
< 25		28 >
< 25		41 >
< 25		43 >
< 25		44 >
< 25		46 >
< 25		47 >
< 25		48 >
< 25		53 >
< 25		54 >
< 25		61 >
< 25		62 >
< 25		63 >
< 25		64 >
< 25		69 >
< 25		74 >
< 25		75 >
< 25		79 >
< 26		28 >
< 26		30 >
< 26		35 >
< 26		40 >
< 26		45 >
< 26		48 >
< 26		51 >
< 26		55 >
< 26		57 >
< 26		58 >
< 26		63 >
< 26		68 >
< 26		70 >
< 26		71 >
< 26		74 >
< 27		28 >
< 27		29 >
< 27		33 >
< 27		35 >
< 27		37 >
< 27		41 >
< 27		42 >
< 27		45 >
< 27		46 >
< 27		48 >
< 27		52 >
< 27		56 >
< 27		57 >
< 27		59 >
< 27		64 >
< 27		65 >
< 27		68 >
< 27		71 >
< 27		73 >
< 27		77 >
< 28		29 >
< 28		31 >
< 28		36 >
< 28		37 >
< 28		49 >
< 28		55 >
< 28		61 >
< 28		62 >
< 28		63 >
< 28		66 >
< 28		70 >
< 28		73 >
< 28		74 >
< 28		75 >
< 29		34 >
< 29		35 >
< 29		37 >
< 29		38 >
< 29		42 >
< 29		49 >
< 29		52 >
< 29		56 >
< 29		59 >
< 29		64 >
< 29		65 >
< 29		66 >
< 29		68 >
< 29		70 >
< 29		72 >
< 29		73 >
< 29		78 >
< 29		80 >
< 30		41 >
< 30		43 >
< 30		45 >
< 30		46 >
< 30		47 >
< 30		50 >
< 30		58 >
< 30		59 >
< 30		62 >
< 30		64 >
< 30		67 >
< 30		68 >
< 30		71 >
< 30		72 >
< 31		32 >
< 31		36 >
< 31		38 >
< 31		40 >
< 31		42 >
< 31		44 >
< 31		50 >
< 31		54 >
< 31		55 >
< 31		58 >
< 31		59 >
< 31		61 >
< 31		65 >
< 31		66 >
< 31		67 >
< 31		68 >
< 31		69 >
< 31		70 >
< 31		72 >
< 31		73 >
< 31		76 >
< 31		79 >
< 32		33 >
< 32		34 >
< 32		41 >
< 32		48 >
< 32		49 >
< 32		50 >
< 32		52 >
< 32		54 >
< 32		58 >
< 32		59 >
< 32		67 >
< 32		68 >
< 32		70 >
< 32		71 >
< 32		77 >
< 33		34 >
< 33		36 >
< 33		37 >
< 33		38 >
< 33		43 >
< 33		49 >
< 33		56 >
< 33		57 >
< 33		62 >
< 33		63 >
< 33		77 >
< 33		80 >
< 34		36 >
< 34		37 >
< 34		38 >
< 34		41 >
< 34		44 >
< 34		48 >
< 34		51 >
< 34		52 >
< 34		55 >
< 34		56 >
< 34		58 >
< 34		59 >
< 34		60 >
< 34		61 >
< 34		63 >
< 34		65 >
< 34		66 >
< 34		68 >
< 34		71 >
< 34		74 >
< 34		77 >
< 34		78 >
< 35		37 >
< 35		39 >
< 35		47 >
< 35		59 >
< 35		60 >
< 35		61 >
< 35		63 >
< 35		72 >
< 35		79 >
< 35		80 >
< 36		38 >
< 36		45 >
< 36		55 >
< 36		59 >
< 36		68 >
< 36		72 >
< 36		73 >
< 36		77 >
< 37		39 >
< 37		40 >
< 37		51 >
< 37		53 >
< 37		55 >
< 37		56 >
< 37		68 >
< 37		72 >
< 37		73 >
< 37		80 >
< 38		40 >
< 38		43 >
< 38		45 >
< 38		48 >
< 38		49 >
< 38		50 >
< 38		53 >
< 38		60 >
< 38		61 >
< 38		75 >
< 38		79 >
< 38		80 >
< 39		40 >
< 39		54 >
< 39		55 >
< 39		60 >
< 39		65 >
< 39		76 >
< 39		78 >
< 40		41 >
< 40		43 >
< 40		53 >
< 40		55 >
< 40		56 >
< 40		58 >
< 40		62 >
< 40		64 >
< 40		75 >
< 40		80 >
< 41		42 >
< 41		44 >
< 41		47 >
< 41		50 >
< 41		51 >
< 41		52 >
< 41		53 >
< 41		58 >
< 41		65 >
< 41		66 >
< 41		72 >
< 42		51 >
< 42		55 >
< 42		60 >
< 42		63 >
< 42		72 >
< 42		73 >
< 42		75 >
< 42		80 >
< 43		51 >
< 43		54 >
< 43		56 >
< 43		57 >
< 43		58 >
< 43		66 >
< 43		69 >
< 43		72 >
< 43		74 >
< 43		76 >
< 44		48 >
< 44		54 >
< 44		58 >
< 44		69 >
< 44		80 >
< 45		46 >
< 45		49 >
< 45		50 >
< 45		55 >
< 45		56 >
< 45		61 >
< 45		65 >
< 45		72 >
< 45		74 >
< 45		77 >
< 46		55 >
< 46		57 >
< 46		58 >
< 46		59 >
< 46		64 >
< 46		69 >
< 46		71 >
< 46		77 >
< 46		79 >
< 47		48 >
< 47		49 >
< 47		51 >
< 47		54 >
< 47		55 >
< 47		56 >
< 47		59 >
< 47		60 >
< 47		65 >
< 47		70 >
< 47		71 >
< 47		72 >
< 47		73 >
< 47		75 >
< 47		77 >
< 48		52 >
< 48		56 >
< 48		60 >
< 48		63 >
< 48		64 >
< 48		68 >
< 48		72 >
< 48		73 >
< 48		77 >
< 49		52 >
< 49		54 >
< 49		57 >
< 49		58 >
< 49		60 >
< 49		61 >
< 49		62 >
< 49		63 >
< 49		65 >
< 49		69 >
< 49		70 >
< 49		75 >
< 49		78 >
< 49		80 >
< 50		53 >
< 50		54 >
< 50		56 >
< 50		59 >
< 50		62 >
< 50		63 >
< 50		64 >
< 50		66 >
< 50		68 >
< 50		72 >
< 50		76 >
< 50		79 >
< 51		58 >
< 51		65 >
< 51		74 >
< 51		75 >
< 52		57 >
< 52		60 >
< 52		62 >
< 52		63 >
< 52		64 >
< 52		68 >
< 52		69 >
< 52		71 >
< 52		74 >
< 52		80 >
< 53		62 >
< 53		63 >
< 53		66 >
< 53		73 >
< 53		75 >
< 53		78 >
< 54		55 >
< 54		57 >
< 54		58 >
< 54		60 >
< 54		63 >
< 54		64 >
< 54		65 >
< 54		66 >
< 54		67 >
< 54		68 >
< 54		74 >
< 54		75 >
< 54		78 >
< 54		79 >
< 54		80 >
< 55		60 >
< 55		61 >
< 55		71 >
< 55		78 >
< 55		80 >
< 56		60 >
< 56		62 >
< 56		63 >
< 56		72 >
< 56		73 >
< 56		74 >
< 56		77 >
< 56		79 >
< 56		80 >
< 57		62 >
< 57		67 >
< 57		69 >
< 57		76 >
< 57		78 >
< 58		60 >
< 58		63 >
< 58		64 >
< 58		65 >
< 58		67 >
< 58		71 >
< 58		78 >
< 58		80 >
< 59		61 >
< 59		66 >
< 59		70 >
< 59		73 >
< 59		78 >
< 59		79 >
< 59		80 >
< 60		64 >
< 60		65 >
< 60		67 >
< 60		72 >
< 60		74 >
< 61		63 >
< 61		68 >
< 61		69 >
< 61		72 >
< 61		74 >
< 61		75 >
< 61		77 >
< 61		78 >
< 62		63 >
< 62		66 >
< 62		67 >
< 62		68 >
< 62		71 >
< 62		72 >
< 62		74 >
< 62		75 >
< 62		76 >
< 62		77 >
< 62		79 >
< 63		66 >
< 63		74 >
< 63		80 >
< 64		66 >
< 64		70 >
< 64		71 >
< 64		72 >
< 64		79 >
< 64		80 >
< 65		67 >
< 65		73 >
< 65		74 >
< 65		76 >
< 65		79 >
< 66		70 >
< 66		71 >
< 66		73 >
< 66		74 >
< 66		75 >
< 66		76 >
< 67		72 >
< 67		73 >
< 67		74 >
< 67		77 >
< 67		79 >
< 68		77 >
< 68		78 >
< 69		70 >
< 69		73 >
< 69		75 >
< 70		72 >
< 70		74 >
< 70		77 >
< 70		80 >
< 71		75 >
< 71		76 >
< 71		79 >
< 72		73 >
< 73		74 >
< 73		77 >
< 73		80 >
< 74		80 >
< 76		77 >
< 77		79 >
