nNodes= 80
nPairs= 925  
Weight
4
4
4
3
4
4
4
2
4
3
2
2
4
3
4
4
4
3
4
3
2
4
4
4
2
2
3
3
3
4
2
2
4
3
2
4
4
2
4
2
3
2
3
2
3
3
3
4
4
3
4
4
2
4
3
4
4
2
2
4
3
2
2
2
2
2
4
4
4
3
2
3
3
3
3
4
2
4
3
2
Cost
81		0		0		0		0		81		81		0		0		0		0		0		0		0		0		81		0		0		0		0		81		0		0		0		0		0		0		81		0		81		81		0		81		0		0		0		0		0		0		0		0		81		0		0		0		0		0		0		0		0		0		81		81		81		81		0		81		0		81		0		0		81		81		0		0		0		0		81		0		0		0		0		0		0		0		0		0		0		0		81		
0		81		81		0		0		0		0		81		0		0		0		0		81		81		0		0		0		81		0		81		0		0		81		0		81		81		0		81		81		0		81		0		0		0		0		81		0		0		0		0		0		0		81		81		0		81		0		0		81		0		0		0		0		81		0		81		81		81		0		0		0		81		0		81		81		81		0		0		0		81		0		0		0		0		81		0		81		0		0		0		
0		81		81		0		0		0		0		0		0		81		81		0		0		0		0		0		0		0		81		0		0		81		0		0		81		81		0		0		0		0		0		81		0		0		0		81		0		0		0		0		0		0		0		0		0		0		0		0		0		81		0		0		0		0		81		0		0		0		0		0		81		0		0		0		0		0		0		0		81		0		0		0		0		81		81		0		0		81		0		0		
0		0		0		81		0		0		81		81		0		0		81		0		0		0		0		81		0		0		0		0		0		81		0		0		0		0		0		81		0		81		81		0		0		0		0		0		81		81		81		81		0		81		0		81		0		0		0		0		0		0		0		0		81		81		0		0		0		0		0		81		0		0		81		0		0		0		81		0		0		81		0		81		0		0		0		0		0		81		0		81		
0		0		0		0		81		0		81		0		0		0		0		81		0		0		0		0		0		81		0		0		0		0		0		81		0		0		0		0		81		0		81		81		0		0		0		0		0		0		81		0		0		0		0		81		0		81		0		0		0		81		0		0		0		0		0		81		0		81		81		0		0		0		81		81		0		0		0		0		81		81		81		0		0		0		0		0		81		81		0		0		
81		0		0		0		0		81		0		0		81		0		81		0		0		81		0		0		81		0		0		81		0		0		81		0		0		0		0		0		0		0		0		81		81		0		0		0		0		81		0		0		0		0		0		81		0		0		81		0		81		81		81		0		0		0		0		0		0		0		0		0		0		81		0		0		0		0		81		81		0		0		0		0		81		0		81		0		0		0		0		81		
81		0		0		81		81		0		81		0		0		0		0		81		0		0		0		0		0		0		81		81		0		0		81		0		0		81		0		81		0		0		81		81		81		0		0		0		81		0		0		0		81		0		0		0		81		0		0		81		81		81		0		0		0		81		0		0		81		0		0		0		0		81		81		0		0		0		0		81		0		0		0		81		81		0		0		81		0		81		0		0		
0		81		0		81		0		0		0		81		81		0		81		0		0		0		81		0		0		81		81		81		0		0		0		0		0		0		0		81		81		0		81		0		81		81		81		0		0		81		0		0		0		0		0		0		0		0		0		81		81		0		81		0		0		0		0		0		0		0		0		81		0		81		0		81		0		81		0		81		0		81		81		0		0		0		81		81		81		0		81		0		
0		0		0		0		0		81		0		81		81		0		0		81		0		0		0		0		81		0		81		0		0		81		0		0		0		81		81		0		0		81		0		0		81		0		81		81		0		0		81		81		0		0		81		81		0		0		0		81		0		0		0		81		0		0		0		0		0		0		81		81		81		0		0		81		0		81		81		81		0		0		0		81		0		81		0		0		0		81		81		0		
0		0		81		0		0		0		0		0		0		81		0		0		0		0		81		0		81		0		0		81		0		0		0		81		0		0		0		0		81		0		0		0		0		81		0		0		0		0		0		0		0		0		0		0		0		81		0		0		0		0		0		0		81		0		0		0		0		0		0		81		81		0		0		81		0		0		0		0		0		81		0		0		81		0		0		81		81		0		0		0		
0		0		81		81		0		81		0		81		0		0		81		0		0		0		0		0		0		0		0		81		0		81		0		0		0		81		0		0		81		0		0		81		0		0		0		0		0		0		0		0		0		0		0		0		0		81		0		0		0		0		0		0		0		0		81		0		0		81		0		81		0		0		0		0		81		0		81		0		81		0		0		81		0		81		81		0		0		81		0		81		
0		0		0		0		81		0		81		0		81		0		0		81		0		0		81		0		0		0		81		0		0		0		81		0		81		81		81		81		0		0		0		0		0		0		0		0		81		0		0		0		0		0		81		81		0		0		81		0		81		81		0		81		0		0		0		0		0		0		0		0		0		0		0		81		0		0		0		81		81		0		0		81		0		0		81		0		0		0		0		0		
0		81		0		0		0		0		0		0		0		0		0		0		81		0		81		0		0		0		0		0		0		81		0		0		81		81		0		0		81		0		0		0		0		0		81		0		0		0		81		81		0		0		0		0		0		0		0		0		0		0		81		81		0		0		0		0		0		81		81		0		81		81		81		81		0		81		0		0		81		0		81		81		81		81		0		0		81		0		0		0		
0		81		0		0		0		81		0		0		0		0		0		0		0		81		81		0		81		81		81		0		0		81		0		81		81		81		0		81		81		81		81		0		0		0		81		0		81		81		81		0		0		0		0		0		0		0		81		0		0		0		0		0		81		81		0		0		81		0		0		0		81		0		0		0		0		0		81		81		0		0		0		0		0		81		81		81		0		0		0		0		
0		0		0		0		0		0		0		81		0		81		0		81		81		81		81		0		81		0		0		0		0		81		0		0		0		81		0		0		81		81		0		0		81		81		81		0		0		0		0		0		0		81		0		0		0		81		0		0		81		81		81		0		0		0		81		0		81		81		0		0		81		0		0		0		0		0		81		0		81		0		0		0		0		81		0		0		0		0		0		0		
81		0		0		81		0		0		0		0		0		0		0		0		0		0		0		81		81		0		81		0		0		81		0		0		0		0		0		0		0		0		0		0		81		0		81		0		0		0		81		81		0		0		0		0		0		0		0		0		81		0		81		81		81		0		81		81		0		0		0		81		0		81		81		0		0		0		0		0		81		81		81		0		0		0		0		0		81		81		81		0		
0		0		0		0		0		81		0		0		81		81		0		0		0		81		81		81		81		0		0		0		0		0		0		0		81		81		81		0		81		81		0		0		0		81		81		0		0		0		81		0		0		0		0		0		0		0		0		81		0		0		81		81		0		0		0		81		0		0		0		0		81		0		0		0		0		81		0		0		0		0		0		0		0		0		0		0		0		0		0		81		
0		81		0		0		81		0		0		81		0		0		0		0		0		81		0		0		0		81		0		0		0		81		0		81		81		81		0		81		0		0		81		0		81		0		0		0		0		0		0		0		81		0		81		0		81		81		0		81		0		0		81		0		81		0		81		0		81		81		0		81		0		0		0		0		0		0		81		81		0		0		0		0		0		0		81		0		0		0		0		0		
0		0		81		0		0		0		81		81		81		0		0		81		0		81		0		81		0		0		81		0		0		0		0		0		0		81		81		81		81		0		0		0		0		0		0		0		0		81		0		81		81		81		0		81		81		0		0		81		0		81		0		0		81		0		0		0		0		0		81		0		0		0		0		0		81		0		0		0		81		0		81		0		0		0		0		0		0		81		0		0		
0		81		0		0		0		81		81		81		0		81		81		0		0		0		0		0		0		0		0		81		0		0		0		0		0		0		0		81		0		81		81		81		0		0		81		81		0		0		0		0		0		0		0		0		81		0		0		0		0		81		81		81		0		81		81		81		81		0		0		0		0		0		0		0		81		0		0		0		0		0		0		0		81		0		0		81		0		81		0		0		
81		0		0		0		0		0		0		0		0		0		0		0		0		0		0		0		0		0		0		0		81		0		0		0		0		0		0		0		81		0		0		0		0		0		81		0		0		0		81		0		0		0		81		0		81		0		81		0		0		0		0		0		81		0		0		0		0		81		0		0		0		0		0		0		81		81		81		81		81		0		0		0		81		0		0		81		81		0		0		0		
0		0		81		81		0		0		0		0		81		0		81		0		81		81		81		81		0		81		0		0		0		81		0		0		0		81		81		0		0		0		0		0		81		0		0		0		81		0		0		0		0		0		0		0		0		0		0		0		0		81		0		0		81		0		0		0		0		0		0		0		0		81		0		0		0		81		0		0		0		0		81		0		81		0		81		81		0		0		0		81		
0		81		0		0		0		81		81		0		0		0		0		81		0		0		0		0		0		0		0		0		0		0		81		81		0		0		0		81		0		0		0		0		0		0		0		81		81		0		81		0		0		81		0		0		0		0		81		0		0		81		0		0		0		0		0		0		0		0		0		0		81		0		0		0		0		81		0		0		0		0		0		81		0		81		0		0		0		0		0		81		
0		0		0		0		81		0		0		0		0		81		0		0		0		81		0		0		0		81		0		0		0		0		81		81		81		0		81		81		0		81		0		0		0		0		0		0		81		81		0		0		81		0		0		81		0		0		0		0		0		0		0		0		81		81		0		81		0		0		0		0		0		0		0		0		0		81		81		81		0		0		81		81		0		81		81		0		0		0		0		0		
0		81		81		0		0		0		0		0		0		0		0		81		81		81		0		0		81		81		0		0		0		0		0		81		81		81		0		0		81		0		0		0		0		0		81		0		0		0		81		0		0		0		0		0		0		81		81		0		0		0		0		81		0		0		81		0		81		0		81		81		0		81		81		0		0		0		0		0		81		0		0		0		0		0		0		0		0		0		0		0		
0		81		81		0		0		0		81		0		81		0		81		81		81		81		81		0		81		81		81		0		0		81		0		0		81		81		81		0		0		81		0		0		0		81		0		81		0		0		0		0		81		0		0		0		0		0		0		0		0		81		0		81		0		0		0		0		81		0		0		0		0		0		0		0		0		0		0		0		0		0		0		0		0		0		0		81		0		0		81		0		
0		0		0		0		0		0		0		0		81		0		0		81		0		0		0		0		81		0		81		0		0		81		0		81		0		81		81		0		81		0		0		0		81		0		0		81		0		0		0		0		0		0		0		81		81		81		0		0		0		81		81		0		0		0		81		81		81		0		0		81		0		0		81		0		0		0		81		0		0		81		0		0		0		81		0		81		81		0		81		81		
81		81		0		81		0		0		81		81		0		0		0		81		0		81		0		0		0		81		81		81		0		0		81		81		0		0		0		81		0		81		0		0		0		81		0		0		0		0		81		0		81		81		81		0		81		0		0		81		0		0		0		81		0		0		0		0		0		0		81		81		0		0		0		81		0		0		0		0		81		0		0		0		81		81		0		81		0		0		81		81		
0		81		0		0		81		0		0		81		0		81		81		0		81		81		81		0		81		0		81		0		81		0		0		0		81		0		81		0		81		0		0		81		0		0		0		81		0		81		81		0		81		0		0		0		0		0		81		81		0		0		0		0		0		0		0		81		0		0		0		0		0		0		0		81		81		81		81		0		0		0		0		0		0		81		0		81		0		0		0		0		
81		0		0		81		0		0		0		0		81		0		0		0		0		81		81		0		81		0		0		81		0		0		0		81		0		81		0		81		0		81		0		0		81		0		0		0		81		81		0		81		0		81		81		0		0		0		0		0		81		0		81		0		0		81		0		0		81		0		0		0		0		0		81		0		0		81		0		81		81		0		0		81		0		0		0		0		81		0		0		0		
81		81		0		81		81		0		81		81		0		0		0		0		0		81		0		0		0		81		0		81		0		0		0		0		0		0		0		0		0		0		81		0		0		0		81		81		0		0		0		0		0		81		0		81		81		0		0		81		0		0		81		0		0		0		0		0		0		0		81		81		0		0		0		81		0		0		0		81		81		0		81		0		0		0		81		0		0		0		0		0		
0		0		81		0		81		81		81		0		0		0		81		0		0		0		0		0		0		0		0		81		0		0		0		0		0		0		0		0		81		0		0		81		0		81		0		0		0		0		81		0		0		0		0		0		81		0		81		0		81		0		0		0		0		0		0		0		0		0		81		0		81		81		0		81		0		0		0		0		0		0		0		0		0		81		0		81		0		81		0		0		
81		0		0		0		0		81		81		81		81		0		0		0		0		0		81		81		0		81		0		0		0		81		0		0		0		0		81		0		0		81		0		0		81		0		0		0		81		0		81		0		81		0		0		0		0		0		81		0		0		81		81		81		81		0		0		0		0		0		0		0		0		81		0		0		0		81		0		0		0		0		0		0		0		0		81		0		0		0		0		0		
0		0		0		0		0		0		0		81		0		81		0		0		0		0		81		0		81		0		0		0		0		0		0		0		0		81		0		81		0		0		0		81		0		81		81		0		81		0		0		0		0		0		0		81		81		0		0		81		0		81		0		81		0		0		0		81		0		0		0		0		81		81		0		81		0		81		0		0		0		0		81		0		0		0		81		0		81		0		0		0		
0		0		0		0		0		0		0		81		81		0		0		0		81		81		81		81		81		0		0		81		81		0		0		0		81		0		0		0		0		0		81		0		0		81		81		81		0		0		81		0		81		0		0		0		0		81		0		0		0		81		0		0		81		0		81		0		0		0		81		0		0		81		0		0		0		0		81		0		0		0		0		0		0		0		0		81		0		0		81		0		
0		81		81		0		0		0		0		0		81		0		0		0		0		0		0		0		0		0		0		81		0		0		81		0		0		81		81		0		81		0		81		0		0		0		81		81		0		0		81		0		0		0		0		81		81		0		0		0		0		0		0		0		81		0		81		0		0		81		81		0		0		0		0		81		0		81		0		0		81		81		0		0		0		81		0		0		81		0		81		0		
0		0		0		81		0		0		81		0		0		0		0		81		0		81		0		0		0		0		0		0		0		81		81		81		0		0		0		0		0		81		0		0		81		81		0		0		81		0		81		0		0		0		0		0		0		0		0		0		81		0		0		0		0		81		0		81		0		0		0		0		81		81		0		0		0		0		0		0		0		0		81		81		0		81		0		0		81		0		81		0		
0		0		0		81		0		81		0		81		0		0		0		0		0		81		0		0		0		0		81		0		0		0		0		81		0		0		0		0		81		81		0		0		0		0		0		0		0		81		0		0		0		0		0		0		0		0		0		0		81		0		0		0		0		0		0		0		81		0		0		0		0		81		81		81		0		0		0		0		0		81		81		0		0		0		81		81		0		0		0		81		
0		0		0		81		81		0		0		0		81		0		0		0		81		81		0		81		81		0		0		0		81		0		81		0		81		0		0		81		81		0		0		81		81		0		81		81		81		0		81		0		81		81		0		0		0		0		0		0		0		81		0		81		0		0		0		0		81		0		0		0		0		0		0		0		0		0		81		0		81		0		0		81		0		81		0		0		0		81		0		0		
0		0		0		81		0		0		0		0		81		0		0		0		81		0		0		81		0		0		81		0		0		0		0		0		0		0		0		0		0		81		0		0		0		0		0		0		0		0		0		81		0		81		0		0		0		0		0		0		0		0		0		0		0		81		0		0		0		81		81		0		0		0		0		81		0		0		0		0		0		0		0		0		0		0		0		0		0		0		0		0		
0		0		0		0		0		0		81		0		0		0		0		0		0		0		0		0		0		81		81		0		0		0		0		81		0		81		0		81		81		0		0		0		81		0		81		0		0		0		81		0		81		0		0		0		81		0		0		0		0		0		0		0		81		0		0		81		0		0		0		0		81		0		0		0		0		0		0		0		0		0		0		0		0		0		0		81		81		0		81		81		
81		0		0		81		0		0		0		0		0		0		0		0		0		0		81		0		0		0		81		0		0		0		81		0		0		0		0		81		0		81		81		0		0		0		0		0		0		0		81		81		0		81		0		0		0		0		81		0		81		0		0		0		81		0		0		81		0		0		0		0		81		0		81		0		0		0		81		0		0		0		0		0		0		0		81		0		0		81		0		0		
0		81		0		0		0		0		0		0		81		0		0		81		0		0		0		0		0		81		0		0		81		0		0		0		0		0		0		81		0		81		0		0		0		0		0		0		0		0		0		0		0		0		81		0		0		0		81		0		0		0		81		81		81		81		0		0		0		0		81		81		0		0		0		81		0		81		0		81		0		0		0		81		0		0		81		0		0		0		0		0		
0		81		0		81		81		81		0		0		81		0		0		81		0		0		0		0		0		0		81		0		0		0		0		81		0		0		81		0		0		0		81		0		0		81		0		81		0		0		0		0		0		0		0		81		81		81		81		0		0		0		81		0		0		81		0		81		0		0		0		0		0		81		0		0		0		0		81		0		0		0		81		0		0		81		81		81		0		0		0		81		
0		0		0		0		0		0		81		0		0		0		0		0		0		0		0		0		0		81		81		81		81		0		0		0		0		0		81		81		0		0		81		81		0		81		0		81		0		0		0		0		81		0		0		81		81		81		0		81		0		0		0		0		0		0		0		0		0		81		0		0		0		81		0		0		0		0		81		81		0		0		0		81		81		0		0		0		0		0		0		0		
0		81		0		0		81		0		0		0		0		81		81		0		0		0		81		0		0		81		0		0		0		0		0		0		81		0		81		0		0		0		0		0		0		0		81		0		0		0		0		0		0		0		0		81		81		81		81		81		0		81		0		0		0		81		81		0		0		0		0		0		0		0		81		0		81		0		0		0		81		0		81		0		0		0		81		0		81		0		0		81		
0		0		0		0		0		81		0		0		0		0		0		81		0		81		0		0		0		0		0		0		81		0		81		0		81		0		0		0		81		0		0		81		81		0		0		0		0		0		0		0		0		81		81		81		0		81		81		0		0		0		0		0		0		81		81		0		0		81		0		0		0		81		0		0		0		81		0		0		0		0		0		0		81		81		0		0		81		0		81		0		
0		0		0		0		0		0		81		81		81		0		0		0		0		0		0		0		81		81		81		0		0		0		0		0		0		0		0		81		81		0		81		0		0		81		0		0		0		0		0		0		0		0		0		0		81		81		0		81		81		81		0		81		0		0		0		0		0		81		0		0		0		0		81		0		0		0		0		81		0		0		81		81		0		81		0		0		81		0		0		0		
0		81		0		0		0		81		81		81		0		0		0		81		0		0		81		81		0		0		0		0		0		0		0		0		0		0		0		0		0		81		0		81		0		0		0		0		81		81		0		0		0		81		0		0		0		0		0		81		81		0		0		0		81		0		81		0		0		81		0		0		0		81		0		0		0		81		0		0		81		81		0		81		0		0		0		81		81		0		0		0		
0		0		81		0		81		81		81		0		0		0		0		81		0		0		81		0		0		0		81		81		0		81		81		0		0		81		81		0		0		0		0		0		81		81		81		0		0		0		81		0		0		0		0		0		0		81		0		81		0		81		81		0		0		0		0		0		81		81		81		81		0		0		0		81		0		0		0		0		0		81		81		0		0		0		0		81		0		0		81		0		
0		0		0		0		0		81		0		81		0		0		0		0		81		0		81		81		81		81		0		81		0		0		0		0		0		0		81		0		0		81		81		0		81		0		0		0		0		0		0		0		0		0		81		81		0		0		0		0		0		81		81		0		0		0		0		81		0		0		0		0		0		81		81		0		0		0		0		0		0		0		0		81		0		81		81		0		0		0		81		81		
81		0		0		0		0		0		0		0		81		0		0		81		81		0		0		81		81		0		0		81		0		0		0		0		81		81		0		81		0		0		0		0		81		81		0		0		0		0		81		0		0		0		81		0		0		0		0		81		0		0		0		81		0		0		0		0		0		0		81		0		0		0		0		81		0		0		81		81		0		81		0		0		0		81		0		81		0		81		81		0		
81		0		0		81		0		0		0		0		0		81		0		0		0		81		0		81		0		81		81		0		81		81		0		81		0		0		0		0		0		0		0		0		81		0		81		81		0		0		0		0		81		81		81		0		0		0		0		0		81		0		0		0		81		0		0		81		81		0		0		0		81		0		81		0		0		0		0		0		0		0		81		0		0		0		81		81		81		0		0		0		
81		81		0		81		0		0		81		0		0		0		0		0		0		81		0		0		0		0		0		81		0		0		0		81		0		0		0		0		0		81		0		0		0		0		0		0		81		0		0		81		0		0		81		81		0		81		81		0		0		0		0		0		0		81		0		0		0		0		81		0		81		0		0		0		0		0		81		0		0		0		81		0		0		81		0		0		81		0		0		0		
81		0		81		0		0		0		0		0		0		0		81		0		0		0		81		81		0		81		0		81		0		0		0		0		81		0		81		0		0		0		0		0		0		0		81		81		0		0		0		0		0		0		0		0		0		81		81		0		81		0		0		0		0		0		81		0		0		81		0		0		0		0		81		0		81		0		0		81		0		0		81		0		0		81		0		0		0		0		81		81		
0		81		0		0		81		0		0		0		0		0		0		0		0		0		0		81		81		0		0		81		0		0		0		81		0		0		81		0		81		0		0		0		0		81		0		0		81		0		0		0		81		81		0		81		0		0		0		0		0		0		81		0		81		0		0		81		0		81		81		0		0		0		0		0		81		0		81		81		0		0		0		0		0		0		0		0		0		0		0		0		
81		81		0		0		0		0		81		0		0		0		0		0		0		81		81		0		0		81		0		81		0		0		0		0		81		81		81		0		0		81		0		0		0		0		0		0		0		81		81		0		0		0		0		0		0		0		0		0		0		81		0		0		81		0		0		0		81		0		0		0		0		0		0		81		81		81		81		0		81		0		0		0		81		0		0		81		0		0		81		0		
0		81		0		0		81		0		0		0		0		0		81		0		81		0		81		0		0		81		0		0		81		0		0		0		0		0		0		0		0		0		0		0		0		0		0		81		0		0		0		81		0		0		0		0		81		0		81		81		81		81		0		0		0		0		81		81		0		81		0		81		0		0		0		0		0		81		81		0		0		0		81		81		81		0		0		0		0		81		0		0		
81		0		0		0		81		0		0		0		81		0		0		0		81		0		0		0		0		0		81		0		0		0		0		0		81		0		0		81		0		0		81		81		0		0		81		81		0		0		0		81		0		0		81		0		0		0		0		0		0		81		0		81		0		81		0		81		0		0		81		0		0		0		0		0		0		81		0		0		0		0		0		0		81		0		0		0		0		0		81		81		
0		0		0		81		0		0		0		81		81		81		81		0		0		0		0		81		0		81		0		0		0		0		0		0		81		0		81		81		0		0		81		0		0		0		0		0		0		0		0		0		0		0		81		0		0		0		0		0		0		81		0		0		0		0		0		0		0		81		0		81		81		0		81		0		0		0		0		0		81		0		0		0		81		0		81		81		81		0		0		81		
0		0		81		0		0		0		0		0		81		81		0		0		81		81		81		0		81		0		0		0		0		0		81		0		0		0		0		0		0		0		0		81		0		81		0		0		81		0		0		0		81		81		0		0		0		0		0		0		0		0		0		0		81		81		0		0		0		0		0		81		81		81		81		0		81		81		0		0		81		0		81		0		0		0		0		81		81		81		0		0		
81		81		0		0		0		81		81		81		0		0		0		0		81		0		0		81		0		0		0		0		0		81		0		0		81		0		0		0		0		0		0		81		81		81		81		0		81		81		0		0		0		0		0		81		81		0		81		0		81		0		81		0		0		0		0		0		0		0		0		0		81		81		0		0		81		0		0		81		0		0		81		81		0		81		0		0		0		0		81		0		
81		0		0		81		81		0		81		0		0		0		0		0		81		0		0		81		0		0		0		0		0		0		0		0		81		0		81		0		0		81		0		0		0		0		0		0		0		81		0		0		0		81		0		0		0		81		0		81		0		0		81		0		81		0		81		0		0		0		0		81		81		0		81		0		81		0		0		0		0		0		81		0		0		81		0		0		0		0		0		0		
0		81		0		0		81		0		0		81		81		81		0		81		81		0		0		0		0		0		0		0		0		0		0		0		0		0		0		81		81		0		81		81		0		81		0		81		0		81		0		81		0		0		81		0		0		0		0		0		0		81		0		81		0		0		0		0		81		0		0		0		0		0		0		81		81		0		81		81		81		0		81		0		0		0		81		0		81		81		81		0		
0		81		0		0		0		0		0		0		0		0		81		0		0		0		0		0		0		0		81		81		81		0		0		0		0		0		0		0		81		0		0		0		0		0		0		0		0		0		0		0		0		0		0		0		0		81		0		0		0		0		0		0		0		0		81		81		81		0		0		0		81		81		81		81		81		81		0		81		0		0		81		81		81		0		81		0		0		0		0		81		
0		81		0		0		0		0		0		81		81		0		0		0		81		0		0		0		81		0		0		0		81		81		81		81		0		0		0		0		81		81		0		0		81		81		0		81		0		0		0		0		0		0		81		0		0		0		81		0		81		0		0		0		0		0		0		0		81		81		81		0		81		0		0		0		81		81		0		0		0		0		0		81		0		0		0		0		81		0		0		0		
0		0		0		81		0		81		0		0		81		0		81		0		0		81		81		0		0		81		0		0		81		0		0		81		0		0		81		0		81		0		0		0		0		0		81		0		0		0		81		0		0		81		0		81		81		0		0		0		0		0		0		81		0		81		0		81		81		81		0		0		0		0		0		81		0		0		81		81		81		0		0		0		0		81		0		0		81		81		0		0		
81		0		0		0		0		81		81		81		81		0		0		81		0		81		0		0		0		81		0		0		81		0		0		81		0		0		0		0		0		81		81		0		0		0		0		0		0		0		0		0		0		0		81		0		81		0		0		81		0		0		0		81		0		0		81		81		0		0		0		0		0		81		0		81		81		0		81		81		0		81		81		0		0		0		0		0		0		0		81		0		
0		0		81		0		81		0		0		0		0		0		81		81		81		0		81		81		0		0		81		0		81		0		0		0		81		0		0		81		0		81		81		0		0		0		0		81		0		0		81		0		0		0		0		0		0		81		0		0		81		0		0		0		0		0		0		0		81		0		0		81		81		0		0		81		0		0		81		0		81		81		0		0		0		81		0		0		0		0		81		0		
0		81		0		81		81		0		0		81		0		81		0		0		0		0		0		81		0		0		0		0		0		0		0		0		0		0		81		0		0		0		0		0		0		0		0		81		0		81		0		0		0		0		0		0		0		0		0		0		81		81		0		81		0		0		0		0		0		0		0		0		0		0		0		0		0		0		0		81		81		81		0		0		0		0		81		81		81		0		81		81		
0		0		0		0		81		0		0		81		0		0		0		0		81		0		0		81		0		0		81		0		0		81		0		81		0		0		0		0		0		0		81		0		0		81		0		0		81		81		0		0		0		0		0		81		0		81		0		81		0		81		0		0		81		81		81		0		0		81		0		0		81		81		81		81		81		0		0		81		0		0		81		0		0		0		0		0		81		0		81		81		
0		0		0		81		0		0		81		0		81		0		81		81		81		0		0		0		0		0		0		0		0		0		81		81		0		0		0		0		0		81		0		0		0		0		0		0		81		0		81		0		0		0		81		0		81		0		0		81		81		0		81		0		0		0		0		0		0		81		0		0		0		81		0		0		81		81		0		0		0		0		0		81		0		81		0		81		0		0		0		81		
0		0		0		0		0		81		81		0		0		81		0		0		81		0		0		0		0		0		0		81		81		81		0		0		0		0		0		81		0		0		0		0		0		0		0		0		0		0		0		0		0		0		0		0		81		0		81		0		0		0		0		0		0		0		0		0		81		81		81		81		0		0		0		0		81		0		0		0		0		0		0		0		81		81		81		0		81		81		0		0		
0		0		81		0		0		0		0		0		81		0		81		0		81		81		81		0		0		0		0		0		0		0		81		81		0		0		81		81		81		0		0		81		0		0		0		81		81		0		81		0		0		0		0		81		0		0		81		81		0		0		81		81		0		81		81		0		0		0		0		0		0		81		81		0		0		0		81		0		81		0		0		81		81		81		81		0		0		0		81		0		
0		81		81		0		0		81		0		81		0		0		81		81		0		81		0		0		0		81		0		0		0		81		0		81		0		0		0		0		0		0		81		0		81		81		0		0		0		81		0		0		0		81		81		81		0		81		0		0		0		0		81		0		81		0		0		0		0		0		0		81		0		0		0		81		81		0		0		0		0		81		0		0		81		81		81		81		81		0		0		0		
0		0		0		0		0		0		81		81		0		81		0		0		0		81		0		0		0		0		0		81		81		81		0		0		0		81		81		81		81		0		0		81		0		0		81		0		0		81		0		0		81		0		0		81		0		0		0		0		81		81		0		81		81		0		0		0		81		0		0		81		81		0		0		0		0		0		0		0		0		81		0		81		0		0		81		81		81		0		0		0		
0		81		0		0		81		0		0		81		0		81		0		0		81		0		0		81		0		0		0		0		81		0		0		0		0		0		81		0		0		81		0		0		0		81		0		81		81		0		0		0		81		0		0		0		0		81		81		81		81		0		0		0		81		81		0		0		0		0		0		81		81		0		0		81		0		81		81		0		0		81		81		0		81		0		81		81		81		81		0		0		
0		0		81		81		81		0		81		0		81		0		81		0		0		0		0		81		0		0		81		81		0		0		0		0		0		0		0		0		0		0		0		81		0		0		0		0		0		0		81		0		0		81		0		0		0		0		0		0		0		0		0		81		0		0		0		0		0		81		0		0		81		0		0		81		0		0		81		0		0		0		0		0		81		0		0		0		81		81		0		0		
0		0		0		0		0		0		0		81		81		0		0		0		0		0		0		81		0		0		0		0		0		0		0		0		0		81		81		81		0		0		0		0		0		0		81		81		81		0		0		0		81		0		0		0		0		0		81		0		0		81		81		81		0		0		81		0		81		0		81		0		0		81		0		81		0		0		0		81		81		81		81		0		0		81		0		0		0		0		81		81		
81		0		0		81		0		81		0		0		0		0		81		0		0		0		0		0		81		0		0		0		0		81		81		0		0		0		81		81		0		0		0		0		0		0		0		0		0		81		0		0		81		0		0		81		0		81		0		0		0		0		81		0		0		0		81		0		0		0		81		81		0		0		0		0		81		0		0		0		0		81		81		81		0		0		0		0		0		0		81		81		
NDC Pairs
< 1		6 >
< 1		7 >
< 1		16 >
< 1		21 >
< 1		28 >
< 1		30 >
< 1		31 >
< 1		33 >
< 1		42 >
< 1		52 >
< 1		53 >
< 1		54 >
< 1		55 >
< 1		57 >
< 1		59 >
< 1		62 >
< 1		63 >
< 1		68 >
< 1		80 >
< 2		3 >
< 2		8 >
< 2		13 >
< 2		14 >
< 2		18 >
< 2		20 >
< 2		23 >
< 2		25 >
< 2		26 >
< 2		28 >
< 2		29 >
< 2		31 >
< 2		36 >
< 2		43 >
< 2		44 >
< 2		46 >
< 2		49 >
< 2		54 >
< 2		56 >
< 2		57 >
< 2		58 >
< 2		62 >
< 2		64 >
< 2		65 >
< 2		66 >
< 2		70 >
< 2		75 >
< 2		77 >
< 3		10 >
< 3		11 >
< 3		19 >
< 3		22 >
< 3		25 >
< 3		26 >
< 3		32 >
< 3		36 >
< 3		50 >
< 3		55 >
< 3		61 >
< 3		69 >
< 3		74 >
< 3		75 >
< 3		78 >
< 4		7 >
< 4		8 >
< 4		11 >
< 4		16 >
< 4		22 >
< 4		28 >
< 4		30 >
< 4		31 >
< 4		37 >
< 4		38 >
< 4		39 >
< 4		40 >
< 4		42 >
< 4		44 >
< 4		53 >
< 4		54 >
< 4		60 >
< 4		63 >
< 4		67 >
< 4		70 >
< 4		72 >
< 4		78 >
< 4		80 >
< 5		7 >
< 5		12 >
< 5		18 >
< 5		24 >
< 5		29 >
< 5		31 >
< 5		32 >
< 5		39 >
< 5		44 >
< 5		46 >
< 5		50 >
< 5		56 >
< 5		58 >
< 5		59 >
< 5		63 >
< 5		64 >
< 5		69 >
< 5		70 >
< 5		71 >
< 5		77 >
< 5		78 >
< 6		9 >
< 6		11 >
< 6		14 >
< 6		17 >
< 6		20 >
< 6		23 >
< 6		32 >
< 6		33 >
< 6		38 >
< 6		44 >
< 6		47 >
< 6		49 >
< 6		50 >
< 6		51 >
< 6		62 >
< 6		67 >
< 6		68 >
< 6		73 >
< 6		75 >
< 6		80 >
< 7		12 >
< 7		19 >
< 7		20 >
< 7		23 >
< 7		26 >
< 7		28 >
< 7		31 >
< 7		32 >
< 7		33 >
< 7		37 >
< 7		41 >
< 7		45 >
< 7		48 >
< 7		49 >
< 7		50 >
< 7		54 >
< 7		57 >
< 7		62 >
< 7		63 >
< 7		68 >
< 7		72 >
< 7		73 >
< 7		76 >
< 7		78 >
< 8		9 >
< 8		11 >
< 8		15 >
< 8		18 >
< 8		19 >
< 8		20 >
< 8		28 >
< 8		29 >
< 8		31 >
< 8		33 >
< 8		34 >
< 8		35 >
< 8		38 >
< 8		48 >
< 8		49 >
< 8		51 >
< 8		60 >
< 8		62 >
< 8		64 >
< 8		66 >
< 8		68 >
< 8		70 >
< 8		71 >
< 8		75 >
< 8		76 >
< 8		77 >
< 8		79 >
< 9		12 >
< 9		17 >
< 9		19 >
< 9		22 >
< 9		26 >
< 9		27 >
< 9		30 >
< 9		33 >
< 9		35 >
< 9		36 >
< 9		39 >
< 9		40 >
< 9		43 >
< 9		44 >
< 9		48 >
< 9		52 >
< 9		59 >
< 9		60 >
< 9		61 >
< 9		64 >
< 9		66 >
< 9		67 >
< 9		68 >
< 9		72 >
< 9		74 >
< 9		78 >
< 9		79 >
< 10		15 >
< 10		17 >
< 10		20 >
< 10		24 >
< 10		29 >
< 10		34 >
< 10		46 >
< 10		53 >
< 10		60 >
< 10		61 >
< 10		64 >
< 10		70 >
< 10		73 >
< 10		76 >
< 10		77 >
< 11		20 >
< 11		22 >
< 11		26 >
< 11		29 >
< 11		32 >
< 11		46 >
< 11		55 >
< 11		58 >
< 11		60 >
< 11		65 >
< 11		67 >
< 11		69 >
< 11		72 >
< 11		74 >
< 11		75 >
< 11		78 >
< 11		80 >
< 12		15 >
< 12		19 >
< 12		23 >
< 12		25 >
< 12		26 >
< 12		27 >
< 12		28 >
< 12		37 >
< 12		43 >
< 12		44 >
< 12		47 >
< 12		49 >
< 12		50 >
< 12		52 >
< 12		64 >
< 12		68 >
< 12		69 >
< 12		72 >
< 12		75 >
< 13		15 >
< 13		22 >
< 13		25 >
< 13		26 >
< 13		29 >
< 13		35 >
< 13		39 >
< 13		40 >
< 13		51 >
< 13		52 >
< 13		58 >
< 13		59 >
< 13		61 >
< 13		62 >
< 13		63 >
< 13		64 >
< 13		66 >
< 13		69 >
< 13		71 >
< 13		72 >
< 13		73 >
< 13		74 >
< 13		77 >
< 14		15 >
< 14		17 >
< 14		18 >
< 14		19 >
< 14		22 >
< 14		24 >
< 14		25 >
< 14		26 >
< 14		28 >
< 14		29 >
< 14		30 >
< 14		31 >
< 14		35 >
< 14		37 >
< 14		38 >
< 14		39 >
< 14		47 >
< 14		53 >
< 14		54 >
< 14		57 >
< 14		61 >
< 14		67 >
< 14		68 >
< 14		74 >
< 14		75 >
< 14		76 >
< 15		17 >
< 15		22 >
< 15		26 >
< 15		29 >
< 15		30 >
< 15		33 >
< 15		34 >
< 15		35 >
< 15		42 >
< 15		46 >
< 15		49 >
< 15		50 >
< 15		51 >
< 15		55 >
< 15		57 >
< 15		58 >
< 15		61 >
< 15		67 >
< 15		69 >
< 15		74 >
< 16		17 >
< 16		19 >
< 16		22 >
< 16		33 >
< 16		35 >
< 16		39 >
< 16		40 >
< 16		49 >
< 16		51 >
< 16		52 >
< 16		53 >
< 16		55 >
< 16		56 >
< 16		60 >
< 16		62 >
< 16		63 >
< 16		69 >
< 16		70 >
< 16		71 >
< 16		77 >
< 16		78 >
< 16		79 >
< 17		25 >
< 17		26 >
< 17		27 >
< 17		29 >
< 17		30 >
< 17		34 >
< 17		35 >
< 17		39 >
< 17		48 >
< 17		51 >
< 17		52 >
< 17		56 >
< 17		61 >
< 17		66 >
< 17		80 >
< 18		22 >
< 18		24 >
< 18		25 >
< 18		26 >
< 18		28 >
< 18		31 >
< 18		33 >
< 18		41 >
< 18		43 >
< 18		45 >
< 18		46 >
< 18		48 >
< 18		51 >
< 18		53 >
< 18		55 >
< 18		57 >
< 18		58 >
< 18		60 >
< 18		67 >
< 18		68 >
< 18		75 >
< 19		26 >
< 19		27 >
< 19		28 >
< 19		29 >
< 19		38 >
< 19		40 >
< 19		41 >
< 19		42 >
< 19		44 >
< 19		45 >
< 19		48 >
< 19		50 >
< 19		53 >
< 19		59 >
< 19		65 >
< 19		69 >
< 19		71 >
< 19		78 >
< 20		28 >
< 20		30 >
< 20		31 >
< 20		32 >
< 20		35 >
< 20		36 >
< 20		45 >
< 20		50 >
< 20		51 >
< 20		52 >
< 20		54 >
< 20		55 >
< 20		56 >
< 20		57 >
< 20		65 >
< 20		73 >
< 20		76 >
< 20		78 >
< 21		29 >
< 21		35 >
< 21		39 >
< 21		43 >
< 21		45 >
< 21		47 >
< 21		53 >
< 21		58 >
< 21		65 >
< 21		66 >
< 21		67 >
< 21		68 >
< 21		69 >
< 21		73 >
< 21		76 >
< 21		77 >
< 22		26 >
< 22		27 >
< 22		33 >
< 22		37 >
< 22		50 >
< 22		53 >
< 22		62 >
< 22		66 >
< 22		71 >
< 22		73 >
< 22		75 >
< 22		76 >
< 22		80 >
< 23		24 >
< 23		28 >
< 23		36 >
< 23		37 >
< 23		39 >
< 23		42 >
< 23		47 >
< 23		50 >
< 23		61 >
< 23		66 >
< 23		72 >
< 23		74 >
< 23		80 >
< 24		25 >
< 24		27 >
< 24		28 >
< 24		30 >
< 24		37 >
< 24		38 >
< 24		41 >
< 24		44 >
< 24		53 >
< 24		54 >
< 24		56 >
< 24		66 >
< 24		67 >
< 24		68 >
< 24		71 >
< 24		72 >
< 24		74 >
< 24		75 >
< 25		26 >
< 25		29 >
< 25		35 >
< 25		39 >
< 25		46 >
< 25		47 >
< 25		52 >
< 25		55 >
< 25		57 >
< 25		59 >
< 25		60 >
< 25		62 >
< 25		63 >
< 25		69 >
< 26		27 >
< 26		30 >
< 26		34 >
< 26		36 >
< 26		41 >
< 26		50 >
< 26		52 >
< 26		57 >
< 26		76 >
< 26		79 >
< 27		29 >
< 27		33 >
< 27		36 >
< 27		44 >
< 27		45 >
< 27		46 >
< 27		50 >
< 27		51 >
< 27		55 >
< 27		56 >
< 27		57 >
< 27		60 >
< 27		63 >
< 27		67 >
< 27		70 >
< 27		74 >
< 27		76 >
< 27		77 >
< 27		79 >
< 27		80 >
< 28		30 >
< 28		34 >
< 28		39 >
< 28		41 >
< 28		42 >
< 28		43 >
< 28		45 >
< 28		48 >
< 28		52 >
< 28		59 >
< 28		60 >
< 28		64 >
< 28		69 >
< 28		73 >
< 28		74 >
< 28		76 >
< 28		79 >
< 28		80 >
< 29		32 >
< 29		36 >
< 29		38 >
< 29		39 >
< 29		41 >
< 29		47 >
< 29		48 >
< 29		56 >
< 29		64 >
< 29		65 >
< 29		66 >
< 29		67 >
< 29		74 >
< 29		76 >
< 30		33 >
< 30		37 >
< 30		38 >
< 30		40 >
< 30		42 >
< 30		43 >
< 30		49 >
< 30		51 >
< 30		54 >
< 30		57 >
< 30		63 >
< 30		66 >
< 30		68 >
< 30		69 >
< 30		72 >
< 30		77 >
< 31		35 >
< 31		36 >
< 31		42 >
< 31		44 >
< 31		45 >
< 31		48 >
< 31		51 >
< 31		59 >
< 31		60 >
< 31		64 >
< 31		68 >
< 31		69 >
< 31		71 >
< 31		75 >
< 32		34 >
< 32		39 >
< 32		45 >
< 32		47 >
< 32		49 >
< 32		59 >
< 32		61 >
< 32		62 >
< 32		64 >
< 32		74 >
< 32		76 >
< 32		78 >
< 33		37 >
< 33		39 >
< 33		41 >
< 33		47 >
< 33		50 >
< 33		51 >
< 33		52 >
< 33		53 >
< 33		62 >
< 33		66 >
< 33		75 >
< 34		35 >
< 34		37 >
< 34		44 >
< 34		45 >
< 34		48 >
< 34		50 >
< 34		52 >
< 34		56 >
< 34		61 >
< 34		62 >
< 34		64 >
< 34		66 >
< 34		71 >
< 34		75 >
< 34		77 >
< 35		36 >
< 35		39 >
< 35		41 >
< 35		46 >
< 35		50 >
< 35		53 >
< 35		55 >
< 35		59 >
< 35		62 >
< 35		67 >
< 35		76 >
< 35		79 >
< 36		39 >
< 36		44 >
< 36		45 >
< 36		53 >
< 36		55 >
< 36		58 >
< 36		59 >
< 36		64 >
< 36		66 >
< 36		69 >
< 36		70 >
< 36		74 >
< 36		77 >
< 36		79 >
< 37		39 >
< 37		49 >
< 37		54 >
< 37		56 >
< 37		61 >
< 37		62 >
< 37		71 >
< 37		72 >
< 37		74 >
< 37		77 >
< 37		79 >
< 38		49 >
< 38		57 >
< 38		62 >
< 38		63 >
< 38		64 >
< 38		70 >
< 38		71 >
< 38		75 >
< 38		76 >
< 38		80 >
< 39		41 >
< 39		42 >
< 39		50 >
< 39		52 >
< 39		57 >
< 39		67 >
< 39		69 >
< 39		72 >
< 39		74 >
< 39		78 >
< 40		42 >
< 40		54 >
< 40		58 >
< 40		59 >
< 40		64 >
< 41		45 >
< 41		53 >
< 41		56 >
< 41		61 >
< 41		76 >
< 41		77 >
< 41		79 >
< 41		80 >
< 42		47 >
< 42		49 >
< 42		53 >
< 42		56 >
< 42		61 >
< 42		63 >
< 42		67 >
< 42		75 >
< 42		78 >
< 43		47 >
< 43		51 >
< 43		52 >
< 43		53 >
< 43		54 >
< 43		59 >
< 43		60 >
< 43		64 >
< 43		66 >
< 43		68 >
< 43		72 >
< 43		75 >
< 44		45 >
< 44		46 >
< 44		47 >
< 44		51 >
< 44		54 >
< 44		56 >
< 44		62 >
< 44		67 >
< 44		71 >
< 44		74 >
< 44		75 >
< 44		76 >
< 44		80 >
< 45		46 >
< 45		48 >
< 45		58 >
< 45		62 >
< 45		67 >
< 45		68 >
< 45		72 >
< 45		73 >
< 46		47 >
< 46		48 >
< 46		50 >
< 46		54 >
< 46		55 >
< 46		63 >
< 46		65 >
< 46		69 >
< 46		71 >
< 46		75 >
< 46		77 >
< 46		80 >
< 47		54 >
< 47		55 >
< 47		58 >
< 47		62 >
< 47		66 >
< 47		73 >
< 47		74 >
< 47		77 >
< 47		79 >
< 48		49 >
< 48		50 >
< 48		52 >
< 48		58 >
< 48		63 >
< 48		68 >
< 48		71 >
< 48		72 >
< 48		74 >
< 48		77 >
< 49		53 >
< 49		55 >
< 49		58 >
< 49		62 >
< 49		66 >
< 49		69 >
< 49		70 >
< 49		72 >
< 49		76 >
< 49		77 >
< 50		51 >
< 50		57 >
< 50		58 >
< 50		59 >
< 50		60 >
< 50		64 >
< 50		70 >
< 50		71 >
< 50		76 >
< 50		79 >
< 51		56 >
< 51		62 >
< 51		63 >
< 51		72 >
< 51		74 >
< 51		75 >
< 51		79 >
< 51		80 >
< 52		59 >
< 52		64 >
< 52		67 >
< 52		68 >
< 52		70 >
< 52		74 >
< 52		76 >
< 52		78 >
< 52		79 >
< 53		56 >
< 53		57 >
< 53		61 >
< 53		63 >
< 53		71 >
< 53		75 >
< 53		76 >
< 53		77 >
< 54		59 >
< 54		61 >
< 54		67 >
< 54		71 >
< 54		74 >
< 54		77 >
< 55		58 >
< 55		63 >
< 55		65 >
< 55		68 >
< 55		71 >
< 55		74 >
< 55		79 >
< 55		80 >
< 56		58 >
< 56		59 >
< 56		65 >
< 56		67 >
< 56		68 >
< 57		64 >
< 57		65 >
< 57		66 >
< 57		67 >
< 57		69 >
< 57		73 >
< 57		76 >
< 57		79 >
< 58		60 >
< 58		66 >
< 58		67 >
< 58		71 >
< 58		72 >
< 58		73 >
< 58		78 >
< 59		66 >
< 59		73 >
< 59		79 >
< 59		80 >
< 60		61 >
< 60		63 >
< 60		69 >
< 60		73 >
< 60		75 >
< 60		76 >
< 60		77 >
< 60		80 >
< 61		62 >
< 61		63 >
< 61		65 >
< 61		66 >
< 61		69 >
< 61		71 >
< 61		76 >
< 61		77 >
< 61		78 >
< 62		65 >
< 62		68 >
< 62		71 >
< 62		72 >
< 62		74 >
< 62		79 >
< 63		65 >
< 63		71 >
< 63		74 >
< 64		65 >
< 64		67 >
< 64		68 >
< 64		69 >
< 64		71 >
< 64		75 >
< 64		77 >
< 64		78 >
< 64		79 >
< 65		66 >
< 65		68 >
< 65		71 >
< 65		72 >
< 65		73 >
< 65		75 >
< 65		80 >
< 66		72 >
< 66		77 >
< 67		68 >
< 67		69 >
< 67		74 >
< 67		77 >
< 67		78 >
< 68		70 >
< 68		71 >
< 68		79 >
< 69		70 >
< 69		74 >
< 69		79 >
< 70		75 >
< 70		76 >
< 70		77 >
< 70		79 >
< 70		80 >
< 71		77 >
< 71		79 >
< 71		80 >
< 72		74 >
< 72		76 >
< 72		80 >
< 73		74 >
< 73		75 >
< 73		77 >
< 73		78 >
< 74		75 >
< 74		79 >
< 75		76 >
< 75		77 >
< 76		77 >
< 77		78 >
< 79		80 >
