nNodes= 40
nPairs= 223  
Weight
4
4
2
4
3
3
4
3
2
3
2
3
3
4
4
2
4
4
3
2
2
3
2
4
2
2
4
3
2
3
3
3
3
3
2
4
4
2
3
3
Cost
41		41		0		0		41		41		41		0		0		0		0		41		0		41		0		41		0		41		41		0		0		0		0		0		0		41		0		0		0		0		41		0		0		0		41		0		0		0		0		0		
41		41		0		41		0		41		0		0		41		41		0		0		0		41		41		41		0		0		0		0		41		0		0		0		0		0		0		0		0		0		0		41		0		0		0		41		0		0		0		41		
0		0		41		0		0		0		0		0		41		41		0		41		41		0		41		0		0		0		0		41		41		41		0		0		0		0		0		0		0		41		41		0		0		0		0		0		0		41		0		0		
0		41		0		41		41		41		41		41		0		0		0		41		0		41		0		0		0		41		0		0		41		0		41		0		41		41		0		41		41		0		0		0		41		41		0		0		0		0		0		41		
41		0		0		41		41		0		0		0		0		41		41		0		0		0		0		0		41		0		41		0		41		0		0		41		0		0		41		41		41		0		41		41		41		0		0		0		0		0		41		41		
41		41		0		41		0		41		0		41		0		0		41		0		0		0		0		0		0		0		0		41		41		41		0		0		0		0		41		0		0		0		0		0		41		0		41		41		41		0		0		41		
41		0		0		41		0		0		41		0		0		0		0		0		0		41		41		0		41		0		41		0		41		0		41		0		0		0		41		0		0		0		0		0		0		41		41		0		0		41		41		0		
0		0		0		41		0		41		0		41		41		41		0		41		0		0		0		0		0		41		41		41		0		0		0		0		0		0		41		0		0		0		0		0		0		0		0		0		0		41		0		0		
0		41		41		0		0		0		0		41		41		0		0		0		0		0		0		41		0		0		41		0		41		0		0		0		41		0		41		0		0		41		0		41		0		0		0		0		0		41		0		0		
0		41		41		0		41		0		0		41		0		41		41		0		41		0		41		0		0		0		41		0		0		0		41		0		0		0		0		0		41		0		0		0		0		0		41		0		41		0		0		0		
0		0		0		0		41		41		0		0		0		41		41		0		0		41		0		0		0		0		0		0		0		41		0		0		0		0		0		41		41		0		0		0		0		0		41		41		0		0		41		0		
41		0		41		41		0		0		0		41		0		0		0		41		41		0		0		41		41		0		0		0		0		41		0		0		0		41		0		41		0		0		0		0		0		0		0		41		0		0		0		0		
0		0		41		0		0		0		0		0		0		41		0		41		41		0		0		0		0		0		41		0		0		41		41		0		0		0		41		0		0		0		0		41		0		41		0		41		0		0		41		0		
41		41		0		41		0		0		41		0		0		0		41		0		0		41		0		0		0		0		41		0		0		0		0		41		41		0		41		0		0		0		0		41		0		0		41		41		0		0		41		0		
0		41		41		0		0		0		41		0		0		41		0		0		0		0		41		0		0		41		0		41		41		0		0		0		0		0		0		0		0		0		41		0		0		0		0		41		0		0		41		0		
41		41		0		0		0		0		0		0		41		0		0		41		0		0		0		41		41		0		0		41		0		0		0		0		0		0		41		0		41		0		0		41		41		0		0		0		0		0		0		41		
0		0		0		0		41		0		41		0		0		0		0		41		0		0		0		41		41		0		41		0		0		41		0		41		41		0		41		0		0		0		41		41		41		0		41		41		0		0		0		0		
41		0		0		41		0		0		0		41		0		0		0		0		0		0		41		0		0		41		0		41		0		0		0		0		0		41		0		0		0		41		0		41		41		0		0		0		0		0		0		41		
41		0		0		0		41		0		41		41		41		41		0		0		41		41		0		0		41		0		41		0		0		41		0		0		0		0		0		41		0		0		0		0		0		41		0		41		0		41		0		0		
0		0		41		0		0		41		0		41		0		0		0		0		0		0		41		41		0		41		0		41		41		0		41		0		0		41		0		0		41		0		0		41		41		41		0		0		0		0		0		0		
0		41		41		41		41		41		41		0		41		0		0		0		0		0		41		0		0		0		0		41		41		0		0		0		41		0		0		0		0		0		41		0		0		41		0		0		0		0		41		0		
0		0		41		0		0		41		0		0		0		0		41		41		41		0		0		0		41		0		41		0		0		41		0		0		0		41		0		41		0		41		0		41		41		0		0		0		0		0		41		0		
0		0		0		41		0		0		41		0		0		41		0		0		41		0		0		0		0		0		0		41		0		0		41		0		0		0		0		0		0		0		0		41		0		0		0		0		0		0		0		41		
0		0		0		0		41		0		0		0		0		0		0		0		0		41		0		0		41		0		0		0		0		0		0		41		0		0		0		41		0		41		0		0		0		41		0		0		0		0		0		41		
0		0		0		41		0		0		0		0		41		0		0		0		0		41		0		0		41		0		0		0		41		0		0		0		41		0		0		0		0		0		0		41		41		0		0		0		0		0		0		41		
41		0		0		41		0		0		0		0		0		0		0		41		0		0		0		0		0		41		0		41		0		41		0		0		0		41		41		0		0		41		41		0		0		0		0		0		0		0		0		0		
0		0		0		0		41		41		41		41		41		0		0		0		41		41		0		41		41		0		0		0		0		0		0		0		0		41		41		0		0		41		0		0		0		0		0		0		0		41		0		0		
0		0		0		41		41		0		0		0		0		0		41		41		0		0		0		0		0		0		41		0		0		41		0		41		0		0		0		41		0		0		0		0		41		41		41		0		0		41		0		0		
0		0		0		41		41		0		0		0		0		41		41		0		0		0		0		41		0		0		0		41		0		0		0		0		0		0		0		0		41		0		0		41		0		0		0		0		0		0		0		41		
0		0		41		0		0		0		0		0		41		0		0		0		0		0		0		0		0		41		0		0		0		41		0		41		0		41		41		0		0		41		0		0		0		0		41		41		0		0		0		0		
41		0		41		0		41		0		0		0		0		0		0		0		0		0		41		0		41		0		0		0		41		0		0		0		0		41		0		0		0		0		41		0		0		0		41		41		0		0		0		0		
0		41		0		0		41		0		0		0		41		0		0		0		41		41		0		41		41		41		0		41		0		41		41		0		41		0		0		0		41		0		0		41		0		41		0		0		0		0		0		41		
0		0		0		41		41		41		0		0		0		0		0		0		0		0		0		41		41		41		0		41		0		41		0		0		41		0		0		41		0		0		0		0		41		0		0		0		0		41		0		0		
0		0		0		41		0		0		41		0		0		0		0		0		41		0		0		0		0		0		41		41		41		0		0		41		0		0		0		41		0		0		0		41		0		41		0		0		0		41		0		0		
41		0		0		0		0		41		41		0		0		41		41		0		0		41		0		0		41		0		0		0		0		0		0		0		0		0		0		41		0		41		41		0		0		0		41		0		0		0		0		41		
0		41		0		0		0		41		0		0		0		0		41		41		41		41		41		0		41		0		41		0		0		0		0		0		0		0		0		0		0		41		41		0		0		0		0		41		41		0		0		0		
0		0		0		0		0		41		0		0		0		41		0		0		0		0		0		0		0		0		0		0		0		0		0		0		0		0		0		0		0		0		0		0		0		0		0		41		41		0		0		41		
0		0		41		0		0		0		41		41		41		0		0		0		0		0		0		0		0		0		41		0		0		0		0		0		0		0		41		41		0		0		0		0		41		41		0		0		0		41		0		0		
0		0		0		0		41		0		41		0		0		0		41		0		41		41		41		0		0		0		0		0		41		41		0		0		0		0		0		0		0		0		0		0		0		0		0		0		0		0		41		41		
0		41		0		41		41		41		0		0		0		0		0		0		0		0		0		41		0		41		0		0		0		0		41		41		41		0		0		0		41		0		0		41		0		0		41		0		41		0		41		41		
NDC Pairs
< 1		2 >
< 1		5 >
< 1		6 >
< 1		7 >
< 1		12 >
< 1		14 >
< 1		16 >
< 1		18 >
< 1		19 >
< 1		26 >
< 1		31 >
< 1		35 >
< 2		4 >
< 2		6 >
< 2		9 >
< 2		10 >
< 2		14 >
< 2		15 >
< 2		16 >
< 2		21 >
< 2		32 >
< 2		36 >
< 2		40 >
< 3		9 >
< 3		10 >
< 3		12 >
< 3		13 >
< 3		15 >
< 3		20 >
< 3		21 >
< 3		22 >
< 3		30 >
< 3		31 >
< 3		38 >
< 4		5 >
< 4		6 >
< 4		7 >
< 4		8 >
< 4		12 >
< 4		14 >
< 4		18 >
< 4		21 >
< 4		23 >
< 4		25 >
< 4		26 >
< 4		28 >
< 4		29 >
< 4		33 >
< 4		34 >
< 4		40 >
< 5		10 >
< 5		11 >
< 5		17 >
< 5		19 >
< 5		21 >
< 5		24 >
< 5		27 >
< 5		28 >
< 5		29 >
< 5		31 >
< 5		32 >
< 5		33 >
< 5		39 >
< 5		40 >
< 6		8 >
< 6		11 >
< 6		20 >
< 6		21 >
< 6		22 >
< 6		27 >
< 6		33 >
< 6		35 >
< 6		36 >
< 6		37 >
< 6		40 >
< 7		14 >
< 7		15 >
< 7		17 >
< 7		19 >
< 7		21 >
< 7		23 >
< 7		27 >
< 7		34 >
< 7		35 >
< 7		38 >
< 7		39 >
< 8		9 >
< 8		10 >
< 8		12 >
< 8		18 >
< 8		19 >
< 8		20 >
< 8		27 >
< 8		38 >
< 9		16 >
< 9		19 >
< 9		21 >
< 9		25 >
< 9		27 >
< 9		30 >
< 9		32 >
< 9		38 >
< 10		11 >
< 10		13 >
< 10		15 >
< 10		19 >
< 10		23 >
< 10		29 >
< 10		35 >
< 10		37 >
< 11		14 >
< 11		22 >
< 11		28 >
< 11		29 >
< 11		35 >
< 11		36 >
< 11		39 >
< 12		13 >
< 12		16 >
< 12		17 >
< 12		22 >
< 12		26 >
< 12		28 >
< 12		36 >
< 13		19 >
< 13		22 >
< 13		23 >
< 13		27 >
< 13		32 >
< 13		34 >
< 13		36 >
< 13		39 >
< 14		19 >
< 14		24 >
< 14		25 >
< 14		27 >
< 14		32 >
< 14		35 >
< 14		36 >
< 14		39 >
< 15		18 >
< 15		20 >
< 15		21 >
< 15		31 >
< 15		36 >
< 15		39 >
< 16		17 >
< 16		20 >
< 16		27 >
< 16		29 >
< 16		32 >
< 16		33 >
< 16		40 >
< 17		19 >
< 17		22 >
< 17		24 >
< 17		25 >
< 17		27 >
< 17		31 >
< 17		32 >
< 17		33 >
< 17		35 >
< 17		36 >
< 18		20 >
< 18		26 >
< 18		30 >
< 18		32 >
< 18		33 >
< 18		40 >
< 19		22 >
< 19		28 >
< 19		34 >
< 19		36 >
< 19		38 >
< 20		21 >
< 20		23 >
< 20		26 >
< 20		29 >
< 20		32 >
< 20		33 >
< 20		34 >
< 21		25 >
< 21		31 >
< 21		34 >
< 21		39 >
< 22		26 >
< 22		28 >
< 22		30 >
< 22		32 >
< 22		33 >
< 22		39 >
< 23		32 >
< 23		40 >
< 24		28 >
< 24		30 >
< 24		34 >
< 24		40 >
< 25		32 >
< 25		33 >
< 25		40 >
< 26		27 >
< 26		30 >
< 26		31 >
< 27		30 >
< 27		38 >
< 28		33 >
< 28		34 >
< 28		35 >
< 28		38 >
< 29		32 >
< 29		40 >
< 30		35 >
< 30		36 >
< 31		35 >
< 31		36 >
< 32		34 >
< 32		40 >
< 33		38 >
< 34		38 >
< 35		40 >
< 36		37 >
< 37		40 >
< 39		40 >
