nNodes= 40
nPairs= 75  
Weight
4
2
3
4
3
2
3
3
3
2
4
3
3
2
3
2
4
2
3
2
4
2
3
3
3
4
3
4
2
4
2
2
3
4
2
3
3
3
4
4
Cost
41		0		0		0		0		0		0		0		0		0		0		0		0		0		0		0		41		0		0		0		0		0		0		0		0		0		0		0		0		0		41		0		0		0		0		0		0		0		0		0		
0		41		0		41		0		0		0		0		0		0		0		0		0		41		0		41		0		0		0		0		0		0		0		0		0		0		0		41		0		0		0		0		0		0		0		0		0		0		0		0		
0		0		41		0		0		0		0		0		41		0		0		0		0		0		0		0		0		0		0		41		0		0		0		0		0		0		41		0		0		0		0		0		0		0		0		0		0		0		0		0		
0		41		0		41		41		0		0		0		0		0		0		41		0		41		0		0		41		0		0		0		0		41		0		0		0		0		0		0		0		0		0		0		0		0		0		0		41		0		0		0		
0		0		0		41		41		0		0		0		0		0		0		0		0		0		0		0		0		0		0		0		0		0		0		0		0		0		0		0		0		0		41		0		41		0		0		0		0		0		0		0		
0		0		0		0		0		41		0		0		0		0		41		0		41		0		0		0		0		0		0		0		0		0		0		0		0		0		0		0		41		0		0		0		0		0		0		0		0		0		0		0		
0		0		0		0		0		0		41		0		0		0		41		0		0		41		0		0		0		0		0		0		0		0		0		0		0		0		0		0		0		0		0		0		0		0		0		0		0		0		0		0		
0		0		0		0		0		0		0		41		41		0		0		0		0		41		0		0		0		0		0		0		0		0		0		0		0		0		0		0		0		0		0		41		0		0		0		0		0		0		0		0		
0		0		41		0		0		0		0		41		41		0		0		0		41		0		0		0		0		0		0		0		0		0		0		0		0		41		0		0		41		0		0		0		0		0		0		0		0		0		41		0		
0		0		0		0		0		0		0		0		0		41		41		41		0		0		0		0		0		0		0		0		0		0		0		0		0		41		41		0		0		0		41		41		41		0		41		41		0		0		0		0		
0		0		0		0		0		41		41		0		0		41		41		0		0		0		0		41		0		0		0		0		0		0		0		0		0		41		0		0		41		41		0		0		0		0		0		41		0		0		0		0		
0		0		0		41		0		0		0		0		0		41		0		41		0		0		0		0		0		0		0		0		0		0		0		0		0		0		0		0		0		0		0		0		0		0		0		0		0		0		0		41		
0		0		0		0		0		41		0		0		41		0		0		0		41		0		0		0		0		0		0		0		0		0		0		0		0		0		0		0		0		41		0		0		0		0		0		0		0		0		0		0		
0		41		0		41		0		0		41		41		0		0		0		0		0		41		0		0		0		0		0		0		0		0		0		0		0		0		0		0		0		0		0		0		0		0		0		0		0		0		0		0		
0		0		0		0		0		0		0		0		0		0		0		0		0		0		41		0		0		0		0		0		0		0		0		0		0		0		0		0		0		0		41		0		41		0		0		0		0		0		0		0		
0		41		0		0		0		0		0		0		0		0		41		0		0		0		0		41		0		0		0		0		0		41		0		0		41		0		0		0		0		0		0		0		0		0		0		0		0		0		0		0		
41		0		0		41		0		0		0		0		0		0		0		0		0		0		0		0		41		0		0		41		0		0		0		0		0		0		41		0		0		0		0		0		0		41		0		0		0		0		0		0		
0		0		0		0		0		0		0		0		0		0		0		0		0		0		0		0		0		41		0		0		0		41		0		0		0		0		0		0		0		0		0		0		0		0		0		0		0		0		0		0		
0		0		0		0		0		0		0		0		0		0		0		0		0		0		0		0		0		0		41		0		0		41		0		0		0		0		0		0		41		0		0		0		0		0		0		0		0		0		0		0		
0		0		41		0		0		0		0		0		0		0		0		0		0		0		0		0		41		0		0		41		0		0		0		41		0		0		0		0		0		0		0		0		0		0		0		0		0		0		41		0		
0		0		0		0		0		0		0		0		0		0		0		0		0		0		0		0		0		0		0		0		41		0		0		0		0		0		0		41		0		0		0		0		0		0		0		0		0		0		0		0		
0		0		0		41		0		0		0		0		0		0		0		0		0		0		0		41		0		41		41		0		0		41		0		0		0		0		41		0		0		0		0		0		0		0		0		0		0		0		0		0		
0		0		0		0		0		0		0		0		0		0		0		0		0		0		0		0		0		0		0		0		0		0		41		41		0		0		0		0		0		0		0		0		0		0		0		0		0		0		0		0		
0		0		0		0		0		0		0		0		0		0		0		0		0		0		0		0		0		0		0		41		0		0		41		41		0		0		0		41		0		41		0		0		0		0		0		0		0		41		0		0		
0		0		0		0		0		0		0		0		0		0		0		0		0		0		0		41		0		0		0		0		0		0		0		0		41		0		0		0		0		0		0		0		0		0		0		41		0		0		0		0		
0		0		0		0		0		0		0		0		41		41		41		0		0		0		0		0		0		0		0		0		0		0		0		0		0		41		0		0		0		0		41		0		0		0		0		0		0		41		0		0		
0		0		41		0		0		0		0		0		0		41		0		0		0		0		0		0		41		0		0		0		0		41		0		0		0		0		41		0		0		0		0		0		0		0		0		0		0		0		0		0		
0		41		0		0		0		0		0		0		0		0		0		0		0		0		0		0		0		0		0		0		41		0		0		41		0		0		0		41		0		41		0		0		41		0		0		41		0		41		0		0		
0		0		0		0		0		41		0		0		41		0		41		0		0		0		0		0		0		0		41		0		0		0		0		0		0		0		0		0		41		0		0		41		0		0		0		0		0		0		0		0		
0		0		0		0		0		0		0		0		0		0		41		0		41		0		0		0		0		0		0		0		0		0		0		41		0		0		0		41		0		41		0		0		41		0		0		0		0		0		0		0		
41		0		0		0		41		0		0		0		0		41		0		0		0		0		41		0		0		0		0		0		0		0		0		0		0		41		0		0		0		0		41		0		0		0		0		41		0		0		0		41		
0		0		0		0		0		0		0		41		0		41		0		0		0		0		0		0		0		0		0		0		0		0		0		0		0		0		0		0		41		0		0		41		0		0		0		0		0		0		0		41		
0		0		0		0		41		0		0		0		0		41		0		0		0		0		41		0		0		0		0		0		0		0		0		0		0		0		0		41		0		41		0		0		41		0		0		0		0		0		0		0		
0		0		0		0		0		0		0		0		0		0		0		0		0		0		0		0		41		0		0		0		0		0		0		0		0		0		0		0		0		0		0		0		0		41		0		0		0		0		0		0		
0		0		0		0		0		0		0		0		0		41		0		0		0		0		0		0		0		0		0		0		0		0		0		0		0		0		0		0		0		0		0		0		0		0		41		0		0		0		0		0		
0		0		0		0		0		0		0		0		0		41		41		0		0		0		0		0		0		0		0		0		0		0		0		0		41		0		0		41		0		0		41		0		0		0		0		41		0		0		0		0		
0		0		0		41		0		0		0		0		0		0		0		0		0		0		0		0		0		0		0		0		0		0		0		0		0		0		0		0		0		0		0		0		0		0		0		0		41		0		0		0		
0		0		0		0		0		0		0		0		0		0		0		0		0		0		0		0		0		0		0		0		0		0		0		41		0		41		0		41		0		0		0		0		0		0		0		0		0		41		0		0		
0		0		0		0		0		0		0		0		41		0		0		0		0		0		0		0		0		0		0		41		0		0		0		0		0		0		0		0		0		0		0		0		0		0		0		0		0		0		41		0		
0		0		0		0		0		0		0		0		0		0		0		41		0		0		0		0		0		0		0		0		0		0		0		0		0		0		0		0		0		0		41		41		0		0		0		0		0		0		0		41		
NDC Pairs
< 1		17 >
< 1		31 >
< 2		4 >
< 2		14 >
< 2		16 >
< 2		28 >
< 3		9 >
< 3		20 >
< 3		27 >
< 4		5 >
< 4		12 >
< 4		14 >
< 4		17 >
< 4		22 >
< 4		37 >
< 5		31 >
< 5		33 >
< 6		11 >
< 6		13 >
< 6		29 >
< 7		11 >
< 7		14 >
< 8		9 >
< 8		14 >
< 8		32 >
< 9		13 >
< 9		26 >
< 9		29 >
< 9		39 >
< 10		11 >
< 10		12 >
< 10		26 >
< 10		27 >
< 10		31 >
< 10		32 >
< 10		33 >
< 10		35 >
< 10		36 >
< 11		16 >
< 11		26 >
< 11		29 >
< 11		30 >
< 11		36 >
< 12		40 >
< 13		30 >
< 15		31 >
< 15		33 >
< 16		22 >
< 16		25 >
< 17		20 >
< 17		27 >
< 17		34 >
< 18		22 >
< 19		22 >
< 19		29 >
< 20		24 >
< 20		39 >
< 21		28 >
< 22		27 >
< 23		24 >
< 24		28 >
< 24		30 >
< 24		38 >
< 25		36 >
< 26		31 >
< 26		38 >
< 28		30 >
< 28		33 >
< 28		36 >
< 28		38 >
< 29		32 >
< 30		33 >
< 31		36 >
< 31		40 >
< 32		40 >
