nNodes= 80
nPairs= 309  
Weight
3
2
2
2
2
3
4
2
3
4
4
4
4
4
2
3
3
4
3
2
4
2
3
4
3
4
2
3
4
2
3
3
2
3
4
2
2
4
3
4
2
2
3
3
4
3
3
2
3
4
4
3
3
4
2
3
3
4
3
2
4
2
3
2
3
4
3
2
4
4
4
4
2
4
3
3
4
2
4
2
Cost
81		81		0		0		0		0		0		0		0		0		0		0		0		81		0		0		0		0		0		0		0		0		0		0		0		0		0		0		0		0		0		0		0		0		0		0		0		0		0		0		0		0		0		0		0		0		0		0		0		0		81		0		0		0		0		0		0		0		0		0		0		0		0		0		0		0		0		0		0		0		0		81		0		0		0		0		0		81		0		0		
81		81		0		0		0		0		0		81		0		0		0		0		0		0		0		0		81		0		0		81		0		0		0		81		0		0		0		0		0		0		0		0		0		81		0		0		0		0		0		0		81		0		0		0		0		0		0		0		0		0		0		0		0		0		0		0		0		0		0		0		0		0		0		0		0		81		0		0		81		0		0		0		0		0		0		0		0		0		0		0		
0		0		81		0		0		0		0		0		0		0		0		0		0		0		81		0		0		0		0		0		0		0		0		0		0		0		81		0		0		0		0		0		0		0		0		0		0		0		81		0		0		0		0		0		0		0		0		0		0		0		0		0		0		0		0		0		0		0		0		0		0		0		0		0		0		0		0		0		81		0		0		0		81		0		0		81		0		0		0		0		
0		0		0		81		0		0		0		0		0		0		0		0		0		0		0		0		0		0		81		0		0		0		81		81		0		0		0		0		81		0		0		0		0		81		0		0		0		0		0		81		0		0		0		0		0		0		0		0		0		0		0		0		0		0		0		0		0		0		0		0		0		0		81		81		0		81		0		81		0		0		0		0		0		0		81		0		0		0		0		0		
0		0		0		0		81		0		0		0		0		0		0		0		0		81		0		81		0		0		0		81		0		0		0		0		81		0		0		0		0		0		0		0		0		0		0		0		0		0		81		0		0		81		0		0		0		81		0		0		0		0		0		0		0		0		0		0		0		0		0		0		0		0		0		0		0		0		0		0		0		81		0		0		0		81		0		0		0		0		81		81		
0		0		0		0		0		81		0		81		0		0		0		0		0		0		0		0		0		0		0		0		0		0		0		0		0		81		0		0		0		0		0		0		0		81		0		0		0		0		0		0		0		0		0		0		0		0		0		0		0		0		0		0		0		0		0		0		0		81		0		0		81		0		0		0		0		81		0		0		81		81		0		0		0		0		0		0		0		0		0		0		
0		0		0		0		0		0		81		0		0		81		0		0		0		0		0		0		0		81		0		0		0		0		0		0		81		0		0		0		0		81		0		0		0		0		0		0		0		0		0		0		0		0		0		0		0		0		0		0		0		0		0		0		81		0		0		0		0		81		0		0		0		0		0		0		0		0		0		0		0		0		0		0		0		0		0		0		0		0		0		0		
0		81		0		0		0		81		0		81		0		0		0		0		0		0		0		0		0		0		0		0		0		0		0		0		0		0		0		0		0		0		81		0		0		81		0		0		0		0		0		0		0		81		0		0		0		0		0		0		0		0		0		0		0		0		0		0		0		0		0		0		0		0		0		0		0		0		0		0		0		0		0		0		0		0		0		0		0		0		0		0		
0		0		0		0		0		0		0		0		81		0		0		0		0		0		0		0		0		0		0		0		0		0		0		0		0		0		0		0		0		0		0		0		0		0		0		81		0		0		0		0		0		0		81		0		0		0		81		0		0		0		0		0		0		0		0		0		0		0		0		0		81		0		0		0		81		0		0		0		0		0		0		0		0		0		0		0		0		0		0		81		
0		0		0		0		0		0		81		0		0		81		0		0		0		0		0		81		0		0		0		0		0		0		0		81		0		0		0		0		0		0		81		0		81		0		0		0		0		0		81		0		0		0		0		0		0		0		0		0		81		0		0		0		0		0		0		0		0		0		81		0		0		81		0		0		0		0		0		0		81		0		0		81		0		0		81		0		0		0		0		81		
0		0		0		0		0		0		0		0		0		0		81		0		81		81		0		0		0		81		0		81		0		0		0		0		0		0		0		0		81		0		0		0		0		0		0		0		0		81		0		0		0		0		0		0		0		0		0		0		81		0		0		0		0		0		0		0		0		0		0		0		0		81		0		0		0		0		81		81		0		0		0		0		0		0		0		0		0		0		0		0		
0		0		0		0		0		0		0		0		0		0		0		81		0		0		0		0		0		0		0		0		0		81		0		0		0		0		0		0		0		0		0		0		0		0		81		0		0		0		0		0		0		0		0		0		0		81		0		0		0		0		0		0		0		0		0		0		0		0		0		0		0		0		0		0		0		0		0		0		0		0		0		0		0		0		81		81		0		0		0		0		
0		0		0		0		0		0		0		0		0		0		81		0		81		0		0		0		0		0		0		0		0		0		0		0		0		81		0		0		0		0		0		0		0		0		0		0		0		81		0		0		0		0		0		0		0		0		0		0		0		0		0		0		0		81		0		0		0		0		0		0		0		0		0		0		81		0		81		0		0		0		0		0		0		0		0		0		0		81		81		81		
81		0		0		0		81		0		0		0		0		0		81		0		0		81		0		0		0		0		0		0		0		0		0		81		81		0		0		0		81		0		0		0		0		0		0		0		0		0		0		0		0		81		0		0		0		0		0		0		0		0		0		0		0		0		81		0		0		0		0		0		0		0		0		0		0		0		0		0		0		81		0		0		0		0		0		0		0		0		0		0		
0		0		81		0		0		0		0		0		0		0		0		0		0		0		81		0		0		0		0		81		0		0		0		0		81		0		0		81		0		0		0		0		0		0		0		0		0		81		0		0		0		0		0		0		0		0		0		0		0		0		0		0		0		0		0		81		0		0		0		0		0		0		0		0		0		0		0		0		0		0		0		0		0		0		0		0		0		0		0		0		
0		0		0		0		81		0		0		0		0		81		0		0		0		0		0		81		0		0		0		0		0		0		81		0		0		0		0		0		0		0		0		81		0		0		0		0		0		0		0		0		0		0		0		0		81		0		0		81		0		0		0		0		0		0		0		0		0		0		0		0		81		0		0		0		0		0		0		0		0		0		0		81		0		0		0		0		0		0		0		0		
0		81		0		0		0		0		0		0		0		0		0		0		0		0		0		0		81		0		0		0		0		0		0		0		0		0		0		0		0		81		0		81		81		0		0		0		0		0		0		0		0		0		81		0		0		0		0		0		81		0		0		81		81		0		0		0		0		0		0		0		0		0		0		0		0		0		0		0		0		0		0		0		0		81		0		0		81		0		0		0		
0		0		0		0		0		0		81		0		0		0		81		0		0		0		0		0		0		81		0		0		0		0		0		0		81		0		0		0		0		0		0		0		0		0		0		0		0		0		0		0		0		81		0		0		0		0		0		0		0		0		0		0		0		0		0		0		0		81		0		0		81		0		81		0		0		0		0		0		0		0		0		0		0		0		81		81		0		0		0		0		
0		0		0		81		0		0		0		0		0		0		0		0		0		0		0		0		0		0		81		0		0		0		0		0		0		0		81		0		0		0		0		0		0		0		0		0		81		0		0		0		0		0		0		0		0		0		81		0		0		0		0		0		0		81		0		0		0		0		0		0		0		0		0		0		0		0		0		0		81		0		0		81		0		0		0		0		0		0		0		81		
0		81		0		0		81		0		0		0		0		0		81		0		0		0		81		0		0		0		0		81		0		0		0		0		0		0		0		0		0		0		0		81		0		0		0		0		0		0		0		0		0		81		0		0		0		0		0		0		0		0		0		81		0		0		0		0		0		0		0		0		0		0		0		0		81		0		81		0		0		0		0		81		0		0		0		0		0		0		0		0		
0		0		0		0		0		0		0		0		0		0		0		0		0		0		0		0		0		0		0		0		81		0		0		0		0		0		0		0		0		0		0		0		0		0		0		0		0		0		0		0		0		0		0		0		81		0		0		0		0		0		0		0		0		0		0		0		81		0		0		0		0		0		0		0		0		0		0		0		0		0		0		0		0		0		0		0		0		0		81		0		
0		0		0		0		0		0		0		0		0		0		0		81		0		0		0		0		0		0		0		0		0		81		0		0		0		0		0		0		0		0		81		81		0		0		0		0		0		0		0		0		0		0		81		0		0		0		0		0		0		0		0		0		0		0		81		81		0		0		0		0		0		0		0		0		0		0		0		0		0		81		0		0		0		0		0		0		0		0		0		0		
0		0		0		81		0		0		0		0		0		0		0		0		0		0		0		81		0		0		0		0		0		0		81		0		81		0		0		0		0		0		81		0		0		0		0		0		0		0		0		0		0		0		0		0		0		0		0		0		0		0		0		0		0		81		0		0		0		0		0		0		0		0		0		0		0		0		0		0		0		0		0		0		0		0		0		0		0		0		0		0		
0		81		0		81		0		0		0		0		0		81		0		0		0		81		0		0		0		0		0		0		0		0		0		81		0		0		0		0		0		0		0		0		0		0		0		0		0		0		0		0		0		0		81		0		0		0		0		81		0		0		0		81		0		0		0		0		0		0		0		0		0		81		0		0		0		0		0		0		0		0		0		81		0		0		0		0		0		0		81		0		
0		0		0		0		81		0		81		0		0		0		0		0		0		81		81		0		0		81		0		0		0		0		81		0		81		0		0		0		0		0		0		0		0		0		0		0		0		0		0		0		0		0		81		0		0		0		0		0		0		0		0		0		0		0		0		0		0		81		0		0		0		0		0		0		0		81		0		0		0		0		81		0		0		0		0		0		81		0		0		0		
0		0		0		0		0		81		0		0		0		0		0		0		81		0		0		0		0		0		0		0		0		0		0		0		0		81		0		0		0		81		0		0		0		81		0		0		0		81		0		81		0		0		81		0		0		0		81		0		0		0		0		0		0		0		0		0		0		0		0		0		0		0		81		0		0		0		0		0		0		0		81		0		0		0		0		0		0		81		0		81		
0		0		81		0		0		0		0		0		0		0		0		0		0		0		0		0		0		0		81		0		0		0		0		0		0		0		81		0		81		81		0		0		0		0		0		0		0		0		81		81		0		81		0		0		0		0		0		0		0		0		0		0		0		0		0		0		0		0		0		81		0		0		0		0		0		0		0		81		0		0		0		0		0		0		0		0		0		0		0		0		
0		0		0		0		0		0		0		0		0		0		0		0		0		0		81		0		0		0		0		0		0		0		0		0		0		0		0		81		0		0		0		0		0		0		0		0		0		0		0		81		0		0		0		0		0		0		0		0		0		0		0		81		0		0		0		0		0		0		0		0		0		0		0		0		0		0		0		0		0		0		0		0		0		0		0		0		0		0		0		0		
0		0		0		81		0		0		0		0		0		0		81		0		0		81		0		0		0		0		0		0		0		0		0		0		0		0		81		0		81		0		0		0		0		0		0		0		0		81		0		0		0		81		0		0		0		0		0		0		0		0		0		0		0		0		0		0		0		81		0		0		0		0		0		0		0		0		0		0		0		0		0		0		0		0		0		0		0		0		0		0		
0		0		0		0		0		0		81		0		0		0		0		0		0		0		0		0		81		0		0		0		0		0		0		0		0		81		81		0		0		81		0		0		0		0		0		0		0		0		0		0		0		0		0		81		0		0		0		0		0		0		81		0		0		0		0		0		0		0		0		0		0		0		0		0		0		0		0		0		0		0		0		0		0		0		0		0		0		0		0		0		
0		0		0		0		0		0		0		81		0		81		0		0		0		0		0		0		0		0		0		0		0		81		81		0		0		0		0		0		0		0		81		0		0		0		0		0		0		0		81		0		0		81		0		0		0		0		0		0		0		0		0		0		0		0		0		0		0		0		0		0		0		0		81		0		0		0		0		0		0		0		0		0		0		0		0		0		0		0		81		0		
0		0		0		0		0		0		0		0		0		0		0		0		0		0		0		81		81		0		0		81		0		81		0		0		0		0		0		0		0		0		0		81		0		0		0		0		0		0		0		0		0		0		0		81		0		0		0		0		0		0		0		0		0		0		0		0		0		0		0		0		0		0		0		0		0		0		81		81		0		0		0		0		0		0		0		0		0		0		0		0		
0		0		0		0		0		0		0		0		0		81		0		0		0		0		0		0		81		0		0		0		0		0		0		0		0		0		0		0		0		0		0		0		81		0		0		0		0		0		0		0		0		0		0		0		81		0		0		0		0		0		0		81		0		0		0		0		0		0		0		0		0		0		0		0		0		0		0		81		0		0		0		0		0		0		0		0		0		0		0		0		
0		81		0		81		0		81		0		81		0		0		0		0		0		0		0		0		0		0		0		0		0		0		0		0		0		81		0		0		0		0		0		0		0		81		0		0		0		0		0		0		81		0		0		0		0		0		0		0		0		0		0		0		0		0		0		0		0		0		0		0		0		0		0		0		81		0		81		0		0		81		0		81		81		0		0		0		0		0		0		0		
0		0		0		0		0		0		0		0		0		0		0		81		0		0		0		0		0		0		0		0		0		0		0		0		0		0		0		0		0		0		0		0		0		0		81		0		0		0		0		0		81		0		0		0		0		0		0		0		0		0		0		0		0		0		0		0		0		0		0		0		0		81		0		0		0		0		0		0		0		0		0		0		0		0		0		0		0		0		0		0		
0		0		0		0		0		0		0		0		81		0		0		0		0		0		0		0		0		0		0		0		0		0		0		0		0		0		0		0		0		0		0		0		0		0		0		81		0		0		0		0		0		0		0		0		0		81		0		0		0		81		0		0		0		0		0		0		0		0		0		0		0		0		0		0		0		0		0		0		0		0		0		0		0		81		0		81		0		0		0		0		
0		0		0		0		0		0		0		0		0		0		0		0		0		0		0		0		0		0		81		0		0		0		0		0		0		0		0		0		0		0		0		0		0		0		0		0		81		0		0		0		0		0		0		0		0		0		0		0		0		0		0		0		81		0		0		0		0		0		0		0		0		0		0		0		0		0		0		0		0		0		0		0		0		0		0		0		0		81		0		0		
0		0		0		0		0		0		0		0		0		0		81		0		81		0		81		0		0		0		0		0		0		0		0		0		0		81		0		0		81		0		0		0		0		0		0		0		0		81		0		0		0		0		81		0		0		81		0		0		0		0		0		0		0		0		0		0		0		0		0		0		0		0		0		0		0		0		0		0		0		0		0		0		0		0		0		0		0		0		0		0		
0		0		81		0		81		0		0		0		0		81		0		0		0		0		0		0		0		0		0		0		0		0		0		0		0		0		81		0		0		0		81		0		0		0		0		0		0		0		81		0		0		0		0		0		0		0		0		81		0		0		0		0		0		0		0		0		0		0		0		0		81		0		0		0		0		0		0		0		0		0		0		0		0		0		0		0		0		0		0		0		
0		0		0		81		0		0		0		0		0		0		0		0		0		0		0		0		0		0		0		0		0		0		0		0		0		81		81		81		0		0		0		0		0		0		0		0		0		0		0		81		0		0		81		0		0		0		0		0		0		0		81		0		0		0		0		81		0		0		0		0		0		0		0		0		0		81		0		0		0		81		81		0		0		0		0		81		0		0		0		0		
0		81		0		0		0		0		0		0		0		0		0		0		0		0		0		0		0		0		0		0		0		0		0		0		0		0		0		0		0		0		0		0		0		81		81		0		0		0		0		0		81		0		81		0		0		0		81		0		0		81		0		0		0		0		81		0		81		0		0		0		0		0		0		0		0		0		0		0		0		0		0		0		0		0		0		0		0		0		0		81		
0		0		0		0		81		0		0		81		0		0		0		0		0		81		0		0		0		81		0		81		0		0		0		0		0		0		81		0		81		0		81		0		0		0		0		0		0		0		0		0		0		81		0		0		81		0		0		0		0		0		0		0		0		0		0		0		0		0		0		0		0		0		0		0		0		0		0		0		0		0		0		0		0		0		0		0		0		0		0		0		
0		0		0		0		0		0		0		0		81		0		0		0		0		0		0		0		81		0		0		0		0		81		0		81		81		81		0		0		0		0		0		0		0		0		0		0		0		81		0		81		81		0		81		0		81		0		81		0		81		0		0		0		0		0		0		0		0		0		0		0		0		0		0		81		0		0		0		0		0		0		0		0		81		81		0		81		0		0		0		81		
0		0		0		0		0		0		0		0		0		0		0		0		0		0		0		0		0		0		0		0		0		0		0		0		0		0		0		0		0		81		0		81		0		0		0		0		0		0		0		0		0		0		0		81		0		0		0		0		0		0		0		0		0		81		0		0		0		0		0		0		0		0		0		0		0		81		0		0		0		0		0		0		0		0		0		0		0		0		0		81		
0		0		0		0		0		0		0		0		0		0		0		0		0		0		0		81		0		0		0		0		81		0		0		0		0		0		0		0		0		0		0		0		81		0		0		0		0		0		0		0		0		81		81		0		81		0		0		0		0		0		0		0		0		0		0		0		0		0		0		0		0		0		0		0		0		81		0		0		0		0		81		0		0		81		0		0		0		0		0		0		
0		0		0		0		81		0		0		0		0		0		0		81		0		0		0		0		0		0		0		0		0		0		0		0		0		0		0		0		0		0		0		0		0		0		0		81		0		81		0		0		0		0		0		0		0		81		0		0		0		0		0		0		0		81		0		0		0		0		81		0		0		81		0		0		0		0		0		0		81		0		0		81		81		0		0		0		0		0		0		0		
0		0		0		0		0		0		0		0		81		0		0		0		0		0		0		0		0		0		81		0		0		0		0		0		0		81		0		0		0		0		0		0		0		0		0		0		0		0		0		0		81		0		81		0		0		0		81		0		0		0		0		0		0		0		0		0		0		0		0		0		0		0		0		0		0		0		0		81		81		0		0		81		0		0		0		0		0		0		0		0		
0		0		0		0		0		0		0		0		0		0		0		0		0		0		0		81		0		0		0		0		0		0		0		81		0		0		0		0		0		0		0		0		0		0		0		0		0		0		81		0		0		0		0		0		0		0		0		81		0		0		0		0		0		0		0		0		0		0		0		0		0		0		0		0		0		0		0		0		0		81		0		0		0		0		0		0		0		0		0		0		
0		0		0		0		0		0		0		0		0		81		81		0		0		0		0		0		81		0		0		0		0		0		0		0		0		0		0		0		0		0		0		0		0		0		0		0		0		0		0		0		0		0		81		0		0		0		0		0		81		0		81		0		0		0		81		81		0		0		0		0		0		0		0		0		0		0		0		0		0		0		0		0		0		0		0		0		0		0		0		0		
0		0		0		0		0		0		0		0		0		0		0		0		0		0		0		0		0		0		0		0		0		0		0		0		0		0		0		0		0		0		0		0		0		0		0		81		0		0		0		0		81		0		0		0		0		0		0		0		0		81		0		0		0		0		81		0		0		0		0		0		0		81		0		0		0		0		0		0		81		0		0		0		0		0		81		0		0		0		0		81		
81		0		0		0		0		0		0		0		0		0		0		0		0		0		0		0		0		0		0		0		0		0		0		0		0		0		0		0		0		81		0		0		0		0		0		0		0		0		0		81		0		0		0		0		0		0		0		0		81		0		81		0		0		0		0		0		0		0		0		0		0		0		0		81		0		0		0		0		0		0		0		0		0		0		81		0		0		0		0		81		
0		0		0		0		0		0		0		0		0		0		0		0		0		0		0		0		81		0		0		81		0		0		0		81		0		0		0		81		0		0		0		0		81		0		0		0		0		0		0		0		0		0		0		0		0		0		0		0		0		0		0		81		0		0		0		0		0		0		0		0		0		0		0		0		0		0		81		81		0		0		0		0		0		0		81		0		0		0		0		0		
0		0		0		0		0		0		81		0		0		0		0		0		0		0		0		0		81		0		0		0		0		0		0		0		0		0		0		0		0		0		0		0		0		0		0		0		81		0		0		0		0		0		0		0		0		0		0		0		0		0		0		0		81		0		0		0		0		0		0		0		0		0		0		0		0		0		0		0		0		0		81		0		0		0		0		0		0		0		0		0		
0		0		0		0		0		0		0		0		0		0		0		0		81		0		0		0		0		0		81		0		0		0		81		0		0		0		0		0		0		0		0		0		0		0		0		0		0		0		0		0		0		0		0		81		0		81		0		0		0		0		0		0		0		81		0		0		0		0		0		0		0		0		0		0		0		0		0		0		0		0		0		81		0		0		0		0		81		0		0		0		
0		0		0		0		0		0		0		0		0		0		0		0		0		81		0		0		0		0		0		0		0		81		0		0		0		0		0		0		0		0		0		0		0		0		0		0		0		0		0		0		81		0		0		0		0		0		0		0		81		81		0		0		0		0		81		0		0		0		0		0		0		0		0		0		0		0		0		0		0		0		0		0		0		0		0		0		0		0		0		0		
0		0		0		0		0		0		0		0		0		0		0		0		0		0		81		0		0		0		0		0		0		81		0		0		0		0		0		0		0		0		0		0		0		0		0		0		0		0		0		81		0		0		0		0		0		0		0		0		81		0		0		0		0		0		0		81		0		0		81		0		0		0		0		0		0		81		0		0		0		0		0		0		81		0		0		0		0		0		0		0		
0		0		0		0		0		0		0		0		0		0		0		0		0		0		0		0		0		0		0		0		81		0		0		0		0		0		0		0		0		0		0		0		0		0		0		0		0		0		0		0		81		0		0		0		0		0		0		0		0		0		0		0		0		0		0		0		81		0		0		0		0		0		0		0		0		0		0		81		0		0		0		0		0		0		0		0		81		0		0		0		
0		0		0		0		0		81		81		0		0		0		0		0		0		0		0		0		0		81		0		0		0		0		0		0		81		0		0		0		81		0		0		0		0		0		0		0		0		0		0		0		0		0		0		0		0		0		0		0		0		0		0		0		0		0		0		0		0		81		0		0		0		0		0		0		0		0		0		0		0		0		0		0		0		81		0		0		0		0		0		0		
0		0		0		0		0		0		0		0		0		81		0		0		0		0		0		0		0		0		0		0		0		0		0		0		0		0		0		0		0		0		0		0		0		0		0		0		0		0		0		0		0		0		0		0		0		81		0		0		0		0		0		0		0		0		0		81		0		0		81		0		0		81		0		0		0		0		0		0		0		0		0		0		0		0		0		0		0		0		0		0		
0		0		0		0		0		0		0		0		0		0		0		0		0		0		0		0		0		0		0		0		0		0		0		0		0		0		81		0		0		0		0		0		0		0		0		0		0		0		0		0		0		0		0		0		0		0		0		0		0		0		0		0		0		0		0		0		0		0		0		81		0		0		0		0		0		0		0		0		0		0		0		0		0		81		0		0		0		0		0		0		
0		0		0		0		0		81		0		0		81		0		0		0		0		0		0		81		0		81		0		0		0		0		0		0		0		0		0		0		0		0		0		0		0		0		0		0		0		0		81		0		0		0		0		0		0		0		0		0		0		0		0		0		0		0		0		0		0		0		0		0		81		0		0		0		0		0		0		0		0		0		0		81		0		0		0		0		0		0		81		0		
0		0		0		0		0		0		0		0		0		81		81		0		0		0		0		0		0		0		0		0		0		0		0		81		0		0		0		0		0		0		0		0		0		0		81		0		0		0		0		0		0		0		0		0		0		81		0		0		0		81		0		0		0		0		0		0		0		0		81		0		0		81		0		81		81		0		0		81		0		0		0		0		81		81		0		0		0		0		0		81		
0		0		0		81		0		0		0		0		0		0		0		0		0		0		0		0		0		81		0		0		0		0		0		0		0		81		0		0		0		0		81		0		0		0		0		0		0		0		0		0		0		0		0		0		0		0		0		0		0		0		0		0		0		0		0		0		0		0		0		0		0		0		81		0		81		81		0		0		0		0		0		0		0		0		0		0		0		0		0		0		
0		0		0		81		0		0		0		0		0		0		0		0		0		0		0		0		0		0		0		0		0		0		0		0		0		0		0		0		0		0		0		0		0		0		0		0		0		0		0		0		0		0		81		0		0		0		0		0		0		0		81		0		0		0		0		0		0		0		0		0		0		81		0		81		0		81		0		0		0		0		81		0		0		81		0		0		0		0		0		0		
0		0		0		0		0		0		0		0		81		0		0		0		81		0		0		0		0		0		0		81		0		0		0		0		0		0		0		0		0		0		0		0		0		81		0		0		0		0		0		0		0		0		0		0		0		0		0		0		0		0		0		0		0		0		0		0		0		0		0		0		0		81		81		0		81		0		0		0		0		0		0		0		0		0		0		0		0		0		0		81		
0		81		0		81		0		81		0		0		0		0		0		0		0		0		0		0		0		0		0		0		0		0		0		0		81		0		0		0		0		0		0		0		0		0		0		0		0		0		0		81		0		0		0		81		81		0		0		0		0		0		0		0		0		0		0		81		0		0		0		0		0		0		81		81		0		81		0		0		0		0		0		0		0		0		81		81		0		0		0		0		
0		0		0		0		0		0		0		0		0		0		81		0		81		0		0		0		0		0		0		81		0		0		0		0		0		0		0		0		0		0		0		81		0		81		0		0		0		0		0		0		0		0		0		0		0		0		0		0		0		0		0		81		0		0		0		0		0		0		0		0		0		0		0		0		0		0		81		0		0		0		0		0		0		81		0		0		0		0		0		0		
0		0		0		81		0		0		0		0		0		0		81		0		0		0		0		0		0		0		0		0		0		0		0		0		0		0		81		0		0		0		0		81		81		0		0		0		0		0		0		0		0		0		0		0		0		0		81		0		0		0		0		81		0		0		0		0		81		0		0		0		0		81		0		0		0		0		0		81		0		0		81		0		0		0		81		0		0		0		0		0		
0		81		81		0		0		81		0		0		0		81		0		0		0		0		0		0		0		0		81		0		0		0		0		0		0		0		0		0		0		0		0		0		0		0		0		0		0		0		0		0		0		0		0		0		0		81		81		0		0		81		0		0		0		0		0		0		0		0		0		0		0		0		0		0		0		0		0		0		81		0		0		81		0		0		0		0		0		0		0		0		
0		0		0		0		81		81		0		0		0		0		0		0		0		81		0		0		0		0		0		0		0		81		0		0		0		0		0		0		0		0		0		0		0		81		0		0		0		0		0		81		0		0		0		0		0		0		0		81		0		0		0		0		0		0		0		0		0		0		0		0		0		0		0		0		0		0		0		0		0		81		0		0		0		81		0		0		0		0		0		0		
0		0		0		0		0		0		0		0		0		0		0		0		0		0		0		0		0		0		0		0		0		0		0		0		81		81		0		0		0		0		0		0		0		0		0		0		0		0		0		81		0		0		0		0		81		0		0		0		0		0		0		0		81		0		0		0		0		0		0		0		0		0		0		81		0		0		0		81		0		0		81		81		81		0		0		0		0		0		0		0		
81		0		0		0		0		0		0		0		0		81		0		0		0		0		0		81		0		0		81		81		0		0		0		81		0		0		0		0		0		0		0		0		0		81		0		0		0		0		0		0		0		0		0		0		0		81		81		0		0		0		0		0		0		81		0		0		0		0		0		0		81		0		0		0		0		0		0		0		81		0		81		81		0		0		0		0		0		0		0		0		
0		0		81		0		0		0		0		0		0		0		0		0		0		0		0		0		0		0		0		0		0		0		0		0		0		0		0		0		0		0		0		0		0		81		0		0		0		0		0		0		0		0		81		0		0		81		0		0		0		0		0		0		0		0		0		81		0		0		0		0		0		81		0		0		0		0		0		0		0		0		81		0		81		0		0		0		0		0		81		0		
0		0		0		0		81		0		0		0		0		0		0		0		0		0		0		0		81		0		0		0		0		0		0		0		0		0		0		0		0		0		0		0		0		0		0		81		0		0		0		0		0		0		81		0		81		0		0		0		0		0		0		0		0		0		0		0		0		81		0		81		0		81		0		81		0		0		81		0		0		81		0		0		0		81		81		0		0		0		0		0		
0		0		0		81		0		0		0		0		0		81		0		81		0		0		0		0		0		81		0		0		0		0		0		0		0		0		0		0		0		0		0		0		0		0		0		0		0		0		0		0		0		0		0		0		0		0		0		0		0		81		81		81		0		0		0		0		0		0		0		0		0		0		0		0		0		81		0		81		0		0		0		0		0		81		81		0		0		0		0		0		
0		0		81		0		0		0		0		0		0		0		0		81		0		0		0		0		0		81		0		0		0		0		0		0		0		0		0		0		0		0		0		0		0		0		0		81		0		0		0		81		0		0		81		0		0		0		0		0		0		0		0		0		0		0		0		0		0		0		0		0		0		0		0		0		0		81		0		0		0		0		0		0		0		0		0		81		0		0		0		0		
0		0		0		0		0		0		0		0		0		0		0		0		0		0		0		0		81		0		0		0		0		0		0		0		81		0		0		0		0		0		0		0		0		0		0		0		0		0		0		0		0		0		0		0		0		0		0		0		0		0		0		0		0		81		0		0		81		0		0		0		0		0		0		0		0		0		0		0		0		0		0		0		0		0		0		0		81		0		0		81		
81		0		0		0		0		0		0		0		0		0		0		0		81		0		0		0		0		0		0		0		0		0		0		0		0		81		0		0		0		0		0		0		0		0		0		0		81		0		0		0		0		0		0		0		0		0		0		0		0		0		0		0		0		0		0		0		0		0		0		0		0		0		0		0		0		0		0		0		0		0		0		0		0		0		0		0		0		81		0		0		
0		0		0		0		81		0		0		0		0		0		0		0		81		0		0		0		0		0		0		0		81		0		0		81		0		0		0		0		0		0		81		0		0		0		0		0		0		0		0		0		0		0		0		0		0		0		0		0		0		0		0		0		0		0		0		0		0		0		0		0		81		0		0		0		0		0		0		0		0		0		0		0		81		0		0		0		0		0		81		0		
0		0		0		0		81		0		0		0		81		81		0		0		81		0		0		0		0		0		81		0		0		0		0		0		0		81		0		0		0		0		0		0		0		0		0		0		0		0		0		0		81		0		81		81		0		0		0		0		0		81		81		0		0		0		0		0		0		0		0		0		0		81		0		0		81		0		0		0		0		0		0		0		0		0		0		0		81		0		0		81		
NDC Pairs
< 1		2 >
< 1		14 >
< 1		51 >
< 1		72 >
< 1		78 >
< 2		8 >
< 2		17 >
< 2		20 >
< 2		24 >
< 2		34 >
< 2		41 >
< 2		66 >
< 2		69 >
< 3		15 >
< 3		27 >
< 3		39 >
< 3		69 >
< 3		73 >
< 3		76 >
< 4		19 >
< 4		23 >
< 4		24 >
< 4		29 >
< 4		34 >
< 4		40 >
< 4		63 >
< 4		64 >
< 4		66 >
< 4		68 >
< 4		75 >
< 5		14 >
< 5		16 >
< 5		20 >
< 5		25 >
< 5		39 >
< 5		42 >
< 5		46 >
< 5		70 >
< 5		74 >
< 5		79 >
< 5		80 >
< 6		8 >
< 6		26 >
< 6		34 >
< 6		58 >
< 6		61 >
< 6		66 >
< 6		69 >
< 6		70 >
< 7		10 >
< 7		18 >
< 7		25 >
< 7		30 >
< 7		53 >
< 7		58 >
< 8		31 >
< 8		34 >
< 8		42 >
< 9		36 >
< 9		43 >
< 9		47 >
< 9		61 >
< 9		65 >
< 9		80 >
< 10		16 >
< 10		24 >
< 10		31 >
< 10		33 >
< 10		39 >
< 10		49 >
< 10		59 >
< 10		62 >
< 10		69 >
< 10		72 >
< 10		75 >
< 10		80 >
< 11		13 >
< 11		14 >
< 11		18 >
< 11		20 >
< 11		29 >
< 11		38 >
< 11		49 >
< 11		62 >
< 11		67 >
< 11		68 >
< 12		22 >
< 12		35 >
< 12		46 >
< 12		75 >
< 12		76 >
< 13		26 >
< 13		38 >
< 13		54 >
< 13		65 >
< 13		67 >
< 13		78 >
< 13		79 >
< 13		80 >
< 14		24 >
< 14		25 >
< 14		29 >
< 14		42 >
< 14		55 >
< 14		70 >
< 15		20 >
< 15		25 >
< 15		28 >
< 15		38 >
< 15		56 >
< 16		23 >
< 16		32 >
< 16		45 >
< 16		48 >
< 16		61 >
< 16		72 >
< 17		30 >
< 17		32 >
< 17		33 >
< 17		43 >
< 17		49 >
< 17		52 >
< 17		53 >
< 17		74 >
< 17		77 >
< 18		25 >
< 18		42 >
< 18		58 >
< 18		61 >
< 18		63 >
< 18		75 >
< 18		76 >
< 19		27 >
< 19		37 >
< 19		47 >
< 19		54 >
< 19		69 >
< 19		72 >
< 19		80 >
< 20		32 >
< 20		42 >
< 20		52 >
< 20		65 >
< 20		67 >
< 20		72 >
< 21		45 >
< 21		57 >
< 21		79 >
< 22		31 >
< 22		32 >
< 22		43 >
< 22		55 >
< 22		56 >
< 22		70 >
< 23		25 >
< 23		31 >
< 23		54 >
< 24		43 >
< 24		48 >
< 24		52 >
< 24		62 >
< 24		72 >
< 24		79 >
< 25		43 >
< 25		58 >
< 25		66 >
< 25		71 >
< 25		77 >
< 26		30 >
< 26		34 >
< 26		38 >
< 26		40 >
< 26		43 >
< 26		47 >
< 26		63 >
< 26		71 >
< 26		78 >
< 26		80 >
< 27		29 >
< 27		30 >
< 27		39 >
< 27		40 >
< 27		42 >
< 27		60 >
< 27		68 >
< 28		40 >
< 28		52 >
< 29		38 >
< 29		42 >
< 29		58 >
< 30		44 >
< 30		51 >
< 31		39 >
< 31		42 >
< 31		63 >
< 31		79 >
< 32		44 >
< 32		67 >
< 32		68 >
< 33		45 >
< 33		52 >
< 33		68 >
< 34		41 >
< 34		65 >
< 34		67 >
< 34		70 >
< 34		72 >
< 34		73 >
< 35		41 >
< 35		62 >
< 36		46 >
< 36		50 >
< 36		74 >
< 36		76 >
< 37		53 >
< 37		78 >
< 38		43 >
< 38		46 >
< 39		48 >
< 39		61 >
< 40		43 >
< 40		51 >
< 40		56 >
< 40		66 >
< 40		70 >
< 40		71 >
< 40		76 >
< 41		43 >
< 41		47 >
< 41		50 >
< 41		55 >
< 41		57 >
< 41		80 >
< 42		45 >
< 43		45 >
< 43		47 >
< 43		49 >
< 43		64 >
< 43		73 >
< 43		74 >
< 43		76 >
< 43		80 >
< 44		54 >
< 44		66 >
< 44		80 >
< 45		66 >
< 45		71 >
< 45		74 >
< 46		54 >
< 46		59 >
< 46		62 >
< 46		69 >
< 46		72 >
< 46		73 >
< 47		68 >
< 47		69 >
< 47		72 >
< 48		70 >
< 49		51 >
< 49		55 >
< 49		56 >
< 50		55 >
< 50		62 >
< 50		69 >
< 50		75 >
< 50		80 >
< 51		64 >
< 51		75 >
< 51		80 >
< 52		67 >
< 52		68 >
< 52		75 >
< 53		71 >
< 54		72 >
< 54		77 >
< 56		59 >
< 56		66 >
< 56		73 >
< 57		68 >
< 57		77 >
< 58		74 >
< 59		62 >
< 60		74 >
< 61		72 >
< 61		79 >
< 62		64 >
< 62		65 >
< 62		68 >
< 62		73 >
< 62		74 >
< 62		80 >
< 63		65 >
< 63		66 >
< 64		66 >
< 64		71 >
< 64		74 >
< 65		80 >
< 66		75 >
< 66		76 >
< 67		74 >
< 68		71 >
< 68		75 >
< 69		72 >
< 70		74 >
< 71		72 >
< 71		73 >
< 73		79 >
< 74		75 >
< 77		80 >
