nNodes= 80
nPairs= 309  
Weight
2
4
4
4
4
3
2
3
4
2
4
4
4
4
4
4
2
4
3
3
4
3
2
2
3
4
4
4
2
2
2
4
2
4
4
3
3
4
2
3
3
3
3
3
4
3
2
3
2
2
2
4
3
4
4
4
2
3
4
3
4
3
3
2
2
2
4
2
2
4
4
3
2
3
2
3
2
2
2
3
Cost
81		0		0		0		0		0		0		0		0		0		0		0		0		81		81		81		0		0		0		0		0		0		0		0		0		0		0		0		0		0		0		0		0		0		81		0		0		0		0		0		0		81		0		81		0		0		0		0		0		0		0		0		0		0		0		0		0		0		0		0		0		0		0		81		0		0		0		0		0		0		0		0		0		0		81		0		0		0		0		0		
0		81		0		0		0		0		0		0		0		0		81		0		81		0		0		0		0		0		0		0		0		0		0		0		0		0		0		0		81		0		81		0		0		0		0		0		0		0		0		0		0		0		0		0		0		81		0		0		0		0		0		0		0		0		0		0		0		0		0		81		0		0		0		0		0		0		0		0		81		0		0		0		0		81		0		0		0		0		0		0		
0		0		81		0		0		0		0		0		0		0		0		0		0		0		0		81		0		0		0		0		0		81		0		0		0		0		0		81		0		0		0		0		0		0		0		0		0		81		0		81		0		0		0		0		0		0		0		0		0		0		0		0		81		0		0		0		0		0		0		0		0		81		0		0		0		0		0		0		0		0		0		0		0		0		0		0		0		0		0		0		
0		0		0		81		0		0		0		0		0		0		0		0		0		0		0		0		0		0		0		0		0		0		0		0		81		0		0		0		0		0		0		0		0		0		0		0		0		0		0		0		0		0		0		0		0		0		0		0		0		0		0		0		0		0		0		0		81		0		0		0		0		0		0		0		0		0		0		0		0		81		0		0		0		0		0		0		0		0		0		0		
0		0		0		0		81		81		0		0		0		0		81		0		0		0		0		0		0		0		0		0		0		0		0		0		0		0		0		0		0		0		0		0		0		0		81		0		0		0		0		0		0		0		0		0		0		0		0		0		0		0		0		0		0		0		0		0		0		0		0		0		0		0		0		0		0		0		0		0		0		0		0		0		0		81		0		0		0		0		0		0		
0		0		0		0		81		81		81		0		0		0		0		0		0		81		0		81		0		0		0		0		0		0		0		0		0		0		0		0		0		0		0		0		0		0		0		0		0		0		0		0		0		0		0		0		0		0		81		0		0		0		0		81		0		0		0		0		0		0		81		0		0		0		0		0		81		0		0		0		0		0		0		0		0		0		0		0		0		0		0		0		
0		0		0		0		0		81		81		0		0		0		0		81		0		0		0		0		0		81		0		0		0		0		0		0		0		0		0		0		0		0		0		0		0		0		0		0		0		0		0		0		0		0		81		0		0		0		0		0		0		81		0		0		0		0		0		81		0		0		0		0		81		0		81		0		0		0		0		0		0		0		0		0		81		81		81		0		0		0		0		0		
0		0		0		0		0		0		0		81		0		81		0		0		0		0		81		0		81		0		0		0		0		0		81		0		0		0		0		81		0		0		0		0		0		0		0		0		0		0		0		0		81		0		0		0		0		0		0		0		0		0		0		0		0		0		0		0		0		0		0		0		0		0		81		0		0		0		0		81		0		0		0		0		0		0		0		0		81		0		0		0		
0		0		0		0		0		0		0		0		81		0		0		0		81		0		0		0		0		0		0		0		0		0		0		0		0		0		0		0		0		0		0		0		0		0		0		0		81		0		0		0		0		0		0		0		0		0		0		0		0		0		0		0		0		0		0		0		0		0		0		0		0		0		81		81		0		0		0		0		0		0		0		0		0		0		81		0		0		0		0		0		
0		0		0		0		0		0		0		81		0		81		81		0		0		0		0		0		0		0		0		0		0		0		0		0		0		81		0		0		0		0		0		0		0		0		0		0		0		0		0		0		0		0		0		0		0		0		0		0		0		0		0		81		0		0		0		0		0		0		0		0		81		0		0		0		0		0		0		0		0		81		0		0		0		0		0		0		0		81		0		0		
0		81		0		0		81		0		0		0		0		81		81		0		0		0		0		0		0		0		81		0		0		0		0		0		0		0		0		81		0		0		0		0		0		0		0		0		81		0		0		0		0		0		0		0		0		0		0		81		0		0		0		0		0		0		0		81		0		0		0		0		81		0		0		0		0		0		0		0		0		81		0		0		0		0		0		0		0		0		0		0		
0		0		0		0		0		0		81		0		0		0		0		81		0		0		0		0		0		0		0		0		0		0		0		0		0		0		0		0		0		0		0		0		81		81		0		0		0		0		0		0		0		81		0		0		0		0		0		0		0		0		0		0		81		0		0		0		0		0		0		0		81		0		81		0		0		0		0		0		0		0		0		81		0		0		0		0		0		0		0		0		
0		81		0		0		0		0		0		0		81		0		0		0		81		0		81		0		81		0		0		81		0		0		0		0		81		0		0		0		0		0		0		0		0		0		0		0		0		0		0		0		81		0		81		0		0		0		0		0		0		0		0		0		0		0		0		0		81		0		81		81		0		81		0		81		0		0		0		0		0		81		0		0		0		81		0		0		0		0		81		0		
81		0		0		0		0		81		0		0		0		0		0		0		0		81		0		0		0		81		0		0		0		0		0		0		0		0		0		0		0		0		0		0		81		0		0		0		0		0		0		0		0		0		0		0		0		0		81		0		0		0		0		0		0		0		0		0		0		0		0		0		0		0		0		0		0		0		0		0		0		0		0		0		0		0		81		0		0		0		0		0		
81		0		0		0		0		0		0		81		0		0		0		0		81		0		81		0		0		0		0		0		0		0		0		81		0		0		0		0		0		0		0		0		0		0		81		0		0		0		0		0		0		0		0		0		0		0		81		0		0		0		0		0		0		0		81		0		0		0		0		0		0		0		81		81		0		0		0		0		0		0		0		0		0		0		0		0		0		0		0		0		
81		0		81		0		0		81		0		0		0		0		0		0		0		0		0		81		0		0		0		0		0		0		0		0		0		0		0		0		0		0		0		0		0		0		81		0		0		0		0		0		0		0		0		0		0		0		0		0		0		0		0		0		0		0		0		0		81		0		0		0		81		0		0		0		0		0		0		0		0		0		0		0		0		0		0		0		0		0		0		81		
0		0		0		0		0		0		0		81		0		0		0		0		81		0		0		0		81		0		0		0		0		0		0		0		0		0		0		0		0		0		0		0		0		0		0		0		0		0		81		0		0		0		0		0		0		0		81		0		0		0		0		0		0		81		0		0		0		0		0		0		0		0		0		0		0		0		0		0		0		0		0		0		0		0		0		0		0		0		0		0		
0		0		0		0		0		0		81		0		0		0		0		0		0		81		0		0		0		81		0		0		0		0		0		0		0		0		0		0		0		0		0		0		81		0		0		0		0		81		0		0		0		81		0		0		0		0		0		0		0		0		0		0		0		81		0		0		0		0		0		0		0		0		0		0		0		0		0		0		0		0		0		0		0		0		0		0		0		0		0		0		
0		0		0		0		0		0		0		0		0		0		81		0		0		0		0		0		0		0		81		0		0		0		0		0		0		81		0		0		0		0		0		0		0		0		81		81		0		0		0		0		0		0		0		0		81		0		0		0		0		0		0		0		0		0		0		0		81		0		81		0		0		0		0		0		0		0		0		0		0		0		0		0		0		0		81		81		0		0		0		0		
0		0		0		0		0		0		0		0		0		0		0		0		81		0		0		0		0		0		0		81		0		0		0		81		0		0		0		0		0		0		0		81		0		0		81		0		0		0		0		81		81		0		0		0		0		0		0		0		81		0		0		0		0		0		0		0		0		0		0		0		81		0		0		0		0		0		0		0		0		0		0		0		0		0		0		0		0		81		0		0		
0		0		0		0		0		0		0		0		0		0		0		0		0		0		0		0		0		0		0		0		81		0		0		81		0		0		0		0		0		0		0		0		0		0		0		0		0		0		0		0		81		0		0		0		0		0		0		81		0		0		0		0		0		0		0		0		0		0		0		0		81		0		0		0		0		0		0		0		0		0		0		0		0		81		0		0		0		0		0		0		
0		0		81		0		0		0		0		0		0		0		0		0		0		0		0		0		0		0		0		0		0		81		81		0		0		0		0		0		0		0		0		0		0		0		0		0		81		0		0		81		0		0		0		0		0		0		0		0		0		0		0		0		0		0		0		0		0		0		0		0		0		81		0		0		0		81		0		0		0		0		0		0		0		0		0		0		0		81		0		0		
0		0		0		0		0		0		0		81		0		0		0		0		0		0		0		0		0		0		0		0		0		81		81		0		0		81		0		0		81		0		0		0		0		0		0		0		0		0		0		0		0		0		0		0		0		0		81		0		0		0		81		0		0		0		0		0		0		0		0		0		0		0		0		0		0		0		0		0		0		0		0		81		0		81		0		0		81		0		0		0		
0		0		0		0		0		0		0		0		0		0		0		0		0		0		81		0		0		0		0		81		81		0		0		81		81		0		0		0		0		0		0		0		0		0		0		0		0		0		0		0		0		0		0		0		0		0		81		0		0		0		0		0		0		0		0		0		0		0		0		0		0		0		0		81		0		0		0		0		0		0		0		0		0		0		0		0		0		0		81		0		
0		0		0		81		0		0		0		0		0		0		0		0		81		0		0		0		0		0		0		0		0		0		0		81		81		0		0		0		0		0		0		81		0		81		0		0		81		81		0		0		81		0		0		0		0		0		0		0		0		0		0		0		0		0		0		0		0		0		81		0		0		0		0		0		0		0		0		0		0		0		0		0		0		0		0		0		0		0		0		0		
0		0		0		0		0		0		0		0		0		81		0		0		0		0		0		0		0		0		81		0		0		0		81		0		0		81		0		0		0		0		0		0		0		0		0		81		0		0		0		0		81		81		0		0		0		0		0		0		0		0		0		0		0		0		0		0		0		0		0		0		0		0		0		81		0		0		0		0		0		0		0		0		0		81		0		0		81		0		0		0		
0		0		0		0		0		0		0		0		0		0		0		0		0		0		0		0		0		0		0		0		0		0		0		0		0		0		81		0		0		0		0		0		0		0		0		0		81		0		0		0		0		0		0		0		0		0		0		0		0		0		81		0		0		0		81		0		0		0		0		0		0		0		0		0		0		0		0		0		0		0		0		81		0		0		0		0		0		0		0		0		
0		0		81		0		0		0		0		81		0		0		81		0		0		0		0		0		0		0		0		0		0		0		0		0		0		0		0		81		0		0		0		0		0		0		0		0		0		0		0		0		0		0		0		0		0		0		0		0		0		0		0		0		0		0		81		0		0		81		0		0		0		0		0		0		0		0		81		0		0		0		0		81		0		0		81		0		0		0		0		0		
0		81		0		0		0		0		0		0		0		0		0		0		0		0		0		0		0		0		0		0		0		0		81		0		0		0		0		0		81		0		81		0		0		0		0		0		0		0		0		0		0		0		0		0		0		0		0		81		0		0		0		0		0		0		81		0		0		0		0		0		0		0		81		0		0		0		0		81		0		0		0		0		0		0		0		81		0		0		0		0		
0		0		0		0		0		0		0		0		0		0		0		0		0		0		0		0		0		0		0		0		0		0		0		0		0		0		0		0		0		81		0		0		0		81		0		0		0		0		0		0		0		0		81		0		0		81		0		0		0		0		81		0		0		0		0		0		81		0		0		0		0		81		0		0		0		0		81		81		0		0		81		0		0		0		0		0		0		0		0		0		
0		81		0		0		0		0		0		0		0		0		0		0		0		0		0		0		0		0		0		0		0		0		0		0		0		0		0		0		81		0		81		0		81		0		0		0		0		0		0		0		0		81		0		0		0		0		0		0		0		0		0		0		0		0		0		81		0		0		0		0		0		0		0		0		0		81		0		0		0		0		0		0		0		0		81		0		81		0		0		0		
0		0		0		0		0		0		0		0		0		0		0		0		0		0		0		0		0		0		0		81		0		0		0		0		81		0		0		0		0		0		0		81		0		81		0		0		0		0		0		0		0		0		0		0		0		81		0		0		0		0		0		0		0		0		0		0		0		0		0		0		0		0		0		0		0		0		0		81		0		0		0		0		0		0		0		0		0		0		0		81		
0		0		0		0		0		0		0		0		0		0		0		81		0		81		0		0		0		81		0		0		0		0		0		0		0		0		0		0		0		0		81		0		81		0		0		0		0		0		0		0		0		0		0		0		0		0		0		81		0		0		0		0		0		0		0		0		0		0		0		0		0		0		0		0		0		0		0		0		0		0		0		0		0		0		0		0		0		0		0		0		
0		0		0		0		0		0		0		0		0		0		0		81		0		0		0		0		0		0		0		0		0		0		0		0		81		0		0		0		0		81		0		81		0		81		0		0		0		0		0		0		0		0		0		0		81		0		0		0		0		81		0		0		0		0		0		0		0		0		0		0		0		0		81		0		0		0		0		0		81		0		0		0		0		0		0		0		0		0		0		0		
81		0		0		0		81		0		0		0		0		0		0		0		0		0		81		81		0		0		81		81		0		0		0		0		0		0		0		0		0		0		0		0		0		0		81		0		0		81		0		0		0		0		81		0		0		0		0		0		0		0		0		0		0		0		0		0		81		0		0		0		0		0		0		0		81		0		0		81		0		0		0		0		0		0		0		0		0		0		0		0		
0		0		0		0		0		0		0		0		0		0		0		0		0		0		0		0		0		0		81		0		0		0		0		0		0		81		0		0		0		0		0		0		0		0		0		81		0		0		0		0		0		81		0		0		0		0		0		0		0		0		0		0		0		0		0		0		81		0		0		0		0		0		0		0		0		0		0		0		0		0		0		0		81		0		81		0		0		0		0		0		
0		0		0		0		0		0		0		0		81		0		81		0		0		0		0		0		0		0		0		0		0		81		0		0		81		0		81		0		0		0		0		0		0		0		0		0		81		0		0		0		0		81		0		0		0		0		0		0		0		0		81		0		0		81		0		0		0		0		0		0		0		0		81		81		0		0		0		0		0		0		0		0		0		0		0		0		0		0		0		0		
0		0		81		0		0		0		0		0		0		0		0		0		0		0		0		0		0		81		0		0		0		0		0		0		81		0		0		0		0		0		0		0		0		0		81		0		0		81		0		0		0		0		0		0		0		0		0		81		0		0		0		0		81		0		0		81		0		0		81		0		0		0		0		0		0		0		0		0		0		0		0		0		0		0		0		81		0		0		0		0		
0		0		0		0		0		0		0		0		0		0		0		0		0		0		0		0		81		0		0		0		0		0		0		0		0		0		0		0		0		0		0		0		0		0		0		0		0		0		81		0		0		0		0		0		0		0		0		0		0		81		0		0		0		0		0		0		0		0		0		0		0		0		0		0		0		0		0		0		0		0		0		0		0		0		0		81		81		0		0		0		
0		0		81		0		0		0		0		0		0		0		0		0		0		0		0		0		0		0		0		81		0		81		0		0		0		0		0		0		0		0		0		0		0		0		0		0		0		0		0		81		0		81		0		0		0		0		0		0		0		0		0		0		0		81		0		0		0		0		0		81		0		0		0		81		0		0		0		0		0		0		0		81		0		0		0		0		0		0		0		0		
0		0		0		0		0		0		0		81		0		0		0		0		81		0		0		0		0		0		0		81		81		0		0		0		81		81		0		0		0		0		0		0		0		0		0		0		0		0		0		0		81		0		0		0		0		0		0		0		0		0		0		0		0		0		0		0		0		0		0		0		0		0		0		0		0		0		0		0		0		81		81		0		0		0		0		0		0		0		0		0		
81		0		0		0		0		0		0		0		0		0		0		81		0		0		0		0		0		81		0		0		0		0		0		0		0		81		0		0		0		0		81		0		0		0		0		81		81		0		0		81		0		81		0		0		0		0		81		81		0		81		0		0		0		0		0		81		0		0		0		0		0		0		0		0		0		0		0		0		0		0		0		0		0		0		0		0		0		0		0		0		
0		0		0		0		0		0		81		0		0		0		0		0		81		0		0		0		0		0		0		0		0		0		0		0		0		0		0		0		0		81		0		0		0		0		81		0		0		0		0		0		0		0		81		0		0		0		0		0		0		0		0		0		0		0		0		0		0		81		81		0		0		0		0		0		0		0		0		0		0		0		0		0		0		0		0		0		0		0		0		0		
81		0		0		0		0		0		0		0		0		0		0		0		0		0		0		0		0		0		0		0		0		0		0		0		0		0		0		0		0		0		0		0		0		0		0		0		0		0		0		0		0		0		0		81		0		81		0		0		0		0		0		0		0		0		81		0		81		0		0		81		0		0		0		0		0		0		0		0		81		0		0		0		0		0		0		0		0		0		0		0		
0		0		0		0		0		0		0		0		0		0		0		0		0		0		0		0		0		0		81		0		0		0		0		0		0		0		0		0		0		0		0		0		0		81		0		0		0		0		0		0		0		0		0		0		81		0		81		0		0		0		0		0		0		0		0		0		0		0		0		0		0		81		0		0		0		0		0		0		0		0		0		0		0		0		0		0		0		0		0		0		
0		81		0		0		0		0		0		0		0		0		0		0		0		0		0		0		0		0		0		0		0		0		0		0		0		0		0		0		0		81		0		81		0		0		0		0		0		0		0		0		0		0		0		81		0		81		0		0		0		0		0		0		0		0		0		0		0		81		0		0		0		0		0		0		0		0		0		0		0		81		0		0		0		0		0		0		0		0		0		0		
0		0		0		0		0		81		0		0		0		0		0		0		0		81		81		0		81		0		0		0		0		0		81		81		0		0		0		0		0		0		0		0		0		0		0		0		0		0		0		0		0		81		0		0		81		0		81		0		0		0		0		0		0		81		0		0		0		0		0		81		0		0		0		0		0		0		81		0		0		81		0		0		0		0		0		0		0		81		0		0		
0		0		0		0		0		0		0		0		0		0		81		0		0		0		0		0		0		0		0		0		81		0		0		0		0		0		0		0		81		0		0		0		81		0		0		0		0		81		0		0		0		81		0		0		0		0		0		81		0		0		81		0		0		0		0		0		0		81		0		81		0		0		0		0		0		0		0		0		0		81		0		0		0		0		0		0		0		0		0		0		
0		0		0		0		0		0		0		0		0		0		0		0		0		0		0		0		0		0		0		81		0		0		0		0		0		0		0		0		0		0		0		0		0		0		0		0		0		0		0		0		0		0		0		0		0		0		0		0		81		0		0		0		0		0		0		0		0		0		0		81		0		0		0		0		0		0		0		0		81		0		0		0		0		81		81		0		0		0		0		0		
0		0		0		0		0		0		81		0		0		0		0		0		0		0		0		0		0		0		0		0		0		0		0		0		0		0		0		0		0		0		0		0		0		81		0		0		0		0		81		0		0		81		0		0		0		0		0		0		0		81		0		0		0		0		0		0		0		0		0		0		0		81		0		0		0		0		0		0		0		0		81		0		0		81		81		0		0		0		0		0		
0		0		0		0		0		0		0		0		0		0		0		0		0		0		0		0		0		0		0		0		0		0		81		0		0		0		81		0		0		81		0		0		0		0		0		0		81		0		0		0		0		0		0		0		0		0		0		81		0		0		81		0		0		0		0		0		0		0		0		0		0		0		0		0		0		0		81		0		0		0		0		0		0		0		0		0		0		0		0		0		
0		0		0		0		0		81		0		0		0		81		0		0		0		0		0		0		0		0		0		0		0		0		0		0		0		0		0		0		0		0		0		0		0		0		0		0		0		0		0		0		0		0		0		0		0		0		0		0		0		0		0		81		0		0		0		0		0		0		0		0		0		0		0		81		0		0		0		0		81		0		0		0		0		81		0		0		81		0		81		0		
0		0		81		0		0		0		0		0		0		0		0		81		0		0		0		0		0		0		0		0		0		0		0		0		0		0		0		0		0		0		0		0		0		0		0		0		0		81		0		0		0		0		0		0		0		0		0		0		0		0		0		0		81		0		0		0		0		81		0		81		0		0		0		0		0		0		0		0		0		0		0		0		0		0		0		0		0		0		0		0		
0		0		0		0		0		0		0		0		0		0		0		0		0		0		0		0		81		81		0		0		0		0		0		0		0		0		0		0		0		0		0		0		0		0		0		0		81		0		0		81		0		0		0		0		0		0		81		0		0		0		0		0		0		81		0		0		0		0		0		0		0		0		0		0		0		0		81		0		0		0		0		0		0		0		0		81		81		0		81		0		
0		0		0		0		0		0		0		0		0		0		0		0		0		0		81		0		0		0		0		0		0		0		0		0		0		0		81		81		81		0		0		0		0		0		0		0		0		0		0		0		0		0		0		81		0		0		0		0		0		0		0		0		0		0		81		0		0		0		0		0		0		0		0		0		0		0		0		0		0		0		0		81		0		0		81		0		0		0		0		0		
0		0		0		0		0		0		81		0		0		0		81		0		0		0		0		0		0		0		0		0		0		0		0		0		0		0		0		0		0		0		81		0		0		0		0		0		0		81		0		0		0		81		0		0		0		0		0		0		0		0		0		0		0		0		0		81		0		0		0		0		0		0		0		0		0		0		0		0		0		81		81		0		0		0		0		0		0		81		0		0		
0		0		0		81		0		0		0		0		0		0		0		0		81		0		0		81		0		0		81		0		0		0		0		0		0		0		0		0		0		81		0		0		0		0		81		81		0		0		0		0		0		0		0		81		0		0		0		0		0		0		0		0		0		0		0		0		81		0		0		0		0		0		0		0		0		0		0		0		0		0		0		0		0		0		0		0		0		0		0		0		
0		0		0		0		0		0		0		0		0		0		0		0		0		0		0		0		0		0		0		0		0		0		0		0		0		0		0		81		0		0		0		0		0		0		0		0		0		0		0		0		0		0		81		0		0		81		0		81		0		0		0		0		81		0		0		0		0		81		0		0		81		0		0		0		0		0		0		81		0		0		0		81		0		81		0		0		0		0		81		0		
0		0		0		0		0		81		0		0		0		0		0		0		81		0		0		0		0		0		81		0		0		0		0		0		81		0		0		0		0		0		0		0		0		0		0		0		0		81		0		0		0		0		81		0		0		0		0		0		0		0		0		0		0		0		0		0		0		0		81		0		81		0		0		0		0		0		0		81		0		0		0		0		0		0		0		0		81		0		0		81		
0		81		0		0		0		0		0		0		0		0		0		0		81		0		0		0		0		0		0		0		0		0		0		0		0		0		0		0		0		0		0		0		0		0		0		0		0		0		0		81		0		0		0		81		0		0		81		81		81		0		0		0		81		0		0		0		0		0		0		81		0		0		0		0		0		0		81		0		0		0		0		81		81		81		0		0		0		0		0		0		
0		0		0		0		0		0		81		0		0		81		81		81		0		0		0		81		0		0		0		81		81		0		0		0		0		0		0		0		0		0		0		0		0		0		0		0		0		0		0		0		0		0		0		0		0		0		0		0		0		0		0		0		0		0		0		0		0		81		81		0		81		0		0		0		0		0		0		0		0		0		0		0		0		0		0		0		0		0		0		0		
0		0		81		0		0		0		0		0		0		0		0		0		81		0		0		0		0		0		0		0		0		81		0		0		0		0		0		0		0		81		0		0		0		0		0		0		0		0		0		0		0		0		0		0		81		0		0		0		0		81		0		0		0		0		0		0		0		0		0		0		0		81		0		0		0		0		0		0		0		0		0		0		0		0		81		0		0		0		0		0		
0		0		0		0		0		0		81		81		81		0		0		81		0		0		81		0		0		0		0		0		0		0		0		0		0		0		0		0		81		0		0		0		0		81		0		0		81		0		0		0		0		0		0		0		0		0		0		0		0		0		0		0		0		0		0		0		0		0		0		0		0		0		81		0		0		0		0		0		0		0		0		0		0		0		0		0		0		0		0		0		
81		0		0		0		0		0		0		0		81		0		0		0		81		0		81		0		0		0		0		0		0		0		0		81		0		81		0		0		0		0		0		0		0		0		0		0		81		0		0		81		0		0		0		0		0		0		0		0		0		0		0		81		0		0		0		0		0		0		0		0		0		0		0		81		81		0		0		0		0		0		81		0		0		0		0		0		0		0		0		0		
0		0		0		0		0		81		0		0		0		0		0		0		0		0		0		0		0		0		0		0		0		0		0		0		0		0		0		0		0		0		0		0		0		0		81		0		0		0		0		0		0		0		0		0		0		0		0		0		0		0		0		0		0		0		0		0		0		0		0		0		0		0		0		81		81		0		0		0		0		0		0		0		0		0		81		0		0		0		0		0		
0		0		0		0		0		0		0		0		0		0		0		0		0		0		0		0		0		0		0		0		0		81		0		0		0		0		0		0		0		0		81		0		0		0		0		0		0		0		0		0		0		0		0		0		0		0		0		0		0		0		0		0		0		0		0		0		0		0		0		0		0		0		0		0		0		81		0		0		0		0		0		0		0		0		0		0		0		0		0		0		
0		0		0		0		0		0		0		0		0		0		0		0		0		0		0		0		0		0		0		0		0		0		0		0		0		0		0		81		0		81		0		0		0		0		0		0		0		0		0		0		0		0		0		0		0		0		81		0		0		0		81		0		0		81		0		0		0		0		0		81		0		0		0		0		0		0		81		0		0		0		81		0		0		0		0		0		0		0		0		0		
0		0		0		0		0		0		0		81		0		0		0		0		0		0		0		0		0		0		0		0		0		0		0		0		0		0		0		0		81		81		0		81		0		0		81		0		0		0		0		0		0		0		0		0		0		0		0		0		0		0		0		0		0		0		0		0		0		81		81		0		0		0		0		0		0		0		0		81		0		0		0		0		0		0		0		0		0		81		0		0		
0		81		0		0		0		0		0		0		0		0		0		0		0		0		0		0		0		0		0		0		0		0		0		0		0		0		0		0		0		0		0		0		0		81		0		0		0		0		0		0		0		0		0		81		0		0		0		0		81		0		0		81		0		0		0		0		0		0		0		0		0		0		0		0		0		0		0		0		81		81		0		0		0		81		0		0		0		0		0		81		
0		0		0		81		0		0		0		0		0		81		81		0		81		0		0		0		0		0		0		0		0		0		0		0		0		0		0		0		0		0		0		0		0		0		0		0		0		0		0		0		81		0		0		0		0		81		81		81		0		0		0		0		0		0		0		81		0		0		0		0		0		0		0		0		0		0		0		0		81		81		0		0		0		0		81		0		0		0		0		0		
0		0		0		0		0		0		0		0		0		0		0		0		0		0		0		0		0		0		0		0		0		0		0		0		0		0		0		0		0		81		0		0		0		0		0		0		0		0		0		0		81		0		0		0		0		0		0		0		0		81		0		0		0		0		0		81		0		0		0		0		0		0		0		81		0		0		81		0		0		0		81		0		0		0		0		0		0		81		0		0		
0		0		0		0		0		0		0		0		0		0		0		81		0		0		0		0		0		0		0		0		0		0		81		0		0		0		81		81		0		0		0		0		0		0		0		0		0		0		0		81		0		0		0		0		0		0		0		0		0		0		0		0		0		0		81		0		0		81		0		81		0		0		0		0		0		0		0		0		0		0		0		81		0		0		0		0		0		0		0		0		
0		0		0		0		0		0		81		0		0		0		0		0		0		0		0		0		0		0		0		0		0		0		0		0		0		0		0		0		0		0		0		0		0		0		0		81		0		0		0		0		0		0		0		0		0		0		0		0		0		0		0		0		0		0		0		0		0		0		0		81		0		0		0		0		0		0		0		0		0		0		0		0		81		81		0		0		0		0		0		0		
0		81		0		0		81		0		81		0		0		0		0		0		81		0		0		0		0		0		0		0		81		0		81		0		0		81		0		0		0		0		0		0		0		0		0		0		0		0		0		0		0		0		0		0		0		0		0		0		81		81		0		81		0		0		0		0		0		81		0		81		0		0		0		0		0		0		0		0		81		0		0		0		81		81		0		0		0		0		0		0		
81		0		0		0		0		0		81		0		81		0		0		0		0		81		0		0		0		0		81		0		0		0		0		0		0		0		0		81		0		0		81		0		0		0		0		81		0		0		0		0		0		0		0		0		0		0		0		0		81		81		0		0		0		0		81		0		0		0		0		0		0		81		0		0		81		0		0		0		0		81		0		0		0		0		81		0		0		0		0		0		
0		0		0		0		0		0		0		0		0		0		0		0		0		0		0		0		0		0		81		0		0		0		0		0		0		0		0		0		81		0		0		0		0		0		0		0		0		81		81		0		0		0		0		0		0		0		0		0		0		0		0		0		0		81		0		0		0		0		0		0		0		0		0		0		0		0		0		0		0		0		0		0		0		0		0		81		0		0		0		0		
0		0		0		0		0		0		0		81		0		0		0		0		0		0		0		0		0		0		0		0		0		0		81		0		0		81		0		0		0		0		81		0		0		0		0		0		0		0		81		0		0		0		0		0		0		0		0		0		0		0		0		81		0		81		0		0		0		0		81		0		0		0		0		0		0		0		0		0		0		0		0		0		0		0		0		0		81		0		0		0		
0		0		0		0		0		0		0		0		0		81		0		0		0		0		0		0		0		0		0		81		0		81		0		0		0		0		0		0		0		0		0		0		0		0		0		0		0		0		0		0		0		0		0		0		0		0		81		0		0		0		0		0		0		0		0		81		0		0		0		0		0		0		0		0		0		0		0		81		0		0		81		0		0		0		0		0		0		81		0		0		
0		0		0		0		0		0		0		0		0		0		0		0		81		0		0		0		0		0		0		0		0		0		0		81		0		0		0		0		0		0		0		0		0		0		0		0		0		0		0		0		0		0		0		0		0		0		0		0		0		0		0		81		0		81		0		0		0		81		0		0		0		0		0		0		0		0		0		0		0		0		0		0		0		0		0		0		0		0		81		81		
0		0		0		0		0		0		0		0		0		0		0		0		0		0		0		81		0		0		0		0		0		0		0		0		0		0		0		0		0		0		0		81		0		0		0		0		0		0		0		0		0		0		0		0		0		0		0		0		0		0		0		0		0		0		0		0		0		0		81		0		0		0		0		0		0		0		0		0		81		0		0		0		0		0		0		0		0		0		81		81		
NDC Pairs
< 1		14 >
< 1		15 >
< 1		16 >
< 1		35 >
< 1		42 >
< 1		44 >
< 1		64 >
< 1		75 >
< 2		11 >
< 2		13 >
< 2		29 >
< 2		31 >
< 2		46 >
< 2		60 >
< 2		69 >
< 2		74 >
< 3		16 >
< 3		22 >
< 3		28 >
< 3		38 >
< 3		40 >
< 3		53 >
< 3		62 >
< 4		25 >
< 4		57 >
< 4		70 >
< 5		6 >
< 5		11 >
< 5		35 >
< 5		74 >
< 6		7 >
< 6		14 >
< 6		16 >
< 6		47 >
< 6		52 >
< 6		59 >
< 6		65 >
< 7		12 >
< 7		18 >
< 7		43 >
< 7		50 >
< 7		56 >
< 7		61 >
< 7		63 >
< 7		73 >
< 7		74 >
< 7		75 >
< 8		10 >
< 8		15 >
< 8		17 >
< 8		23 >
< 8		28 >
< 8		41 >
< 8		63 >
< 8		68 >
< 8		77 >
< 9		13 >
< 9		37 >
< 9		63 >
< 9		64 >
< 9		75 >
< 10		11 >
< 10		26 >
< 10		52 >
< 10		61 >
< 10		70 >
< 10		78 >
< 11		19 >
< 11		28 >
< 11		37 >
< 11		48 >
< 11		56 >
< 11		61 >
< 11		70 >
< 12		33 >
< 12		34 >
< 12		42 >
< 12		53 >
< 12		61 >
< 12		63 >
< 12		72 >
< 13		15 >
< 13		17 >
< 13		20 >
< 13		25 >
< 13		41 >
< 13		43 >
< 13		57 >
< 13		59 >
< 13		60 >
< 13		62 >
< 13		64 >
< 13		70 >
< 13		74 >
< 13		79 >
< 14		18 >
< 14		33 >
< 14		47 >
< 14		75 >
< 15		24 >
< 15		35 >
< 15		47 >
< 15		55 >
< 15		63 >
< 15		64 >
< 16		35 >
< 16		57 >
< 16		61 >
< 16		80 >
< 17		39 >
< 17		47 >
< 17		54 >
< 18		33 >
< 18		38 >
< 18		42 >
< 18		54 >
< 19		26 >
< 19		35 >
< 19		36 >
< 19		45 >
< 19		57 >
< 19		59 >
< 19		75 >
< 19		76 >
< 20		24 >
< 20		32 >
< 20		35 >
< 20		40 >
< 20		41 >
< 20		49 >
< 20		61 >
< 20		78 >
< 21		24 >
< 21		41 >
< 21		48 >
< 21		61 >
< 21		74 >
< 22		23 >
< 22		37 >
< 22		40 >
< 22		62 >
< 22		66 >
< 22		78 >
< 23		26 >
< 23		29 >
< 23		47 >
< 23		51 >
< 23		72 >
< 23		74 >
< 23		77 >
< 24		25 >
< 24		47 >
< 24		64 >
< 24		79 >
< 25		32 >
< 25		34 >
< 25		37 >
< 25		38 >
< 25		41 >
< 25		59 >
< 26		36 >
< 26		41 >
< 26		42 >
< 26		64 >
< 26		74 >
< 26		77 >
< 27		37 >
< 27		51 >
< 27		55 >
< 27		72 >
< 28		55 >
< 28		58 >
< 28		67 >
< 28		72 >
< 28		75 >
< 29		31 >
< 29		48 >
< 29		55 >
< 29		63 >
< 29		68 >
< 29		76 >
< 30		34 >
< 30		43 >
< 30		46 >
< 30		51 >
< 30		57 >
< 30		62 >
< 30		67 >
< 30		68 >
< 30		71 >
< 31		33 >
< 31		42 >
< 31		56 >
< 31		66 >
< 31		75 >
< 31		77 >
< 32		34 >
< 32		46 >
< 32		68 >
< 32		80 >
< 33		48 >
< 34		45 >
< 34		50 >
< 34		63 >
< 34		69 >
< 35		38 >
< 35		43 >
< 35		57 >
< 35		65 >
< 35		68 >
< 36		42 >
< 36		57 >
< 36		73 >
< 36		75 >
< 37		42 >
< 37		51 >
< 37		54 >
< 37		63 >
< 37		64 >
< 38		48 >
< 38		53 >
< 38		56 >
< 38		59 >
< 38		76 >
< 39		50 >
< 39		76 >
< 39		77 >
< 40		42 >
< 40		54 >
< 40		60 >
< 40		64 >
< 40		72 >
< 41		70 >
< 41		71 >
< 42		47 >
< 42		48 >
< 42		50 >
< 42		56 >
< 43		58 >
< 43		59 >
< 44		46 >
< 44		55 >
< 44		57 >
< 44		60 >
< 44		69 >
< 45		47 >
< 45		62 >
< 46		58 >
< 46		70 >
< 47		54 >
< 47		60 >
< 47		67 >
< 47		70 >
< 47		78 >
< 48		51 >
< 48		58 >
< 48		60 >
< 48		70 >
< 49		60 >
< 49		69 >
< 49		74 >
< 49		75 >
< 50		62 >
< 50		71 >
< 50		74 >
< 50		75 >
< 51		67 >
< 52		64 >
< 52		69 >
< 52		74 >
< 52		77 >
< 52		79 >
< 53		58 >
< 53		60 >
< 54		67 >
< 54		76 >
< 54		77 >
< 54		79 >
< 55		72 >
< 55		75 >
< 56		70 >
< 56		71 >
< 56		78 >
< 58		61 >
< 58		68 >
< 58		72 >
< 58		74 >
< 58		79 >
< 59		61 >
< 59		68 >
< 59		77 >
< 59		80 >
< 60		67 >
< 60		72 >
< 60		73 >
< 60		74 >
< 62		75 >
< 64		65 >
< 64		71 >
< 65		75 >
< 67		71 >
< 68		78 >
< 69		70 >
< 69		74 >
< 69		80 >
< 70		75 >
< 71		78 >
< 73		74 >
< 79		80 >
