nNodes= 60
nPairs= 514  
Weight
2
3
2
3
4
2
2
2
2
4
3
4
3
2
3
4
2
2
2
3
3
2
2
2
3
4
3
3
4
3
4
2
4
3
4
2
3
4
4
3
2
2
4
2
4
2
3
2
3
3
3
2
3
2
4
3
4
2
2
4
Cost
61		0		0		61		0		0		61		0		0		61		0		61		0		61		0		0		0		0		0		0		0		0		61		61		0		0		61		61		0		61		0		0		0		61		0		0		0		0		0		0		0		0		0		61		0		61		61		0		0		0		0		0		61		61		0		61		0		0		0		0		
0		61		61		0		0		61		0		61		0		61		0		0		0		0		0		0		0		0		0		61		0		0		61		0		0		61		0		0		0		0		61		0		61		0		0		0		0		0		0		0		61		0		61		0		0		0		61		0		0		0		0		0		0		0		61		0		61		0		0		61		
0		61		61		61		0		61		0		0		0		0		61		0		0		0		0		0		61		61		0		0		0		0		0		0		0		0		0		61		0		0		0		0		0		0		0		0		0		0		0		61		0		0		0		0		0		0		0		0		0		61		0		0		0		0		0		61		0		0		0		61		
61		0		61		61		61		0		0		0		0		61		0		0		0		0		0		0		0		0		0		0		0		61		0		61		0		0		61		0		0		0		0		61		0		61		61		0		0		0		0		0		61		0		0		61		0		0		0		0		0		0		61		0		0		0		0		0		61		0		0		61		
0		0		0		61		61		61		0		61		0		0		0		0		0		61		0		61		0		0		0		0		61		61		61		61		0		61		61		0		0		0		0		61		0		61		0		61		0		0		0		0		0		0		0		0		61		61		0		0		0		0		61		61		0		0		61		0		61		0		0		61		
0		61		61		0		61		61		0		0		0		61		0		0		61		0		0		0		61		0		61		61		0		0		0		61		0		61		61		0		0		0		0		0		61		0		0		0		0		61		61		0		0		0		0		0		0		0		61		0		0		0		0		0		0		0		0		0		0		0		0		0		
61		0		0		0		0		0		61		0		0		0		0		61		61		0		61		0		61		61		0		0		0		61		0		0		61		0		0		0		0		0		61		0		61		61		0		0		0		0		61		0		0		0		0		61		0		61		0		61		0		61		0		0		0		61		0		0		0		61		0		61		
0		61		0		0		61		0		0		61		61		0		0		61		0		0		0		0		0		0		0		0		0		61		0		61		61		61		61		0		0		0		0		61		0		0		61		0		0		0		0		0		61		0		61		61		0		61		61		0		0		0		0		61		0		0		61		0		0		0		0		61		
0		0		0		0		0		0		0		61		61		0		61		0		0		61		61		0		0		61		0		61		0		0		0		61		0		0		0		0		61		0		0		0		0		61		0		0		0		0		61		0		0		0		0		0		0		0		0		0		0		0		0		61		0		0		61		0		61		0		0		0		
61		61		0		61		0		61		0		0		0		61		61		0		61		61		0		0		61		0		0		0		0		61		0		61		61		61		61		61		0		0		61		0		61		61		0		0		61		0		61		0		0		0		0		0		0		0		0		61		0		0		0		61		61		0		0		0		0		61		61		61		
0		0		61		0		0		0		0		0		61		61		61		0		61		0		0		0		0		0		0		61		0		0		0		61		0		61		61		0		0		0		0		0		61		0		0		0		0		0		0		0		0		61		61		0		0		0		0		0		0		61		61		0		0		0		0		0		61		0		0		61		
61		0		0		0		0		0		61		61		0		0		0		61		61		0		61		0		0		61		0		61		0		0		0		0		0		61		61		0		0		0		0		0		0		0		61		0		61		0		0		0		0		61		61		0		0		0		61		0		61		0		0		0		0		0		0		0		0		61		0		0		
0		0		0		0		0		61		61		0		0		61		61		61		61		0		0		0		0		0		61		0		0		61		61		61		61		0		61		0		61		0		0		0		0		0		0		0		0		0		61		61		0		61		0		0		61		0		61		0		0		0		0		0		61		0		0		0		0		61		0		0		
61		0		0		0		61		0		0		0		61		61		0		0		0		61		61		0		0		0		0		0		61		0		0		0		0		61		0		0		0		61		0		0		0		0		61		61		0		61		61		61		0		0		0		0		0		0		61		0		61		0		0		0		0		61		0		61		61		61		61		61		
0		0		0		0		0		0		61		0		61		0		0		61		0		61		61		0		0		0		0		0		0		0		0		61		0		61		0		0		0		0		61		0		61		0		0		61		0		61		61		0		61		0		0		0		0		61		0		0		61		0		0		61		0		0		0		0		61		0		0		0		
0		0		0		0		61		0		0		0		0		0		0		0		0		0		0		61		61		0		0		0		0		0		61		0		0		0		0		61		0		0		0		0		61		0		0		0		0		0		0		0		0		0		61		0		0		0		0		0		0		0		0		0		61		61		61		0		0		0		61		61		
0		0		61		0		0		61		61		0		0		61		0		0		0		0		0		61		61		61		0		61		0		0		0		0		0		61		0		0		0		0		0		0		0		0		61		0		0		61		0		0		0		0		0		61		0		0		0		0		0		0		61		61		61		0		0		0		0		0		61		0		
0		0		61		0		0		0		61		0		61		0		0		61		0		0		0		0		61		61		0		0		61		61		0		0		0		0		0		61		61		0		0		0		61		0		61		0		61		0		61		61		0		0		0		0		61		61		61		0		0		0		0		0		0		0		61		0		0		0		0		61		
0		0		0		0		0		61		0		0		0		0		0		0		61		0		0		0		0		0		61		0		0		61		61		0		0		0		0		61		61		0		0		61		61		0		0		61		0		0		0		0		0		0		0		0		0		0		0		0		0		0		0		61		0		0		0		61		0		0		61		61		
0		61		0		0		0		61		0		0		61		0		61		61		0		0		0		0		61		0		0		61		0		0		0		0		0		61		0		0		0		61		61		61		0		0		61		61		61		0		0		0		61		0		0		0		0		61		0		61		61		61		0		61		0		0		61		0		0		61		0		0		
0		0		0		0		61		0		0		0		0		0		0		0		0		61		0		0		0		61		0		0		61		0		0		61		0		61		0		61		0		0		0		0		0		0		0		0		61		61		0		0		0		0		0		0		61		0		0		61		61		0		61		0		0		0		61		0		0		0		0		61		
0		0		0		61		61		0		61		61		0		61		0		0		61		0		0		0		0		61		61		0		0		61		61		0		0		0		61		0		0		0		0		0		0		61		0		0		0		0		61		0		61		0		61		61		61		0		0		0		0		0		0		61		0		0		61		0		61		61		61		0		
61		61		0		0		61		0		0		0		0		0		0		0		61		0		0		61		0		0		61		0		0		61		61		0		61		0		0		0		61		0		0		61		61		0		61		0		0		61		0		0		0		0		61		0		0		0		0		0		0		61		61		0		0		0		0		0		0		61		0		0		
61		0		0		61		61		61		0		61		61		61		61		0		61		0		61		0		0		0		0		0		61		0		0		61		0		0		0		0		61		0		0		61		0		0		0		0		0		0		0		61		61		0		61		0		0		0		0		61		0		0		0		0		0		0		0		61		0		0		61		0		
0		0		0		0		0		0		61		61		0		61		0		0		61		0		0		0		0		0		0		0		0		0		61		0		61		0		61		0		0		0		0		0		0		0		0		0		61		0		0		61		0		0		0		0		61		0		0		0		61		0		61		61		61		61		0		0		0		0		0		61		
0		61		0		0		61		61		0		61		0		61		61		61		0		61		61		0		61		0		0		61		61		0		0		0		0		61		0		61		61		61		0		0		0		61		61		0		0		0		0		61		61		61		0		61		0		61		0		61		0		61		0		0		0		0		0		0		0		0		0		0		
61		0		0		61		61		61		0		61		0		61		61		61		61		0		0		0		0		0		0		0		0		61		0		0		61		0		61		0		0		61		61		0		0		0		61		61		61		61		0		61		0		61		61		0		0		61		0		61		61		0		0		61		0		61		0		0		0		61		0		0		
61		0		61		0		0		0		0		0		0		61		0		0		0		0		0		61		0		61		61		0		61		0		0		0		0		61		0		61		61		0		0		61		0		0		0		0		0		0		0		0		61		61		0		61		0		0		0		0		0		0		61		0		0		0		61		0		0		0		0		0		
0		0		0		0		0		0		0		0		61		0		0		0		61		0		0		0		0		61		61		0		0		0		61		61		0		61		0		61		61		61		0		0		0		61		0		61		61		0		0		0		0		0		0		0		61		0		61		0		0		61		0		0		0		0		0		0		61		0		0		0		
61		0		0		0		0		0		0		0		0		0		0		0		0		61		0		0		0		0		0		61		0		0		0		0		0		61		61		0		61		61		0		61		0		61		0		0		0		61		0		0		0		0		0		0		0		0		0		0		61		0		61		0		0		0		0		61		61		0		0		0		
0		61		0		0		0		0		61		0		0		61		0		0		0		0		61		0		0		0		0		61		0		0		0		0		0		0		61		0		0		0		61		61		61		0		0		0		0		61		0		0		0		0		61		0		0		61		0		0		0		61		0		61		61		0		61		61		61		0		0		61		
0		0		0		61		61		0		0		61		0		0		0		0		0		0		0		0		0		0		61		61		0		0		61		61		0		0		0		61		0		61		61		61		61		61		0		61		0		0		0		0		61		61		0		0		61		0		0		61		0		61		0		61		0		0		61		61		61		0		0		0		
0		61		0		0		0		61		61		0		0		61		61		0		0		0		61		61		0		61		61		0		0		0		61		0		0		0		0		0		0		0		61		61		61		61		0		0		0		0		61		0		0		61		61		0		61		0		0		0		0		61		0		0		61		0		0		0		61		61		61		0		
61		0		0		61		61		0		61		0		61		61		0		0		0		0		0		0		0		0		0		0		0		61		0		0		0		61		0		0		61		61		0		61		61		61		0		0		0		0		0		61		0		0		61		0		0		61		61		61		61		61		0		0		0		61		61		61		0		0		0		0		
0		0		0		61		0		0		0		61		0		0		0		61		0		61		0		0		61		61		0		61		0		0		61		0		0		61		61		0		0		0		0		0		0		0		61		0		0		0		61		0		0		61		0		61		61		61		0		0		61		0		0		0		0		61		61		0		0		0		0		0		
0		0		0		0		61		0		0		0		0		0		0		0		0		61		61		0		0		0		61		61		0		0		0		0		0		0		61		0		61		0		0		61		0		0		0		61		0		0		0		0		0		0		0		0		0		0		0		0		0		61		61		0		0		0		61		0		61		0		61		0		
0		0		0		0		0		0		0		0		0		61		0		61		0		0		0		0		0		61		0		61		61		0		0		0		61		0		61		0		61		0		0		0		0		0		0		0		61		61		0		0		0		0		0		0		0		0		0		61		0		0		0		61		61		61		0		0		0		61		61		61		
0		0		0		0		0		61		0		0		0		0		0		0		0		61		61		0		61		0		0		0		61		0		61		0		0		0		61		0		0		61		61		0		0		0		0		0		61		61		61		0		0		0		0		0		0		0		0		0		0		0		0		0		0		0		0		0		61		0		0		0		
0		0		0		0		0		61		61		0		61		61		0		0		61		61		61		0		0		61		0		0		0		61		0		0		0		0		0		0		0		0		0		0		61		0		61		0		0		61		61		0		0		61		61		0		0		0		0		61		0		61		61		0		0		0		0		0		0		61		61		0		
0		0		61		0		0		0		0		0		0		0		0		0		61		61		0		0		0		61		0		0		0		0		0		61		61		61		61		0		0		0		0		0		0		61		0		0		0		0		0		61		0		0		0		0		0		0		0		61		0		61		61		0		61		0		0		0		0		0		0		0		
0		61		0		61		0		0		0		61		0		0		0		0		0		0		61		0		0		0		0		61		0		61		0		61		0		61		0		61		0		0		0		61		0		0		0		0		0		0		0		0		61		61		0		61		61		0		0		0		0		0		0		61		61		61		0		0		0		0		0		0		
0		0		0		0		0		0		0		0		0		0		61		61		61		0		0		0		0		0		0		0		0		0		0		0		0		61		61		61		0		0		0		61		61		0		61		0		0		0		61		0		61		61		0		61		61		0		61		0		0		0		61		0		61		0		0		61		0		0		61		0		
0		61		0		0		0		0		0		61		0		0		61		61		0		0		0		61		0		0		0		0		0		61		61		61		0		0		61		0		0		0		61		0		61		61		0		0		0		0		61		0		0		0		61		0		61		61		0		0		0		0		61		0		61		0		0		0		0		0		0		0		
61		0		0		61		0		0		61		61		0		0		0		0		0		0		0		0		61		0		0		0		0		61		0		0		0		61		0		61		0		0		0		0		0		0		61		0		0		0		0		0		61		61		0		61		0		0		0		61		0		0		0		61		61		0		0		61		61		0		0		61		
0		0		0		0		61		0		0		0		0		0		0		0		61		0		0		0		0		61		0		0		61		61		0		0		61		0		0		0		61		0		0		61		61		0		61		0		0		0		0		0		61		61		61		0		61		0		0		61		61		0		0		61		0		0		0		0		61		0		0		0		
61		0		0		0		61		0		61		61		0		0		0		0		0		0		61		0		0		61		0		61		0		0		0		0		0		61		61		0		0		0		61		0		0		61		61		0		0		0		0		0		0		0		61		0		0		61		0		0		0		0		0		61		0		0		0		0		0		0		0		61		
61		61		0		0		0		61		0		61		0		0		0		61		61		61		0		0		0		61		0		0		0		0		0		0		0		0		0		0		61		0		0		0		0		61		0		0		0		0		0		0		0		61		0		0		0		0		61		0		61		61		0		61		0		0		61		0		0		0		0		0		
0		0		0		0		0		0		61		0		0		61		0		0		0		0		0		0		0		0		0		61		61		0		0		61		0		61		61		0		0		0		0		61		0		61		0		0		61		0		61		61		0		0		0		61		61		0		0		61		0		0		0		0		61		0		61		0		61		0		0		61		
0		0		0		0		0		0		0		0		0		0		0		61		0		61		61		0		0		0		0		61		61		0		0		0		61		0		61		0		0		61		0		0		0		61		61		0		0		0		0		0		0		0		0		0		61		0		61		0		61		0		61		0		0		0		0		61		0		61		0		0		
0		0		61		0		0		0		61		0		0		0		61		0		0		0		0		0		0		0		0		61		0		0		61		0		0		61		0		0		61		0		61		61		61		61		0		61		0		0		61		61		0		0		0		0		0		0		61		0		0		61		0		61		61		0		0		0		0		61		0		0		
0		0		0		61		61		0		0		0		0		0		61		0		0		0		0		0		61		0		0		0		61		0		61		0		61		0		0		61		0		61		0		0		0		0		0		61		0		0		61		61		0		61		61		0		0		0		0		0		61		0		61		0		0		0		0		0		61		0		0		0		
0		0		0		0		61		0		0		61		61		61		0		0		0		0		61		0		61		0		61		61		0		61		0		0		61		0		61		0		0		0		61		61		0		0		0		0		61		0		0		0		61		0		0		61		61		61		61		0		0		61		0		61		0		0		61		0		0		61		0		0		
61		0		0		0		0		0		0		0		0		61		0		0		61		0		0		61		61		0		0		0		0		0		0		0		61		0		0		0		0		0		61		0		61		0		0		0		61		0		0		61		61		61		61		61		0		0		0		61		0		61		0		0		61		0		0		0		0		0		0		0		
61		0		0		0		0		0		61		0		0		0		0		0		0		61		0		61		0		0		0		0		0		0		0		0		61		0		61		0		0		0		0		0		0		61		61		0		61		0		0		0		61		0		0		0		0		0		0		0		0		0		0		0		0		61		0		0		61		61		61		0		
0		61		0		0		61		0		0		61		61		0		0		0		0		0		0		61		0		61		0		61		61		61		0		0		0		0		0		61		0		0		61		61		0		61		61		61		0		0		0		0		0		0		0		0		0		0		61		61		0		0		0		61		0		0		61		0		0		0		61		61		
61		0		61		0		0		0		0		0		0		0		0		0		0		61		0		0		0		0		61		0		0		0		0		61		0		0		0		0		0		61		61		61		0		61		0		0		0		0		0		0		0		61		0		61		0		0		0		0		61		0		0		0		0		0		0		61		0		0		0		0		
0		61		0		61		61		0		0		0		61		0		61		0		0		61		61		0		0		0		0		0		0		61		0		0		0		0		0		0		61		61		61		61		61		0		0		61		0		61		0		0		0		0		0		61		61		0		0		61		0		0		61		0		0		61		0		0		61		0		0		61		
0		0		0		0		0		0		61		0		0		61		0		61		61		61		0		0		0		0		0		61		0		61		61		0		0		0		61		0		0		0		0		0		61		0		0		0		61		0		61		0		0		0		0		0		0		0		0		0		61		61		0		61		0		61		0		0		0		61		0		0		
0		0		0		0		0		0		0		0		0		61		0		0		0		61		0		61		61		0		61		0		0		61		0		61		0		0		0		0		0		0		0		0		61		0		0		61		61		0		61		0		0		61		0		0		0		0		0		0		0		0		0		0		0		61		61		0		0		0		61		0		
0		61		61		61		61		0		61		61		0		61		61		0		0		61		0		61		0		61		61		0		61		0		0		0		61		0		0		0		0		0		61		0		0		0		0		0		61		0		0		0		0		0		0		61		0		61		0		61		0		0		0		0		0		0		61		0		61		0		0		61		
NDC Pairs
< 1		4 >
< 1		7 >
< 1		10 >
< 1		12 >
< 1		14 >
< 1		23 >
< 1		24 >
< 1		27 >
< 1		28 >
< 1		30 >
< 1		34 >
< 1		44 >
< 1		46 >
< 1		47 >
< 1		53 >
< 1		54 >
< 1		56 >
< 2		3 >
< 2		6 >
< 2		8 >
< 2		10 >
< 2		20 >
< 2		23 >
< 2		26 >
< 2		31 >
< 2		33 >
< 2		41 >
< 2		43 >
< 2		47 >
< 2		55 >
< 2		57 >
< 2		60 >
< 3		4 >
< 3		6 >
< 3		11 >
< 3		17 >
< 3		18 >
< 3		28 >
< 3		40 >
< 3		50 >
< 3		56 >
< 3		60 >
< 4		5 >
< 4		10 >
< 4		22 >
< 4		24 >
< 4		27 >
< 4		32 >
< 4		34 >
< 4		35 >
< 4		41 >
< 4		44 >
< 4		51 >
< 4		57 >
< 4		60 >
< 5		6 >
< 5		8 >
< 5		14 >
< 5		16 >
< 5		21 >
< 5		22 >
< 5		23 >
< 5		24 >
< 5		26 >
< 5		27 >
< 5		32 >
< 5		34 >
< 5		36 >
< 5		45 >
< 5		46 >
< 5		51 >
< 5		52 >
< 5		55 >
< 5		57 >
< 5		60 >
< 6		10 >
< 6		13 >
< 6		17 >
< 6		19 >
< 6		20 >
< 6		24 >
< 6		26 >
< 6		27 >
< 6		33 >
< 6		38 >
< 6		39 >
< 6		47 >
< 7		12 >
< 7		13 >
< 7		15 >
< 7		17 >
< 7		18 >
< 7		22 >
< 7		25 >
< 7		31 >
< 7		33 >
< 7		34 >
< 7		39 >
< 7		44 >
< 7		46 >
< 7		48 >
< 7		50 >
< 7		54 >
< 7		58 >
< 7		60 >
< 8		9 >
< 8		12 >
< 8		22 >
< 8		24 >
< 8		25 >
< 8		26 >
< 8		27 >
< 8		32 >
< 8		35 >
< 8		41 >
< 8		43 >
< 8		44 >
< 8		46 >
< 8		47 >
< 8		52 >
< 8		55 >
< 8		60 >
< 9		11 >
< 9		14 >
< 9		15 >
< 9		18 >
< 9		20 >
< 9		24 >
< 9		29 >
< 9		34 >
< 9		39 >
< 9		52 >
< 9		55 >
< 9		57 >
< 10		11 >
< 10		13 >
< 10		14 >
< 10		17 >
< 10		22 >
< 10		24 >
< 10		25 >
< 10		26 >
< 10		27 >
< 10		28 >
< 10		31 >
< 10		33 >
< 10		34 >
< 10		37 >
< 10		39 >
< 10		48 >
< 10		52 >
< 10		53 >
< 10		58 >
< 10		59 >
< 10		60 >
< 11		13 >
< 11		20 >
< 11		24 >
< 11		26 >
< 11		27 >
< 11		33 >
< 11		42 >
< 11		43 >
< 11		50 >
< 11		51 >
< 11		57 >
< 11		60 >
< 12		13 >
< 12		15 >
< 12		18 >
< 12		20 >
< 12		26 >
< 12		27 >
< 12		35 >
< 12		37 >
< 12		42 >
< 12		43 >
< 12		47 >
< 12		49 >
< 12		58 >
< 13		19 >
< 13		22 >
< 13		23 >
< 13		24 >
< 13		25 >
< 13		27 >
< 13		29 >
< 13		39 >
< 13		40 >
< 13		42 >
< 13		45 >
< 13		47 >
< 13		53 >
< 13		58 >
< 14		15 >
< 14		21 >
< 14		26 >
< 14		30 >
< 14		35 >
< 14		36 >
< 14		38 >
< 14		39 >
< 14		40 >
< 14		47 >
< 14		49 >
< 14		54 >
< 14		56 >
< 14		57 >
< 14		58 >
< 14		59 >
< 14		60 >
< 15		24 >
< 15		26 >
< 15		31 >
< 15		33 >
< 15		36 >
< 15		38 >
< 15		39 >
< 15		41 >
< 15		46 >
< 15		49 >
< 15		52 >
< 15		57 >
< 16		17 >
< 16		23 >
< 16		28 >
< 16		33 >
< 16		43 >
< 16		53 >
< 16		54 >
< 16		55 >
< 16		59 >
< 16		60 >
< 17		18 >
< 17		20 >
< 17		26 >
< 17		35 >
< 17		38 >
< 17		44 >
< 17		51 >
< 17		52 >
< 17		53 >
< 17		59 >
< 18		21 >
< 18		22 >
< 18		28 >
< 18		29 >
< 18		33 >
< 18		35 >
< 18		37 >
< 18		39 >
< 18		40 >
< 18		45 >
< 18		46 >
< 18		47 >
< 18		55 >
< 18		60 >
< 19		22 >
< 19		23 >
< 19		28 >
< 19		29 >
< 19		32 >
< 19		33 >
< 19		36 >
< 19		52 >
< 19		56 >
< 19		59 >
< 19		60 >
< 20		26 >
< 20		30 >
< 20		31 >
< 20		32 >
< 20		35 >
< 20		36 >
< 20		37 >
< 20		41 >
< 20		46 >
< 20		48 >
< 20		49 >
< 20		50 >
< 20		52 >
< 20		55 >
< 20		58 >
< 21		24 >
< 21		26 >
< 21		28 >
< 21		37 >
< 21		38 >
< 21		45 >
< 21		48 >
< 21		49 >
< 21		51 >
< 21		55 >
< 21		60 >
< 22		23 >
< 22		27 >
< 22		34 >
< 22		39 >
< 22		41 >
< 22		43 >
< 22		44 >
< 22		45 >
< 22		52 >
< 22		55 >
< 22		57 >
< 22		58 >
< 22		59 >
< 23		25 >
< 23		29 >
< 23		32 >
< 23		33 >
< 23		35 >
< 23		38 >
< 23		43 >
< 23		50 >
< 23		51 >
< 23		58 >
< 24		29 >
< 24		32 >
< 24		40 >
< 24		41 >
< 24		43 >
< 24		48 >
< 24		56 >
< 24		59 >
< 25		27 >
< 25		37 >
< 25		40 >
< 25		45 >
< 25		49 >
< 25		51 >
< 25		52 >
< 25		53 >
< 25		54 >
< 25		60 >
< 26		28 >
< 26		29 >
< 26		30 >
< 26		34 >
< 26		35 >
< 26		40 >
< 26		41 >
< 26		42 >
< 26		44 >
< 26		46 >
< 26		48 >
< 26		50 >
< 27		30 >
< 27		31 >
< 27		35 >
< 27		36 >
< 27		37 >
< 27		38 >
< 27		40 >
< 27		42 >
< 27		43 >
< 27		46 >
< 27		48 >
< 27		49 >
< 27		52 >
< 27		54 >
< 27		58 >
< 28		29 >
< 28		32 >
< 28		41 >
< 28		42 >
< 28		44 >
< 28		51 >
< 28		55 >
< 29		30 >
< 29		34 >
< 29		36 >
< 29		37 >
< 29		45 >
< 29		47 >
< 29		50 >
< 29		57 >
< 30		32 >
< 30		34 >
< 30		38 >
< 30		49 >
< 30		51 >
< 30		56 >
< 30		57 >
< 31		32 >
< 31		33 >
< 31		38 >
< 31		43 >
< 31		46 >
< 31		50 >
< 31		52 >
< 31		53 >
< 31		55 >
< 31		56 >
< 31		57 >
< 31		60 >
< 32		33 >
< 32		34 >
< 32		36 >
< 32		41 >
< 32		42 >
< 32		45 >
< 32		48 >
< 32		50 >
< 32		52 >
< 32		55 >
< 32		56 >
< 32		57 >
< 33		34 >
< 33		39 >
< 33		42 >
< 33		43 >
< 33		45 >
< 33		50 >
< 33		53 >
< 33		57 >
< 33		58 >
< 33		59 >
< 34		40 >
< 34		43 >
< 34		46 >
< 34		47 >
< 34		48 >
< 34		49 >
< 34		50 >
< 34		54 >
< 34		55 >
< 34		56 >
< 35		39 >
< 35		42 >
< 35		44 >
< 35		45 >
< 35		46 >
< 35		49 >
< 35		54 >
< 35		55 >
< 36		50 >
< 36		51 >
< 36		55 >
< 36		57 >
< 36		59 >
< 37		38 >
< 37		48 >
< 37		52 >
< 37		53 >
< 37		54 >
< 37		58 >
< 37		59 >
< 37		60 >
< 38		39 >
< 38		57 >
< 39		42 >
< 39		43 >
< 39		48 >
< 39		50 >
< 39		51 >
< 39		58 >
< 39		59 >
< 40		48 >
< 40		50 >
< 40		51 >
< 40		53 >
< 41		42 >
< 41		44 >
< 41		45 >
< 41		52 >
< 41		53 >
< 41		54 >
< 42		44 >
< 42		45 >
< 42		47 >
< 42		51 >
< 42		53 >
< 42		56 >
< 42		59 >
< 43		45 >
< 43		46 >
< 43		51 >
< 43		53 >
< 44		48 >
< 44		52 >
< 44		53 >
< 44		56 >
< 44		57 >
< 44		60 >
< 45		48 >
< 45		49 >
< 45		52 >
< 45		57 >
< 46		52 >
< 46		60 >
< 47		49 >
< 47		50 >
< 47		52 >
< 47		55 >
< 48		53 >
< 48		55 >
< 48		57 >
< 48		60 >
< 49		51 >
< 49		56 >
< 49		58 >
< 50		52 >
< 50		53 >
< 50		58 >
< 51		57 >
< 52		55 >
< 52		58 >
< 54		57 >
< 54		58 >
< 54		59 >
< 55		59 >
< 55		60 >
< 57		60 >
