nNodes= 80
nPairs= 1541  
Weight
2
2
2
2
2
4
3
3
4
4
3
4
2
4
2
4
3
2
4
2
3
4
4
4
2
2
2
4
4
2
4
2
2
3
2
4
4
4
2
2
2
4
2
3
4
3
2
3
4
3
3
2
4
2
3
3
2
3
2
2
4
3
4
2
3
3
4
3
2
4
3
2
2
2
2
4
2
3
4
2
Cost
81		81		81		81		81		81		81		0		81		0		81		0		81		0		81		81		0		0		81		0		81		0		0		81		81		0		0		0		0		0		0		81		81		81		81		81		0		81		0		0		81		81		0		0		0		81		81		81		81		0		0		81		0		0		0		0		81		0		81		81		81		81		0		81		0		81		0		81		0		0		0		0		0		81		0		81		81		81		81		0		
81		81		0		81		81		0		81		0		81		0		81		81		81		0		0		81		0		81		0		81		81		0		81		81		0		81		81		0		81		81		81		81		81		0		81		0		0		0		81		0		0		81		81		81		81		0		81		81		81		0		81		81		81		81		81		81		0		0		0		0		0		0		81		0		81		0		0		81		0		81		81		81		81		0		81		81		81		81		0		0		
81		0		81		0		0		0		0		81		0		81		0		0		0		0		81		0		81		0		0		81		0		0		0		0		81		81		81		81		81		0		0		0		0		0		81		0		0		0		0		81		0		81		0		81		0		81		0		0		0		81		81		0		0		81		0		0		0		81		81		81		81		81		0		0		0		0		81		81		81		81		81		0		0		81		0		0		81		81		81		0		
81		81		0		81		0		81		81		0		0		0		0		81		0		81		81		0		0		0		81		0		0		0		81		0		81		0		0		81		81		0		0		0		81		0		81		0		81		81		0		81		81		0		0		0		81		0		0		0		0		0		0		81		81		0		81		81		0		81		81		81		0		81		0		81		0		81		0		81		0		0		81		81		0		0		0		81		81		0		81		0		
81		81		0		0		81		0		0		81		0		0		81		0		0		81		81		0		81		0		81		0		81		81		0		81		0		81		0		81		0		0		0		0		81		81		81		0		81		81		81		81		81		0		0		81		81		0		0		81		0		81		0		81		0		0		0		0		81		0		0		81		0		0		0		0		0		0		0		0		0		0		81		0		0		81		81		0		0		0		81		0		
81		0		0		81		0		81		0		81		0		0		0		0		0		0		0		0		81		81		0		81		81		0		0		0		81		81		0		0		0		0		81		81		0		0		81		81		0		81		81		0		0		81		81		81		0		81		81		81		0		0		0		0		81		0		81		0		0		81		0		0		81		81		81		81		81		0		0		81		81		0		81		0		81		81		0		81		0		81		81		81		
81		81		0		81		0		0		81		81		81		0		0		81		0		0		0		0		0		81		0		81		0		81		0		81		81		81		0		0		0		0		0		0		0		81		0		81		81		81		0		81		81		81		0		0		81		81		81		81		0		81		0		81		81		81		0		81		81		81		0		0		81		81		0		0		0		0		0		81		81		81		81		0		0		0		0		0		0		0		0		0		
0		0		81		0		81		81		81		81		81		0		81		81		81		81		81		0		81		0		81		81		81		0		81		81		81		0		0		0		0		81		0		81		81		0		0		0		0		0		0		81		0		0		81		81		81		81		81		0		81		0		81		0		81		0		0		81		0		0		0		0		81		81		81		81		81		0		0		81		0		0		81		81		0		0		0		0		81		0		0		81		
81		81		0		0		0		0		81		81		81		81		0		81		0		0		0		0		0		0		0		81		81		0		0		0		81		0		81		0		0		0		81		0		81		0		81		0		0		81		81		0		81		81		81		81		0		0		0		0		81		81		81		0		0		0		0		0		81		81		0		0		81		0		81		0		81		0		0		0		0		81		81		81		81		81		0		81		81		81		81		81		
0		0		81		0		0		0		0		0		81		81		0		81		81		0		0		0		81		0		0		0		81		0		81		0		0		0		0		0		81		81		81		81		0		0		81		81		81		0		0		0		0		0		81		0		0		0		0		0		0		0		0		0		81		81		81		0		81		0		0		81		81		0		0		81		0		0		81		81		0		0		0		0		81		0		0		0		0		81		81		81		
81		81		0		0		81		0		0		81		0		0		81		0		0		0		0		0		0		81		81		81		81		0		81		0		0		81		0		81		0		0		81		81		0		0		0		81		81		81		81		81		81		0		81		0		0		81		0		0		81		81		0		0		0		81		81		81		81		81		81		81		0		0		0		0		0		81		0		81		0		81		0		81		0		81		0		0		81		81		0		81		
0		81		0		81		0		0		81		81		81		81		0		81		0		81		0		0		0		81		0		81		81		0		81		0		81		0		81		0		81		81		81		81		0		81		0		81		0		81		81		81		0		0		0		81		81		0		0		81		81		0		0		0		0		0		81		0		0		81		0		0		0		0		81		0		81		0		81		81		81		81		0		0		81		81		81		0		0		0		0		81		
81		81		0		0		0		0		0		81		0		81		0		0		81		0		0		0		0		81		81		81		0		81		0		81		0		0		81		81		81		0		81		81		0		0		81		0		0		81		81		81		81		0		0		81		0		0		0		81		81		81		81		81		81		0		81		81		0		0		81		0		81		81		0		0		0		81		0		81		81		81		81		81		81		0		0		81		81		81		81		81		
0		0		0		81		81		0		0		81		0		0		0		81		0		81		81		0		0		81		0		81		81		81		81		81		0		81		81		81		0		81		0		0		0		81		81		81		0		0		81		81		0		0		81		0		81		81		0		81		0		0		81		0		81		81		81		81		0		81		0		0		81		81		0		0		81		81		81		0		81		0		0		0		0		81		81		0		81		81		81		81		
81		0		81		81		81		0		0		81		0		0		0		0		0		81		81		0		0		81		81		81		81		81		81		81		81		81		0		0		81		0		0		0		81		0		0		0		0		81		81		0		0		81		81		0		81		0		81		0		0		0		81		0		81		81		0		0		81		81		81		0		81		0		81		0		81		81		0		0		81		0		0		81		81		0		0		0		0		0		0		0		
81		81		0		0		0		0		0		0		0		0		0		0		0		0		0		81		81		0		0		81		0		81		0		81		81		81		0		81		0		81		0		0		81		81		81		81		81		81		0		81		0		0		0		81		81		81		0		81		0		0		81		0		81		81		81		81		0		0		0		81		81		81		81		0		81		81		0		81		81		81		0		0		81		0		0		0		0		81		0		0		
0		0		81		0		81		81		0		81		0		81		0		0		0		0		0		81		81		0		81		0		81		0		0		81		81		0		0		81		81		0		0		0		0		0		81		0		0		0		0		0		81		0		0		0		81		0		81		81		0		0		0		0		0		0		81		81		81		81		81		81		81		81		81		81		81		0		81		0		81		0		81		0		81		81		0		0		81		0		81		81		
0		81		0		0		0		81		81		0		0		0		81		81		81		81		81		0		0		81		81		0		81		81		81		0		0		81		0		81		81		81		0		81		81		81		81		81		81		81		81		0		0		81		81		81		81		81		81		0		0		81		0		0		0		81		81		0		81		0		81		0		81		0		81		0		0		81		0		0		0		81		0		0		0		0		0		0		81		81		0		81		
81		0		0		81		81		0		0		81		0		0		81		0		81		0		81		0		81		81		81		81		0		0		81		81		81		0		0		0		0		81		81		81		81		81		81		81		81		0		0		0		81		0		0		81		81		0		81		81		81		81		81		81		81		81		81		81		81		0		0		0		0		0		0		81		81		81		81		81		0		81		81		81		81		0		81		81		81		0		0		81		
0		81		81		0		0		81		81		81		81		0		81		81		81		81		81		81		0		0		81		81		0		0		81		81		0		81		81		0		81		81		81		81		0		0		0		0		0		81		81		0		0		81		81		81		81		81		81		0		81		81		81		0		81		81		0		0		0		0		81		81		81		0		0		81		81		0		0		81		0		0		0		81		81		81		81		81		81		81		81		0		
81		81		0		0		81		81		0		81		81		81		81		81		0		81		81		0		81		81		0		0		81		81		81		0		81		81		81		0		81		81		0		0		81		0		0		0		81		81		81		0		81		81		0		0		81		0		81		0		0		81		0		81		0		0		0		0		0		0		0		81		0		81		0		81		81		81		81		81		0		81		0		0		0		81		81		0		0		0		81		0		
0		0		0		0		81		0		81		0		0		0		0		0		81		81		81		81		0		81		0		0		81		81		81		0		0		81		81		0		0		0		81		81		81		81		0		0		81		81		81		81		0		81		81		0		0		0		0		0		0		81		81		0		0		0		81		81		0		0		0		0		0		81		81		81		81		0		81		81		81		81		0		81		0		0		0		0		81		81		0		81		
0		81		0		81		0		0		0		81		0		81		81		81		0		81		81		0		0		81		81		81		81		81		81		81		81		81		81		0		81		0		0		0		0		81		81		81		0		0		0		81		81		0		81		81		81		0		0		0		81		0		0		0		0		0		0		0		0		0		0		81		0		0		0		0		81		81		0		0		81		0		0		0		0		81		81		0		81		81		0		81		
81		81		0		0		81		0		81		81		0		0		0		0		81		81		81		81		81		0		81		81		0		0		81		81		0		0		81		81		0		0		81		0		81		0		0		0		81		0		0		0		0		0		0		81		0		0		81		0		0		81		0		0		81		0		81		0		81		81		81		81		0		81		81		0		0		0		81		81		81		0		0		81		0		0		81		81		0		0		81		81		
81		0		81		81		0		81		81		81		81		0		0		81		0		0		81		81		81		0		81		0		81		0		81		0		81		81		0		0		81		81		0		81		0		0		0		81		81		0		0		81		81		81		81		0		81		0		81		0		81		0		0		0		81		81		81		81		81		0		81		0		81		0		0		81		81		81		81		81		81		81		0		0		0		81		81		0		0		81		81		0		
0		81		81		0		81		81		81		0		0		0		81		0		0		81		81		81		0		81		0		81		81		81		81		0		81		81		81		0		81		0		0		0		0		81		0		81		81		0		81		0		81		0		81		0		81		0		0		0		81		0		81		81		81		0		81		0		81		81		0		81		81		0		81		0		81		0		0		81		0		81		0		0		0		0		81		0		0		81		0		81		
0		81		81		0		0		0		0		0		81		0		0		81		81		81		0		0		0		0		0		81		81		81		81		81		0		81		81		81		81		0		81		81		81		0		0		0		0		0		0		0		81		0		0		0		0		0		0		81		81		81		0		0		81		81		81		81		0		81		0		0		0		0		0		81		0		0		81		81		0		0		0		0		81		0		0		81		0		0		81		0		
0		0		81		81		81		0		0		0		0		0		81		0		81		81		0		81		81		81		0		0		0		0		0		81		0		0		81		81		81		0		0		81		81		81		81		81		81		81		81		81		0		81		0		81		0		0		81		0		0		0		0		81		0		0		0		81		0		81		81		81		0		0		0		81		81		81		81		0		81		81		81		81		81		81		81		81		81		81		81		81		
0		81		81		81		0		0		0		0		0		81		0		81		81		0		81		0		81		81		0		81		81		0		81		0		81		81		81		81		81		0		0		81		0		81		81		81		0		0		81		81		81		0		81		0		0		81		81		0		0		81		0		0		81		81		0		0		0		0		81		81		0		0		0		0		81		0		81		81		81		0		0		0		0		0		0		0		81		81		0		0		
0		81		0		0		0		0		0		81		0		81		0		81		0		81		0		81		0		81		81		81		81		0		0		0		81		0		0		0		0		81		0		0		0		81		0		0		81		0		81		81		0		0		0		81		0		0		0		81		81		81		81		0		81		81		0		0		0		81		81		81		81		0		0		81		0		81		0		0		81		0		81		81		81		81		81		81		0		81		0		0		
0		81		0		0		0		81		0		0		81		81		81		81		81		0		0		0		0		0		81		81		0		81		0		81		0		0		81		0		0		0		81		0		81		81		81		81		81		0		0		81		81		0		0		81		0		0		0		81		81		0		0		0		81		0		81		0		81		81		81		0		0		81		81		0		81		81		0		0		0		81		0		0		0		81		0		81		81		81		81		0		
81		81		0		0		0		81		0		81		0		81		81		81		81		0		0		0		0		81		81		81		0		81		0		0		81		0		81		81		81		0		0		81		0		81		81		0		0		0		0		81		81		81		81		0		0		0		0		0		0		81		81		81		81		0		81		81		81		81		0		0		0		0		81		81		0		81		81		0		81		0		81		81		81		81		0		0		0		81		81		0		
81		81		0		81		81		0		0		81		81		0		0		0		0		0		81		81		0		81		81		0		81		81		0		81		0		0		81		81		0		0		81		0		81		0		81		81		81		81		0		0		81		81		0		0		81		0		81		81		81		81		0		81		81		0		0		0		0		0		0		81		81		0		81		0		81		0		81		0		0		81		81		81		0		0		81		81		0		81		0		0		
81		0		0		0		81		0		81		0		0		0		0		81		0		81		0		81		0		81		81		0		0		81		81		0		0		81		0		81		81		81		81		81		0		81		81		0		0		81		0		0		0		81		81		81		81		81		81		81		0		81		0		0		81		81		81		81		0		0		81		0		0		0		81		81		0		0		81		0		0		81		81		81		0		81		0		81		81		81		81		0		
81		81		81		81		81		81		0		0		81		81		0		0		81		81		0		81		81		81		81		0		0		0		81		0		0		0		0		81		81		0		81		81		81		81		81		81		0		81		81		81		0		81		0		0		81		0		81		81		81		0		0		0		81		0		81		81		0		0		81		0		81		81		81		81		81		0		81		81		81		0		81		81		0		0		81		0		81		0		0		0		
81		0		0		0		0		81		81		0		0		81		81		81		0		81		0		81		0		81		81		0		0		0		81		0		81		81		0		81		81		0		81		0		81		0		81		81		0		81		81		81		81		0		81		81		0		81		0		81		81		81		0		81		81		0		0		0		0		0		0		81		81		81		0		0		81		0		0		81		0		0		0		81		0		0		81		0		81		0		81		0		
0		0		0		81		81		0		81		0		0		81		81		0		0		0		0		81		0		81		81		0		81		81		0		81		81		81		0		81		0		81		81		0		81		0		0		0		81		81		0		81		0		0		0		0		0		81		81		0		0		0		0		0		0		0		0		0		0		81		81		0		0		81		0		81		81		81		0		81		81		81		0		81		0		0		81		0		0		0		0		81		
81		0		0		81		81		81		81		0		81		0		81		81		81		0		81		81		0		81		0		81		81		81		0		0		0		0		0		81		0		0		0		0		81		81		81		81		81		81		81		81		81		0		81		81		81		0		81		0		0		0		81		0		81		81		81		0		0		81		0		0		0		0		81		81		81		0		81		0		0		0		0		81		0		0		0		81		0		81		0		0		
0		81		0		0		81		81		0		0		81		0		81		81		81		81		81		0		0		81		0		81		81		81		0		0		0		81		0		81		81		81		0		0		0		0		81		81		0		81		81		81		81		81		0		0		81		0		81		0		0		81		0		81		81		0		81		0		0		81		0		0		81		81		81		0		81		81		0		81		0		0		81		0		0		0		0		81		81		81		81		81		
0		0		81		81		81		0		81		81		0		0		81		81		81		81		0		81		0		0		0		0		0		81		81		0		81		0		0		81		81		81		81		81		0		0		81		81		81		81		81		81		0		81		0		81		81		0		81		0		81		81		81		81		0		81		0		0		0		81		81		81		0		0		0		0		0		81		81		0		0		81		0		0		81		0		0		81		0		81		0		0		
81		0		0		81		81		0		81		0		81		0		81		0		81		0		0		0		81		0		81		0		81		0		81		0		81		81		81		0		81		0		81		81		81		0		0		81		0		81		81		0		81		81		81		0		81		81		0		81		0		0		0		81		0		0		0		0		0		0		0		81		0		81		81		0		0		0		81		81		81		0		0		81		81		81		0		81		0		0		81		81		
81		81		81		0		0		81		81		0		81		0		0		0		0		0		81		0		0		81		0		81		81		81		0		0		81		0		0		81		0		0		0		81		81		81		81		0		0		0		81		81		81		81		0		81		81		0		0		81		0		81		0		0		0		81		81		81		0		81		0		0		81		0		0		0		81		0		0		0		81		81		0		81		81		81		81		81		0		0		81		81		
0		81		0		0		0		81		0		81		81		81		81		0		0		81		81		0		0		81		0		81		0		81		81		0		81		81		0		0		81		0		0		81		0		81		0		81		0		81		0		0		81		0		81		0		81		81		81		0		0		0		0		81		81		0		81		0		81		81		0		81		81		0		0		81		81		0		81		0		81		0		81		0		0		0		81		0		0		0		0		0		
0		81		81		0		81		81		0		81		81		0		0		81		81		0		0		81		0		81		81		81		0		0		81		81		0		0		0		81		0		81		81		0		0		81		0		81		0		81		0		81		0		81		0		81		81		0		0		81		81		81		0		81		0		81		81		0		81		81		81		81		0		0		81		81		81		0		0		0		81		81		0		0		81		0		0		81		81		81		0		81		
0		81		0		81		81		0		81		81		0		0		0		81		0		81		81		81		81		81		81		81		81		0		81		0		81		81		0		0		0		0		0		0		81		81		81		0		0		81		81		81		81		81		81		81		81		0		0		81		0		81		0		0		81		0		81		81		81		81		81		0		0		0		0		81		81		0		0		81		81		81		0		81		0		0		0		0		81		0		81		81		
81		0		81		0		0		81		81		81		0		0		81		0		0		81		0		81		0		81		0		81		0		0		0		0		0		0		0		0		81		0		0		0		0		81		0		81		81		0		0		0		81		0		81		0		0		81		0		81		81		0		0		0		81		81		81		0		81		81		81		0		0		81		0		0		81		0		81		0		0		81		81		81		0		81		81		81		81		81		81		0		
81		81		0		0		0		81		81		81		0		0		0		0		0		0		81		0		81		81		81		81		81		0		0		81		81		0		0		81		81		0		0		0		81		81		81		0		81		81		81		81		0		0		81		0		0		0		81		0		0		0		0		81		0		81		81		0		81		0		0		0		81		81		81		81		0		0		0		0		0		81		0		0		0		0		0		81		0		0		0		0		
81		81		0		0		81		81		81		0		0		0		0		81		81		81		0		81		81		0		81		0		0		0		0		0		0		0		81		0		0		81		81		0		81		81		81		81		0		0		0		0		81		81		0		81		81		81		0		81		81		81		0		0		81		81		81		81		0		81		0		81		0		0		0		0		81		81		0		81		81		0		0		0		0		81		0		0		0		81		0		81		
81		81		0		0		0		0		0		81		81		0		81		81		81		0		0		0		0		0		81		81		0		0		81		0		81		81		81		0		0		81		81		0		81		0		81		81		0		0		0		81		0		0		0		81		0		81		0		81		81		81		81		81		0		0		0		0		0		0		81		81		81		0		81		0		0		0		0		0		0		0		81		81		81		81		0		0		0		0		0		0		
0		0		81		0		81		0		81		0		81		0		81		0		81		0		0		0		0		81		81		81		81		81		0		81		0		0		81		0		81		81		0		81		81		81		0		81		0		0		81		81		0		81		0		81		81		0		0		81		81		81		81		0		0		0		81		81		0		0		81		0		81		0		0		81		81		0		0		0		81		81		0		81		81		81		81		0		0		81		81		0		
0		81		81		0		0		0		0		81		81		0		0		0		81		81		81		81		0		0		81		81		0		81		0		0		0		81		0		0		0		81		0		81		0		0		0		0		0		81		0		81		0		0		0		0		0		0		0		0		81		81		81		0		81		0		81		81		81		0		81		81		0		0		81		0		0		81		81		81		0		0		81		81		81		81		0		81		81		0		0		81		
81		81		0		81		81		0		81		0		0		0		0		0		81		0		0		0		0		0		81		0		81		0		0		0		0		81		0		81		0		0		0		81		81		0		0		81		0		0		81		81		81		0		81		81		0		0		81		0		81		0		0		81		0		81		81		81		81		0		0		81		81		0		81		0		0		0		0		0		81		81		81		81		0		0		81		0		81		0		81		81		
0		81		0		81		0		81		81		81		0		81		0		0		81		81		81		81		0		0		81		81		0		0		0		81		81		81		81		0		81		81		81		81		81		81		81		81		0		81		81		0		0		0		81		0		81		81		0		81		0		0		81		0		81		0		0		81		0		0		81		81		0		0		81		0		81		0		0		0		0		0		81		81		0		0		0		81		0		0		0		81		
0		81		81		0		0		0		81		0		0		81		81		0		0		81		81		81		0		81		81		81		0		0		0		0		81		0		81		0		81		81		0		0		0		81		0		0		0		81		0		81		0		81		0		81		0		81		81		81		0		0		0		81		0		81		81		81		0		0		81		0		81		0		81		0		81		81		0		81		0		0		0		81		81		81		81		81		81		81		81		81		
0		81		0		81		0		81		0		0		0		81		81		81		81		81		0		81		81		81		81		0		0		81		0		81		81		81		81		0		0		0		81		81		0		81		81		0		0		81		81		0		0		81		81		81		81		81		81		81		0		81		81		81		0		81		81		0		0		0		0		0		0		0		0		81		0		0		81		0		0		81		81		81		0		0		81		0		0		0		81		0		
0		81		0		81		0		0		81		81		0		0		81		0		81		81		0		81		81		0		81		0		0		81		0		0		81		0		81		81		0		0		0		81		0		81		81		0		0		0		0		0		0		81		0		0		81		0		0		81		0		81		81		81		81		81		0		81		0		81		0		0		0		81		81		0		0		81		81		0		81		0		0		0		0		81		81		0		81		81		81		0		
81		0		0		0		81		0		81		0		81		81		81		0		0		0		81		0		81		81		81		0		0		0		0		81		81		81		0		0		0		0		81		81		0		0		0		0		0		0		0		0		0		0		81		81		81		81		81		0		0		0		81		81		0		0		0		0		81		0		0		0		0		0		81		81		81		0		81		81		0		0		81		0		0		0		0		81		81		0		0		0		
0		0		81		81		0		81		81		0		81		0		81		81		0		81		81		0		81		0		0		0		0		0		0		81		0		81		81		81		0		81		81		81		0		0		0		0		81		81		81		81		0		81		81		81		81		81		0		81		0		0		0		0		0		0		0		81		0		81		0		81		0		0		81		0		0		81		81		81		0		0		0		81		0		0		81		0		81		0		81		0		
81		0		81		81		0		0		0		0		0		0		81		0		81		0		81		0		81		81		0		81		0		0		0		81		81		0		0		81		81		81		81		0		0		81		81		0		81		0		0		81		0		0		0		81		81		81		0		0		81		81		81		0		81		81		0		0		0		0		81		0		0		81		0		81		81		81		81		0		81		0		0		81		0		81		0		0		81		81		0		0		
81		0		81		81		81		0		0		0		0		81		81		0		0		0		0		81		81		0		0		81		81		0		81		81		0		81		0		81		81		81		0		0		81		0		0		81		0		0		0		81		81		0		81		81		0		0		0		81		81		0		81		81		81		0		0		0		0		81		0		81		0		81		81		0		81		0		81		81		81		81		81		81		81		0		81		0		0		0		81		81		
81		0		81		0		0		81		81		81		81		81		0		0		81		81		81		81		81		81		0		81		0		0		0		0		81		81		0		0		0		81		0		0		81		0		81		81		0		0		81		0		0		81		81		0		0		0		81		0		81		81		0		81		0		81		0		0		0		0		0		0		81		81		81		0		81		0		0		81		0		81		81		0		0		81		81		81		81		0		0		0		
81		0		81		81		0		81		81		81		0		0		0		0		81		81		0		81		81		0		0		0		81		81		0		81		0		0		0		0		0		0		81		0		0		0		81		81		81		0		81		0		81		0		0		0		0		81		81		0		0		0		0		0		0		0		0		81		0		0		81		81		81		81		0		81		0		81		81		81		0		0		81		0		81		81		0		81		0		81		81		0		
0		81		0		0		0		81		0		81		81		0		0		81		0		0		81		81		81		81		0		0		0		81		0		81		0		81		0		0		0		0		81		81		81		81		81		0		0		81		81		0		81		0		0		81		0		0		81		0		81		0		81		81		81		81		0		81		81		81		0		81		81		0		81		81		0		0		0		0		81		0		0		81		81		0		81		81		0		0		81		0		
81		0		0		81		0		81		0		81		0		81		0		0		0		0		0		0		81		0		81		81		81		81		0		0		81		0		81		81		0		81		0		81		0		81		81		0		81		81		0		0		0		0		81		81		81		0		81		0		0		81		0		0		0		0		81		0		81		0		81		0		0		81		81		81		81		81		0		0		81		81		0		81		0		81		81		81		81		0		0		81		
0		81		0		0		0		81		0		81		81		0		0		81		0		81		81		81		81		0		81		81		81		81		81		0		81		81		0		81		81		0		81		0		81		0		81		81		81		81		81		0		0		81		81		81		81		81		0		81		0		81		0		0		81		81		0		0		81		0		81		81		81		0		0		81		81		0		81		0		0		81		0		0		81		0		0		81		0		81		81		0		
81		0		0		81		0		0		0		0		0		0		81		0		81		81		81		81		0		81		81		0		81		0		81		0		81		0		0		81		0		81		81		81		0		0		0		0		81		0		81		81		0		0		0		0		0		0		0		81		0		0		81		0		0		81		0		81		0		81		81		0		0		81		0		81		0		81		81		81		0		0		0		0		0		81		81		0		0		81		0		0		
0		0		81		0		0		0		0		0		0		81		0		81		0		81		0		0		81		0		81		0		81		81		0		81		81		0		81		81		81		0		0		81		81		81		81		0		0		81		0		81		81		0		81		0		0		81		0		0		0		0		81		0		0		0		81		81		81		81		81		81		0		81		0		0		81		81		81		81		0		0		81		0		81		81		0		0		81		0		0		0		
81		81		81		81		0		81		81		81		0		81		81		81		81		0		0		81		0		0		81		81		81		81		0		81		81		81		81		0		81		0		0		0		0		0		81		81		81		0		81		0		81		0		0		0		81		0		0		81		0		0		81		0		0		81		0		0		81		81		0		81		81		81		0		0		0		81		81		81		81		81		0		81		81		0		0		0		0		0		81		0		
0		0		81		0		0		81		81		0		0		0		0		81		81		81		81		81		81		0		0		0		0		81		81		81		81		0		0		81		81		81		0		81		0		0		81		0		81		0		0		0		81		81		81		81		81		0		0		81		0		81		0		81		0		0		0		81		0		0		81		81		0		0		81		81		0		0		0		81		81		81		81		0		81		81		81		81		0		81		0		0		
0		81		81		0		0		0		81		0		81		0		81		81		81		0		0		81		0		81		81		0		81		81		0		0		81		81		0		81		0		0		81		0		81		81		0		0		81		0		0		81		0		81		0		81		81		81		81		0		0		81		0		81		0		0		81		0		0		0		0		81		81		0		0		81		81		0		0		81		81		81		0		0		0		81		81		0		0		81		0		0		
0		81		81		81		81		81		81		81		81		0		0		0		81		0		0		0		81		0		81		0		0		0		0		0		0		0		0		81		0		81		0		81		81		81		81		0		0		0		81		0		0		0		81		0		0		81		0		0		81		0		81		81		81		0		81		0		81		0		0		81		81		81		0		0		0		0		81		0		81		0		81		81		81		0		0		0		0		81		81		0		
0		81		0		81		0		0		0		81		81		0		81		0		81		0		81		0		0		0		81		81		0		81		0		81		0		0		0		81		0		81		0		81		81		81		81		81		81		81		0		0		81		81		0		0		81		81		0		0		81		81		81		81		81		81		81		0		0		81		81		81		0		0		81		81		0		0		0		81		0		0		81		81		0		81		81		0		81		0		81		0		
0		81		0		0		0		81		0		0		81		81		0		81		81		0		81		81		81		0		81		81		0		0		0		0		0		0		81		81		0		81		0		81		0		0		0		0		0		0		0		81		81		81		0		81		0		0		0		0		81		81		81		0		0		81		0		0		0		0		0		81		0		81		81		0		81		0		81		81		81		0		81		0		81		81		81		0		81		0		81		0		
81		0		81		0		81		81		0		0		81		0		81		81		0		81		0		0		81		0		0		81		81		0		81		0		81		0		0		81		0		81		81		81		0		81		0		0		0		0		0		0		81		81		0		0		0		81		0		81		81		81		81		0		0		81		0		81		0		0		81		0		81		81		0		81		0		81		81		0		81		81		0		81		81		81		0		81		0		81		0		81		
0		81		0		0		81		0		0		0		0		0		0		81		0		81		0		0		0		0		81		81		81		0		81		81		81		81		0		81		0		81		0		0		81		0		81		81		81		0		0		0		0		81		81		0		0		81		0		0		0		81		0		81		0		81		81		81		0		81		0		81		81		0		81		81		0		81		0		0		81		81		0		81		81		0		81		0		81		0		0		0		
81		81		0		81		0		81		0		0		81		0		0		0		81		0		0		0		0		0		81		81		0		0		0		81		0		0		81		81		0		81		81		0		81		81		0		0		0		81		81		81		81		81		0		81		0		81		81		0		0		0		81		0		81		81		0		0		81		0		0		0		81		81		81		81		81		0		0		0		81		0		0		0		0		81		0		81		81		81		0		81		
81		81		81		81		0		0		0		81		81		0		81		0		81		81		0		0		81		81		81		81		0		81		81		0		0		0		0		81		81		0		81		0		0		81		81		81		0		0		81		0		0		0		0		81		81		81		0		0		0		0		81		81		0		81		0		81		81		81		81		0		81		0		0		81		0		0		81		0		0		0		0		81		81		0		81		81		81		81		81		81		
81		81		81		0		0		81		0		0		81		81		81		0		81		81		0		81		0		81		0		81		0		81		81		0		81		81		0		81		81		81		81		81		81		81		0		0		0		81		81		81		0		0		0		81		0		81		0		81		0		81		0		0		0		81		0		81		0		0		81		0		0		81		0		0		81		81		0		0		81		81		81		0		0		81		0		81		81		81		0		0		
81		0		81		81		81		81		0		0		81		81		0		0		81		81		0		0		81		0		0		81		81		0		0		81		81		0		81		81		0		0		81		81		0		81		0		81		0		0		81		0		81		81		0		0		81		81		0		0		0		81		0		81		0		81		81		81		0		81		0		81		0		81		81		0		81		0		0		81		0		0		81		81		81		0		0		0		81		0		81		0		
0		0		0		0		0		81		0		81		81		81		81		81		81		81		0		0		81		81		81		0		0		81		81		81		0		81		0		81		0		0		0		0		0		0		0		0		81		0		81		0		81		81		0		81		81		0		0		81		0		0		81		81		81		81		0		0		0		0		0		81		0		0		0		81		0		0		0		0		0		0		0		0		0		81		0		81		81		0		0		81		
NDC Pairs
< 1		2 >
< 1		3 >
< 1		4 >
< 1		5 >
< 1		6 >
< 1		7 >
< 1		9 >
< 1		11 >
< 1		13 >
< 1		15 >
< 1		16 >
< 1		19 >
< 1		21 >
< 1		24 >
< 1		25 >
< 1		32 >
< 1		33 >
< 1		34 >
< 1		35 >
< 1		36 >
< 1		38 >
< 1		41 >
< 1		42 >
< 1		46 >
< 1		47 >
< 1		48 >
< 1		49 >
< 1		52 >
< 1		57 >
< 1		59 >
< 1		60 >
< 1		61 >
< 1		62 >
< 1		64 >
< 1		66 >
< 1		68 >
< 1		74 >
< 1		76 >
< 1		77 >
< 1		78 >
< 1		79 >
< 2		4 >
< 2		5 >
< 2		7 >
< 2		9 >
< 2		11 >
< 2		12 >
< 2		13 >
< 2		16 >
< 2		18 >
< 2		20 >
< 2		21 >
< 2		23 >
< 2		24 >
< 2		26 >
< 2		27 >
< 2		29 >
< 2		30 >
< 2		31 >
< 2		32 >
< 2		33 >
< 2		35 >
< 2		39 >
< 2		42 >
< 2		43 >
< 2		44 >
< 2		45 >
< 2		47 >
< 2		48 >
< 2		49 >
< 2		51 >
< 2		52 >
< 2		53 >
< 2		54 >
< 2		55 >
< 2		56 >
< 2		63 >
< 2		65 >
< 2		68 >
< 2		70 >
< 2		71 >
< 2		72 >
< 2		73 >
< 2		75 >
< 2		76 >
< 2		77 >
< 2		78 >
< 3		8 >
< 3		10 >
< 3		15 >
< 3		17 >
< 3		20 >
< 3		25 >
< 3		26 >
< 3		27 >
< 3		28 >
< 3		29 >
< 3		35 >
< 3		40 >
< 3		42 >
< 3		44 >
< 3		46 >
< 3		50 >
< 3		51 >
< 3		54 >
< 3		58 >
< 3		59 >
< 3		60 >
< 3		61 >
< 3		62 >
< 3		67 >
< 3		68 >
< 3		69 >
< 3		70 >
< 3		71 >
< 3		74 >
< 3		77 >
< 3		78 >
< 3		79 >
< 4		6 >
< 4		7 >
< 4		12 >
< 4		14 >
< 4		15 >
< 4		19 >
< 4		23 >
< 4		25 >
< 4		28 >
< 4		29 >
< 4		33 >
< 4		35 >
< 4		37 >
< 4		38 >
< 4		40 >
< 4		41 >
< 4		45 >
< 4		52 >
< 4		53 >
< 4		55 >
< 4		56 >
< 4		58 >
< 4		59 >
< 4		60 >
< 4		62 >
< 4		64 >
< 4		66 >
< 4		68 >
< 4		71 >
< 4		72 >
< 4		76 >
< 4		77 >
< 4		79 >
< 5		8 >
< 5		11 >
< 5		14 >
< 5		15 >
< 5		17 >
< 5		19 >
< 5		21 >
< 5		22 >
< 5		24 >
< 5		26 >
< 5		28 >
< 5		33 >
< 5		34 >
< 5		35 >
< 5		37 >
< 5		38 >
< 5		39 >
< 5		40 >
< 5		41 >
< 5		44 >
< 5		45 >
< 5		48 >
< 5		50 >
< 5		52 >
< 5		57 >
< 5		60 >
< 5		71 >
< 5		74 >
< 5		75 >
< 5		79 >
< 6		8 >
< 6		17 >
< 6		18 >
< 6		20 >
< 6		21 >
< 6		25 >
< 6		26 >
< 6		31 >
< 6		32 >
< 6		35 >
< 6		36 >
< 6		38 >
< 6		39 >
< 6		42 >
< 6		43 >
< 6		44 >
< 6		46 >
< 6		47 >
< 6		48 >
< 6		53 >
< 6		55 >
< 6		58 >
< 6		61 >
< 6		62 >
< 6		63 >
< 6		64 >
< 6		65 >
< 6		68 >
< 6		69 >
< 6		71 >
< 6		73 >
< 6		74 >
< 6		76 >
< 6		78 >
< 6		79 >
< 6		80 >
< 7		8 >
< 7		9 >
< 7		12 >
< 7		18 >
< 7		20 >
< 7		22 >
< 7		24 >
< 7		25 >
< 7		26 >
< 7		34 >
< 7		36 >
< 7		37 >
< 7		38 >
< 7		40 >
< 7		41 >
< 7		42 >
< 7		45 >
< 7		46 >
< 7		47 >
< 7		48 >
< 7		50 >
< 7		52 >
< 7		53 >
< 7		54 >
< 7		56 >
< 7		57 >
< 7		58 >
< 7		61 >
< 7		62 >
< 7		68 >
< 7		69 >
< 7		70 >
< 7		71 >
< 8		9 >
< 8		11 >
< 8		12 >
< 8		13 >
< 8		14 >
< 8		15 >
< 8		17 >
< 8		19 >
< 8		20 >
< 8		21 >
< 8		23 >
< 8		24 >
< 8		25 >
< 8		30 >
< 8		32 >
< 8		33 >
< 8		40 >
< 8		43 >
< 8		44 >
< 8		45 >
< 8		46 >
< 8		47 >
< 8		49 >
< 8		51 >
< 8		53 >
< 8		56 >
< 8		61 >
< 8		62 >
< 8		63 >
< 8		64 >
< 8		65 >
< 8		68 >
< 8		71 >
< 8		72 >
< 8		77 >
< 8		80 >
< 9		10 >
< 9		12 >
< 9		20 >
< 9		21 >
< 9		25 >
< 9		27 >
< 9		31 >
< 9		33 >
< 9		35 >
< 9		38 >
< 9		39 >
< 9		41 >
< 9		42 >
< 9		43 >
< 9		44 >
< 9		49 >
< 9		50 >
< 9		51 >
< 9		57 >
< 9		58 >
< 9		61 >
< 9		63 >
< 9		65 >
< 9		70 >
< 9		71 >
< 9		72 >
< 9		73 >
< 9		74 >
< 9		76 >
< 9		77 >
< 9		78 >
< 9		79 >
< 9		80 >
< 10		12 >
< 10		13 >
< 10		17 >
< 10		21 >
< 10		23 >
< 10		29 >
< 10		30 >
< 10		31 >
< 10		32 >
< 10		35 >
< 10		36 >
< 10		37 >
< 10		43 >
< 10		53 >
< 10		54 >
< 10		55 >
< 10		57 >
< 10		60 >
< 10		61 >
< 10		64 >
< 10		67 >
< 10		68 >
< 10		73 >
< 10		78 >
< 10		79 >
< 10		80 >
< 11		18 >
< 11		19 >
< 11		20 >
< 11		21 >
< 11		23 >
< 11		26 >
< 11		28 >
< 11		31 >
< 11		32 >
< 11		36 >
< 11		37 >
< 11		38 >
< 11		39 >
< 11		40 >
< 11		41 >
< 11		43 >
< 11		46 >
< 11		49 >
< 11		50 >
< 11		54 >
< 11		55 >
< 11		56 >
< 11		57 >
< 11		58 >
< 11		59 >
< 11		60 >
< 11		66 >
< 11		68 >
< 11		70 >
< 11		72 >
< 11		74 >
< 11		77 >
< 11		78 >
< 11		80 >
< 12		14 >
< 12		18 >
< 12		20 >
< 12		21 >
< 12		23 >
< 12		25 >
< 12		27 >
< 12		29 >
< 12		30 >
< 12		31 >
< 12		32 >
< 12		34 >
< 12		36 >
< 12		38 >
< 12		39 >
< 12		40 >
< 12		44 >
< 12		45 >
< 12		48 >
< 12		49 >
< 12		55 >
< 12		58 >
< 12		63 >
< 12		65 >
< 12		67 >
< 12		68 >
< 12		69 >
< 12		70 >
< 12		73 >
< 12		74 >
< 12		75 >
< 12		80 >
< 13		18 >
< 13		19 >
< 13		20 >
< 13		22 >
< 13		24 >
< 13		27 >
< 13		28 >
< 13		29 >
< 13		31 >
< 13		32 >
< 13		35 >
< 13		38 >
< 13		39 >
< 13		40 >
< 13		41 >
< 13		44 >
< 13		48 >
< 13		49 >
< 13		50 >
< 13		51 >
< 13		52 >
< 13		53 >
< 13		55 >
< 13		56 >
< 13		59 >
< 13		61 >
< 13		62 >
< 13		66 >
< 13		68 >
< 13		69 >
< 13		70 >
< 13		71 >
< 13		72 >
< 13		73 >
< 13		76 >
< 13		77 >
< 13		78 >
< 13		79 >
< 13		80 >
< 14		15 >
< 14		18 >
< 14		20 >
< 14		21 >
< 14		22 >
< 14		23 >
< 14		24 >
< 14		26 >
< 14		27 >
< 14		28 >
< 14		30 >
< 14		34 >
< 14		35 >
< 14		36 >
< 14		39 >
< 14		40 >
< 14		43 >
< 14		45 >
< 14		46 >
< 14		48 >
< 14		51 >
< 14		53 >
< 14		54 >
< 14		55 >
< 14		56 >
< 14		58 >
< 14		61 >
< 14		62 >
< 14		65 >
< 14		66 >
< 14		67 >
< 14		69 >
< 14		74 >
< 14		75 >
< 14		77 >
< 14		78 >
< 14		79 >
< 14		80 >
< 15		18 >
< 15		19 >
< 15		20 >
< 15		21 >
< 15		22 >
< 15		23 >
< 15		24 >
< 15		25 >
< 15		26 >
< 15		29 >
< 15		33 >
< 15		38 >
< 15		39 >
< 15		42 >
< 15		43 >
< 15		45 >
< 15		47 >
< 15		51 >
< 15		53 >
< 15		54 >
< 15		57 >
< 15		58 >
< 15		59 >
< 15		61 >
< 15		63 >
< 15		65 >
< 15		66 >
< 15		69 >
< 15		72 >
< 15		73 >
< 16		17 >
< 16		20 >
< 16		22 >
< 16		24 >
< 16		25 >
< 16		26 >
< 16		28 >
< 16		30 >
< 16		33 >
< 16		34 >
< 16		35 >
< 16		36 >
< 16		37 >
< 16		38 >
< 16		40 >
< 16		44 >
< 16		45 >
< 16		46 >
< 16		48 >
< 16		51 >
< 16		53 >
< 16		54 >
< 16		55 >
< 16		56 >
< 16		60 >
< 16		61 >
< 16		62 >
< 16		63 >
< 16		65 >
< 16		66 >
< 16		68 >
< 16		69 >
< 16		70 >
< 16		73 >
< 16		78 >
< 17		19 >
< 17		21 >
< 17		24 >
< 17		25 >
< 17		28 >
< 17		29 >
< 17		35 >
< 17		41 >
< 17		45 >
< 17		47 >
< 17		48 >
< 17		55 >
< 17		56 >
< 17		57 >
< 17		58 >
< 17		59 >
< 17		60 >
< 17		61 >
< 17		62 >
< 17		63 >
< 17		64 >
< 17		65 >
< 17		67 >
< 17		69 >
< 17		71 >
< 17		73 >
< 17		74 >
< 17		77 >
< 17		79 >
< 17		80 >
< 18		19 >
< 18		21 >
< 18		22 >
< 18		23 >
< 18		26 >
< 18		28 >
< 18		29 >
< 18		30 >
< 18		32 >
< 18		33 >
< 18		34 >
< 18		35 >
< 18		36 >
< 18		37 >
< 18		38 >
< 18		39 >
< 18		42 >
< 18		43 >
< 18		44 >
< 18		45 >
< 18		46 >
< 18		47 >
< 18		50 >
< 18		54 >
< 18		55 >
< 18		57 >
< 18		59 >
< 18		61 >
< 18		63 >
< 18		66 >
< 18		70 >
< 18		77 >
< 18		78 >
< 18		80 >
< 19		20 >
< 19		23 >
< 19		24 >
< 19		25 >
< 19		30 >
< 19		31 >
< 19		32 >
< 19		33 >
< 19		34 >
< 19		35 >
< 19		36 >
< 19		37 >
< 19		41 >
< 19		44 >
< 19		45 >
< 19		47 >
< 19		48 >
< 19		49 >
< 19		50 >
< 19		51 >
< 19		52 >
< 19		53 >
< 19		54 >
< 19		55 >
< 19		56 >
< 19		57 >
< 19		64 >
< 19		65 >
< 19		66 >
< 19		67 >
< 19		68 >
< 19		70 >
< 19		71 >
< 19		72 >
< 19		73 >
< 19		75 >
< 19		76 >
< 19		77 >
< 19		80 >
< 20		23 >
< 20		24 >
< 20		26 >
< 20		27 >
< 20		29 >
< 20		30 >
< 20		31 >
< 20		32 >
< 20		38 >
< 20		39 >
< 20		42 >
< 20		43 >
< 20		44 >
< 20		45 >
< 20		46 >
< 20		47 >
< 20		49 >
< 20		50 >
< 20		51 >
< 20		53 >
< 20		54 >
< 20		59 >
< 20		60 >
< 20		61 >
< 20		64 >
< 20		65 >
< 20		68 >
< 20		72 >
< 20		73 >
< 20		74 >
< 20		75 >
< 20		76 >
< 20		77 >
< 20		78 >
< 20		79 >
< 21		22 >
< 21		23 >
< 21		25 >
< 21		26 >
< 21		27 >
< 21		29 >
< 21		30 >
< 21		33 >
< 21		37 >
< 21		38 >
< 21		39 >
< 21		41 >
< 21		42 >
< 21		45 >
< 21		47 >
< 21		50 >
< 21		52 >
< 21		60 >
< 21		62 >
< 21		64 >
< 21		65 >
< 21		66 >
< 21		67 >
< 21		68 >
< 21		70 >
< 21		74 >
< 21		75 >
< 21		79 >
< 22		23 >
< 22		26 >
< 22		27 >
< 22		31 >
< 22		32 >
< 22		33 >
< 22		34 >
< 22		37 >
< 22		38 >
< 22		39 >
< 22		40 >
< 22		42 >
< 22		43 >
< 22		50 >
< 22		51 >
< 22		55 >
< 22		56 >
< 22		62 >
< 22		63 >
< 22		64 >
< 22		65 >
< 22		67 >
< 22		68 >
< 22		69 >
< 22		70 >
< 22		72 >
< 22		77 >
< 22		78 >
< 22		80 >
< 23		24 >
< 23		25 >
< 23		26 >
< 23		27 >
< 23		29 >
< 23		34 >
< 23		35 >
< 23		36 >
< 23		40 >
< 23		41 >
< 23		43 >
< 23		44 >
< 23		45 >
< 23		49 >
< 23		60 >
< 23		65 >
< 23		66 >
< 23		69 >
< 23		74 >
< 23		75 >
< 23		77 >
< 23		78 >
< 23		80 >
< 24		27 >
< 24		28 >
< 24		31 >
< 24		33 >
< 24		37 >
< 24		44 >
< 24		47 >
< 24		50 >
< 24		53 >
< 24		55 >
< 24		57 >
< 24		58 >
< 24		59 >
< 24		60 >
< 24		62 >
< 24		63 >
< 24		67 >
< 24		68 >
< 24		69 >
< 24		72 >
< 24		75 >
< 24		76 >
< 24		79 >
< 24		80 >
< 25		26 >
< 25		29 >
< 25		30 >
< 25		32 >
< 25		36 >
< 25		37 >
< 25		40 >
< 25		41 >
< 25		42 >
< 25		43 >
< 25		45 >
< 25		47 >
< 25		49 >
< 25		53 >
< 25		54 >
< 25		55 >
< 25		56 >
< 25		57 >
< 25		59 >
< 25		61 >
< 25		64 >
< 25		65 >
< 25		66 >
< 25		67 >
< 25		68 >
< 25		69 >
< 25		70 >
< 25		74 >
< 25		75 >
< 25		78 >
< 25		79 >
< 26		27 >
< 26		29 >
< 26		34 >
< 26		36 >
< 26		37 >
< 26		39 >
< 26		41 >
< 26		43 >
< 26		45 >
< 26		49 >
< 26		51 >
< 26		52 >
< 26		53 >
< 26		55 >
< 26		57 >
< 26		58 >
< 26		60 >
< 26		61 >
< 26		63 >
< 26		65 >
< 26		68 >
< 26		70 >
< 26		75 >
< 26		78 >
< 26		80 >
< 27		28 >
< 27		29 >
< 27		31 >
< 27		32 >
< 27		33 >
< 27		41 >
< 27		48 >
< 27		49 >
< 27		50 >
< 27		53 >
< 27		54 >
< 27		55 >
< 27		56 >
< 27		58 >
< 27		64 >
< 27		67 >
< 27		68 >
< 27		73 >
< 27		76 >
< 27		79 >
< 28		29 >
< 28		32 >
< 28		33 >
< 28		34 >
< 28		35 >
< 28		36 >
< 28		37 >
< 28		38 >
< 28		39 >
< 28		40 >
< 28		42 >
< 28		44 >
< 28		47 >
< 28		52 >
< 28		56 >
< 28		58 >
< 28		59 >
< 28		60 >
< 28		64 >
< 28		65 >
< 28		66 >
< 28		67 >
< 28		69 >
< 28		70 >
< 28		71 >
< 28		72 >
< 28		73 >
< 28		74 >
< 28		75 >
< 28		76 >
< 28		77 >
< 28		78 >
< 28		79 >
< 28		80 >
< 29		32 >
< 29		34 >
< 29		35 >
< 29		36 >
< 29		39 >
< 29		40 >
< 29		41 >
< 29		43 >
< 29		46 >
< 29		47 >
< 29		50 >
< 29		53 >
< 29		54 >
< 29		59 >
< 29		60 >
< 29		65 >
< 29		67 >
< 29		68 >
< 29		69 >
< 29		77 >
< 29		78 >
< 30		34 >
< 30		37 >
< 30		39 >
< 30		40 >
< 30		44 >
< 30		48 >
< 30		49 >
< 30		50 >
< 30		51 >
< 30		53 >
< 30		54 >
< 30		58 >
< 30		59 >
< 30		60 >
< 30		61 >
< 30		64 >
< 30		66 >
< 30		69 >
< 30		71 >
< 30		72 >
< 30		73 >
< 30		74 >
< 30		75 >
< 30		76 >
< 30		78 >
< 31		33 >
< 31		34 >
< 31		35 >
< 31		36 >
< 31		37 >
< 31		40 >
< 31		41 >
< 31		44 >
< 31		48 >
< 31		49 >
< 31		53 >
< 31		55 >
< 31		57 >
< 31		58 >
< 31		59 >
< 31		62 >
< 31		63 >
< 31		65 >
< 31		66 >
< 31		70 >
< 31		74 >
< 31		76 >
< 31		77 >
< 31		78 >
< 31		79 >
< 32		34 >
< 32		35 >
< 32		40 >
< 32		41 >
< 32		42 >
< 32		43 >
< 32		50 >
< 32		51 >
< 32		52 >
< 32		53 >
< 32		55 >
< 32		56 >
< 32		57 >
< 32		58 >
< 32		63 >
< 32		64 >
< 32		66 >
< 32		67 >
< 32		69 >
< 32		71 >
< 32		72 >
< 32		73 >
< 32		74 >
< 32		78 >
< 32		79 >
< 33		35 >
< 33		36 >
< 33		37 >
< 33		38 >
< 33		41 >
< 33		42 >
< 33		45 >
< 33		47 >
< 33		48 >
< 33		49 >
< 33		50 >
< 33		52 >
< 33		53 >
< 33		60 >
< 33		61 >
< 33		63 >
< 33		65 >
< 33		67 >
< 33		70 >
< 33		71 >
< 33		72 >
< 33		75 >
< 33		76 >
< 33		78 >
< 34		35 >
< 34		38 >
< 34		42 >
< 34		43 >
< 34		44 >
< 34		45 >
< 34		46 >
< 34		47 >
< 34		48 >
< 34		50 >
< 34		53 >
< 34		54 >
< 34		55 >
< 34		56 >
< 34		59 >
< 34		63 >
< 34		64 >
< 34		67 >
< 34		70 >
< 34		71 >
< 34		72 >
< 34		74 >
< 34		76 >
< 34		77 >
< 34		78 >
< 34		79 >
< 35		36 >
< 35		38 >
< 35		39 >
< 35		40 >
< 35		42 >
< 35		45 >
< 35		47 >
< 35		48 >
< 35		49 >
< 35		53 >
< 35		55 >
< 35		56 >
< 35		59 >
< 35		61 >
< 35		62 >
< 35		63 >
< 35		64 >
< 35		65 >
< 35		67 >
< 35		68 >
< 35		69 >
< 35		71 >
< 35		72 >
< 35		75 >
< 35		77 >
< 36		38 >
< 36		39 >
< 36		40 >
< 36		41 >
< 36		43 >
< 36		44 >
< 36		46 >
< 36		48 >
< 36		49 >
< 36		50 >
< 36		52 >
< 36		53 >
< 36		60 >
< 36		61 >
< 36		62 >
< 36		65 >
< 36		68 >
< 36		72 >
< 36		75 >
< 36		77 >
< 36		79 >
< 37		38 >
< 37		40 >
< 37		46 >
< 37		47 >
< 37		58 >
< 37		59 >
< 37		62 >
< 37		64 >
< 37		65 >
< 37		66 >
< 37		68 >
< 37		69 >
< 37		70 >
< 37		72 >
< 37		75 >
< 37		80 >
< 38		39 >
< 38		40 >
< 38		41 >
< 38		43 >
< 38		44 >
< 38		45 >
< 38		47 >
< 38		51 >
< 38		53 >
< 38		54 >
< 38		55 >
< 38		58 >
< 38		63 >
< 38		64 >
< 38		65 >
< 38		67 >
< 38		72 >
< 38		76 >
< 38		78 >
< 39		40 >
< 39		41 >
< 39		42 >
< 39		45 >
< 39		47 >
< 39		50 >
< 39		52 >
< 39		53 >
< 39		55 >
< 39		58 >
< 39		61 >
< 39		62 >
< 39		63 >
< 39		65 >
< 39		66 >
< 39		68 >
< 39		71 >
< 39		76 >
< 39		77 >
< 39		78 >
< 39		79 >
< 39		80 >
< 40		42 >
< 40		44 >
< 40		45 >
< 40		47 >
< 40		49 >
< 40		50 >
< 40		51 >
< 40		52 >
< 40		54 >
< 40		58 >
< 40		59 >
< 40		60 >
< 40		66 >
< 40		67 >
< 40		70 >
< 40		73 >
< 40		76 >
< 40		78 >
< 41		42 >
< 41		43 >
< 41		45 >
< 41		46 >
< 41		48 >
< 41		52 >
< 41		60 >
< 41		62 >
< 41		63 >
< 41		67 >
< 41		68 >
< 41		69 >
< 41		72 >
< 41		73 >
< 41		74 >
< 41		76 >
< 41		79 >
< 41		80 >
< 42		44 >
< 42		45 >
< 42		48 >
< 42		50 >
< 42		54 >
< 42		55 >
< 42		56 >
< 42		58 >
< 42		61 >
< 42		65 >
< 42		69 >
< 42		70 >
< 42		72 >
< 42		73 >
< 42		74 >
< 42		75 >
< 42		76 >
< 42		79 >
< 42		80 >
< 43		45 >
< 43		46 >
< 43		47 >
< 43		52 >
< 43		53 >
< 43		55 >
< 43		57 >
< 43		58 >
< 43		60 >
< 43		61 >
< 43		64 >
< 43		65 >
< 43		67 >
< 43		69 >
< 43		71 >
< 43		75 >
< 44		45 >
< 44		48 >
< 44		49 >
< 44		50 >
< 44		52 >
< 44		54 >
< 44		55 >
< 44		57 >
< 44		58 >
< 44		59 >
< 44		60 >
< 44		63 >
< 44		64 >
< 44		65 >
< 44		69 >
< 44		70 >
< 44		73 >
< 44		76 >
< 44		77 >
< 44		78 >
< 44		80 >
< 45		48 >
< 45		50 >
< 45		53 >
< 45		55 >
< 45		56 >
< 45		57 >
< 45		58 >
< 45		59 >
< 45		64 >
< 45		65 >
< 45		68 >
< 45		69 >
< 45		70 >
< 45		72 >
< 45		77 >
< 45		79 >
< 45		80 >
< 46		48 >
< 46		49 >
< 46		53 >
< 46		54 >
< 46		55 >
< 46		57 >
< 46		58 >
< 46		59 >
< 46		62 >
< 46		65 >
< 46		67 >
< 46		70 >
< 46		71 >
< 46		72 >
< 46		74 >
< 46		75 >
< 46		76 >
< 46		77 >
< 46		78 >
< 46		79 >
< 47		52 >
< 47		54 >
< 47		55 >
< 47		57 >
< 47		61 >
< 47		62 >
< 47		63 >
< 47		64 >
< 47		70 >
< 47		76 >
< 48		49 >
< 48		50 >
< 48		53 >
< 48		54 >
< 48		55 >
< 48		56 >
< 48		58 >
< 48		60 >
< 48		65 >
< 48		66 >
< 48		68 >
< 48		69 >
< 48		74 >
< 48		78 >
< 48		80 >
< 49		50 >
< 49		51 >
< 49		52 >
< 49		59 >
< 49		60 >
< 49		61 >
< 49		63 >
< 49		71 >
< 49		72 >
< 49		73 >
< 49		74 >
< 50		51 >
< 50		55 >
< 50		56 >
< 50		59 >
< 50		61 >
< 50		64 >
< 50		65 >
< 50		69 >
< 50		70 >
< 50		72 >
< 50		73 >
< 50		74 >
< 50		75 >
< 50		78 >
< 50		79 >
< 51		53 >
< 51		55 >
< 51		56 >
< 51		57 >
< 51		59 >
< 51		60 >
< 51		63 >
< 51		66 >
< 51		67 >
< 51		68 >
< 51		71 >
< 51		72 >
< 51		73 >
< 51		74 >
< 51		76 >
< 51		77 >
< 51		80 >
< 52		54 >
< 52		55 >
< 52		56 >
< 52		57 >
< 52		60 >
< 52		61 >
< 52		63 >
< 52		69 >
< 52		70 >
< 52		71 >
< 52		72 >
< 52		75 >
< 52		77 >
< 52		79 >
< 52		80 >
< 53		56 >
< 53		59 >
< 53		60 >
< 53		63 >
< 53		65 >
< 53		71 >
< 53		72 >
< 53		76 >
< 53		80 >
< 54		55 >
< 54		56 >
< 54		59 >
< 54		61 >
< 54		63 >
< 54		65 >
< 54		66 >
< 54		68 >
< 54		72 >
< 54		73 >
< 54		74 >
< 54		75 >
< 54		76 >
< 54		77 >
< 54		78 >
< 54		79 >
< 54		80 >
< 55		64 >
< 55		67 >
< 55		70 >
< 55		71 >
< 55		72 >
< 55		75 >
< 55		79 >
< 56		58 >
< 56		62 >
< 56		63 >
< 56		66 >
< 56		67 >
< 56		69 >
< 56		74 >
< 56		75 >
< 56		77 >
< 56		78 >
< 56		79 >
< 57		63 >
< 57		64 >
< 57		65 >
< 57		67 >
< 57		68 >
< 57		71 >
< 57		76 >
< 57		77 >
< 58		60 >
< 58		63 >
< 58		66 >
< 58		67 >
< 58		68 >
< 58		72 >
< 58		75 >
< 58		77 >
< 58		79 >
< 59		62 >
< 59		64 >
< 59		65 >
< 59		66 >
< 59		67 >
< 59		69 >
< 59		72 >
< 59		74 >
< 59		77 >
< 59		78 >
< 60		62 >
< 60		63 >
< 60		65 >
< 60		67 >
< 60		68 >
< 60		69 >
< 60		70 >
< 60		71 >
< 60		72 >
< 60		73 >
< 60		75 >
< 60		79 >
< 60		80 >
< 61		62 >
< 61		63 >
< 61		65 >
< 61		68 >
< 61		70 >
< 61		71 >
< 61		74 >
< 61		75 >
< 61		76 >
< 61		77 >
< 62		64 >
< 62		66 >
< 62		67 >
< 62		68 >
< 62		71 >
< 62		73 >
< 62		74 >
< 62		76 >
< 62		78 >
< 62		79 >
< 63		64 >
< 63		69 >
< 63		72 >
< 63		73 >
< 63		75 >
< 63		76 >
< 63		79 >
< 64		65 >
< 64		66 >
< 64		69 >
< 64		70 >
< 64		72 >
< 64		74 >
< 64		75 >
< 64		76 >
< 64		77 >
< 64		80 >
< 65		67 >
< 65		70 >
< 65		73 >
< 65		76 >
< 65		78 >
< 65		79 >
< 66		67 >
< 66		68 >
< 66		74 >
< 66		75 >
< 66		78 >
< 67		68 >
< 67		71 >
< 67		73 >
< 67		74 >
< 67		77 >
< 68		69 >
< 68		70 >
< 68		72 >
< 68		73 >
< 68		79 >
< 69		70 >
< 69		71 >
< 69		73 >
< 69		74 >
< 69		75 >
< 69		76 >
< 69		78 >
< 70		74 >
< 70		75 >
< 70		78 >
< 71		72 >
< 71		73 >
< 71		78 >
< 71		79 >
< 72		74 >
< 72		75 >
< 72		77 >
< 72		79 >
< 73		74 >
< 73		75 >
< 73		77 >
< 73		79 >
< 74		76 >
< 74		78 >
< 74		80 >
< 75		77 >
< 76		77 >
< 76		78 >
< 76		80 >
< 77		78 >
< 77		79 >
< 77		80 >
