nNodes= 100
nPairs= 1456  
Weight
3
4
3
4
3
4
2
3
4
3
2
3
3
3
4
2
4
3
2
2
4
4
4
3
3
2
3
2
4
3
3
2
4
3
3
4
4
2
4
2
4
4
4
3
4
4
2
4
4
3
3
4
2
3
2
4
2
4
4
3
4
2
3
3
3
2
3
2
2
2
2
3
2
4
3
2
4
4
3
3
2
4
4
4
2
2
3
3
2
3
3
4
4
2
2
2
2
2
4
2
Cost
101		0		0		0		0		101		0		0		0		0		0		101		0		0		0		0		0		0		0		101		0		0		0		0		101		0		0		101		101		101		101		0		0		101		0		101		0		101		101		0		0		0		0		101		0		0		0		0		0		101		101		101		0		0		101		0		101		0		0		0		0		0		0		0		0		0		0		0		0		101		101		0		0		101		0		101		0		0		101		0		101		101		0		0		0		101		0		101		0		0		101		101		0		0		0		0		0		0		0		101		
0		101		0		0		101		0		0		0		0		101		101		0		0		0		0		0		0		0		101		101		101		101		0		0		101		101		0		0		0		0		0		0		101		101		101		0		0		0		0		0		101		0		0		101		0		101		0		101		0		0		101		101		0		0		0		0		101		101		0		0		0		0		101		101		101		0		0		0		0		0		101		101		0		0		0		0		0		101		0		0		0		0		101		101		0		0		101		101		0		0		0		0		0		0		0		0		101		0		0		101		
0		0		101		101		0		0		0		0		0		0		101		0		0		0		101		0		0		101		0		101		0		0		0		0		101		0		0		0		101		101		101		0		0		101		0		0		0		101		0		101		0		101		0		0		101		0		101		0		0		101		0		101		0		0		101		101		101		101		101		101		0		0		0		0		0		0		0		0		0		0		101		0		101		0		0		0		101		0		0		0		0		0		0		0		101		101		0		0		0		0		101		101		0		0		0		0		101		0		101		0		
0		0		101		101		0		0		0		0		0		101		101		0		0		0		0		0		0		0		0		0		0		101		0		0		101		101		0		0		101		0		101		101		101		0		101		101		0		101		101		0		0		101		0		0		0		0		101		101		0		0		101		0		0		0		0		0		0		0		0		0		0		101		0		0		0		0		101		0		0		0		101		101		0		0		0		0		101		0		0		101		101		0		101		0		0		101		0		0		101		0		101		0		0		0		0		101		101		0		0		0		
0		101		0		0		101		0		0		0		0		0		101		0		0		0		0		0		0		0		0		101		0		0		0		101		101		0		101		0		0		101		101		0		101		0		0		0		0		101		101		0		101		0		0		0		101		0		0		101		0		101		0		101		101		0		0		101		101		0		0		0		101		0		0		0		0		0		0		101		101		0		0		0		0		0		0		0		0		0		0		0		0		101		0		0		0		101		0		0		0		0		101		0		101		0		101		0		0		0		101		0		
101		0		0		0		0		101		101		0		0		101		101		101		0		0		0		0		101		101		0		0		0		0		101		0		0		0		0		101		0		101		0		101		101		0		0		0		0		101		0		0		0		0		0		101		0		101		0		101		0		101		101		101		0		0		0		0		0		101		0		101		101		101		0		101		101		0		0		0		101		0		0		101		0		0		101		0		0		0		0		0		0		0		101		0		0		0		0		101		0		0		101		0		0		0		101		0		101		101		0		0		
0		0		0		0		0		101		101		0		0		0		0		0		0		0		0		101		0		101		0		101		101		101		101		0		0		0		0		101		0		0		0		0		0		0		101		0		101		101		101		0		0		101		0		0		0		101		0		0		0		0		101		0		0		101		0		0		0		0		0		0		101		0		0		101		0		0		101		0		101		0		0		0		0		0		101		0		0		0		0		101		0		101		0		0		0		101		0		0		0		101		0		101		0		101		0		0		0		101		0		0		
0		0		0		0		0		0		0		101		101		0		0		0		0		0		0		0		0		0		0		0		0		101		101		0		0		0		0		0		101		0		0		0		0		0		0		0		0		0		101		0		0		0		0		0		0		101		101		101		0		0		0		101		101		0		0		0		0		0		0		101		0		0		0		0		0		0		0		101		101		0		0		101		0		0		0		0		101		0		0		101		0		0		0		0		101		0		0		0		0		0		101		101		101		101		101		101		0		101		0		0		
0		0		0		0		0		0		0		101		101		101		0		0		0		101		0		0		101		101		101		101		101		0		0		0		0		0		101		0		0		101		0		101		101		0		0		101		101		101		0		0		0		0		101		0		101		0		101		101		0		0		101		0		101		0		0		0		0		101		101		0		0		101		0		0		0		0		101		101		0		101		101		0		0		0		101		0		0		101		0		0		0		0		101		0		0		101		0		0		0		0		101		0		101		101		101		0		0		0		0		101		
0		101		0		101		0		101		0		0		101		101		0		101		0		101		0		0		0		0		0		101		101		0		101		0		101		0		101		0		0		0		0		0		0		0		0		0		0		0		101		0		0		0		101		101		0		0		0		0		101		101		101		0		0		0		0		101		0		101		0		0		0		101		0		0		0		0		0		0		0		0		0		0		0		0		0		0		0		101		0		101		0		101		101		0		101		0		0		0		0		0		101		0		101		0		101		0		0		0		0		101		
0		101		101		101		101		101		0		0		0		0		101		0		0		0		101		101		0		0		0		0		101		101		0		0		0		0		0		0		0		0		101		0		0		0		0		0		101		0		101		101		0		0		0		101		0		0		101		0		101		0		0		0		0		101		0		101		0		101		0		0		101		101		0		0		0		0		0		0		0		0		0		101		0		0		0		101		0		0		0		101		0		0		101		0		101		101		0		0		0		101		0		101		0		0		0		101		0		0		0		101		
101		0		0		0		0		101		0		0		0		101		0		101		0		0		0		0		0		0		101		101		0		101		0		0		101		0		101		0		0		0		0		0		0		0		0		101		0		0		0		0		101		0		0		0		0		0		0		101		0		0		101		0		0		0		0		0		0		0		101		101		101		0		0		0		101		101		0		0		0		101		101		0		0		101		101		0		0		101		0		0		101		0		0		0		0		0		101		0		101		0		0		0		101		0		0		0		0		101		101		0		
0		0		0		0		0		0		0		0		0		0		0		0		101		0		101		101		0		0		0		101		101		101		0		0		101		0		101		0		0		0		0		0		101		101		101		101		0		0		0		0		0		0		0		0		0		101		0		0		0		101		0		0		0		0		101		101		0		0		101		0		0		0		0		0		0		0		0		0		0		0		0		0		101		101		0		0		0		0		0		0		0		101		0		0		0		0		101		101		0		0		101		0		101		0		0		101		0		0		101		0		
0		0		0		0		0		0		0		0		101		101		0		0		0		101		101		101		0		101		0		0		0		0		0		0		0		0		0		101		0		0		0		0		101		0		0		0		0		0		0		0		0		101		0		0		0		0		0		0		0		101		101		0		101		0		101		0		0		101		0		0		101		0		0		0		101		101		0		0		0		101		101		0		0		0		101		0		0		0		0		101		0		0		0		0		0		101		101		101		0		101		0		101		101		0		0		101		0		0		101		0		
0		0		101		0		0		0		0		0		0		0		101		0		101		101		101		0		0		0		0		0		0		101		0		0		0		101		0		0		0		0		101		101		0		0		101		0		0		0		0		0		101		0		101		0		101		0		101		0		0		0		0		101		0		0		101		0		0		0		0		101		101		0		0		101		0		101		101		101		0		0		0		0		0		0		0		0		0		0		0		101		0		101		0		101		0		0		101		0		0		101		0		0		0		0		101		0		0		101		101		0		
0		0		0		0		0		0		101		0		0		0		101		0		101		101		0		101		0		0		0		0		0		0		101		101		0		0		0		0		0		101		101		0		101		0		0		0		101		0		101		0		0		101		101		101		101		0		0		0		0		0		101		0		0		101		101		0		101		0		101		0		0		0		0		0		0		0		0		0		0		0		0		0		0		101		0		101		101		0		101		0		0		101		101		0		0		0		0		0		0		0		0		101		0		0		0		101		0		0		0		0		
0		0		0		0		0		101		0		0		101		0		0		0		0		0		0		0		101		101		101		0		101		0		101		0		0		101		0		0		0		101		101		0		101		101		0		0		101		0		101		0		0		101		0		0		101		0		0		0		0		0		0		0		0		0		0		0		0		101		0		0		0		0		101		101		101		0		0		0		101		0		0		0		101		101		0		0		0		0		0		0		0		0		0		101		0		0		101		0		0		0		101		101		0		0		0		0		0		0		0		0		
0		0		101		0		0		101		101		0		101		0		0		0		0		101		0		0		101		101		101		0		101		101		101		101		0		0		0		0		101		0		101		0		0		0		0		0		0		0		0		0		0		0		101		0		0		0		0		0		0		101		0		0		0		0		101		0		0		0		101		101		101		0		101		0		0		0		101		0		0		101		0		0		0		0		0		0		0		101		101		0		0		0		0		101		0		101		101		0		101		101		0		0		0		0		0		101		101		0		101		0		
0		101		0		0		0		0		0		0		101		0		0		101		0		0		0		0		101		101		101		0		0		0		0		0		0		0		101		101		101		0		101		0		0		0		0		0		0		101		101		101		0		101		0		0		101		101		0		0		101		0		101		101		0		0		0		101		0		0		0		0		0		0		0		0		101		101		0		0		0		0		0		101		0		0		0		101		0		0		0		0		0		0		0		0		0		0		0		0		0		0		0		0		0		0		101		0		0		0		0		0		
101		101		101		0		101		0		101		0		101		101		0		101		101		0		0		0		0		0		0		101		0		0		0		101		0		0		0		0		0		101		0		101		101		101		101		0		0		101		0		0		0		101		101		0		101		0		0		0		0		101		0		101		0		0		0		101		0		0		101		101		101		0		0		101		0		0		101		0		0		0		0		0		101		0		0		0		0		0		0		101		101		0		0		101		0		0		0		101		101		0		0		0		0		0		101		0		0		101		101		0		
0		101		0		0		0		0		101		0		101		101		101		0		101		0		0		0		101		101		0		0		101		0		0		0		0		0		0		0		0		0		0		0		101		101		0		101		0		101		0		0		101		0		0		0		101		0		0		0		0		0		0		0		0		101		0		0		0		101		0		0		0		101		101		0		101		0		101		0		0		0		101		0		0		0		0		0		101		0		101		0		0		0		101		0		0		101		0		0		0		0		0		101		0		0		101		0		101		101		101		101		
0		101		0		101		0		0		101		101		0		0		101		101		101		0		101		0		0		101		0		0		0		101		101		0		0		101		101		0		0		101		0		101		0		0		0		0		0		0		0		0		0		101		0		0		101		101		0		0		101		0		101		101		0		0		0		0		0		0		0		101		0		101		101		0		0		0		0		0		0		0		101		101		0		0		0		0		0		0		0		0		0		101		0		0		0		101		101		101		0		0		0		101		101		0		101		0		0		0		0		0		
0		0		0		0		0		101		101		101		0		101		0		0		0		0		0		101		101		101		0		0		0		101		101		0		0		0		101		101		0		0		0		0		0		0		101		101		101		0		0		0		0		101		0		0		0		0		0		101		0		0		0		0		101		0		101		0		101		101		101		101		0		0		0		101		0		101		101		0		101		0		0		0		101		0		101		0		0		101		0		101		0		0		0		101		0		0		0		0		0		0		0		0		101		0		0		101		101		0		101		0		
0		0		0		0		101		0		0		0		0		0		0		0		0		0		0		101		0		101		0		101		0		0		0		101		101		0		0		0		101		0		101		101		0		0		0		0		0		0		0		0		0		0		0		0		0		0		0		101		0		101		0		0		101		101		0		0		101		0		0		0		0		0		101		101		0		0		0		0		0		0		0		0		0		0		101		0		0		0		101		0		0		0		101		0		0		0		0		0		101		0		0		0		0		101		101		0		0		101		0		0		
101		101		101		101		101		0		0		0		0		101		0		101		101		0		0		0		0		0		0		0		0		0		0		101		101		0		101		101		0		101		0		101		0		101		0		0		0		0		101		0		0		0		0		0		101		101		0		0		0		0		0		0		0		0		0		0		0		101		0		101		101		0		0		101		0		0		0		0		0		0		0		0		101		0		0		0		0		0		101		0		101		0		101		0		101		101		101		0		0		0		0		101		0		101		0		0		101		0		101		0		
0		101		0		101		0		0		0		0		0		0		0		0		0		0		101		0		101		0		0		0		0		101		0		0		0		101		0		0		0		0		101		101		0		0		101		101		0		101		101		0		0		0		0		0		0		0		0		0		101		0		0		0		0		0		0		101		101		101		101		0		0		0		0		0		0		0		101		101		0		0		101		0		0		0		0		0		101		0		0		101		101		0		0		0		0		101		0		0		0		0		101		0		0		0		0		0		0		101		101		0		
0		0		0		0		101		0		0		0		101		101		0		101		101		0		0		0		0		0		101		0		0		101		101		0		101		0		101		0		0		101		0		0		0		101		101		0		101		101		0		0		0		0		0		0		0		0		0		0		0		0		0		0		0		0		0		101		0		0		101		0		0		0		101		0		0		101		0		0		0		101		0		0		0		0		0		0		0		101		101		101		0		0		101		0		0		0		0		101		0		0		0		0		0		101		101		101		0		101		0		101		
101		0		0		0		0		101		101		0		0		0		0		0		0		101		0		0		0		0		101		0		0		0		101		0		101		0		0		101		0		0		101		0		0		0		101		0		0		101		101		0		0		0		101		0		0		0		0		101		0		101		0		0		0		101		0		0		0		0		0		0		101		101		0		0		101		0		0		0		0		0		0		0		0		101		0		0		0		0		101		0		0		101		101		0		0		0		0		0		0		0		0		0		0		101		0		101		0		0		101		0		
101		0		101		101		0		0		0		101		0		0		0		0		0		0		0		0		0		101		101		0		0		0		0		101		0		0		0		0		101		0		101		0		101		0		0		0		0		0		101		0		0		0		0		101		0		0		0		0		0		0		101		0		101		0		0		101		0		101		101		101		0		0		0		101		101		0		0		0		101		101		101		0		101		101		0		101		0		0		0		101		101		0		101		101		0		0		101		0		0		0		0		101		0		0		101		101		101		0		101		0		
101		0		101		0		101		101		0		0		101		0		0		0		0		0		0		101		101		0		0		101		0		101		0		0		101		0		101		0		0		101		0		0		0		0		0		0		0		0		101		0		101		101		0		0		101		0		0		0		0		0		0		0		101		101		0		0		0		101		0		101		0		0		101		0		0		0		0		101		0		0		0		0		101		0		101		101		0		0		0		101		101		0		101		0		0		0		0		0		0		101		0		0		0		0		0		0		0		0		101		0		
101		0		101		101		101		0		0		0		0		0		101		0		0		0		101		101		101		101		101		0		0		0		0		101		0		101		0		101		101		0		101		0		0		101		101		0		0		0		101		0		0		0		101		0		101		0		0		101		101		0		101		0		0		101		0		101		0		101		0		0		0		0		0		0		0		0		101		0		0		0		101		0		0		0		0		101		0		0		101		101		0		0		0		0		0		0		0		0		0		0		0		0		101		0		0		0		0		0		0		0		
0		0		0		101		0		101		0		0		101		0		0		0		0		0		101		0		0		0		0		101		0		101		0		101		101		101		0		0		0		0		0		101		0		0		0		0		0		0		0		101		0		0		101		0		0		101		101		101		0		0		0		0		101		101		101		101		101		101		0		101		0		0		0		0		101		0		0		0		0		101		0		0		0		101		0		0		0		101		101		101		0		0		0		101		0		0		0		101		0		101		0		0		0		0		0		101		0		0		0		0		
0		101		0		101		101		101		0		0		101		0		0		0		101		101		0		101		101		0		0		101		101		0		0		0		0		0		0		0		101		0		0		0		101		0		0		101		101		0		101		101		101		0		0		101		0		0		0		0		0		0		0		0		0		101		0		0		101		0		0		101		0		101		101		101		0		0		0		0		101		101		0		0		0		0		0		0		101		101		0		0		101		101		0		0		0		101		0		0		0		0		101		101		101		101		0		0		0		0		0		0		
101		101		101		0		0		0		0		0		0		0		0		0		101		0		0		0		101		0		0		101		101		0		0		0		101		0		101		0		0		0		101		0		0		101		0		101		0		0		0		101		0		0		0		101		0		0		0		0		0		101		0		0		0		0		0		0		101		101		101		0		0		0		0		0		0		0		101		0		0		101		0		0		101		0		101		101		101		101		0		101		0		0		0		0		0		101		101		101		0		0		0		0		101		0		0		101		0		0		0		0		
0		101		0		101		0		0		101		0		0		0		0		0		101		0		101		0		0		0		0		101		0		0		101		0		0		101		101		101		0		0		101		0		0		0		101		0		0		0		101		0		101		101		101		0		0		0		101		0		0		101		0		0		0		0		0		101		0		0		0		0		0		0		0		101		101		101		0		0		0		0		0		0		0		0		0		101		0		101		101		0		0		0		0		0		0		101		101		0		0		0		101		101		101		101		0		0		101		0		101		0		
101		0		0		101		0		0		0		0		101		0		0		101		101		0		0		0		0		0		0		0		101		0		101		0		0		101		0		0		0		0		0		0		101		101		0		101		0		0		0		101		0		0		0		101		0		101		101		101		0		0		0		0		0		0		0		0		101		0		0		0		0		0		0		101		0		0		0		0		0		101		101		0		0		0		0		0		0		0		0		101		101		101		0		0		0		101		0		101		0		0		0		0		0		0		101		0		101		0		0		0		
0		0		0		0		0		0		101		0		101		0		101		0		0		0		0		101		101		0		0		0		0		0		101		0		0		0		101		0		0		0		0		0		101		0		0		0		101		0		101		0		0		0		101		101		0		101		0		0		101		0		0		0		101		0		0		101		0		0		101		0		0		0		101		0		0		101		0		101		0		101		101		101		0		101		0		0		101		0		0		0		0		0		0		0		0		0		101		0		101		0		0		0		101		101		0		101		0		0		101		101		
101		0		101		101		101		101		101		0		101		0		0		0		0		0		0		0		0		0		101		101		101		0		0		0		0		101		101		101		0		0		0		0		0		0		0		0		0		101		101		101		0		0		0		0		101		0		0		0		101		0		0		101		0		0		0		101		101		0		0		0		0		0		0		0		101		101		101		0		0		0		0		0		101		0		0		0		0		101		101		101		0		0		101		0		101		0		0		101		0		101		101		0		101		0		0		0		0		0		0		101		
101		0		0		101		101		0		101		101		0		101		101		0		0		0		0		101		101		0		101		0		0		0		0		0		101		101		0		101		101		101		101		0		101		0		101		0		101		101		101		0		101		0		101		0		0		101		0		0		0		101		0		0		0		0		0		0		0		0		0		0		0		0		0		0		0		0		0		0		101		101		0		0		101		0		0		0		0		0		101		101		0		101		0		0		101		101		0		0		101		0		0		101		101		0		0		0		101		101		0		0		
0		0		101		0		0		0		0		0		0		0		101		0		0		0		0		0		0		0		101		0		0		0		0		0		0		0		0		0		0		0		0		101		101		101		0		101		0		101		0		101		0		101		0		101		0		0		101		0		0		101		101		0		0		0		0		101		0		0		0		0		0		0		0		0		0		0		0		0		0		0		0		0		0		101		0		0		0		0		0		101		0		0		0		0		0		101		0		0		0		101		0		0		0		0		0		101		0		0		0		101		
0		101		0		0		101		0		0		0		0		0		0		101		0		0		101		0		0		0		0		0		101		0		0		0		0		0		0		0		0		101		0		0		101		0		101		0		0		0		101		0		101		0		0		0		0		0		0		101		101		101		0		0		0		0		0		0		0		0		0		101		0		101		0		101		101		0		0		101		101		101		0		0		101		0		101		0		0		101		0		101		101		101		101		0		0		0		101		101		0		101		0		0		0		0		101		0		0		0		0		0		
0		0		101		101		0		0		101		0		0		0		0		0		0		101		0		101		101		0		101		101		0		101		101		0		0		0		0		0		0		101		0		0		0		0		101		0		0		0		0		101		0		101		0		101		0		0		0		0		0		0		0		101		0		0		0		101		0		0		101		101		0		101		101		0		0		0		0		101		0		0		0		0		0		0		101		101		0		101		101		0		0		101		101		0		101		101		0		0		0		101		0		0		0		0		0		0		0		101		0		101		
0		0		0		0		0		0		0		0		101		101		0		0		0		0		101		101		0		101		0		101		0		0		0		0		0		0		0		101		0		0		101		101		0		0		101		0		101		0		101		0		0		0		101		0		101		101		101		101		0		101		0		0		0		101		101		0		101		0		0		101		0		0		0		101		0		0		0		0		0		0		0		0		101		0		0		0		0		101		0		101		0		101		0		0		101		0		0		0		101		0		0		0		0		0		0		0		101		101		0		0		
101		101		0		0		0		101		0		0		0		101		101		0		0		0		0		101		0		0		0		0		0		0		0		0		0		0		0		0		101		0		0		0		101		101		0		101		101		0		0		101		0		101		0		101		0		0		0		101		0		0		0		0		0		0		0		0		101		101		0		0		101		0		0		101		0		101		0		101		0		0		101		0		101		0		0		0		0		0		101		101		0		0		0		0		0		101		0		0		101		0		0		101		0		0		101		0		0		0		101		0		
0		0		101		0		101		0		0		0		101		0		0		0		0		0		101		101		101		0		101		101		101		101		0		0		101		0		0		0		0		101		101		0		0		0		0		0		0		101		0		0		0		0		101		0		101		101		0		0		0		0		0		0		0		0		101		101		101		0		0		0		0		0		0		0		0		0		0		101		0		0		0		0		101		0		0		0		0		0		0		0		0		0		101		101		0		0		101		101		101		0		101		0		0		0		0		101		101		101		101		0		
0		101		0		0		0		101		101		101		0		0		0		0		101		0		0		0		0		0		101		0		0		101		0		0		101		0		0		0		0		0		0		101		0		0		0		101		101		0		101		0		0		0		101		0		101		101		0		0		101		0		0		0		0		0		0		101		0		0		0		0		0		0		101		101		101		0		101		0		0		0		101		0		101		101		0		0		0		0		0		0		101		0		101		0		101		0		0		0		0		0		101		0		0		0		101		101		0		0		101		0		
0		0		101		101		0		0		0		101		101		0		101		0		0		0		101		0		0		0		0		0		0		0		0		0		0		0		0		0		0		0		0		101		0		0		101		101		0		0		0		101		0		0		101		0		0		0		101		0		0		101		0		101		0		101		101		0		101		0		101		0		0		0		101		101		0		0		101		101		0		0		0		0		0		0		0		0		0		0		101		101		101		0		101		0		0		0		0		101		101		101		0		0		101		0		0		101		101		101		101		0		
0		101		0		101		101		101		0		101		101		0		0		101		0		0		0		0		0		0		0		0		0		0		101		101		0		0		0		101		0		0		101		101		0		0		0		101		0		0		0		0		101		0		101		101		0		0		0		101		101		101		0		0		0		101		0		0		0		0		0		0		0		0		0		0		0		0		0		101		0		101		101		101		0		101		0		0		0		0		0		0		0		0		101		0		101		0		0		0		101		0		101		0		0		0		0		101		0		0		0		0		
0		0		0		0		0		0		0		0		0		101		101		0		0		0		0		0		0		0		101		0		0		101		0		0		0		101		0		0		0		0		101		0		0		0		0		0		101		101		0		0		101		0		0		0		0		101		0		101		101		0		0		0		0		0		0		0		0		0		101		0		0		101		101		0		0		0		0		0		0		0		0		0		101		0		101		101		101		101		0		0		0		0		0		101		0		0		0		0		101		0		0		101		101		0		0		0		0		0		101		0		
101		0		101		0		101		101		0		0		0		101		0		0		101		101		0		0		0		101		0		101		0		0		0		101		0		0		0		101		0		0		0		0		0		101		101		0		0		0		101		101		101		0		101		0		0		0		101		101		0		101		0		0		0		0		0		0		0		101		0		0		0		0		101		101		0		0		101		0		101		0		0		0		0		101		0		101		101		101		0		0		0		0		0		0		101		101		101		0		101		0		0		0		0		0		0		0		101		0		101		0		
101		101		0		101		0		101		101		0		101		101		0		101		0		101		0		101		0		0		101		0		0		101		0		0		0		0		0		0		101		0		101		0		0		0		0		0		0		0		0		101		0		0		0		0		0		0		0		0		0		0		101		0		0		101		0		0		0		101		101		0		0		101		0		101		0		0		101		0		0		0		101		0		101		0		0		0		0		101		0		0		0		0		0		101		0		101		0		0		0		0		0		101		101		101		0		0		0		101		0		101		
101		101		101		0		101		101		0		101		0		0		0		0		0		0		101		0		0		0		101		101		0		101		0		0		0		0		0		0		0		0		0		0		0		0		0		0		0		101		0		0		0		101		0		0		0		0		101		0		0		0		0		101		0		0		0		101		101		0		101		0		101		0		0		0		0		0		0		0		0		0		0		0		0		0		0		0		0		0		0		0		0		101		0		101		0		0		101		101		0		0		0		0		0		0		0		0		101		0		0		101		
0		0		0		0		101		0		0		101		101		0		0		0		0		101		0		0		0		0		0		0		0		0		101		101		0		0		0		0		101		101		0		101		0		0		0		0		101		0		0		0		0		0		0		0		0		0		0		0		0		0		0		0		101		0		101		101		101		0		101		0		0		101		0		101		0		101		101		101		0		0		0		0		0		101		101		101		0		0		0		0		0		101		0		101		101		101		101		0		101		0		0		0		101		0		0		0		101		0		0		0		
0		0		0		0		0		0		101		0		0		0		101		0		0		0		0		101		0		0		0		0		101		0		0		101		0		0		0		101		0		101		101		101		101		0		0		0		0		0		0		0		0		0		101		0		0		0		101		101		0		0		101		0		0		101		101		0		0		0		0		0		101		101		0		0		0		0		101		0		101		101		101		101		0		0		101		0		0		0		0		0		0		101		0		0		0		0		0		0		101		0		101		0		0		0		0		101		101		0		0		0		
101		0		101		0		0		0		0		0		0		0		0		0		101		101		101		101		0		101		0		0		0		0		101		0		0		0		0		0		0		0		0		101		0		0		0		0		0		0		0		0		0		0		101		0		101		0		101		0		0		0		0		0		101		101		101		101		0		0		0		101		0		0		0		0		0		0		0		101		0		101		101		0		0		101		0		0		0		0		0		0		101		0		0		0		0		101		0		0		0		101		0		0		101		101		0		0		0		0		0		101		
0		0		101		0		101		0		0		0		0		101		101		0		101		0		0		0		0		0		101		101		0		0		0		0		0		101		101		0		101		0		101		101		0		0		101		0		101		101		0		101		0		101		0		0		101		101		0		0		0		0		0		101		101		0		101		101		101		0		0		0		0		101		0		101		0		0		101		0		101		0		0		101		101		0		0		0		0		0		0		0		0		0		0		0		101		0		0		0		0		0		0		0		0		0		101		0		0		0		0		0		
101		101		101		0		101		0		0		0		0		0		0		0		0		0		0		101		0		0		0		0		0		0		101		101		0		101		0		0		0		0		0		101		101		101		0		101		0		101		0		0		0		0		101		101		101		0		101		0		0		0		0		101		101		0		0		101		101		101		0		0		0		101		101		0		0		101		0		0		0		0		0		0		0		0		0		101		101		0		101		0		0		0		101		0		0		0		101		0		0		0		0		0		0		0		0		0		0		0		101		101		
0		101		101		0		0		101		0		0		101		101		101		0		0		101		0		0		101		0		0		0		101		0		101		0		101		101		0		0		101		101		101		101		0		101		0		0		0		0		0		0		0		0		0		101		0		0		0		0		0		101		101		0		0		0		0		0		101		101		0		101		101		0		0		0		0		0		0		0		0		0		0		0		0		0		0		0		0		101		0		101		0		101		0		0		101		101		0		0		0		101		0		0		0		0		0		0		0		0		0		0		
0		0		101		0		0		0		0		0		101		0		0		101		101		0		0		101		0		101		0		101		0		0		101		0		0		101		101		0		101		0		0		0		0		101		0		0		101		0		0		0		0		101		0		0		0		0		101		0		101		0		101		101		101		0		0		0		0		0		101		0		0		101		0		0		0		0		0		0		101		0		0		0		101		101		0		0		0		0		101		0		0		0		0		0		0		101		0		101		0		0		0		0		0		0		101		0		0		101		0		0		
0		0		101		0		0		101		0		101		0		0		0		101		0		0		101		0		0		101		0		101		0		101		101		0		101		0		0		0		101		101		0		101		101		0		0		0		0		0		0		0		101		101		101		0		0		0		0		0		0		0		0		0		0		0		101		0		0		101		0		101		0		0		101		0		0		101		101		0		0		0		0		101		0		0		0		0		101		101		101		101		0		0		0		0		0		0		0		101		0		0		101		0		101		0		101		101		0		101		0		0		
0		0		0		0		101		101		101		0		0		0		101		101		0		101		101		0		0		101		0		101		0		0		0		0		101		0		0		101		0		0		0		0		0		0		0		0		0		0		0		0		0		0		0		101		0		0		0		0		0		0		0		101		0		101		0		0		0		101		0		0		101		0		101		101		0		101		0		101		0		0		0		101		101		101		101		0		101		101		101		0		0		101		0		101		0		0		101		101		0		0		0		0		0		101		101		0		101		0		101		101		
0		0		0		101		0		101		0		0		101		101		101		0		0		0		0		0		0		0		0		0		101		101		0		0		0		0		0		101		0		0		0		0		101		0		0		0		0		0		0		0		101		101		0		0		0		0		0		0		101		0		101		0		101		101		0		101		101		0		101		0		0		101		0		0		0		0		101		0		0		0		0		0		0		0		0		101		0		101		0		0		101		101		0		0		0		0		0		0		0		101		0		0		0		0		0		101		101		0		0		101		
0		101		0		0		0		0		0		0		0		0		0		0		0		0		0		0		101		101		0		0		101		101		0		101		0		0		101		0		0		101		0		0		101		0		0		0		101		0		0		0		0		101		0		0		0		101		101		0		101		101		0		0		0		0		0		0		101		0		0		101		101		0		101		101		0		0		0		101		101		0		0		0		101		0		0		0		0		0		101		0		101		0		0		0		0		0		0		0		101		0		0		101		0		0		101		0		101		0		0		0		
0		101		0		0		0		101		101		0		0		0		0		0		0		0		101		0		101		0		0		101		0		0		101		101		101		0		0		0		101		0		0		0		101		0		101		101		0		0		0		0		101		0		101		101		0		101		101		0		0		101		101		0		101		0		0		101		0		0		0		0		101		0		101		101		0		101		0		0		0		0		101		101		0		0		0		0		101		0		0		0		101		0		0		0		0		101		101		0		0		0		0		0		0		0		101		0		0		0		0		0		
0		101		0		0		0		101		0		0		0		0		0		101		0		101		0		0		101		0		101		0		101		0		0		0		0		0		0		101		101		0		0		101		0		0		101		0		0		101		0		0		101		0		0		0		0		101		0		0		0		0		0		0		0		0		0		0		0		0		0		0		0		0		0		0		101		0		0		0		0		0		0		0		0		101		0		0		0		0		0		0		0		101		101		0		0		0		0		0		101		101		0		0		0		0		0		0		0		0		0		0		
0		0		0		0		0		0		0		0		0		0		0		101		0		101		101		0		0		0		101		0		0		0		101		0		0		0		101		0		0		0		0		0		0		0		101		0		101		101		0		0		0		0		0		101		0		0		0		0		0		0		0		0		101		0		0		0		101		0		0		101		101		0		0		101		0		101		0		0		0		0		0		0		0		0		0		0		0		0		101		0		0		0		0		101		0		0		0		0		101		0		0		0		101		0		0		0		101		101		0		101		
0		0		0		101		0		0		101		0		101		0		0		0		0		0		101		0		0		101		0		101		101		0		101		0		0		101		0		0		0		0		101		0		0		101		0		0		0		101		0		0		0		0		0		0		0		101		101		0		0		101		101		0		101		101		0		101		0		0		0		101		0		101		0		0		0		0		101		0		0		0		0		0		101		0		101		101		0		0		0		0		0		101		101		0		101		0		101		0		0		0		0		0		0		0		0		101		0		101		101		101		
0		0		0		0		101		0		0		101		101		0		0		0		0		0		101		0		0		0		0		0		0		0		0		0		0		101		0		0		0		101		0		0		0		0		0		0		101		0		0		0		101		101		0		101		101		0		101		101		0		0		0		0		101		0		101		0		0		0		0		0		101		0		101		0		0		0		0		101		0		101		0		0		0		0		0		0		0		101		0		0		101		0		0		0		0		101		0		0		0		0		0		0		0		101		0		0		0		0		0		0		
0		0		0		0		101		101		101		101		0		0		0		0		0		0		0		0		101		0		0		0		0		0		101		0		0		0		0		0		101		0		0		0		101		0		0		0		0		0		101		0		101		0		0		0		0		0		0		0		0		101		0		0		0		101		0		101		0		0		101		0		0		0		101		0		0		0		0		0		101		101		101		0		0		0		0		0		101		0		0		0		101		101		101		0		0		0		0		101		101		0		0		101		0		0		0		0		0		101		0		0		
101		0		0		0		0		0		0		0		101		0		0		101		0		101		0		0		0		101		0		0		0		0		0		0		0		0		101		0		101		0		0		101		101		101		0		101		101		0		101		0		101		0		0		0		0		0		0		101		0		0		0		0		0		101		101		0		0		0		0		0		0		0		0		0		0		0		0		101		101		101		0		0		0		0		0		101		0		0		0		0		0		0		101		0		101		0		0		0		0		0		0		0		0		101		0		101		0		0		101		101		
101		101		101		101		0		0		0		0		101		0		0		101		0		101		0		0		0		0		0		0		101		101		0		0		0		101		0		0		101		0		101		0		0		0		0		101		101		0		0		0		0		0		0		101		0		101		0		101		0		0		101		0		0		101		101		0		0		0		0		0		0		0		0		101		0		0		0		0		101		0		101		0		0		0		0		0		0		0		101		0		0		0		0		0		0		101		101		0		0		101		101		101		0		0		0		0		101		101		0		0		
0		101		0		101		0		101		0		101		0		0		101		0		0		0		0		0		0		0		101		0		0		101		0		0		0		0		0		0		0		0		0		0		0		0		0		0		101		0		0		0		0		0		0		0		0		0		0		101		0		0		0		0		0		101		0		101		0		0		0		101		101		0		0		101		0		0		0		0		0		0		0		101		0		0		0		0		0		101		101		0		0		101		0		0		0		101		0		101		0		0		101		0		0		101		0		101		101		0		101		0		
0		0		101		0		0		0		0		0		0		0		0		0		101		0		0		0		101		0		0		101		0		0		101		0		101		0		0		0		101		101		0		0		0		101		0		0		0		101		101		0		101		0		101		101		101		101		0		0		101		0		101		0		0		0		0		101		0		0		101		0		101		0		101		0		0		0		101		0		0		0		0		0		101		0		0		0		0		0		101		101		0		101		0		0		0		0		0		101		0		0		0		0		101		0		0		0		0		0		0		0		
101		0		0		0		0		0		0		0		0		0		0		101		101		0		0		101		101		0		0		0		0		0		0		0		0		0		0		101		101		0		0		101		0		0		0		0		101		0		0		101		0		0		0		0		0		101		0		101		0		101		0		0		101		0		101		0		0		0		101		0		101		0		0		0		101		0		0		0		0		0		0		0		0		101		101		0		0		101		0		0		0		0		101		0		101		0		0		0		0		0		0		101		101		0		0		0		0		0		0		0		
0		0		0		0		0		101		101		0		101		0		0		101		0		101		0		0		0		0		0		0		0		0		101		101		0		0		0		0		0		101		0		0		0		101		0		0		0		0		0		0		101		101		0		0		0		0		0		0		101		0		0		0		101		101		0		0		0		0		0		0		101		0		0		0		0		0		101		0		0		0		0		0		0		101		101		101		0		0		101		101		101		0		0		0		0		0		0		0		0		0		0		0		0		101		101		0		0		0		0		101		
101		0		0		0		0		0		0		0		0		0		101		0		0		0		0		101		0		0		101		0		0		0		0		0		0		0		0		0		101		101		101		0		0		101		101		0		0		0		0		0		0		101		0		0		0		0		0		0		101		101		0		0		101		0		0		0		101		0		0		0		0		101		0		0		0		0		101		0		0		101		0		0		0		0		101		101		0		0		0		0		101		101		0		0		0		0		0		0		101		0		0		0		0		101		0		0		0		0		0		101		
0		0		101		101		0		0		0		101		0		0		0		0		0		0		0		101		0		0		0		0		101		0		0		0		0		101		0		0		0		0		0		0		101		101		0		0		101		0		0		0		0		0		0		0		0		0		0		0		101		101		0		0		0		0		0		0		101		0		0		101		101		0		0		101		0		0		0		0		101		0		0		0		0		0		0		0		101		0		101		0		101		0		101		101		101		0		0		0		0		101		0		0		101		0		0		101		0		0		101		101		
0		101		0		0		0		0		0		0		101		101		0		101		0		0		0		0		0		101		0		0		0		0		101		0		0		0		101		0		0		0		0		101		101		101		101		0		0		101		0		0		101		101		101		0		0		0		0		0		101		101		101		0		0		0		0		0		0		101		0		101		101		101		0		0		0		0		0		101		0		0		0		101		0		101		0		0		0		101		0		0		0		0		0		0		0		101		0		0		0		0		101		0		0		101		0		101		0		0		0		101		
101		0		0		0		0		0		0		0		0		0		0		0		0		0		0		101		0		101		0		0		101		0		0		101		101		0		101		101		0		0		101		101		0		0		101		0		0		101		101		0		0		101		0		101		0		0		101		0		0		0		0		0		0		0		0		0		101		0		101		101		101		0		101		0		0		101		0		0		0		0		101		101		101		0		101		0		101		0		101		0		0		101		0		0		0		101		0		0		0		0		0		0		0		101		0		0		0		0		0		0		
0		0		0		101		0		0		101		101		0		101		101		0		0		101		101		0		0		0		0		101		0		0		101		0		0		101		101		0		101		101		101		101		0		101		0		101		0		101		101		101		101		0		101		101		0		0		101		0		0		0		0		0		0		0		0		0		0		101		0		101		0		0		0		0		0		0		0		0		0		0		0		0		101		0		101		0		0		0		0		101		101		0		0		0		0		0		101		101		0		0		0		0		101		101		0		0		0		0		0		0		
101		0		0		101		0		0		0		0		0		0		0		101		0		0		0		0		0		0		0		101		0		0		0		0		101		101		0		0		101		101		0		0		101		0		0		101		0		0		0		0		101		0		0		0		0		101		101		0		0		0		0		0		0		0		101		0		0		0		0		0		0		101		101		101		0		0		0		101		101		0		0		0		0		0		101		101		101		0		0		101		101		0		0		0		0		0		0		0		0		0		101		0		0		101		101		0		0		0		0		101		
101		0		0		0		101		0		101		0		0		101		0		0		101		0		101		101		0		0		0		0		0		101		0		0		0		0		0		101		0		0		0		0		101		0		0		101		0		0		101		0		101		101		101		0		0		0		0		0		0		0		0		101		101		101		0		0		0		101		0		0		101		101		0		0		101		0		101		0		101		0		0		101		101		0		0		101		0		0		101		0		0		101		0		0		0		0		0		0		0		0		0		101		0		0		101		0		0		0		0		0		
0		101		0		101		0		101		0		0		101		101		101		0		0		0		0		101		0		0		0		0		101		0		0		101		101		0		101		101		101		101		0		0		0		0		0		0		0		101		0		0		101		101		0		0		101		101		101		101		0		0		0		0		0		0		0		0		101		0		0		0		0		0		0		0		101		0		101		0		101		101		0		0		0		101		0		0		101		0		0		0		0		0		101		101		0		101		0		101		0		0		0		101		0		0		0		0		0		0		0		0		
0		101		0		0		0		0		0		0		0		0		0		0		0		0		101		0		101		101		0		101		0		0		101		0		0		0		0		0		101		0		0		101		0		0		0		0		0		0		0		0		0		0		0		0		101		0		0		0		101		0		101		101		101		0		0		0		0		0		0		0		101		0		0		0		0		101		0		0		0		0		0		0		0		0		0		0		101		0		0		0		0		0		101		101		0		0		101		0		0		0		0		101		101		0		101		101		0		0		0		101		
0		0		101		0		0		0		0		101		0		101		101		0		0		0		0		0		0		0		0		0		0		0		0		0		101		0		0		0		0		0		0		0		0		0		0		0		0		101		101		0		0		101		101		0		0		101		0		101		0		101		0		0		101		0		0		101		0		101		0		0		0		0		0		0		0		0		101		0		0		101		0		0		0		101		0		0		101		0		0		0		0		0		0		0		101		0		0		0		0		0		0		0		101		101		0		0		101		0		0		101		
101		0		101		101		101		0		101		0		101		0		101		0		0		101		0		0		0		101		0		0		101		101		0		0		101		101		0		0		0		0		0		0		101		101		101		101		0		0		101		101		0		101		0		101		0		0		0		0		0		101		101		0		101		0		101		0		0		101		101		0		0		0		0		101		0		0		0		101		0		0		101		101		0		0		0		0		0		101		101		0		0		0		101		0		0		101		0		0		0		0		0		0		101		0		0		0		101		0		0		0		
0		101		0		0		0		0		0		0		0		0		0		101		101		101		101		0		101		101		0		0		0		101		0		0		101		0		0		0		101		0		0		0		0		101		101		0		101		0		0		0		101		0		0		0		101		0		0		0		0		101		0		101		101		0		0		0		101		0		0		0		101		0		0		101		0		0		101		0		0		0		101		0		0		0		0		0		0		0		0		101		0		0		0		101		0		0		101		0		0		101		0		0		0		0		0		0		0		0		0		101		
101		101		0		0		0		101		0		0		0		0		0		0		101		101		0		0		0		0		0		101		0		101		0		0		0		0		101		0		0		0		0		101		0		101		0		101		0		101		0		0		101		0		0		0		101		0		101		0		0		0		0		101		0		0		0		0		0		0		101		101		101		0		0		0		0		0		0		0		101		0		0		101		101		0		0		0		0		0		0		101		0		0		101		0		0		0		0		101		0		0		101		101		101		0		0		101		0		0		101		101		
0		0		0		101		0		0		0		0		0		0		0		101		0		0		0		0		0		101		0		101		0		0		0		101		0		0		0		0		0		0		0		0		0		0		0		0		101		0		101		0		0		0		101		101		101		0		101		101		101		101		0		0		101		101		0		0		0		0		0		0		0		0		101		0		101		101		0		0		101		0		0		0		0		0		0		101		0		0		0		0		0		0		0		0		0		0		0		0		101		101		101		101		101		101		0		0		0		0		0		0		
0		0		0		0		0		0		101		0		0		0		101		0		0		101		101		0		0		101		0		0		0		0		0		0		0		0		0		0		0		101		0		101		0		0		0		0		0		101		0		101		101		101		0		0		0		0		101		0		0		0		0		0		0		0		101		0		0		101		0		0		0		101		0		0		101		0		0		0		0		0		101		0		0		0		0		0		101		0		0		0		0		0		0		0		0		0		101		0		101		101		0		0		101		101		101		101		0		0		101		0		
101		0		101		101		101		101		0		101		101		101		0		0		101		0		0		0		101		0		0		0		0		0		0		0		0		101		0		0		0		0		0		0		101		0		101		0		0		101		0		0		0		0		0		0		101		101		0		101		0		0		0		0		0		101		0		0		0		0		0		101		0		0		0		0		0		0		0		0		0		0		101		101		0		0		0		0		0		101		0		0		101		0		0		0		0		0		0		101		101		0		101		101		101		0		0		0		0		101		101		101		
101		0		101		0		0		0		101		101		0		0		101		0		0		101		0		101		101		0		0		0		101		101		0		0		101		0		0		0		101		0		0		0		101		0		101		0		0		0		101		0		0		0		0		101		0		0		0		0		101		0		101		0		0		0		0		0		0		0		0		0		0		0		101		0		0		0		0		0		101		0		101		0		0		101		0		0		0		0		0		0		0		101		101		101		0		0		0		101		101		0		101		101		0		0		101		101		0		0		0		0		
0		0		0		0		101		0		0		101		101		101		0		101		101		101		0		0		0		0		0		0		0		101		101		0		0		0		0		0		0		0		101		0		101		101		101		0		101		101		101		0		0		0		0		0		0		0		101		0		101		0		101		0		101		0		101		0		0		0		0		101		0		0		0		0		0		101		0		0		0		0		0		0		101		101		0		0		101		0		0		101		0		0		0		101		101		101		0		101		101		101		101		0		101		101		0		0		0		101		0		0		
0		0		0		0		0		0		101		101		101		0		0		0		0		0		0		0		0		0		0		0		0		0		0		101		101		0		101		101		0		0		0		0		101		0		101		0		101		0		0		0		0		0		0		0		0		0		0		0		0		0		101		0		0		0		101		0		0		0		0		0		101		0		0		0		0		0		0		101		0		101		0		101		0		0		101		101		0		101		101		101		101		0		0		0		101		0		0		0		101		101		0		0		101		101		101		0		0		0		0		0		
0		0		0		0		101		101		0		101		101		101		0		0		0		0		101		0		0		0		101		101		101		101		0		101		0		0		101		0		101		0		0		0		0		0		0		101		0		0		0		0		101		0		0		101		0		101		0		0		0		0		0		0		0		0		0		101		0		0		101		101		101		0		101		101		0		0		0		0		0		0		0		0		0		0		101		0		0		0		0		0		101		101		0		101		0		0		0		0		0		101		0		101		0		101		101		0		101		0		0		101		
0		0		0		101		0		0		0		101		0		0		101		0		101		101		0		101		0		101		0		0		0		0		101		0		0		0		101		101		101		0		0		101		0		101		0		0		101		0		0		101		0		0		0		0		101		101		101		101		0		0		0		0		0		101		0		0		0		0		0		101		0		101		0		0		0		0		101		0		0		101		0		101		0		0		0		0		101		101		0		0		0		0		0		101		0		0		0		101		0		101		0		101		0		0		0		101		0		101		0		0		
0		101		101		101		0		101		0		0		0		0		0		0		0		0		0		0		0		101		0		0		101		0		101		0		101		0		0		0		101		0		0		0		0		0		101		101		0		0		101		0		0		0		101		0		101		0		101		0		0		101		0		101		101		101		0		0		0		0		0		0		101		101		101		0		0		101		0		0		0		0		101		101		0		0		0		0		0		0		0		0		0		0		0		0		101		101		0		0		0		0		0		0		0		0		101		0		101		0		101		0		
0		0		0		0		0		101		101		101		0		0		0		101		0		0		101		0		0		0		0		101		101		0		0		101		0		101		101		0		0		0		0		0		0		0		0		0		0		0		101		0		0		101		101		0		101		0		101		0		0		0		101		0		0		0		0		0		0		0		101		101		0		0		0		0		0		101		101		0		101		0		101		0		0		0		0		0		0		0		0		0		0		0		0		0		0		0		0		0		0		0		101		0		101		0		0		101		0		101		101		0		
0		0		101		0		101		0		0		0		0		0		0		101		101		101		101		0		0		101		0		101		101		0		101		0		101		101		0		101		101		101		0		0		0		0		101		0		101		0		0		0		0		0		0		101		101		101		101		0		101		101		0		0		0		0		0		0		101		0		0		0		101		0		0		0		0		0		101		0		0		101		0		101		0		0		0		0		101		0		0		0		0		0		0		0		0		0		0		101		0		101		101		0		0		0		0		0		101		101		101		0		
101		101		0		0		0		0		0		0		101		101		101		0		0		0		0		0		0		0		0		0		101		0		0		0		0		0		101		0		0		0		0		0		0		0		0		0		101		101		0		101		0		101		0		0		0		0		0		0		0		0		101		101		0		0		101		0		101		0		0		0		101		101		0		0		0		101		101		0		0		101		0		0		0		0		101		101		101		101		0		0		101		0		0		101		101		0		101		101		0		0		101		0		0		0		101		0		0		0		0		101		
NDC Pairs
< 1		6 >
< 1		12 >
< 1		20 >
< 1		25 >
< 1		28 >
< 1		29 >
< 1		30 >
< 1		31 >
< 1		34 >
< 1		36 >
< 1		38 >
< 1		39 >
< 1		44 >
< 1		50 >
< 1		51 >
< 1		52 >
< 1		55 >
< 1		57 >
< 1		70 >
< 1		71 >
< 1		74 >
< 1		76 >
< 1		79 >
< 1		81 >
< 1		82 >
< 1		86 >
< 1		88 >
< 1		91 >
< 1		92 >
< 1		100 >
< 2		5 >
< 2		10 >
< 2		11 >
< 2		19 >
< 2		20 >
< 2		21 >
< 2		22 >
< 2		25 >
< 2		26 >
< 2		33 >
< 2		34 >
< 2		35 >
< 2		41 >
< 2		44 >
< 2		46 >
< 2		48 >
< 2		51 >
< 2		52 >
< 2		57 >
< 2		58 >
< 2		63 >
< 2		64 >
< 2		65 >
< 2		71 >
< 2		72 >
< 2		78 >
< 2		83 >
< 2		84 >
< 2		87 >
< 2		88 >
< 2		97 >
< 2		100 >
< 3		4 >
< 3		11 >
< 3		15 >
< 3		18 >
< 3		20 >
< 3		25 >
< 3		29 >
< 3		30 >
< 3		31 >
< 3		34 >
< 3		38 >
< 3		40 >
< 3		42 >
< 3		45 >
< 3		47 >
< 3		50 >
< 3		52 >
< 3		55 >
< 3		56 >
< 3		57 >
< 3		58 >
< 3		59 >
< 3		60 >
< 3		71 >
< 3		73 >
< 3		77 >
< 3		85 >
< 3		86 >
< 3		91 >
< 3		92 >
< 3		97 >
< 3		99 >
< 4		10 >
< 4		11 >
< 4		22 >
< 4		25 >
< 4		26 >
< 4		29 >
< 4		31 >
< 4		32 >
< 4		33 >
< 4		35 >
< 4		36 >
< 4		38 >
< 4		39 >
< 4		42 >
< 4		47 >
< 4		48 >
< 4		51 >
< 4		62 >
< 4		67 >
< 4		71 >
< 4		72 >
< 4		77 >
< 4		80 >
< 4		81 >
< 4		83 >
< 4		86 >
< 4		89 >
< 4		91 >
< 4		96 >
< 4		97 >
< 5		11 >
< 5		20 >
< 5		24 >
< 5		25 >
< 5		27 >
< 5		30 >
< 5		31 >
< 5		33 >
< 5		38 >
< 5		39 >
< 5		41 >
< 5		45 >
< 5		48 >
< 5		50 >
< 5		52 >
< 5		53 >
< 5		56 >
< 5		57 >
< 5		61 >
< 5		68 >
< 5		69 >
< 5		82 >
< 5		86 >
< 5		91 >
< 5		93 >
< 5		95 >
< 5		99 >
< 6		7 >
< 6		10 >
< 6		11 >
< 6		12 >
< 6		17 >
< 6		18 >
< 6		23 >
< 6		28 >
< 6		30 >
< 6		32 >
< 6		33 >
< 6		38 >
< 6		44 >
< 6		46 >
< 6		48 >
< 6		50 >
< 6		51 >
< 6		52 >
< 6		58 >
< 6		60 >
< 6		61 >
< 6		62 >
< 6		64 >
< 6		65 >
< 6		69 >
< 6		72 >
< 6		75 >
< 6		83 >
< 6		88 >
< 6		91 >
< 6		95 >
< 6		97 >
< 6		98 >
< 7		16 >
< 7		18 >
< 7		20 >
< 7		21 >
< 7		22 >
< 7		23 >
< 7		28 >
< 7		35 >
< 7		37 >
< 7		38 >
< 7		39 >
< 7		42 >
< 7		46 >
< 7		51 >
< 7		54 >
< 7		61 >
< 7		64 >
< 7		67 >
< 7		69 >
< 7		75 >
< 7		80 >
< 7		82 >
< 7		86 >
< 7		90 >
< 7		92 >
< 7		94 >
< 7		98 >
< 8		9 >
< 8		22 >
< 8		23 >
< 8		29 >
< 8		39 >
< 8		46 >
< 8		47 >
< 8		48 >
< 8		52 >
< 8		53 >
< 8		60 >
< 8		68 >
< 8		69 >
< 8		72 >
< 8		77 >
< 8		80 >
< 8		85 >
< 8		91 >
< 8		92 >
< 8		93 >
< 8		94 >
< 8		95 >
< 8		96 >
< 8		98 >
< 9		10 >
< 9		14 >
< 9		17 >
< 9		18 >
< 9		19 >
< 9		20 >
< 9		21 >
< 9		27 >
< 9		30 >
< 9		32 >
< 9		33 >
< 9		36 >
< 9		37 >
< 9		38 >
< 9		43 >
< 9		45 >
< 9		47 >
< 9		48 >
< 9		51 >
< 9		53 >
< 9		58 >
< 9		59 >
< 9		62 >
< 9		67 >
< 9		68 >
< 9		70 >
< 9		71 >
< 9		75 >
< 9		78 >
< 9		83 >
< 9		86 >
< 9		91 >
< 9		93 >
< 9		94 >
< 9		95 >
< 9		100 >
< 10		12 >
< 10		14 >
< 10		20 >
< 10		21 >
< 10		23 >
< 10		25 >
< 10		27 >
< 10		39 >
< 10		43 >
< 10		44 >
< 10		49 >
< 10		50 >
< 10		51 >
< 10		56 >
< 10		58 >
< 10		62 >
< 10		78 >
< 10		80 >
< 10		82 >
< 10		83 >
< 10		85 >
< 10		91 >
< 10		93 >
< 10		95 >
< 10		100 >
< 11		15 >
< 11		16 >
< 11		21 >
< 11		22 >
< 11		31 >
< 11		37 >
< 11		39 >
< 11		40 >
< 11		44 >
< 11		47 >
< 11		49 >
< 11		54 >
< 11		56 >
< 11		58 >
< 11		61 >
< 11		62 >
< 11		72 >
< 11		76 >
< 11		80 >
< 11		83 >
< 11		85 >
< 11		86 >
< 11		90 >
< 11		92 >
< 11		96 >
< 11		100 >
< 12		19 >
< 12		20 >
< 12		22 >
< 12		25 >
< 12		27 >
< 12		36 >
< 12		41 >
< 12		48 >
< 12		51 >
< 12		59 >
< 12		60 >
< 12		61 >
< 12		65 >
< 12		66 >
< 12		70 >
< 12		71 >
< 12		74 >
< 12		75 >
< 12		78 >
< 12		81 >
< 12		87 >
< 12		89 >
< 12		93 >
< 12		98 >
< 12		99 >
< 13		15 >
< 13		16 >
< 13		20 >
< 13		21 >
< 13		22 >
< 13		25 >
< 13		27 >
< 13		33 >
< 13		34 >
< 13		35 >
< 13		36 >
< 13		46 >
< 13		50 >
< 13		55 >
< 13		56 >
< 13		59 >
< 13		73 >
< 13		74 >
< 13		82 >
< 13		87 >
< 13		88 >
< 13		91 >
< 13		93 >
< 13		96 >
< 13		99 >
< 14		15 >
< 14		16 >
< 14		18 >
< 14		28 >
< 14		33 >
< 14		42 >
< 14		50 >
< 14		51 >
< 14		53 >
< 14		55 >
< 14		58 >
< 14		61 >
< 14		65 >
< 14		66 >
< 14		70 >
< 14		71 >
< 14		75 >
< 14		80 >
< 14		86 >
< 14		87 >
< 14		88 >
< 14		90 >
< 14		92 >
< 14		93 >
< 14		96 >
< 14		99 >
< 15		22 >
< 15		26 >
< 15		31 >
< 15		32 >
< 15		35 >
< 15		41 >
< 15		43 >
< 15		45 >
< 15		47 >
< 15		52 >
< 15		55 >
< 15		60 >
< 15		61 >
< 15		64 >
< 15		66 >
< 15		67 >
< 15		68 >
< 15		80 >
< 15		82 >
< 15		84 >
< 15		87 >
< 15		90 >
< 15		95 >
< 15		98 >
< 15		99 >
< 16		23 >
< 16		24 >
< 16		30 >
< 16		31 >
< 16		33 >
< 16		37 >
< 16		39 >
< 16		42 >
< 16		43 >
< 16		44 >
< 16		45 >
< 16		51 >
< 16		54 >
< 16		55 >
< 16		57 >
< 16		59 >
< 16		74 >
< 16		76 >
< 16		77 >
< 16		79 >
< 16		82 >
< 16		83 >
< 16		92 >
< 16		96 >
< 17		18 >
< 17		19 >
< 17		21 >
< 17		23 >
< 17		26 >
< 17		30 >
< 17		31 >
< 17		33 >
< 17		34 >
< 17		37 >
< 17		39 >
< 17		42 >
< 17		45 >
< 17		58 >
< 17		63 >
< 17		64 >
< 17		65 >
< 17		69 >
< 17		73 >
< 17		74 >
< 17		84 >
< 17		87 >
< 17		91 >
< 17		92 >
< 18		19 >
< 18		21 >
< 18		22 >
< 18		23 >
< 18		24 >
< 18		29 >
< 18		31 >
< 18		43 >
< 18		50 >
< 18		55 >
< 18		59 >
< 18		60 >
< 18		61 >
< 18		63 >
< 18		67 >
< 18		70 >
< 18		78 >
< 18		79 >
< 18		84 >
< 18		86 >
< 18		87 >
< 18		89 >
< 18		90 >
< 18		96 >
< 18		97 >
< 18		99 >
< 19		27 >
< 19		28 >
< 19		29 >
< 19		31 >
< 19		38 >
< 19		39 >
< 19		40 >
< 19		42 >
< 19		45 >
< 19		46 >
< 19		49 >
< 19		51 >
< 19		52 >
< 19		56 >
< 19		65 >
< 19		66 >
< 19		72 >
< 19		76 >
< 19		95 >
< 20		24 >
< 20		30 >
< 20		32 >
< 20		33 >
< 20		34 >
< 20		35 >
< 20		38 >
< 20		42 >
< 20		43 >
< 20		45 >
< 20		50 >
< 20		52 >
< 20		56 >
< 20		59 >
< 20		60 >
< 20		61 >
< 20		64 >
< 20		67 >
< 20		73 >
< 20		80 >
< 20		81 >
< 20		84 >
< 20		88 >
< 20		89 >
< 20		95 >
< 20		98 >
< 20		99 >
< 21		33 >
< 21		34 >
< 21		36 >
< 21		38 >
< 21		41 >
< 21		45 >
< 21		54 >
< 21		58 >
< 21		62 >
< 21		63 >
< 21		65 >
< 21		67 >
< 21		71 >
< 21		77 >
< 21		79 >
< 21		83 >
< 21		86 >
< 21		92 >
< 21		95 >
< 21		97 >
< 21		98 >
< 21		99 >
< 21		100 >
< 22		23 >
< 22		26 >
< 22		27 >
< 22		30 >
< 22		32 >
< 22		42 >
< 22		45 >
< 22		46 >
< 22		49 >
< 22		51 >
< 22		52 >
< 22		60 >
< 22		62 >
< 22		63 >
< 22		71 >
< 22		72 >
< 22		82 >
< 22		86 >
< 22		87 >
< 22		88 >
< 22		92 >
< 22		93 >
< 22		95 >
< 23		27 >
< 23		28 >
< 23		35 >
< 23		36 >
< 23		37 >
< 23		42 >
< 23		48 >
< 23		53 >
< 23		55 >
< 23		57 >
< 23		58 >
< 23		59 >
< 23		60 >
< 23		64 >
< 23		66 >
< 23		67 >
< 23		69 >
< 23		73 >
< 23		75 >
< 23		78 >
< 23		80 >
< 23		84 >
< 23		93 >
< 23		96 >
< 23		97 >
< 23		99 >
< 24		25 >
< 24		29 >
< 24		31 >
< 24		32 >
< 24		48 >
< 24		50 >
< 24		53 >
< 24		54 >
< 24		57 >
< 24		63 >
< 24		64 >
< 24		75 >
< 24		79 >
< 24		83 >
< 24		89 >
< 24		94 >
< 24		95 >
< 24		98 >
< 25		27 >
< 25		28 >
< 25		30 >
< 25		32 >
< 25		34 >
< 25		39 >
< 25		45 >
< 25		46 >
< 25		58 >
< 25		60 >
< 25		61 >
< 25		64 >
< 25		73 >
< 25		79 >
< 25		81 >
< 25		83 >
< 25		85 >
< 25		86 >
< 25		87 >
< 25		92 >
< 25		94 >
< 25		97 >
< 25		99 >
< 26		31 >
< 26		32 >
< 26		35 >
< 26		36 >
< 26		38 >
< 26		39 >
< 26		49 >
< 26		56 >
< 26		57 >
< 26		58 >
< 26		59 >
< 26		67 >
< 26		68 >
< 26		71 >
< 26		77 >
< 26		80 >
< 26		81 >
< 26		86 >
< 26		91 >
< 26		98 >
< 26		99 >
< 27		30 >
< 27		34 >
< 27		35 >
< 27		37 >
< 27		38 >
< 27		56 >
< 27		59 >
< 27		63 >
< 27		66 >
< 27		70 >
< 27		78 >
< 27		79 >
< 27		80 >
< 27		83 >
< 27		88 >
< 27		94 >
< 27		95 >
< 27		96 >
< 27		98 >
< 27		100 >
< 28		31 >
< 28		35 >
< 28		38 >
< 28		39 >
< 28		43 >
< 28		48 >
< 28		50 >
< 28		54 >
< 28		61 >
< 28		62 >
< 28		65 >
< 28		74 >
< 28		79 >
< 28		82 >
< 28		83 >
< 28		94 >
< 28		96 >
< 28		99 >
< 29		31 >
< 29		33 >
< 29		39 >
< 29		44 >
< 29		51 >
< 29		53 >
< 29		56 >
< 29		58 >
< 29		59 >
< 29		60 >
< 29		64 >
< 29		65 >
< 29		69 >
< 29		70 >
< 29		71 >
< 29		73 >
< 29		74 >
< 29		76 >
< 29		80 >
< 29		81 >
< 29		83 >
< 29		84 >
< 29		87 >
< 29		92 >
< 29		95 >
< 29		96 >
< 29		97 >
< 29		99 >
< 30		39 >
< 30		41 >
< 30		42 >
< 30		45 >
< 30		53 >
< 30		54 >
< 30		58 >
< 30		60 >
< 30		63 >
< 30		68 >
< 30		73 >
< 30		75 >
< 30		76 >
< 30		80 >
< 30		81 >
< 30		83 >
< 30		90 >
< 30		99 >
< 31		34 >
< 31		35 >
< 31		39 >
< 31		43 >
< 31		45 >
< 31		48 >
< 31		49 >
< 31		51 >
< 31		54 >
< 31		56 >
< 31		58 >
< 31		67 >
< 31		71 >
< 31		76 >
< 31		79 >
< 31		80 >
< 31		93 >
< 32		40 >
< 32		43 >
< 32		46 >
< 32		47 >
< 32		48 >
< 32		53 >
< 32		54 >
< 32		55 >
< 32		56 >
< 32		57 >
< 32		58 >
< 32		60 >
< 32		65 >
< 32		70 >
< 32		74 >
< 32		78 >
< 32		79 >
< 32		80 >
< 32		84 >
< 32		88 >
< 32		90 >
< 32		96 >
< 33		36 >
< 33		37 >
< 33		39 >
< 33		40 >
< 33		41 >
< 33		44 >
< 33		54 >
< 33		57 >
< 33		60 >
< 33		62 >
< 33		63 >
< 33		64 >
< 33		69 >
< 33		70 >
< 33		77 >
< 33		78 >
< 33		81 >
< 33		82 >
< 33		86 >
< 33		91 >
< 33		92 >
< 33		93 >
< 33		94 >
< 34		36 >
< 34		40 >
< 34		44 >
< 34		50 >
< 34		57 >
< 34		58 >
< 34		59 >
< 34		67 >
< 34		70 >
< 34		73 >
< 34		75 >
< 34		76 >
< 34		77 >
< 34		78 >
< 34		80 >
< 34		86 >
< 34		87 >
< 34		88 >
< 34		93 >
< 34		96 >
< 35		39 >
< 35		41 >
< 35		42 >
< 35		43 >
< 35		47 >
< 35		50 >
< 35		56 >
< 35		64 >
< 35		65 >
< 35		66 >
< 35		76 >
< 35		78 >
< 35		79 >
< 35		86 >
< 35		87 >
< 35		91 >
< 35		92 >
< 35		93 >
< 35		94 >
< 35		97 >
< 35		99 >
< 36		40 >
< 36		44 >
< 36		46 >
< 36		47 >
< 36		48 >
< 36		57 >
< 36		64 >
< 36		70 >
< 36		71 >
< 36		80 >
< 36		81 >
< 36		82 >
< 36		86 >
< 36		88 >
< 36		95 >
< 36		97 >
< 37		39 >
< 37		43 >
< 37		44 >
< 37		46 >
< 37		49 >
< 37		53 >
< 37		56 >
< 37		59 >
< 37		63 >
< 37		66 >
< 37		68 >
< 37		70 >
< 37		71 >
< 37		72 >
< 37		74 >
< 37		77 >
< 37		87 >
< 37		89 >
< 37		93 >
< 37		94 >
< 37		96 >
< 37		99 >
< 37		100 >
< 38		39 >
< 38		40 >
< 38		45 >
< 38		49 >
< 38		52 >
< 38		56 >
< 38		57 >
< 38		65 >
< 38		66 >
< 38		67 >
< 38		73 >
< 38		78 >
< 38		79 >
< 38		80 >
< 38		83 >
< 38		85 >
< 38		88 >
< 38		90 >
< 38		91 >
< 38		93 >
< 38		100 >
< 39		41 >
< 39		43 >
< 39		46 >
< 39		50 >
< 39		69 >
< 39		70 >
< 39		73 >
< 39		79 >
< 39		80 >
< 39		82 >
< 39		85 >
< 39		86 >
< 39		89 >
< 39		92 >
< 39		93 >
< 39		97 >
< 39		98 >
< 40		42 >
< 40		44 >
< 40		47 >
< 40		50 >
< 40		51 >
< 40		56 >
< 40		74 >
< 40		80 >
< 40		86 >
< 40		90 >
< 40		96 >
< 40		100 >
< 41		48 >
< 41		49 >
< 41		50 >
< 41		60 >
< 41		62 >
< 41		64 >
< 41		65 >
< 41		68 >
< 41		69 >
< 41		70 >
< 41		73 >
< 41		75 >
< 41		78 >
< 41		80 >
< 41		81 >
< 41		82 >
< 41		83 >
< 41		87 >
< 41		88 >
< 41		90 >
< 41		95 >
< 42		44 >
< 42		52 >
< 42		56 >
< 42		59 >
< 42		60 >
< 42		62 >
< 42		63 >
< 42		68 >
< 42		75 >
< 42		76 >
< 42		78 >
< 42		79 >
< 42		82 >
< 42		83 >
< 42		85 >
< 42		86 >
< 42		90 >
< 42		98 >
< 42		100 >
< 43		45 >
< 43		46 >
< 43		47 >
< 43		48 >
< 43		50 >
< 43		54 >
< 43		55 >
< 43		57 >
< 43		60 >
< 43		64 >
< 43		73 >
< 43		78 >
< 43		80 >
< 43		82 >
< 43		85 >
< 43		89 >
< 43		97 >
< 43		98 >
< 44		48 >
< 44		57 >
< 44		58 >
< 44		61 >
< 44		64 >
< 44		66 >
< 44		68 >
< 44		71 >
< 44		73 >
< 44		79 >
< 44		80 >
< 44		86 >
< 44		89 >
< 44		92 >
< 44		95 >
< 44		99 >
< 45		46 >
< 45		55 >
< 45		56 >
< 45		57 >
< 45		68 >
< 45		73 >
< 45		83 >
< 45		84 >
< 45		87 >
< 45		88 >
< 45		89 >
< 45		91 >
< 45		96 >
< 45		97 >
< 45		98 >
< 45		99 >
< 46		49 >
< 46		56 >
< 46		63 >
< 46		64 >
< 46		65 >
< 46		67 >
< 46		71 >
< 46		73 >
< 46		74 >
< 46		81 >
< 46		83 >
< 46		85 >
< 46		91 >
< 46		95 >
< 46		96 >
< 46		99 >
< 47		50 >
< 47		52 >
< 47		54 >
< 47		55 >
< 47		57 >
< 47		59 >
< 47		63 >
< 47		64 >
< 47		67 >
< 47		68 >
< 47		79 >
< 47		80 >
< 47		81 >
< 47		83 >
< 47		88 >
< 47		89 >
< 47		90 >
< 47		93 >
< 47		96 >
< 47		97 >
< 47		98 >
< 47		99 >
< 48		49 >
< 48		50 >
< 48		54 >
< 48		68 >
< 48		70 >
< 48		71 >
< 48		72 >
< 48		74 >
< 48		83 >
< 48		85 >
< 48		89 >
< 48		91 >
< 48		96 >
< 49		59 >
< 49		62 >
< 49		63 >
< 49		73 >
< 49		75 >
< 49		76 >
< 49		77 >
< 49		78 >
< 49		84 >
< 49		89 >
< 49		92 >
< 49		93 >
< 49		99 >
< 50		58 >
< 50		63 >
< 50		64 >
< 50		67 >
< 50		69 >
< 50		74 >
< 50		76 >
< 50		77 >
< 50		78 >
< 50		85 >
< 50		86 >
< 50		87 >
< 50		89 >
< 50		97 >
< 50		99 >
< 51		54 >
< 51		58 >
< 51		59 >
< 51		62 >
< 51		64 >
< 51		67 >
< 51		71 >
< 51		73 >
< 51		78 >
< 51		84 >
< 51		86 >
< 51		92 >
< 51		93 >
< 51		94 >
< 51		98 >
< 51		100 >
< 52		56 >
< 52		57 >
< 52		59 >
< 52		61 >
< 52		82 >
< 52		84 >
< 52		87 >
< 52		88 >
< 52		97 >
< 52		100 >
< 53		55 >
< 53		56 >
< 53		57 >
< 53		59 >
< 53		62 >
< 53		64 >
< 53		66 >
< 53		67 >
< 53		68 >
< 53		74 >
< 53		75 >
< 53		76 >
< 53		82 >
< 53		84 >
< 53		85 >
< 53		86 >
< 53		87 >
< 53		89 >
< 53		93 >
< 53		97 >
< 54		55 >
< 54		61 >
< 54		62 >
< 54		67 >
< 54		69 >
< 54		70 >
< 54		71 >
< 54		72 >
< 54		75 >
< 54		82 >
< 54		89 >
< 54		91 >
< 54		96 >
< 54		97 >
< 55		56 >
< 55		60 >
< 55		68 >
< 55		70 >
< 55		71 >
< 55		74 >
< 55		81 >
< 55		86 >
< 55		90 >
< 55		93 >
< 55		94 >
< 55		100 >
< 56		57 >
< 56		62 >
< 56		64 >
< 56		67 >
< 56		69 >
< 56		72 >
< 56		73 >
< 56		85 >
< 56		95 >
< 57		58 >
< 57		62 >
< 57		63 >
< 57		66 >
< 57		76 >
< 57		77 >
< 57		79 >
< 57		83 >
< 57		87 >
< 57		99 >
< 57		100 >
< 58		60 >
< 58		61 >
< 58		78 >
< 58		80 >
< 58		82 >
< 58		85 >
< 58		86 >
< 58		90 >
< 59		62 >
< 59		69 >
< 59		73 >
< 59		74 >
< 59		79 >
< 59		86 >
< 59		88 >
< 59		95 >
< 59		98 >
< 60		63 >
< 60		66 >
< 60		67 >
< 60		72 >
< 60		77 >
< 60		78 >
< 60		79 >
< 60		80 >
< 60		88 >
< 60		91 >
< 60		93 >
< 60		95 >
< 60		96 >
< 60		98 >
< 61		63 >
< 61		64 >
< 61		66 >
< 61		68 >
< 61		72 >
< 61		73 >
< 61		74 >
< 61		75 >
< 61		77 >
< 61		78 >
< 61		79 >
< 61		82 >
< 61		84 >
< 61		87 >
< 61		88 >
< 61		94 >
< 61		95 >
< 61		97 >
< 61		99 >
< 61		100 >
< 62		67 >
< 62		76 >
< 62		78 >
< 62		81 >
< 62		82 >
< 62		90 >
< 62		96 >
< 62		97 >
< 62		100 >
< 63		64 >
< 63		68 >
< 63		69 >
< 63		73 >
< 63		79 >
< 63		81 >
< 63		89 >
< 63		92 >
< 63		95 >
< 63		97 >
< 64		66 >
< 64		71 >
< 64		72 >
< 64		77 >
< 64		81 >
< 64		86 >
< 64		87 >
< 64		95 >
< 65		74 >
< 65		82 >
< 65		83 >
< 65		89 >
< 65		90 >
< 66		79 >
< 66		84 >
< 66		89 >
< 66		93 >
< 66		97 >
< 66		98 >
< 66		100 >
< 67		73 >
< 67		75 >
< 67		76 >
< 67		82 >
< 67		83 >
< 67		85 >
< 67		87 >
< 67		96 >
< 67		98 >
< 67		99 >
< 67		100 >
< 68		70 >
< 68		78 >
< 68		81 >
< 68		86 >
< 68		94 >
< 69		70 >
< 69		71 >
< 69		77 >
< 69		81 >
< 69		82 >
< 69		83 >
< 69		88 >
< 69		89 >
< 69		92 >
< 69		98 >
< 70		76 >
< 70		83 >
< 70		85 >
< 70		94 >
< 70		96 >
< 70		99 >
< 70		100 >
< 71		79 >
< 71		86 >
< 71		87 >
< 71		90 >
< 71		91 >
< 71		92 >
< 71		97 >
< 71		98 >
< 72		78 >
< 72		79 >
< 72		82 >
< 72		86 >
< 72		88 >
< 72		91 >
< 72		94 >
< 72		96 >
< 72		97 >
< 72		99 >
< 73		79 >
< 73		80 >
< 73		82 >
< 73		88 >
< 73		93 >
< 74		75 >
< 74		78 >
< 74		83 >
< 74		85 >
< 74		92 >
< 74		93 >
< 75		76 >
< 75		79 >
< 75		80 >
< 75		81 >
< 75		94 >
< 75		95 >
< 75		100 >
< 76		81 >
< 76		82 >
< 76		89 >
< 76		94 >
< 76		100 >
< 77		79 >
< 77		81 >
< 77		83 >
< 77		84 >
< 77		85 >
< 77		90 >
< 77		93 >
< 77		96 >
< 77		99 >
< 77		100 >
< 78		86 >
< 78		91 >
< 78		94 >
< 78		96 >
< 78		100 >
< 79		82 >
< 79		86 >
< 79		94 >
< 80		81 >
< 80		87 >
< 80		88 >
< 80		93 >
< 80		94 >
< 81		91 >
< 81		94 >
< 81		95 >
< 81		100 >
< 82		92 >
< 82		95 >
< 83		84 >
< 83		86 >
< 83		88 >
< 83		92 >
< 84		87 >
< 84		92 >
< 84		93 >
< 84		95 >
< 84		96 >
< 84		100 >
< 85		93 >
< 85		94 >
< 85		97 >
< 85		100 >
< 86		93 >
< 86		97 >
< 87		90 >
< 87		100 >
< 88		91 >
< 88		92 >
< 88		93 >
< 88		96 >
< 88		99 >
< 88		100 >
< 89		90 >
< 89		91 >
< 89		92 >
< 89		93 >
< 89		94 >
< 90		93 >
< 90		94 >
< 90		95 >
< 90		96 >
< 90		99 >
< 91		92 >
< 91		93 >
< 91		98 >
< 91		99 >
< 91		100 >
< 92		95 >
< 92		96 >
< 93		94 >
< 93		98 >
< 94		95 >
< 95		97 >
< 95		100 >
< 96		98 >
< 97		99 >
< 98		99 >
