nNodes= 40
nPairs= 75  
Weight
4
3
3
2
4
3
4
2
3
2
2
2
2
3
2
4
3
4
4
2
2
3
4
3
3
2
3
4
2
4
2
2
2
3
4
4
4
2
4
4
Cost
41		0		0		0		41		0		0		0		0		0		0		0		0		0		0		0		0		0		0		0		0		0		0		0		0		0		0		0		0		0		0		0		41		0		0		0		0		0		0		0		
0		41		0		0		0		0		0		0		0		0		0		0		0		0		0		0		0		0		0		0		41		0		41		0		0		0		0		0		0		0		0		0		0		0		0		0		0		0		0		0		
0		0		41		0		0		0		0		41		0		0		0		0		0		0		0		0		0		0		0		0		0		0		0		41		0		41		0		0		0		0		0		0		0		0		0		0		41		0		0		0		
0		0		0		41		0		0		0		0		0		0		0		0		41		0		0		0		0		0		0		0		0		0		0		0		0		0		0		0		0		0		41		0		0		0		0		0		0		0		0		0		
41		0		0		0		41		41		0		41		0		0		0		41		0		0		0		0		0		0		0		0		0		0		0		41		0		0		0		0		0		41		0		41		0		0		0		0		0		0		41		0		
0		0		0		0		41		41		0		0		0		0		0		41		0		0		0		0		0		0		0		0		0		0		0		0		41		0		0		0		0		0		0		0		0		0		0		0		0		0		0		0		
0		0		0		0		0		0		41		0		0		0		41		0		0		0		0		0		0		0		0		0		0		0		0		41		0		0		0		41		0		41		0		0		0		0		0		0		0		0		0		0		
0		0		41		0		41		0		0		41		0		0		41		0		0		0		0		0		0		0		0		0		0		0		0		0		0		0		0		0		0		0		0		0		0		0		0		0		0		41		0		41		
0		0		0		0		0		0		0		0		41		0		0		0		0		0		0		0		0		41		0		0		0		0		41		0		41		0		0		0		0		41		0		0		0		0		0		41		0		41		0		0		
0		0		0		0		0		0		0		0		0		41		0		41		0		0		0		41		0		0		0		0		0		0		41		0		41		0		0		0		0		0		0		0		0		0		0		0		0		41		0		0		
0		0		0		0		0		0		41		41		0		0		41		0		0		0		41		0		0		41		0		41		0		41		0		0		0		0		0		0		0		0		41		0		0		0		0		0		0		41		0		0		
0		0		0		0		41		41		0		0		0		41		0		41		41		0		0		0		0		0		41		41		0		0		0		0		0		0		0		41		0		0		0		0		0		0		0		41		0		0		0		0		
0		0		0		41		0		0		0		0		0		0		0		41		41		0		41		0		0		0		0		0		41		0		0		0		0		0		0		0		41		0		0		0		0		0		0		0		0		0		0		0		
0		0		0		0		0		0		0		0		0		0		0		0		0		41		0		0		0		0		0		0		0		0		0		0		0		0		0		0		0		0		41		0		0		0		0		0		0		0		0		0		
0		0		0		0		0		0		0		0		0		0		41		0		41		0		41		0		0		0		0		0		0		0		0		0		0		0		41		0		0		0		0		0		0		0		0		0		0		0		0		41		
0		0		0		0		0		0		0		0		0		41		0		0		0		0		0		41		0		0		0		0		0		0		0		0		0		0		0		0		0		0		0		0		0		0		0		41		0		0		0		0		
0		0		0		0		0		0		0		0		0		0		0		0		0		0		0		0		41		0		0		0		0		0		41		41		0		0		41		0		0		0		0		0		0		0		0		0		0		0		0		0		
0		0		0		0		0		0		0		0		41		0		41		0		0		0		0		0		0		41		0		0		0		0		0		41		0		0		0		0		0		0		0		0		0		0		0		0		0		0		41		41		
0		0		0		0		0		0		0		0		0		0		0		41		0		0		0		0		0		0		41		0		0		0		0		0		0		0		0		0		0		0		0		0		0		0		0		0		0		0		0		0		
0		0		0		0		0		0		0		0		0		0		41		41		0		0		0		0		0		0		0		41		0		0		0		41		0		0		41		0		0		41		0		0		0		0		0		0		0		0		0		0		
0		41		0		0		0		0		0		0		0		0		0		0		41		0		0		0		0		0		0		0		41		0		0		0		0		0		0		0		0		0		0		0		0		0		0		0		0		0		0		0		
0		0		0		0		0		0		0		0		0		0		41		0		0		0		0		0		0		0		0		0		0		41		0		0		0		0		0		0		0		0		0		0		0		0		0		0		0		0		0		0		
0		41		0		0		0		0		0		0		41		41		0		0		0		0		0		0		41		0		0		0		0		0		41		0		0		0		41		0		0		0		0		0		0		0		0		0		0		0		0		0		
0		0		41		0		41		0		41		0		0		0		0		0		0		0		0		0		41		41		0		41		0		0		0		41		0		0		0		0		0		0		0		0		0		0		0		0		0		0		0		0		
0		0		0		0		0		41		0		0		41		41		0		0		0		0		0		0		0		0		0		0		0		0		0		0		41		0		0		0		0		0		41		0		0		0		0		0		0		0		0		41		
0		0		41		0		0		0		0		0		0		0		0		0		0		0		0		0		0		0		0		0		0		0		0		0		0		41		0		0		0		0		0		0		0		0		0		0		0		0		0		0		
0		0		0		0		0		0		0		0		0		0		0		0		0		0		41		0		41		0		0		41		0		0		41		0		0		0		41		0		0		0		0		0		0		0		0		0		0		0		0		0		
0		0		0		0		0		0		41		0		0		0		0		41		0		0		0		0		0		0		0		0		0		0		0		0		0		0		0		41		0		0		0		0		0		0		41		0		0		0		0		0		
0		0		0		0		0		0		0		0		0		0		0		0		41		0		0		0		0		0		0		0		0		0		0		0		0		0		0		0		41		0		0		0		0		0		41		0		0		0		0		0		
0		0		0		0		41		0		41		0		41		0		0		0		0		0		0		0		0		0		0		41		0		0		0		0		0		0		0		0		0		41		0		0		41		0		0		0		0		0		0		0		
0		0		0		41		0		0		0		0		0		0		41		0		0		41		0		0		0		0		0		0		0		0		0		0		41		0		0		0		0		0		41		0		0		0		0		41		0		0		0		0		
0		0		0		0		41		0		0		0		0		0		0		0		0		0		0		0		0		0		0		0		0		0		0		0		0		0		0		0		0		0		0		41		0		0		0		41		0		0		0		0		
41		0		0		0		0		0		0		0		0		0		0		0		0		0		0		0		0		0		0		0		0		0		0		0		0		0		0		0		0		41		0		0		41		41		0		0		0		41		0		0		
0		0		0		0		0		0		0		0		0		0		0		0		0		0		0		0		0		0		0		0		0		0		0		0		0		0		0		0		0		0		0		0		41		41		0		0		0		0		0		0		
0		0		0		0		0		0		0		0		0		0		0		0		0		0		0		0		0		0		0		0		0		0		0		0		0		0		0		41		41		0		0		0		0		0		41		0		0		0		41		0		
0		0		0		0		0		0		0		0		41		0		0		41		0		0		0		41		0		0		0		0		0		0		0		0		0		0		0		0		0		0		41		41		0		0		0		41		0		0		0		0		
0		0		41		0		0		0		0		0		0		0		0		0		0		0		0		0		0		0		0		0		0		0		0		0		0		0		0		0		0		0		0		0		0		0		0		0		41		0		0		0		
0		0		0		0		0		0		0		41		41		41		41		0		0		0		0		0		0		0		0		0		0		0		0		0		0		0		0		0		0		0		0		0		41		0		0		0		0		41		0		0		
0		0		0		0		41		0		0		0		0		0		0		0		0		0		0		0		0		41		0		0		0		0		0		0		0		0		0		0		0		0		0		0		0		0		41		0		0		0		41		0		
0		0		0		0		0		0		0		41		0		0		0		0		0		0		41		0		0		41		0		0		0		0		0		0		41		0		0		0		0		0		0		0		0		0		0		0		0		0		0		41		
NDC Pairs
< 1		5 >
< 1		33 >
< 2		21 >
< 2		23 >
< 3		8 >
< 3		24 >
< 3		26 >
< 3		37 >
< 4		13 >
< 4		31 >
< 5		6 >
< 5		8 >
< 5		12 >
< 5		24 >
< 5		30 >
< 5		32 >
< 5		39 >
< 6		12 >
< 6		25 >
< 7		11 >
< 7		24 >
< 7		28 >
< 7		30 >
< 8		11 >
< 8		38 >
< 8		40 >
< 9		18 >
< 9		23 >
< 9		25 >
< 9		30 >
< 9		36 >
< 9		38 >
< 10		12 >
< 10		16 >
< 10		23 >
< 10		25 >
< 10		38 >
< 11		15 >
< 11		18 >
< 11		20 >
< 11		22 >
< 11		31 >
< 11		38 >
< 12		13 >
< 12		19 >
< 12		20 >
< 12		28 >
< 12		36 >
< 13		15 >
< 13		21 >
< 13		29 >
< 14		31 >
< 15		27 >
< 15		40 >
< 16		36 >
< 17		23 >
< 17		24 >
< 17		27 >
< 18		24 >
< 18		39 >
< 18		40 >
< 20		24 >
< 20		27 >
< 20		30 >
< 23		27 >
< 25		31 >
< 25		40 >
< 28		35 >
< 29		35 >
< 30		33 >
< 31		36 >
< 32		36 >
< 33		34 >
< 33		38 >
< 35		39 >
