nNodes= 40
nPairs= 371  
Weight
4
4
3
4
2
3
4
4
2
2
2
2
4
4
2
2
4
3
4
4
2
4
2
3
2
4
2
4
2
4
2
3
2
3
3
4
2
4
2
4
Cost
41		0		41		0		41		41		0		0		41		41		0		0		41		41		41		0		0		41		0		41		41		0		41		41		41		41		0		0		0		0		0		41		41		0		41		41		0		41		41		0		
0		41		0		0		0		41		41		41		41		41		0		41		0		41		0		0		41		41		41		41		41		41		0		0		41		41		41		0		41		0		41		41		0		0		0		0		0		0		0		0		
41		0		41		41		41		41		41		41		41		41		0		0		0		41		0		41		41		41		0		0		0		41		41		41		41		41		41		0		41		0		0		0		41		41		41		0		0		0		41		41		
0		0		41		41		41		41		0		0		41		0		0		0		41		41		0		41		41		41		41		0		41		0		41		41		0		0		0		0		0		0		41		0		0		41		0		0		41		0		0		0		
41		0		41		41		41		41		0		41		0		0		0		0		0		41		41		41		0		0		41		0		0		41		0		41		0		0		41		0		41		41		41		0		41		41		41		41		0		0		0		0		
41		41		41		41		41		41		0		41		0		0		41		0		0		41		0		0		0		41		41		0		0		0		41		41		0		0		41		41		0		41		0		0		41		0		41		0		0		41		0		0		
0		41		41		0		0		0		41		0		0		41		41		0		41		41		0		0		41		0		41		41		41		0		0		0		0		0		41		41		41		41		0		41		41		41		41		0		41		0		0		0		
0		41		41		0		41		41		0		41		41		41		41		41		41		0		41		41		41		41		0		0		41		41		0		0		41		0		0		0		0		0		0		0		0		41		0		41		0		0		0		0		
41		41		41		41		0		0		0		41		41		41		0		41		41		41		0		41		0		41		0		41		41		41		0		0		0		41		0		41		41		0		41		41		41		41		0		41		41		0		41		0		
41		41		41		0		0		0		41		41		41		41		41		41		0		41		41		41		41		0		0		0		0		41		41		41		41		0		41		0		41		0		41		0		41		41		0		0		41		41		0		41		
0		0		0		0		0		41		41		41		0		41		41		41		0		41		0		0		0		0		41		41		41		41		41		0		41		0		0		0		0		0		0		0		41		0		41		41		0		41		0		0		
0		41		0		0		0		0		0		41		41		41		41		41		0		0		41		41		0		41		0		41		0		0		41		0		0		0		0		41		41		41		0		0		0		0		41		0		41		0		41		41		
41		0		0		41		0		0		41		41		41		0		0		0		41		41		0		41		0		0		0		41		0		41		0		41		41		0		41		0		41		41		41		41		41		0		0		0		0		41		0		0		
41		41		41		41		41		41		41		0		41		41		41		0		41		41		41		41		41		0		0		0		0		41		0		0		41		0		0		41		0		0		41		0		41		41		0		41		41		41		0		0		
41		0		0		0		41		0		0		41		0		41		0		41		0		41		41		0		0		41		41		41		0		41		41		0		0		41		41		0		41		41		41		0		41		0		0		0		41		0		41		0		
0		0		41		41		41		0		0		41		41		41		0		41		41		41		0		41		41		0		41		41		0		0		0		41		0		0		0		0		0		0		0		0		0		0		41		41		41		0		41		0		
0		41		41		41		0		0		41		41		0		41		0		0		0		41		0		41		41		41		0		41		41		41		0		41		0		0		0		41		0		41		41		0		41		0		0		41		0		41		41		0		
41		41		41		41		0		41		0		41		41		0		0		41		0		0		41		0		41		41		0		0		41		0		41		0		0		41		0		41		41		0		41		0		0		0		41		41		0		0		0		0		
0		41		0		41		41		41		41		0		0		0		41		0		0		0		41		41		0		0		41		41		41		0		0		0		0		41		41		0		41		41		41		0		41		0		0		0		0		41		0		41		
41		41		0		0		0		0		41		0		41		0		41		41		41		0		41		41		41		0		41		41		0		41		0		0		41		0		0		0		0		0		0		41		0		41		41		0		0		0		41		0		
41		41		0		41		0		0		41		41		41		0		41		0		0		0		0		0		41		41		41		0		41		0		0		0		0		0		41		41		41		41		0		0		0		41		0		41		41		41		0		0		
0		41		41		0		41		0		0		41		41		41		41		0		41		41		41		0		41		0		0		41		0		41		0		41		0		41		41		0		0		41		0		41		0		41		0		0		0		41		41		41		
41		0		41		41		0		41		0		0		0		41		41		41		0		0		41		0		0		41		0		0		0		0		41		41		0		0		0		0		41		0		0		0		0		41		41		0		0		0		41		41		
41		0		41		41		41		41		0		0		0		41		0		0		41		0		0		41		41		0		0		0		0		41		41		41		41		41		0		41		0		41		41		41		0		0		41		0		0		41		41		41		
41		41		41		0		0		0		0		41		0		41		41		0		41		41		0		0		0		0		0		41		0		0		0		41		41		0		0		41		0		0		0		0		0		41		0		0		0		0		0		0		
41		41		41		0		0		0		0		0		41		0		0		0		0		0		41		0		0		41		41		0		0		41		0		41		0		41		0		0		0		0		0		0		41		0		0		0		41		41		41		41		
0		41		41		0		41		41		41		0		0		41		0		0		41		0		41		0		0		0		41		0		41		41		0		0		0		0		41		0		41		0		41		0		41		41		41		41		0		0		41		41		
0		0		0		0		0		41		41		0		41		0		0		41		0		41		0		0		41		41		0		0		41		0		0		41		41		0		0		41		41		0		0		41		41		0		41		41		41		41		0		41		
0		41		41		0		41		0		41		0		41		41		0		41		41		0		41		0		0		41		41		0		41		0		41		0		0		0		41		41		41		41		0		0		0		0		0		41		0		41		0		41		
0		0		0		0		41		41		41		0		0		0		0		41		41		0		41		0		41		0		41		0		41		41		0		41		0		0		0		0		41		41		41		0		41		41		41		0		41		41		41		41		
0		41		0		41		41		0		0		0		41		41		0		0		41		41		41		0		41		41		41		0		0		0		0		41		0		0		41		0		0		41		41		41		0		0		41		0		0		0		0		0		
41		41		0		0		0		0		41		0		41		0		0		0		41		0		0		0		0		0		0		41		0		41		0		41		0		0		0		41		0		0		41		41		41		41		41		41		0		41		41		41		
41		0		41		0		41		41		41		0		41		41		41		0		41		41		41		0		41		0		41		0		0		0		0		0		0		41		41		41		0		41		0		41		41		0		41		41		41		0		0		0		
0		0		41		41		41		0		41		41		41		41		0		0		0		41		0		0		0		0		0		41		41		41		41		0		41		0		41		0		0		41		0		41		0		41		0		0		41		0		0		41		
41		0		41		0		41		41		41		0		0		0		41		41		0		0		0		41		0		41		0		41		0		0		41		41		0		0		41		41		0		41		41		41		41		0		41		0		41		0		0		41		
41		0		0		0		41		0		0		41		41		0		41		0		0		41		0		41		41		41		0		0		41		0		0		0		0		0		41		41		41		0		0		41		41		0		0		41		41		41		41		41		
0		0		0		41		0		0		41		0		41		41		0		41		0		41		41		41		0		0		0		0		41		0		0		0		0		41		0		41		0		41		0		0		41		41		41		41		41		0		0		41		
41		0		0		0		0		41		0		0		0		41		41		0		41		41		0		0		41		0		41		0		41		41		0		41		0		41		0		41		41		41		0		41		0		0		0		41		0		41		41		0		
41		0		41		0		0		0		0		0		41		0		0		41		0		0		41		41		41		0		0		41		0		41		41		41		0		41		41		0		0		41		0		41		0		0		0		41		0		41		41		0		
0		0		41		0		0		0		0		0		0		41		0		41		0		0		0		0		0		0		41		0		0		41		41		41		0		41		41		41		41		41		0		41		0		41		41		41		41		0		0		41		
NDC Pairs
< 1		3 >
< 1		5 >
< 1		6 >
< 1		9 >
< 1		10 >
< 1		13 >
< 1		14 >
< 1		15 >
< 1		18 >
< 1		20 >
< 1		21 >
< 1		23 >
< 1		24 >
< 1		25 >
< 1		26 >
< 1		32 >
< 1		33 >
< 1		35 >
< 1		36 >
< 1		38 >
< 1		39 >
< 2		6 >
< 2		7 >
< 2		8 >
< 2		9 >
< 2		10 >
< 2		12 >
< 2		14 >
< 2		17 >
< 2		18 >
< 2		19 >
< 2		20 >
< 2		21 >
< 2		22 >
< 2		25 >
< 2		26 >
< 2		27 >
< 2		29 >
< 2		31 >
< 2		32 >
< 3		4 >
< 3		5 >
< 3		6 >
< 3		7 >
< 3		8 >
< 3		9 >
< 3		10 >
< 3		14 >
< 3		16 >
< 3		17 >
< 3		18 >
< 3		22 >
< 3		23 >
< 3		24 >
< 3		25 >
< 3		26 >
< 3		27 >
< 3		29 >
< 3		33 >
< 3		34 >
< 3		35 >
< 3		39 >
< 3		40 >
< 4		5 >
< 4		6 >
< 4		9 >
< 4		13 >
< 4		14 >
< 4		16 >
< 4		17 >
< 4		18 >
< 4		19 >
< 4		21 >
< 4		23 >
< 4		24 >
< 4		31 >
< 4		34 >
< 4		37 >
< 5		6 >
< 5		8 >
< 5		14 >
< 5		15 >
< 5		16 >
< 5		19 >
< 5		22 >
< 5		24 >
< 5		27 >
< 5		29 >
< 5		30 >
< 5		31 >
< 5		33 >
< 5		34 >
< 5		35 >
< 5		36 >
< 6		8 >
< 6		11 >
< 6		14 >
< 6		18 >
< 6		19 >
< 6		23 >
< 6		24 >
< 6		27 >
< 6		28 >
< 6		30 >
< 6		33 >
< 6		35 >
< 6		38 >
< 7		10 >
< 7		11 >
< 7		13 >
< 7		14 >
< 7		17 >
< 7		19 >
< 7		20 >
< 7		21 >
< 7		27 >
< 7		28 >
< 7		29 >
< 7		30 >
< 7		32 >
< 7		33 >
< 7		34 >
< 7		35 >
< 7		37 >
< 8		9 >
< 8		10 >
< 8		11 >
< 8		12 >
< 8		13 >
< 8		15 >
< 8		16 >
< 8		17 >
< 8		18 >
< 8		21 >
< 8		22 >
< 8		25 >
< 8		34 >
< 8		36 >
< 9		10 >
< 9		12 >
< 9		13 >
< 9		14 >
< 9		16 >
< 9		18 >
< 9		20 >
< 9		21 >
< 9		22 >
< 9		26 >
< 9		28 >
< 9		29 >
< 9		31 >
< 9		32 >
< 9		33 >
< 9		34 >
< 9		36 >
< 9		37 >
< 9		39 >
< 10		11 >
< 10		12 >
< 10		14 >
< 10		15 >
< 10		16 >
< 10		17 >
< 10		22 >
< 10		23 >
< 10		24 >
< 10		25 >
< 10		27 >
< 10		29 >
< 10		31 >
< 10		33 >
< 10		34 >
< 10		37 >
< 10		38 >
< 10		40 >
< 11		12 >
< 11		14 >
< 11		19 >
< 11		20 >
< 11		21 >
< 11		22 >
< 11		23 >
< 11		25 >
< 11		33 >
< 11		35 >
< 11		36 >
< 11		38 >
< 12		15 >
< 12		16 >
< 12		18 >
< 12		20 >
< 12		23 >
< 12		28 >
< 12		29 >
< 12		30 >
< 12		35 >
< 12		37 >
< 12		39 >
< 12		40 >
< 13		14 >
< 13		16 >
< 13		20 >
< 13		22 >
< 13		24 >
< 13		25 >
< 13		27 >
< 13		29 >
< 13		30 >
< 13		31 >
< 13		32 >
< 13		33 >
< 13		38 >
< 14		15 >
< 14		16 >
< 14		17 >
< 14		22 >
< 14		25 >
< 14		28 >
< 14		31 >
< 14		33 >
< 14		34 >
< 14		36 >
< 14		37 >
< 14		38 >
< 15		18 >
< 15		19 >
< 15		20 >
< 15		22 >
< 15		23 >
< 15		26 >
< 15		27 >
< 15		29 >
< 15		30 >
< 15		31 >
< 15		33 >
< 15		37 >
< 15		39 >
< 16		17 >
< 16		19 >
< 16		20 >
< 16		24 >
< 16		35 >
< 16		36 >
< 16		37 >
< 16		39 >
< 17		18 >
< 17		20 >
< 17		21 >
< 17		22 >
< 17		24 >
< 17		28 >
< 17		30 >
< 17		31 >
< 17		33 >
< 17		36 >
< 17		38 >
< 17		39 >
< 18		21 >
< 18		23 >
< 18		26 >
< 18		28 >
< 18		29 >
< 18		31 >
< 18		35 >
< 18		36 >
< 19		20 >
< 19		21 >
< 19		26 >
< 19		27 >
< 19		29 >
< 19		30 >
< 19		31 >
< 19		33 >
< 19		38 >
< 19		40 >
< 20		22 >
< 20		25 >
< 20		32 >
< 20		34 >
< 20		35 >
< 20		39 >
< 21		27 >
< 21		28 >
< 21		29 >
< 21		30 >
< 21		34 >
< 21		36 >
< 21		37 >
< 21		38 >
< 22		24 >
< 22		26 >
< 22		27 >
< 22		30 >
< 22		32 >
< 22		34 >
< 22		38 >
< 22		39 >
< 22		40 >
< 23		24 >
< 23		29 >
< 23		34 >
< 23		35 >
< 23		39 >
< 23		40 >
< 24		25 >
< 24		26 >
< 24		28 >
< 24		30 >
< 24		31 >
< 24		32 >
< 24		35 >
< 24		38 >
< 24		39 >
< 24		40 >
< 25		28 >
< 25		34 >
< 26		33 >
< 26		37 >
< 26		38 >
< 26		39 >
< 26		40 >
< 27		29 >
< 27		31 >
< 27		33 >
< 27		34 >
< 27		35 >
< 27		36 >
< 27		39 >
< 27		40 >
< 28		29 >
< 28		32 >
< 28		33 >
< 28		35 >
< 28		36 >
< 28		37 >
< 28		38 >
< 28		40 >
< 29		30 >
< 29		36 >
< 29		38 >
< 29		40 >
< 30		31 >
< 30		33 >
< 30		34 >
< 30		35 >
< 30		37 >
< 30		38 >
< 30		39 >
< 30		40 >
< 31		32 >
< 31		35 >
< 32		33 >
< 32		34 >
< 32		35 >
< 32		36 >
< 32		38 >
< 32		39 >
< 32		40 >
< 33		35 >
< 33		36 >
< 33		37 >
< 34		37 >
< 34		40 >
< 35		37 >
< 35		40 >
< 36		37 >
< 36		38 >
< 36		39 >
< 36		40 >
< 37		40 >
< 38		39 >
