nNodes= 100
nPairs= 2426  
Weight
2
3
4
4
4
3
2
2
4
2
4
3
3
4
3
4
2
4
4
4
4
4
3
4
3
4
3
3
3
4
3
4
3
4
3
4
2
4
3
3
3
4
3
2
2
3
3
3
4
2
2
2
3
2
3
3
2
3
2
3
4
2
3
2
2
2
4
4
3
4
3
4
4
3
4
4
3
4
2
4
3
2
4
4
2
3
3
4
4
3
2
3
3
2
4
2
2
4
3
4
Cost
101		0		0		101		101		101		0		0		0		101		0		101		101		101		101		0		0		101		101		0		101		0		0		101		101		101		0		101		0		101		101		0		0		101		0		0		101		101		0		101		101		0		0		0		101		101		0		101		101		101		0		0		101		0		0		0		101		0		0		0		101		0		0		101		0		0		0		0		0		0		0		101		0		101		0		0		0		101		101		101		0		0		0		101		0		101		101		101		101		101		101		0		0		0		101		0		0		101		0		101		
0		101		101		101		101		101		101		101		0		101		0		0		0		101		0		0		0		101		101		101		101		0		0		101		101		0		0		0		101		0		101		101		0		0		0		101		0		0		101		101		101		101		101		101		0		0		0		0		101		101		101		101		101		0		101		0		101		101		101		0		101		101		0		101		0		101		101		0		101		0		0		0		101		101		101		101		0		101		0		0		101		101		0		101		101		0		101		101		0		0		0		101		101		101		0		0		101		101		101		0		
0		101		101		0		101		0		101		101		101		101		0		101		101		101		101		101		101		101		101		101		101		0		101		101		0		0		101		101		101		0		0		0		101		101		101		101		0		0		101		101		101		0		101		0		0		101		101		101		0		0		0		101		0		0		101		101		101		0		101		0		101		101		0		101		0		0		101		0		0		0		101		0		0		101		101		101		101		0		101		101		0		0		0		101		0		0		101		101		0		101		101		0		101		101		101		101		0		0		0		0		
101		101		0		101		101		0		0		101		101		101		101		101		101		0		0		101		0		0		0		101		101		101		101		0		0		101		0		101		0		101		0		101		0		0		0		0		101		0		101		101		101		101		0		0		0		0		0		0		101		0		0		0		0		101		101		101		0		101		0		0		101		101		0		0		0		0		101		0		101		0		101		0		101		101		0		0		101		101		101		101		101		0		101		0		101		101		0		101		101		101		101		0		0		0		101		101		101		101		0		0		
101		101		101		101		101		0		0		101		0		0		101		0		0		101		101		0		101		101		101		0		101		101		0		101		0		0		101		0		101		0		101		101		0		0		101		101		0		101		0		101		101		0		0		101		101		0		101		0		101		101		0		101		101		0		101		0		0		101		101		101		101		101		0		0		101		0		101		0		0		101		101		0		101		101		0		101		0		101		101		0		0		0		0		0		0		101		0		101		101		101		0		0		101		0		101		101		0		101		101		101		
101		101		0		0		0		101		101		0		101		0		101		101		101		0		0		101		101		101		0		101		0		101		0		0		101		0		101		0		101		101		0		0		101		0		101		0		0		101		101		0		101		101		101		0		0		0		101		101		101		101		0		0		101		101		101		101		0		0		0		101		0		0		101		101		0		0		0		101		0		0		0		0		101		101		101		0		0		101		101		0		0		101		101		0		101		0		101		101		101		0		0		0		101		101		101		0		101		0		0		101		
0		101		101		0		0		101		101		101		101		0		0		101		0		0		0		101		101		0		101		101		0		101		101		101		0		0		101		101		101		101		101		0		101		101		101		0		0		0		0		101		0		0		101		0		101		0		101		0		0		0		101		0		101		0		101		0		0		101		101		101		101		0		0		101		101		0		0		0		0		0		0		0		0		101		101		0		101		101		101		0		101		0		0		101		101		101		101		0		101		101		101		0		101		101		101		0		0		0		101		101		
0		101		101		101		101		0		101		101		101		0		101		0		0		0		101		0		101		0		101		0		0		101		101		0		101		0		0		101		101		0		101		0		0		0		0		101		101		0		0		101		101		101		101		0		101		0		101		0		0		101		0		0		101		101		101		0		0		101		101		101		0		101		101		101		0		101		0		101		0		101		101		0		101		0		101		101		101		101		101		0		101		0		0		101		0		0		0		0		0		101		101		101		101		0		101		0		101		101		101		0		
0		0		101		101		0		101		101		101		101		101		0		101		0		0		101		0		101		101		101		0		101		0		0		101		0		101		0		101		101		0		101		101		0		101		101		0		0		0		0		0		0		0		101		101		0		0		101		0		0		0		0		101		101		0		0		0		0		0		101		0		101		101		0		101		0		0		0		0		0		0		101		0		101		0		101		101		0		101		0		0		101		101		101		101		0		0		101		0		101		0		101		101		0		101		0		101		101		101		0		101		
101		101		101		101		0		0		0		0		101		101		101		101		101		101		0		0		101		101		0		0		101		0		101		101		0		0		0		101		0		101		101		0		0		101		101		101		0		0		0		101		0		0		0		101		101		101		101		101		101		0		101		0		101		0		101		0		0		101		101		0		0		101		0		101		0		101		101		0		101		0		0		0		0		101		101		0		101		101		101		101		0		101		0		0		0		101		101		0		0		101		0		0		101		0		0		101		101		101		101		101		
0		0		0		101		101		101		0		101		0		101		101		101		0		0		0		101		0		101		0		101		0		0		101		101		0		0		101		0		101		0		101		0		0		0		101		0		101		101		0		101		0		101		101		101		101		101		101		101		0		101		101		101		0		101		101		0		101		101		101		0		0		0		101		0		0		101		0		101		101		0		101		101		0		0		101		101		101		0		0		0		101		0		101		101		101		101		0		0		0		101		0		101		101		101		0		101		0		101		101		0		
101		0		101		101		0		101		101		0		101		101		101		101		101		0		0		0		101		0		0		0		0		101		101		0		101		0		0		0		0		101		0		101		101		0		0		101		0		101		101		0		0		0		101		101		101		0		101		101		0		0		101		0		101		0		0		0		101		0		0		101		0		0		0		101		101		0		101		101		101		0		0		0		0		0		101		101		101		0		0		101		101		0		101		101		101		0		0		101		0		0		0		101		0		101		101		0		101		101		101		101		
101		0		101		101		0		101		0		0		0		101		0		101		101		0		0		101		0		101		0		101		0		0		101		101		101		101		101		0		0		0		0		101		101		101		101		0		101		0		101		101		0		101		0		0		101		0		0		0		0		101		0		0		101		101		0		0		0		0		0		0		101		0		0		0		0		0		0		0		0		0		101		101		101		101		0		0		101		0		101		101		101		0		101		101		101		0		101		101		0		0		0		0		101		101		0		0		0		101		0		101		
101		101		101		0		101		0		0		0		0		101		0		0		0		101		101		0		0		101		101		0		0		101		101		101		101		101		0		101		0		0		101		0		0		101		101		101		0		101		101		0		0		101		101		101		101		101		101		101		0		101		0		0		0		0		101		101		0		101		101		101		101		101		0		101		101		101		101		0		101		0		101		0		0		0		101		0		0		101		101		0		0		0		101		0		0		101		0		0		101		101		0		101		101		0		101		101		101		101		0		101		
101		0		101		0		101		0		0		101		101		0		0		0		0		101		101		0		0		101		0		0		101		0		0		0		0		101		101		0		101		0		0		0		0		101		0		0		101		101		0		101		101		0		0		0		0		0		101		0		101		0		101		101		101		0		0		0		101		0		0		101		0		101		101		101		101		101		101		101		0		101		101		0		0		101		101		0		101		101		101		101		0		101		101		101		101		101		0		0		0		101		0		0		101		0		0		101		0		101		0		0		
0		0		101		101		0		101		101		0		0		0		101		0		101		0		0		101		0		101		0		0		0		0		0		101		101		0		0		101		101		101		101		101		101		101		101		101		101		0		101		101		101		0		0		101		0		101		101		101		0		0		0		0		101		0		0		101		0		0		101		101		0		0		0		0		0		0		101		0		0		0		101		0		101		101		0		0		0		101		0		101		101		101		0		101		101		101		101		0		101		0		101		101		0		0		0		101		101		0		0		0		
0		0		101		0		101		101		101		101		101		101		0		101		0		0		0		0		101		101		101		101		101		0		101		0		0		101		101		0		101		0		101		101		101		101		0		0		0		0		0		0		101		101		0		101		101		101		0		101		0		101		101		101		101		0		101		101		101		0		0		101		0		0		101		101		0		0		101		101		0		101		0		101		0		101		0		101		0		0		0		0		0		101		101		0		101		0		101		101		0		101		101		101		0		101		0		0		101		0		101		101		
101		101		101		0		101		101		0		0		101		101		101		0		101		101		101		101		101		101		0		0		0		0		0		101		101		101		101		101		101		101		101		101		101		0		0		0		101		0		0		0		0		0		101		101		101		0		0		0		0		0		0		101		101		0		0		0		0		0		0		0		101		101		0		0		101		0		101		0		0		0		0		101		101		0		101		0		0		101		101		101		0		0		0		101		101		0		101		0		0		0		0		101		101		0		0		0		0		0		101		101		
101		101		101		0		101		0		101		101		101		0		0		0		0		101		0		0		101		0		101		101		101		101		0		101		0		0		0		0		0		101		101		101		101		0		101		101		101		101		101		101		101		0		101		0		0		0		0		0		0		0		101		101		0		101		0		0		101		0		0		0		0		101		0		0		101		101		101		0		0		101		101		0		101		0		0		101		0		101		0		0		0		101		0		0		0		101		101		0		0		0		101		101		101		101		101		101		0		0		101		101		
0		101		101		101		0		101		101		0		0		0		101		0		101		0		0		0		101		0		101		101		0		0		0		101		0		101		0		0		101		101		0		0		101		101		101		0		101		101		101		0		101		101		0		0		0		0		0		101		0		0		101		101		0		101		101		101		101		0		0		0		101		0		0		101		0		101		0		101		0		101		101		0		0		101		101		0		0		0		0		0		101		0		0		101		0		101		0		101		0		101		101		0		101		0		0		101		101		0		101		0		
101		101		101		101		101		0		0		0		101		101		0		0		0		0		101		0		101		0		101		0		101		101		0		0		0		101		0		101		0		101		0		101		0		101		0		0		0		0		0		101		101		101		0		101		101		0		0		101		101		101		101		101		101		0		0		0		101		101		0		101		0		101		101		0		0		0		101		101		0		0		101		101		101		101		101		0		0		0		101		0		0		0		101		0		101		0		0		0		0		101		0		101		0		0		0		101		101		101		101		101		
0		0		0		101		101		101		101		101		0		0		0		101		0		101		0		0		0		0		101		0		101		101		0		0		0		0		101		101		0		101		101		0		101		0		0		101		0		101		0		0		0		0		101		101		101		101		0		0		0		0		0		0		101		0		101		101		0		0		0		101		0		0		101		0		101		101		101		101		101		0		0		101		101		101		101		0		0		0		0		101		101		101		0		101		101		0		101		0		101		101		101		0		101		0		101		0		101		0		101		101		
0		0		101		101		0		0		101		101		0		101		101		101		101		101		0		0		101		0		0		0		0		0		101		101		101		0		0		0		0		101		0		101		0		0		0		101		101		101		101		0		101		101		101		0		101		0		101		101		0		101		0		0		0		0		0		0		101		0		0		0		101		101		101		101		0		0		0		101		101		101		0		0		101		101		0		0		0		101		0		101		0		101		0		0		0		0		0		101		0		101		101		0		101		0		0		101		0		101		0		0		
101		101		101		0		101		0		101		0		101		101		101		0		101		101		0		101		0		101		101		101		0		0		101		101		0		101		101		0		0		0		101		0		0		0		0		0		101		101		0		101		0		0		0		101		0		101		101		0		0		0		0		0		101		101		101		0		0		0		101		101		101		101		0		101		101		0		101		101		101		0		101		101		0		0		0		101		101		0		101		0		0		0		0		0		0		0		0		0		101		0		101		0		0		101		101		0		0		0		0		101		
101		101		0		0		0		101		0		101		0		0		0		101		101		101		0		101		0		101		0		0		0		0		101		0		101		0		0		0		101		101		0		0		101		0		0		101		0		101		101		101		101		0		0		101		0		101		0		101		101		0		101		101		0		0		101		101		101		0		101		101		101		101		101		0		0		101		101		0		101		101		0		0		101		0		101		0		0		0		0		101		0		0		101		101		0		101		0		0		0		0		101		101		101		101		101		101		101		0		101		101		
101		0		0		101		0		0		0		0		101		0		0		0		101		101		101		0		101		101		0		101		101		0		0		101		0		101		101		101		101		0		101		0		0		101		101		101		0		0		101		101		0		101		0		0		0		0		0		0		101		101		101		0		101		101		101		101		0		0		0		0		0		0		101		101		0		101		101		101		0		0		101		0		0		101		0		0		101		0		101		101		0		0		0		101		0		101		101		0		0		0		0		101		101		101		0		101		101		101		0		101		
0		0		101		0		101		101		101		0		0		0		101		0		101		0		101		0		101		101		0		0		0		101		0		101		0		101		101		0		101		101		101		0		101		0		0		101		101		101		101		101		101		101		101		101		101		101		101		0		101		0		0		0		0		0		101		101		0		0		0		0		0		0		0		101		0		101		0		0		0		101		101		0		0		0		101		101		0		0		0		0		0		101		101		0		101		101		101		101		101		101		101		101		0		101		0		0		101		0		0		0		
101		0		101		101		0		0		101		101		101		101		0		0		0		101		0		101		0		101		0		0		101		101		0		0		0		101		0		101		0		0		101		101		0		101		101		101		0		101		0		101		0		0		101		0		101		101		101		101		101		101		101		0		0		101		101		0		0		101		0		0		101		0		101		101		0		101		0		101		0		101		0		0		101		0		101		101		0		101		0		0		0		101		101		101		0		0		101		0		101		101		101		0		0		101		101		0		0		101		0		101		
0		101		101		0		101		101		101		101		101		0		101		0		0		0		101		101		101		101		0		101		0		0		0		0		101		101		101		0		101		101		0		0		0		0		101		0		101		101		0		0		0		0		0		101		101		101		101		0		101		101		0		0		101		0		101		0		0		101		0		101		0		0		101		101		0		101		0		0		0		101		101		0		0		0		101		0		101		0		101		101		0		0		0		0		0		0		101		101		0		0		101		0		101		0		101		101		0		0		0		0		
101		0		0		101		0		101		101		0		0		101		0		101		0		0		0		101		0		101		101		101		101		101		101		0		101		0		101		0		101		101		101		0		0		101		101		0		101		101		101		101		0		0		0		0		0		0		0		101		101		0		0		0		0		0		0		0		101		0		101		0		101		101		101		101		101		0		101		101		0		0		101		0		0		0		101		101		0		101		101		101		0		0		0		101		101		0		0		0		0		0		101		0		0		101		101		101		0		101		101		0		
101		101		0		0		101		0		101		101		101		101		101		0		0		101		0		101		101		101		101		0		0		101		0		101		0		101		101		101		0		101		101		101		0		101		101		101		0		101		101		101		0		0		0		0		0		0		101		101		0		101		101		101		101		101		101		101		0		101		0		0		101		101		101		101		101		101		101		101		0		101		0		0		101		101		0		0		0		0		0		101		0		0		0		0		101		101		0		0		0		101		101		0		101		101		101		101		0		0		0		0		
0		101		0		101		101		0		0		0		101		0		0		101		101		0		0		101		101		101		101		0		101		0		101		0		0		0		0		101		0		0		101		101		0		0		101		0		0		101		101		0		0		101		0		0		0		101		0		101		0		101		101		0		0		101		0		0		101		101		101		0		101		101		0		101		0		0		101		101		101		101		0		0		101		0		101		101		0		101		101		0		101		101		101		101		0		101		101		101		0		101		101		0		0		0		101		0		101		101		0		0		
0		0		101		0		0		101		101		0		0		0		0		101		101		0		0		101		101		101		101		101		0		101		0		0		101		0		101		0		0		0		0		0		101		101		101		0		101		101		101		0		0		0		0		0		0		101		101		0		0		0		101		0		101		101		101		101		101		101		101		0		0		101		0		101		101		101		101		0		0		101		101		0		0		0		101		101		101		0		0		101		0		0		101		101		0		0		0		101		101		0		101		101		101		101		101		0		101		101		101		0		
101		0		101		0		0		0		101		0		101		101		0		0		101		101		101		101		101		0		0		101		101		0		0		0		0		101		0		101		0		101		101		0		101		101		0		101		0		101		0		101		101		101		101		0		0		101		101		101		0		0		0		101		101		101		0		101		101		0		101		101		101		101		0		101		0		0		0		0		0		0		101		101		101		0		101		101		0		101		0		101		0		101		0		101		101		101		0		0		101		101		0		101		0		0		101		101		101		0		101		101		
0		0		101		0		101		101		101		0		101		101		101		0		101		101		0		101		0		0		101		101		0		0		0		0		0		101		0		101		101		101		101		101		101		0		101		101		101		101		0		101		101		0		0		101		0		101		101		101		0		0		101		0		101		0		101		101		101		0		0		0		101		101		0		0		0		101		101		101		0		101		101		101		101		101		0		0		0		0		101		0		101		0		0		0		0		0		101		101		101		101		0		101		101		101		0		0		0		101		0		0		
0		101		101		0		101		0		0		101		0		101		0		101		0		101		0		101		0		0		101		0		0		101		101		0		101		101		101		101		0		0		101		0		0		101		101		101		101		101		0		101		0		101		0		101		101		101		101		0		0		101		101		101		0		0		101		101		101		101		0		0		0		101		101		0		0		101		0		101		101		101		0		101		0		101		0		101		101		101		0		0		101		101		0		0		0		0		0		101		101		0		101		0		0		0		0		0		0		0		101		101		
101		0		0		101		0		0		0		101		0		0		101		0		101		0		101		101		0		101		101		101		0		0		101		101		0		0		101		0		101		101		0		0		101		0		101		101		101		0		0		101		101		0		101		0		0		0		0		0		101		101		101		0		0		0		0		101		101		0		0		0		0		0		0		0		0		0		0		0		101		0		101		0		101		101		0		0		101		0		101		0		101		101		0		0		0		0		101		0		101		101		101		101		101		0		0		0		101		0		0		101		
101		0		0		0		101		101		0		0		0		0		101		101		0		101		101		0		0		0		101		101		0		101		101		101		101		0		101		101		101		101		101		101		101		101		101		101		0		101		101		0		0		0		0		101		0		0		101		101		101		0		0		101		0		0		0		101		0		101		101		0		101		0		101		0		101		101		101		101		0		101		0		101		0		101		0		0		101		0		0		0		101		0		0		0		101		0		101		0		0		101		0		101		0		0		101		0		0		101		101		0		
0		101		101		101		0		101		0		0		0		0		0		101		101		101		0		101		0		0		101		101		0		0		101		0		101		101		101		0		0		101		101		101		101		0		0		0		0		101		101		101		0		101		101		0		101		0		101		0		101		0		101		101		0		101		0		101		0		0		101		0		101		101		101		0		0		101		101		101		0		101		0		0		0		0		0		101		101		101		0		101		101		101		101		101		101		0		0		101		0		101		101		101		101		101		101		0		101		0		0		101		
101		101		101		101		101		0		101		101		0		101		101		0		101		0		101		101		0		0		101		0		101		0		0		101		101		101		101		101		0		101		101		0		0		101		101		101		101		0		101		101		101		0		101		0		0		0		101		101		101		101		101		0		0		0		0		101		0		0		0		0		0		0		101		101		101		0		0		0		0		101		101		0		101		0		101		101		0		101		0		0		101		0		101		0		0		101		0		0		101		0		0		0		101		0		101		101		101		0		101		101		
101		101		101		101		101		101		0		101		0		0		0		0		0		0		101		101		101		0		101		101		101		0		101		0		101		0		101		0		0		0		0		0		0		101		101		0		101		0		0		101		101		0		0		0		0		101		0		0		0		0		101		101		0		0		0		0		0		0		0		0		0		0		101		101		0		101		0		0		101		101		0		0		101		101		0		101		101		0		0		0		0		0		101		101		0		101		0		0		0		0		101		101		101		101		0		101		0		101		0		0		
0		101		0		101		0		101		0		101		0		0		101		0		101		101		0		0		101		0		0		101		101		0		101		0		0		101		101		0		0		0		0		101		0		101		0		101		0		0		101		0		0		101		0		0		0		0		0		0		101		101		101		0		0		0		101		101		101		101		0		101		101		101		0		101		0		0		0		101		101		0		101		101		101		0		101		101		0		101		101		0		101		0		0		101		101		101		0		0		0		0		0		101		101		101		101		0		101		0		0		101		
0		101		101		0		0		101		101		101		101		0		101		101		0		101		0		0		0		101		101		0		0		101		101		0		0		0		101		101		0		0		0		0		0		101		0		0		101		0		101		101		0		0		101		0		0		101		0		0		101		0		101		0		101		0		101		101		101		0		101		0		101		0		101		101		101		101		0		0		101		0		0		101		0		0		101		0		101		0		0		0		0		0		101		0		0		101		0		0		0		0		101		0		101		0		101		101		101		0		101		0		
0		101		0		0		101		0		0		0		101		101		101		101		0		101		0		101		101		101		0		0		101		101		0		101		101		0		101		0		101		0		0		0		0		0		101		101		0		101		0		0		0		0		0		101		0		0		101		0		101		101		0		101		0		0		0		101		101		101		101		101		0		0		101		101		0		0		101		0		0		101		101		0		101		0		0		101		101		101		0		0		0		101		0		101		0		101		101		0		0		101		0		0		0		101		101		101		0		101		0		0		
101		0		0		0		101		0		101		101		0		101		101		101		101		101		0		0		101		101		0		0		101		101		101		0		0		0		101		101		101		0		0		0		0		0		0		101		0		0		101		0		0		0		0		0		101		101		101		101		101		101		0		101		101		101		0		0		0		0		101		0		0		0		101		101		101		0		0		101		0		101		101		101		0		101		101		0		101		101		0		0		101		0		0		101		0		101		101		0		0		101		101		101		0		0		101		101		101		101		0		101		
101		0		101		0		0		0		0		0		0		101		101		0		0		101		0		101		101		0		0		0		0		101		0		101		101		0		101		101		101		0		0		101		101		101		101		101		0		0		0		0		101		0		101		0		101		101		101		0		0		101		101		0		101		101		101		0		101		0		101		0		0		0		101		101		0		0		0		101		101		0		0		101		0		0		0		101		101		0		101		0		0		0		0		101		101		101		0		101		101		0		0		101		0		0		101		101		101		0		101		0		
0		0		101		0		101		101		101		101		101		101		101		101		0		101		101		101		0		0		0		0		0		0		101		101		0		0		101		101		101		0		101		0		101		101		101		101		0		101		101		101		0		0		0		101		101		101		101		0		0		0		0		0		101		0		0		0		0		101		0		0		0		0		0		101		101		0		101		101		101		101		0		0		0		101		101		101		101		101		0		0		0		101		101		101		101		0		0		101		101		0		101		101		0		0		101		0		0		101		101		0		
101		0		101		0		0		101		0		0		0		101		101		101		0		101		0		101		101		0		0		101		101		0		101		0		101		0		0		101		0		101		101		101		0		101		101		0		0		101		0		101		0		0		0		0		101		0		0		101		0		101		0		0		0		101		101		101		101		101		101		0		0		101		101		0		101		0		101		0		0		101		101		0		0		0		101		101		0		0		101		0		0		0		101		0		0		101		101		101		0		101		0		101		0		0		101		0		0		101		0		0		
101		101		0		101		101		101		0		0		0		101		0		0		0		0		101		0		0		0		0		0		101		0		0		0		101		101		101		101		101		101		0		0		0		0		0		0		101		101		101		101		0		101		101		101		101		0		0		0		101		101		0		0		101		101		0		0		101		0		101		101		101		101		101		0		101		101		101		101		101		101		0		101		0		101		0		101		101		101		0		0		0		101		0		0		101		0		0		101		101		0		0		101		101		0		101		0		101		0		0		101		
101		101		0		0		101		101		0		101		0		0		101		0		101		101		0		0		101		0		0		0		101		0		101		0		0		101		0		101		101		0		101		101		0		0		0		101		101		0		0		101		0		101		0		101		101		101		0		101		101		101		0		101		0		0		0		0		0		101		101		0		0		0		101		101		101		0		101		101		0		101		101		0		101		0		101		0		101		0		101		101		0		101		0		101		0		101		0		101		101		0		0		101		0		101		101		0		101		0		101		101		
0		101		0		0		0		0		101		0		0		101		101		101		0		0		101		0		101		0		101		101		101		0		0		0		101		101		0		101		0		0		101		101		101		0		101		101		101		0		101		101		101		101		101		0		0		101		0		0		0		0		101		0		0		101		0		0		0		0		0		0		101		0		101		0		0		101		101		0		0		0		101		101		0		101		101		0		0		0		101		0		0		101		0		0		101		0		0		0		0		0		0		0		0		101		0		101		0		101		101		0		
0		101		101		0		101		0		0		0		101		0		101		0		0		0		101		0		101		101		101		101		101		0		0		0		101		0		0		0		0		0		101		0		0		101		0		101		0		101		101		0		101		0		0		101		101		0		0		0		0		101		0		101		0		0		101		101		0		0		101		0		101		101		0		0		0		0		101		0		0		101		101		0		101		101		101		101		0		0		0		0		0		101		0		101		0		0		101		101		101		101		0		101		101		0		0		101		101		101		0		101		
101		101		0		0		101		101		101		101		101		101		0		101		101		0		101		101		101		101		0		0		101		101		0		101		0		101		0		0		101		0		101		0		101		101		101		0		0		0		0		0		0		0		101		0		101		101		101		0		101		0		0		0		101		101		101		101		101		101		0		101		0		101		101		101		0		0		101		101		0		0		0		101		101		101		101		101		101		101		101		0		0		101		101		101		0		101		0		0		0		101		0		0		101		101		0		0		0		0		101		101		
0		0		0		101		0		101		0		101		0		0		101		0		101		0		0		0		0		0		101		101		0		0		0		101		0		101		0		101		0		0		101		101		101		101		0		0		0		0		101		0		0		0		0		0		101		101		0		101		101		0		101		0		101		101		101		101		101		0		101		0		101		101		0		0		101		101		0		0		101		101		0		0		101		0		101		0		0		101		0		0		0		0		101		101		0		0		0		101		101		0		101		0		0		0		0		0		101		101		0		101		
0		101		101		101		101		101		101		101		0		101		101		0		0		101		0		0		101		0		0		101		0		101		0		101		101		101		101		101		101		0		101		0		101		0		101		101		0		0		0		0		0		101		101		0		0		101		0		101		0		0		0		101		101		101		101		0		101		101		0		101		0		0		0		0		101		0		101		101		0		101		0		101		0		101		0		0		101		101		101		0		101		101		0		0		0		101		101		0		0		0		101		0		0		101		101		101		0		0		101		0		
0		0		101		101		0		101		0		0		0		0		0		0		0		101		0		101		101		0		0		101		0		101		0		0		101		101		101		0		0		0		101		0		101		101		101		101		101		101		101		101		0		101		101		101		0		0		0		101		0		0		0		101		101		101		0		101		101		0		101		101		101		0		0		101		101		101		0		0		0		0		0		101		0		0		101		0		0		101		0		0		0		101		0		0		0		0		0		0		101		101		101		101		0		101		0		101		0		101		0		0		
101		101		101		0		0		0		0		0		0		0		101		101		0		0		101		0		101		0		101		101		101		0		101		0		101		0		0		0		0		101		0		101		101		101		101		101		101		0		0		0		0		101		101		101		0		101		0		101		101		0		0		0		101		101		101		101		101		101		101		101		101		0		101		101		0		0		0		0		0		101		101		0		101		101		101		101		0		0		101		101		101		101		0		101		101		0		101		0		101		101		0		101		0		0		101		0		0		0		0		0		
0		101		0		101		101		0		101		101		0		101		101		0		0		101		0		0		0		0		0		0		101		0		0		0		0		0		0		101		101		0		101		101		101		0		0		101		0		101		0		0		0		101		0		101		0		0		101		101		0		101		0		0		101		0		101		0		101		101		0		101		101		101		0		0		101		0		0		0		101		101		101		0		0		0		0		0		0		101		101		101		0		101		0		101		101		101		0		101		0		0		0		0		0		101		0		101		101		0		101		0		
0		101		101		0		101		0		101		101		101		101		101		0		0		101		0		101		0		0		0		0		0		0		0		101		101		0		0		0		0		101		0		101		101		101		0		0		0		101		101		0		0		0		101		101		101		101		0		101		101		101		0		101		0		101		0		101		101		0		101		101		101		0		0		101		0		101		0		0		0		101		0		101		0		101		101		101		0		0		101		0		101		0		101		101		0		101		0		0		101		0		0		0		101		0		0		0		101		101		0		0		
0		0		0		0		101		101		101		101		0		0		0		101		0		101		101		101		101		0		0		0		101		101		0		101		101		0		0		0		101		0		0		0		0		101		0		0		0		0		0		0		0		101		0		101		0		0		0		0		101		0		0		0		101		0		101		101		101		101		101		101		0		0		101		0		0		101		0		101		101		0		101		101		0		101		101		0		0		0		0		101		101		0		101		101		0		0		0		101		0		101		0		0		101		0		101		101		0		101		0		0		
101		101		101		101		101		0		101		0		101		0		0		0		101		101		0		0		0		101		0		101		0		0		101		101		101		0		0		101		0		101		101		101		0		101		101		0		0		101		101		0		0		101		101		0		0		0		0		0		101		0		101		101		0		101		0		101		101		101		101		0		101		101		101		101		0		101		101		0		101		0		0		0		0		101		101		0		0		101		101		101		0		0		101		101		0		0		0		0		0		0		0		0		0		101		101		0		101		0		0		101		
0		101		101		101		101		0		0		101		101		101		0		0		0		101		101		0		0		101		101		0		101		0		101		101		101		0		0		0		0		101		101		101		101		101		101		101		0		0		101		0		0		101		0		0		0		0		0		101		101		0		0		101		101		101		0		0		0		101		0		0		101		101		101		0		0		101		0		0		101		0		0		0		0		101		101		101		0		101		0		101		101		101		0		0		0		101		101		101		101		101		0		101		101		0		0		0		0		101		101		101		
0		0		0		0		0		101		0		101		0		0		101		0		0		0		101		0		101		0		0		0		101		101		101		0		101		101		0		101		101		101		101		0		0		0		0		101		0		101		101		101		101		0		101		101		101		101		0		101		101		101		101		0		101		0		0		0		101		0		0		101		101		101		101		0		101		0		101		101		101		0		0		101		101		0		101		101		101		0		0		101		0		101		101		0		0		0		101		101		0		101		101		101		0		0		0		0		101		101		0		0		
101		101		101		0		0		101		101		101		101		101		0		101		0		101		101		0		101		0		0		101		0		0		101		101		0		101		101		101		101		101		101		101		101		101		0		0		0		0		0		101		101		101		101		101		101		101		101		0		0		101		0		0		101		0		0		101		101		0		101		0		101		0		0		101		101		101		101		101		101		0		0		101		0		101		0		101		101		101		0		101		101		101		101		0		0		0		0		0		0		101		101		0		0		0		0		101		101		101		101		0		
0		0		0		0		101		0		101		0		0		0		0		101		0		101		101		0		0		101		101		0		0		101		0		101		0		0		0		0		0		101		101		0		101		0		0		0		0		101		0		101		0		0		101		0		101		0		101		101		101		101		0		0		0		101		101		101		0		101		0		0		0		0		101		101		101		101		101		101		0		101		0		0		0		0		0		0		101		101		101		0		0		0		101		0		101		101		0		0		101		0		101		0		0		101		0		0		101		101		0		0		
0		101		0		0		0		0		0		101		0		101		101		0		0		101		101		0		0		0		101		101		0		101		0		0		101		101		101		101		101		0		101		0		101		0		101		101		0		101		101		0		101		0		101		0		0		0		0		0		101		0		101		0		0		101		0		101		0		0		101		101		101		101		0		101		101		101		0		101		0		0		0		101		101		0		0		101		101		0		0		0		0		101		0		101		0		0		101		0		0		0		101		101		0		0		101		0		101		101		0		101		
0		101		101		101		101		0		0		0		0		101		0		101		0		101		101		101		101		101		101		0		101		101		0		101		101		101		0		0		0		101		101		101		101		0		101		0		0		101		101		0		0		0		0		101		0		0		101		101		101		101		101		101		101		0		101		0		0		0		0		0		101		0		101		101		101		0		101		0		101		0		101		101		0		0		0		0		101		101		0		101		0		0		0		101		101		0		101		0		0		0		0		101		0		0		0		101		0		0		101		0		
0		0		0		0		0		101		0		101		0		0		101		101		0		0		101		0		101		0		0		101		101		101		101		101		0		101		0		101		0		101		101		101		0		0		101		101		0		101		101		0		0		101		0		0		101		101		101		0		101		101		0		0		101		0		101		0		0		0		0		101		0		0		101		101		101		101		0		101		0		0		101		101		0		101		101		0		0		0		101		0		101		101		101		0		101		0		101		101		101		101		0		0		0		0		101		0		0		0		101		101		
0		101		0		101		0		0		0		0		0		101		101		101		0		101		0		0		0		0		0		0		0		101		101		101		101		0		0		0		0		0		0		101		0		0		0		101		101		0		0		0		101		101		101		0		0		101		101		0		101		0		0		0		0		101		0		0		0		101		0		101		101		101		101		101		0		0		101		0		101		101		0		101		101		0		101		101		0		101		0		0		101		101		0		0		101		0		0		101		0		0		0		0		101		101		0		101		101		101		0		101		
0		0		0		0		101		0		0		101		0		0		0		0		0		0		101		0		101		0		101		101		0		0		101		0		101		0		101		101		101		0		101		101		101		0		101		101		0		101		101		101		101		0		0		101		101		0		101		101		101		101		0		101		0		101		101		0		101		101		101		0		0		0		0		0		101		0		0		0		101		101		101		101		101		0		101		0		0		0		101		0		0		0		0		0		101		101		0		101		0		0		101		0		101		101		0		0		0		0		0		101		
0		0		101		101		101		0		0		101		101		0		101		0		101		101		101		101		0		0		101		101		101		0		0		101		0		101		101		0		101		101		0		0		101		101		101		0		101		0		0		101		0		101		0		101		101		0		0		101		0		101		101		101		0		0		0		0		101		101		0		101		0		0		0		0		0		0		101		101		0		101		101		101		0		101		0		0		0		101		0		101		0		0		0		101		0		0		0		101		101		101		101		101		0		0		0		0		101		0		0		0		
101		0		0		0		0		0		0		0		0		0		101		0		101		0		0		0		101		101		0		0		101		101		0		101		0		0		0		0		0		0		0		0		0		101		101		101		0		101		0		0		0		101		101		0		101		101		0		0		101		0		101		0		101		0		101		101		0		0		101		101		0		0		101		101		0		101		101		101		101		101		101		101		101		0		0		0		101		101		0		0		0		0		0		101		0		0		101		0		101		0		0		0		0		101		101		101		101		0		0		0		
0		101		0		101		101		101		0		101		101		0		0		0		101		0		0		101		0		101		101		0		101		101		101		0		101		0		0		101		0		0		101		101		0		101		101		0		101		0		0		101		101		101		0		101		0		0		0		0		0		101		0		101		101		101		0		0		101		0		0		0		0		0		101		0		0		101		0		0		101		101		0		101		101		0		0		0		0		0		101		101		101		0		0		0		0		0		0		101		101		101		0		101		0		101		0		0		101		101		0		0		
101		101		101		101		101		101		101		0		0		101		0		0		101		0		101		101		101		0		0		101		101		101		101		0		0		101		0		0		0		0		101		0		0		0		101		101		101		101		0		0		101		0		0		0		101		0		101		0		101		0		101		101		101		0		101		0		101		0		101		101		101		101		0		101		0		0		0		101		0		0		101		0		0		101		101		101		101		101		0		0		101		0		101		101		0		0		0		0		0		0		0		101		101		0		101		101		0		0		0		0		
0		101		101		0		0		101		101		101		101		101		101		101		0		101		101		0		0		101		0		101		101		101		0		0		101		0		101		101		101		101		0		101		101		101		0		0		0		0		0		101		0		101		101		0		101		0		101		101		0		101		101		101		101		101		0		101		101		0		101		101		101		101		101		0		0		0		0		101		101		101		0		0		0		101		101		101		101		101		101		0		101		101		101		0		101		0		0		0		101		101		0		0		0		101		0		101		0		101		0		101		
0		101		101		0		101		0		0		101		101		0		101		101		0		0		0		0		101		0		101		0		0		0		0		101		0		0		101		101		0		101		0		101		101		101		0		101		0		0		101		101		101		101		0		101		0		101		101		101		101		0		0		101		101		0		0		0		101		0		101		0		0		101		101		101		0		101		0		0		101		0		0		0		0		101		101		101		0		101		101		0		101		101		101		0		101		101		101		0		0		0		0		101		0		101		101		101		0		0		101		0		
0		0		101		101		0		0		101		101		0		101		101		101		101		0		101		0		0		0		0		0		0		0		0		101		0		101		0		0		101		0		0		0		101		0		0		101		101		101		101		0		101		0		101		101		101		101		101		0		101		101		0		0		101		0		101		0		0		0		0		0		0		0		101		101		101		101		101		0		0		0		0		101		0		101		101		0		101		101		0		101		101		101		101		0		101		0		101		0		0		0		0		0		0		0		0		101		0		0		0		0		
101		101		0		101		101		101		101		101		101		101		0		0		0		101		101		101		0		101		101		0		0		0		101		0		0		0		0		101		0		101		0		101		0		101		0		101		0		0		101		101		0		101		0		101		101		0		101		0		101		0		0		0		101		101		101		101		0		101		0		0		101		101		0		101		101		0		101		0		101		0		101		101		0		101		101		101		101		101		101		101		0		101		0		0		0		101		0		101		101		101		0		0		0		101		101		0		0		0		101		0		
101		0		101		101		101		101		101		101		0		101		0		0		101		101		101		0		0		101		0		0		101		0		0		101		0		101		0		0		101		101		0		101		0		0		101		0		101		0		0		0		0		101		0		0		0		101		0		101		0		101		101		0		101		0		101		0		101		101		101		0		101		0		0		0		101		0		0		101		0		101		0		0		101		0		101		101		0		101		101		0		101		101		0		101		101		101		101		0		0		101		101		0		0		101		0		0		101		0		101		0		
101		0		101		101		0		0		0		0		0		101		0		101		101		0		101		101		0		101		0		0		0		101		101		0		101		101		0		0		101		101		101		0		101		101		0		0		0		0		101		0		0		0		0		0		0		0		0		0		0		101		0		0		0		0		0		0		101		101		0		101		101		101		101		101		0		0		101		0		0		0		101		0		101		0		0		0		101		101		0		101		101		0		0		0		0		0		101		0		101		0		0		0		101		101		0		101		101		101		0		0		
0		101		0		101		0		0		101		101		101		0		101		101		101		0		0		101		0		0		0		101		0		101		0		0		0		0		0		0		0		0		0		101		0		0		101		101		101		101		101		101		0		101		0		0		101		0		0		0		0		0		0		0		0		0		101		0		101		0		101		101		0		101		0		101		0		0		0		101		101		0		0		0		101		101		101		101		101		0		101		101		101		0		101		0		101		101		0		0		0		0		0		101		0		101		0		101		101		0		0		0		
0		101		0		0		0		101		0		0		101		101		0		0		0		0		101		101		101		0		101		0		0		101		101		0		0		0		101		101		0		0		0		101		0		101		0		101		101		0		101		0		0		0		0		101		0		0		101		0		101		101		101		101		101		0		101		101		101		101		0		0		0		101		101		101		0		101		0		101		101		0		0		0		0		0		101		101		101		101		101		0		0		101		0		101		0		0		101		101		0		0		0		0		0		0		0		101		0		101		101		0		
0		0		0		101		0		101		0		0		101		0		101		101		101		101		101		0		101		0		0		0		101		0		0		0		101		0		101		101		0		0		0		101		101		0		0		0		0		0		101		101		101		0		101		0		0		0		101		101		0		0		0		0		101		101		0		0		0		0		101		101		101		0		101		101		101		0		0		101		0		0		0		0		0		101		101		101		101		0		0		0		101		0		101		101		0		101		0		101		101		101		101		101		101		101		101		101		101		0		0		0		
101		101		101		0		0		0		101		101		101		0		101		101		101		0		101		101		0		101		0		101		0		101		0		0		101		101		0		101		0		101		0		101		101		101		0		0		0		0		101		0		101		101		0		101		101		101		101		0		0		101		0		101		101		101		0		0		101		101		101		101		101		0		0		0		0		101		101		0		0		0		101		101		0		101		0		0		0		0		101		0		0		101		101		101		0		101		101		0		0		0		101		101		0		0		0		0		101		0		0		0		
0		101		0		101		0		101		101		0		0		0		101		101		101		0		101		101		101		101		0		0		101		101		0		0		0		0		101		0		0		101		101		0		0		101		0		0		0		101		101		0		0		101		0		0		0		101		101		0		101		0		101		0		0		0		0		0		101		101		0		0		0		0		0		0		101		0		101		101		101		101		0		0		0		0		101		101		101		0		101		0		101		0		0		0		101		0		0		101		101		101		101		101		101		0		101		0		0		0		101		101		
101		0		0		101		101		0		101		0		0		101		101		0		0		101		101		101		0		0		101		101		0		0		0		0		101		101		101		0		0		0		101		101		0		101		0		0		0		0		0		101		101		101		101		101		101		101		0		101		0		101		0		0		101		0		101		0		0		101		101		0		0		101		0		0		101		0		0		0		0		101		0		0		0		0		0		101		0		101		101		0		101		0		101		101		0		101		0		101		101		101		101		101		0		101		101		0		101		101		0		0		
101		101		101		0		0		101		101		0		101		101		0		0		101		0		0		101		101		101		101		0		0		101		0		0		0		101		101		101		101		0		0		101		0		0		101		0		101		101		0		0		0		0		0		101		101		0		0		101		0		0		0		101		0		0		101		0		101		0		0		0		0		101		101		0		0		101		101		101		0		0		0		101		0		0		0		101		101		0		101		101		0		101		0		101		0		0		101		0		101		0		101		101		101		101		101		0		0		0		101		0		
101		101		101		101		101		101		0		0		0		0		0		101		101		0		0		0		101		0		0		101		0		0		101		0		0		0		101		0		101		0		0		101		101		0		101		101		0		0		101		0		0		0		0		0		0		101		101		101		101		101		0		101		0		101		0		0		0		101		0		101		0		101		101		0		0		0		0		101		101		101		101		0		101		0		0		0		0		101		0		0		0		101		101		0		101		101		0		101		0		0		0		101		0		0		0		0		0		101		101		101		
101		0		0		101		101		101		101		0		101		0		0		0		0		101		0		101		0		0		0		0		0		101		0		101		0		0		101		101		0		0		0		0		101		101		101		101		101		0		0		101		0		0		0		0		0		101		101		0		101		101		0		101		0		101		0		101		101		0		101		0		0		101		0		0		101		0		0		101		0		0		101		101		101		0		101		0		0		101		0		101		0		0		101		0		101		101		101		0		101		101		0		101		0		101		101		101		0		101		101		0		
101		0		101		101		101		0		101		101		0		101		101		0		0		101		101		0		101		0		0		101		101		101		101		0		0		0		101		101		0		0		101		101		0		101		101		0		101		101		101		0		0		0		0		101		101		0		0		101		0		0		0		101		101		0		0		101		101		0		0		101		0		101		101		101		0		0		0		101		0		0		101		0		101		0		101		0		0		101		101		0		0		0		101		0		101		101		0		0		101		101		101		101		101		101		0		0		0		101		101		0		
101		0		101		101		0		0		101		101		101		0		0		0		0		0		0		101		101		0		101		101		0		101		101		101		101		0		101		101		101		101		101		101		101		0		0		101		101		0		101		0		101		0		101		0		101		0		101		0		0		0		0		0		0		101		101		101		0		0		0		0		0		0		101		101		101		101		0		0		0		101		101		0		0		0		0		0		0		0		101		0		0		0		101		101		101		101		101		0		0		101		101		101		0		101		0		101		0		0		101		0		
0		101		0		0		0		0		0		101		101		0		101		101		0		101		0		101		101		101		101		0		101		0		0		0		101		101		101		0		0		0		0		0		101		101		101		0		101		101		101		0		101		101		0		0		101		101		101		101		101		101		0		101		0		0		0		101		101		0		0		0		0		101		101		0		0		101		101		0		0		0		101		0		101		101		0		101		0		0		0		0		101		0		101		101		101		101		101		101		101		101		101		101		101		0		0		0		0		0		0		0		
0		101		101		0		101		101		101		101		0		101		101		0		101		101		101		0		0		101		101		101		0		101		101		0		101		101		0		0		101		0		101		0		101		0		101		0		101		0		101		101		101		101		101		0		0		0		0		0		101		0		0		101		101		0		0		0		0		0		101		101		0		101		0		0		0		0		0		0		101		101		0		0		0		101		0		0		0		0		0		101		0		0		101		0		101		0		101		0		0		101		0		101		101		101		101		0		101		101		101		0		
0		101		101		0		0		101		101		0		101		0		101		101		101		0		0		0		101		0		101		0		0		0		0		101		101		101		101		101		0		101		101		0		101		0		101		0		0		0		101		0		101		101		0		101		0		0		0		0		0		101		101		0		101		0		101		101		0		101		0		0		101		0		0		0		101		0		0		0		101		101		0		101		101		0		101		101		0		101		101		101		101		0		101		0		0		101		101		0		101		101		101		0		101		101		0		101		0		101		101		101		
101		0		101		101		101		101		101		101		0		0		0		101		0		101		0		0		0		0		101		0		0		101		0		101		101		0		0		101		101		101		101		101		101		101		0		0		0		101		101		101		0		101		101		101		101		101		101		101		101		101		0		0		0		0		101		0		101		0		0		101		101		0		0		0		0		101		0		101		0		0		0		101		0		101		0		101		0		101		0		0		0		0		101		0		101		101		101		0		101		0		0		0		101		0		101		101		101		0		0		0		
0		0		101		101		101		0		0		0		101		101		101		0		0		101		101		101		0		0		101		101		101		0		101		0		101		101		0		0		101		101		101		0		0		101		0		0		0		0		0		101		101		0		101		101		101		101		0		0		0		0		101		101		0		0		101		101		0		101		0		101		0		0		0		101		0		0		101		0		101		0		0		101		0		101		101		101		101		0		0		101		101		101		101		0		0		0		0		0		101		0		101		0		0		101		101		101		0		0		0		0		
0		101		0		101		0		101		0		101		101		101		0		101		0		101		0		101		101		0		0		101		101		101		0		0		101		101		101		0		0		0		0		101		101		101		0		0		101		0		101		101		0		101		101		0		101		101		0		0		101		101		0		101		0		101		0		0		0		101		101		0		101		0		101		101		101		101		0		0		101		0		101		101		101		0		0		0		0		0		101		101		101		0		101		101		0		101		0		0		0		0		0		0		101		0		101		0		101		101		0		0		
101		101		0		101		101		0		0		101		101		101		101		101		101		101		101		0		0		0		0		0		101		0		101		0		0		101		0		101		0		101		0		101		101		0		101		0		0		101		0		0		101		0		0		101		101		0		101		101		0		0		101		101		0		101		0		101		0		0		101		101		0		101		101		101		101		101		0		0		101		0		0		0		101		0		101		0		0		0		0		101		0		101		0		0		0		101		0		101		101		101		0		0		101		101		0		0		101		101		0		101		
0		101		0		0		101		0		101		101		0		101		101		101		0		0		0		0		101		101		101		101		101		101		0		0		101		0		0		0		0		101		0		0		101		101		0		101		0		101		0		101		0		0		101		0		0		101		101		0		0		101		101		0		101		0		101		0		0		101		0		0		0		101		0		101		0		0		101		101		0		0		0		0		0		0		0		101		0		101		101		0		0		101		0		0		101		0		101		101		101		101		101		0		101		101		0		0		0		0		101		0		
101		0		0		0		101		101		101		0		101		101		0		101		101		101		0		0		101		101		101		0		101		101		0		101		101		101		0		101		0		0		0		0		0		101		0		101		101		0		101		101		0		101		0		0		101		0		0		0		101		101		0		101		101		101		0		0		0		0		0		0		101		101		0		0		0		101		0		101		101		101		0		0		0		0		101		0		0		0		0		0		0		0		0		0		101		0		0		101		0		0		0		0		0		101		0		0		0		101		0		101		
NDC Pairs
< 1		4 >
< 1		5 >
< 1		6 >
< 1		10 >
< 1		12 >
< 1		13 >
< 1		14 >
< 1		15 >
< 1		18 >
< 1		19 >
< 1		21 >
< 1		24 >
< 1		25 >
< 1		26 >
< 1		28 >
< 1		30 >
< 1		31 >
< 1		34 >
< 1		37 >
< 1		38 >
< 1		40 >
< 1		41 >
< 1		45 >
< 1		46 >
< 1		48 >
< 1		49 >
< 1		50 >
< 1		53 >
< 1		57 >
< 1		61 >
< 1		64 >
< 1		72 >
< 1		74 >
< 1		78 >
< 1		79 >
< 1		80 >
< 1		84 >
< 1		86 >
< 1		87 >
< 1		88 >
< 1		89 >
< 1		90 >
< 1		91 >
< 1		95 >
< 1		98 >
< 1		100 >
< 2		3 >
< 2		4 >
< 2		5 >
< 2		6 >
< 2		7 >
< 2		8 >
< 2		10 >
< 2		14 >
< 2		18 >
< 2		19 >
< 2		20 >
< 2		21 >
< 2		24 >
< 2		25 >
< 2		29 >
< 2		31 >
< 2		32 >
< 2		36 >
< 2		39 >
< 2		40 >
< 2		41 >
< 2		42 >
< 2		43 >
< 2		44 >
< 2		49 >
< 2		50 >
< 2		51 >
< 2		52 >
< 2		53 >
< 2		55 >
< 2		57 >
< 2		58 >
< 2		59 >
< 2		61 >
< 2		62 >
< 2		64 >
< 2		66 >
< 2		67 >
< 2		69 >
< 2		73 >
< 2		74 >
< 2		75 >
< 2		76 >
< 2		78 >
< 2		81 >
< 2		82 >
< 2		84 >
< 2		85 >
< 2		87 >
< 2		88 >
< 2		92 >
< 2		93 >
< 2		94 >
< 2		97 >
< 2		98 >
< 2		99 >
< 3		5 >
< 3		7 >
< 3		8 >
< 3		9 >
< 3		10 >
< 3		12 >
< 3		13 >
< 3		14 >
< 3		15 >
< 3		16 >
< 3		17 >
< 3		18 >
< 3		19 >
< 3		20 >
< 3		21 >
< 3		23 >
< 3		24 >
< 3		27 >
< 3		28 >
< 3		29 >
< 3		33 >
< 3		34 >
< 3		35 >
< 3		36 >
< 3		39 >
< 3		40 >
< 3		41 >
< 3		43 >
< 3		46 >
< 3		47 >
< 3		48 >
< 3		52 >
< 3		55 >
< 3		56 >
< 3		57 >
< 3		59 >
< 3		61 >
< 3		62 >
< 3		64 >
< 3		67 >
< 3		71 >
< 3		74 >
< 3		75 >
< 3		76 >
< 3		77 >
< 3		79 >
< 3		80 >
< 3		84 >
< 3		87 >
< 3		88 >
< 3		90 >
< 3		91 >
< 3		93 >
< 3		94 >
< 3		95 >
< 3		96 >
< 4		5 >
< 4		8 >
< 4		9 >
< 4		10 >
< 4		11 >
< 4		12 >
< 4		13 >
< 4		16 >
< 4		20 >
< 4		21 >
< 4		22 >
< 4		23 >
< 4		26 >
< 4		28 >
< 4		30 >
< 4		32 >
< 4		37 >
< 4		39 >
< 4		40 >
< 4		41 >
< 4		42 >
< 4		49 >
< 4		54 >
< 4		55 >
< 4		56 >
< 4		58 >
< 4		61 >
< 4		62 >
< 4		67 >
< 4		69 >
< 4		71 >
< 4		73 >
< 4		74 >
< 4		77 >
< 4		78 >
< 4		79 >
< 4		80 >
< 4		81 >
< 4		83 >
< 4		85 >
< 4		86 >
< 4		88 >
< 4		89 >
< 4		90 >
< 4		91 >
< 4		95 >
< 4		96 >
< 4		97 >
< 4		98 >
< 5		8 >
< 5		11 >
< 5		14 >
< 5		15 >
< 5		17 >
< 5		18 >
< 5		19 >
< 5		21 >
< 5		22 >
< 5		24 >
< 5		27 >
< 5		29 >
< 5		31 >
< 5		32 >
< 5		35 >
< 5		36 >
< 5		38 >
< 5		40 >
< 5		41 >
< 5		44 >
< 5		45 >
< 5		47 >
< 5		49 >
< 5		50 >
< 5		52 >
< 5		53 >
< 5		55 >
< 5		58 >
< 5		59 >
< 5		60 >
< 5		61 >
< 5		62 >
< 5		65 >
< 5		67 >
< 5		70 >
< 5		71 >
< 5		73 >
< 5		74 >
< 5		76 >
< 5		78 >
< 5		79 >
< 5		86 >
< 5		88 >
< 5		89 >
< 5		90 >
< 5		93 >
< 5		95 >
< 5		96 >
< 5		98 >
< 5		99 >
< 5		100 >
< 6		7 >
< 6		9 >
< 6		11 >
< 6		12 >
< 6		13 >
< 6		16 >
< 6		17 >
< 6		18 >
< 6		20 >
< 6		22 >
< 6		25 >
< 6		27 >
< 6		29 >
< 6		30 >
< 6		33 >
< 6		35 >
< 6		38 >
< 6		39 >
< 6		41 >
< 6		42 >
< 6		43 >
< 6		47 >
< 6		48 >
< 6		49 >
< 6		50 >
< 6		53 >
< 6		54 >
< 6		55 >
< 6		56 >
< 6		60 >
< 6		63 >
< 6		64 >
< 6		68 >
< 6		73 >
< 6		74 >
< 6		75 >
< 6		78 >
< 6		79 >
< 6		82 >
< 6		83 >
< 6		85 >
< 6		87 >
< 6		88 >
< 6		89 >
< 6		93 >
< 6		94 >
< 6		95 >
< 6		97 >
< 6		100 >
< 7		8 >
< 7		9 >
< 7		12 >
< 7		16 >
< 7		17 >
< 7		19 >
< 7		20 >
< 7		22 >
< 7		23 >
< 7		24 >
< 7		27 >
< 7		28 >
< 7		29 >
< 7		30 >
< 7		31 >
< 7		33 >
< 7		34 >
< 7		35 >
< 7		40 >
< 7		43 >
< 7		45 >
< 7		47 >
< 7		51 >
< 7		53 >
< 7		55 >
< 7		58 >
< 7		59 >
< 7		60 >
< 7		61 >
< 7		64 >
< 7		65 >
< 7		74 >
< 7		75 >
< 7		77 >
< 7		78 >
< 7		79 >
< 7		81 >
< 7		84 >
< 7		85 >
< 7		86 >
< 7		87 >
< 7		89 >
< 7		90 >
< 7		91 >
< 7		93 >
< 7		94 >
< 7		95 >
< 7		99 >
< 7		100 >
< 8		9 >
< 8		11 >
< 8		15 >
< 8		17 >
< 8		19 >
< 8		22 >
< 8		23 >
< 8		25 >
< 8		28 >
< 8		29 >
< 8		31 >
< 8		36 >
< 8		37 >
< 8		40 >
< 8		41 >
< 8		42 >
< 8		43 >
< 8		45 >
< 8		47 >
< 8		50 >
< 8		53 >
< 8		54 >
< 8		55 >
< 8		58 >
< 8		59 >
< 8		60 >
< 8		62 >
< 8		63 >
< 8		64 >
< 8		66 >
< 8		68 >
< 8		70 >
< 8		71 >
< 8		73 >
< 8		75 >
< 8		76 >
< 8		77 >
< 8		78 >
< 8		79 >
< 8		81 >
< 8		84 >
< 8		90 >
< 8		91 >
< 8		92 >
< 8		93 >
< 8		95 >
< 8		97 >
< 8		98 >
< 8		99 >
< 9		10 >
< 9		12 >
< 9		15 >
< 9		17 >
< 9		18 >
< 9		19 >
< 9		21 >
< 9		24 >
< 9		26 >
< 9		28 >
< 9		29 >
< 9		31 >
< 9		32 >
< 9		34 >
< 9		35 >
< 9		43 >
< 9		44 >
< 9		47 >
< 9		52 >
< 9		53 >
< 9		59 >
< 9		61 >
< 9		62 >
< 9		64 >
< 9		71 >
< 9		73 >
< 9		75 >
< 9		76 >
< 9		78 >
< 9		81 >
< 9		82 >
< 9		83 >
< 9		84 >
< 9		87 >
< 9		89 >
< 9		91 >
< 9		92 >
< 9		94 >
< 9		96 >
< 9		97 >
< 9		98 >
< 9		100 >
< 10		11 >
< 10		12 >
< 10		13 >
< 10		14 >
< 10		17 >
< 10		18 >
< 10		21 >
< 10		23 >
< 10		24 >
< 10		28 >
< 10		30 >
< 10		31 >
< 10		34 >
< 10		35 >
< 10		36 >
< 10		40 >
< 10		44 >
< 10		45 >
< 10		46 >
< 10		47 >
< 10		48 >
< 10		49 >
< 10		51 >
< 10		53 >
< 10		55 >
< 10		58 >
< 10		59 >
< 10		62 >
< 10		64 >
< 10		66 >
< 10		67 >
< 10		69 >
< 10		74 >
< 10		75 >
< 10		77 >
< 10		78 >
< 10		79 >
< 10		80 >
< 10		82 >
< 10		86 >
< 10		87 >
< 10		90 >
< 10		93 >
< 10		96 >
< 10		97 >
< 10		98 >
< 10		99 >
< 10		100 >
< 11		12 >
< 11		16 >
< 11		18 >
< 11		20 >
< 11		23 >
< 11		24 >
< 11		27 >
< 11		29 >
< 11		31 >
< 11		35 >
< 11		37 >
< 11		38 >
< 11		40 >
< 11		42 >
< 11		43 >
< 11		44 >
< 11		45 >
< 11		46 >
< 11		47 >
< 11		48 >
< 11		50 >
< 11		51 >
< 11		52 >
< 11		54 >
< 11		55 >
< 11		57 >
< 11		58 >
< 11		59 >
< 11		63 >
< 11		66 >
< 11		68 >
< 11		69 >
< 11		71 >
< 11		72 >
< 11		75 >
< 11		76 >
< 11		77 >
< 11		81 >
< 11		83 >
< 11		84 >
< 11		85 >
< 11		86 >
< 11		90 >
< 11		92 >
< 11		93 >
< 11		94 >
< 11		96 >
< 11		98 >
< 11		99 >
< 12		13 >
< 12		17 >
< 12		22 >
< 12		23 >
< 12		25 >
< 12		30 >
< 12		32 >
< 12		33 >
< 12		36 >
< 12		38 >
< 12		39 >
< 12		43 >
< 12		44 >
< 12		45 >
< 12		47 >
< 12		48 >
< 12		51 >
< 12		53 >
< 12		57 >
< 12		60 >
< 12		64 >
< 12		65 >
< 12		67 >
< 12		68 >
< 12		69 >
< 12		75 >
< 12		76 >
< 12		77 >
< 12		80 >
< 12		81 >
< 12		83 >
< 12		84 >
< 12		85 >
< 12		88 >
< 12		92 >
< 12		94 >
< 12		95 >
< 12		97 >
< 12		98 >
< 12		99 >
< 12		100 >
< 13		16 >
< 13		18 >
< 13		20 >
< 13		23 >
< 13		24 >
< 13		25 >
< 13		26 >
< 13		27 >
< 13		32 >
< 13		33 >
< 13		34 >
< 13		35 >
< 13		37 >
< 13		39 >
< 13		40 >
< 13		42 >
< 13		45 >
< 13		50 >
< 13		53 >
< 13		54 >
< 13		61 >
< 13		71 >
< 13		72 >
< 13		73 >
< 13		74 >
< 13		77 >
< 13		79 >
< 13		80 >
< 13		81 >
< 13		83 >
< 13		84 >
< 13		85 >
< 13		87 >
< 13		88 >
< 13		93 >
< 13		94 >
< 13		98 >
< 13		100 >
< 14		15 >
< 14		18 >
< 14		19 >
< 14		22 >
< 14		23 >
< 14		24 >
< 14		25 >
< 14		26 >
< 14		28 >
< 14		31 >
< 14		34 >
< 14		35 >
< 14		36 >
< 14		38 >
< 14		39 >
< 14		42 >
< 14		43 >
< 14		44 >
< 14		45 >
< 14		46 >
< 14		47 >
< 14		48 >
< 14		50 >
< 14		55 >
< 14		56 >
< 14		58 >
< 14		59 >
< 14		60 >
< 14		61 >
< 14		62 >
< 14		64 >
< 14		65 >
< 14		66 >
< 14		67 >
< 14		69 >
< 14		71 >
< 14		75 >
< 14		78 >
< 14		79 >
< 14		83 >
< 14		86 >
< 14		89 >
< 14		90 >
< 14		92 >
< 14		93 >
< 14		95 >
< 14		96 >
< 14		97 >
< 14		98 >
< 14		100 >
< 15		18 >
< 15		21 >
< 15		26 >
< 15		27 >
< 15		29 >
< 15		34 >
< 15		37 >
< 15		38 >
< 15		40 >
< 15		41 >
< 15		47 >
< 15		49 >
< 15		51 >
< 15		52 >
< 15		53 >
< 15		57 >
< 15		60 >
< 15		62 >
< 15		63 >
< 15		64 >
< 15		65 >
< 15		66 >
< 15		67 >
< 15		68 >
< 15		70 >
< 15		71 >
< 15		74 >
< 15		75 >
< 15		77 >
< 15		78 >
< 15		79 >
< 15		80 >
< 15		82 >
< 15		83 >
< 15		84 >
< 15		85 >
< 15		86 >
< 15		90 >
< 15		93 >
< 15		96 >
< 15		98 >
< 16		18 >
< 16		24 >
< 16		25 >
< 16		28 >
< 16		29 >
< 16		30 >
< 16		31 >
< 16		32 >
< 16		33 >
< 16		34 >
< 16		35 >
< 16		36 >
< 16		37 >
< 16		39 >
< 16		40 >
< 16		41 >
< 16		44 >
< 16		46 >
< 16		47 >
< 16		48 >
< 16		53 >
< 16		56 >
< 16		59 >
< 16		60 >
< 16		67 >
< 16		71 >
< 16		73 >
< 16		74 >
< 16		78 >
< 16		80 >
< 16		81 >
< 16		82 >
< 16		84 >
< 16		85 >
< 16		86 >
< 16		87 >
< 16		89 >
< 16		91 >
< 16		92 >
< 16		96 >
< 16		97 >
< 17		18 >
< 17		19 >
< 17		20 >
< 17		21 >
< 17		23 >
< 17		26 >
< 17		27 >
< 17		29 >
< 17		31 >
< 17		32 >
< 17		33 >
< 17		34 >
< 17		41 >
< 17		42 >
< 17		44 >
< 17		45 >
< 17		46 >
< 17		48 >
< 17		50 >
< 17		51 >
< 17		52 >
< 17		53 >
< 17		55 >
< 17		56 >
< 17		57 >
< 17		60 >
< 17		63 >
< 17		64 >
< 17		67 >
< 17		68 >
< 17		70 >
< 17		72 >
< 17		74 >
< 17		76 >
< 17		82 >
< 17		83 >
< 17		85 >
< 17		87 >
< 17		88 >
< 17		90 >
< 17		91 >
< 17		92 >
< 17		94 >
< 17		97 >
< 17		99 >
< 17		100 >
< 18		24 >
< 18		25 >
< 18		26 >
< 18		27 >
< 18		28 >
< 18		29 >
< 18		30 >
< 18		31 >
< 18		32 >
< 18		33 >
< 18		37 >
< 18		43 >
< 18		44 >
< 18		45 >
< 18		52 >
< 18		53 >
< 18		61 >
< 18		62 >
< 18		65 >
< 18		67 >
< 18		72 >
< 18		73 >
< 18		75 >
< 18		78 >
< 18		79 >
< 18		80 >
< 18		84 >
< 18		85 >
< 18		87 >
< 18		92 >
< 18		93 >
< 18		99 >
< 18		100 >
< 19		20 >
< 19		21 >
< 19		22 >
< 19		24 >
< 19		30 >
< 19		31 >
< 19		32 >
< 19		33 >
< 19		35 >
< 19		36 >
< 19		37 >
< 19		38 >
< 19		39 >
< 19		40 >
< 19		41 >
< 19		43 >
< 19		51 >
< 19		52 >
< 19		54 >
< 19		57 >
< 19		62 >
< 19		65 >
< 19		66 >
< 19		67 >
< 19		70 >
< 19		71 >
< 19		73 >
< 19		76 >
< 19		78 >
< 19		82 >
< 19		86 >
< 19		87 >
< 19		91 >
< 19		92 >
< 19		93 >
< 19		94 >
< 19		95 >
< 19		96 >
< 19		99 >
< 19		100 >
< 20		24 >
< 20		26 >
< 20		29 >
< 20		30 >
< 20		33 >
< 20		34 >
< 20		35 >
< 20		37 >
< 20		38 >
< 20		39 >
< 20		41 >
< 20		42 >
< 20		48 >
< 20		51 >
< 20		52 >
< 20		54 >
< 20		55 >
< 20		56 >
< 20		57 >
< 20		61 >
< 20		64 >
< 20		66 >
< 20		68 >
< 20		70 >
< 20		71 >
< 20		74 >
< 20		75 >
< 20		81 >
< 20		84 >
< 20		86 >
< 20		88 >
< 20		90 >
< 20		91 >
< 20		93 >
< 20		96 >
< 20		97 >
< 20		99 >
< 21		22 >
< 21		26 >
< 21		28 >
< 21		30 >
< 21		32 >
< 21		34 >
< 21		40 >
< 21		41 >
< 21		42 >
< 21		44 >
< 21		45 >
< 21		48 >
< 21		49 >
< 21		50 >
< 21		51 >
< 21		52 >
< 21		53 >
< 21		57 >
< 21		58 >
< 21		60 >
< 21		62 >
< 21		63 >
< 21		67 >
< 21		68 >
< 21		71 >
< 21		72 >
< 21		73 >
< 21		74 >
< 21		75 >
< 21		79 >
< 21		83 >
< 21		85 >
< 21		90 >
< 21		92 >
< 21		96 >
< 21		97 >
< 21		98 >
< 21		99 >
< 21		100 >
< 22		27 >
< 22		28 >
< 22		30 >
< 22		31 >
< 22		33 >
< 22		36 >
< 22		38 >
< 22		43 >
< 22		44 >
< 22		45 >
< 22		46 >
< 22		53 >
< 22		55 >
< 22		56 >
< 22		60 >
< 22		63 >
< 22		65 >
< 22		66 >
< 22		67 >
< 22		68 >
< 22		69 >
< 22		72 >
< 22		73 >
< 22		74 >
< 22		75 >
< 22		80 >
< 22		81 >
< 22		82 >
< 22		84 >
< 22		85 >
< 22		87 >
< 22		89 >
< 22		90 >
< 22		91 >
< 22		93 >
< 22		95 >
< 22		97 >
< 22		99 >
< 22		100 >
< 23		24 >
< 23		25 >
< 23		30 >
< 23		32 >
< 23		36 >
< 23		37 >
< 23		38 >
< 23		39 >
< 23		41 >
< 23		42 >
< 23		43 >
< 23		45 >
< 23		47 >
< 23		48 >
< 23		50 >
< 23		57 >
< 23		61 >
< 23		62 >
< 23		63 >
< 23		64 >
< 23		68 >
< 23		69 >
< 23		70 >
< 23		73 >
< 23		74 >
< 23		78 >
< 23		80 >
< 23		82 >
< 23		88 >
< 23		90 >
< 23		91 >
< 23		93 >
< 23		96 >
< 23		98 >
< 24		26 >
< 24		27 >
< 24		31 >
< 24		37 >
< 24		38 >
< 24		40 >
< 24		44 >
< 24		46 >
< 24		47 >
< 24		53 >
< 24		54 >
< 24		55 >
< 24		59 >
< 24		60 >
< 24		61 >
< 24		62 >
< 24		64 >
< 24		65 >
< 24		67 >
< 24		68 >
< 24		69 >
< 24		71 >
< 24		72 >
< 24		76 >
< 24		77 >
< 24		79 >
< 24		89 >
< 24		91 >
< 24		94 >
< 24		95 >
< 24		100 >
< 25		29 >
< 25		30 >
< 25		33 >
< 25		36 >
< 25		38 >
< 25		39 >
< 25		40 >
< 25		41 >
< 25		44 >
< 25		46 >
< 25		48 >
< 25		49 >
< 25		51 >
< 25		52 >
< 25		55 >
< 25		56 >
< 25		57 >
< 25		59 >
< 25		60 >
< 25		61 >
< 25		62 >
< 25		63 >
< 25		66 >
< 25		67 >
< 25		69 >
< 25		70 >
< 25		73 >
< 25		75 >
< 25		80 >
< 25		83 >
< 25		84 >
< 25		86 >
< 25		91 >
< 25		92 >
< 25		93 >
< 25		94 >
< 25		95 >
< 25		96 >
< 25		97 >
< 25		99 >
< 25		100 >
< 26		27 >
< 26		28 >
< 26		29 >
< 26		31 >
< 26		34 >
< 26		35 >
< 26		36 >
< 26		39 >
< 26		40 >
< 26		42 >
< 26		49 >
< 26		50 >
< 26		51 >
< 26		53 >
< 26		54 >
< 26		55 >
< 26		56 >
< 26		63 >
< 26		64 >
< 26		66 >
< 26		67 >
< 26		68 >
< 26		71 >
< 26		74 >
< 26		77 >
< 26		79 >
< 26		80 >
< 26		84 >
< 26		86 >
< 26		87 >
< 26		92 >
< 26		93 >
< 26		94 >
< 26		96 >
< 26		97 >
< 26		98 >
< 26		100 >
< 27		29 >
< 27		30 >
< 27		31 >
< 27		33 >
< 27		36 >
< 27		37 >
< 27		38 >
< 27		39 >
< 27		40 >
< 27		41 >
< 27		42 >
< 27		43 >
< 27		44 >
< 27		45 >
< 27		46 >
< 27		47 >
< 27		49 >
< 27		55 >
< 27		56 >
< 27		64 >
< 27		66 >
< 27		70 >
< 27		71 >
< 27		75 >
< 27		76 >
< 27		82 >
< 27		83 >
< 27		85 >
< 27		86 >
< 27		87 >
< 27		88 >
< 27		89 >
< 27		90 >
< 27		91 >
< 27		92 >
< 27		94 >
< 27		97 >
< 28		31 >
< 28		32 >
< 28		34 >
< 28		35 >
< 28		36 >
< 28		38 >
< 28		40 >
< 28		43 >
< 28		45 >
< 28		46 >
< 28		47 >
< 28		48 >
< 28		49 >
< 28		50 >
< 28		51 >
< 28		54 >
< 28		55 >
< 28		58 >
< 28		61 >
< 28		63 >
< 28		64 >
< 28		66 >
< 28		68 >
< 28		70 >
< 28		73 >
< 28		75 >
< 28		76 >
< 28		78 >
< 28		82 >
< 28		83 >
< 28		84 >
< 28		87 >
< 28		89 >
< 28		90 >
< 28		91 >
< 28		94 >
< 28		95 >
< 28		98 >
< 28		100 >
< 29		30 >
< 29		35 >
< 29		37 >
< 29		38 >
< 29		44 >
< 29		45 >
< 29		46 >
< 29		47 >
< 29		49 >
< 29		50 >
< 29		53 >
< 29		55 >
< 29		58 >
< 29		60 >
< 29		63 >
< 29		64 >
< 29		66 >
< 29		70 >
< 29		71 >
< 29		75 >
< 29		77 >
< 29		79 >
< 29		80 >
< 29		87 >
< 29		88 >
< 29		91 >
< 29		93 >
< 29		95 >
< 29		96 >
< 30		31 >
< 30		34 >
< 30		35 >
< 30		37 >
< 30		38 >
< 30		39 >
< 30		40 >
< 30		48 >
< 30		49 >
< 30		57 >
< 30		59 >
< 30		61 >
< 30		62 >
< 30		63 >
< 30		64 >
< 30		65 >
< 30		67 >
< 30		68 >
< 30		71 >
< 30		75 >
< 30		76 >
< 30		78 >
< 30		79 >
< 30		80 >
< 30		84 >
< 30		85 >
< 30		91 >
< 30		94 >
< 30		95 >
< 30		96 >
< 30		98 >
< 30		99 >
< 31		32 >
< 31		34 >
< 31		35 >
< 31		36 >
< 31		38 >
< 31		39 >
< 31		40 >
< 31		47 >
< 31		48 >
< 31		50 >
< 31		51 >
< 31		52 >
< 31		53 >
< 31		54 >
< 31		55 >
< 31		56 >
< 31		58 >
< 31		61 >
< 31		62 >
< 31		63 >
< 31		64 >
< 31		65 >
< 31		66 >
< 31		67 >
< 31		68 >
< 31		70 >
< 31		73 >
< 31		74 >
< 31		80 >
< 31		85 >
< 31		86 >
< 31		90 >
< 31		91 >
< 31		93 >
< 31		94 >
< 31		95 >
< 31		96 >
< 32		35 >
< 32		38 >
< 32		39 >
< 32		42 >
< 32		46 >
< 32		48 >
< 32		50 >
< 32		51 >
< 32		54 >
< 32		57 >
< 32		58 >
< 32		59 >
< 32		61 >
< 32		62 >
< 32		64 >
< 32		67 >
< 32		68 >
< 32		69 >
< 32		70 >
< 32		73 >
< 32		75 >
< 32		76 >
< 32		78 >
< 32		79 >
< 32		81 >
< 32		82 >
< 32		83 >
< 32		84 >
< 32		86 >
< 32		87 >
< 32		88 >
< 32		90 >
< 32		91 >
< 32		95 >
< 32		97 >
< 32		98 >
< 33		34 >
< 33		35 >
< 33		37 >
< 33		38 >
< 33		39 >
< 33		46 >
< 33		47 >
< 33		51 >
< 33		53 >
< 33		54 >
< 33		55 >
< 33		56 >
< 33		57 >
< 33		58 >
< 33		59 >
< 33		62 >
< 33		64 >
< 33		65 >
< 33		66 >
< 33		67 >
< 33		70 >
< 33		71 >
< 33		75 >
< 33		76 >
< 33		77 >
< 33		80 >
< 33		83 >
< 33		84 >
< 33		88 >
< 33		89 >
< 33		91 >
< 33		92 >
< 33		93 >
< 33		94 >
< 33		95 >
< 33		97 >
< 33		98 >
< 33		99 >
< 34		36 >
< 34		38 >
< 34		40 >
< 34		41 >
< 34		42 >
< 34		43 >
< 34		46 >
< 34		47 >
< 34		48 >
< 34		52 >
< 34		53 >
< 34		54 >
< 34		56 >
< 34		57 >
< 34		59 >
< 34		60 >
< 34		61 >
< 34		62 >
< 34		64 >
< 34		71 >
< 34		72 >
< 34		73 >
< 34		75 >
< 34		76 >
< 34		78 >
< 34		80 >
< 34		82 >
< 34		84 >
< 34		85 >
< 34		86 >
< 34		89 >
< 34		90 >
< 34		92 >
< 34		95 >
< 34		96 >
< 34		97 >
< 34		99 >
< 34		100 >
< 35		36 >
< 35		37 >
< 35		38 >
< 35		40 >
< 35		41 >
< 35		44 >
< 35		46 >
< 35		47 >
< 35		48 >
< 35		51 >
< 35		53 >
< 35		55 >
< 35		56 >
< 35		57 >
< 35		61 >
< 35		62 >
< 35		66 >
< 35		67 >
< 35		68 >
< 35		70 >
< 35		71 >
< 35		72 >
< 35		73 >
< 35		74 >
< 35		79 >
< 35		81 >
< 35		87 >
< 35		88 >
< 35		89 >
< 35		90 >
< 35		92 >
< 35		93 >
< 35		94 >
< 35		98 >
< 36		37 >
< 36		38 >
< 36		40 >
< 36		42 >
< 36		44 >
< 36		45 >
< 36		46 >
< 36		47 >
< 36		50 >
< 36		51 >
< 36		52 >
< 36		55 >
< 36		56 >
< 36		57 >
< 36		58 >
< 36		62 >
< 36		63 >
< 36		66 >
< 36		68 >
< 36		69 >
< 36		70 >
< 36		72 >
< 36		74 >
< 36		76 >
< 36		77 >
< 36		78 >
< 36		81 >
< 36		82 >
< 36		88 >
< 36		89 >
< 36		91 >
< 36		99 >
< 36		100 >
< 37		40 >
< 37		41 >
< 37		43 >
< 37		49 >
< 37		50 >
< 37		51 >
< 37		56 >
< 37		57 >
< 37		69 >
< 37		71 >
< 37		73 >
< 37		74 >
< 37		77 >
< 37		79 >
< 37		81 >
< 37		82 >
< 37		87 >
< 37		89 >
< 37		90 >
< 37		91 >
< 37		92 >
< 37		93 >
< 37		97 >
< 37		100 >
< 38		39 >
< 38		44 >
< 38		47 >
< 38		48 >
< 38		49 >
< 38		52 >
< 38		56 >
< 38		58 >
< 38		59 >
< 38		61 >
< 38		63 >
< 38		65 >
< 38		66 >
< 38		67 >
< 38		68 >
< 38		70 >
< 38		72 >
< 38		74 >
< 38		77 >
< 38		81 >
< 38		85 >
< 38		87 >
< 38		90 >
< 38		92 >
< 38		95 >
< 38		98 >
< 38		99 >
< 39		40 >
< 39		42 >
< 39		43 >
< 39		45 >
< 39		47 >
< 39		49 >
< 39		51 >
< 39		52 >
< 39		54 >
< 39		56 >
< 39		59 >
< 39		61 >
< 39		62 >
< 39		63 >
< 39		66 >
< 39		67 >
< 39		68 >
< 39		70 >
< 39		76 >
< 39		77 >
< 39		78 >
< 39		80 >
< 39		81 >
< 39		82 >
< 39		83 >
< 39		84 >
< 39		85 >
< 39		88 >
< 39		90 >
< 39		91 >
< 39		92 >
< 39		93 >
< 39		94 >
< 39		95 >
< 39		97 >
< 39		100 >
< 40		41 >
< 40		43 >
< 40		47 >
< 40		48 >
< 40		49 >
< 40		50 >
< 40		51 >
< 40		56 >
< 40		63 >
< 40		64 >
< 40		65 >
< 40		70 >
< 40		71 >
< 40		73 >
< 40		75 >
< 40		76 >
< 40		78 >
< 40		81 >
< 40		83 >
< 40		86 >
< 40		89 >
< 40		93 >
< 40		95 >
< 40		96 >
< 40		97 >
< 40		99 >
< 40		100 >
< 41		46 >
< 41		51 >
< 41		52 >
< 41		63 >
< 41		64 >
< 41		66 >
< 41		69 >
< 41		70 >
< 41		73 >
< 41		74 >
< 41		76 >
< 41		77 >
< 41		83 >
< 41		84 >
< 41		86 >
< 41		91 >
< 41		92 >
< 41		93 >
< 41		94 >
< 41		96 >
< 41		98 >
< 42		49 >
< 42		50 >
< 42		51 >
< 42		55 >
< 42		56 >
< 42		57 >
< 42		58 >
< 42		60 >
< 42		61 >
< 42		62 >
< 42		64 >
< 42		68 >
< 42		69 >
< 42		71 >
< 42		72 >
< 42		73 >
< 42		75 >
< 42		76 >
< 42		78 >
< 42		79 >
< 42		81 >
< 42		84 >
< 42		85 >
< 42		86 >
< 42		92 >
< 42		93 >
< 42		94 >
< 42		95 >
< 42		97 >
< 42		100 >
< 43		46 >
< 43		49 >
< 43		51 >
< 43		53 >
< 43		55 >
< 43		56 >
< 43		57 >
< 43		59 >
< 43		61 >
< 43		63 >
< 43		64 >
< 43		65 >
< 43		66 >
< 43		69 >
< 43		72 >
< 43		75 >
< 43		77 >
< 43		83 >
< 43		86 >
< 43		91 >
< 43		93 >
< 43		95 >
< 43		96 >
< 43		97 >
< 43		99 >
< 44		47 >
< 44		49 >
< 44		50 >
< 44		52 >
< 44		56 >
< 44		57 >
< 44		58 >
< 44		59 >
< 44		60 >
< 44		63 >
< 44		64 >
< 44		67 >
< 44		70 >
< 44		71 >
< 44		73 >
< 44		76 >
< 44		77 >
< 44		78 >
< 44		82 >
< 44		84 >
< 44		86 >
< 44		87 >
< 44		90 >
< 44		94 >
< 44		95 >
< 44		96 >
< 44		98 >
< 45		46 >
< 45		47 >
< 45		48 >
< 45		49 >
< 45		50 >
< 45		52 >
< 45		53 >
< 45		54 >
< 45		59 >
< 45		63 >
< 45		64 >
< 45		65 >
< 45		68 >
< 45		70 >
< 45		71 >
< 45		72 >
< 45		74 >
< 45		75 >
< 45		77 >
< 45		78 >
< 45		81 >
< 45		84 >
< 45		86 >
< 45		87 >
< 45		90 >
< 45		91 >
< 45		92 >
< 45		95 >
< 45		96 >
< 45		97 >
< 45		98 >
< 45		100 >
< 46		47 >
< 46		50 >
< 46		51 >
< 46		53 >
< 46		54 >
< 46		55 >
< 46		57 >
< 46		59 >
< 46		63 >
< 46		64 >
< 46		68 >
< 46		69 >
< 46		72 >
< 46		76 >
< 46		77 >
< 46		79 >
< 46		84 >
< 46		85 >
< 46		86 >
< 46		88 >
< 46		89 >
< 46		92 >
< 46		95 >
< 46		96 >
< 46		97 >
< 46		99 >
< 47		53 >
< 47		58 >
< 47		64 >
< 47		65 >
< 47		67 >
< 47		68 >
< 47		69 >
< 47		70 >
< 47		74 >
< 47		75 >
< 47		76 >
< 47		77 >
< 47		78 >
< 47		82 >
< 47		83 >
< 47		84 >
< 47		85 >
< 47		88 >
< 47		89 >
< 47		91 >
< 47		92 >
< 47		95 >
< 47		98 >
< 47		99 >
< 48		50 >
< 48		54 >
< 48		55 >
< 48		56 >
< 48		57 >
< 48		58 >
< 48		59 >
< 48		62 >
< 48		63 >
< 48		65 >
< 48		67 >
< 48		70 >
< 48		71 >
< 48		75 >
< 48		76 >
< 48		79 >
< 48		83 >
< 48		86 >
< 48		87 >
< 48		88 >
< 48		90 >
< 48		92 >
< 48		95 >
< 48		98 >
< 49		50 >
< 49		53 >
< 49		54 >
< 49		57 >
< 49		59 >
< 49		60 >
< 49		61 >
< 49		62 >
< 49		63 >
< 49		65 >
< 49		66 >
< 49		67 >
< 49		68 >
< 49		69 >
< 49		70 >
< 49		72 >
< 49		74 >
< 49		76 >
< 49		77 >
< 49		78 >
< 49		82 >
< 49		85 >
< 49		88 >
< 49		89 >
< 49		92 >
< 49		93 >
< 49		95 >
< 49		97 >
< 49		100 >
< 50		52 >
< 50		58 >
< 50		59 >
< 50		63 >
< 50		64 >
< 50		65 >
< 50		67 >
< 50		68 >
< 50		70 >
< 50		71 >
< 50		73 >
< 50		75 >
< 50		77 >
< 50		79 >
< 50		80 >
< 50		82 >
< 50		84 >
< 50		86 >
< 50		88 >
< 50		89 >
< 50		92 >
< 50		94 >
< 50		95 >
< 50		97 >
< 50		99 >
< 50		100 >
< 51		54 >
< 51		61 >
< 51		63 >
< 51		66 >
< 51		67 >
< 51		71 >
< 51		72 >
< 51		74 >
< 51		75 >
< 51		79 >
< 51		82 >
< 51		85 >
< 51		94 >
< 51		96 >
< 51		98 >
< 51		99 >
< 52		55 >
< 52		56 >
< 52		59 >
< 52		61 >
< 52		62 >
< 52		67 >
< 52		70 >
< 52		71 >
< 52		73 >
< 52		74 >
< 52		75 >
< 52		76 >
< 52		82 >
< 52		84 >
< 52		87 >
< 52		88 >
< 52		89 >
< 52		90 >
< 52		92 >
< 52		93 >
< 52		96 >
< 52		97 >
< 52		98 >
< 52		100 >
< 53		54 >
< 53		55 >
< 53		56 >
< 53		57 >
< 53		58 >
< 53		60 >
< 53		62 >
< 53		63 >
< 53		64 >
< 53		67 >
< 53		68 >
< 53		72 >
< 53		73 >
< 53		74 >
< 53		75 >
< 53		76 >
< 53		77 >
< 53		78 >
< 53		79 >
< 53		82 >
< 53		83 >
< 53		84 >
< 53		86 >
< 53		90 >
< 53		93 >
< 53		94 >
< 53		99 >
< 53		100 >
< 54		55 >
< 54		56 >
< 54		57 >
< 54		59 >
< 54		61 >
< 54		62 >
< 54		65 >
< 54		66 >
< 54		69 >
< 54		70 >
< 54		73 >
< 54		75 >
< 54		78 >
< 54		83 >
< 54		84 >
< 54		88 >
< 54		89 >
< 54		91 >
< 54		97 >
< 54		98 >
< 54		100 >
< 55		57 >
< 55		58 >
< 55		60 >
< 55		65 >
< 55		67 >
< 55		68 >
< 55		70 >
< 55		72 >
< 55		74 >
< 55		77 >
< 55		78 >
< 55		79 >
< 55		81 >
< 55		82 >
< 55		86 >
< 55		87 >
< 55		91 >
< 55		94 >
< 55		95 >
< 55		96 >
< 55		99 >
< 56		57 >
< 56		59 >
< 56		60 >
< 56		61 >
< 56		64 >
< 56		65 >
< 56		66 >
< 56		72 >
< 56		75 >
< 56		78 >
< 56		82 >
< 56		89 >
< 56		90 >
< 56		91 >
< 56		92 >
< 56		94 >
< 56		96 >
< 56		98 >
< 57		58 >
< 57		59 >
< 57		60 >
< 57		61 >
< 57		63 >
< 57		64 >
< 57		70 >
< 57		71 >
< 57		73 >
< 57		74 >
< 57		75 >
< 57		76 >
< 57		79 >
< 57		80 >
< 57		81 >
< 57		82 >
< 57		84 >
< 57		85 >
< 57		87 >
< 57		89 >
< 57		90 >
< 57		92 >
< 57		95 >
< 58		60 >
< 58		61 >
< 58		62 >
< 58		65 >
< 58		69 >
< 58		70 >
< 58		71 >
< 58		78 >
< 58		79 >
< 58		80 >
< 58		82 >
< 58		84 >
< 58		85 >
< 58		86 >
< 58		88 >
< 58		94 >
< 58		96 >
< 58		97 >
< 58		99 >
< 59		60 >
< 59		61 >
< 59		64 >
< 59		66 >
< 59		70 >
< 59		72 >
< 59		74 >
< 59		75 >
< 59		76 >
< 59		79 >
< 59		81 >
< 59		83 >
< 59		84 >
< 59		86 >
< 59		89 >
< 59		93 >
< 59		97 >
< 59		98 >
< 60		63 >
< 60		66 >
< 60		68 >
< 60		69 >
< 60		71 >
< 60		72 >
< 60		74 >
< 60		75 >
< 60		80 >
< 60		81 >
< 60		83 >
< 60		84 >
< 60		88 >
< 60		90 >
< 60		93 >
< 60		95 >
< 60		96 >
< 60		98 >
< 61		62 >
< 61		63 >
< 61		64 >
< 61		66 >
< 61		67 >
< 61		69 >
< 61		74 >
< 61		75 >
< 61		78 >
< 61		79 >
< 61		80 >
< 61		83 >
< 61		84 >
< 61		94 >
< 61		95 >
< 61		97 >
< 61		100 >
< 62		63 >
< 62		66 >
< 62		69 >
< 62		74 >
< 62		75 >
< 62		76 >
< 62		78 >
< 62		80 >
< 62		81 >
< 62		82 >
< 62		86 >
< 62		87 >
< 62		88 >
< 62		89 >
< 62		90 >
< 62		92 >
< 62		93 >
< 62		98 >
< 62		99 >
< 62		100 >
< 63		65 >
< 63		67 >
< 63		68 >
< 63		69 >
< 63		72 >
< 63		73 >
< 63		75 >
< 63		76 >
< 63		77 >
< 63		80 >
< 63		82 >
< 63		83 >
< 63		87 >
< 63		88 >
< 63		90 >
< 63		91 >
< 63		92 >
< 63		97 >
< 63		98 >
< 64		65 >
< 64		66 >
< 64		67 >
< 64		68 >
< 64		69 >
< 64		72 >
< 64		74 >
< 64		76 >
< 64		77 >
< 64		78 >
< 64		80 >
< 64		81 >
< 64		82 >
< 64		83 >
< 64		90 >
< 64		91 >
< 64		96 >
< 64		97 >
< 64		98 >
< 64		99 >
< 65		66 >
< 65		67 >
< 65		68 >
< 65		70 >
< 65		77 >
< 65		78 >
< 65		79 >
< 65		83 >
< 65		85 >
< 65		86 >
< 65		89 >
< 65		91 >
< 65		94 >
< 65		97 >
< 65		98 >
< 66		68 >
< 66		72 >
< 66		73 >
< 66		76 >
< 66		77 >
< 66		82 >
< 66		84 >
< 66		87 >
< 66		91 >
< 66		92 >
< 66		95 >
< 66		97 >
< 66		98 >
< 66		100 >
< 67		69 >
< 67		71 >
< 67		72 >
< 67		77 >
< 67		78 >
< 67		80 >
< 67		84 >
< 67		85 >
< 67		87 >
< 67		92 >
< 67		96 >
< 67		99 >
< 68		71 >
< 68		72 >
< 68		74 >
< 68		75 >
< 68		79 >
< 68		81 >
< 68		82 >
< 68		83 >
< 68		85 >
< 68		87 >
< 68		88 >
< 68		89 >
< 68		90 >
< 68		95 >
< 68		99 >
< 68		100 >
< 69		70 >
< 69		72 >
< 69		73 >
< 69		75 >
< 69		76 >
< 69		78 >
< 69		81 >
< 69		82 >
< 69		85 >
< 69		88 >
< 69		93 >
< 69		94 >
< 69		96 >
< 69		97 >
< 69		98 >
< 69		100 >
< 70		71 >
< 70		72 >
< 70		73 >
< 70		75 >
< 70		79 >
< 70		85 >
< 70		86 >
< 70		88 >
< 70		91 >
< 70		93 >
< 70		94 >
< 70		100 >
< 71		72 >
< 71		74 >
< 71		78 >
< 71		80 >
< 71		84 >
< 71		88 >
< 71		89 >
< 71		90 >
< 71		91 >
< 71		92 >
< 71		97 >
< 72		73 >
< 72		77 >
< 72		78 >
< 72		84 >
< 72		87 >
< 72		89 >
< 72		94 >
< 72		95 >
< 72		96 >
< 72		97 >
< 73		79 >
< 73		80 >
< 73		81 >
< 73		88 >
< 73		89 >
< 73		90 >
< 73		92 >
< 73		94 >
< 73		97 >
< 73		98 >
< 74		75 >
< 74		76 >
< 74		77 >
< 74		78 >
< 74		81 >
< 74		83 >
< 74		84 >
< 74		92 >
< 74		93 >
< 74		95 >
< 74		96 >
< 75		76 >
< 75		77 >
< 75		78 >
< 75		79 >
< 75		81 >
< 75		82 >
< 75		83 >
< 75		85 >
< 75		89 >
< 75		90 >
< 75		94 >
< 75		96 >
< 75		98 >
< 75		100 >
< 76		78 >
< 76		79 >
< 76		81 >
< 76		82 >
< 76		83 >
< 76		85 >
< 76		86 >
< 76		87 >
< 76		92 >
< 76		94 >
< 76		95 >
< 76		96 >
< 76		99 >
< 77		78 >
< 77		80 >
< 77		81 >
< 77		82 >
< 77		83 >
< 77		85 >
< 77		87 >
< 77		96 >
< 78		79 >
< 78		80 >
< 78		82 >
< 78		86 >
< 78		88 >
< 78		89 >
< 78		90 >
< 78		94 >
< 78		95 >
< 78		99 >
< 79		81 >
< 79		82 >
< 79		84 >
< 79		85 >
< 79		86 >
< 79		87 >
< 79		90 >
< 79		91 >
< 79		94 >
< 79		97 >
< 79		99 >
< 80		81 >
< 80		87 >
< 80		89 >
< 80		93 >
< 80		94 >
< 80		96 >
< 80		97 >
< 80		98 >
< 81		83 >
< 81		85 >
< 81		86 >
< 81		92 >
< 81		94 >
< 81		96 >
< 81		97 >
< 82		84 >
< 82		87 >
< 82		88 >
< 82		96 >
< 82		98 >
< 82		99 >
< 83		84 >
< 83		86 >
< 83		88 >
< 83		89 >
< 83		90 >
< 83		91 >
< 83		92 >
< 83		93 >
< 83		94 >
< 83		95 >
< 83		96 >
< 83		97 >
< 84		86 >
< 84		87 >
< 84		91 >
< 84		92 >
< 84		97 >
< 85		88 >
< 85		89 >
< 85		90 >
< 85		91 >
< 85		92 >
< 85		93 >
< 85		95 >
< 85		99 >
< 85		100 >
< 86		88 >
< 86		89 >
< 86		90 >
< 86		91 >
< 86		92 >
< 86		94 >
< 86		95 >
< 86		97 >
< 86		98 >
< 87		89 >
< 87		91 >
< 87		92 >
< 87		93 >
< 87		94 >
< 87		95 >
< 87		99 >
< 88		92 >
< 88		98 >
< 88		99 >
< 88		100 >
< 89		90 >
< 89		92 >
< 89		94 >
< 89		95 >
< 89		96 >
< 89		98 >
< 89		99 >
< 90		91 >
< 90		92 >
< 90		93 >
< 90		94 >
< 90		98 >
< 90		99 >
< 91		92 >
< 91		94 >
< 91		96 >
< 91		99 >
< 92		93 >
< 93		94 >
< 93		95 >
< 93		97 >
< 93		98 >
< 93		99 >
< 94		96 >
< 94		98 >
< 94		99 >
< 94		100 >
< 95		96 >
< 95		97 >
< 97		98 >
< 98		100 >
