nNodes= 40
nPairs= 223  
Weight
3
4
4
4
4
2
4
3
2
3
3
2
2
2
3
4
3
2
3
4
2
2
2
3
3
2
2
2
2
2
3
4
4
3
4
2
2
4
4
3
Cost
41		41		0		41		0		41		0		41		0		0		0		0		41		41		0		0		0		0		0		0		0		0		0		0		0		0		0		0		0		41		0		0		0		41		0		0		0		0		0		0		
41		41		0		0		0		0		0		41		0		0		0		41		0		41		41		41		41		41		0		0		0		0		0		41		0		0		41		0		0		0		0		0		41		0		0		0		0		0		0		0		
0		0		41		0		0		41		0		41		41		41		0		41		0		0		0		0		0		0		41		41		0		0		0		0		0		0		41		41		41		0		0		0		41		0		41		0		41		0		41		0		
41		0		0		41		0		41		0		41		0		0		0		0		41		0		0		0		41		0		41		0		41		0		0		0		0		0		41		0		0		0		0		0		0		0		41		0		0		41		0		0		
0		0		0		0		41		0		0		41		0		41		0		41		0		0		41		0		0		0		0		0		41		0		0		0		0		0		0		0		41		41		0		0		0		41		0		41		0		0		0		0		
41		0		41		41		0		41		41		0		0		0		41		0		0		0		41		0		41		41		0		0		41		41		0		0		41		0		41		41		0		0		0		41		0		0		0		0		0		0		0		41		
0		0		0		0		0		41		41		41		0		0		0		0		0		0		0		41		0		0		0		0		41		0		0		0		0		0		41		0		41		0		0		0		41		41		0		41		0		0		41		0		
41		41		41		41		41		0		41		41		0		0		0		0		41		41		0		0		0		41		41		0		0		41		0		41		0		0		0		0		0		0		0		0		41		0		0		0		0		0		0		0		
0		0		41		0		0		0		0		0		41		0		0		0		0		41		0		0		41		0		0		41		41		0		0		0		0		0		0		41		0		0		0		41		0		0		0		0		0		0		0		0		
0		0		41		0		41		0		0		0		0		41		41		41		0		0		0		0		41		0		0		41		41		41		0		41		0		0		41		41		0		0		0		41		0		0		0		0		0		41		41		41		
0		0		0		0		0		41		0		0		0		41		41		0		0		0		0		41		0		0		0		0		41		41		41		0		0		41		0		0		0		0		0		0		41		41		41		0		0		0		0		41		
0		41		41		0		41		0		0		0		0		41		0		41		0		0		41		41		0		0		0		0		0		41		0		41		0		41		0		0		41		0		0		0		0		0		41		41		0		0		0		0		
41		0		0		41		0		0		0		41		0		0		0		0		41		0		0		41		0		41		0		0		0		0		41		0		0		0		0		0		0		0		0		41		0		41		41		0		41		0		0		41		
41		41		0		0		0		0		0		41		41		0		0		0		0		41		0		0		0		41		41		0		0		41		41		0		41		0		0		41		0		0		0		0		0		41		0		41		0		41		41		41		
0		41		0		0		41		41		0		0		0		0		0		41		0		0		41		41		0		0		0		0		0		41		0		0		0		0		0		0		41		0		41		0		0		0		0		41		41		0		0		0		
0		41		0		0		0		0		41		0		0		0		41		41		41		0		41		41		0		0		0		41		41		0		41		0		0		0		0		41		0		0		0		41		0		0		0		0		0		0		0		0		
0		41		0		41		0		41		0		0		41		41		0		0		0		0		0		0		41		0		41		0		0		0		0		0		0		0		0		41		41		0		0		0		41		0		0		0		0		0		0		0		
0		41		0		0		0		41		0		41		0		0		0		0		41		41		0		0		0		41		0		41		0		0		41		41		0		0		41		0		41		0		0		41		41		0		0		0		41		0		0		0		
0		0		41		41		0		0		0		41		0		0		0		0		0		41		0		0		41		0		41		0		41		41		41		0		0		41		0		0		0		41		0		41		0		41		0		0		0		41		0		0		
0		0		41		0		0		0		0		0		41		41		0		0		0		0		0		41		0		41		0		41		0		41		41		41		41		0		0		0		0		41		0		0		0		0		0		41		0		41		0		0		
0		0		0		41		41		41		41		0		41		41		41		0		0		0		0		41		0		0		41		0		41		0		0		0		0		0		0		0		0		0		0		0		41		0		0		0		0		41		41		0		
0		0		0		0		0		41		0		41		0		41		41		41		0		41		41		0		0		0		41		41		0		41		0		0		0		0		0		0		41		0		0		0		0		41		0		0		0		41		41		0		
0		0		0		0		0		0		0		0		0		0		41		0		41		41		0		41		0		41		41		41		0		0		41		0		41		0		0		0		0		0		0		41		0		0		0		0		0		0		0		0		
0		41		0		0		0		0		0		41		0		41		0		41		0		0		0		0		0		41		0		41		0		0		0		41		0		41		0		0		0		0		41		0		0		0		41		0		41		0		0		41		
0		0		0		0		0		41		0		0		0		0		0		0		0		41		0		0		0		0		0		41		0		0		41		0		41		41		41		0		0		41		0		0		0		0		0		0		0		0		0		0		
0		0		0		0		0		0		0		0		0		0		41		41		0		0		0		0		0		0		41		0		0		0		0		41		41		41		0		0		0		41		41		0		41		0		0		0		0		0		0		0		
0		41		41		41		0		41		41		0		0		41		0		0		0		0		0		0		0		41		0		0		0		0		0		0		41		0		41		0		41		41		41		41		41		41		41		0		0		0		0		0		
0		0		41		0		0		41		0		0		41		41		0		0		0		41		0		41		41		0		0		0		0		0		0		0		0		0		0		41		0		0		0		0		0		41		41		0		0		0		0		0		
0		0		41		0		41		0		41		0		0		0		0		41		0		0		41		0		41		41		0		0		0		41		0		0		0		0		41		0		41		0		41		0		0		41		0		0		41		0		41		0		
41		0		0		0		41		0		0		0		0		0		0		0		0		0		0		0		0		0		41		41		0		0		0		0		41		41		41		0		0		41		0		0		41		0		0		41		0		0		41		41		
0		0		0		0		0		0		0		0		0		0		0		0		0		0		41		0		0		0		0		0		0		0		0		41		0		41		41		0		41		0		41		0		41		0		41		0		0		0		0		41		
0		0		0		0		0		41		0		0		41		41		0		0		41		0		0		41		0		41		41		0		0		0		41		0		0		0		41		0		0		0		0		41		0		41		0		41		0		0		41		0		
0		41		41		0		0		0		41		41		0		0		41		0		0		0		0		0		41		41		0		0		41		0		0		0		0		41		41		0		0		41		41		0		41		41		41		0		0		41		0		41		
41		0		0		0		41		0		41		0		0		0		41		0		41		41		0		0		0		0		41		0		0		41		0		0		0		0		41		41		41		0		0		41		41		41		0		0		41		0		0		0		
0		0		41		41		0		0		0		0		0		0		41		41		41		0		0		0		0		0		0		0		0		0		0		41		0		0		41		41		0		0		41		0		41		0		41		0		0		41		41		0		
0		0		0		0		41		0		41		0		0		0		0		41		0		41		41		0		0		0		0		41		0		0		0		0		0		0		0		0		0		41		0		41		0		0		0		41		0		0		41		0		
0		0		41		0		0		0		0		0		0		0		0		0		41		0		41		0		0		41		0		0		0		0		0		41		0		0		0		0		41		0		0		0		0		41		0		0		41		0		0		0		
0		0		0		41		0		0		0		0		0		41		0		0		0		41		0		0		0		0		41		41		41		41		0		0		0		0		0		0		0		0		0		0		41		0		41		0		0		41		0		41		
0		0		41		0		0		0		41		0		0		41		0		0		0		41		0		0		0		0		0		0		41		41		0		0		0		0		0		0		41		41		0		41		0		0		41		41		0		0		41		0		
0		0		0		0		0		41		0		0		0		41		41		0		41		41		0		0		0		0		0		0		0		0		0		41		0		0		0		0		0		41		41		0		41		0		0		0		0		41		0		41		
NDC Pairs
< 1		2 >
< 1		4 >
< 1		6 >
< 1		8 >
< 1		13 >
< 1		14 >
< 1		30 >
< 1		34 >
< 2		8 >
< 2		12 >
< 2		14 >
< 2		15 >
< 2		16 >
< 2		17 >
< 2		18 >
< 2		24 >
< 2		27 >
< 2		33 >
< 3		6 >
< 3		8 >
< 3		9 >
< 3		10 >
< 3		12 >
< 3		19 >
< 3		20 >
< 3		27 >
< 3		28 >
< 3		29 >
< 3		33 >
< 3		35 >
< 3		37 >
< 3		39 >
< 4		6 >
< 4		8 >
< 4		13 >
< 4		17 >
< 4		19 >
< 4		21 >
< 4		27 >
< 4		35 >
< 4		38 >
< 5		8 >
< 5		10 >
< 5		12 >
< 5		15 >
< 5		21 >
< 5		29 >
< 5		30 >
< 5		34 >
< 5		36 >
< 6		7 >
< 6		11 >
< 6		15 >
< 6		17 >
< 6		18 >
< 6		21 >
< 6		22 >
< 6		25 >
< 6		27 >
< 6		28 >
< 6		32 >
< 6		40 >
< 7		8 >
< 7		16 >
< 7		21 >
< 7		27 >
< 7		29 >
< 7		33 >
< 7		34 >
< 7		36 >
< 7		39 >
< 8		13 >
< 8		14 >
< 8		18 >
< 8		19 >
< 8		22 >
< 8		24 >
< 8		33 >
< 9		14 >
< 9		17 >
< 9		20 >
< 9		21 >
< 9		28 >
< 9		32 >
< 10		11 >
< 10		12 >
< 10		17 >
< 10		20 >
< 10		21 >
< 10		22 >
< 10		24 >
< 10		27 >
< 10		28 >
< 10		32 >
< 10		38 >
< 10		39 >
< 10		40 >
< 11		16 >
< 11		21 >
< 11		22 >
< 11		23 >
< 11		26 >
< 11		33 >
< 11		34 >
< 11		35 >
< 11		40 >
< 12		15 >
< 12		16 >
< 12		22 >
< 12		24 >
< 12		26 >
< 12		29 >
< 12		35 >
< 12		36 >
< 13		16 >
< 13		18 >
< 13		23 >
< 13		32 >
< 13		34 >
< 13		35 >
< 13		37 >
< 13		40 >
< 14		18 >
< 14		19 >
< 14		22 >
< 14		23 >
< 14		25 >
< 14		28 >
< 14		34 >
< 14		36 >
< 14		38 >
< 14		39 >
< 14		40 >
< 15		16 >
< 15		22 >
< 15		29 >
< 15		31 >
< 15		36 >
< 15		37 >
< 16		20 >
< 16		21 >
< 16		23 >
< 16		28 >
< 16		32 >
< 17		19 >
< 17		28 >
< 17		29 >
< 17		33 >
< 18		20 >
< 18		23 >
< 18		24 >
< 18		27 >
< 18		29 >
< 18		32 >
< 18		33 >
< 18		37 >
< 19		21 >
< 19		22 >
< 19		23 >
< 19		26 >
< 19		30 >
< 19		32 >
< 19		34 >
< 19		38 >
< 20		22 >
< 20		23 >
< 20		24 >
< 20		25 >
< 20		30 >
< 20		36 >
< 20		38 >
< 21		33 >
< 21		38 >
< 21		39 >
< 22		29 >
< 22		34 >
< 22		38 >
< 22		39 >
< 23		25 >
< 23		32 >
< 24		26 >
< 24		31 >
< 24		35 >
< 24		37 >
< 24		40 >
< 25		26 >
< 25		27 >
< 25		30 >
< 26		30 >
< 26		31 >
< 26		33 >
< 27		29 >
< 27		30 >
< 27		31 >
< 27		32 >
< 27		33 >
< 27		34 >
< 27		35 >
< 28		34 >
< 28		35 >
< 29		31 >
< 29		34 >
< 29		37 >
< 29		39 >
< 30		33 >
< 30		36 >
< 30		39 >
< 30		40 >
< 31		33 >
< 31		35 >
< 31		40 >
< 32		34 >
< 32		36 >
< 32		39 >
< 33		34 >
< 33		35 >
< 33		38 >
< 33		40 >
< 34		37 >
< 35		38 >
< 35		39 >
< 36		39 >
< 38		40 >
