nNodes= 40
nPairs= 223  
Weight
4
4
2
4
3
3
4
2
4
3
3
4
4
3
4
4
3
4
2
2
2
3
4
3
2
2
2
2
3
3
2
3
3
4
4
4
4
4
2
4
Cost
41		0		0		41		0		0		0		0		0		0		41		0		41		0		0		0		0		0		0		0		0		41		0		41		0		0		0		0		0		41		0		0		41		0		0		41		41		0		0		0		
0		41		41		41		0		41		0		0		0		0		0		0		0		41		41		41		0		41		0		0		0		0		41		41		41		0		0		41		41		0		0		0		0		0		41		41		41		0		0		41		
0		41		41		0		0		41		0		0		0		0		0		0		0		0		0		0		0		41		0		41		0		0		0		0		41		0		41		0		0		0		0		0		41		0		0		0		0		0		0		41		
41		41		0		41		41		0		0		0		0		0		0		0		0		0		41		0		0		0		0		0		0		0		0		0		0		0		0		41		0		0		0		0		0		41		41		0		41		0		0		0		
0		0		0		41		41		0		41		41		0		41		0		0		41		0		0		0		0		0		41		41		0		0		41		0		41		41		0		0		0		41		0		0		0		0		0		0		0		0		0		41		
0		41		41		0		0		41		0		0		0		0		0		0		0		41		0		0		0		0		41		41		0		0		0		0		41		0		0		0		0		0		41		0		0		0		41		0		0		0		0		0		
0		0		0		0		41		0		41		0		41		0		41		0		0		41		0		0		0		41		0		0		0		41		0		41		0		0		0		0		0		41		0		41		0		0		41		0		0		0		0		0		
0		0		0		0		41		0		0		41		0		41		0		0		41		0		0		0		41		0		0		0		0		0		0		0		0		0		0		41		41		0		0		41		41		41		0		0		0		0		41		0		
0		0		0		0		0		0		41		0		41		0		41		41		0		0		0		0		0		0		41		0		0		0		41		41		0		0		0		0		0		0		41		41		0		0		0		0		41		0		0		0		
0		0		0		0		41		0		0		41		0		41		0		0		0		0		0		0		41		0		41		0		0		0		41		0		41		0		0		0		41		0		0		41		0		0		0		0		41		0		0		41		
41		0		0		0		0		0		41		0		41		0		41		0		0		41		0		0		41		41		41		0		41		0		0		41		0		0		41		0		41		41		0		0		0		0		41		0		0		0		0		0		
0		0		0		0		0		0		0		0		41		0		0		41		0		41		0		0		41		0		0		0		41		0		0		0		0		0		0		41		41		41		41		0		0		0		0		0		0		0		0		0		
41		0		0		0		41		0		0		41		0		0		0		0		41		0		41		41		0		41		0		0		0		0		0		0		0		0		41		0		0		0		0		41		0		0		0		0		0		41		41		41		
0		41		0		0		0		41		41		0		0		0		41		41		0		41		0		0		0		0		41		0		0		0		41		0		0		0		0		0		41		0		0		41		0		0		0		41		0		0		0		41		
0		41		0		41		0		0		0		0		0		0		0		0		41		0		41		0		0		0		41		0		0		0		0		41		0		0		0		0		41		0		0		41		0		0		41		0		0		0		41		41		
0		41		0		0		0		0		0		0		0		0		0		0		41		0		0		41		41		41		41		41		0		41		41		41		0		0		0		0		0		0		41		0		41		41		41		0		0		0		0		0		
0		0		0		0		0		0		0		41		0		41		41		41		0		0		0		41		41		0		0		41		0		0		41		0		0		0		41		41		0		0		0		0		41		41		0		41		0		0		0		0		
0		41		41		0		0		0		41		0		0		0		41		0		41		0		0		41		0		41		41		41		0		0		0		0		41		41		0		0		0		0		41		41		0		0		0		0		41		0		0		41		
0		0		0		0		41		41		0		0		41		41		41		0		0		41		41		41		0		41		41		0		0		0		0		0		41		0		0		0		41		0		41		0		0		0		41		41		0		0		0		0		
0		0		41		0		41		41		0		0		0		0		0		0		0		0		0		41		41		41		0		41		41		0		0		0		41		0		0		0		41		0		41		41		41		41		41		41		0		41		41		0		
0		0		0		0		0		0		0		0		0		0		41		41		0		0		0		0		0		0		0		41		41		0		0		0		0		41		0		0		0		41		0		0		41		0		0		0		0		41		0		0		
41		0		0		0		0		0		41		0		0		0		0		0		0		0		0		41		0		0		0		0		0		41		41		41		0		0		41		0		0		41		0		41		0		0		41		41		0		0		0		0		
0		41		0		0		41		0		0		0		41		41		0		0		0		41		0		41		41		0		0		0		0		41		41		0		0		0		0		0		0		41		0		0		0		0		0		0		41		41		0		0		
41		41		0		0		0		0		41		0		41		0		41		0		0		0		41		41		0		0		0		0		0		41		0		41		0		0		0		0		41		41		0		0		0		0		41		0		0		0		0		0		
0		41		41		0		41		41		0		0		0		41		0		0		0		0		0		0		0		41		41		41		0		0		0		0		41		41		41		41		41		0		0		41		0		0		41		41		0		0		0		0		
0		0		0		0		41		0		0		0		0		0		0		0		0		0		0		0		0		41		0		0		41		0		0		0		41		41		0		0		0		0		41		0		0		0		0		41		41		0		0		0		
0		0		41		0		0		0		0		0		0		0		41		0		41		0		0		0		41		0		0		0		0		41		0		0		41		0		41		0		0		0		41		41		0		0		0		0		41		0		41		41		
0		41		0		41		0		0		0		41		0		0		0		41		0		0		0		0		41		0		0		0		0		0		0		0		41		0		0		41		41		0		0		0		0		0		0		41		0		0		0		41		
0		41		0		0		0		0		0		41		0		41		41		41		0		41		41		0		0		0		41		41		0		0		0		41		41		0		0		41		41		41		41		0		0		41		41		0		0		41		0		41		
41		0		0		0		41		0		41		0		0		0		41		41		0		0		0		0		0		0		0		0		41		41		41		41		0		0		0		0		41		41		41		0		41		0		0		0		0		0		41		0		
0		0		0		0		0		41		0		0		41		0		0		41		0		0		0		41		0		41		41		41		0		0		0		0		0		41		41		0		41		41		41		0		0		0		0		0		0		0		41		0		
0		0		0		0		0		0		41		41		41		41		0		0		41		41		41		0		0		41		0		41		0		41		0		0		41		0		41		0		0		0		0		41		0		0		0		41		41		41		0		0		
41		0		41		0		0		0		0		41		0		0		0		0		0		0		0		41		41		0		0		41		41		0		0		0		0		0		0		0		0		41		0		0		41		0		0		41		0		41		0		0		
0		0		0		41		0		0		0		41		0		0		0		0		0		0		0		41		41		0		0		41		0		0		0		0		0		0		0		0		41		0		0		0		0		41		0		0		0		0		41		0		
0		41		0		41		0		41		41		0		0		0		41		0		0		0		41		41		0		0		41		41		0		41		0		41		41		0		0		0		41		0		0		0		0		0		41		0		41		0		0		0		
41		41		0		0		0		0		0		0		0		0		0		0		0		41		0		0		41		0		41		41		0		41		0		0		41		41		0		41		0		0		0		41		41		0		0		41		0		41		0		0		
41		41		0		41		0		0		0		0		41		41		0		0		0		0		0		0		0		41		0		0		0		0		41		0		0		41		41		0		0		0		0		41		0		0		41		0		41		0		0		41		
0		0		0		0		0		0		0		0		0		0		0		0		41		0		0		0		0		0		0		41		41		0		41		0		0		0		0		0		41		0		0		41		41		0		0		41		0		41		0		0		
0		0		0		0		0		0		0		41		0		0		0		0		41		0		41		0		0		0		0		41		0		0		0		0		0		0		41		0		0		41		41		0		0		41		0		0		0		0		41		0		
0		41		41		0		41		0		0		0		0		41		0		0		41		41		41		0		0		41		0		0		0		0		0		0		0		0		41		41		41		0		0		0		0		0		0		0		41		0		0		41		
NDC Pairs
< 1		4 >
< 1		11 >
< 1		13 >
< 1		22 >
< 1		24 >
< 1		30 >
< 1		33 >
< 1		36 >
< 1		37 >
< 2		3 >
< 2		4 >
< 2		6 >
< 2		14 >
< 2		15 >
< 2		16 >
< 2		18 >
< 2		23 >
< 2		24 >
< 2		25 >
< 2		28 >
< 2		29 >
< 2		35 >
< 2		36 >
< 2		37 >
< 2		40 >
< 3		6 >
< 3		18 >
< 3		20 >
< 3		25 >
< 3		27 >
< 3		33 >
< 3		40 >
< 4		5 >
< 4		15 >
< 4		28 >
< 4		34 >
< 4		35 >
< 4		37 >
< 5		7 >
< 5		8 >
< 5		10 >
< 5		13 >
< 5		19 >
< 5		20 >
< 5		23 >
< 5		25 >
< 5		26 >
< 5		30 >
< 5		40 >
< 6		14 >
< 6		19 >
< 6		20 >
< 6		25 >
< 6		31 >
< 6		35 >
< 7		9 >
< 7		11 >
< 7		14 >
< 7		18 >
< 7		22 >
< 7		24 >
< 7		30 >
< 7		32 >
< 7		35 >
< 8		10 >
< 8		13 >
< 8		17 >
< 8		28 >
< 8		29 >
< 8		32 >
< 8		33 >
< 8		34 >
< 8		39 >
< 9		11 >
< 9		12 >
< 9		19 >
< 9		23 >
< 9		24 >
< 9		31 >
< 9		32 >
< 9		37 >
< 10		17 >
< 10		19 >
< 10		23 >
< 10		25 >
< 10		29 >
< 10		32 >
< 10		37 >
< 10		40 >
< 11		14 >
< 11		17 >
< 11		18 >
< 11		19 >
< 11		21 >
< 11		24 >
< 11		27 >
< 11		29 >
< 11		30 >
< 11		35 >
< 12		14 >
< 12		17 >
< 12		21 >
< 12		28 >
< 12		29 >
< 12		30 >
< 12		31 >
< 13		15 >
< 13		16 >
< 13		18 >
< 13		27 >
< 13		32 >
< 13		38 >
< 13		39 >
< 13		40 >
< 14		19 >
< 14		23 >
< 14		29 >
< 14		32 >
< 14		36 >
< 14		40 >
< 15		19 >
< 15		24 >
< 15		29 >
< 15		32 >
< 15		35 >
< 15		39 >
< 15		40 >
< 16		17 >
< 16		18 >
< 16		19 >
< 16		20 >
< 16		22 >
< 16		23 >
< 16		24 >
< 16		31 >
< 16		33 >
< 16		34 >
< 16		35 >
< 17		20 >
< 17		23 >
< 17		27 >
< 17		28 >
< 17		33 >
< 17		34 >
< 17		36 >
< 18		19 >
< 18		20 >
< 18		25 >
< 18		26 >
< 18		31 >
< 18		32 >
< 18		37 >
< 18		40 >
< 19		25 >
< 19		29 >
< 19		31 >
< 19		35 >
< 19		36 >
< 20		21 >
< 20		25 >
< 20		29 >
< 20		31 >
< 20		32 >
< 20		33 >
< 20		34 >
< 20		35 >
< 20		36 >
< 20		38 >
< 20		39 >
< 21		26 >
< 21		30 >
< 21		33 >
< 21		38 >
< 22		23 >
< 22		24 >
< 22		27 >
< 22		30 >
< 22		32 >
< 22		35 >
< 22		36 >
< 23		30 >
< 23		37 >
< 23		38 >
< 24		29 >
< 24		30 >
< 24		35 >
< 25		26 >
< 25		27 >
< 25		28 >
< 25		29 >
< 25		32 >
< 25		35 >
< 25		36 >
< 26		31 >
< 26		36 >
< 26		37 >
< 27		31 >
< 27		32 >
< 27		37 >
< 27		39 >
< 27		40 >
< 28		29 >
< 28		36 >
< 28		40 >
< 29		30 >
< 29		31 >
< 29		34 >
< 29		35 >
< 29		38 >
< 29		40 >
< 30		31 >
< 30		33 >
< 30		39 >
< 31		39 >
< 32		36 >
< 32		37 >
< 32		38 >
< 33		36 >
< 33		38 >
< 34		39 >
< 35		37 >
< 36		38 >
< 37		40 >
