nNodes= 40
nPairs= 371  
Weight
2
2
2
2
2
2
2
4
3
4
3
4
2
3
3
3
4
3
4
3
4
2
2
3
4
2
3
2
4
2
4
4
4
4
3
4
2
3
3
2
Cost
41		41		0		41		41		0		0		41		41		41		0		41		0		0		41		0		0		0		0		0		0		0		41		41		41		41		41		41		0		41		0		41		0		0		41		41		0		0		0		0		
41		41		0		0		41		41		0		41		41		0		0		0		0		41		0		41		0		41		41		0		0		0		41		41		0		0		0		41		41		41		0		0		0		41		41		41		0		41		0		41		
0		0		41		41		0		0		0		41		41		41		41		0		0		41		0		41		0		0		41		0		41		41		41		0		41		0		41		41		0		0		41		0		0		41		0		0		0		0		41		0		
41		0		41		41		41		41		41		0		0		0		41		41		0		0		41		0		41		0		0		0		0		41		0		41		0		0		0		41		41		41		41		0		41		0		0		0		41		0		0		41		
41		41		0		41		41		0		0		41		41		0		41		41		0		0		0		0		41		41		0		41		41		0		0		0		0		0		0		0		41		0		0		41		41		0		41		41		0		41		0		41		
0		41		0		41		0		41		0		41		0		0		0		0		0		0		0		41		41		0		0		41		41		41		41		0		0		0		41		41		41		0		41		41		41		0		41		0		41		0		0		41		
0		0		0		41		0		0		41		41		41		0		41		0		41		41		0		0		0		41		0		41		41		0		0		41		0		41		41		41		0		41		0		0		41		0		41		41		41		0		0		0		
41		41		41		0		41		41		41		41		41		41		41		41		0		0		0		0		0		0		0		41		0		0		0		0		0		41		41		41		0		41		41		0		0		0		41		0		0		41		0		41		
41		41		41		0		41		0		41		41		41		0		41		41		0		0		41		0		41		0		41		41		0		0		0		0		0		41		0		0		0		41		41		0		0		0		41		41		41		0		41		0		
41		0		41		0		0		0		0		41		0		41		41		41		0		41		0		41		41		41		0		41		41		41		0		0		41		41		41		41		41		0		41		0		0		41		0		41		41		0		41		0		
0		0		41		41		41		0		41		41		41		41		41		0		0		41		41		0		41		41		0		41		41		41		0		0		41		0		41		0		0		0		41		0		41		0		41		0		41		0		41		0		
41		0		0		41		41		0		0		41		41		41		0		41		41		0		41		41		0		0		41		41		0		0		0		0		0		41		41		0		41		0		41		41		41		41		0		41		41		0		0		0		
0		0		0		0		0		0		41		0		0		0		0		41		41		0		0		0		41		0		41		41		0		41		0		41		0		41		0		41		41		0		0		41		0		0		0		41		0		41		41		41		
0		41		41		0		0		0		41		0		0		41		41		0		0		41		0		41		0		41		41		0		41		0		0		0		41		41		0		0		41		0		41		0		0		0		0		41		0		41		0		0		
41		0		0		41		0		0		0		0		41		0		41		41		0		0		41		0		41		0		0		0		0		0		0		0		0		41		0		41		0		0		0		41		0		41		41		41		41		0		0		41		
0		41		41		0		0		41		0		0		0		41		0		41		0		41		0		41		0		41		41		41		0		0		0		0		0		0		0		0		0		0		0		41		41		41		0		41		41		41		41		41		
0		0		0		41		41		41		0		0		41		41		41		0		41		0		41		0		41		0		0		0		41		41		0		41		41		0		41		0		0		41		0		41		41		41		41		41		0		0		41		0		
0		41		0		0		41		0		41		0		0		41		41		0		0		41		0		41		0		41		0		0		0		41		41		0		41		0		41		41		0		41		41		41		0		0		41		0		0		0		41		41		
0		41		41		0		0		0		0		0		41		0		0		41		41		41		0		41		0		0		41		0		0		0		41		0		41		0		0		41		0		0		0		0		41		0		41		0		0		41		41		41		
0		0		0		0		41		41		41		41		41		41		41		41		41		0		0		41		0		0		0		41		41		41		0		0		0		41		0		41		0		41		0		41		41		41		0		0		41		0		41		0		
0		0		41		0		41		41		41		0		0		41		41		0		0		41		0		0		41		0		0		41		41		41		0		41		0		0		41		0		0		41		0		41		41		41		0		0		41		41		0		41		
0		0		41		41		0		41		0		0		0		41		41		0		41		0		0		0		41		41		0		41		41		41		0		41		41		41		41		41		41		0		41		41		0		41		41		41		41		41		0		41		
41		41		41		0		0		41		0		0		0		0		0		0		0		0		0		0		0		41		41		0		0		0		41		0		0		41		41		41		41		41		0		41		41		0		0		0		0		41		41		0		
41		41		0		41		0		0		41		0		0		0		0		0		41		0		0		0		41		0		0		0		41		41		0		41		41		0		41		41		41		41		41		41		0		41		0		41		0		41		0		41		
41		0		41		0		0		0		0		0		0		41		41		0		0		41		0		0		41		41		41		0		0		41		0		41		41		0		0		0		41		41		41		0		0		0		0		0		0		0		41		41		
41		0		0		0		0		0		41		41		41		41		0		41		41		41		41		0		0		0		0		41		0		41		41		0		0		41		0		0		41		41		41		0		41		0		0		0		0		0		0		0		
41		0		41		0		0		41		41		41		0		41		41		41		0		0		0		0		41		41		0		0		41		41		41		41		0		0		41		0		41		41		0		0		41		41		41		0		41		41		41		0		
41		41		41		41		0		41		41		41		0		41		0		0		41		0		41		0		0		41		41		41		0		41		41		41		0		0		0		41		0		41		41		41		41		41		0		0		0		0		0		0		
0		41		0		41		41		41		0		0		0		41		0		41		41		41		0		0		0		0		0		0		0		41		41		41		41		41		41		0		41		0		0		0		0		41		41		41		41		0		0		0		
41		41		0		41		0		0		41		41		41		0		0		0		0		0		0		0		41		41		0		41		41		0		41		41		41		41		41		41		0		41		0		41		41		0		0		0		0		41		41		0		
0		0		41		41		0		41		0		41		41		41		41		41		0		41		0		0		0		41		0		0		0		41		0		41		41		41		0		41		0		0		41		41		0		41		0		41		0		41		41		41		
41		0		0		0		41		41		0		0		0		0		0		41		41		0		41		41		41		41		0		41		41		41		41		41		0		0		0		41		0		41		41		41		0		0		0		0		41		0		0		41		
0		0		0		41		41		41		41		0		0		0		41		41		0		0		0		41		41		0		41		41		41		0		41		0		0		41		41		41		0		41		0		0		41		41		0		41		41		0		0		41		
0		41		41		0		0		0		0		0		0		41		0		41		0		0		41		41		41		0		0		41		41		41		0		41		0		0		41		41		41		0		41		0		41		41		0		41		41		0		41		0		
41		41		0		0		41		41		41		41		41		0		41		0		0		0		41		0		41		41		41		0		0		41		0		0		0		0		41		0		41		0		0		0		0		0		41		0		0		41		41		41		
41		41		0		0		41		0		41		0		41		41		0		41		41		41		41		41		41		0		0		0		0		41		0		41		0		0		0		0		41		0		41		0		41		41		0		41		0		0		41		0		
0		0		0		41		0		41		41		0		41		41		41		41		0		0		41		41		0		0		0		41		41		41		0		0		0		0		41		0		41		0		0		41		41		41		0		0		41		0		41		41		
0		41		0		0		41		0		0		41		0		0		0		0		41		41		0		41		0		0		41		0		41		41		41		41		0		0		41		0		0		41		41		0		0		0		41		0		0		41		41		41		
0		0		41		0		0		0		0		0		41		41		41		0		41		0		0		41		41		41		41		41		0		0		41		0		41		0		41		0		0		41		41		0		0		41		41		41		41		41		41		0		
0		41		0		41		41		41		0		41		0		0		0		0		41		0		41		41		0		41		41		0		41		41		0		41		41		0		0		0		0		0		41		41		41		0		41		0		41		41		0		41		
NDC Pairs
< 1		2 >
< 1		4 >
< 1		5 >
< 1		8 >
< 1		9 >
< 1		10 >
< 1		12 >
< 1		15 >
< 1		23 >
< 1		24 >
< 1		25 >
< 1		26 >
< 1		27 >
< 1		28 >
< 1		30 >
< 1		32 >
< 1		35 >
< 1		36 >
< 2		5 >
< 2		6 >
< 2		8 >
< 2		9 >
< 2		14 >
< 2		16 >
< 2		18 >
< 2		19 >
< 2		23 >
< 2		24 >
< 2		28 >
< 2		29 >
< 2		30 >
< 2		34 >
< 2		35 >
< 2		36 >
< 2		38 >
< 2		40 >
< 3		4 >
< 3		8 >
< 3		9 >
< 3		10 >
< 3		11 >
< 3		14 >
< 3		16 >
< 3		19 >
< 3		21 >
< 3		22 >
< 3		23 >
< 3		25 >
< 3		27 >
< 3		28 >
< 3		31 >
< 3		34 >
< 3		39 >
< 4		5 >
< 4		6 >
< 4		7 >
< 4		11 >
< 4		12 >
< 4		15 >
< 4		17 >
< 4		22 >
< 4		24 >
< 4		28 >
< 4		29 >
< 4		30 >
< 4		31 >
< 4		33 >
< 4		37 >
< 4		40 >
< 5		8 >
< 5		9 >
< 5		11 >
< 5		12 >
< 5		17 >
< 5		18 >
< 5		20 >
< 5		21 >
< 5		29 >
< 5		32 >
< 5		33 >
< 5		35 >
< 5		36 >
< 5		38 >
< 5		40 >
< 6		8 >
< 6		16 >
< 6		17 >
< 6		20 >
< 6		21 >
< 6		22 >
< 6		23 >
< 6		27 >
< 6		28 >
< 6		29 >
< 6		31 >
< 6		32 >
< 6		33 >
< 6		35 >
< 6		37 >
< 6		40 >
< 7		8 >
< 7		9 >
< 7		11 >
< 7		13 >
< 7		14 >
< 7		18 >
< 7		20 >
< 7		21 >
< 7		24 >
< 7		26 >
< 7		27 >
< 7		28 >
< 7		30 >
< 7		33 >
< 7		35 >
< 7		36 >
< 7		37 >
< 8		9 >
< 8		10 >
< 8		11 >
< 8		12 >
< 8		20 >
< 8		26 >
< 8		27 >
< 8		28 >
< 8		30 >
< 8		31 >
< 8		35 >
< 8		38 >
< 8		40 >
< 9		11 >
< 9		12 >
< 9		15 >
< 9		17 >
< 9		19 >
< 9		20 >
< 9		26 >
< 9		30 >
< 9		31 >
< 9		35 >
< 9		36 >
< 9		37 >
< 9		39 >
< 10		11 >
< 10		12 >
< 10		14 >
< 10		16 >
< 10		17 >
< 10		18 >
< 10		20 >
< 10		21 >
< 10		22 >
< 10		25 >
< 10		26 >
< 10		27 >
< 10		28 >
< 10		29 >
< 10		31 >
< 10		34 >
< 10		36 >
< 10		37 >
< 10		39 >
< 11		14 >
< 11		15 >
< 11		17 >
< 11		18 >
< 11		20 >
< 11		21 >
< 11		22 >
< 11		25 >
< 11		27 >
< 11		31 >
< 11		33 >
< 11		35 >
< 11		37 >
< 11		39 >
< 12		13 >
< 12		15 >
< 12		16 >
< 12		19 >
< 12		20 >
< 12		26 >
< 12		27 >
< 12		29 >
< 12		31 >
< 12		32 >
< 12		33 >
< 12		34 >
< 12		36 >
< 12		37 >
< 13		17 >
< 13		19 >
< 13		20 >
< 13		22 >
< 13		24 >
< 13		26 >
< 13		28 >
< 13		29 >
< 13		32 >
< 13		36 >
< 13		38 >
< 13		39 >
< 13		40 >
< 14		16 >
< 14		18 >
< 14		19 >
< 14		21 >
< 14		25 >
< 14		26 >
< 14		29 >
< 14		31 >
< 14		36 >
< 14		38 >
< 15		17 >
< 15		26 >
< 15		28 >
< 15		32 >
< 15		34 >
< 15		35 >
< 15		36 >
< 15		37 >
< 15		40 >
< 16		18 >
< 16		19 >
< 16		20 >
< 16		32 >
< 16		33 >
< 16		34 >
< 16		36 >
< 16		37 >
< 16		38 >
< 16		39 >
< 16		40 >
< 17		21 >
< 17		22 >
< 17		24 >
< 17		25 >
< 17		27 >
< 17		30 >
< 17		32 >
< 17		33 >
< 17		34 >
< 17		35 >
< 17		36 >
< 17		39 >
< 18		22 >
< 18		23 >
< 18		25 >
< 18		27 >
< 18		28 >
< 18		30 >
< 18		31 >
< 18		32 >
< 18		35 >
< 18		39 >
< 18		40 >
< 19		23 >
< 19		25 >
< 19		28 >
< 19		33 >
< 19		35 >
< 19		38 >
< 19		39 >
< 19		40 >
< 20		21 >
< 20		22 >
< 20		26 >
< 20		28 >
< 20		30 >
< 20		32 >
< 20		33 >
< 20		34 >
< 20		37 >
< 20		39 >
< 21		22 >
< 21		24 >
< 21		27 >
< 21		30 >
< 21		32 >
< 21		33 >
< 21		34 >
< 21		37 >
< 21		38 >
< 21		40 >
< 22		24 >
< 22		25 >
< 22		26 >
< 22		27 >
< 22		28 >
< 22		29 >
< 22		31 >
< 22		32 >
< 22		34 >
< 22		35 >
< 22		36 >
< 22		37 >
< 22		38 >
< 22		40 >
< 23		26 >
< 23		27 >
< 23		28 >
< 23		29 >
< 23		30 >
< 23		32 >
< 23		33 >
< 23		38 >
< 23		39 >
< 24		25 >
< 24		27 >
< 24		28 >
< 24		29 >
< 24		30 >
< 24		31 >
< 24		32 >
< 24		34 >
< 24		36 >
< 24		38 >
< 24		40 >
< 25		29 >
< 25		30 >
< 25		31 >
< 25		39 >
< 25		40 >
< 26		29 >
< 26		30 >
< 26		31 >
< 26		33 >
< 27		29 >
< 27		30 >
< 27		33 >
< 27		34 >
< 27		35 >
< 27		37 >
< 27		38 >
< 27		39 >
< 28		30 >
< 28		31 >
< 28		32 >
< 28		33 >
< 28		34 >
< 29		34 >
< 29		35 >
< 29		36 >
< 29		37 >
< 30		32 >
< 30		33 >
< 30		38 >
< 30		39 >
< 31		32 >
< 31		34 >
< 31		36 >
< 31		38 >
< 31		39 >
< 31		40 >
< 32		37 >
< 32		40 >
< 33		34 >
< 33		36 >
< 33		37 >
< 33		40 >
< 34		36 >
< 34		37 >
< 34		39 >
< 35		38 >
< 35		39 >
< 35		40 >
< 36		39 >
< 37		39 >
< 37		40 >
< 38		39 >
< 38		40 >
