nNodes= 80
nPairs= 925  
Weight
4
2
3
4
4
3
4
4
2
3
2
2
2
3
3
4
4
4
2
3
3
4
2
4
4
4
4
4
3
2
3
2
2
3
3
4
3
2
4
2
2
4
3
3
2
4
2
2
2
2
2
2
2
3
3
2
4
2
4
4
2
3
2
4
2
2
2
3
4
3
4
4
3
2
3
4
2
2
2
2
Cost
81		0		0		0		0		81		0		81		0		0		0		0		81		0		81		0		0		81		81		0		0		81		0		81		0		81		0		0		0		81		0		0		0		0		0		0		81		0		0		81		0		0		0		0		81		0		81		0		81		0		0		0		81		0		81		0		0		0		0		0		0		81		0		81		0		0		81		0		0		81		0		0		0		81		0		81		0		0		81		0		
0		81		0		0		81		81		0		81		0		0		0		0		0		81		0		0		81		0		0		81		0		0		0		0		0		0		0		0		0		0		81		0		0		0		0		0		0		0		0		81		0		0		81		0		0		81		0		81		81		0		0		81		0		0		0		0		81		0		81		0		81		0		81		0		0		81		81		81		0		0		0		0		81		0		0		81		0		0		0		0		
0		0		81		0		0		0		81		0		81		0		0		0		0		0		0		0		0		0		0		81		0		0		0		81		0		81		81		81		0		0		0		0		0		0		81		0		0		0		0		0		81		0		81		0		0		0		0		81		0		0		81		0		0		0		81		0		0		0		0		81		0		81		0		81		81		81		0		0		0		81		0		0		81		0		0		0		0		0		0		0		
0		0		0		81		0		0		0		0		0		0		81		0		0		0		0		0		0		0		0		0		0		0		0		0		81		0		0		0		0		0		0		0		0		81		0		81		0		0		0		0		81		0		0		0		0		0		81		81		81		0		0		0		0		0		0		81		0		81		0		0		0		0		0		0		81		0		0		0		81		0		81		0		0		81		0		81		0		0		81		0		
0		81		0		0		81		81		0		0		81		0		0		0		0		0		81		0		0		81		81		81		0		0		0		81		0		0		81		0		0		0		81		0		0		81		0		81		81		0		0		0		0		0		0		0		0		81		0		0		0		0		0		0		0		0		0		0		81		0		0		81		0		0		0		0		81		0		0		0		81		0		0		0		0		0		0		81		0		0		0		0		
81		81		0		0		81		81		0		0		81		0		81		0		0		81		0		0		81		0		0		81		0		0		0		81		0		0		0		0		0		0		81		0		0		81		0		0		0		0		0		0		0		0		81		81		0		0		81		81		0		0		0		81		0		0		0		81		0		0		0		0		0		0		0		0		0		0		0		81		81		0		0		0		81		0		81		0		0		0		81		0		
0		0		81		0		0		0		81		0		81		81		0		0		0		0		0		0		0		0		0		0		81		0		81		81		0		0		0		0		81		0		81		81		0		81		0		81		81		81		0		0		81		0		0		0		81		0		0		0		0		81		0		0		0		0		0		81		0		0		0		0		81		0		81		0		0		0		81		81		81		0		0		0		0		0		0		0		0		0		0		0		
81		81		0		0		0		0		0		81		0		0		0		0		0		0		0		0		0		0		0		0		0		0		81		0		0		0		81		0		0		81		0		81		0		81		81		0		0		0		0		0		0		81		0		0		0		0		81		0		81		81		0		81		0		81		0		0		81		0		0		0		81		0		0		81		81		0		0		81		0		0		0		0		0		0		0		81		0		0		0		81		
0		0		81		0		81		81		81		0		81		0		81		81		0		81		0		81		81		0		81		0		0		0		81		0		0		0		81		0		81		81		81		0		0		81		0		0		0		0		0		0		0		0		0		0		0		0		0		81		0		0		0		0		81		0		81		0		0		81		81		0		0		81		0		0		0		0		0		0		0		0		0		81		81		0		81		81		81		0		0		0		
0		0		0		0		0		0		81		0		0		81		0		0		0		81		0		0		81		0		0		81		0		81		81		0		0		0		81		81		0		0		0		81		0		81		0		0		0		0		81		0		0		81		0		0		0		0		81		0		0		0		0		81		0		0		0		0		81		0		0		81		0		0		0		81		0		81		81		0		0		0		81		0		0		0		0		0		0		0		81		0		
0		0		0		81		0		81		0		0		81		0		81		0		0		0		81		0		0		81		0		0		0		0		0		0		0		0		0		0		0		0		0		0		0		81		0		0		81		81		81		0		0		0		0		0		0		0		0		0		0		0		0		81		81		0		0		0		0		0		81		0		0		0		0		81		0		81		81		81		0		0		0		0		0		0		81		0		0		0		0		0		
0		0		0		0		0		0		0		0		81		0		0		81		81		0		0		81		81		0		0		0		0		0		0		0		0		0		0		0		0		0		0		81		0		0		81		81		0		81		0		81		0		0		81		0		81		0		0		0		0		81		0		0		81		0		81		81		81		0		0		0		0		0		0		0		0		0		81		0		81		0		0		0		0		81		0		0		0		0		0		0		
81		0		0		0		0		0		0		0		0		0		0		81		81		0		0		0		0		0		0		0		0		0		0		0		0		0		81		0		0		0		0		0		0		0		81		0		0		81		81		0		81		81		0		0		0		0		0		0		0		81		0		0		0		81		0		0		0		0		0		0		81		0		0		0		0		0		0		0		81		0		0		0		0		0		0		0		81		81		0		0		
0		81		0		0		0		81		0		0		81		81		0		0		0		81		81		81		81		0		81		0		0		0		0		0		0		0		0		81		0		81		0		81		0		0		0		0		0		81		81		0		81		0		0		81		0		0		0		0		81		0		81		81		0		0		81		0		0		81		0		81		0		0		0		0		0		81		0		0		0		0		81		81		81		0		81		81		81		0		0		81		
81		0		0		0		81		0		0		0		0		0		81		0		0		81		81		0		0		81		0		0		0		0		0		0		81		0		0		0		81		0		0		81		0		0		0		0		81		0		0		81		81		0		0		0		81		81		81		0		0		81		0		0		0		0		0		81		0		0		81		81		0		0		0		0		0		0		0		0		81		0		0		81		81		0		81		0		81		0		0		0		
0		0		0		0		0		0		0		0		81		0		0		81		0		81		0		81		0		0		81		0		81		81		0		0		0		0		0		81		0		81		81		0		81		0		81		0		81		0		0		81		81		0		0		0		81		0		0		0		0		0		0		0		0		81		0		0		0		81		0		0		0		0		0		0		0		0		81		0		81		81		0		0		81		81		0		81		0		0		81		81		
0		81		0		0		0		81		0		0		81		81		0		81		0		81		0		0		81		81		81		81		0		0		0		81		0		0		81		0		81		0		0		0		0		81		0		0		81		0		0		81		81		81		0		81		81		81		0		81		0		0		0		0		0		0		81		81		0		0		0		0		0		81		0		0		0		0		0		81		0		81		0		81		0		0		0		0		0		0		81		0		
81		0		0		0		81		0		0		0		0		0		81		0		0		0		81		0		81		81		0		81		0		0		0		81		81		0		0		0		81		0		0		0		0		0		81		0		0		81		0		0		0		81		0		81		0		0		0		0		0		0		0		0		81		81		0		0		81		0		0		0		0		0		0		0		0		0		0		0		81		0		0		0		0		81		0		81		0		0		0		0		
81		0		0		0		81		0		0		0		81		0		0		0		0		81		0		81		81		0		81		0		81		0		0		0		81		81		0		0		0		0		0		0		0		0		81		0		0		0		0		0		0		0		0		0		81		0		81		0		0		0		81		81		0		81		81		0		0		0		0		0		0		0		0		0		81		81		0		0		0		0		81		0		81		0		81		81		81		81		81		0		
0		81		81		0		81		81		0		0		0		81		0		0		0		0		0		0		81		81		0		81		81		81		0		81		0		0		0		0		81		0		0		81		81		0		0		0		0		0		81		81		81		0		0		0		0		81		0		81		81		0		81		81		81		81		0		0		81		0		0		0		0		0		81		0		0		0		81		81		81		81		0		0		0		0		81		81		0		0		0		0		
0		0		0		0		0		0		81		0		0		0		0		0		0		0		0		81		0		0		81		81		81		0		0		0		0		81		81		0		0		0		81		0		81		0		0		0		81		81		0		0		0		0		0		0		0		0		81		0		0		0		81		0		0		0		81		81		0		0		0		0		81		81		0		0		81		0		81		0		0		0		81		0		0		0		0		81		0		0		0		0		
81		0		0		0		0		0		0		0		0		81		0		0		0		0		0		81		0		0		0		81		0		81		0		81		0		0		0		81		0		0		0		0		0		0		0		0		0		0		0		0		81		0		0		81		0		0		0		0		81		81		0		81		81		81		0		0		0		0		0		0		0		81		0		0		81		0		81		0		0		0		0		0		0		0		0		0		0		81		0		0		
0		0		0		0		0		0		81		81		81		81		0		0		0		0		0		0		0		0		0		0		0		0		81		0		0		0		0		81		0		0		81		0		0		81		81		0		81		0		0		0		0		81		81		81		81		0		0		0		0		0		81		81		0		0		0		81		81		81		0		81		0		81		0		81		0		0		0		81		0		0		0		0		81		0		81		0		81		0		0		0		
81		0		81		0		81		81		81		0		0		0		0		0		0		0		0		0		81		81		0		81		0		81		0		81		81		81		0		0		0		81		0		0		0		0		0		81		0		81		0		0		0		0		81		0		0		0		81		0		0		81		81		81		81		0		81		0		0		0		0		0		0		0		81		81		81		81		0		0		0		0		81		0		0		0		0		0		81		0		0		81		
0		0		0		81		0		0		0		0		0		0		0		0		0		0		81		0		0		81		81		0		0		0		0		81		81		0		0		0		0		0		81		0		0		0		0		81		0		0		0		81		81		81		0		81		0		0		0		81		0		81		0		0		0		0		0		0		81		0		0		0		0		81		0		0		0		0		0		0		0		0		0		81		0		81		0		0		81		81		81		0		
81		0		81		0		0		0		0		0		0		0		0		0		0		0		0		0		0		0		81		0		81		0		0		81		0		81		81		81		0		81		0		0		81		0		0		0		0		0		0		81		0		0		0		0		81		0		81		0		0		0		0		0		0		81		0		0		81		81		81		0		0		0		0		0		81		0		81		0		0		0		0		0		81		81		81		0		0		81		0		0		
0		0		81		0		81		0		0		81		81		81		0		0		81		0		0		0		81		0		0		0		81		0		0		0		0		81		81		81		0		0		0		81		81		81		81		0		81		0		0		0		81		0		0		0		0		0		0		0		0		0		0		0		0		81		0		81		0		81		81		0		81		0		0		0		0		81		0		0		0		81		0		0		81		81		81		0		0		0		0		0		
0		0		81		0		0		0		0		0		0		81		0		0		0		81		0		81		0		0		0		0		0		81		81		0		0		81		81		81		0		0		0		81		0		0		81		0		81		0		0		0		0		0		0		0		0		0		81		0		81		0		0		81		0		0		81		0		0		0		0		0		81		81		0		0		81		0		0		0		0		0		81		0		81		81		0		81		0		0		81		0		
0		0		0		0		0		0		81		0		81		0		0		0		0		0		81		0		81		81		0		81		0		0		0		0		0		0		0		0		81		81		0		81		0		0		0		0		81		0		0		0		81		0		81		81		0		0		81		0		81		81		81		0		81		0		0		0		0		81		81		0		0		81		81		81		0		81		0		0		0		0		0		0		0		0		0		0		0		0		0		81		
81		0		0		0		0		0		0		81		81		0		0		0		0		81		0		81		0		0		0		0		0		0		0		81		0		81		0		0		81		81		0		0		0		0		0		0		0		81		0		0		81		0		0		0		81		0		81		0		81		0		81		0		0		0		0		81		0		0		81		0		0		0		0		81		0		0		0		0		0		81		0		0		0		0		0		0		0		0		0		81		
0		81		0		0		81		81		81		0		81		0		0		0		0		0		0		81		0		0		0		0		81		0		81		0		81		0		0		0		0		0		81		81		0		0		81		81		0		0		0		0		81		0		0		0		0		81		0		0		0		0		81		0		81		0		0		81		0		0		0		81		0		0		0		0		0		0		0		0		81		81		81		81		0		81		0		0		0		81		0		81		
0		0		0		0		0		0		81		81		0		81		0		81		0		81		81		0		0		0		0		81		0		0		0		0		0		0		81		81		81		0		81		81		0		0		0		0		0		0		81		81		81		0		81		0		0		0		0		0		0		81		0		0		0		0		0		81		0		0		81		0		0		0		0		0		0		81		0		81		0		81		0		0		0		0		0		81		0		0		0		0		
0		0		0		0		0		0		0		0		0		0		0		0		0		0		0		81		0		0		0		81		81		0		0		0		0		81		81		0		0		0		0		0		81		0		0		0		0		0		0		0		0		0		0		0		0		0		81		0		0		0		81		0		81		81		81		0		0		0		0		0		0		81		0		81		0		81		0		0		0		0		81		81		0		81		0		81		0		81		81		0		
0		0		0		81		81		81		81		81		81		81		81		0		0		0		0		0		81		0		0		0		0		0		81		0		0		0		81		0		0		0		0		0		0		81		81		0		81		81		81		0		0		0		0		0		0		81		0		0		0		0		0		0		0		0		81		0		0		0		0		0		81		0		0		0		0		81		81		81		0		0		0		0		81		0		0		81		0		81		0		0		
0		0		81		0		0		0		0		81		0		0		0		81		81		0		0		81		0		81		81		0		0		0		81		0		0		0		81		81		0		0		81		0		0		81		81		81		81		0		81		0		81		0		81		81		81		0		81		0		0		81		0		0		0		81		0		81		0		0		0		0		0		81		81		81		81		81		0		81		81		0		0		81		0		81		0		0		81		0		0		0		
0		0		0		81		81		0		81		0		0		0		0		81		0		0		0		0		0		0		0		0		0		0		0		81		81		0		0		0		0		0		81		0		0		0		81		81		0		81		0		0		81		81		0		0		81		0		81		81		81		0		0		0		0		81		81		0		0		0		0		0		0		0		81		0		0		81		0		0		0		0		0		0		81		0		0		81		0		0		0		0		
81		0		0		0		81		0		81		0		0		0		81		0		0		0		81		81		81		0		0		0		81		0		81		0		0		0		81		81		81		0		0		0		0		81		81		0		81		0		0		0		81		0		81		0		81		81		0		0		0		0		0		0		0		0		0		0		81		0		0		0		81		81		0		0		0		81		0		0		81		0		0		0		0		81		0		0		0		0		0		0		
0		0		0		0		0		0		81		0		0		0		81		81		81		81		0		0		0		81		0		0		81		0		0		81		0		0		0		0		0		81		0		0		0		81		0		81		0		81		0		0		0		0		81		0		0		0		81		81		0		0		0		0		0		81		0		81		81		0		0		81		0		0		81		0		0		0		0		0		0		0		0		0		0		0		0		0		0		0		0		0		
0		0		0		0		0		0		0		0		0		81		81		0		81		81		0		0		0		0		0		81		0		0		0		0		0		0		0		0		0		0		0		81		0		81		81		0		0		0		81		0		0		0		81		81		0		81		0		0		0		0		81		0		0		81		81		0		0		0		81		0		0		0		0		0		0		0		81		0		0		0		0		81		0		81		0		81		0		0		81		81		
81		81		0		0		0		0		0		0		0		0		0		81		0		0		81		81		81		0		0		81		0		0		0		0		81		81		0		0		0		0		0		81		0		0		0		0		0		0		0		81		0		81		0		0		81		0		81		0		81		0		0		0		0		0		81		0		81		0		0		0		0		81		0		0		0		0		0		0		81		0		0		0		0		0		81		0		0		0		0		0		
0		0		81		81		0		0		81		0		0		0		0		0		81		81		81		81		81		0		0		81		0		81		0		0		81		0		81		0		81		81		81		81		0		0		81		81		81		0		0		0		81		81		0		0		0		0		81		0		81		0		0		0		0		0		81		0		81		0		0		81		81		0		0		0		81		81		0		0		81		0		0		0		81		0		81		81		81		81		81		0		
0		0		0		0		0		0		0		81		0		81		0		0		81		0		0		0		81		81		0		0		0		0		81		0		81		0		0		0		0		0		0		0		0		0		0		81		0		0		0		81		81		81		81		0		0		81		81		81		0		0		0		0		0		0		81		0		81		0		0		0		0		0		0		0		0		81		0		0		0		0		0		0		0		0		0		0		0		0		0		0		
0		81		81		0		0		81		0		0		0		0		0		81		0		0		0		0		0		0		0		0		0		0		81		81		0		0		0		0		81		0		0		81		0		0		81		0		81		81		81		0		0		81		81		81		0		81		0		0		0		0		0		0		0		0		0		0		0		0		0		0		81		0		0		0		0		0		81		0		0		0		0		81		0		81		81		81		0		0		81		0		
0		0		0		0		0		81		0		0		0		0		0		0		0		81		0		0		81		81		0		0		0		81		81		0		81		0		0		0		81		0		0		0		0		0		81		0		0		0		81		0		0		0		81		81		81		0		0		0		0		0		0		81		0		81		0		0		0		0		0		0		0		0		81		0		0		0		0		81		81		81		81		0		0		0		0		0		81		81		0		0		
81		0		0		0		0		0		81		0		0		0		0		81		0		0		81		81		81		0		81		0		0		0		81		0		0		81		0		0		0		81		0		0		0		0		81		81		81		0		0		81		0		0		0		81		81		0		0		0		0		81		81		0		81		0		81		81		0		0		0		0		0		0		0		0		0		0		0		0		81		81		0		0		0		81		0		0		0		0		81		0		
0		81		0		0		81		0		0		0		0		0		0		0		0		0		81		0		81		0		0		81		0		0		0		0		0		0		0		0		0		0		81		0		0		81		0		0		81		0		81		0		0		81		81		0		0		81		81		0		81		81		0		0		0		81		0		0		0		81		0		0		81		81		81		81		0		0		81		0		81		81		0		0		0		0		81		0		0		0		0		0		
81		0		0		81		0		81		0		81		0		81		0		0		0		0		81		0		0		0		81		0		81		0		0		81		0		81		0		81		81		81		0		0		81		0		81		81		0		81		0		81		81		81		0		0		0		81		81		0		0		0		0		0		81		0		0		0		0		0		81		0		0		0		0		81		0		81		0		0		0		0		0		0		81		0		81		0		0		0		0		0		
0		81		81		81		0		81		0		0		81		0		0		0		0		0		0		0		81		0		0		81		0		0		0		0		81		0		0		0		0		0		0		0		0		0		0		81		0		81		0		0		0		81		0		0		0		0		0		81		0		0		81		0		0		81		81		81		0		81		0		81		81		0		0		0		0		81		0		0		0		81		0		0		0		0		0		81		81		81		0		0		
81		81		0		81		0		0		0		81		0		0		0		0		0		81		0		0		0		0		0		81		0		81		0		0		0		0		0		81		81		81		0		0		0		0		0		81		0		0		0		81		81		0		0		0		0		81		0		0		81		81		0		0		0		0		0		0		0		0		0		0		81		0		0		0		0		0		0		0		0		0		0		0		0		0		0		0		0		0		0		0		
0		0		0		0		0		0		81		81		0		0		0		81		81		0		81		0		0		0		0		0		0		81		0		81		81		0		0		0		81		0		0		81		0		0		81		0		0		0		0		0		0		0		0		0		81		81		0		0		81		81		0		0		0		81		0		81		0		0		0		81		0		0		0		0		0		0		0		0		0		0		81		0		0		0		0		81		0		0		0		0		
0		0		81		0		0		0		0		0		0		0		0		0		0		81		0		0		0		0		81		81		81		0		81		81		0		0		0		0		81		81		81		0		81		0		0		0		0		0		81		0		0		0		0		0		81		0		0		81		0		0		81		0		81		0		0		0		0		0		81		81		0		0		0		81		81		0		0		81		81		81		0		0		81		0		0		81		0		81		0		81		
0		81		0		0		0		81		0		81		0		81		81		0		0		81		0		0		0		0		81		81		0		81		81		81		0		0		0		81		0		0		0		0		0		0		0		0		0		0		0		0		0		0		0		81		0		0		0		0		0		0		0		81		0		0		81		0		0		0		0		0		0		81		81		0		81		0		0		0		81		0		0		0		0		81		0		81		81		0		81		81		
81		0		0		0		0		0		0		0		81		0		81		81		0		0		0		0		0		81		0		81		0		81		0		81		0		0		0		0		81		0		81		0		81		0		0		0		0		0		0		0		0		0		0		0		81		0		81		0		0		0		81		0		81		0		0		81		81		0		81		81		81		81		0		0		0		0		0		81		81		0		0		81		81		81		81		0		0		0		0		81		
0		0		0		0		0		0		0		81		0		0		0		0		81		0		0		81		0		81		81		81		0		81		0		0		0		81		81		0		0		0		0		0		81		0		81		81		0		81		81		0		0		0		0		81		0		81		0		81		0		81		0		0		0		81		81		0		0		0		0		81		0		0		0		0		0		0		81		0		81		81		0		81		0		0		0		0		0		0		81		81		
81		0		81		0		0		0		0		0		81		0		0		81		0		81		0		0		81		0		81		0		81		0		0		81		0		0		0		81		0		0		0		0		81		81		0		81		0		0		81		81		81		81		0		0		81		0		0		81		0		0		0		81		0		81		81		0		0		81		81		0		0		0		0		0		81		0		0		0		81		0		0		0		0		0		81		0		0		81		0		81		
0		0		0		81		0		81		81		0		0		0		0		81		0		0		81		0		81		0		0		0		81		0		81		0		0		0		81		0		0		81		81		81		0		0		81		0		0		81		0		0		0		0		0		0		81		0		0		81		0		81		0		0		81		0		0		81		0		0		0		81		0		0		81		0		81		81		0		0		81		81		81		81		81		0		81		0		81		81		81		0		
0		81		0		0		81		0		0		81		0		81		0		81		0		0		0		0		0		81		0		81		0		0		81		0		81		81		0		0		0		0		0		0		0		0		0		0		81		81		0		81		81		81		0		0		0		0		0		0		0		0		0		0		81		0		0		0		81		0		0		0		0		0		81		81		0		81		0		81		0		0		81		81		0		81		0		0		81		0		81		81		
0		0		0		81		0		0		0		0		81		0		0		0		0		81		0		81		0		0		0		0		0		0		81		0		0		81		81		0		81		0		0		0		0		0		0		0		0		0		0		0		0		0		0		0		0		81		0		81		0		0		0		0		0		0		81		0		0		81		0		0		0		0		81		0		0		0		0		81		81		0		81		0		0		0		0		0		0		0		0		81		
0		81		0		0		0		0		0		0		81		0		81		0		0		0		81		0		0		0		0		0		0		0		0		0		0		81		81		0		81		81		0		81		0		0		0		0		0		0		81		0		0		0		0		0		0		0		81		0		0		0		81		0		81		0		81		0		0		0		81		0		81		0		0		81		0		0		0		0		0		0		0		0		0		0		0		81		0		0		0		0		
0		0		81		0		81		0		0		0		0		81		0		0		0		81		81		0		0		0		0		0		0		0		81		0		0		0		0		0		0		0		81		0		0		0		0		0		0		81		0		0		81		0		0		0		0		0		0		81		0		81		81		0		81		81		0		81		0		0		0		81		0		0		0		0		0		81		0		81		0		0		0		81		81		0		81		0		0		0		0		0		
0		81		0		0		0		0		81		81		0		0		0		0		81		0		0		0		0		0		0		0		81		0		0		0		0		0		81		81		0		0		0		0		0		81		0		0		81		0		0		0		81		0		81		0		0		81		0		81		81		0		0		0		81		0		0		0		0		0		81		0		81		0		81		0		0		0		0		0		81		81		0		0		0		0		0		81		0		0		81		0		
81		0		81		0		0		0		0		0		81		0		0		0		0		0		0		0		81		0		0		0		81		81		81		0		81		0		0		81		81		0		0		0		81		0		81		0		81		0		0		81		0		0		0		0		0		81		0		0		0		0		0		81		81		0		0		0		0		0		0		0		0		81		0		81		0		0		81		81		0		0		81		0		0		0		0		0		81		0		0		81		
0		81		0		0		0		0		81		0		0		0		0		0		0		0		0		0		0		0		0		81		0		0		0		81		0		0		0		0		81		0		0		0		0		0		81		81		0		81		0		0		0		0		0		81		0		81		0		0		0		0		0		81		0		0		0		81		81		81		0		0		81		0		81		0		81		0		0		0		0		0		81		81		0		81		0		0		81		0		0		0		
81		0		81		0		0		0		0		81		0		81		81		0		0		0		0		0		0		0		0		0		0		0		81		81		0		0		0		0		81		81		0		0		81		0		81		0		0		0		0		0		0		0		0		0		0		81		81		0		0		0		81		0		0		0		0		0		81		0		81		0		0		81		0		81		81		81		81		81		81		81		0		81		0		0		81		0		0		0		0		0		
0		0		81		81		81		0		0		81		0		0		0		0		0		0		0		0		0		0		81		0		81		81		0		81		0		81		0		81		0		0		0		0		0		0		81		0		0		0		0		0		81		0		0		0		0		0		0		0		0		0		81		81		0		0		81		81		0		0		0		0		0		0		81		81		81		0		0		0		0		0		81		0		0		0		0		0		0		81		81		0		
0		81		81		0		0		0		0		0		0		81		81		0		0		81		0		0		0		0		81		0		0		0		0		81		0		0		81		0		81		0		0		81		81		81		81		81		81		0		0		0		81		81		0		0		0		0		81		81		0		0		0		0		0		0		0		81		81		0		0		81		0		0		0		81		0		81		0		81		0		81		0		0		0		0		0		0		81		0		81		81		
81		81		0		0		0		0		81		0		0		81		81		81		0		0		0		81		0		0		0		81		81		81		0		0		0		81		0		0		0		0		0		0		0		81		0		0		0		0		81		0		0		0		81		0		0		81		0		0		0		0		0		0		0		81		0		0		0		0		0		0		0		81		0		81		0		0		81		81		0		81		81		0		81		0		81		0		0		81		81		0		
0		81		0		0		0		81		81		81		0		0		81		0		0		0		0		0		81		0		0		81		0		0		81		0		0		0		0		0		0		0		0		81		0		81		81		0		0		0		0		0		0		0		0		81		0		0		0		0		0		0		81		0		81		0		0		0		81		81		0		81		0		81		0		81		0		81		81		81		0		81		0		81		0		81		81		0		0		0		0		0		
0		0		0		81		81		81		81		0		0		0		0		81		81		0		81		81		0		81		0		81		0		0		0		0		0		0		0		0		0		0		81		0		0		0		81		0		81		0		0		81		81		0		0		81		81		81		0		0		0		0		81		81		81		81		81		81		0		81		0		0		81		0		0		81		0		0		0		0		81		0		81		81		81		0		0		0		0		81		81		81		
81		0		81		0		0		0		0		0		0		0		0		0		0		0		0		81		81		0		0		81		0		0		0		0		0		0		81		0		0		81		81		81		0		0		0		0		0		0		0		0		0		0		0		81		81		81		0		81		0		0		81		0		0		81		0		81		0		0		0		0		81		0		0		81		0		81		81		81		0		81		0		0		0		0		81		81		0		81		81		0		
0		0		0		81		0		0		0		0		0		81		0		0		0		81		0		0		0		0		81		0		81		0		0		81		0		0		0		81		0		0		81		0		81		0		0		0		0		0		0		0		0		0		0		81		0		0		0		0		0		81		0		0		0		0		0		81		81		81		0		0		0		81		81		0		81		0		81		0		81		0		81		0		0		0		0		0		0		81		0		0		
0		0		0		0		0		0		0		0		81		0		0		0		0		81		81		0		81		0		0		0		0		0		0		0		81		0		0		0		0		0		81		0		81		0		81		0		0		0		81		0		0		0		81		0		0		0		0		0		0		0		0		0		81		81		0		81		81		0		0		81		0		0		81		81		0		0		0		81		81		0		0		81		0		0		81		0		0		0		0		0		
0		81		81		0		0		81		0		0		81		0		0		0		0		81		81		81		0		0		81		0		0		0		81		0		0		81		81		81		0		0		0		0		0		81		0		81		0		0		0		0		81		0		0		0		0		0		81		0		0		0		81		0		81		0		0		81		0		0		0		81		0		0		0		0		0		0		81		0		81		0		0		0		81		81		0		0		81		81		0		81		
81		0		0		81		0		0		0		0		0		0		0		81		0		0		0		81		0		81		0		0		0		0		0		0		81		81		81		81		0		0		81		0		81		0		81		0		81		0		81		0		0		0		81		0		81		0		0		0		0		0		0		81		81		0		0		0		81		0		0		0		0		0		81		0		0		0		0		81		0		0		0		0		81		81		0		81		81		81		0		81		
0		0		0		0		0		81		0		0		81		0		81		0		0		81		81		0		0		0		81		81		0		0		81		0		0		81		81		0		0		0		0		0		0		0		0		0		0		0		0		81		81		0		81		0		0		81		81		0		0		0		0		0		81		0		81		81		0		0		0		81		0		0		0		81		0		0		81		81		0		81		0		81		0		0		81		81		0		81		81		0		
81		81		0		81		81		0		0		81		81		0		0		0		0		81		0		81		0		81		81		81		81		0		0		0		0		0		0		81		0		0		0		81		81		81		0		81		0		0		81		0		81		0		81		0		0		0		0		81		0		81		81		81		0		0		0		0		0		0		81		0		81		0		0		0		0		0		0		0		0		81		0		0		0		81		81		81		0		0		0		0		
0		0		0		0		0		0		0		0		81		0		0		0		81		81		81		0		0		0		81		0		0		0		81		81		81		0		0		0		0		0		0		0		0		0		81		0		0		0		0		0		81		0		0		81		0		0		0		81		0		0		0		81		0		0		0		81		81		0		0		0		0		81		81		0		0		81		0		0		0		0		0		0		81		81		0		0		81		81		81		0		
0		0		0		0		0		0		0		0		0		0		0		0		81		0		0		0		0		0		81		0		0		81		0		0		81		81		0		0		0		0		81		0		81		81		0		0		0		0		0		0		81		0		0		81		0		0		0		81		0		0		81		0		0		0		81		81		0		0		0		0		0		0		0		0		81		0		81		0		81		81		81		0		81		81		81		0		81		81		0		81		
81		0		0		81		0		81		0		0		0		81		0		0		0		0		0		81		81		0		81		0		0		0		0		0		81		0		0		81		0		0		0		0		81		0		0		0		0		0		81		0		81		0		81		0		81		0		0		0		0		0		0		81		0		81		0		81		81		0		0		0		81		0		0		0		81		81		81		0		81		81		0		0		0		0		81		0		81		0		81		0		
0		0		0		0		0		0		0		81		0		0		0		0		0		81		0		81		0		0		0		0		0		0		0		81		0		0		0		0		81		81		81		0		0		0		0		0		0		0		81		0		0		0		0		0		0		0		0		0		0		0		81		81		81		81		81		0		81		81		0		0		0		81		0		0		0		81		0		0		81		0		0		0		81		81		0		0		0		81		0		81		
NDC Pairs
< 1		6 >
< 1		8 >
< 1		13 >
< 1		15 >
< 1		18 >
< 1		19 >
< 1		22 >
< 1		24 >
< 1		26 >
< 1		30 >
< 1		37 >
< 1		40 >
< 1		45 >
< 1		47 >
< 1		49 >
< 1		53 >
< 1		55 >
< 1		62 >
< 1		64 >
< 1		67 >
< 1		70 >
< 1		74 >
< 1		76 >
< 1		79 >
< 2		5 >
< 2		6 >
< 2		8 >
< 2		14 >
< 2		17 >
< 2		20 >
< 2		31 >
< 2		40 >
< 2		43 >
< 2		46 >
< 2		48 >
< 2		49 >
< 2		52 >
< 2		57 >
< 2		59 >
< 2		61 >
< 2		63 >
< 2		66 >
< 2		67 >
< 2		68 >
< 2		73 >
< 2		76 >
< 3		7 >
< 3		9 >
< 3		20 >
< 3		24 >
< 3		26 >
< 3		27 >
< 3		28 >
< 3		35 >
< 3		41 >
< 3		43 >
< 3		48 >
< 3		51 >
< 3		55 >
< 3		60 >
< 3		62 >
< 3		64 >
< 3		65 >
< 3		66 >
< 3		70 >
< 3		73 >
< 4		11 >
< 4		25 >
< 4		34 >
< 4		36 >
< 4		41 >
< 4		47 >
< 4		48 >
< 4		49 >
< 4		56 >
< 4		58 >
< 4		65 >
< 4		69 >
< 4		71 >
< 4		74 >
< 4		76 >
< 4		79 >
< 5		6 >
< 5		9 >
< 5		15 >
< 5		18 >
< 5		19 >
< 5		20 >
< 5		24 >
< 5		27 >
< 5		31 >
< 5		34 >
< 5		36 >
< 5		37 >
< 5		46 >
< 5		57 >
< 5		60 >
< 5		65 >
< 5		69 >
< 5		76 >
< 6		9 >
< 6		11 >
< 6		14 >
< 6		17 >
< 6		20 >
< 6		24 >
< 6		31 >
< 6		34 >
< 6		43 >
< 6		44 >
< 6		47 >
< 6		48 >
< 6		52 >
< 6		56 >
< 6		68 >
< 6		69 >
< 6		73 >
< 6		75 >
< 6		79 >
< 7		9 >
< 7		10 >
< 7		21 >
< 7		23 >
< 7		24 >
< 7		29 >
< 7		31 >
< 7		32 >
< 7		34 >
< 7		36 >
< 7		37 >
< 7		38 >
< 7		41 >
< 7		45 >
< 7		50 >
< 7		56 >
< 7		61 >
< 7		63 >
< 7		67 >
< 7		68 >
< 7		69 >
< 8		23 >
< 8		27 >
< 8		30 >
< 8		32 >
< 8		34 >
< 8		35 >
< 8		42 >
< 8		47 >
< 8		49 >
< 8		50 >
< 8		52 >
< 8		54 >
< 8		57 >
< 8		61 >
< 8		64 >
< 8		65 >
< 8		68 >
< 8		76 >
< 8		80 >
< 9		11 >
< 9		12 >
< 9		14 >
< 9		16 >
< 9		17 >
< 9		19 >
< 9		23 >
< 9		27 >
< 9		29 >
< 9		30 >
< 9		31 >
< 9		34 >
< 9		48 >
< 9		53 >
< 9		55 >
< 9		58 >
< 9		59 >
< 9		62 >
< 9		72 >
< 9		73 >
< 9		75 >
< 9		76 >
< 9		77 >
< 10		14 >
< 10		17 >
< 10		20 >
< 10		22 >
< 10		23 >
< 10		27 >
< 10		28 >
< 10		32 >
< 10		34 >
< 10		39 >
< 10		42 >
< 10		47 >
< 10		52 >
< 10		57 >
< 10		60 >
< 10		64 >
< 10		66 >
< 10		67 >
< 10		71 >
< 10		79 >
< 11		15 >
< 11		18 >
< 11		34 >
< 11		37 >
< 11		38 >
< 11		39 >
< 11		52 >
< 11		53 >
< 11		59 >
< 11		64 >
< 11		66 >
< 11		67 >
< 11		68 >
< 11		75 >
< 12		13 >
< 12		16 >
< 12		17 >
< 12		32 >
< 12		35 >
< 12		36 >
< 12		38 >
< 12		40 >
< 12		43 >
< 12		45 >
< 12		50 >
< 12		53 >
< 12		55 >
< 12		56 >
< 12		57 >
< 12		67 >
< 12		69 >
< 12		74 >
< 13		27 >
< 13		35 >
< 13		38 >
< 13		39 >
< 13		41 >
< 13		42 >
< 13		50 >
< 13		54 >
< 13		61 >
< 13		69 >
< 13		77 >
< 13		78 >
< 14		15 >
< 14		16 >
< 14		17 >
< 14		19 >
< 14		28 >
< 14		30 >
< 14		32 >
< 14		38 >
< 14		39 >
< 14		41 >
< 14		44 >
< 14		49 >
< 14		51 >
< 14		52 >
< 14		55 >
< 14		58 >
< 14		60 >
< 14		66 >
< 14		71 >
< 14		72 >
< 14		73 >
< 14		75 >
< 14		76 >
< 14		77 >
< 14		80 >
< 15		18 >
< 15		25 >
< 15		29 >
< 15		32 >
< 15		37 >
< 15		40 >
< 15		41 >
< 15		45 >
< 15		46 >
< 15		47 >
< 15		50 >
< 15		56 >
< 15		59 >
< 15		60 >
< 15		69 >
< 15		72 >
< 15		73 >
< 15		75 >
< 15		77 >
< 16		19 >
< 16		21 >
< 16		22 >
< 16		28 >
< 16		30 >
< 16		31 >
< 16		33 >
< 16		35 >
< 16		37 >
< 16		40 >
< 16		41 >
< 16		45 >
< 16		54 >
< 16		58 >
< 16		67 >
< 16		69 >
< 16		70 >
< 16		73 >
< 16		74 >
< 16		76 >
< 16		79 >
< 16		80 >
< 17		18 >
< 17		19 >
< 17		20 >
< 17		24 >
< 17		27 >
< 17		29 >
< 17		34 >
< 17		37 >
< 17		40 >
< 17		41 >
< 17		42 >
< 17		44 >
< 17		45 >
< 17		46 >
< 17		48 >
< 17		55 >
< 17		56 >
< 17		62 >
< 17		68 >
< 17		70 >
< 17		72 >
< 17		79 >
< 18		20 >
< 18		24 >
< 18		25 >
< 18		29 >
< 18		35 >
< 18		38 >
< 18		42 >
< 18		44 >
< 18		53 >
< 18		54 >
< 18		57 >
< 18		69 >
< 18		74 >
< 18		76 >
< 19		21 >
< 19		25 >
< 19		26 >
< 19		35 >
< 19		45 >
< 19		47 >
< 19		51 >
< 19		52 >
< 19		54 >
< 19		55 >
< 19		65 >
< 19		66 >
< 19		71 >
< 19		73 >
< 19		75 >
< 19		76 >
< 19		77 >
< 19		78 >
< 19		79 >
< 20		21 >
< 20		22 >
< 20		24 >
< 20		29 >
< 20		32 >
< 20		33 >
< 20		39 >
< 20		40 >
< 20		41 >
< 20		46 >
< 20		48 >
< 20		49 >
< 20		51 >
< 20		52 >
< 20		53 >
< 20		54 >
< 20		57 >
< 20		63 >
< 20		67 >
< 20		68 >
< 20		69 >
< 20		70 >
< 20		75 >
< 20		76 >
< 21		26 >
< 21		27 >
< 21		31 >
< 21		33 >
< 21		37 >
< 21		38 >
< 21		47 >
< 21		51 >
< 21		55 >
< 21		56 >
< 21		61 >
< 21		62 >
< 21		65 >
< 21		67 >
< 21		71 >
< 21		76 >
< 22		24 >
< 22		28 >
< 22		41 >
< 22		44 >
< 22		49 >
< 22		50 >
< 22		52 >
< 22		53 >
< 22		54 >
< 22		62 >
< 22		65 >
< 22		67 >
< 22		78 >
< 23		28 >
< 23		31 >
< 23		34 >
< 23		35 >
< 23		37 >
< 23		42 >
< 23		43 >
< 23		44 >
< 23		45 >
< 23		51 >
< 23		52 >
< 23		56 >
< 23		57 >
< 23		58 >
< 23		60 >
< 23		62 >
< 23		64 >
< 23		68 >
< 23		73 >
< 23		75 >
< 23		77 >
< 24		25 >
< 24		26 >
< 24		30 >
< 24		36 >
< 24		38 >
< 24		43 >
< 24		47 >
< 24		50 >
< 24		51 >
< 24		52 >
< 24		53 >
< 24		55 >
< 24		63 >
< 24		64 >
< 24		65 >
< 24		66 >
< 24		71 >
< 24		77 >
< 24		80 >
< 25		31 >
< 25		36 >
< 25		40 >
< 25		41 >
< 25		42 >
< 25		44 >
< 25		48 >
< 25		50 >
< 25		57 >
< 25		62 >
< 25		72 >
< 25		74 >
< 25		77 >
< 25		78 >
< 25		79 >
< 26		27 >
< 26		28 >
< 26		30 >
< 26		33 >
< 26		40 >
< 26		45 >
< 26		47 >
< 26		54 >
< 26		57 >
< 26		58 >
< 26		59 >
< 26		65 >
< 26		67 >
< 26		73 >
< 26		74 >
< 26		75 >
< 26		78 >
< 27		28 >
< 27		32 >
< 27		33 >
< 27		34 >
< 27		35 >
< 27		37 >
< 27		41 >
< 27		54 >
< 27		56 >
< 27		58 >
< 27		59 >
< 27		61 >
< 27		66 >
< 27		70 >
< 27		73 >
< 27		74 >
< 27		75 >
< 28		32 >
< 28		35 >
< 28		37 >
< 28		47 >
< 28		49 >
< 28		52 >
< 28		55 >
< 28		61 >
< 28		62 >
< 28		65 >
< 28		71 >
< 28		73 >
< 28		74 >
< 28		76 >
< 28		79 >
< 29		30 >
< 29		32 >
< 29		37 >
< 29		41 >
< 29		43 >
< 29		44 >
< 29		47 >
< 29		49 >
< 29		50 >
< 29		51 >
< 29		53 >
< 29		58 >
< 29		59 >
< 29		62 >
< 29		63 >
< 29		64 >
< 29		66 >
< 29		80 >
< 30		38 >
< 30		41 >
< 30		45 >
< 30		47 >
< 30		49 >
< 30		51 >
< 30		56 >
< 30		59 >
< 30		64 >
< 30		70 >
< 30		80 >
< 31		32 >
< 31		35 >
< 31		36 >
< 31		41 >
< 31		46 >
< 31		51 >
< 31		53 >
< 31		56 >
< 31		60 >
< 31		69 >
< 31		70 >
< 31		71 >
< 31		72 >
< 31		74 >
< 31		78 >
< 31		80 >
< 32		39 >
< 32		40 >
< 32		41 >
< 32		43 >
< 32		50 >
< 32		56 >
< 32		59 >
< 32		66 >
< 32		68 >
< 32		70 >
< 32		76 >
< 33		47 >
< 33		51 >
< 33		53 >
< 33		54 >
< 33		55 >
< 33		62 >
< 33		64 >
< 33		66 >
< 33		71 >
< 33		72 >
< 33		74 >
< 33		76 >
< 33		78 >
< 33		79 >
< 34		35 >
< 34		37 >
< 34		38 >
< 34		39 >
< 34		46 >
< 34		55 >
< 34		61 >
< 34		66 >
< 34		67 >
< 34		68 >
< 34		73 >
< 34		76 >
< 34		78 >
< 35		36 >
< 35		37 >
< 35		39 >
< 35		41 >
< 35		43 >
< 35		44 >
< 35		45 >
< 35		47 >
< 35		50 >
< 35		54 >
< 35		56 >
< 35		62 >
< 35		63 >
< 35		64 >
< 35		65 >
< 35		66 >
< 35		68 >
< 35		69 >
< 35		72 >
< 35		74 >
< 35		77 >
< 36		38 >
< 36		41 >
< 36		42 >
< 36		45 >
< 36		47 >
< 36		48 >
< 36		49 >
< 36		54 >
< 36		55 >
< 36		63 >
< 36		66 >
< 36		73 >
< 36		76 >
< 37		41 >
< 37		43 >
< 37		45 >
< 37		46 >
< 37		57 >
< 37		61 >
< 37		62 >
< 37		66 >
< 37		69 >
< 37		74 >
< 38		43 >
< 38		47 >
< 38		48 >
< 38		54 >
< 38		56 >
< 38		57 >
< 38		60 >
< 38		63 >
< 39		43 >
< 39		44 >
< 39		46 >
< 39		51 >
< 39		54 >
< 39		55 >
< 39		59 >
< 39		67 >
< 39		72 >
< 39		74 >
< 39		76 >
< 39		79 >
< 39		80 >
< 40		42 >
< 40		45 >
< 40		47 >
< 40		49 >
< 40		55 >
< 40		57 >
< 40		62 >
< 40		69 >
< 40		75 >
< 41		42 >
< 41		47 >
< 41		49 >
< 41		55 >
< 41		57 >
< 41		60 >
< 41		61 >
< 41		65 >
< 41		66 >
< 41		69 >
< 41		73 >
< 41		75 >
< 41		76 >
< 41		77 >
< 41		78 >
< 41		79 >
< 42		43 >
< 42		46 >
< 42		47 >
< 42		48 >
< 42		55 >
< 42		57 >
< 42		66 >
< 43		44 >
< 43		46 >
< 43		61 >
< 43		67 >
< 43		72 >
< 43		74 >
< 43		75 >
< 43		76 >
< 43		79 >
< 44		45 >
< 44		52 >
< 44		54 >
< 44		63 >
< 44		68 >
< 44		69 >
< 44		70 >
< 44		71 >
< 44		77 >
< 44		78 >
< 45		50 >
< 45		51 >
< 45		53 >
< 45		55 >
< 45		56 >
< 45		69 >
< 45		70 >
< 45		74 >
< 45		79 >
< 46		47 >
< 46		49 >
< 46		50 >
< 46		54 >
< 46		58 >
< 46		61 >
< 46		62 >
< 46		63 >
< 46		64 >
< 46		67 >
< 46		69 >
< 46		70 >
< 46		75 >
< 47		53 >
< 47		59 >
< 47		64 >
< 47		66 >
< 47		73 >
< 47		75 >
< 48		51 >
< 48		54 >
< 48		55 >
< 48		56 >
< 48		58 >
< 48		60 >
< 48		61 >
< 48		66 >
< 48		70 >
< 48		76 >
< 48		77 >
< 48		78 >
< 49		50 >
< 49		61 >
< 50		54 >
< 50		56 >
< 50		60 >
< 50		71 >
< 50		76 >
< 51		53 >
< 51		59 >
< 51		60 >
< 51		64 >
< 51		65 >
< 51		68 >
< 51		69 >
< 51		70 >
< 51		73 >
< 51		76 >
< 51		78 >
< 51		80 >
< 52		55 >
< 52		62 >
< 52		63 >
< 52		65 >
< 52		69 >
< 52		74 >
< 52		76 >
< 52		77 >
< 52		79 >
< 52		80 >
< 53		56 >
< 53		57 >
< 53		59 >
< 53		60 >
< 53		61 >
< 53		62 >
< 53		68 >
< 53		69 >
< 53		72 >
< 53		73 >
< 53		74 >
< 53		75 >
< 53		80 >
< 54		55 >
< 54		60 >
< 54		67 >
< 54		69 >
< 54		70 >
< 54		72 >
< 54		79 >
< 54		80 >
< 55		58 >
< 55		59 >
< 55		65 >
< 55		69 >
< 55		75 >
< 55		78 >
< 55		80 >
< 56		60 >
< 56		63 >
< 56		65 >
< 56		66 >
< 56		69 >
< 56		70 >
< 56		71 >
< 56		72 >
< 56		73 >
< 56		75 >
< 56		77 >
< 56		78 >
< 56		79 >
< 57		63 >
< 57		64 >
< 57		66 >
< 57		68 >
< 57		71 >
< 57		72 >
< 57		74 >
< 57		77 >
< 57		79 >
< 57		80 >
< 58		63 >
< 58		68 >
< 58		69 >
< 58		71 >
< 58		80 >
< 59		61 >
< 59		64 >
< 59		76 >
< 60		66 >
< 60		68 >
< 60		72 >
< 60		73 >
< 60		75 >
< 61		63 >
< 61		69 >
< 61		70 >
< 61		76 >
< 61		79 >
< 62		64 >
< 62		67 >
< 62		68 >
< 62		71 >
< 62		77 >
< 62		80 >
< 63		65 >
< 63		71 >
< 63		72 >
< 63		74 >
< 63		77 >
< 64		65 >
< 64		66 >
< 64		67 >
< 64		68 >
< 64		69 >
< 64		70 >
< 64		72 >
< 64		75 >
< 65		71 >
< 65		78 >
< 65		79 >
< 66		68 >
< 66		70 >
< 66		77 >
< 66		79 >
< 66		80 >
< 67		68 >
< 67		70 >
< 67		71 >
< 67		73 >
< 67		75 >
< 67		78 >
< 67		79 >
< 68		70 >
< 68		72 >
< 68		74 >
< 68		75 >
< 69		71 >
< 69		72 >
< 69		73 >
< 69		78 >
< 69		79 >
< 69		80 >
< 70		75 >
< 70		76 >
< 70		78 >
< 70		79 >
< 71		78 >
< 72		75 >
< 73		74 >
< 73		77 >
< 73		78 >
< 73		80 >
< 74		76 >
< 74		77 >
< 74		78 >
< 74		80 >
< 75		76 >
< 75		78 >
< 75		79 >
< 77		78 >
< 77		79 >
< 78		80 >
