nNodes= 80
nPairs= 925  
Weight
4
2
3
3
4
2
3
2
2
3
3
3
3
4
3
2
3
3
2
3
4
4
4
4
3
2
4
2
3
4
2
2
2
4
4
3
3
2
2
3
2
3
2
2
2
3
3
2
4
4
3
3
4
4
4
4
4
3
3
2
3
4
3
4
2
2
3
3
4
3
3
2
3
2
3
3
4
2
3
4
Cost
81		0		81		0		0		0		0		0		81		0		0		0		81		0		0		0		81		0		0		0		0		0		0		0		0		0		0		81		81		0		0		0		0		81		0		81		0		81		0		81		81		0		81		81		0		0		81		0		0		0		81		0		81		0		0		0		0		81		0		0		0		0		0		81		0		0		81		0		81		0		0		0		0		81		0		0		0		81		0		0		
0		81		0		0		81		0		0		0		81		0		0		0		0		0		0		0		81		0		0		0		0		0		81		0		0		0		0		81		81		0		0		0		0		0		0		0		81		81		81		81		0		0		0		0		0		0		81		0		81		0		0		81		81		0		0		0		0		0		0		0		81		81		0		0		81		0		0		0		0		0		81		81		0		0		81		0		81		0		81		0		
81		0		81		0		81		0		0		0		0		81		0		0		0		81		0		0		0		81		81		0		0		0		0		0		81		0		0		0		81		0		81		0		81		81		81		81		0		81		0		0		0		81		81		0		81		81		81		0		0		0		0		0		0		0		0		0		0		81		0		0		0		0		0		0		0		0		81		81		0		81		0		0		81		0		0		0		81		0		0		0		
0		0		0		81		0		0		0		81		81		81		81		0		0		0		0		81		0		81		0		0		81		0		0		81		0		81		0		81		0		81		0		81		0		0		0		0		81		0		81		81		81		81		0		81		81		0		0		81		81		0		0		0		0		81		0		0		0		0		81		0		0		0		0		81		81		81		81		81		0		81		81		81		0		81		0		0		81		81		0		0		
0		81		81		0		81		0		0		0		0		0		81		81		0		81		81		0		81		0		81		0		0		0		0		0		0		0		0		0		0		81		0		0		0		0		0		81		0		0		0		0		0		81		0		0		81		0		0		81		0		0		0		0		0		81		0		0		0		0		81		0		0		0		81		81		0		0		0		0		0		0		81		0		0		81		81		0		0		81		0		0		
0		0		0		0		0		81		0		81		0		0		0		0		0		0		0		0		0		0		0		0		0		0		81		0		0		0		81		0		0		81		81		0		0		0		0		0		0		81		81		0		0		81		0		81		0		0		81		0		81		81		81		0		0		0		0		81		81		81		0		0		0		81		81		81		81		0		0		0		0		81		0		0		81		81		0		0		0		0		81		0		
0		0		0		0		0		0		81		0		0		0		0		81		81		81		0		81		0		81		0		81		0		0		81		0		0		0		0		0		81		0		0		0		0		0		0		0		81		0		0		0		0		0		0		0		0		0		0		0		0		0		0		0		0		0		0		0		0		0		0		81		0		0		81		0		81		0		0		81		0		0		0		81		0		0		0		81		0		0		0		81		
0		0		0		81		0		81		0		81		0		81		0		0		0		0		0		0		0		0		0		0		81		0		0		0		0		0		81		0		0		0		81		0		0		81		0		0		0		0		0		0		81		81		0		0		0		0		0		0		81		0		0		81		81		0		0		81		0		0		0		0		81		0		0		81		0		0		0		0		0		81		0		81		0		0		0		81		0		0		0		0		
81		81		0		81		0		0		0		0		81		81		0		0		0		0		81		0		81		81		0		81		81		0		0		81		0		0		0		0		0		0		81		0		0		81		0		0		0		0		0		0		0		81		0		0		81		0		0		81		0		0		0		0		81		0		0		0		81		0		0		0		81		0		0		0		81		81		81		81		0		0		0		0		0		0		0		0		0		81		0		0		
0		0		81		81		0		0		0		81		81		81		0		0		0		0		81		0		0		0		81		81		81		0		81		81		0		0		81		0		81		0		81		0		0		81		0		0		0		81		0		81		81		0		81		81		0		0		0		81		0		0		0		0		0		0		0		0		0		81		0		0		0		0		0		81		81		0		0		0		81		0		0		0		0		0		81		0		0		0		81		0		
0		0		0		81		81		0		0		0		0		0		81		0		0		81		0		0		0		81		0		81		0		0		0		81		81		0		0		0		81		0		0		0		0		0		0		0		81		0		0		81		0		0		0		0		0		0		81		0		0		0		0		0		0		0		81		0		81		0		0		0		0		0		81		81		81		0		0		81		81		0		0		0		0		0		81		81		0		0		0		0		
0		0		0		0		81		0		81		0		0		0		0		81		0		0		0		0		81		81		0		81		0		0		0		0		0		0		0		81		0		0		0		0		0		0		81		0		0		81		0		81		0		0		0		0		0		0		81		81		81		81		0		0		0		81		0		0		0		0		0		0		81		81		81		0		0		0		0		0		0		0		81		0		0		0		0		81		0		0		0		0		
81		0		0		0		0		0		81		0		0		0		0		0		81		0		0		0		81		81		0		0		0		0		0		0		0		0		81		0		81		0		0		0		0		0		81		0		0		81		0		0		81		81		0		0		0		0		0		81		0		0		0		81		81		0		81		0		81		0		0		81		0		81		0		81		81		0		81		81		81		0		81		0		81		0		0		0		81		81		81		0		
0		0		81		0		81		0		81		0		0		0		81		0		0		81		0		0		0		0		81		0		0		0		81		0		0		0		0		0		0		0		0		0		0		0		0		0		81		0		0		0		81		0		0		81		0		0		0		81		81		81		0		0		0		81		0		0		81		0		0		0		81		0		0		0		0		0		0		0		0		81		0		0		0		0		0		0		0		81		0		0		
0		0		0		0		81		0		0		0		81		81		0		0		0		0		81		81		81		0		81		81		0		0		81		81		0		0		0		0		81		81		81		0		81		0		0		0		0		81		0		81		81		81		0		0		81		0		81		0		0		0		0		0		0		0		81		0		81		0		0		81		0		81		0		0		81		0		0		0		0		81		0		0		0		0		0		81		0		0		0		0		
0		0		0		81		0		0		81		0		0		0		0		0		0		0		81		81		81		0		81		0		0		0		0		0		0		0		0		0		81		0		0		0		0		0		0		0		81		0		0		0		0		0		0		0		81		0		81		0		0		0		81		0		81		0		81		0		81		0		0		0		0		0		81		0		0		0		0		0		81		0		81		0		81		0		81		0		0		0		81		0		
81		81		0		0		81		0		0		0		81		0		0		81		81		0		81		81		81		81		0		0		81		0		0		0		0		81		0		81		0		0		0		81		0		0		81		0		0		0		0		0		0		0		0		0		0		0		0		0		0		0		81		81		0		0		0		0		81		0		0		81		0		81		0		0		0		0		0		0		0		0		0		81		81		81		0		0		0		81		81		81		
0		0		81		81		0		0		81		0		81		0		81		81		81		0		0		0		81		81		0		0		0		0		81		0		81		0		0		81		0		81		0		0		0		0		0		81		81		0		0		81		0		81		81		81		0		0		0		0		0		81		81		0		0		0		0		0		0		0		0		81		0		0		81		0		0		0		81		0		81		0		0		81		0		0		0		81		0		0		0		0		
0		0		81		0		81		0		0		0		0		81		0		0		0		81		81		81		0		0		81		0		0		0		81		0		81		0		0		0		0		81		81		81		0		81		0		81		0		0		81		0		0		0		81		0		0		81		0		0		0		81		0		0		0		0		0		0		0		0		81		0		81		81		0		0		0		0		81		0		0		0		81		0		0		81		0		81		0		0		81		0		
0		0		0		0		0		0		81		0		81		81		81		81		0		0		81		0		0		0		0		81		81		0		81		81		0		81		0		0		81		81		81		0		0		0		81		81		0		0		0		0		0		0		81		81		81		81		0		0		0		0		0		81		0		0		81		81		0		0		0		0		0		0		0		0		0		0		81		0		0		0		0		0		81		0		81		0		0		0		0		0		
0		0		0		81		0		0		0		81		81		81		0		0		0		0		0		0		81		0		0		81		81		0		0		81		0		81		81		0		81		0		0		0		0		81		81		0		0		0		0		0		81		0		0		81		81		0		81		0		0		0		0		0		81		81		0		0		81		81		0		81		81		0		0		0		81		81		0		0		81		81		81		81		0		81		0		0		81		81		0		0		
0		0		0		0		0		0		0		0		0		0		0		0		0		0		0		0		0		0		0		0		0		81		0		0		0		0		0		81		0		0		81		0		0		0		0		81		0		0		0		0		0		0		81		81		0		0		0		0		81		0		0		81		81		0		0		0		81		0		81		0		81		81		0		0		0		81		0		0		0		0		81		81		0		0		81		81		0		81		0		0		
0		81		0		0		0		81		81		0		0		81		0		0		0		81		81		0		0		81		81		81		0		0		81		0		0		0		81		0		0		81		0		0		0		0		81		0		0		0		0		0		0		0		81		0		81		81		81		0		0		0		0		0		0		0		0		0		81		81		0		81		0		0		0		0		0		0		81		0		0		0		81		0		0		0		0		0		0		81		0		0		
0		0		0		81		0		0		0		0		81		81		81		0		0		0		81		0		0		0		0		81		81		0		0		81		0		81		81		81		0		0		0		81		0		0		81		0		81		0		81		0		0		0		81		81		0		0		0		0		0		81		0		0		0		81		81		0		0		0		0		0		0		0		81		0		0		0		81		0		0		0		0		0		0		81		81		0		0		0		0		0		
0		0		81		0		0		0		0		0		0		0		81		0		0		0		0		0		0		81		81		0		0		0		0		0		81		81		81		0		0		0		0		81		81		0		0		81		0		0		81		0		0		0		81		0		0		81		0		0		0		81		0		81		0		0		0		0		0		81		0		0		0		81		0		81		0		0		0		0		0		81		0		0		0		81		0		81		0		81		0		0		
0		0		0		81		0		0		0		0		0		0		0		0		0		0		0		0		81		0		0		81		81		0		0		81		81		81		81		0		0		0		0		81		81		0		0		81		0		0		81		81		0		81		0		0		81		81		0		0		0		0		0		0		0		0		0		81		81		0		0		81		81		81		0		0		81		0		81		0		0		0		0		0		0		0		0		81		0		0		0		0		
0		0		0		0		0		81		0		81		0		81		0		0		81		0		0		0		0		0		0		0		81		0		81		81		81		81		81		0		81		0		81		81		0		0		81		0		81		81		81		0		81		81		0		0		0		81		0		0		0		0		0		81		0		0		0		0		0		0		0		0		81		0		0		0		0		0		0		0		81		0		0		81		0		81		81		81		0		0		0		0		
81		81		0		81		0		0		0		0		0		0		0		81		0		0		0		0		81		81		0		0		0		81		0		81		0		0		0		81		0		81		81		81		0		0		0		0		0		81		0		0		0		81		81		81		0		0		0		0		0		0		0		0		0		0		0		0		81		0		81		0		81		0		0		0		0		0		0		0		0		81		0		81		81		0		0		0		0		81		0		81		
81		81		81		0		0		0		81		0		0		81		81		0		81		0		81		81		0		0		0		81		81		0		0		0		0		0		81		0		81		0		81		81		0		81		0		81		81		0		0		0		0		0		81		0		0		0		0		0		0		0		0		0		81		0		0		0		0		0		81		81		0		0		0		0		0		0		0		0		0		0		0		81		0		0		81		0		0		0		0		0		
0		0		0		81		81		81		0		0		0		0		0		0		0		0		81		0		0		81		81		81		0		0		81		0		0		0		0		81		0		81		0		81		0		0		81		0		81		0		81		0		81		81		81		0		81		81		0		0		0		81		0		0		0		81		0		0		81		0		0		0		81		0		0		0		81		0		0		81		0		81		0		0		0		0		81		0		0		0		0		0		
0		0		81		0		0		81		0		81		81		81		0		0		0		0		81		0		0		0		81		81		0		81		0		0		0		0		81		81		81		0		81		0		0		81		81		0		0		0		0		0		81		81		0		0		0		0		81		81		0		0		81		0		81		0		81		81		0		0		81		81		81		81		0		0		0		81		0		81		81		0		81		0		0		0		0		0		0		0		81		0		
0		0		0		81		0		0		0		0		0		0		0		0		0		0		0		0		81		0		81		0		0		0		0		81		81		81		81		81		81		81		0		81		0		0		81		0		0		0		0		81		81		0		0		81		81		0		0		0		0		0		81		0		81		0		0		0		81		0		81		0		0		0		0		81		0		0		0		0		0		81		81		81		0		0		0		0		0		81		0		0		
0		0		81		0		0		0		0		0		0		0		0		0		0		0		81		0		0		0		0		0		0		0		0		0		81		81		0		0		0		0		0		0		81		0		0		0		81		0		0		0		0		0		0		0		0		0		0		0		81		81		0		0		0		0		0		0		81		0		0		81		0		0		0		0		0		0		0		0		0		0		0		0		0		0		81		0		0		0		0		0		
81		0		81		0		0		0		0		81		81		81		0		0		0		0		0		0		0		0		81		0		81		0		0		0		0		0		0		0		81		0		81		0		0		81		0		0		0		0		81		0		0		0		0		0		0		81		0		0		81		0		81		81		0		81		0		0		0		81		81		0		81		0		0		81		81		81		0		81		0		0		0		0		0		81		0		0		0		81		0		0		
0		0		81		0		0		0		0		0		0		0		0		81		81		0		0		0		81		0		0		81		81		0		81		81		0		0		81		0		0		81		81		81		0		0		81		0		0		0		81		81		0		0		0		0		81		0		81		81		81		0		0		0		0		81		0		0		81		0		81		0		0		0		0		81		0		0		0		0		81		81		0		0		81		81		0		0		0		0		0		81		
81		0		81		0		81		0		0		0		0		0		0		0		0		0		0		0		0		81		81		81		0		81		0		0		81		81		0		0		81		0		0		0		0		0		0		81		81		0		0		0		0		0		0		0		0		81		0		0		0		0		0		0		81		0		0		0		81		0		0		81		0		0		81		81		0		81		81		0		81		81		0		0		0		81		0		0		81		81		0		0		
0		81		0		81		0		0		81		0		0		0		81		0		0		81		0		81		0		81		0		0		0		0		0		81		0		0		81		0		81		81		0		0		81		0		0		81		81		0		0		0		0		81		0		0		81		0		81		0		0		0		81		0		81		81		0		0		81		0		81		0		0		0		0		0		0		81		81		81		0		81		0		0		81		0		0		81		0		81		81		0		
81		81		81		0		0		81		0		0		0		81		0		81		81		0		81		0		0		0		0		0		0		0		0		0		0		0		81		81		0		0		0		0		0		0		0		0		0		81		0		0		0		0		0		0		0		81		0		81		81		0		0		0		0		0		0		0		81		0		0		0		0		0		81		0		0		0		0		0		0		0		0		0		81		0		0		0		0		81		0		81		
0		81		0		81		0		81		0		0		0		0		0		0		0		0		0		0		0		0		81		0		0		0		0		81		81		81		81		0		0		81		0		0		0		81		81		0		0		0		81		0		81		81		0		81		81		0		0		81		0		0		81		0		0		0		0		0		0		0		0		0		81		0		81		0		0		0		0		0		0		0		0		0		0		0		0		0		0		0		0		0		
81		81		0		81		0		0		0		0		0		81		81		81		0		0		81		0		0		81		0		0		0		0		0		0		0		81		0		0		0		0		0		81		0		0		81		0		0		0		0		81		0		0		0		0		81		0		0		0		0		81		81		0		81		0		81		0		0		0		81		81		0		0		0		81		0		81		81		0		0		0		81		0		0		0		0		0		81		0		0		81		
81		0		0		81		0		0		0		81		0		81		0		0		81		81		81		0		0		0		0		0		81		0		0		0		0		0		81		0		0		81		81		81		0		0		0		0		0		0		81		0		81		0		0		0		0		81		0		0		0		0		81		0		81		0		0		0		81		81		0		0		81		0		0		0		0		0		0		81		81		81		0		0		0		0		81		0		0		81		0		0		
0		0		81		81		81		81		0		81		81		0		0		0		81		0		81		0		0		81		0		0		0		0		0		0		0		81		81		81		0		81		81		0		0		0		0		0		81		0		81		0		0		81		0		81		0		81		0		0		0		0		0		0		0		0		0		0		81		81		0		0		0		0		0		81		0		0		0		81		0		0		0		0		0		0		0		0		81		0		0		0		
81		0		81		0		0		0		0		0		0		81		0		0		0		0		0		0		0		81		81		81		0		81		81		81		81		0		0		81		81		81		0		0		0		0		0		0		0		0		0		0		0		0		81		0		0		0		0		0		0		81		81		0		0		81		81		0		0		0		0		81		0		0		0		0		0		81		81		0		0		0		81		0		0		0		0		0		81		81		0		0		
81		0		0		81		0		81		0		0		0		81		0		0		0		81		0		0		0		81		0		81		81		81		0		81		0		0		0		81		0		0		0		81		0		0		0		0		0		0		81		0		0		81		0		81		0		0		0		0		0		81		0		0		0		0		0		0		81		81		0		0		0		0		0		81		0		0		0		0		0		0		81		81		81		81		0		0		0		81		0		81		
0		0		81		81		81		0		0		0		81		0		0		0		0		0		81		81		0		0		0		81		81		0		81		0		0		81		0		0		0		81		0		81		0		0		81		0		81		0		81		81		0		0		0		0		81		0		0		0		81		81		0		0		0		0		81		0		81		0		0		0		0		81		0		0		0		0		81		0		0		0		0		0		81		0		81		0		0		81		81		0		
0		0		81		0		0		0		0		0		0		0		0		0		0		0		0		0		0		0		81		81		0		0		81		0		81		81		81		0		0		81		0		0		0		81		0		81		0		81		0		0		81		81		0		0		0		81		81		0		0		0		0		0		81		0		0		0		81		81		81		0		81		0		0		0		0		0		0		0		0		0		0		0		81		0		0		81		81		0		0		0		
81		81		81		0		0		81		0		0		0		0		81		81		0		0		81		81		0		0		0		0		81		0		81		0		0		0		0		0		0		0		81		0		0		0		81		0		81		0		0		0		0		0		0		0		0		81		81		0		0		0		0		0		81		0		81		81		0		0		0		0		0		0		0		0		0		0		0		81		0		0		81		81		0		81		81		0		81		0		0		81		
0		0		0		81		81		0		0		0		81		81		0		81		81		81		0		0		0		0		0		0		0		0		0		0		0		0		0		0		0		0		81		0		0		0		81		0		0		81		81		0		0		0		0		0		0		0		0		81		0		0		81		81		0		0		0		0		81		0		81		81		0		0		81		0		0		0		81		0		0		0		0		0		0		81		81		81		0		81		81		0		
0		81		0		81		0		81		0		81		0		0		0		81		0		81		0		0		0		0		0		0		0		81		0		0		0		0		0		0		0		0		0		0		81		81		81		0		0		81		0		0		0		0		0		0		81		0		0		0		81		0		0		81		0		81		0		0		81		0		81		0		0		0		81		0		0		81		0		0		81		0		0		0		0		0		81		0		0		0		81		81		
0		0		0		0		0		81		0		0		0		0		0		81		0		81		0		0		0		81		81		0		0		0		0		81		81		0		0		0		0		81		0		0		81		0		0		0		0		0		0		81		0		0		81		81		81		0		0		0		0		81		0		0		81		0		81		0		0		81		0		0		81		0		0		81		0		0		81		81		0		0		0		0		0		0		0		0		81		0		81		0		
81		0		0		0		0		81		0		0		0		0		0		0		0		0		0		81		81		81		0		0		0		0		0		0		0		0		0		0		0		0		81		81		0		81		0		0		81		0		81		81		81		0		81		0		0		0		0		81		0		0		81		0		0		0		0		81		0		0		0		0		0		0		0		81		0		0		81		0		81		0		0		0		81		81		81		0		0		81		0		0		
0		81		0		0		0		0		0		81		0		0		0		0		81		0		0		0		81		0		0		81		0		81		0		0		81		0		81		0		0		0		0		0		0		81		0		0		0		0		0		0		0		0		0		0		0		0		0		81		81		0		0		81		0		0		0		0		0		0		0		81		81		0		0		0		0		0		0		0		81		0		0		0		0		0		81		0		81		0		0		0		
81		81		0		0		0		0		0		81		81		0		0		0		81		0		0		81		0		0		0		0		81		81		0		0		0		0		0		0		81		0		81		81		0		0		0		81		81		0		0		81		81		0		0		0		0		81		81		0		0		81		0		0		81		0		0		0		81		0		0		0		0		0		81		0		0		0		81		0		81		0		81		81		81		0		0		81		0		81		81		81		
0		0		0		81		81		0		0		0		0		0		0		81		0		81		0		0		0		0		0		0		81		0		0		81		0		0		0		0		0		81		0		0		0		81		81		0		81		0		0		0		0		0		81		0		0		0		0		0		81		0		0		0		0		81		81		0		0		0		81		0		0		0		0		0		0		0		0		81		0		0		81		0		0		0		0		0		0		0		0		0		
0		0		0		0		0		0		0		0		0		0		81		0		81		0		81		81		0		0		0		81		0		0		0		81		0		0		0		0		0		0		81		0		0		0		0		0		0		0		0		81		0		0		81		0		81		0		81		0		0		81		0		0		0		81		81		0		81		81		81		81		81		0		0		0		0		0		81		81		0		81		0		0		0		0		81		81		0		0		81		0		
0		0		0		0		0		81		0		81		0		0		0		0		0		0		0		0		0		0		0		81		0		0		0		0		0		81		0		0		0		0		81		0		0		0		0		0		0		0		0		0		0		0		0		0		0		0		81		0		0		0		81		0		0		0		0		81		81		81		81		0		0		0		0		0		0		0		0		81		0		0		81		0		0		0		81		81		0		81		0		0		
0		0		0		0		0		81		0		0		81		0		81		0		81		81		81		81		81		0		0		0		81		81		81		0		0		81		0		81		0		81		0		81		81		0		81		81		81		81		0		0		81		81		0		81		81		81		0		81		81		0		0		0		81		0		81		81		81		0		0		0		0		0		81		0		0		81		0		81		0		0		81		0		0		81		81		0		0		0		81		0		
81		0		81		0		0		81		0		0		0		81		0		0		0		0		0		0		0		0		0		0		81		0		81		0		81		0		0		0		0		0		0		0		0		81		0		0		0		0		0		0		81		81		0		81		0		81		0		0		0		81		0		0		0		0		81		81		0		81		81		0		0		0		0		0		0		0		0		0		81		0		81		0		81		0		0		0		81		0		0		0		
0		0		0		81		81		0		0		0		0		0		0		0		0		0		0		0		0		0		81		0		0		81		0		0		0		0		0		81		81		0		81		81		0		81		81		0		81		0		0		81		0		0		0		0		0		81		0		81		81		0		0		0		0		81		81		81		0		81		81		0		0		0		0		81		0		0		0		0		81		0		81		0		81		81		81		0		81		0		0		0		
0		0		0		0		0		0		81		0		0		0		0		0		81		0		81		0		81		81		0		0		81		0		81		0		0		81		0		0		81		0		81		0		81		0		0		81		0		0		0		81		0		0		81		0		0		0		0		81		0		0		0		81		0		0		81		0		0		0		0		81		0		0		0		0		0		0		0		0		0		0		81		0		81		0		0		0		0		0		0		0		
0		81		0		0		0		0		0		81		81		0		0		81		0		81		0		0		0		0		81		0		81		81		0		0		0		81		81		81		0		81		81		0		0		81		0		0		0		0		81		0		81		0		0		0		0		81		0		0		0		81		0		81		0		0		81		0		0		0		0		0		81		81		81		0		0		0		81		0		0		81		81		0		81		81		0		0		0		0		81		0		
0		81		0		0		0		81		0		0		0		0		0		81		81		0		81		0		81		0		81		0		0		81		0		0		81		81		0		0		0		0		81		0		0		0		0		0		0		0		0		0		0		0		0		0		81		0		0		0		0		0		0		0		0		0		0		0		0		0		0		0		81		81		0		81		81		0		81		0		0		0		0		0		0		81		0		0		0		0		0		0		
0		0		0		0		81		81		81		0		0		0		81		81		0		0		0		81		0		81		0		0		0		0		0		81		0		0		0		0		0		0		0		0		0		0		0		81		0		81		81		0		0		0		0		0		0		0		0		81		81		0		0		0		81		0		0		0		81		0		0		0		81		0		81		0		0		0		81		0		0		81		81		0		0		81		81		0		0		0		0		0		
81		0		0		81		81		81		0		81		0		81		81		0		81		0		0		0		0		0		0		0		0		0		0		0		81		0		0		0		0		0		0		81		0		81		81		81		0		0		0		81		0		81		0		81		0		0		0		0		0		81		81		0		0		0		0		0		0		0		81		0		0		81		0		81		0		81		0		0		81		0		81		0		0		81		0		0		81		0		81		81		
0		81		0		81		0		81		81		0		81		81		81		0		81		0		81		0		0		0		0		0		81		0		0		0		0		81		0		0		0		81		0		0		0		81		0		0		0		0		0		0		0		0		0		0		0		0		0		0		0		0		0		0		0		0		0		0		0		0		0		0		0		81		0		0		81		0		0		0		0		0		81		81		0		0		0		0		0		0		0		0		
0		0		0		81		0		0		0		0		81		0		0		0		0		0		0		0		0		0		0		0		81		81		0		0		0		0		0		0		0		0		81		0		0		81		0		81		81		0		0		81		0		0		81		0		0		0		0		0		81		0		0		0		0		0		0		0		81		0		0		0		0		0		0		81		0		81		0		0		81		81		81		81		0		0		0		0		0		0		0		0		
81		0		81		81		0		0		0		0		81		0		0		0		81		0		0		0		0		81		81		81		0		0		81		81		0		81		0		0		0		0		0		0		0		0		0		81		81		0		0		81		0		0		81		0		81		0		0		81		0		81		81		0		81		0		81		0		0		0		0		0		81		81		81		0		0		0		81		0		0		0		81		0		0		0		81		0		81		0		81		0		
0		0		81		81		0		0		81		0		81		0		81		0		81		0		0		0		0		0		0		0		0		0		0		0		0		0		0		0		0		81		81		0		0		81		0		0		81		0		0		0		81		81		0		0		0		0		81		0		0		81		0		0		0		81		81		81		81		0		0		0		0		0		0		0		0		0		0		81		81		0		0		81		81		0		0		0		0		0		81		81		
81		0		0		0		0		0		0		0		0		81		81		0		81		0		0		81		0		81		0		0		81		0		0		0		0		0		81		0		0		0		81		0		0		0		81		81		0		0		0		0		81		0		0		0		0		0		0		0		81		0		81		81		81		0		0		0		0		81		81		0		0		0		0		81		0		81		0		81		81		0		81		81		81		0		0		81		0		0		81		81		
0		0		81		81		0		81		0		81		0		0		0		0		0		81		81		0		0		0		0		0		81		0		0		0		81		0		0		81		0		81		0		81		0		0		81		81		81		0		0		0		81		0		0		0		0		0		0		0		0		0		0		0		0		0		81		0		0		0		0		0		81		0		81		0		0		81		0		0		0		81		81		0		0		0		0		0		81		0		0		0		
0		81		0		81		81		0		0		0		0		0		0		81		81		0		0		81		0		0		81		0		81		81		81		0		0		0		0		0		0		0		81		81		0		0		0		0		0		0		0		81		0		0		81		81		0		0		81		0		0		0		0		0		81		81		0		81		81		81		81		81		81		0		81		81		81		81		81		0		81		81		81		81		0		0		0		81		81		0		0		0		
0		81		0		81		0		0		81		81		0		0		0		0		0		0		0		0		81		81		0		0		81		81		0		0		0		0		81		81		81		0		0		81		0		0		0		0		0		0		0		0		0		0		0		81		0		0		81		0		0		0		0		0		81		0		0		0		0		0		0		0		0		0		0		0		81		81		0		81		81		0		81		81		0		0		0		0		0		0		0		81		
0		0		81		0		0		81		0		0		0		0		0		0		81		0		0		81		81		0		0		81		0		0		0		0		0		0		0		81		0		0		0		0		0		0		81		0		81		81		0		0		0		0		0		81		81		81		0		0		0		0		81		0		81		0		0		0		0		81		81		81		81		0		0		0		0		0		0		81		81		0		0		0		81		0		0		81		81		0		81		81		
81		0		0		81		81		81		0		0		0		0		0		0		0		0		0		0		81		0		81		0		81		0		0		81		81		0		81		0		0		0		0		0		0		81		81		81		0		0		0		0		0		0		0		81		0		0		81		81		0		0		81		0		0		0		0		0		81		0		81		0		81		81		81		81		0		0		0		0		0		0		0		0		0		81		0		0		0		81		0		0		
0		81		0		0		81		0		0		0		0		81		81		0		0		0		0		81		0		0		0		81		0		81		0		81		0		0		81		0		81		81		0		0		81		0		0		0		0		0		0		0		81		0		0		0		81		0		81		81		81		0		81		81		0		0		81		81		81		0		81		0		0		0		81		0		0		0		81		0		0		0		0		0		0		0		81		0		0		0		0		0		
0		0		0		0		0		0		81		81		0		0		81		81		0		0		81		0		0		81		81		0		0		81		0		0		81		81		81		0		0		0		0		0		0		0		0		0		81		0		0		0		0		0		0		0		0		81		0		81		0		0		0		0		81		0		81		81		0		0		0		0		0		0		0		0		0		0		0		0		81		0		81		0		81		0		0		81		0		0		0		81		
0		81		81		81		0		0		0		0		0		0		0		0		81		0		0		0		0		0		0		0		81		0		0		0		0		0		0		0		0		0		0		0		0		0		0		81		0		0		0		81		0		81		81		0		0		81		81		0		0		81		0		81		0		0		0		0		0		81		81		0		0		0		0		81		0		0		81		0		0		81		81		0		81		0		0		0		81		81		81		0		
81		0		0		81		81		0		0		0		81		0		0		0		81		81		0		0		81		0		0		0		81		81		81		0		81		0		0		81		0		0		0		81		0		81		0		81		81		81		0		0		81		0		81		81		81		0		0		81		0		0		81		0		81		0		0		81		0		0		0		0		0		0		0		0		0		0		0		0		0		0		0		0		0		81		0		0		81		81		81		81		
0		81		0		0		0		81		0		0		0		81		0		0		81		0		0		81		81		0		81		0		0		0		0		0		0		0		0		0		0		0		81		0		0		0		0		0		81		0		0		0		0		0		0		0		81		0		0		81		81		81		0		0		81		0		81		0		81		0		0		0		81		0		0		81		0		0		81		81		81		0		0		0		81		0		0		0		81		81		81		0		
0		0		0		0		0		0		81		0		0		0		0		0		0		0		0		0		81		0		0		0		0		0		0		0		0		0		0		81		0		0		0		0		0		0		81		0		0		81		0		81		0		0		0		81		0		0		81		0		81		0		0		0		81		0		0		0		0		0		0		0		0		0		0		81		0		0		0		81		81		0		0		81		81		0		0		81		0		81		0		81		
NDC Pairs
< 1		3 >
< 1		9 >
< 1		13 >
< 1		17 >
< 1		28 >
< 1		29 >
< 1		34 >
< 1		36 >
< 1		38 >
< 1		40 >
< 1		41 >
< 1		43 >
< 1		44 >
< 1		47 >
< 1		51 >
< 1		53 >
< 1		58 >
< 1		64 >
< 1		67 >
< 1		69 >
< 1		74 >
< 1		78 >
< 2		5 >
< 2		9 >
< 2		17 >
< 2		23 >
< 2		28 >
< 2		29 >
< 2		37 >
< 2		38 >
< 2		39 >
< 2		40 >
< 2		47 >
< 2		49 >
< 2		52 >
< 2		53 >
< 2		61 >
< 2		62 >
< 2		65 >
< 2		71 >
< 2		72 >
< 2		75 >
< 2		77 >
< 2		79 >
< 3		5 >
< 3		10 >
< 3		14 >
< 3		18 >
< 3		19 >
< 3		25 >
< 3		29 >
< 3		31 >
< 3		33 >
< 3		34 >
< 3		35 >
< 3		36 >
< 3		38 >
< 3		42 >
< 3		43 >
< 3		45 >
< 3		46 >
< 3		47 >
< 3		58 >
< 3		67 >
< 3		68 >
< 3		70 >
< 3		73 >
< 3		77 >
< 4		8 >
< 4		9 >
< 4		10 >
< 4		11 >
< 4		16 >
< 4		18 >
< 4		21 >
< 4		24 >
< 4		26 >
< 4		28 >
< 4		30 >
< 4		32 >
< 4		37 >
< 4		39 >
< 4		40 >
< 4		41 >
< 4		42 >
< 4		44 >
< 4		45 >
< 4		48 >
< 4		49 >
< 4		54 >
< 4		59 >
< 4		64 >
< 4		65 >
< 4		66 >
< 4		67 >
< 4		68 >
< 4		70 >
< 4		71 >
< 4		72 >
< 4		74 >
< 4		77 >
< 4		78 >
< 5		11 >
< 5		12 >
< 5		14 >
< 5		15 >
< 5		17 >
< 5		19 >
< 5		30 >
< 5		36 >
< 5		42 >
< 5		45 >
< 5		48 >
< 5		54 >
< 5		59 >
< 5		63 >
< 5		64 >
< 5		71 >
< 5		74 >
< 5		75 >
< 5		78 >
< 6		8 >
< 6		23 >
< 6		27 >
< 6		30 >
< 6		31 >
< 6		38 >
< 6		39 >
< 6		42 >
< 6		44 >
< 6		47 >
< 6		49 >
< 6		50 >
< 6		51 >
< 6		56 >
< 6		57 >
< 6		58 >
< 6		62 >
< 6		63 >
< 6		64 >
< 6		65 >
< 6		70 >
< 6		73 >
< 6		74 >
< 6		79 >
< 7		12 >
< 7		13 >
< 7		14 >
< 7		16 >
< 7		18 >
< 7		20 >
< 7		23 >
< 7		29 >
< 7		37 >
< 7		60 >
< 7		63 >
< 7		65 >
< 7		68 >
< 7		72 >
< 7		76 >
< 7		80 >
< 8		10 >
< 8		21 >
< 8		27 >
< 8		31 >
< 8		34 >
< 8		41 >
< 8		42 >
< 8		49 >
< 8		52 >
< 8		53 >
< 8		56 >
< 8		61 >
< 8		64 >
< 8		70 >
< 8		72 >
< 8		76 >
< 9		10 >
< 9		15 >
< 9		17 >
< 9		18 >
< 9		20 >
< 9		21 >
< 9		24 >
< 9		31 >
< 9		34 >
< 9		42 >
< 9		45 >
< 9		48 >
< 9		53 >
< 9		57 >
< 9		61 >
< 9		65 >
< 9		66 >
< 9		67 >
< 9		68 >
< 9		78 >
< 10		15 >
< 10		19 >
< 10		20 >
< 10		21 >
< 10		23 >
< 10		24 >
< 10		27 >
< 10		29 >
< 10		31 >
< 10		34 >
< 10		38 >
< 10		40 >
< 10		41 >
< 10		43 >
< 10		44 >
< 10		48 >
< 10		58 >
< 10		64 >
< 10		65 >
< 10		69 >
< 10		75 >
< 10		79 >
< 11		14 >
< 11		18 >
< 11		20 >
< 11		24 >
< 11		25 >
< 11		29 >
< 11		37 >
< 11		40 >
< 11		47 >
< 11		55 >
< 11		57 >
< 11		63 >
< 11		64 >
< 11		65 >
< 11		68 >
< 11		69 >
< 11		75 >
< 11		76 >
< 12		17 >
< 12		18 >
< 12		20 >
< 12		28 >
< 12		35 >
< 12		38 >
< 12		40 >
< 12		47 >
< 12		48 >
< 12		49 >
< 12		50 >
< 12		54 >
< 12		61 >
< 12		62 >
< 12		63 >
< 12		71 >
< 12		76 >
< 13		17 >
< 13		18 >
< 13		27 >
< 13		29 >
< 13		35 >
< 13		38 >
< 13		41 >
< 13		42 >
< 13		48 >
< 13		52 >
< 13		53 >
< 13		55 >
< 13		57 >
< 13		60 >
< 13		62 >
< 13		64 >
< 13		65 >
< 13		67 >
< 13		68 >
< 13		69 >
< 13		71 >
< 13		73 >
< 13		77 >
< 13		78 >
< 13		79 >
< 14		19 >
< 14		23 >
< 14		37 >
< 14		41 >
< 14		44 >
< 14		48 >
< 14		49 >
< 14		50 >
< 14		54 >
< 14		57 >
< 14		61 >
< 14		70 >
< 14		78 >
< 15		16 >
< 15		17 >
< 15		19 >
< 15		20 >
< 15		23 >
< 15		24 >
< 15		29 >
< 15		30 >
< 15		31 >
< 15		33 >
< 15		38 >
< 15		40 >
< 15		41 >
< 15		42 >
< 15		45 >
< 15		47 >
< 15		55 >
< 15		57 >
< 15		60 >
< 15		62 >
< 15		65 >
< 15		70 >
< 15		76 >
< 16		17 >
< 16		19 >
< 16		29 >
< 16		37 >
< 16		45 >
< 16		47 >
< 16		51 >
< 16		53 >
< 16		55 >
< 16		57 >
< 16		63 >
< 16		69 >
< 16		71 >
< 16		73 >
< 16		75 >
< 16		79 >
< 17		18 >
< 17		21 >
< 17		26 >
< 17		28 >
< 17		32 >
< 17		35 >
< 17		51 >
< 17		52 >
< 17		57 >
< 17		60 >
< 17		62 >
< 17		72 >
< 17		73 >
< 17		74 >
< 17		78 >
< 17		79 >
< 17		80 >
< 18		23 >
< 18		25 >
< 18		28 >
< 18		30 >
< 18		36 >
< 18		37 >
< 18		40 >
< 18		42 >
< 18		43 >
< 18		44 >
< 18		50 >
< 18		51 >
< 18		60 >
< 18		63 >
< 18		67 >
< 18		69 >
< 18		72 >
< 18		76 >
< 19		23 >
< 19		25 >
< 19		30 >
< 19		31 >
< 19		32 >
< 19		34 >
< 19		36 >
< 19		39 >
< 19		43 >
< 19		46 >
< 19		50 >
< 19		59 >
< 19		61 >
< 19		62 >
< 19		67 >
< 19		71 >
< 19		74 >
< 19		76 >
< 19		79 >
< 20		21 >
< 20		23 >
< 20		24 >
< 20		26 >
< 20		29 >
< 20		30 >
< 20		31 >
< 20		35 >
< 20		36 >
< 20		43 >
< 20		44 >
< 20		45 >
< 20		46 >
< 20		52 >
< 20		55 >
< 20		56 >
< 20		67 >
< 20		73 >
< 20		75 >
< 21		24 >
< 21		26 >
< 21		27 >
< 21		29 >
< 21		34 >
< 21		35 >
< 21		41 >
< 21		44 >
< 21		45 >
< 21		47 >
< 21		53 >
< 21		54 >
< 21		57 >
< 21		58 >
< 21		60 >
< 21		61 >
< 21		65 >
< 21		66 >
< 21		69 >
< 21		70 >
< 21		71 >
< 21		72 >
< 21		74 >
< 21		77 >
< 21		78 >
< 22		28 >
< 22		31 >
< 22		36 >
< 22		43 >
< 22		44 >
< 22		49 >
< 22		52 >
< 22		53 >
< 22		57 >
< 22		59 >
< 22		61 >
< 22		62 >
< 22		66 >
< 22		71 >
< 22		72 >
< 22		75 >
< 22		76 >
< 22		78 >
< 23		27 >
< 23		30 >
< 23		35 >
< 23		43 >
< 23		45 >
< 23		46 >
< 23		47 >
< 23		57 >
< 23		58 >
< 23		60 >
< 23		67 >
< 23		71 >
< 23		78 >
< 24		26 >
< 24		27 >
< 24		28 >
< 24		32 >
< 24		35 >
< 24		37 >
< 24		39 >
< 24		43 >
< 24		44 >
< 24		50 >
< 24		54 >
< 24		55 >
< 24		63 >
< 24		67 >
< 24		74 >
< 24		75 >
< 25		26 >
< 25		27 >
< 25		32 >
< 25		33 >
< 25		36 >
< 25		39 >
< 25		43 >
< 25		46 >
< 25		50 >
< 25		52 >
< 25		58 >
< 25		62 >
< 25		64 >
< 25		70 >
< 25		74 >
< 25		76 >
< 25		78 >
< 26		27 >
< 26		32 >
< 26		33 >
< 26		36 >
< 26		39 >
< 26		40 >
< 26		42 >
< 26		45 >
< 26		46 >
< 26		56 >
< 26		57 >
< 26		60 >
< 26		61 >
< 26		62 >
< 26		65 >
< 26		67 >
< 26		76 >
< 27		29 >
< 27		31 >
< 27		32 >
< 27		35 >
< 27		37 >
< 27		38 >
< 27		39 >
< 27		41 >
< 27		42 >
< 27		46 >
< 27		52 >
< 27		61 >
< 27		69 >
< 27		72 >
< 27		74 >
< 27		75 >
< 27		76 >
< 28		30 >
< 28		31 >
< 28		32 >
< 28		38 >
< 28		42 >
< 28		43 >
< 28		44 >
< 28		57 >
< 28		59 >
< 28		61 >
< 28		70 >
< 28		72 >
< 28		73 >
< 28		78 >
< 28		80 >
< 29		31 >
< 29		32 >
< 29		34 >
< 29		36 >
< 29		37 >
< 29		43 >
< 29		53 >
< 29		59 >
< 29		60 >
< 29		72 >
< 29		75 >
< 30		32 >
< 30		35 >
< 30		37 >
< 30		39 >
< 30		41 >
< 30		42 >
< 30		43 >
< 30		45 >
< 30		46 >
< 30		50 >
< 30		54 >
< 30		57 >
< 30		61 >
< 30		65 >
< 30		68 >
< 30		70 >
< 30		75 >
< 31		34 >
< 31		35 >
< 31		41 >
< 31		42 >
< 31		47 >
< 31		48 >
< 31		51 >
< 31		53 >
< 31		55 >
< 31		56 >
< 31		59 >
< 31		60 >
< 31		61 >
< 31		62 >
< 31		66 >
< 31		68 >
< 31		69 >
< 31		71 >
< 31		79 >
< 32		35 >
< 32		40 >
< 32		41 >
< 32		44 >
< 32		45 >
< 32		51 >
< 32		53 >
< 32		57 >
< 32		59 >
< 32		64 >
< 32		70 >
< 32		71 >
< 32		72 >
< 32		78 >
< 33		37 >
< 33		49 >
< 33		50 >
< 33		57 >
< 33		60 >
< 33		75 >
< 34		39 >
< 34		46 >
< 34		49 >
< 34		51 >
< 34		52 >
< 34		54 >
< 34		58 >
< 34		59 >
< 34		61 >
< 34		64 >
< 34		65 >
< 34		66 >
< 34		68 >
< 34		74 >
< 34		78 >
< 35		39 >
< 35		40 >
< 35		45 >
< 35		47 >
< 35		48 >
< 35		49 >
< 35		54 >
< 35		57 >
< 35		59 >
< 35		64 >
< 35		69 >
< 35		70 >
< 35		73 >
< 35		74 >
< 35		80 >
< 36		37 >
< 36		46 >
< 36		53 >
< 36		57 >
< 36		60 >
< 36		63 >
< 36		64 >
< 36		66 >
< 36		67 >
< 36		69 >
< 36		70 >
< 36		74 >
< 36		77 >
< 36		78 >
< 37		42 >
< 37		45 >
< 37		47 >
< 37		51 >
< 37		53 >
< 37		54 >
< 37		57 >
< 37		59 >
< 37		66 >
< 37		67 >
< 37		68 >
< 37		70 >
< 37		73 >
< 37		76 >
< 37		78 >
< 37		79 >
< 38		46 >
< 38		48 >
< 38		49 >
< 38		57 >
< 38		63 >
< 38		73 >
< 38		78 >
< 38		80 >
< 39		41 >
< 39		42 >
< 39		44 >
< 39		45 >
< 39		48 >
< 39		51 >
< 39		61 >
< 39		63 >
< 40		45 >
< 40		50 >
< 40		51 >
< 40		53 >
< 40		55 >
< 40		59 >
< 40		60 >
< 40		64 >
< 40		66 >
< 40		67 >
< 40		71 >
< 40		77 >
< 40		80 >
< 41		46 >
< 41		51 >
< 41		53 >
< 41		57 >
< 41		58 >
< 41		61 >
< 41		68 >
< 41		69 >
< 41		70 >
< 41		75 >
< 41		78 >
< 42		44 >
< 42		46 >
< 42		57 >
< 42		58 >
< 42		64 >
< 42		68 >
< 42		77 >
< 43		50 >
< 43		51 >
< 43		54 >
< 43		55 >
< 43		60 >
< 43		66 >
< 43		67 >
< 43		71 >
< 43		77 >
< 43		78 >
< 44		50 >
< 44		57 >
< 44		58 >
< 44		64 >
< 44		71 >
< 44		72 >
< 44		73 >
< 44		74 >
< 44		78 >
< 44		80 >
< 45		49 >
< 45		50 >
< 45		55 >
< 45		57 >
< 45		62 >
< 45		67 >
< 45		73 >
< 45		75 >
< 45		78 >
< 45		79 >
< 46		47 >
< 46		53 >
< 46		57 >
< 46		58 >
< 46		59 >
< 46		61 >
< 46		73 >
< 46		76 >
< 46		77 >
< 47		53 >
< 47		55 >
< 47		56 >
< 47		68 >
< 47		71 >
< 47		72 >
< 47		74 >
< 47		75 >
< 47		77 >
< 47		80 >
< 48		51 >
< 48		52 >
< 48		57 >
< 48		59 >
< 48		60 >
< 48		63 >
< 48		67 >
< 48		74 >
< 48		75 >
< 48		76 >
< 48		78 >
< 48		79 >
< 49		52 >
< 49		54 >
< 49		57 >
< 49		59 >
< 49		63 >
< 49		66 >
< 49		69 >
< 49		75 >
< 49		79 >
< 49		80 >
< 50		53 >
< 50		55 >
< 50		58 >
< 50		61 >
< 50		64 >
< 50		67 >
< 50		68 >
< 50		77 >
< 50		79 >
< 51		56 >
< 51		64 >
< 51		67 >
< 51		69 >
< 51		73 >
< 51		74 >
< 51		75 >
< 51		78 >
< 52		60 >
< 52		61 >
< 52		69 >
< 52		75 >
< 52		77 >
< 53		57 >
< 53		63 >
< 53		67 >
< 53		69 >
< 53		71 >
< 53		72 >
< 53		73 >
< 53		76 >
< 53		78 >
< 53		79 >
< 53		80 >
< 54		55 >
< 54		59 >
< 54		68 >
< 54		71 >
< 55		57 >
< 55		58 >
< 55		59 >
< 55		60 >
< 55		61 >
< 55		67 >
< 55		68 >
< 55		70 >
< 55		75 >
< 55		76 >
< 55		79 >
< 56		57 >
< 56		58 >
< 56		59 >
< 56		68 >
< 56		71 >
< 56		75 >
< 56		76 >
< 56		78 >
< 57		63 >
< 57		66 >
< 57		68 >
< 57		71 >
< 57		74 >
< 57		75 >
< 57		79 >
< 58		59 >
< 58		69 >
< 58		71 >
< 58		73 >
< 58		77 >
< 59		64 >
< 59		69 >
< 59		71 >
< 59		73 >
< 59		74 >
< 59		75 >
< 59		77 >
< 60		71 >
< 60		73 >
< 61		62 >
< 61		63 >
< 61		67 >
< 61		70 >
< 61		71 >
< 61		73 >
< 61		74 >
< 61		79 >
< 62		64 >
< 62		65 >
< 62		67 >
< 62		74 >
< 63		67 >
< 63		70 >
< 63		71 >
< 63		74 >
< 63		75 >
< 64		66 >
< 64		69 >
< 64		71 >
< 64		74 >
< 64		77 >
< 64		79 >
< 64		80 >
< 65		71 >
< 65		72 >
< 66		69 >
< 66		70 >
< 66		71 >
< 66		72 >
< 67		71 >
< 67		75 >
< 67		77 >
< 67		79 >
< 68		69 >
< 68		72 >
< 68		73 >
< 68		79 >
< 68		80 >
< 69		71 >
< 69		72 >
< 69		73 >
< 69		76 >
< 69		79 >
< 69		80 >
< 70		71 >
< 70		77 >
< 71		72 >
< 71		76 >
< 71		77 >
< 72		80 >
< 73		76 >
< 73		77 >
< 73		79 >
< 73		80 >
< 74		78 >
< 76		80 >
< 77		78 >
< 77		79 >
< 78		79 >
< 78		80 >
