nNodes= 80
nPairs= 925  
Weight
4
4
4
2
4
2
3
3
2
3
2
4
4
2
3
4
3
3
4
2
2
2
3
2
2
3
2
4
3
2
4
3
2
2
4
3
3
4
4
3
2
4
3
4
2
4
2
3
4
4
2
4
3
2
2
4
2
4
2
3
4
3
2
4
3
3
4
2
4
4
4
4
4
2
4
3
2
2
3
4
Cost
81		81		81		81		0		0		0		0		0		81		81		0		81		81		0		0		0		0		0		0		0		0		0		0		0		81		0		0		81		0		0		0		0		0		0		81		0		0		0		0		0		0		0		0		0		81		81		0		81		0		0		81		81		0		0		0		0		81		0		0		0		0		81		81		81		0		81		0		0		81		0		0		0		81		0		81		81		0		0		0		
81		81		0		0		81		0		0		81		81		0		0		0		81		81		0		81		0		0		0		0		81		0		0		0		81		81		0		0		81		0		0		0		0		0		0		0		81		81		0		0		81		81		0		0		0		0		0		81		0		0		81		0		0		0		0		81		0		0		0		0		0		0		0		0		0		0		0		81		0		81		0		0		0		0		0		0		81		0		0		0		
81		0		81		81		0		0		0		0		0		0		81		0		0		81		81		0		0		0		0		81		81		0		81		0		0		0		81		81		0		0		0		0		0		0		0		0		0		81		81		0		81		0		81		0		81		81		81		0		81		0		0		0		0		0		0		81		0		0		81		0		81		0		0		0		0		0		81		0		81		0		0		81		0		0		0		0		81		81		0		0		
81		0		81		81		0		0		0		0		0		0		0		0		0		0		81		0		0		81		81		0		0		0		81		81		0		0		0		81		81		81		81		0		0		81		0		0		81		0		81		0		0		0		0		0		0		81		0		0		0		0		81		0		0		81		0		81		0		0		0		0		81		0		0		0		0		0		81		81		0		0		0		0		81		0		81		81		0		0		0		0		
0		81		0		0		81		0		81		0		0		81		81		0		0		0		81		0		0		81		0		0		0		81		81		81		81		0		81		0		0		0		0		0		0		81		0		81		81		0		0		81		0		0		81		0		0		0		0		0		81		0		0		0		81		0		0		0		0		0		0		0		81		81		0		81		0		0		0		0		0		0		81		0		81		0		0		0		0		0		0		0		
0		0		0		0		0		81		0		0		0		81		0		0		0		0		0		0		0		0		0		0		0		0		81		81		0		0		81		81		81		0		0		0		0		81		81		0		0		0		81		0		0		81		0		0		0		0		0		0		0		81		0		0		81		0		81		0		0		0		0		0		0		81		0		0		0		0		81		0		0		81		0		0		0		0		0		0		0		81		81		0		
0		0		0		0		81		0		81		0		0		0		0		81		0		81		0		0		0		0		81		0		0		81		0		0		0		0		81		81		81		81		0		0		0		0		0		0		0		0		0		0		0		81		0		0		0		81		0		81		0		81		81		0		0		0		0		0		81		0		81		0		81		0		0		81		81		81		0		0		0		0		81		81		0		0		0		81		0		0		0		0		
0		81		0		0		0		0		0		81		0		81		0		0		0		0		0		0		81		0		0		0		0		0		81		0		81		0		0		81		0		81		81		81		0		0		0		0		81		0		81		0		0		81		0		0		0		81		0		81		0		0		0		81		0		0		0		0		0		0		81		81		0		0		81		81		81		0		0		0		81		0		0		0		81		0		0		81		0		0		81		0		
0		81		0		0		0		0		0		0		81		81		0		0		0		81		0		81		0		0		0		0		0		0		0		0		0		0		81		81		0		81		0		0		81		0		0		0		0		81		0		0		81		81		0		0		0		81		81		81		0		0		0		81		0		81		0		81		0		0		0		0		81		81		81		0		0		0		0		0		0		81		81		0		0		0		0		0		0		0		0		0		
81		0		0		0		81		81		0		81		81		81		81		0		81		81		81		81		0		0		0		0		81		0		81		0		0		0		0		0		0		81		0		81		0		81		0		0		81		0		81		0		81		0		0		0		0		0		81		0		81		0		81		81		81		0		0		0		0		81		0		0		81		0		0		0		0		81		0		0		0		0		0		0		0		0		0		0		0		0		81		0		
81		0		81		0		81		0		0		0		0		81		81		81		0		0		81		81		0		0		0		0		0		0		81		0		81		81		81		81		0		0		81		0		0		0		81		0		0		0		0		0		0		0		81		81		81		0		0		0		0		0		0		0		0		0		0		81		0		0		0		0		0		0		81		0		81		0		0		0		81		0		0		0		0		81		0		0		0		81		0		81		
0		0		0		0		0		0		81		0		0		0		81		81		0		0		0		81		81		81		0		0		0		0		0		81		0		81		0		0		0		81		0		81		81		0		0		0		81		81		0		0		0		0		0		0		0		0		0		81		0		81		81		0		0		0		0		0		81		0		0		0		0		0		0		0		0		0		0		0		81		81		81		0		81		81		0		0		0		0		0		81		
81		81		0		0		0		0		0		0		0		81		0		0		81		0		81		81		81		0		81		81		81		0		0		81		0		81		0		0		0		0		0		0		0		0		0		0		0		0		0		0		0		0		81		81		81		0		0		0		0		81		0		81		81		0		0		0		0		81		0		0		0		0		0		0		0		0		0		0		81		0		0		0		0		0		0		81		0		81		0		0		
81		81		81		0		0		0		81		0		81		81		0		0		0		81		0		0		0		0		81		0		0		81		0		0		81		0		81		0		0		0		0		0		0		0		81		0		0		81		81		81		0		0		0		0		81		0		0		0		81		0		81		0		81		0		0		0		0		81		0		0		0		0		0		0		0		81		0		0		0		81		0		81		0		0		81		0		0		0		0		81		
0		0		81		81		81		0		0		0		0		81		81		0		81		0		81		81		0		81		0		0		0		0		0		0		81		0		0		0		81		0		0		0		0		0		0		0		81		81		0		81		0		81		0		0		0		81		0		81		0		0		81		0		0		0		0		0		0		0		0		0		0		0		0		0		0		0		0		0		0		0		0		0		0		0		0		0		0		0		0		0		
0		81		0		0		0		0		0		0		81		81		81		81		81		0		81		81		81		0		81		0		81		81		0		81		81		81		81		0		0		0		81		0		81		81		81		0		0		81		0		0		81		0		0		0		0		0		81		0		0		0		0		0		0		81		0		0		81		0		81		0		0		0		0		0		0		0		0		81		0		0		0		0		0		81		0		81		0		0		81		0		
0		0		0		0		0		0		0		81		0		0		0		81		81		0		0		81		81		81		0		0		0		0		0		0		0		81		0		0		0		0		0		81		0		81		0		0		0		0		81		81		81		0		81		0		81		0		0		0		0		0		81		0		81		0		81		0		0		81		0		0		0		0		0		81		0		81		0		0		0		81		0		0		0		81		0		0		81		0		0		0		
0		0		0		81		81		0		0		0		0		0		0		81		0		0		81		0		81		81		0		81		0		0		81		0		81		0		0		0		0		0		81		81		81		0		0		0		81		0		0		0		0		0		0		0		0		0		0		81		0		0		81		0		0		81		0		81		81		0		0		81		0		0		0		0		0		0		81		0		0		81		81		81		0		0		0		0		0		0		0		0		
0		0		0		81		0		0		81		0		0		0		0		0		81		81		0		81		0		0		81		0		0		0		0		81		81		0		81		0		0		0		0		0		81		81		0		0		0		0		0		0		0		81		0		0		0		0		81		0		0		0		0		0		0		0		0		0		0		0		81		81		0		0		81		0		0		81		81		0		0		81		0		0		81		0		0		81		0		0		81		0		
0		0		81		0		0		0		0		0		0		0		0		0		81		0		0		0		0		81		0		81		0		0		81		0		0		0		0		81		0		0		81		81		81		0		0		0		0		0		81		0		0		0		81		0		81		0		0		81		81		81		81		81		0		81		0		0		0		0		0		81		81		0		0		0		81		81		0		81		0		0		0		0		0		0		0		0		0		0		0		0		
0		81		81		0		0		0		0		0		0		81		0		0		81		0		0		81		0		0		0		0		81		81		81		0		0		81		81		0		0		0		0		0		0		0		0		81		0		81		0		0		0		0		0		0		0		0		0		0		0		0		0		0		0		81		0		0		0		0		81		0		0		0		0		81		0		0		0		0		81		0		0		81		81		0		0		0		0		0		81		0		
0		0		0		0		81		0		81		0		0		0		0		0		0		81		0		81		0		0		0		0		81		81		0		0		81		81		0		0		81		81		81		0		0		0		0		0		0		0		81		0		81		81		0		81		0		0		81		0		81		0		0		0		0		0		0		0		0		0		0		81		0		81		0		81		0		81		0		0		0		81		0		81		0		0		0		0		81		0		81		81		
0		0		81		81		81		81		0		81		0		81		81		0		0		0		0		0		0		81		0		81		81		0		81		81		0		81		0		81		81		0		0		81		0		0		81		0		81		0		0		0		81		0		81		0		0		0		0		0		81		81		0		81		0		0		0		0		0		0		0		0		0		0		0		0		0		81		0		81		0		81		0		0		81		0		0		81		0		0		0		0		
0		0		0		81		81		81		0		0		0		0		0		81		81		0		0		81		0		0		81		0		0		0		81		81		0		0		0		0		81		0		81		0		0		81		0		81		0		81		81		81		0		0		0		0		0		81		0		0		81		0		0		0		0		0		81		0		0		0		81		0		0		0		0		81		0		0		81		81		0		0		81		0		81		0		0		0		0		0		0		0		
0		81		0		0		81		0		0		81		0		0		81		0		0		81		81		81		0		81		81		0		0		81		0		0		81		0		0		81		81		81		81		0		0		81		0		0		0		81		81		0		0		0		0		0		81		0		81		0		81		0		81		81		81		81		81		0		81		81		0		0		81		81		81		0		0		0		0		0		0		0		0		81		0		0		0		0		81		0		0		0		
81		81		0		0		0		0		0		0		0		0		81		81		81		0		0		81		81		0		0		0		81		81		81		0		0		81		0		0		0		81		0		0		0		0		81		81		0		0		0		81		0		0		0		0		0		0		0		0		81		0		0		0		81		0		0		0		0		0		0		81		0		81		0		0		81		0		0		81		0		0		0		81		0		81		0		81		81		0		81		81		
0		0		81		0		81		81		81		0		81		0		81		0		0		81		0		81		0		0		81		0		81		0		0		0		0		0		81		0		0		0		0		81		0		0		81		0		81		0		0		81		81		81		0		0		0		81		0		0		81		0		81		0		0		0		0		0		0		0		81		81		0		0		0		81		81		0		0		0		0		0		0		0		0		0		0		0		0		0		0		81		
0		0		81		81		0		81		81		81		81		0		81		0		0		0		0		0		0		0		0		81		0		0		81		0		81		0		0		81		81		0		81		81		0		0		0		81		81		0		0		0		0		81		0		0		81		81		0		0		0		0		0		0		0		81		0		0		0		0		81		81		0		81		0		0		0		0		0		0		0		81		0		0		0		0		81		0		0		0		81		0		
81		81		0		81		0		81		81		0		0		0		0		0		0		0		81		0		0		0		0		0		0		81		81		81		81		0		0		81		81		0		0		81		0		81		0		0		81		81		0		0		0		0		0		81		0		81		0		0		0		0		81		0		0		0		81		0		0		0		0		0		0		0		0		0		0		0		0		0		81		0		0		0		0		0		0		81		0		81		0		0		
0		0		0		81		0		0		81		81		81		81		0		81		0		0		0		0		0		0		0		0		0		81		0		0		81		81		0		0		0		81		0		81		81		0		0		0		81		0		0		0		0		0		0		0		0		0		0		0		0		0		81		81		81		0		81		0		81		0		0		0		0		0		0		0		81		0		0		0		81		81		0		81		81		81		0		0		81		81		0		0		
0		0		0		81		0		0		0		81		0		0		81		0		0		0		0		81		0		81		0		81		0		81		0		81		81		0		0		81		0		0		81		0		81		0		0		0		0		0		81		81		81		0		0		81		0		0		81		0		0		0		0		0		0		0		81		0		0		0		81		81		81		0		81		81		0		0		0		0		0		0		0		0		0		81		0		0		0		0		0		81		
0		0		0		0		0		0		0		81		0		81		0		81		0		0		0		0		81		81		0		81		0		0		81		0		0		0		81		81		81		81		0		81		0		0		0		0		0		81		0		0		0		0		0		0		81		0		0		0		0		0		0		0		0		0		0		81		81		0		0		0		0		0		0		0		0		0		0		0		81		0		0		0		0		0		0		0		81		81		0		81		
0		0		0		0		0		0		0		0		81		0		0		81		0		0		0		81		0		81		81		81		0		0		0		0		0		0		0		0		0		81		81		0		81		81		0		0		0		0		0		0		0		0		0		0		0		81		0		0		0		81		0		0		0		0		0		0		0		0		0		0		0		0		81		0		81		0		0		0		81		0		81		0		81		0		0		81		0		0		0		0		
0		0		0		81		81		81		0		0		0		81		0		0		0		0		0		81		81		0		81		0		0		0		0		81		81		0		0		0		81		0		0		0		81		81		0		0		0		0		0		81		0		0		0		81		81		81		0		81		81		0		0		81		0		0		0		0		0		81		81		0		81		81		81		0		0		0		0		0		0		0		0		0		0		0		0		81		0		0		0		0		
0		0		0		0		0		81		0		0		0		0		81		0		0		81		0		81		0		0		0		0		0		0		81		0		0		81		81		0		0		0		0		0		0		0		81		81		0		0		81		0		0		81		0		0		0		0		0		81		81		0		0		0		0		0		0		81		81		81		81		0		0		81		81		81		81		0		0		0		0		81		0		0		0		0		0		0		0		81		0		0		
81		0		0		0		81		0		0		0		0		0		0		0		0		0		0		0		0		0		0		0		81		0		0		81		0		81		0		81		0		0		0		0		0		0		81		81		0		0		81		81		0		0		0		0		81		0		0		0		0		81		81		0		0		0		81		81		0		0		0		0		0		0		0		0		81		81		81		0		81		0		0		0		0		81		81		0		0		0		0		0		
0		81		0		81		81		0		0		81		0		81		0		81		0		0		81		0		0		81		0		0		0		0		81		0		0		0		81		81		81		81		0		0		0		0		0		0		81		0		81		0		0		0		0		0		0		0		0		0		0		0		0		81		81		81		81		0		0		0		0		0		0		0		0		0		81		0		81		81		0		0		0		0		81		0		0		81		0		0		0		81		
0		81		81		0		0		0		0		0		81		0		0		81		0		81		81		81		0		0		0		0		81		0		0		81		81		0		0		0		81		0		0		81		0		0		0		0		0		81		0		0		81		0		0		81		81		81		81		0		81		0		0		0		0		0		0		0		81		81		81		0		81		81		0		81		0		81		0		0		0		0		0		81		81		0		0		0		81		0		0		0		
0		0		81		81		0		81		0		81		0		81		0		0		0		81		0		0		81		0		0		81		0		81		0		81		81		0		0		0		0		0		81		0		0		0		81		81		81		0		81		0		0		81		0		0		0		0		0		0		0		0		0		81		0		0		0		0		0		0		81		0		0		0		0		0		0		0		81		0		81		0		0		81		0		0		81		0		0		0		0		0		
0		0		0		0		81		0		0		0		0		0		0		0		0		81		81		0		81		0		0		0		0		0		0		81		0		81		81		0		0		0		81		0		0		81		0		81		0		0		0		81		81		0		0		0		81		0		81		81		81		81		0		81		81		0		0		0		0		0		0		0		0		0		0		81		81		0		81		0		81		0		0		0		81		81		0		81		81		81		81		81		
0		81		81		0		0		0		0		0		81		81		0		0		0		0		0		81		81		0		0		0		0		81		81		0		0		0		81		0		0		0		81		0		0		0		0		0		0		81		0		81		81		0		81		0		0		0		81		0		0		81		81		81		81		0		0		0		0		0		0		81		0		0		81		0		0		81		0		0		0		0		0		0		0		81		0		0		0		0		0		0		
0		81		0		0		0		81		81		81		81		0		0		0		0		0		81		0		0		0		81		0		0		81		0		0		0		0		81		81		0		0		0		0		0		0		81		0		0		0		81		0		0		81		81		81		0		81		0		81		0		81		0		0		0		0		0		81		0		0		81		0		81		0		0		81		81		0		0		0		81		0		0		81		0		81		0		81		0		0		81		0		
0		0		81		0		81		0		0		0		0		0		81		0		81		0		0		0		81		0		0		81		0		0		81		0		0		0		0		0		0		0		0		0		0		0		0		0		0		0		0		0		81		81		81		0		0		0		81		0		81		81		0		0		0		0		81		81		0		81		0		0		0		81		0		0		81		81		0		0		0		0		81		81		0		81		81		0		0		0		0		81		
0		0		0		0		0		0		0		0		0		0		81		0		81		0		0		0		0		0		0		0		0		81		0		0		0		0		0		0		81		0		81		0		0		81		0		0		0		81		0		0		0		81		0		81		81		0		0		81		0		0		0		0		81		81		0		81		81		0		0		0		0		0		0		0		0		0		0		0		0		81		81		0		0		0		0		0		81		0		81		81		
0		0		81		0		0		0		0		0		0		0		81		0		81		81		0		0		81		0		0		81		0		0		0		0		81		0		0		81		0		0		0		81		0		81		0		81		0		81		0		81		0		0		0		81		81		0		81		0		81		0		0		0		0		81		0		0		0		0		0		0		81		0		81		0		81		81		0		0		0		0		0		0		0		0		81		0		0		0		0		0		
81		0		81		81		0		0		81		81		81		0		0		0		0		0		81		0		0		0		0		0		0		0		0		81		0		0		81		81		81		0		0		0		81		81		0		0		0		81		0		0		0		81		0		0		0		81		0		81		0		0		81		81		0		0		0		0		81		0		0		0		0		0		0		0		0		81		0		81		81		0		0		0		0		0		81		81		81		0		81		81		
81		0		81		0		0		0		0		0		81		81		0		0		0		0		0		81		0		0		81		0		0		81		0		0		81		0		0		0		0		0		81		0		0		0		0		0		0		81		0		81		81		0		81		0		81		0		81		0		0		0		0		0		0		0		0		81		81		0		0		81		81		81		0		0		0		81		81		81		0		0		0		0		81		0		0		81		0		0		81		0		
0		81		0		0		0		0		81		81		81		0		0		81		0		0		81		0		0		81		0		81		0		0		0		0		0		0		0		0		0		0		0		0		0		81		81		0		0		0		0		81		0		81		0		81		0		81		0		81		81		0		0		0		0		0		0		0		81		0		0		81		0		81		0		81		0		0		0		0		0		81		81		0		0		0		81		0		0		0		0		0		
81		0		81		0		81		0		0		0		0		81		0		0		0		81		0		0		0		0		0		81		0		81		81		81		81		81		81		0		0		0		0		0		0		81		81		0		0		81		0		81		0		0		81		0		81		0		0		81		81		0		81		0		0		0		81		0		0		81		0		0		81		81		81		0		0		0		81		0		0		81		0		0		0		0		0		0		0		0		0		0		
0		0		0		0		0		81		81		0		0		0		0		81		81		0		0		0		0		0		0		81		0		0		81		0		0		0		0		0		0		0		0		0		81		0		0		81		0		0		0		81		81		81		81		0		0		0		0		0		0		81		0		0		81		81		0		0		0		0		0		0		0		0		0		0		0		0		0		0		81		0		81		81		0		0		0		0		0		81		0		0		
0		81		0		81		0		0		81		0		0		81		0		81		0		81		81		0		81		81		0		81		0		0		0		0		81		0		81		0		81		81		0		0		0		0		0		81		0		0		0		0		81		0		0		0		0		81		0		0		81		0		81		0		0		0		0		0		0		81		0		0		0		0		0		0		0		0		0		81		0		81		0		81		0		0		0		81		81		81		81		81		
81		0		0		0		0		0		0		81		81		81		0		0		81		0		0		0		0		0		0		81		0		0		81		0		81		0		0		0		0		81		0		0		0		81		0		0		81		0		81		81		81		0		0		0		0		81		0		0		0		0		0		81		0		0		81		81		0		0		0		81		0		0		81		81		81		0		0		0		0		0		81		81		81		0		0		0		0		0		0		0		
81		0		0		0		81		81		0		0		0		81		0		0		81		81		0		0		81		0		0		0		0		0		0		0		81		81		0		0		0		81		0		0		0		0		0		0		81		0		0		81		81		0		0		81		0		0		0		0		0		81		0		0		81		0		0		0		0		0		81		81		0		0		81		0		81		81		0		0		81		0		0		81		0		81		0		81		81		0		0		81		
0		0		0		81		0		0		0		0		81		0		0		0		0		0		0		81		0		81		0		81		81		0		0		0		81		0		0		81		0		0		0		0		0		0		0		0		81		0		0		0		0		0		0		81		81		0		0		0		0		81		0		0		0		81		81		0		0		0		0		0		0		0		0		0		0		81		81		0		0		81		0		0		81		0		0		0		0		81		0		0		
0		0		0		0		0		81		0		0		0		0		0		0		0		0		0		0		81		0		0		0		0		0		0		81		81		0		0		0		81		81		81		0		0		0		0		81		81		0		0		0		0		0		81		0		0		0		0		0		81		0		0		81		0		81		81		0		81		0		81		81		0		0		0		0		0		0		0		0		81		0		0		0		81		0		0		81		0		81		81		0		
0		81		81		81		0		0		0		0		81		0		81		0		0		0		0		0		0		81		0		0		0		0		0		0		0		0		0		0		0		0		0		81		0		0		81		81		0		0		0		0		0		81		81		81		0		0		81		0		0		0		0		81		0		0		0		81		0		81		0		0		0		81		81		0		0		81		0		0		0		0		0		0		81		0		0		0		0		81		0		0		
0		0		0		0		0		0		81		0		0		0		0		81		0		0		0		81		0		81		0		0		0		0		0		0		81		0		0		0		0		81		0		81		0		0		81		0		0		81		0		0		0		0		0		81		0		81		81		81		0		0		0		0		0		0		81		0		81		81		81		81		0		0		0		0		0		0		81		0		0		0		81		0		0		0		0		0		0		0		0		81		
81		0		0		0		0		0		0		0		0		81		0		0		81		81		0		0		81		0		0		0		0		0		0		0		81		0		0		0		0		0		0		0		0		81		81		0		0		81		0		0		0		0		81		0		0		0		0		0		81		0		81		0		0		0		0		81		81		81		81		81		0		0		81		81		0		0		0		0		81		0		0		0		0		0		81		81		0		81		0		0		
0		0		81		0		0		0		81		81		0		0		0		0		0		0		0		81		0		0		81		0		81		0		0		81		0		0		81		81		0		0		81		0		0		81		81		0		0		81		81		0		0		81		0		0		0		0		0		0		0		0		0		0		81		0		81		0		81		81		81		0		81		81		0		81		0		0		0		0		81		81		0		0		81		0		81		0		81		0		0		81		
0		0		0		0		0		0		0		81		0		0		0		0		0		0		0		0		0		81		81		81		0		81		0		0		0		81		81		81		0		0		81		0		0		0		0		0		0		0		0		0		81		0		0		0		0		0		81		81		0		0		0		81		81		0		81		0		81		81		0		81		0		0		0		81		81		81		0		0		0		81		0		0		0		81		0		81		0		81		0		0		
0		0		81		81		81		0		81		0		81		81		0		0		0		0		0		0		0		0		0		81		0		0		0		0		81		0		0		0		0		0		81		0		0		81		0		0		0		81		0		0		0		81		0		0		81		0		81		0		81		0		0		0		0		0		0		0		0		0		81		0		81		81		0		0		81		0		0		81		81		0		0		81		0		0		0		81		0		0		0		81		
0		0		0		0		81		81		0		0		81		0		0		0		0		0		0		0		0		0		0		0		0		81		0		0		81		81		0		81		0		0		0		0		0		81		81		0		0		81		0		0		0		0		81		0		0		0		81		81		81		0		0		0		0		0		0		81		0		0		81		0		81		81		0		0		81		0		0		0		0		0		0		0		0		0		0		0		0		0		81		0		
81		0		0		0		0		0		0		81		81		0		81		0		0		0		0		0		0		0		81		0		0		0		0		0		81		0		0		0		0		0		81		0		81		81		81		0		0		0		0		0		81		0		0		0		81		0		0		0		81		0		0		81		81		0		0		81		0		81		0		0		0		0		81		0		81		81		81		0		0		81		81		0		0		0		81		0		0		0		0		81		
81		0		0		0		81		0		81		81		0		0		0		0		0		0		0		0		81		0		0		0		81		81		0		81		0		0		81		0		0		0		81		0		0		0		81		0		0		81		0		81		0		81		0		0		0		0		0		81		0		0		0		81		0		0		0		0		0		81		81		81		0		0		0		81		0		0		0		0		0		81		0		0		0		0		0		0		81		0		81		0		
81		0		0		0		0		0		81		81		0		0		81		0		0		0		0		0		0		0		0		81		0		0		0		0		0		81		81		0		0		81		0		0		81		0		81		81		81		0		0		81		0		81		81		0		81		0		0		0		0		0		0		81		81		0		0		0		0		0		0		81		81		81		81		0		81		0		0		0		0		0		0		0		81		0		81		0		0		0		0		0		
0		0		0		0		0		0		81		0		0		81		0		0		0		81		0		0		81		0		81		81		0		81		81		0		0		0		0		0		0		0		0		0		0		0		0		81		0		81		0		0		81		0		81		0		81		81		81		0		0		0		0		0		81		81		0		81		0		0		0		81		0		0		81		0		0		81		81		81		0		81		0		81		81		81		0		0		81		0		81		0		
81		0		81		81		0		81		0		0		0		0		0		0		0		0		0		0		0		81		81		0		0		0		0		81		0		0		0		0		0		0		0		0		0		0		0		81		81		0		81		81		0		0		0		0		0		0		81		0		81		0		0		0		0		81		0		0		81		0		0		0		0		0		81		0		0		81		81		0		0		0		81		81		0		81		0		0		0		81		0		0		
0		81		0		81		0		0		0		0		0		0		0		0		0		0		0		81		0		0		0		81		0		0		81		81		0		81		0		0		0		0		0		0		0		0		0		0		81		0		0		0		0		0		0		0		0		81		81		0		0		0		81		0		0		0		0		0		0		0		0		0		81		0		0		0		0		81		0		81		0		0		81		81		0		0		0		0		0		0		81		0		
0		0		81		0		0		0		0		81		0		0		81		81		81		0		0		0		0		0		0		0		81		0		0		0		0		0		0		0		81		81		0		81		81		0		0		81		0		0		81		81		0		81		0		0		0		81		0		0		0		81		0		0		81		0		81		0		0		81		81		0		81		0		0		0		0		0		0		0		81		0		81		81		0		0		0		81		0		0		0		81		
81		81		0		0		0		81		0		0		81		0		0		81		0		81		0		0		81		81		81		0		0		81		81		0		0		0		0		81		0		81		0		0		0		0		81		0		0		0		0		0		0		0		0		81		0		0		0		81		81		0		81		0		0		81		0		0		0		0		81		81		0		0		81		81		0		81		0		0		0		81		0		0		81		81		0		0		0		81		81		81		
0		0		0		0		81		0		81		0		81		0		0		81		0		0		0		0		0		81		0		0		0		0		0		81		0		0		0		0		0		0		0		0		81		0		0		0		0		0		0		0		0		0		81		81		0		0		0		81		0		81		0		81		0		0		0		0		81		0		0		0		0		0		81		0		0		0		81		81		81		0		81		0		0		81		0		81		81		0		0		81		
0		0		81		0		0		0		81		0		0		0		0		0		0		81		0		0		0		81		0		0		81		81		0		0		81		81		0		0		0		81		0		0		0		0		0		0		0		81		81		0		0		81		81		0		0		0		0		0		0		81		81		81		81		0		0		0		0		0		0		0		81		0		0		0		0		81		81		81		81		0		0		81		0		0		0		0		0		0		0		81		
0		0		0		81		81		0		0		81		0		0		0		81		0		0		0		0		0		0		81		0		81		0		81		81		0		0		0		0		0		81		0		0		81		0		0		0		81		81		0		81		0		0		0		0		0		0		81		0		0		0		0		81		0		81		81		81		0		0		81		0		0		0		0		0		81		81		0		0		0		81		0		0		81		0		0		81		81		81		0		81		
81		0		0		0		0		0		0		0		0		0		81		81		0		0		0		81		81		0		0		0		0		0		0		0		0		81		0		0		0		81		81		0		0		0		0		81		0		0		0		81		81		81		81		0		0		0		0		0		0		0		0		0		81		0		0		0		0		0		0		81		0		0		0		0		0		81		81		0		0		81		81		0		0		81		0		81		0		81		0		0		
0		0		0		81		0		0		0		0		0		0		0		0		0		81		0		0		0		0		0		0		0		0		0		0		0		0		0		81		0		0		0		0		0		0		0		81		0		0		81		0		0		0		81		0		81		81		0		81		0		0		0		0		0		0		0		0		0		81		81		0		0		0		81		0		81		0		0		0		0		0		0		0		0		0		81		0		0		0		0		0		
81		0		0		81		0		0		81		81		0		0		0		0		81		0		0		81		0		0		81		0		0		0		81		0		0		81		0		0		81		0		0		0		81		81		0		0		81		0		0		81		0		81		0		0		0		81		81		0		0		0		81		0		81		0		81		0		0		81		0		81		81		0		0		0		0		0		0		0		81		0		81		0		81		81		0		81		0		0		0		81		
81		81		81		0		0		0		0		0		0		0		0		0		0		0		0		0		81		0		0		0		0		81		0		0		81		81		0		0		0		81		0		81		0		0		0		0		0		81		0		81		0		0		0		81		0		81		0		0		0		0		81		0		81		0		0		0		0		0		81		0		0		0		0		81		0		81		0		0		0		0		81		0		81		0		0		0		81		81		81		81		
0		0		81		0		0		81		0		0		0		0		81		0		81		0		0		0		0		0		0		0		0		0		0		0		0		0		0		0		81		81		0		81		0		0		81		0		0		0		0		81		0		0		0		0		0		0		0		0		0		81		81		0		0		81		81		81		0		81		0		81		0		0		0		0		0		0		81		0		0		81		0		0		81		81		0		0		81		81		0		0		
0		0		0		0		0		81		0		81		0		81		0		0		0		0		0		81		0		0		81		0		81		81		0		0		0		81		0		81		0		0		0		0		0		0		0		0		0		0		0		81		0		81		0		81		0		81		81		0		0		0		81		0		0		0		81		0		0		0		0		0		0		81		0		81		0		81		0		81		0		81		0		0		0		0		0		0		81		0		81		0		
0		0		0		0		0		0		0		0		0		0		81		81		0		81		0		0		0		0		0		0		0		81		0		0		0		81		81		0		0		0		81		81		0		0		0		0		81		0		0		81		0		0		81		81		0		81		0		0		0		0		81		0		81		0		0		0		81		0		81		0		81		0		81		0		0		0		0		0		81		81		81		81		81		0		0		81		81		0		0		81		
NDC Pairs
< 1		2 >
< 1		3 >
< 1		4 >
< 1		10 >
< 1		11 >
< 1		13 >
< 1		14 >
< 1		26 >
< 1		29 >
< 1		36 >
< 1		46 >
< 1		47 >
< 1		49 >
< 1		52 >
< 1		53 >
< 1		58 >
< 1		63 >
< 1		64 >
< 1		65 >
< 1		67 >
< 1		70 >
< 1		74 >
< 1		76 >
< 1		77 >
< 2		5 >
< 2		8 >
< 2		9 >
< 2		13 >
< 2		14 >
< 2		16 >
< 2		21 >
< 2		25 >
< 2		26 >
< 2		29 >
< 2		37 >
< 2		38 >
< 2		41 >
< 2		42 >
< 2		48 >
< 2		51 >
< 2		56 >
< 2		68 >
< 2		70 >
< 2		77 >
< 3		4 >
< 3		11 >
< 3		14 >
< 3		15 >
< 3		20 >
< 3		21 >
< 3		23 >
< 3		27 >
< 3		28 >
< 3		38 >
< 3		39 >
< 3		41 >
< 3		43 >
< 3		45 >
< 3		46 >
< 3		47 >
< 3		49 >
< 3		56 >
< 3		59 >
< 3		61 >
< 3		67 >
< 3		69 >
< 3		72 >
< 3		77 >
< 3		78 >
< 4		15 >
< 4		18 >
< 4		19 >
< 4		23 >
< 4		24 >
< 4		28 >
< 4		29 >
< 4		30 >
< 4		31 >
< 4		34 >
< 4		37 >
< 4		39 >
< 4		46 >
< 4		51 >
< 4		54 >
< 4		56 >
< 4		61 >
< 4		67 >
< 4		68 >
< 4		73 >
< 4		75 >
< 4		76 >
< 5		7 >
< 5		10 >
< 5		11 >
< 5		15 >
< 5		18 >
< 5		22 >
< 5		23 >
< 5		24 >
< 5		25 >
< 5		27 >
< 5		34 >
< 5		36 >
< 5		37 >
< 5		40 >
< 5		43 >
< 5		49 >
< 5		53 >
< 5		61 >
< 5		62 >
< 5		64 >
< 5		71 >
< 5		73 >
< 6		10 >
< 6		23 >
< 6		24 >
< 6		27 >
< 6		28 >
< 6		29 >
< 6		34 >
< 6		35 >
< 6		39 >
< 6		42 >
< 6		50 >
< 6		53 >
< 6		55 >
< 6		62 >
< 6		67 >
< 6		70 >
< 6		78 >
< 6		79 >
< 7		12 >
< 7		14 >
< 7		19 >
< 7		22 >
< 7		27 >
< 7		28 >
< 7		29 >
< 7		30 >
< 7		42 >
< 7		46 >
< 7		48 >
< 7		50 >
< 7		51 >
< 7		57 >
< 7		59 >
< 7		61 >
< 7		64 >
< 7		65 >
< 7		66 >
< 7		71 >
< 7		72 >
< 7		76 >
< 8		10 >
< 8		17 >
< 8		23 >
< 8		25 >
< 8		28 >
< 8		30 >
< 8		31 >
< 8		32 >
< 8		37 >
< 8		39 >
< 8		42 >
< 8		46 >
< 8		48 >
< 8		52 >
< 8		59 >
< 8		60 >
< 8		63 >
< 8		64 >
< 8		65 >
< 8		69 >
< 8		73 >
< 8		76 >
< 8		79 >
< 9		10 >
< 9		14 >
< 9		16 >
< 9		27 >
< 9		28 >
< 9		30 >
< 9		33 >
< 9		38 >
< 9		41 >
< 9		42 >
< 9		46 >
< 9		47 >
< 9		48 >
< 9		52 >
< 9		54 >
< 9		56 >
< 9		61 >
< 9		62 >
< 9		63 >
< 9		70 >
< 9		71 >
< 10		11 >
< 10		13 >
< 10		14 >
< 10		15 >
< 10		16 >
< 10		21 >
< 10		23 >
< 10		30 >
< 10		32 >
< 10		34 >
< 10		37 >
< 10		39 >
< 10		41 >
< 10		47 >
< 10		49 >
< 10		51 >
< 10		52 >
< 10		53 >
< 10		58 >
< 10		61 >
< 10		66 >
< 10		79 >
< 11		12 >
< 11		15 >
< 11		16 >
< 11		23 >
< 11		25 >
< 11		26 >
< 11		27 >
< 11		28 >
< 11		31 >
< 11		35 >
< 11		43 >
< 11		44 >
< 11		45 >
< 11		56 >
< 11		63 >
< 11		65 >
< 11		69 >
< 11		74 >
< 11		78 >
< 11		80 >
< 12		16 >
< 12		17 >
< 12		18 >
< 12		24 >
< 12		26 >
< 12		30 >
< 12		32 >
< 12		33 >
< 12		37 >
< 12		38 >
< 12		48 >
< 12		50 >
< 12		51 >
< 12		57 >
< 12		69 >
< 12		70 >
< 12		71 >
< 12		73 >
< 12		74 >
< 12		80 >
< 13		15 >
< 13		16 >
< 13		17 >
< 13		19 >
< 13		20 >
< 13		21 >
< 13		24 >
< 13		26 >
< 13		43 >
< 13		44 >
< 13		45 >
< 13		50 >
< 13		52 >
< 13		53 >
< 13		58 >
< 13		69 >
< 13		76 >
< 13		78 >
< 14		19 >
< 14		22 >
< 14		25 >
< 14		27 >
< 14		35 >
< 14		38 >
< 14		39 >
< 14		40 >
< 14		45 >
< 14		49 >
< 14		51 >
< 14		53 >
< 14		58 >
< 14		66 >
< 14		70 >
< 14		72 >
< 14		75 >
< 14		80 >
< 15		16 >
< 15		18 >
< 15		25 >
< 15		29 >
< 15		37 >
< 15		38 >
< 15		40 >
< 15		42 >
< 15		46 >
< 15		48 >
< 15		51 >
< 16		17 >
< 16		19 >
< 16		21 >
< 16		22 >
< 16		24 >
< 16		25 >
< 16		26 >
< 16		27 >
< 16		31 >
< 16		33 >
< 16		34 >
< 16		35 >
< 16		38 >
< 16		41 >
< 16		47 >
< 16		54 >
< 16		57 >
< 16		59 >
< 16		68 >
< 16		74 >
< 16		76 >
< 16		79 >
< 17		18 >
< 17		26 >
< 17		32 >
< 17		34 >
< 17		39 >
< 17		40 >
< 17		41 >
< 17		43 >
< 17		45 >
< 17		51 >
< 17		53 >
< 17		55 >
< 17		58 >
< 17		64 >
< 17		66 >
< 17		70 >
< 17		74 >
< 17		77 >
< 18		20 >
< 18		23 >
< 18		25 >
< 18		31 >
< 18		32 >
< 18		33 >
< 18		37 >
< 18		48 >
< 18		51 >
< 18		54 >
< 18		56 >
< 18		57 >
< 18		60 >
< 18		67 >
< 18		70 >
< 18		71 >
< 18		72 >
< 19		24 >
< 19		25 >
< 19		27 >
< 19		33 >
< 19		34 >
< 19		42 >
< 19		47 >
< 19		59 >
< 19		60 >
< 19		63 >
< 19		66 >
< 19		67 >
< 19		70 >
< 19		73 >
< 19		76 >
< 19		79 >
< 20		23 >
< 20		28 >
< 20		31 >
< 20		32 >
< 20		33 >
< 20		39 >
< 20		43 >
< 20		45 >
< 20		48 >
< 20		49 >
< 20		50 >
< 20		51 >
< 20		52 >
< 20		54 >
< 20		60 >
< 20		61 >
< 20		65 >
< 20		66 >
< 20		68 >
< 21		22 >
< 21		23 >
< 21		26 >
< 21		27 >
< 21		36 >
< 21		38 >
< 21		54 >
< 21		59 >
< 21		64 >
< 21		69 >
< 21		72 >
< 21		73 >
< 21		79 >
< 22		25 >
< 22		26 >
< 22		29 >
< 22		30 >
< 22		31 >
< 22		39 >
< 22		41 >
< 22		42 >
< 22		44 >
< 22		47 >
< 22		49 >
< 22		60 >
< 22		62 >
< 22		64 >
< 22		66 >
< 22		70 >
< 22		72 >
< 22		77 >
< 22		79 >
< 22		80 >
< 23		24 >
< 23		26 >
< 23		28 >
< 23		29 >
< 23		32 >
< 23		35 >
< 23		37 >
< 23		41 >
< 23		43 >
< 23		49 >
< 23		50 >
< 23		52 >
< 23		66 >
< 23		68 >
< 23		70 >
< 23		73 >
< 23		76 >
< 24		29 >
< 24		31 >
< 24		34 >
< 24		36 >
< 24		38 >
< 24		39 >
< 24		40 >
< 24		46 >
< 24		49 >
< 24		55 >
< 24		59 >
< 24		64 >
< 24		67 >
< 24		68 >
< 24		71 >
< 24		73 >
< 25		28 >
< 25		29 >
< 25		30 >
< 25		31 >
< 25		34 >
< 25		38 >
< 25		39 >
< 25		45 >
< 25		47 >
< 25		49 >
< 25		51 >
< 25		52 >
< 25		53 >
< 25		54 >
< 25		55 >
< 25		57 >
< 25		58 >
< 25		61 >
< 25		62 >
< 25		63 >
< 25		72 >
< 25		77 >
< 26		30 >
< 26		35 >
< 26		36 >
< 26		40 >
< 26		49 >
< 26		53 >
< 26		60 >
< 26		62 >
< 26		65 >
< 26		68 >
< 26		72 >
< 26		74 >
< 26		76 >
< 26		77 >
< 26		79 >
< 26		80 >
< 27		32 >
< 27		35 >
< 27		37 >
< 27		40 >
< 27		41 >
< 27		42 >
< 27		46 >
< 27		49 >
< 27		51 >
< 27		59 >
< 27		60 >
< 27		64 >
< 27		65 >
< 27		80 >
< 28		29 >
< 28		31 >
< 28		32 >
< 28		36 >
< 28		37 >
< 28		42 >
< 28		45 >
< 28		46 >
< 28		54 >
< 28		59 >
< 28		60 >
< 28		62 >
< 28		70 >
< 28		75 >
< 28		79 >
< 29		32 >
< 29		34 >
< 29		37 >
< 29		38 >
< 29		44 >
< 29		46 >
< 29		51 >
< 29		55 >
< 29		69 >
< 29		76 >
< 29		78 >
< 30		32 >
< 30		33 >
< 30		37 >
< 30		51 >
< 30		52 >
< 30		53 >
< 30		55 >
< 30		57 >
< 30		65 >
< 30		69 >
< 30		70 >
< 30		72 >
< 30		73 >
< 30		74 >
< 30		77 >
< 30		78 >
< 31		33 >
< 31		39 >
< 31		40 >
< 31		41 >
< 31		44 >
< 31		47 >
< 31		55 >
< 31		59 >
< 31		60 >
< 31		61 >
< 31		63 >
< 31		64 >
< 31		74 >
< 31		80 >
< 32		38 >
< 32		45 >
< 32		56 >
< 32		57 >
< 32		69 >
< 32		77 >
< 32		78 >
< 32		80 >
< 33		34 >
< 33		46 >
< 33		50 >
< 33		63 >
< 33		65 >
< 33		69 >
< 33		71 >
< 33		73 >
< 33		76 >
< 34		40 >
< 34		44 >
< 34		45 >
< 34		46 >
< 34		48 >
< 34		49 >
< 34		52 >
< 34		58 >
< 34		59 >
< 34		61 >
< 34		62 >
< 34		63 >
< 34		76 >
< 35		36 >
< 35		39 >
< 35		42 >
< 35		48 >
< 35		49 >
< 35		56 >
< 35		57 >
< 35		58 >
< 35		59 >
< 35		62 >
< 35		63 >
< 35		64 >
< 35		65 >
< 35		70 >
< 35		78 >
< 36		39 >
< 36		40 >
< 36		45 >
< 36		50 >
< 36		51 >
< 36		55 >
< 36		56 >
< 36		65 >
< 36		66 >
< 36		67 >
< 36		69 >
< 36		74 >
< 36		75 >
< 37		39 >
< 37		52 >
< 37		53 >
< 37		54 >
< 37		55 >
< 37		65 >
< 37		67 >
< 37		68 >
< 37		73 >
< 37		76 >
< 37		80 >
< 38		41 >
< 38		44 >
< 38		45 >
< 38		46 >
< 38		47 >
< 38		49 >
< 38		57 >
< 38		58 >
< 38		59 >
< 38		61 >
< 38		62 >
< 38		64 >
< 38		66 >
< 38		72 >
< 38		73 >
< 38		77 >
< 39		42 >
< 39		52 >
< 39		59 >
< 39		67 >
< 39		69 >
< 39		72 >
< 39		75 >
< 40		41 >
< 40		45 >
< 40		47 >
< 40		48 >
< 40		49 >
< 40		50 >
< 40		52 >
< 40		53 >
< 40		64 >
< 40		65 >
< 40		67 >
< 40		69 >
< 40		73 >
< 40		74 >
< 40		76 >
< 40		77 >
< 40		78 >
< 40		79 >
< 40		80 >
< 41		43 >
< 41		47 >
< 41		50 >
< 41		51 >
< 41		52 >
< 41		53 >
< 41		60 >
< 41		63 >
< 41		66 >
< 41		74 >
< 42		43 >
< 42		44 >
< 42		46 >
< 42		48 >
< 42		50 >
< 42		56 >
< 42		59 >
< 42		61 >
< 42		64 >
< 42		65 >
< 42		69 >
< 42		72 >
< 42		74 >
< 42		76 >
< 42		79 >
< 43		47 >
< 43		49 >
< 43		50 >
< 43		55 >
< 43		56 >
< 43		58 >
< 43		62 >
< 43		65 >
< 43		66 >
< 43		71 >
< 43		72 >
< 43		74 >
< 43		75 >
< 43		80 >
< 44		45 >
< 44		48 >
< 44		53 >
< 44		54 >
< 44		56 >
< 44		57 >
< 44		70 >
< 44		71 >
< 44		77 >
< 44		79 >
< 44		80 >
< 45		47 >
< 45		49 >
< 45		54 >
< 45		61 >
< 45		63 >
< 45		65 >
< 45		66 >
< 45		75 >
< 46		48 >
< 46		51 >
< 46		52 >
< 46		57 >
< 46		66 >
< 46		68 >
< 46		69 >
< 46		75 >
< 46		76 >
< 46		77 >
< 46		79 >
< 46		80 >
< 47		56 >
< 47		57 >
< 47		60 >
< 47		61 >
< 47		62 >
< 47		66 >
< 47		67 >
< 47		68 >
< 47		73 >
< 47		76 >
< 47		79 >
< 48		49 >
< 48		57 >
< 48		60 >
< 48		62 >
< 48		64 >
< 48		70 >
< 48		71 >
< 48		75 >
< 49		51 >
< 49		55 >
< 49		58 >
< 49		61 >
< 49		62 >
< 49		63 >
< 49		67 >
< 49		70 >
< 50		53 >
< 50		54 >
< 50		69 >
< 50		71 >
< 50		72 >
< 50		78 >
< 51		58 >
< 51		68 >
< 51		70 >
< 51		72 >
< 51		76 >
< 51		77 >
< 51		78 >
< 51		79 >
< 51		80 >
< 52		55 >
< 52		56 >
< 52		60 >
< 52		63 >
< 52		64 >
< 52		65 >
< 52		71 >
< 52		72 >
< 52		73 >
< 53		59 >
< 53		60 >
< 53		63 >
< 53		65 >
< 53		66 >
< 53		69 >
< 53		72 >
< 53		74 >
< 53		76 >
< 53		77 >
< 53		80 >
< 54		55 >
< 54		66 >
< 54		67 >
< 54		70 >
< 54		73 >
< 54		78 >
< 55		57 >
< 55		59 >
< 55		60 >
< 55		69 >
< 55		73 >
< 55		76 >
< 55		78 >
< 55		79 >
< 56		58 >
< 56		62 >
< 56		63 >
< 56		66 >
< 56		73 >
< 56		78 >
< 57		58 >
< 57		59 >
< 57		60 >
< 57		67 >
< 57		71 >
< 57		80 >
< 58		59 >
< 58		60 >
< 58		63 >
< 58		64 >
< 58		69 >
< 58		75 >
< 58		76 >
< 58		78 >
< 59		61 >
< 59		62 >
< 59		64 >
< 59		69 >
< 59		70 >
< 59		73 >
< 59		75 >
< 59		77 >
< 59		80 >
< 60		64 >
< 60		65 >
< 60		66 >
< 60		70 >
< 60		74 >
< 60		76 >
< 60		78 >
< 61		62 >
< 61		65 >
< 61		68 >
< 61		69 >
< 61		72 >
< 61		76 >
< 61		80 >
< 62		65 >
< 62		79 >
< 63		65 >
< 63		66 >
< 63		67 >
< 63		70 >
< 63		71 >
< 63		75 >
< 63		80 >
< 64		70 >
< 64		77 >
< 64		79 >
< 65		73 >
< 65		75 >
< 66		67 >
< 66		68 >
< 66		70 >
< 66		72 >
< 66		73 >
< 66		74 >
< 66		77 >
< 66		79 >
< 67		71 >
< 67		72 >
< 67		74 >
< 67		78 >
< 68		71 >
< 68		72 >
< 68		79 >
< 69		71 >
< 69		72 >
< 69		76 >
< 69		80 >
< 70		73 >
< 70		74 >
< 70		78 >
< 70		79 >
< 70		80 >
< 71		74 >
< 71		76 >
< 71		77 >
< 71		80 >
< 72		80 >
< 73		76 >
< 73		77 >
< 73		78 >
< 73		80 >
< 74		76 >
< 74		78 >
< 76		80 >
< 77		78 >
< 77		79 >
< 77		80 >
