nNodes= 80
nPairs= 925  
Weight
3
4
3
3
4
3
3
3
3
2
2
2
4
4
3
2
4
3
2
4
4
2
3
4
2
3
2
2
2
2
4
3
3
2
2
3
3
3
3
2
4
2
2
2
4
3
4
4
2
3
3
4
3
3
2
3
4
2
2
4
4
4
2
4
4
4
3
3
2
3
2
4
3
3
2
4
2
3
3
3
Cost
81		81		0		81		0		0		0		0		81		0		0		0		81		81		81		0		81		0		0		0		81		0		0		81		0		81		0		81		81		0		81		0		0		81		81		0		0		0		0		0		0		0		0		81		0		81		0		0		0		81		0		0		0		81		0		81		0		0		81		81		0		0		0		81		0		81		0		0		0		0		0		0		0		0		0		0		0		0		81		0		
81		81		0		0		0		0		0		0		0		0		0		0		81		81		0		81		0		81		0		0		0		81		0		81		0		0		0		0		0		0		0		0		0		0		0		0		0		0		0		0		81		81		0		0		0		81		81		0		0		81		0		0		81		0		0		0		0		0		81		0		81		81		0		0		0		0		81		0		81		81		0		81		81		0		0		0		81		0		0		0		
0		0		81		0		0		0		0		0		0		0		0		81		81		0		0		0		0		81		0		0		81		0		0		0		0		81		0		0		81		0		0		0		0		0		81		0		0		0		0		81		81		81		0		0		0		0		0		0		81		0		0		0		81		0		0		81		0		0		0		0		0		81		0		0		0		0		81		0		0		0		0		0		81		81		0		0		0		81		0		0		
81		0		0		81		0		0		0		0		81		0		0		0		81		81		81		0		0		0		0		81		0		81		0		0		0		0		0		0		0		0		0		0		81		0		81		0		0		0		0		0		81		81		81		81		0		0		0		81		0		81		0		0		0		0		0		0		81		0		0		0		0		0		0		0		0		0		0		81		0		81		0		0		0		0		0		0		0		0		0		0		
0		0		0		0		81		0		81		0		81		0		0		81		81		0		0		0		0		0		81		0		81		0		81		0		0		81		0		0		0		0		0		81		81		81		81		81		0		81		0		81		0		0		0		81		0		81		81		0		81		0		0		81		0		0		0		0		81		0		0		81		0		0		81		0		0		0		0		0		0		0		0		0		0		81		0		0		81		81		0		81		
0		0		0		0		0		81		0		81		0		0		0		0		0		0		0		81		0		81		0		0		0		81		0		0		0		0		81		0		0		0		0		0		0		0		81		81		0		0		81		81		81		0		0		81		0		81		81		81		81		81		81		0		0		0		81		0		0		0		81		81		0		0		81		81		0		0		81		81		81		0		0		81		0		0		0		81		0		0		0		0		
0		0		0		0		81		0		81		81		0		0		0		81		0		0		0		0		81		0		0		0		0		81		0		81		81		0		0		0		81		0		81		81		81		81		0		0		81		0		81		0		81		81		0		0		0		81		0		0		0		0		0		0		0		0		0		81		81		0		0		81		81		0		81		0		0		0		0		0		0		0		0		0		0		81		81		0		81		0		0		0		
0		0		0		0		0		81		81		81		0		0		0		0		0		0		81		0		0		81		0		81		81		0		81		81		0		81		0		81		0		81		0		81		0		0		81		0		81		0		0		0		81		81		0		0		81		0		0		0		81		0		0		0		81		0		81		0		0		0		81		0		0		81		0		0		0		81		0		0		0		81		0		0		0		0		0		0		81		0		0		0		
81		0		0		81		81		0		0		0		81		0		0		81		0		0		0		0		81		81		0		0		0		81		0		0		0		0		81		0		0		81		0		0		81		0		0		81		0		0		0		0		81		0		0		81		0		0		0		0		81		0		81		0		81		0		0		81		0		81		0		0		0		0		0		0		0		0		0		0		0		81		81		0		0		0		0		81		0		0		0		0		
0		0		0		0		0		0		0		0		0		81		81		81		81		81		0		0		0		0		0		0		0		81		81		0		81		0		81		81		0		81		0		81		0		81		0		0		81		0		0		0		0		0		0		0		0		0		0		0		0		0		81		81		0		0		0		0		81		0		0		81		0		0		0		0		0		81		0		81		0		81		0		81		81		0		81		0		81		0		0		0		
0		0		0		0		0		0		0		0		0		81		81		0		0		0		81		0		0		0		0		81		81		81		0		0		81		0		0		0		0		0		0		0		0		81		0		0		0		0		81		81		0		81		0		0		0		0		0		0		81		0		0		0		81		0		0		0		81		0		0		0		0		81		81		0		0		0		0		81		81		0		0		81		0		0		0		81		81		81		0		81		
0		0		81		0		81		0		81		0		81		81		0		81		0		81		0		0		0		0		0		0		81		0		81		0		0		81		81		81		0		0		0		0		81		0		0		0		0		0		0		0		0		0		81		81		0		81		81		0		0		0		81		0		0		0		0		0		0		0		0		0		0		81		81		0		81		0		0		0		0		81		0		81		81		0		0		0		0		81		0		81		
81		81		81		81		81		0		0		0		0		81		0		0		81		81		0		0		81		81		0		0		0		81		0		0		0		81		0		0		0		0		81		81		0		81		0		0		81		0		0		0		0		0		81		0		0		81		0		0		0		0		0		0		81		81		81		0		81		81		0		0		0		81		0		0		0		0		0		0		0		0		81		0		0		0		0		0		81		0		0		0		
81		81		0		81		0		0		0		0		0		81		0		81		81		81		0		0		81		81		81		0		0		81		0		81		81		0		81		0		0		0		0		81		0		0		81		81		0		0		81		0		0		0		81		81		0		0		0		81		0		0		0		0		0		0		0		0		0		0		0		0		0		0		81		0		81		0		0		0		0		0		0		0		0		0		0		0		0		0		0		81		
81		0		0		81		0		0		0		81		0		0		81		0		0		0		81		0		0		0		0		0		0		0		0		0		0		0		81		0		81		0		0		0		0		0		0		81		0		81		0		81		81		0		0		0		0		0		0		0		0		0		0		81		0		0		0		0		0		0		0		0		0		0		0		0		81		0		0		81		0		0		0		0		0		0		81		0		81		81		0		0		
0		81		0		0		0		81		0		0		0		0		0		0		0		0		0		81		0		0		0		0		0		0		81		0		0		81		0		0		0		81		0		81		0		81		0		0		0		0		0		0		0		0		0		0		0		0		0		0		0		0		0		81		81		0		0		0		0		0		81		0		0		0		81		81		0		0		0		81		0		81		81		81		0		0		0		0		0		0		81		0		
81		0		0		0		0		0		81		0		81		0		0		0		81		81		0		0		81		81		0		0		0		0		81		0		0		0		0		81		0		0		0		81		0		0		0		0		0		0		0		0		0		0		81		0		0		0		0		0		0		81		0		0		0		0		0		81		0		0		0		0		0		81		0		0		81		81		0		0		81		0		0		81		0		0		81		81		0		81		0		81		
0		81		81		0		0		81		0		81		81		0		0		0		81		81		0		0		81		81		81		0		0		0		81		81		81		0		0		81		0		0		0		0		0		81		0		0		0		0		0		81		81		81		0		0		0		0		0		0		0		81		0		0		0		0		81		0		0		0		0		0		0		0		0		0		81		0		81		0		0		81		0		81		81		0		0		0		0		81		0		0		
0		0		0		0		81		0		0		0		0		0		0		0		0		81		0		0		0		81		81		0		0		0		0		0		0		0		0		0		81		0		81		81		81		0		0		0		0		0		0		81		0		0		0		0		0		0		0		0		81		81		81		0		0		0		81		0		0		0		0		81		0		0		81		0		0		0		0		0		0		0		81		0		81		0		0		0		0		0		81		81		
0		0		0		81		0		0		0		81		0		0		81		0		0		0		0		0		0		0		0		81		81		0		0		0		0		81		81		81		0		81		81		0		81		0		0		81		0		0		0		0		0		0		0		0		0		0		0		81		81		0		0		81		0		81		0		0		81		0		81		81		81		0		81		0		0		0		81		81		0		0		0		81		81		0		81		0		81		0		0		0		
81		0		81		0		81		0		0		81		0		0		81		81		0		0		0		0		0		0		0		81		81		81		81		0		0		81		0		0		81		81		0		0		81		0		0		0		0		0		81		0		81		0		0		0		81		0		0		0		0		0		0		0		0		81		0		0		0		0		0		0		0		0		0		81		0		0		0		81		81		0		0		0		0		0		0		0		81		0		0		0		
0		81		0		81		0		81		81		0		81		81		81		0		81		81		0		0		0		0		0		0		81		81		0		81		81		0		0		0		0		81		0		0		0		0		81		0		0		0		81		81		0		0		0		0		0		0		81		0		0		0		0		81		0		0		0		0		81		0		0		0		0		81		81		0		0		0		81		81		0		0		81		0		0		0		0		81		0		0		81		81		
0		0		0		0		81		0		0		81		0		81		0		81		0		0		0		81		81		81		0		0		81		0		81		81		0		0		0		81		81		81		0		0		81		0		0		0		81		0		0		0		0		0		0		0		81		0		0		0		81		81		0		81		0		0		81		0		0		0		0		81		0		0		0		81		0		81		0		0		81		0		0		0		0		0		0		81		0		0		0		0		
81		81		0		0		0		0		81		81		0		0		0		0		0		81		0		0		0		81		0		0		0		81		81		81		0		81		81		0		0		0		0		0		81		0		0		81		0		81		0		81		81		0		81		0		81		81		0		0		0		81		0		81		0		0		0		81		81		0		0		81		0		81		81		0		0		0		0		81		81		0		81		81		0		0		0		0		0		81		81		0		
0		0		0		0		0		0		81		0		0		81		81		0		0		81		0		0		0		81		0		0		0		81		0		0		81		0		0		0		0		0		0		81		81		81		0		0		81		81		0		0		0		81		0		0		0		0		0		0		0		0		81		0		81		0		81		81		81		81		0		0		0		0		0		0		0		81		0		0		81		0		0		81		0		0		0		81		0		81		81		0		
81		0		81		0		81		0		0		81		0		0		0		81		81		0		0		81		0		0		0		81		81		0		0		81		0		81		81		0		0		0		81		0		0		0		0		0		0		81		0		0		0		81		0		0		0		0		0		0		81		0		0		0		0		0		81		0		0		0		81		0		0		0		0		81		81		81		81		0		0		0		81		0		0		81		0		0		0		0		0		0		
0		0		0		0		0		81		0		0		81		81		0		81		0		81		81		0		0		0		0		81		0		0		0		81		0		81		81		0		0		0		0		0		0		0		0		0		81		81		0		0		81		0		0		81		0		0		0		0		0		0		0		81		0		0		0		0		0		0		0		0		0		0		81		0		81		81		0		0		0		0		81		0		81		0		0		0		0		0		0		81		
81		0		0		0		0		0		0		81		0		81		0		81		0		0		0		0		81		81		0		81		0		0		81		0		0		0		0		81		81		0		0		0		0		81		81		0		81		0		81		0		0		0		0		0		0		0		0		0		0		0		0		0		0		0		0		81		0		0		81		0		81		0		81		0		0		81		0		81		0		0		0		0		81		81		81		0		0		81		0		0		
81		0		81		0		0		0		81		0		0		0		0		0		0		0		81		0		0		0		81		0		81		0		81		0		0		0		0		81		81		0		0		0		0		81		0		0		81		0		0		0		0		81		81		0		0		81		0		81		0		81		81		0		81		0		0		0		0		0		0		0		0		0		81		81		81		81		81		81		0		0		0		0		0		81		0		81		0		81		0		0		
0		0		0		0		0		0		0		81		81		81		0		0		0		0		0		81		0		0		0		81		81		81		81		0		0		0		0		0		0		81		0		0		0		81		0		81		81		0		0		0		0		81		0		0		0		0		0		0		0		0		0		0		0		81		81		0		0		81		0		0		0		0		0		0		0		0		0		0		0		0		81		81		0		0		0		81		0		81		0		0		
81		0		0		0		0		0		81		0		0		0		0		0		81		0		0		0		0		0		81		81		0		0		0		0		0		81		0		0		0		0		81		0		0		0		0		0		81		0		81		0		0		81		0		0		81		81		0		0		0		0		0		0		0		0		81		0		0		0		0		0		0		0		0		81		0		0		81		0		81		0		0		0		0		0		81		0		0		0		0		0		
0		0		0		0		81		0		81		81		0		81		0		0		81		81		0		81		81		0		81		0		0		0		0		0		81		0		0		0		0		0		0		81		0		81		0		81		81		0		81		0		81		0		0		81		0		0		81		0		81		0		0		0		81		0		0		0		0		81		81		0		81		81		81		0		0		81		81		0		0		81		0		0		81		0		81		0		0		81		0		81		
0		0		0		81		81		0		81		0		81		0		0		81		0		0		0		0		0		0		81		81		81		0		81		81		81		0		0		0		0		0		0		0		81		0		0		81		0		0		0		81		0		81		81		81		81		0		0		0		0		0		81		81		0		81		0		81		0		0		81		0		81		0		81		0		81		0		0		0		0		0		0		0		0		0		81		0		0		0		0		0		
81		0		0		0		81		0		81		0		0		81		81		0		81		0		0		81		0		81		0		0		0		0		0		0		81		0		0		81		81		81		0		81		0		81		0		0		0		0		0		0		0		0		81		0		81		0		0		0		0		0		0		0		0		81		0		0		81		81		0		0		0		0		81		0		81		0		0		0		81		0		0		0		0		0		0		81		0		0		0		0		
81		0		81		81		81		81		0		81		0		0		0		0		0		81		0		0		0		0		0		0		0		81		0		0		0		0		0		81		0		0		0		0		0		0		81		0		0		0		0		0		81		0		0		0		0		0		0		0		0		0		81		0		81		81		81		81		0		81		81		0		0		0		81		0		0		0		0		0		81		0		0		0		0		0		81		0		0		0		0		0		
0		0		0		0		81		81		0		0		81		0		0		0		0		81		81		0		0		0		0		81		0		0		0		81		0		0		0		0		0		81		0		81		81		0		0		81		81		0		0		81		0		0		0		0		0		0		0		0		0		0		0		81		0		0		81		0		0		0		0		0		81		0		0		81		0		0		0		81		0		0		0		0		0		81		0		0		0		0		0		81		
0		0		0		0		0		0		81		81		0		81		0		0		81		0		0		0		0		0		0		0		0		0		81		0		81		0		81		81		81		81		81		81		0		0		0		81		81		0		81		0		0		0		81		0		0		0		0		0		81		0		0		81		0		0		0		81		0		0		81		81		0		0		0		81		81		81		0		0		81		81		0		81		0		0		0		0		0		0		0		81		
0		0		0		0		81		0		0		0		0		0		0		0		0		0		81		0		0		0		0		0		0		0		0		81		81		81		81		0		0		0		0		0		0		0		0		0		0		81		81		81		0		0		81		0		0		81		81		0		81		0		0		0		81		0		0		81		0		0		81		0		0		0		0		81		0		0		81		0		81		0		0		0		0		0		0		81		0		0		0		81		
0		0		0		0		0		81		81		0		0		0		81		0		0		81		0		0		0		0		0		0		81		81		0		0		0		0		0		81		0		0		81		81		0		0		0		0		81		81		81		0		0		0		0		0		0		0		81		0		0		0		81		0		0		0		0		0		0		0		0		0		0		81		0		0		0		0		0		81		0		0		81		81		0		0		81		0		81		0		81		0		
0		0		81		0		81		81		0		0		0		0		81		0		0		0		81		0		0		81		81		0		0		81		0		81		0		0		0		0		0		0		0		0		81		0		0		81		0		81		0		81		81		0		0		81		0		81		81		81		0		81		0		0		81		81		81		0		0		0		0		0		0		0		0		0		81		0		0		81		0		0		81		0		0		0		0		0		0		81		0		81		
0		81		81		81		0		81		81		81		81		0		0		0		0		0		81		0		0		81		0		0		81		0		0		81		0		0		81		0		0		0		0		81		0		0		81		0		0		0		0		81		81		0		0		0		0		0		0		81		0		0		0		81		81		81		0		0		0		0		0		0		0		0		0		81		0		0		81		0		81		0		81		81		0		0		81		81		0		81		81		0		
0		81		81		81		0		0		81		81		0		0		81		0		0		0		0		0		0		81		0		0		0		0		0		0		81		81		0		0		81		81		81		0		81		0		0		0		0		0		0		0		0		81		0		0		0		0		0		0		0		0		0		0		81		0		0		81		0		81		0		81		0		0		0		0		81		81		81		0		81		81		0		0		0		0		0		0		0		81		81		0		
0		0		0		81		0		0		0		0		0		0		0		81		81		81		0		0		81		0		0		0		0		0		0		81		0		0		0		0		81		0		0		0		81		81		0		0		81		81		0		0		0		0		81		81		0		0		0		81		0		81		0		0		81		0		81		81		0		81		0		81		0		81		81		0		0		81		0		81		0		0		81		0		0		0		81		0		0		0		0		81		
81		0		0		81		81		81		0		0		81		0		0		81		0		81		0		0		0		0		0		0		0		0		0		0		0		0		81		0		0		0		0		81		81		0		0		0		0		0		0		81		0		0		81		81		0		0		0		0		0		0		81		0		0		81		0		0		0		0		81		81		0		0		0		0		81		0		0		0		0		0		0		81		0		0		0		81		81		0		0		81		
0		0		0		0		0		0		0		81		0		0		0		0		0		0		0		0		0		0		0		0		81		0		81		81		0		0		0		0		0		0		81		0		81		81		0		0		0		0		0		0		0		0		0		0		81		0		0		81		81		0		81		81		0		0		0		0		0		0		81		0		81		0		0		0		0		81		81		0		81		0		0		0		0		81		0		0		0		0		0		81		
81		81		0		0		81		81		81		0		0		0		0		81		81		0		0		0		0		0		0		0		0		0		0		81		0		0		0		0		81		0		81		0		0		0		0		0		0		81		0		81		0		0		0		0		0		81		0		0		0		0		81		81		81		0		0		0		81		0		0		0		0		0		81		81		0		0		0		0		0		0		0		81		81		0		0		81		0		0		0		81		
0		81		0		0		81		81		0		0		0		0		0		81		0		0		0		0		0		0		0		0		0		81		0		0		0		0		0		0		0		0		0		81		0		0		0		0		0		81		81		81		0		0		0		0		0		0		81		0		81		0		0		0		81		0		81		0		0		0		81		0		0		81		0		81		0		0		81		0		81		81		0		0		0		81		0		81		0		0		0		0		
0		0		0		81		0		81		0		0		0		0		0		0		0		81		0		0		0		0		0		81		0		0		0		0		0		0		0		0		81		0		0		0		0		0		0		0		0		0		0		81		81		0		81		0		81		0		0		81		0		0		0		0		0		0		0		81		81		81		0		0		0		0		81		81		0		81		81		81		0		81		0		81		81		0		0		0		0		0		81		0		
0		0		81		0		81		81		0		81		81		0		81		0		0		0		0		0		0		0		81		81		0		0		81		0		0		81		0		0		0		0		0		81		0		0		0		0		81		81		0		0		0		0		0		0		81		0		81		0		81		0		0		0		81		81		81		0		0		81		0		0		0		0		0		81		81		0		0		81		81		0		0		0		0		0		81		0		81		0		0		81		
81		81		0		81		0		81		0		0		0		0		0		0		0		0		0		0		81		81		81		0		0		0		81		81		0		0		0		0		81		0		0		0		0		0		0		0		0		0		0		81		0		0		81		0		0		0		0		0		0		81		81		81		0		0		81		0		0		0		0		0		81		81		0		0		0		0		0		0		0		0		0		0		81		0		81		81		81		81		81		81		
0		0		0		0		0		81		0		0		81		81		0		81		0		0		0		0		0		0		81		0		0		0		0		0		81		0		0		0		81		0		0		0		81		0		81		0		0		0		81		0		0		0		0		81		81		81		0		0		0		81		81		0		0		0		81		81		0		81		81		0		0		0		81		0		0		0		0		0		0		0		81		0		0		0		81		0		81		0		0		0		
0		0		0		0		81		0		0		0		0		81		0		0		0		0		81		81		0		0		0		81		0		81		81		81		0		0		81		0		0		0		0		0		81		0		0		81		81		0		0		0		81		0		0		0		81		81		0		0		0		81		0		81		0		0		0		81		0		81		0		81		0		81		0		0		0		0		81		0		81		81		0		0		0		0		0		0		0		0		0		0		
0		81		81		0		0		0		0		81		81		0		81		0		81		0		0		81		0		0		0		0		0		0		0		0		81		0		0		0		81		0		0		81		0		0		81		0		0		81		0		81		81		81		81		0		0		81		81		0		81		0		0		0		81		0		81		81		81		81		0		0		0		0		81		0		0		0		81		81		0		0		0		81		0		81		0		81		81		0		81		0		
81		0		0		0		0		0		0		0		0		0		0		0		81		0		0		0		0		0		0		81		81		0		0		0		0		0		0		0		0		81		0		0		81		81		81		0		0		0		0		81		81		0		0		81		0		0		0		0		81		0		0		0		0		81		0		81		0		0		0		0		0		81		0		81		0		81		0		0		0		81		0		81		0		0		81		0		81		0		81		81		
0		0		0		0		0		81		0		81		0		0		0		0		81		0		0		0		0		81		81		0		0		0		81		0		81		81		0		0		0		81		81		0		0		0		81		81		0		0		0		81		0		0		81		0		0		0		81		0		81		81		81		0		81		0		81		81		0		0		0		0		81		0		81		81		0		0		0		0		0		0		81		81		81		0		0		0		0		0		0		0		
81		0		81		0		0		0		81		0		81		0		0		0		0		0		0		0		81		0		0		0		0		0		0		81		81		0		0		81		0		0		0		0		81		0		81		0		81		81		0		0		0		81		81		0		0		0		0		81		0		0		81		81		81		81		81		81		0		0		81		0		0		0		0		0		0		0		81		0		0		81		0		0		0		0		81		0		0		0		81		0		
0		0		0		81		81		0		81		0		0		81		81		0		81		0		0		0		0		0		0		81		0		81		0		81		81		0		0		0		0		0		0		0		0		81		0		0		0		0		0		0		0		0		0		0		0		81		0		81		0		0		0		0		81		0		0		0		81		0		0		0		0		0		0		81		81		81		0		0		0		81		81		0		81		0		0		81		81		81		0		81		
0		0		0		0		0		0		0		0		81		0		0		0		81		0		0		0		0		0		0		0		0		0		0		0		81		0		0		0		0		81		0		81		0		81		81		0		0		0		0		0		0		81		81		0		0		0		0		81		81		0		81		81		81		0		0		0		0		81		0		81		81		0		81		0		0		0		0		0		0		0		0		0		81		0		0		81		0		0		0		0		
81		81		0		0		0		81		0		81		0		0		0		0		0		0		0		81		0		0		0		81		0		0		0		0		0		81		0		81		0		0		0		81		81		0		81		0		81		81		0		0		0		0		0		81		81		0		81		0		0		0		81		0		0		0		0		81		0		0		81		0		0		0		0		0		0		81		0		0		0		0		0		0		0		0		0		0		0		0		0		0		
81		0		0		0		81		81		81		0		0		81		0		0		0		0		0		0		0		0		81		81		0		0		81		81		0		0		0		0		0		0		0		0		0		0		0		0		81		0		0		0		0		81		81		81		0		0		0		0		0		0		0		81		0		0		0		0		0		81		0		81		0		0		81		0		0		0		0		0		0		0		0		0		0		0		0		0		0		0		0		81		
0		81		0		0		0		0		81		0		0		0		0		0		0		0		0		0		0		0		0		81		0		0		0		0		0		0		0		81		0		0		0		81		81		0		0		81		0		0		0		0		0		0		0		0		81		0		0		0		0		81		0		0		0		0		81		0		0		81		0		0		81		0		81		0		0		81		81		0		0		81		0		81		0		0		0		0		81		81		0		0		
0		81		81		0		0		0		0		81		0		0		81		81		81		0		0		0		81		0		0		0		0		81		0		81		0		0		0		0		0		0		0		81		0		0		0		0		0		0		81		0		0		0		81		0		0		0		81		0		0		81		0		81		0		81		0		0		0		0		0		0		0		81		0		0		0		0		0		81		0		0		0		0		0		81		81		0		0		81		0		0		
0		0		0		0		81		81		81		0		0		0		81		81		0		81		0		81		0		0		81		81		0		81		0		81		0		0		81		81		81		0		0		81		81		81		81		0		0		0		0		0		0		0		81		0		0		81		0		81		0		0		81		0		81		0		81		0		0		81		0		81		81		0		81		0		0		0		81		0		0		0		0		0		0		0		0		0		0		0		0		0		
81		0		0		0		0		81		0		0		0		0		0		0		0		0		0		81		0		0		0		0		81		0		81		0		0		81		0		0		81		0		81		0		0		0		0		81		81		81		0		0		81		0		0		0		0		81		81		81		81		0		0		0		0		81		81		0		81		0		0		0		0		0		0		81		81		0		81		0		0		0		0		0		81		81		0		0		0		0		0		0		
0		0		0		0		0		0		0		0		0		0		0		81		0		81		81		0		81		81		0		0		0		0		0		0		0		81		81		0		81		0		0		0		81		81		0		0		81		0		0		81		0		81		0		81		0		0		0		0		81		0		0		0		0		0		0		0		81		0		0		0		0		0		0		81		81		0		81		81		81		81		0		0		81		0		0		81		0		81		81		81		
81		0		0		0		0		0		0		81		0		81		0		0		0		0		0		0		81		0		0		0		0		0		81		0		81		81		81		81		81		0		0		81		0		0		0		0		81		0		0		0		0		81		81		0		81		0		0		81		0		0		0		0		0		81		0		0		81		0		81		0		81		0		0		0		0		81		81		81		81		0		81		0		0		0		0		0		0		81		0		0		
0		81		81		0		0		81		0		0		0		0		0		0		0		0		0		0		0		81		0		81		0		81		0		0		0		81		0		0		81		0		81		81		0		0		0		0		0		81		0		0		81		81		0		0		81		0		81		81		0		0		0		81		81		0		0		81		0		0		0		0		81		0		81		81		81		81		81		0		0		0		0		81		0		81		81		0		81		81		81		0		
0		0		0		81		0		81		0		0		0		81		81		0		0		0		81		81		0		0		0		81		81		81		0		81		0		0		0		81		81		0		0		0		0		0		0		81		0		0		81		81		0		0		81		0		0		0		0		81		81		0		0		0		81		0		0		0		0		0		0		0		0		81		0		0		81		81		0		81		0		81		0		0		0		81		0		0		81		81		0		0		
0		81		0		0		0		81		0		0		0		0		81		0		0		0		0		0		81		0		0		0		81		0		81		81		81		0		0		0		0		0		81		0		0		81		81		0		81		81		0		0		81		81		0		0		81		0		81		0		81		0		0		81		0		0		0		0		0		0		0		0		0		0		0		0		81		81		0		0		81		0		0		81		0		0		0		0		0		0		0		0		
0		81		0		81		0		0		0		81		81		81		0		81		0		0		0		81		0		81		0		0		0		0		0		0		0		0		0		0		0		0		0		81		0		0		0		0		81		0		0		0		0		81		0		0		0		0		81		81		0		0		0		81		0		81		0		81		81		0		0		0		81		0		0		0		81		0		0		81		0		81		81		81		0		0		81		81		81		0		0		0		
0		0		0		0		0		0		0		0		81		0		0		0		81		0		0		81		0		0		81		0		0		81		0		81		0		81		81		0		0		81		0		0		0		0		0		0		0		0		81		81		81		0		81		0		0		0		0		0		0		0		81		0		0		0		81		0		81		0		0		0		0		0		0		0		0		81		0		0		0		81		81		0		0		81		0		0		81		0		0		81		
0		81		0		0		0		81		0		0		0		81		81		81		0		0		0		81		81		81		0		81		0		0		0		81		81		0		0		0		0		81		0		0		0		0		0		0		81		0		81		0		81		0		0		81		0		81		0		81		0		0		0		0		81		81		81		0		0		0		0		0		81		0		0		0		0		0		81		0		81		81		0		81		81		81		0		81		0		0		81		81		
0		81		81		0		0		0		0		0		0		81		0		81		0		0		0		0		0		81		81		81		0		0		0		0		0		0		81		81		0		0		0		81		0		0		0		0		0		0		0		0		0		0		0		0		0		81		0		81		0		81		0		0		0		0		81		0		81		81		0		0		0		0		0		81		81		0		0		0		0		0		0		81		81		0		0		0		81		0		0		0		
0		0		81		0		81		0		81		0		0		0		0		0		0		0		0		0		0		0		0		0		0		0		0		0		0		81		0		81		81		0		0		0		0		0		0		81		0		0		0		0		0		0		0		0		81		0		81		0		0		0		0		0		81		0		0		0		0		0		0		0		0		81		0		81		0		0		81		81		0		0		81		81		0		81		0		81		81		81		0		0		
0		0		0		0		0		0		81		0		0		81		0		0		0		0		81		0		81		0		0		81		0		0		0		0		0		0		0		81		0		0		81		81		81		0		81		0		0		0		81		0		81		0		81		0		0		0		0		0		81		81		81		0		0		81		0		81		0		0		0		0		0		81		0		0		0		0		81		0		0		81		0		0		0		0		81		81		0		81		81		0		
0		0		0		0		0		81		0		0		81		0		81		0		0		0		0		0		81		0		0		0		0		81		81		0		81		0		0		0		81		81		0		0		0		81		0		0		0		81		0		0		81		0		0		81		0		81		81		0		0		81		0		0		81		0		0		0		81		81		0		0		0		0		0		0		81		0		0		0		0		81		0		81		0		81		81		81		81		0		0		0		
0		81		0		0		81		0		81		81		0		81		81		0		81		0		81		0		0		0		0		81		81		0		0		0		0		0		0		0		0		0		0		0		0		0		0		0		0		0		81		0		0		0		0		81		0		0		0		0		81		81		81		0		81		81		0		0		81		0		0		0		81		0		0		0		0		0		81		81		0		81		81		0		81		81		0		81		81		0		0		0		
0		0		81		0		81		0		0		0		0		0		81		81		0		0		81		0		81		81		0		0		0		0		0		81		81		0		0		81		81		81		0		81		0		0		0		0		0		0		0		81		81		81		0		0		0		0		0		0		0		81		0		0		0		0		0		0		81		0		0		0		81		81		0		0		81		81		81		81		0		0		0		0		0		81		81		0		0		81		0		0		
81		0		0		0		0		0		0		0		0		0		0		0		0		0		0		81		0		0		81		0		0		81		0		81		81		0		0		0		0		0		0		0		0		0		0		0		0		0		81		0		81		81		0		0		0		0		0		81		0		81		0		0		81		81		0		81		0		0		0		0		0		0		0		0		81		0		81		0		0		0		0		81		0		0		81		0		0		0		81		0		
0		0		0		0		81		0		0		0		0		0		81		81		0		81		0		0		81		0		81		0		0		81		0		0		0		0		81		0		0		0		0		81		0		0		0		81		81		81		0		81		0		0		81		81		81		81		0		0		81		81		0		0		0		81		0		0		81		0		0		81		0		0		0		0		81		0		0		0		0		0		81		81		0		0		0		0		0		0		0		81		
NDC Pairs
< 1		2 >
< 1		4 >
< 1		9 >
< 1		13 >
< 1		14 >
< 1		15 >
< 1		17 >
< 1		21 >
< 1		24 >
< 1		26 >
< 1		28 >
< 1		29 >
< 1		31 >
< 1		34 >
< 1		35 >
< 1		44 >
< 1		46 >
< 1		50 >
< 1		54 >
< 1		56 >
< 1		59 >
< 1		60 >
< 1		64 >
< 1		66 >
< 1		79 >
< 2		13 >
< 2		14 >
< 2		16 >
< 2		18 >
< 2		22 >
< 2		24 >
< 2		41 >
< 2		42 >
< 2		46 >
< 2		47 >
< 2		50 >
< 2		53 >
< 2		59 >
< 2		61 >
< 2		62 >
< 2		67 >
< 2		69 >
< 2		70 >
< 2		72 >
< 2		73 >
< 2		77 >
< 3		12 >
< 3		13 >
< 3		18 >
< 3		21 >
< 3		26 >
< 3		29 >
< 3		35 >
< 3		40 >
< 3		41 >
< 3		42 >
< 3		49 >
< 3		53 >
< 3		56 >
< 3		62 >
< 3		67 >
< 3		73 >
< 3		74 >
< 3		78 >
< 4		9 >
< 4		13 >
< 4		14 >
< 4		15 >
< 4		20 >
< 4		22 >
< 4		33 >
< 4		35 >
< 4		41 >
< 4		42 >
< 4		43 >
< 4		44 >
< 4		48 >
< 4		50 >
< 4		57 >
< 4		68 >
< 4		70 >
< 5		7 >
< 5		9 >
< 5		12 >
< 5		13 >
< 5		19 >
< 5		21 >
< 5		23 >
< 5		26 >
< 5		32 >
< 5		33 >
< 5		34 >
< 5		35 >
< 5		36 >
< 5		38 >
< 5		40 >
< 5		44 >
< 5		46 >
< 5		47 >
< 5		49 >
< 5		52 >
< 5		57 >
< 5		60 >
< 5		63 >
< 5		74 >
< 5		77 >
< 5		78 >
< 5		80 >
< 6		8 >
< 6		16 >
< 6		18 >
< 6		22 >
< 6		27 >
< 6		35 >
< 6		36 >
< 6		39 >
< 6		40 >
< 6		41 >
< 6		44 >
< 6		46 >
< 6		47 >
< 6		48 >
< 6		49 >
< 6		50 >
< 6		51 >
< 6		55 >
< 6		59 >
< 6		60 >
< 6		63 >
< 6		64 >
< 6		67 >
< 6		68 >
< 6		69 >
< 6		72 >
< 6		76 >
< 7		8 >
< 7		12 >
< 7		17 >
< 7		22 >
< 7		24 >
< 7		25 >
< 7		29 >
< 7		31 >
< 7		32 >
< 7		33 >
< 7		34 >
< 7		37 >
< 7		39 >
< 7		41 >
< 7		42 >
< 7		46 >
< 7		56 >
< 7		57 >
< 7		60 >
< 7		61 >
< 7		63 >
< 7		74 >
< 7		75 >
< 7		77 >
< 8		15 >
< 8		18 >
< 8		20 >
< 8		21 >
< 8		23 >
< 8		24 >
< 8		26 >
< 8		28 >
< 8		30 >
< 8		32 >
< 8		35 >
< 8		37 >
< 8		41 >
< 8		42 >
< 8		45 >
< 8		49 >
< 8		53 >
< 8		55 >
< 8		59 >
< 8		62 >
< 8		66 >
< 8		70 >
< 8		77 >
< 9		12 >
< 9		17 >
< 9		18 >
< 9		22 >
< 9		27 >
< 9		30 >
< 9		33 >
< 9		36 >
< 9		41 >
< 9		44 >
< 9		49 >
< 9		51 >
< 9		53 >
< 9		56 >
< 9		58 >
< 9		70 >
< 9		71 >
< 9		76 >
< 10		11 >
< 10		12 >
< 10		13 >
< 10		14 >
< 10		22 >
< 10		23 >
< 10		25 >
< 10		27 >
< 10		28 >
< 10		30 >
< 10		32 >
< 10		34 >
< 10		37 >
< 10		51 >
< 10		52 >
< 10		57 >
< 10		60 >
< 10		66 >
< 10		68 >
< 10		70 >
< 10		72 >
< 10		73 >
< 10		75 >
< 10		77 >
< 11		15 >
< 11		20 >
< 11		21 >
< 11		22 >
< 11		25 >
< 11		34 >
< 11		39 >
< 11		40 >
< 11		42 >
< 11		49 >
< 11		53 >
< 11		57 >
< 11		62 >
< 11		63 >
< 11		68 >
< 11		69 >
< 11		72 >
< 11		76 >
< 11		77 >
< 11		78 >
< 11		80 >
< 12		14 >
< 12		21 >
< 12		23 >
< 12		26 >
< 12		27 >
< 12		28 >
< 12		33 >
< 12		43 >
< 12		44 >
< 12		46 >
< 12		47 >
< 12		51 >
< 12		62 >
< 12		63 >
< 12		65 >
< 12		70 >
< 12		72 >
< 12		73 >
< 12		78 >
< 12		80 >
< 13		14 >
< 13		17 >
< 13		18 >
< 13		22 >
< 13		26 >
< 13		31 >
< 13		32 >
< 13		34 >
< 13		37 >
< 13		43 >
< 13		46 >
< 13		53 >
< 13		54 >
< 13		55 >
< 13		57 >
< 13		58 >
< 13		62 >
< 13		71 >
< 13		77 >
< 14		17 >
< 14		18 >
< 14		19 >
< 14		22 >
< 14		24 >
< 14		25 >
< 14		27 >
< 14		32 >
< 14		35 >
< 14		36 >
< 14		39 >
< 14		43 >
< 14		44 >
< 14		48 >
< 14		63 >
< 14		65 >
< 14		80 >
< 15		27 >
< 15		29 >
< 15		36 >
< 15		38 >
< 15		40 >
< 15		41 >
< 15		52 >
< 15		65 >
< 15		68 >
< 15		75 >
< 15		77 >
< 15		78 >
< 16		23 >
< 16		26 >
< 16		30 >
< 16		32 >
< 16		34 >
< 16		52 >
< 16		53 >
< 16		59 >
< 16		63 >
< 16		64 >
< 16		68 >
< 16		70 >
< 16		71 >
< 16		72 >
< 16		79 >
< 17		18 >
< 17		23 >
< 17		28 >
< 17		32 >
< 17		43 >
< 17		50 >
< 17		56 >
< 17		62 >
< 17		65 >
< 17		66 >
< 17		69 >
< 17		72 >
< 17		75 >
< 17		76 >
< 17		78 >
< 17		80 >
< 18		19 >
< 18		23 >
< 18		24 >
< 18		25 >
< 18		28 >
< 18		34 >
< 18		40 >
< 18		41 >
< 18		42 >
< 18		50 >
< 18		55 >
< 18		65 >
< 18		67 >
< 18		70 >
< 18		72 >
< 18		73 >
< 18		78 >
< 19		29 >
< 19		31 >
< 19		32 >
< 19		33 >
< 19		40 >
< 19		49 >
< 19		50 >
< 19		51 >
< 19		55 >
< 19		60 >
< 19		63 >
< 19		71 >
< 19		73 >
< 19		79 >
< 19		80 >
< 20		21 >
< 20		26 >
< 20		27 >
< 20		28 >
< 20		30 >
< 20		31 >
< 20		33 >
< 20		36 >
< 20		48 >
< 20		49 >
< 20		52 >
< 20		54 >
< 20		57 >
< 20		59 >
< 20		60 >
< 20		61 >
< 20		63 >
< 20		67 >
< 20		68 >
< 20		72 >
< 20		73 >
< 20		75 >
< 20		77 >
< 21		22 >
< 21		23 >
< 21		26 >
< 21		29 >
< 21		30 >
< 21		33 >
< 21		39 >
< 21		41 >
< 21		45 >
< 21		54 >
< 21		64 >
< 21		68 >
< 21		69 >
< 21		77 >
< 22		24 >
< 22		25 >
< 22		30 >
< 22		35 >
< 22		39 >
< 22		40 >
< 22		47 >
< 22		52 >
< 22		57 >
< 22		62 >
< 22		63 >
< 22		67 >
< 22		68 >
< 22		71 >
< 22		76 >
< 22		79 >
< 22		80 >
< 23		24 >
< 23		28 >
< 23		29 >
< 23		30 >
< 23		33 >
< 23		37 >
< 23		45 >
< 23		49 >
< 23		50 >
< 23		52 >
< 23		55 >
< 23		60 >
< 23		64 >
< 23		66 >
< 23		69 >
< 23		76 >
< 24		26 >
< 24		27 >
< 24		33 >
< 24		36 >
< 24		38 >
< 24		40 >
< 24		41 >
< 24		43 >
< 24		45 >
< 24		46 >
< 24		50 >
< 24		52 >
< 24		56 >
< 24		57 >
< 24		60 >
< 24		62 >
< 24		63 >
< 24		68 >
< 24		69 >
< 24		71 >
< 24		72 >
< 24		78 >
< 24		79 >
< 25		32 >
< 25		33 >
< 25		34 >
< 25		37 >
< 25		38 >
< 25		42 >
< 25		51 >
< 25		53 >
< 25		55 >
< 25		56 >
< 25		57 >
< 25		58 >
< 25		66 >
< 25		69 >
< 25		72 >
< 25		76 >
< 25		78 >
< 25		79 >
< 26		27 >
< 26		31 >
< 26		38 >
< 26		42 >
< 26		49 >
< 26		55 >
< 26		59 >
< 26		64 >
< 26		65 >
< 26		66 >
< 26		67 >
< 26		71 >
< 26		74 >
< 27		37 >
< 27		38 >
< 27		41 >
< 27		44 >
< 27		52 >
< 27		63 >
< 27		65 >
< 27		66 >
< 27		71 >
< 27		73 >
< 27		80 >
< 28		29 >
< 28		34 >
< 28		35 >
< 28		37 >
< 28		39 >
< 28		56 >
< 28		59 >
< 28		61 >
< 28		63 >
< 28		66 >
< 28		68 >
< 28		73 >
< 28		74 >
< 28		75 >
< 28		78 >
< 29		34 >
< 29		37 >
< 29		42 >
< 29		43 >
< 29		46 >
< 29		48 >
< 29		50 >
< 29		51 >
< 29		53 >
< 29		63 >
< 29		64 >
< 29		65 >
< 29		66 >
< 29		67 >
< 29		68 >
< 29		74 >
< 29		76 >
< 29		78 >
< 30		34 >
< 30		36 >
< 30		37 >
< 30		42 >
< 30		54 >
< 30		55 >
< 30		58 >
< 30		71 >
< 30		72 >
< 30		76 >
< 30		78 >
< 31		37 >
< 31		39 >
< 31		42 >
< 31		45 >
< 31		46 >
< 31		55 >
< 31		64 >
< 31		67 >
< 31		69 >
< 31		75 >
< 32		34 >
< 32		36 >
< 32		37 >
< 32		39 >
< 32		41 >
< 32		44 >
< 32		47 >
< 32		49 >
< 32		53 >
< 32		58 >
< 32		59 >
< 32		61 >
< 32		62 >
< 32		63 >
< 32		66 >
< 32		67 >
< 32		70 >
< 32		73 >
< 32		75 >
< 32		78 >
< 32		80 >
< 33		36 >
< 33		40 >
< 33		42 >
< 33		43 >
< 33		44 >
< 33		45 >
< 33		51 >
< 33		52 >
< 33		54 >
< 33		56 >
< 33		59 >
< 33		61 >
< 33		63 >
< 33		65 >
< 33		75 >
< 34		43 >
< 34		45 >
< 34		54 >
< 34		57 >
< 34		58 >
< 34		63 >
< 34		65 >
< 34		69 >
< 34		76 >
< 35		41 >
< 35		51 >
< 35		53 >
< 35		54 >
< 35		55 >
< 35		56 >
< 35		58 >
< 35		59 >
< 35		63 >
< 35		69 >
< 35		75 >
< 36		37 >
< 36		40 >
< 36		52 >
< 36		55 >
< 36		61 >
< 36		64 >
< 36		68 >
< 36		74 >
< 36		80 >
< 37		39 >
< 37		43 >
< 37		49 >
< 37		52 >
< 37		56 >
< 37		59 >
< 37		60 >
< 37		64 >
< 37		65 >
< 37		66 >
< 37		69 >
< 37		70 >
< 37		72 >
< 37		80 >
< 38		39 >
< 38		40 >
< 38		43 >
< 38		46 >
< 38		47 >
< 38		49 >
< 38		53 >
< 38		56 >
< 38		59 >
< 38		64 >
< 38		67 >
< 38		69 >
< 38		76 >
< 38		80 >
< 39		47 >
< 39		51 >
< 39		62 >
< 39		68 >
< 39		71 >
< 39		72 >
< 39		75 >
< 39		77 >
< 39		79 >
< 40		41 >
< 40		44 >
< 40		46 >
< 40		47 >
< 40		48 >
< 40		50 >
< 40		53 >
< 40		54 >
< 40		55 >
< 40		65 >
< 40		68 >
< 40		71 >
< 40		78 >
< 40		80 >
< 41		48 >
< 41		52 >
< 41		53 >
< 41		54 >
< 41		64 >
< 41		67 >
< 41		69 >
< 41		71 >
< 41		72 >
< 41		75 >
< 41		76 >
< 41		78 >
< 41		79 >
< 42		53 >
< 42		56 >
< 42		58 >
< 42		60 >
< 42		65 >
< 42		66 >
< 42		67 >
< 42		69 >
< 42		70 >
< 42		78 >
< 42		79 >
< 43		44 >
< 43		48 >
< 43		50 >
< 43		53 >
< 43		55 >
< 43		56 >
< 43		58 >
< 43		60 >
< 43		62 >
< 43		63 >
< 43		66 >
< 43		68 >
< 43		71 >
< 43		75 >
< 43		80 >
< 44		51 >
< 44		54 >
< 44		59 >
< 44		60 >
< 44		65 >
< 44		72 >
< 44		76 >
< 44		77 >
< 44		80 >
< 45		48 >
< 45		49 >
< 45		51 >
< 45		52 >
< 45		59 >
< 45		61 >
< 45		66 >
< 45		67 >
< 45		69 >
< 45		74 >
< 45		80 >
< 46		51 >
< 46		52 >
< 46		53 >
< 46		57 >
< 46		63 >
< 46		64 >
< 46		72 >
< 46		73 >
< 46		76 >
< 46		80 >
< 47		49 >
< 47		53 >
< 47		55 >
< 47		59 >
< 47		62 >
< 47		64 >
< 47		67 >
< 47		69 >
< 47		70 >
< 47		74 >
< 47		76 >
< 48		56 >
< 48		57 >
< 48		58 >
< 48		63 >
< 48		64 >
< 48		66 >
< 48		67 >
< 48		68 >
< 48		70 >
< 48		72 >
< 48		73 >
< 48		79 >
< 49		53 >
< 49		54 >
< 49		55 >
< 49		58 >
< 49		64 >
< 49		65 >
< 49		68 >
< 49		69 >
< 49		75 >
< 49		77 >
< 49		80 >
< 50		51 >
< 50		52 >
< 50		55 >
< 50		61 >
< 50		62 >
< 50		73 >
< 50		75 >
< 50		76 >
< 50		77 >
< 50		78 >
< 50		79 >
< 50		80 >
< 51		55 >
< 51		56 >
< 51		58 >
< 51		59 >
< 51		63 >
< 51		71 >
< 51		75 >
< 51		77 >
< 52		56 >
< 52		58 >
< 52		60 >
< 52		62 >
< 52		67 >
< 52		69 >
< 52		70 >
< 53		55 >
< 53		56 >
< 53		57 >
< 53		58 >
< 53		63 >
< 53		67 >
< 53		68 >
< 53		72 >
< 53		74 >
< 53		76 >
< 53		77 >
< 53		79 >
< 54		56 >
< 54		62 >
< 54		64 >
< 54		66 >
< 54		70 >
< 54		72 >
< 54		75 >
< 54		77 >
< 54		79 >
< 54		80 >
< 55		56 >
< 55		61 >
< 55		63 >
< 55		64 >
< 55		71 >
< 55		72 >
< 55		73 >
< 56		59 >
< 56		67 >
< 56		70 >
< 56		75 >
< 56		79 >
< 57		64 >
< 57		65 >
< 57		66 >
< 57		70 >
< 57		71 >
< 57		73 >
< 57		76 >
< 57		77 >
< 57		78 >
< 57		80 >
< 58		60 >
< 58		61 >
< 58		63 >
< 58		73 >
< 58		76 >
< 59		66 >
< 60		63 >
< 60		80 >
< 61		63 >
< 61		66 >
< 61		67 >
< 61		70 >
< 61		72 >
< 61		77 >
< 61		78 >
< 62		68 >
< 62		74 >
< 62		75 >
< 62		78 >
< 63		67 >
< 64		65 >
< 64		67 >
< 64		73 >
< 64		74 >
< 65		67 >
< 65		68 >
< 65		69 >
< 65		70 >
< 65		73 >
< 65		76 >
< 65		78 >
< 65		79 >
< 65		80 >
< 66		67 >
< 66		68 >
< 66		69 >
< 66		71 >
< 66		78 >
< 67		72 >
< 67		74 >
< 67		75 >
< 67		77 >
< 67		78 >
< 67		79 >
< 68		70 >
< 68		74 >
< 68		77 >
< 68		78 >
< 69		72 >
< 70		71 >
< 70		72 >
< 70		75 >
< 70		76 >
< 70		77 >
< 71		74 >
< 71		77 >
< 71		80 >
< 72		73 >
< 72		74 >
< 72		76 >
< 72		79 >
< 72		80 >
< 73		77 >
< 74		76 >
< 74		77 >
< 74		78 >
< 75		76 >
< 75		78 >
< 75		79 >
< 76		77 >
