nNodes= 60
nPairs= 1198  
Weight
3
2
4
3
2
2
4
4
3
2
3
3
4
3
3
2
3
2
4
4
2
3
3
4
4
3
3
3
2
2
3
3
2
3
3
2
3
4
3
2
4
4
4
2
2
3
4
3
2
3
3
3
4
3
3
2
2
2
3
3
Cost
61		61		0		61		61		0		61		0		0		61		61		61		0		0		0		61		61		0		61		61		61		0		61		61		61		61		0		61		61		0		61		61		61		0		61		0		61		61		61		0		61		61		61		61		61		61		0		61		0		61		0		61		61		61		0		0		61		61		61		0		
61		61		61		0		61		61		61		61		61		61		61		0		61		61		61		61		61		61		0		61		61		61		61		0		61		0		0		61		61		61		0		61		0		0		61		61		61		61		61		0		61		61		61		0		61		61		0		0		61		0		0		61		61		61		0		61		61		61		61		0		
0		61		61		61		0		61		61		61		0		61		0		61		61		61		61		61		61		0		61		0		0		0		61		61		0		61		61		61		0		61		61		61		0		61		61		0		0		0		0		0		0		61		61		61		0		61		61		61		61		61		0		0		61		61		0		61		0		61		61		61		
61		0		61		61		0		61		61		61		61		61		0		61		61		61		61		61		61		0		0		61		61		61		61		61		61		0		0		61		0		61		0		61		61		61		0		61		61		61		61		61		61		61		61		61		0		0		0		61		61		61		61		61		0		0		61		61		61		0		61		61		
61		61		0		0		61		0		61		61		0		61		61		61		61		0		0		61		61		61		61		61		61		61		61		61		61		0		61		61		61		61		61		61		61		61		0		61		0		61		61		0		61		61		0		61		61		61		61		61		61		0		61		0		61		61		61		61		0		0		61		61		
0		61		61		61		0		61		61		61		0		61		0		61		61		0		61		0		61		61		61		61		0		0		61		61		61		61		0		61		61		0		0		61		61		0		61		61		61		61		61		61		61		61		61		61		61		0		0		61		0		0		0		0		61		0		61		61		61		61		61		61		
61		61		61		61		61		61		61		0		61		61		0		61		61		61		61		61		61		0		61		61		61		61		0		0		61		61		61		61		61		0		61		0		0		61		61		61		61		61		0		61		61		61		0		0		61		0		61		61		0		0		61		0		61		0		61		61		61		61		61		61		
0		61		61		61		61		61		0		61		61		61		61		61		61		0		0		61		61		61		61		0		61		0		61		61		0		0		61		61		0		0		61		61		61		61		0		61		61		0		0		0		61		61		61		0		0		61		61		61		61		61		0		0		0		61		61		61		61		61		61		0		
0		61		0		61		0		0		61		61		61		61		0		61		61		61		61		61		0		61		0		61		0		0		61		61		0		61		61		61		0		0		0		0		0		0		61		61		61		61		61		0		0		61		61		61		0		61		61		61		61		0		61		61		0		0		61		61		61		0		0		0		
61		61		61		61		61		61		61		61		61		61		61		61		0		61		61		61		61		0		0		61		0		0		61		61		61		61		0		0		61		61		0		0		61		0		61		61		61		61		0		61		61		61		0		61		61		61		61		0		61		61		0		61		61		61		61		0		61		0		0		61		
61		61		0		0		61		0		0		61		0		61		61		61		61		61		61		61		61		61		0		61		61		0		61		61		61		61		0		0		61		61		61		0		61		0		0		61		61		61		0		61		0		61		61		61		61		61		61		61		61		0		0		61		0		0		61		0		0		61		61		0		
61		0		61		61		61		61		61		61		61		61		61		61		0		61		0		0		61		0		61		61		0		0		61		61		0		61		61		0		61		61		61		61		61		0		61		61		0		61		61		61		61		0		61		61		61		61		61		61		61		61		61		61		61		0		0		0		61		61		0		61		
0		61		61		61		61		61		61		61		61		0		61		0		61		0		61		61		0		0		0		61		61		61		0		0		61		61		61		0		61		61		61		61		61		61		0		61		61		61		61		0		61		0		61		61		61		0		0		61		61		61		61		61		61		61		0		61		61		61		0		0		
0		61		61		61		0		0		61		0		61		61		61		61		0		61		61		61		0		0		0		61		0		0		61		61		0		0		61		61		61		61		61		61		61		61		61		0		61		0		61		61		0		61		61		61		61		0		0		61		61		61		61		0		61		0		0		0		61		0		61		0		
0		61		61		61		0		61		61		0		61		61		61		0		61		61		61		0		0		61		61		61		61		61		0		61		61		0		61		61		61		61		0		0		61		0		61		0		61		61		0		61		0		0		61		61		0		61		0		61		0		61		61		61		61		61		61		61		0		0		61		61		
61		61		61		61		61		0		61		61		61		61		61		0		61		61		0		61		61		61		0		61		0		61		61		61		61		61		61		61		61		0		61		0		61		61		61		61		61		0		0		61		61		61		0		61		0		0		61		61		61		61		61		0		0		0		0		61		61		0		61		61		
61		61		61		61		61		61		61		61		0		61		61		61		0		0		0		61		61		0		61		61		0		0		61		0		0		61		61		61		61		0		61		0		0		61		0		61		61		61		61		61		0		0		61		61		61		61		61		0		61		61		0		61		61		0		61		61		61		61		61		61		
0		61		0		0		61		61		0		61		61		0		61		0		0		0		61		61		0		61		61		61		61		61		61		0		0		0		61		61		0		61		61		0		0		61		61		61		0		61		61		61		61		0		61		0		0		61		61		61		61		61		61		0		61		61		61		0		61		0		0		61		
61		0		61		0		61		61		61		61		0		0		0		61		0		0		61		0		61		61		61		61		61		0		0		61		61		0		61		0		0		61		61		61		0		0		61		61		61		61		61		61		61		0		61		61		61		61		0		61		0		61		61		61		0		0		61		61		61		61		61		0		
61		61		0		61		61		61		61		0		61		61		61		61		61		61		61		61		61		61		61		61		61		61		61		61		61		61		61		0		0		61		0		0		0		61		61		61		61		61		61		61		61		0		0		0		61		61		61		0		61		61		0		61		61		61		0		61		61		61		61		0		
61		61		0		61		61		0		61		61		0		0		61		0		61		0		61		0		0		61		61		61		61		61		61		61		61		0		61		61		61		61		61		61		61		0		61		0		61		61		0		61		61		61		61		61		61		61		0		61		61		61		0		0		0		0		61		0		61		0		61		61		
0		61		0		61		61		0		61		0		0		0		0		0		61		0		61		61		0		61		0		61		61		61		61		0		61		61		61		0		0		61		61		61		61		61		61		0		61		0		61		0		61		0		61		0		0		0		61		61		61		61		61		61		0		0		0		61		0		61		0		61		
61		61		61		61		61		61		0		61		61		61		61		61		0		61		0		61		61		61		0		61		61		61		61		61		61		0		61		61		61		61		0		61		61		61		61		61		0		0		61		61		61		0		61		61		61		0		61		61		61		0		61		0		0		0		0		0		61		61		61		61		
61		0		61		61		61		61		0		61		61		61		61		61		0		61		61		61		0		0		61		61		61		0		61		61		61		61		0		61		0		0		61		61		61		61		61		61		61		61		61		61		61		61		0		61		61		61		61		0		61		0		61		0		61		61		0		61		61		61		61		61		
61		61		0		61		61		61		61		0		0		61		61		0		61		0		61		61		0		0		61		61		61		61		61		61		61		61		61		61		61		61		0		61		0		61		0		0		0		61		0		0		61		0		61		61		0		61		61		0		0		61		0		61		0		61		61		61		61		0		61		61		
61		0		61		0		0		61		61		0		61		61		61		61		61		0		0		61		61		0		0		61		0		61		0		61		61		61		0		61		61		61		0		61		61		0		61		61		61		61		61		61		61		61		61		61		61		61		0		61		61		61		0		0		61		61		0		61		0		61		61		61		
0		0		61		0		61		0		61		61		61		0		0		61		61		61		61		61		61		61		61		61		61		61		61		0		61		0		61		0		61		0		61		61		61		61		61		0		61		61		0		0		0		61		0		0		61		61		61		61		61		61		61		0		61		0		0		61		61		0		61		61		
61		61		61		61		61		61		61		61		61		0		0		0		0		61		61		61		61		61		0		0		61		0		61		61		61		61		0		61		61		0		61		0		0		61		61		0		61		0		61		0		0		61		61		0		61		0		0		61		61		61		0		61		61		61		61		0		61		61		61		0		
61		61		0		0		61		61		61		0		0		61		61		61		61		61		61		61		61		0		0		0		61		0		61		0		61		61		61		61		61		61		61		61		61		61		0		0		0		0		0		61		0		0		0		61		61		61		0		61		61		61		61		61		0		61		61		61		61		61		0		0		
0		61		61		61		61		0		0		0		0		61		61		61		61		61		61		0		0		61		61		61		61		61		61		0		61		61		0		0		61		61		61		61		0		61		0		61		61		0		0		61		61		61		61		61		61		61		0		61		61		61		61		61		61		61		0		0		61		0		61		61		
61		0		61		0		61		0		61		61		0		0		61		61		61		61		0		61		61		61		61		0		61		61		0		61		0		0		61		61		61		61		61		61		61		0		61		61		61		0		61		61		0		61		0		61		61		0		0		61		61		61		0		61		0		0		61		61		0		0		61		61		
61		61		61		61		61		61		0		61		0		0		0		61		61		61		0		0		0		0		61		0		61		61		61		61		61		61		61		0		61		61		61		61		61		0		61		61		61		61		0		61		0		0		0		61		0		0		61		0		61		61		61		61		0		61		0		61		61		0		61		0		
61		0		0		61		61		61		0		61		0		61		61		61		61		61		61		61		0		0		0		0		61		61		61		61		0		61		61		0		61		0		61		61		61		61		61		61		61		61		0		0		61		0		0		61		61		61		61		0		0		61		61		61		61		61		61		61		61		61		0		61		
0		0		61		61		61		0		61		61		0		0		0		0		61		61		0		61		61		61		0		61		0		61		61		61		61		0		61		61		61		61		0		0		61		61		61		61		61		61		0		61		61		0		61		61		61		0		61		61		61		61		61		0		0		61		0		61		61		61		61		61		
61		61		61		0		0		61		61		0		61		61		0		61		0		61		61		61		0		61		61		61		61		61		61		61		0		61		61		61		0		0		61		61		61		61		61		61		0		61		0		61		0		61		61		61		61		0		61		61		61		61		0		61		61		61		0		0		61		61		0		61		
0		61		0		61		61		61		61		61		61		61		61		61		61		0		0		61		61		61		61		61		0		0		61		61		0		61		0		0		0		61		61		61		61		61		61		61		61		61		0		61		61		61		61		61		61		61		61		61		61		61		61		61		61		0		61		0		0		0		0		61		
61		61		0		61		0		61		61		61		61		61		61		0		61		61		61		61		61		0		61		61		61		61		0		61		0		61		61		61		0		61		61		61		61		61		0		61		61		61		61		0		61		61		61		61		0		61		0		0		0		61		61		61		61		61		61		61		0		61		0		0		
61		61		0		61		61		61		61		0		61		61		61		61		61		0		61		0		61		61		61		61		61		0		0		61		61		61		61		0		0		0		0		61		61		61		61		61		61		61		61		61		0		61		61		0		61		0		61		0		61		61		0		61		61		61		61		61		61		61		61		0		
61		61		0		61		61		61		0		0		61		0		0		61		61		61		0		0		61		61		61		61		0		61		61		61		0		61		0		61		0		0		61		0		0		0		0		0		61		61		61		61		61		0		61		0		61		61		61		61		0		61		61		61		61		0		61		61		61		0		0		61		
0		0		0		61		0		61		61		0		0		61		61		61		0		61		61		61		61		61		61		61		61		0		61		61		0		61		0		0		61		61		61		61		0		61		61		61		0		61		61		61		0		0		61		0		61		61		0		61		0		0		61		61		61		61		61		61		61		61		61		61		
61		61		0		61		61		61		61		61		0		61		0		61		61		0		0		61		0		61		61		61		61		61		61		61		61		61		0		0		0		61		0		0		61		61		0		61		61		0		61		0		61		0		61		61		61		61		61		61		61		61		61		0		61		61		0		61		61		0		61		61		
61		61		61		61		61		61		61		61		61		61		61		0		0		61		0		61		0		0		0		0		61		0		0		61		0		61		61		61		0		61		61		0		0		0		61		61		61		61		0		0		0		61		61		61		61		0		61		61		0		61		61		61		61		61		0		0		61		0		0		61		
61		61		61		61		0		61		0		61		61		0		61		61		61		61		61		0		61		61		61		0		61		61		61		0		61		61		0		61		0		61		0		0		0		61		61		61		61		61		61		61		61		61		61		61		61		61		0		61		61		61		61		61		61		61		61		61		61		0		61		61		
61		0		61		61		61		61		0		0		61		61		61		61		61		61		61		61		61		0		61		0		61		0		61		61		61		61		0		0		61		61		61		61		61		61		61		61		61		0		0		0		61		61		61		61		0		0		61		0		61		61		61		61		61		61		61		61		61		0		0		61		
61		61		0		0		61		61		61		0		0		61		61		61		61		61		0		0		61		0		61		61		61		0		61		61		0		61		61		61		61		61		61		0		61		61		61		61		0		61		61		61		61		61		61		0		61		61		0		0		0		61		0		61		61		0		61		61		0		61		61		0		
61		61		61		0		61		0		0		61		61		61		61		61		0		0		61		0		61		61		61		61		61		0		0		61		61		61		61		0		61		61		0		0		61		0		0		61		61		0		61		61		61		0		61		0		61		61		61		61		61		0		61		0		61		61		0		61		61		61		61		61		
0		0		61		0		61		0		61		61		61		61		61		61		0		0		0		61		61		61		0		61		0		61		61		61		61		0		61		0		0		0		0		61		61		61		61		61		0		61		61		0		61		61		0		61		0		61		61		0		61		61		0		0		61		0		61		61		61		0		61		61		
61		0		61		61		61		61		61		61		61		0		61		61		61		61		61		61		0		61		61		0		61		61		61		0		0		61		61		61		61		61		61		0		0		61		61		61		0		0		61		61		61		61		61		0		0		61		0		61		61		61		61		0		61		61		61		0		61		61		0		0		
0		61		61		61		61		0		0		61		61		61		61		61		61		61		0		61		61		61		0		61		61		61		61		61		0		61		61		61		61		61		61		61		0		61		61		61		0		61		0		0		61		0		61		61		0		61		61		61		61		61		61		61		0		0		0		61		61		61		61		61		
61		0		61		61		0		0		0		61		0		61		0		61		61		61		61		61		61		61		61		61		61		61		0		0		61		61		61		61		61		61		61		61		61		61		61		61		61		61		61		0		61		61		61		61		61		0		61		61		61		61		61		61		61		0		0		0		61		61		61		61		
0		0		0		61		61		0		61		0		61		0		0		61		61		61		61		61		0		61		61		0		0		61		61		61		0		0		61		0		61		61		0		61		61		61		0		61		61		0		61		61		61		61		61		61		0		61		0		61		61		61		61		0		0		0		61		0		0		0		61		0		
61		61		0		61		0		0		0		0		61		61		61		61		61		0		61		0		61		0		61		61		0		61		0		0		61		0		0		61		61		61		61		61		61		0		61		61		61		61		61		61		0		61		61		61		61		0		0		0		61		61		0		61		0		61		61		0		0		61		0		61		
61		61		61		0		61		61		61		0		0		61		0		61		61		61		61		0		61		61		0		61		0		0		0		61		0		61		61		61		0		61		0		0		61		0		61		61		61		61		61		61		61		61		61		61		61		61		61		61		0		61		0		0		61		0		0		61		0		61		61		61		
61		61		61		0		61		0		0		61		0		61		0		0		61		0		61		0		0		61		0		61		0		0		0		61		61		61		0		61		61		61		0		61		61		61		61		0		61		61		0		61		61		61		61		61		0		61		0		61		0		0		0		61		0		61		61		61		61		61		61		61		
0		0		0		61		61		61		61		61		61		61		61		0		0		0		61		0		61		61		61		0		61		0		0		0		61		0		0		61		61		0		61		0		61		0		0		61		61		61		61		61		0		0		61		61		61		0		61		61		0		0		61		61		0		61		61		61		61		61		61		0		
0		61		61		61		61		61		61		61		61		0		0		0		61		0		61		61		61		0		61		61		0		61		0		61		61		61		61		0		61		0		61		61		61		61		0		0		61		61		61		61		61		0		61		61		61		61		61		0		61		0		0		0		61		61		61		61		61		61		61		0		
61		61		0		61		0		61		61		61		61		61		0		61		61		61		0		61		61		61		61		61		61		0		61		61		61		0		61		61		61		61		0		61		61		61		61		0		0		61		61		61		61		61		61		61		0		61		61		61		61		61		0		0		0		61		61		61		61		61		0		0		
61		61		61		0		0		61		61		61		0		0		61		61		61		0		0		0		61		0		61		61		0		61		61		61		0		61		0		61		61		0		0		0		61		61		61		0		61		61		0		61		0		0		0		0		61		61		0		61		61		61		0		61		61		61		61		61		61		61		61		61		
61		61		61		61		61		61		61		61		0		0		61		0		0		61		61		61		61		0		61		61		61		0		61		61		61		61		61		61		0		61		61		61		0		61		0		0		0		61		0		61		61		0		61		0		61		61		61		0		61		61		61		0		61		61		61		61		0		61		61		0		
0		0		61		61		61		61		61		0		0		61		0		61		0		0		61		61		61		61		0		0		61		61		61		61		61		61		61		0		0		61		61		0		61		61		61		61		0		0		61		61		61		61		61		61		0		61		61		0		61		61		0		61		61		61		0		0		0		61		0		61		
NDC Pairs
< 1		2 >
< 1		4 >
< 1		5 >
< 1		7 >
< 1		10 >
< 1		11 >
< 1		12 >
< 1		16 >
< 1		17 >
< 1		19 >
< 1		20 >
< 1		21 >
< 1		23 >
< 1		24 >
< 1		25 >
< 1		26 >
< 1		28 >
< 1		29 >
< 1		31 >
< 1		32 >
< 1		33 >
< 1		35 >
< 1		37 >
< 1		38 >
< 1		39 >
< 1		41 >
< 1		42 >
< 1		43 >
< 1		44 >
< 1		45 >
< 1		46 >
< 1		48 >
< 1		50 >
< 1		52 >
< 1		53 >
< 1		54 >
< 1		57 >
< 1		58 >
< 1		59 >
< 2		3 >
< 2		5 >
< 2		6 >
< 2		7 >
< 2		8 >
< 2		9 >
< 2		10 >
< 2		11 >
< 2		13 >
< 2		14 >
< 2		15 >
< 2		16 >
< 2		17 >
< 2		18 >
< 2		20 >
< 2		21 >
< 2		22 >
< 2		23 >
< 2		25 >
< 2		28 >
< 2		29 >
< 2		30 >
< 2		32 >
< 2		35 >
< 2		36 >
< 2		37 >
< 2		38 >
< 2		39 >
< 2		41 >
< 2		42 >
< 2		43 >
< 2		45 >
< 2		46 >
< 2		49 >
< 2		52 >
< 2		53 >
< 2		54 >
< 2		56 >
< 2		57 >
< 2		58 >
< 2		59 >
< 3		4 >
< 3		6 >
< 3		7 >
< 3		8 >
< 3		10 >
< 3		12 >
< 3		13 >
< 3		14 >
< 3		15 >
< 3		16 >
< 3		17 >
< 3		19 >
< 3		23 >
< 3		24 >
< 3		26 >
< 3		27 >
< 3		28 >
< 3		30 >
< 3		31 >
< 3		32 >
< 3		34 >
< 3		35 >
< 3		42 >
< 3		43 >
< 3		44 >
< 3		46 >
< 3		47 >
< 3		48 >
< 3		49 >
< 3		50 >
< 3		53 >
< 3		54 >
< 3		56 >
< 3		58 >
< 3		59 >
< 3		60 >
< 4		6 >
< 4		7 >
< 4		8 >
< 4		9 >
< 4		10 >
< 4		12 >
< 4		13 >
< 4		14 >
< 4		15 >
< 4		16 >
< 4		17 >
< 4		20 >
< 4		21 >
< 4		22 >
< 4		23 >
< 4		24 >
< 4		25 >
< 4		28 >
< 4		30 >
< 4		32 >
< 4		33 >
< 4		34 >
< 4		36 >
< 4		37 >
< 4		38 >
< 4		39 >
< 4		40 >
< 4		41 >
< 4		42 >
< 4		43 >
< 4		44 >
< 4		48 >
< 4		49 >
< 4		50 >
< 4		51 >
< 4		52 >
< 4		55 >
< 4		56 >
< 4		57 >
< 4		59 >
< 4		60 >
< 5		7 >
< 5		8 >
< 5		10 >
< 5		11 >
< 5		12 >
< 5		13 >
< 5		16 >
< 5		17 >
< 5		18 >
< 5		19 >
< 5		20 >
< 5		21 >
< 5		22 >
< 5		23 >
< 5		24 >
< 5		25 >
< 5		27 >
< 5		28 >
< 5		29 >
< 5		30 >
< 5		31 >
< 5		32 >
< 5		33 >
< 5		34 >
< 5		36 >
< 5		38 >
< 5		39 >
< 5		41 >
< 5		42 >
< 5		44 >
< 5		45 >
< 5		46 >
< 5		47 >
< 5		48 >
< 5		49 >
< 5		51 >
< 5		53 >
< 5		54 >
< 5		55 >
< 5		56 >
< 5		59 >
< 5		60 >
< 6		7 >
< 6		8 >
< 6		10 >
< 6		12 >
< 6		13 >
< 6		15 >
< 6		17 >
< 6		18 >
< 6		19 >
< 6		20 >
< 6		23 >
< 6		24 >
< 6		25 >
< 6		26 >
< 6		28 >
< 6		29 >
< 6		32 >
< 6		33 >
< 6		35 >
< 6		36 >
< 6		37 >
< 6		38 >
< 6		39 >
< 6		40 >
< 6		41 >
< 6		42 >
< 6		43 >
< 6		44 >
< 6		45 >
< 6		48 >
< 6		53 >
< 6		55 >
< 6		56 >
< 6		57 >
< 6		58 >
< 6		59 >
< 6		60 >
< 7		9 >
< 7		10 >
< 7		12 >
< 7		13 >
< 7		14 >
< 7		15 >
< 7		16 >
< 7		17 >
< 7		19 >
< 7		20 >
< 7		21 >
< 7		22 >
< 7		25 >
< 7		26 >
< 7		27 >
< 7		28 >
< 7		29 >
< 7		31 >
< 7		34 >
< 7		35 >
< 7		36 >
< 7		37 >
< 7		38 >
< 7		40 >
< 7		41 >
< 7		42 >
< 7		45 >
< 7		47 >
< 7		48 >
< 7		51 >
< 7		53 >
< 7		55 >
< 7		56 >
< 7		57 >
< 7		58 >
< 7		59 >
< 7		60 >
< 8		9 >
< 8		10 >
< 8		11 >
< 8		12 >
< 8		13 >
< 8		16 >
< 8		17 >
< 8		18 >
< 8		19 >
< 8		21 >
< 8		23 >
< 8		24 >
< 8		27 >
< 8		28 >
< 8		31 >
< 8		32 >
< 8		33 >
< 8		34 >
< 8		36 >
< 8		37 >
< 8		41 >
< 8		42 >
< 8		43 >
< 8		46 >
< 8		47 >
< 8		48 >
< 8		49 >
< 8		50 >
< 8		54 >
< 8		55 >
< 8		56 >
< 8		57 >
< 8		58 >
< 8		59 >
< 9		10 >
< 9		12 >
< 9		13 >
< 9		14 >
< 9		15 >
< 9		16 >
< 9		18 >
< 9		20 >
< 9		23 >
< 9		24 >
< 9		26 >
< 9		27 >
< 9		28 >
< 9		35 >
< 9		36 >
< 9		37 >
< 9		38 >
< 9		39 >
< 9		42 >
< 9		43 >
< 9		44 >
< 9		46 >
< 9		47 >
< 9		48 >
< 9		49 >
< 9		51 >
< 9		52 >
< 9		55 >
< 9		56 >
< 9		57 >
< 10		11 >
< 10		12 >
< 10		14 >
< 10		15 >
< 10		16 >
< 10		17 >
< 10		20 >
< 10		23 >
< 10		24 >
< 10		25 >
< 10		26 >
< 10		29 >
< 10		30 >
< 10		33 >
< 10		35 >
< 10		36 >
< 10		37 >
< 10		38 >
< 10		40 >
< 10		41 >
< 10		42 >
< 10		44 >
< 10		45 >
< 10		46 >
< 10		47 >
< 10		49 >
< 10		50 >
< 10		52 >
< 10		53 >
< 10		54 >
< 10		55 >
< 10		57 >
< 10		60 >
< 11		12 >
< 11		13 >
< 11		14 >
< 11		15 >
< 11		16 >
< 11		17 >
< 11		18 >
< 11		20 >
< 11		21 >
< 11		23 >
< 11		24 >
< 11		25 >
< 11		26 >
< 11		29 >
< 11		30 >
< 11		31 >
< 11		33 >
< 11		36 >
< 11		37 >
< 11		38 >
< 11		40 >
< 11		42 >
< 11		43 >
< 11		44 >
< 11		45 >
< 11		46 >
< 11		47 >
< 11		48 >
< 11		49 >
< 11		52 >
< 11		55 >
< 11		58 >
< 11		59 >
< 12		14 >
< 12		17 >
< 12		19 >
< 12		20 >
< 12		23 >
< 12		24 >
< 12		26 >
< 12		27 >
< 12		29 >
< 12		30 >
< 12		31 >
< 12		32 >
< 12		33 >
< 12		35 >
< 12		36 >
< 12		38 >
< 12		39 >
< 12		40 >
< 12		41 >
< 12		43 >
< 12		44 >
< 12		45 >
< 12		46 >
< 12		47 >
< 12		48 >
< 12		49 >
< 12		50 >
< 12		51 >
< 12		52 >
< 12		53 >
< 12		57 >
< 12		58 >
< 12		60 >
< 13		15 >
< 13		16 >
< 13		20 >
< 13		21 >
< 13		22 >
< 13		25 >
< 13		26 >
< 13		27 >
< 13		29 >
< 13		30 >
< 13		31 >
< 13		32 >
< 13		33 >
< 13		34 >
< 13		36 >
< 13		37 >
< 13		38 >
< 13		39 >
< 13		41 >
< 13		43 >
< 13		44 >
< 13		45 >
< 13		48 >
< 13		49 >
< 13		50 >
< 13		51 >
< 13		52 >
< 13		53 >
< 13		54 >
< 13		56 >
< 13		57 >
< 13		58 >
< 14		15 >
< 14		16 >
< 14		20 >
< 14		23 >
< 14		24 >
< 14		27 >
< 14		28 >
< 14		29 >
< 14		30 >
< 14		31 >
< 14		32 >
< 14		33 >
< 14		34 >
< 14		35 >
< 14		37 >
< 14		39 >
< 14		40 >
< 14		42 >
< 14		43 >
< 14		44 >
< 14		45 >
< 14		48 >
< 14		49 >
< 14		50 >
< 14		51 >
< 14		53 >
< 14		57 >
< 14		59 >
< 15		18 >
< 15		19 >
< 15		20 >
< 15		21 >
< 15		22 >
< 15		24 >
< 15		25 >
< 15		27 >
< 15		28 >
< 15		29 >
< 15		30 >
< 15		33 >
< 15		35 >
< 15		37 >
< 15		38 >
< 15		40 >
< 15		43 >
< 15		44 >
< 15		46 >
< 15		48 >
< 15		50 >
< 15		51 >
< 15		52 >
< 15		53 >
< 15		54 >
< 15		55 >
< 15		56 >
< 15		59 >
< 15		60 >
< 16		17 >
< 16		18 >
< 16		20 >
< 16		22 >
< 16		23 >
< 16		24 >
< 16		25 >
< 16		26 >
< 16		27 >
< 16		28 >
< 16		29 >
< 16		31 >
< 16		33 >
< 16		34 >
< 16		35 >
< 16		36 >
< 16		37 >
< 16		40 >
< 16		41 >
< 16		42 >
< 16		44 >
< 16		47 >
< 16		48 >
< 16		49 >
< 16		50 >
< 16		51 >
< 16		56 >
< 16		57 >
< 16		59 >
< 16		60 >
< 17		19 >
< 17		20 >
< 17		23 >
< 17		26 >
< 17		27 >
< 17		28 >
< 17		29 >
< 17		31 >
< 17		34 >
< 17		36 >
< 17		37 >
< 17		38 >
< 17		39 >
< 17		40 >
< 17		43 >
< 17		44 >
< 17		45 >
< 17		46 >
< 17		47 >
< 17		49 >
< 17		50 >
< 17		52 >
< 17		53 >
< 17		55 >
< 17		56 >
< 17		57 >
< 17		58 >
< 17		59 >
< 17		60 >
< 18		19 >
< 18		20 >
< 18		21 >
< 18		22 >
< 18		23 >
< 18		27 >
< 18		28 >
< 18		30 >
< 18		31 >
< 18		34 >
< 18		35 >
< 18		36 >
< 18		38 >
< 18		39 >
< 18		40 >
< 18		41 >
< 18		43 >
< 18		46 >
< 18		47 >
< 18		48 >
< 18		49 >
< 18		50 >
< 18		51 >
< 18		53 >
< 18		54 >
< 18		55 >
< 18		57 >
< 18		60 >
< 19		20 >
< 19		21 >
< 19		24 >
< 19		25 >
< 19		27 >
< 19		30 >
< 19		31 >
< 19		32 >
< 19		35 >
< 19		36 >
< 19		37 >
< 19		38 >
< 19		39 >
< 19		40 >
< 19		41 >
< 19		43 >
< 19		44 >
< 19		45 >
< 19		46 >
< 19		48 >
< 19		50 >
< 19		51 >
< 19		52 >
< 19		55 >
< 19		56 >
< 19		57 >
< 19		58 >
< 19		59 >
< 20		21 >
< 20		22 >
< 20		23 >
< 20		24 >
< 20		25 >
< 20		26 >
< 20		27 >
< 20		30 >
< 20		34 >
< 20		35 >
< 20		36 >
< 20		37 >
< 20		38 >
< 20		39 >
< 20		40 >
< 20		41 >
< 20		45 >
< 20		46 >
< 20		47 >
< 20		49 >
< 20		50 >
< 20		52 >
< 20		53 >
< 20		54 >
< 20		56 >
< 20		57 >
< 20		58 >
< 20		59 >
< 21		22 >
< 21		23 >
< 21		24 >
< 21		25 >
< 21		27 >
< 21		28 >
< 21		29 >
< 21		30 >
< 21		31 >
< 21		32 >
< 21		33 >
< 21		35 >
< 21		37 >
< 21		38 >
< 21		40 >
< 21		41 >
< 21		42 >
< 21		43 >
< 21		44 >
< 21		45 >
< 21		46 >
< 21		48 >
< 21		49 >
< 21		50 >
< 21		55 >
< 21		57 >
< 21		59 >
< 21		60 >
< 22		23 >
< 22		25 >
< 22		26 >
< 22		27 >
< 22		30 >
< 22		31 >
< 22		32 >
< 22		33 >
< 22		34 >
< 22		35 >
< 22		37 >
< 22		39 >
< 22		41 >
< 22		43 >
< 22		47 >
< 22		48 >
< 22		49 >
< 22		50 >
< 22		51 >
< 22		52 >
< 22		56 >
< 22		58 >
< 22		60 >
< 23		24 >
< 23		25 >
< 23		27 >
< 23		28 >
< 23		29 >
< 23		30 >
< 23		32 >
< 23		33 >
< 23		34 >
< 23		35 >
< 23		36 >
< 23		39 >
< 23		40 >
< 23		41 >
< 23		43 >
< 23		44 >
< 23		45 >
< 23		47 >
< 23		48 >
< 23		49 >
< 23		51 >
< 23		57 >
< 23		58 >
< 23		59 >
< 23		60 >
< 24		25 >
< 24		26 >
< 24		28 >
< 24		31 >
< 24		32 >
< 24		33 >
< 24		34 >
< 24		35 >
< 24		36 >
< 24		37 >
< 24		38 >
< 24		39 >
< 24		40 >
< 24		41 >
< 24		42 >
< 24		44 >
< 24		45 >
< 24		46 >
< 24		47 >
< 24		49 >
< 24		51 >
< 24		53 >
< 24		54 >
< 24		56 >
< 24		57 >
< 24		58 >
< 24		59 >
< 24		60 >
< 25		26 >
< 25		27 >
< 25		28 >
< 25		29 >
< 25		30 >
< 25		32 >
< 25		34 >
< 25		38 >
< 25		41 >
< 25		43 >
< 25		44 >
< 25		46 >
< 25		47 >
< 25		50 >
< 25		52 >
< 25		54 >
< 25		55 >
< 25		56 >
< 25		57 >
< 25		59 >
< 25		60 >
< 26		28 >
< 26		29 >
< 26		30 >
< 26		32 >
< 26		33 >
< 26		35 >
< 26		36 >
< 26		37 >
< 26		38 >
< 26		39 >
< 26		40 >
< 26		41 >
< 26		42 >
< 26		43 >
< 26		44 >
< 26		45 >
< 26		46 >
< 26		48 >
< 26		49 >
< 26		50 >
< 26		53 >
< 26		54 >
< 26		56 >
< 26		58 >
< 26		59 >
< 26		60 >
< 27		29 >
< 27		31 >
< 27		32 >
< 27		33 >
< 27		34 >
< 27		35 >
< 27		37 >
< 27		38 >
< 27		42 >
< 27		45 >
< 27		46 >
< 27		47 >
< 27		48 >
< 27		49 >
< 27		50 >
< 27		51 >
< 27		53 >
< 27		56 >
< 27		57 >
< 27		59 >
< 27		60 >
< 28		29 >
< 28		31 >
< 28		34 >
< 28		35 >
< 28		37 >
< 28		39 >
< 28		42 >
< 28		43 >
< 28		45 >
< 28		48 >
< 28		49 >
< 28		50 >
< 28		52 >
< 28		53 >
< 28		54 >
< 28		55 >
< 28		57 >
< 28		58 >
< 28		59 >
< 29		30 >
< 29		31 >
< 29		32 >
< 29		33 >
< 29		34 >
< 29		40 >
< 29		44 >
< 29		45 >
< 29		46 >
< 29		48 >
< 29		49 >
< 29		50 >
< 29		51 >
< 29		52 >
< 29		54 >
< 29		55 >
< 29		56 >
< 29		57 >
< 29		58 >
< 30		31 >
< 30		32 >
< 30		34 >
< 30		36 >
< 30		37 >
< 30		40 >
< 30		41 >
< 30		42 >
< 30		43 >
< 30		44 >
< 30		45 >
< 30		46 >
< 30		48 >
< 30		49 >
< 30		50 >
< 30		51 >
< 30		52 >
< 30		53 >
< 30		54 >
< 30		57 >
< 30		59 >
< 30		60 >
< 31		32 >
< 31		33 >
< 31		35 >
< 31		36 >
< 31		37 >
< 31		39 >
< 31		40 >
< 31		42 >
< 31		44 >
< 31		45 >
< 31		48 >
< 31		49 >
< 31		50 >
< 31		52 >
< 31		55 >
< 31		56 >
< 31		59 >
< 31		60 >
< 32		33 >
< 32		35 >
< 32		36 >
< 32		37 >
< 32		38 >
< 32		40 >
< 32		44 >
< 32		47 >
< 32		49 >
< 32		50 >
< 32		51 >
< 32		52 >
< 32		54 >
< 32		56 >
< 32		57 >
< 32		59 >
< 33		34 >
< 33		35 >
< 33		36 >
< 33		37 >
< 33		38 >
< 33		41 >
< 33		44 >
< 33		45 >
< 33		46 >
< 33		47 >
< 33		50 >
< 33		51 >
< 33		52 >
< 33		53 >
< 33		54 >
< 33		55 >
< 33		56 >
< 33		57 >
< 33		58 >
< 33		60 >
< 34		35 >
< 34		36 >
< 34		37 >
< 34		38 >
< 34		40 >
< 34		41 >
< 34		43 >
< 34		44 >
< 34		45 >
< 34		47 >
< 34		48 >
< 34		49 >
< 34		50 >
< 34		51 >
< 34		54 >
< 34		56 >
< 34		57 >
< 34		58 >
< 34		59 >
< 34		60 >
< 35		36 >
< 35		38 >
< 35		40 >
< 35		42 >
< 35		43 >
< 35		44 >
< 35		45 >
< 35		47 >
< 35		48 >
< 35		49 >
< 35		50 >
< 35		52 >
< 35		53 >
< 35		54 >
< 35		57 >
< 35		58 >
< 35		60 >
< 36		37 >
< 36		38 >
< 36		40 >
< 36		41 >
< 36		42 >
< 36		43 >
< 36		44 >
< 36		45 >
< 36		46 >
< 36		47 >
< 36		48 >
< 36		49 >
< 36		50 >
< 36		51 >
< 36		52 >
< 36		53 >
< 36		55 >
< 36		60 >
< 37		38 >
< 37		39 >
< 37		41 >
< 37		42 >
< 37		43 >
< 37		44 >
< 37		46 >
< 37		50 >
< 37		51 >
< 37		52 >
< 37		53 >
< 37		54 >
< 37		55 >
< 37		56 >
< 37		58 >
< 38		39 >
< 38		40 >
< 38		42 >
< 38		43 >
< 38		45 >
< 38		47 >
< 38		49 >
< 38		50 >
< 38		52 >
< 38		53 >
< 38		54 >
< 38		55 >
< 38		56 >
< 38		57 >
< 38		58 >
< 38		59 >
< 39		40 >
< 39		41 >
< 39		43 >
< 39		45 >
< 39		46 >
< 39		47 >
< 39		48 >
< 39		50 >
< 39		51 >
< 39		52 >
< 39		53 >
< 39		55 >
< 39		56 >
< 39		57 >
< 39		60 >
< 40		43 >
< 40		45 >
< 40		46 >
< 40		48 >
< 40		51 >
< 40		52 >
< 40		53 >
< 40		54 >
< 40		55 >
< 40		56 >
< 40		57 >
< 40		58 >
< 40		59 >
< 40		60 >
< 41		43 >
< 41		44 >
< 41		45 >
< 41		46 >
< 41		47 >
< 41		48 >
< 41		49 >
< 41		50 >
< 41		51 >
< 41		53 >
< 41		54 >
< 41		56 >
< 41		57 >
< 41		59 >
< 41		60 >
< 42		43 >
< 42		44 >
< 42		45 >
< 42		47 >
< 42		48 >
< 42		50 >
< 42		51 >
< 42		52 >
< 42		53 >
< 42		54 >
< 42		57 >
< 42		60 >
< 43		44 >
< 43		45 >
< 43		46 >
< 43		48 >
< 43		49 >
< 43		50 >
< 43		51 >
< 43		52 >
< 43		53 >
< 43		54 >
< 43		55 >
< 43		56 >
< 43		57 >
< 43		59 >
< 43		60 >
< 44		47 >
< 44		49 >
< 44		50 >
< 44		51 >
< 44		52 >
< 44		53 >
< 44		54 >
< 44		55 >
< 44		56 >
< 44		57 >
< 44		60 >
< 45		46 >
< 45		50 >
< 45		52 >
< 45		53 >
< 45		55 >
< 45		56 >
< 45		58 >
< 45		59 >
< 46		47 >
< 46		48 >
< 46		49 >
< 46		51 >
< 46		53 >
< 46		54 >
< 46		56 >
< 46		57 >
< 46		58 >
< 46		59 >
< 46		60 >
< 47		49 >
< 47		50 >
< 47		53 >
< 47		55 >
< 47		56 >
< 47		57 >
< 47		59 >
< 47		60 >
< 48		49 >
< 48		50 >
< 48		51 >
< 48		53 >
< 48		54 >
< 48		55 >
< 48		57 >
< 48		58 >
< 49		50 >
< 49		51 >
< 49		52 >
< 49		56 >
< 49		57 >
< 49		58 >
< 49		59 >
< 49		60 >
< 50		51 >
< 50		52 >
< 50		53 >
< 50		57 >
< 50		58 >
< 50		59 >
< 50		60 >
< 51		55 >
< 51		59 >
< 52		54 >
< 52		55 >
< 52		58 >
< 52		60 >
< 53		56 >
< 53		58 >
< 53		59 >
< 53		60 >
< 54		55 >
< 54		56 >
< 54		57 >
< 54		58 >
< 54		59 >
< 54		60 >
< 55		56 >
< 55		57 >
< 55		58 >
< 55		59 >
< 56		57 >
< 56		58 >
< 56		59 >
< 57		58 >
< 58		59 >
< 58		60 >
