nNodes= 80
nPairs= 309  
Weight
3
4
4
3
4
3
3
4
3
4
4
2
3
3
3
2
4
2
3
3
4
2
3
2
3
2
4
3
4
2
2
2
4
4
2
4
3
2
2
2
2
2
3
4
3
3
3
3
2
3
4
3
3
3
4
3
4
2
2
4
4
3
2
2
3
4
2
4
4
4
3
4
3
4
2
2
2
3
2
4
Cost
81		0		81		0		0		0		0		0		0		81		0		0		0		0		0		81		0		0		0		0		0		0		0		0		0		0		0		0		0		0		0		0		0		0		0		0		0		0		0		0		0		0		0		0		81		0		0		0		0		0		0		0		0		0		0		0		0		0		0		0		0		0		0		0		0		0		0		0		0		0		0		0		0		0		0		0		0		0		0		0		
0		81		0		0		0		0		0		0		0		0		0		0		0		0		0		0		0		0		0		0		0		81		0		0		0		0		0		0		0		81		0		0		0		0		0		0		0		0		0		0		0		0		0		0		0		0		0		81		0		0		81		0		0		0		0		0		0		0		81		0		0		0		0		81		0		0		0		0		0		0		0		0		0		0		81		0		0		0		0		0		
81		0		81		0		0		81		0		0		0		0		0		0		0		0		0		0		0		0		81		0		0		81		0		81		0		0		81		0		0		0		0		0		0		0		0		0		0		0		81		0		0		0		0		0		0		0		0		0		81		0		0		81		0		0		0		0		0		0		0		0		0		0		0		0		0		0		0		0		0		0		0		81		0		0		0		0		81		0		0		0		
0		0		0		81		0		0		0		81		0		0		0		0		0		0		0		0		0		0		0		0		0		81		0		0		0		0		0		0		0		0		0		81		0		0		0		0		0		0		0		0		0		0		0		0		0		0		0		0		81		0		0		0		0		0		0		0		0		0		0		0		0		0		0		0		0		0		81		0		0		0		0		0		0		0		0		0		81		0		0		0		
0		0		0		0		81		0		0		0		0		0		81		0		0		0		0		0		0		0		0		0		0		0		0		0		0		0		0		0		0		0		0		0		81		0		0		0		0		81		0		0		0		0		81		0		0		0		0		0		0		0		0		81		0		0		0		0		81		81		0		81		0		0		81		0		0		0		0		81		0		0		0		0		0		0		0		81		0		0		0		0		
0		0		81		0		0		81		0		0		0		0		0		0		81		0		0		0		0		0		0		81		0		0		0		0		0		0		0		0		0		0		0		0		0		0		0		0		0		0		0		0		0		0		0		0		0		0		81		0		0		0		0		0		81		0		0		0		81		0		0		0		0		0		0		0		0		0		0		0		0		0		0		0		81		81		0		0		0		0		0		0		
0		0		0		0		0		0		81		0		0		0		81		0		0		0		0		0		0		0		0		0		0		0		81		0		0		0		0		0		0		0		0		0		0		0		0		81		0		0		0		0		81		0		0		0		0		0		0		81		0		0		0		0		0		0		0		0		0		0		0		0		0		0		0		0		0		81		0		0		0		0		0		0		0		0		0		0		0		0		0		0		
0		0		0		81		0		0		0		81		0		0		0		0		0		0		0		81		0		0		0		0		0		0		0		0		0		0		0		0		0		81		0		0		0		0		0		81		0		0		0		0		0		0		0		0		0		0		0		0		0		0		0		81		81		0		0		0		0		0		0		0		0		0		0		0		0		81		0		0		0		0		81		0		0		0		0		0		81		0		0		0		
0		0		0		0		0		0		0		0		81		81		0		0		0		0		0		0		81		0		0		0		81		0		0		0		0		0		0		0		0		0		0		81		0		0		0		0		0		81		0		0		81		0		81		0		0		0		81		0		0		0		0		81		0		0		0		81		0		0		0		0		0		0		0		81		0		0		0		0		0		0		0		0		81		0		0		0		0		0		0		0		
81		0		0		0		0		0		0		0		81		81		0		0		0		0		0		0		0		0		0		0		0		0		0		0		0		0		0		0		0		0		81		0		0		0		81		0		0		0		0		0		81		0		0		0		0		81		0		0		0		0		0		0		0		0		81		0		0		0		0		0		0		0		0		0		81		81		81		0		0		0		0		81		81		0		0		0		0		0		0		0		
0		0		0		0		81		0		81		0		0		0		81		0		81		0		0		0		0		0		0		0		0		0		81		0		0		0		0		0		0		0		0		0		0		0		0		0		0		0		0		0		0		0		0		0		0		0		0		0		0		0		0		81		0		0		0		0		0		0		0		0		81		0		0		0		0		0		0		0		0		0		0		0		0		0		0		81		0		0		0		0		
0		0		0		0		0		0		0		0		0		0		0		81		0		0		0		0		0		0		0		0		0		0		81		81		0		0		0		0		0		0		0		0		0		0		81		0		0		0		0		0		0		0		0		0		0		0		0		0		0		0		81		0		81		0		0		0		0		0		81		0		0		0		0		81		0		0		0		0		81		0		0		0		0		0		0		0		0		0		0		0		
0		0		0		0		0		81		0		0		0		0		81		0		81		0		0		0		0		0		0		0		0		0		0		0		0		81		0		0		0		81		81		0		0		0		0		0		0		0		0		0		0		0		0		0		0		0		0		0		0		0		0		0		0		0		0		0		0		0		0		0		0		81		0		0		81		0		0		0		0		0		0		0		0		0		0		0		0		0		0		0		
0		0		0		0		0		0		0		0		0		0		0		0		0		81		0		0		0		0		0		0		0		0		0		0		0		0		0		0		0		0		0		0		0		0		0		0		0		0		0		0		0		81		0		0		0		81		0		0		0		0		0		0		0		81		0		0		0		81		0		0		0		0		0		0		0		0		0		0		0		81		0		0		0		0		0		0		0		0		0		0		
0		0		0		0		0		0		0		0		0		0		0		0		0		0		81		0		81		0		0		0		0		0		0		0		0		0		0		0		0		0		0		0		0		0		0		0		0		0		0		0		0		0		0		0		0		0		0		0		0		0		0		0		0		0		0		0		0		0		81		0		81		0		0		0		0		0		0		0		0		0		0		0		0		0		0		0		0		0		0		0		
81		0		0		0		0		0		0		81		0		0		0		0		0		0		0		81		0		0		0		0		0		0		0		0		0		0		0		0		0		81		0		0		81		0		0		0		0		0		0		81		0		0		0		0		0		0		0		0		0		0		0		0		0		0		0		0		0		0		0		0		0		0		0		0		0		0		0		0		0		0		0		0		0		0		81		0		0		81		0		0		
0		0		0		0		0		0		0		0		81		0		0		0		0		0		81		0		81		0		0		81		0		0		0		0		0		81		0		0		0		0		0		0		0		0		81		0		81		0		0		0		81		0		0		0		0		0		0		0		0		0		0		0		0		0		0		0		0		0		0		0		0		0		0		81		0		0		0		0		0		0		0		0		0		0		0		0		0		0		0		0		
0		0		0		0		0		0		0		0		0		0		0		0		0		0		0		0		0		81		0		81		0		0		0		81		0		0		0		0		0		0		0		0		0		0		0		0		0		0		0		0		0		0		81		0		0		0		0		0		0		81		81		0		0		0		0		0		0		0		0		0		0		0		0		81		0		0		0		0		0		0		0		81		0		0		0		0		0		0		0		0		
0		0		81		0		0		0		0		0		0		0		0		0		0		0		0		0		0		0		81		0		0		0		0		0		0		0		0		0		0		0		0		0		0		0		0		0		0		0		0		0		0		0		0		0		0		0		0		0		81		0		0		0		0		0		81		0		0		0		0		0		0		0		81		0		0		0		0		0		0		0		0		0		0		0		0		0		0		0		81		81		
0		0		0		0		0		81		0		0		0		0		0		0		0		0		0		0		81		81		0		81		0		0		0		0		0		0		0		0		0		0		0		0		0		0		0		0		0		0		0		0		0		0		0		81		0		0		0		0		0		0		0		81		0		0		0		0		0		0		0		0		0		81		0		0		0		0		0		0		0		0		0		0		81		0		0		0		0		81		0		0		
0		0		0		0		0		0		0		0		81		0		0		0		0		0		0		0		0		0		0		0		81		0		0		0		0		0		0		0		0		0		0		0		0		0		0		0		0		0		0		0		0		81		0		0		0		0		0		0		0		0		0		0		0		0		0		0		0		0		0		0		0		0		0		0		0		0		0		0		0		0		0		0		0		81		81		0		0		0		0		0		
0		81		81		81		0		0		0		0		0		0		0		0		0		0		0		0		0		0		0		0		0		81		0		0		81		0		0		0		0		0		0		0		0		81		0		0		0		0		0		0		81		0		0		81		0		0		0		0		0		0		0		0		0		81		0		81		0		0		0		0		0		0		0		0		0		0		0		0		81		81		0		81		0		0		0		0		0		0		0		0		
0		0		0		0		0		0		81		0		0		0		81		81		0		0		0		0		0		0		0		0		0		0		81		0		81		81		0		81		0		0		0		81		0		0		0		0		0		0		0		0		0		0		0		0		0		0		0		0		0		0		0		0		0		0		0		0		0		0		0		0		81		0		0		0		0		0		81		0		0		0		0		0		0		0		0		0		0		0		0		0		
0		0		81		0		0		0		0		0		0		0		0		81		0		0		0		0		0		81		0		0		0		0		0		81		0		0		0		0		0		0		0		0		0		0		0		0		0		0		0		0		0		0		0		0		0		0		0		0		81		0		0		0		0		0		81		0		0		0		0		0		0		0		0		0		0		0		0		0		0		0		0		0		0		0		0		0		0		0		0		0		
0		0		0		0		0		0		0		0		0		0		0		0		0		0		0		0		0		0		0		0		0		81		81		0		81		0		0		81		0		0		81		0		0		0		0		0		0		81		0		0		0		0		0		81		0		0		0		0		81		81		0		0		0		0		0		0		0		0		81		0		0		0		0		0		0		0		0		0		0		0		0		0		0		0		0		0		0		0		0		0		
0		0		0		0		0		0		0		0		0		0		0		0		81		0		0		0		81		0		0		0		0		0		81		0		0		81		0		0		0		0		0		0		0		0		81		0		0		0		0		0		0		0		0		0		0		0		0		0		0		0		0		0		0		0		0		0		0		81		0		81		0		0		0		0		0		0		0		0		0		0		0		0		0		0		0		0		0		0		0		0		
0		0		81		0		0		0		0		0		0		0		0		0		0		0		0		0		0		0		0		0		0		0		0		0		0		0		81		81		0		0		0		0		0		0		0		81		0		0		0		0		0		0		0		0		0		0		0		0		0		0		0		81		0		0		0		0		0		0		81		0		0		81		0		0		0		0		81		0		0		0		0		0		0		0		0		0		0		0		0		0		
0		0		0		0		0		0		0		0		0		0		0		0		0		0		0		0		0		0		0		0		0		0		81		0		81		0		81		81		0		0		0		0		0		0		0		0		0		0		0		0		0		0		0		0		0		0		81		0		0		0		81		0		0		0		0		0		0		0		0		0		0		0		0		0		0		0		0		0		0		0		0		0		0		0		0		0		0		0		0		0		
0		0		0		0		0		0		0		0		0		0		0		0		0		0		0		0		0		0		0		0		0		0		0		0		0		0		0		0		81		0		0		0		0		0		0		0		0		0		0		0		0		0		0		81		0		0		0		0		81		0		0		0		0		81		81		0		0		0		0		0		0		0		81		0		0		0		0		0		81		81		0		0		0		0		0		0		0		0		0		0		
0		81		0		0		0		0		0		81		0		0		0		0		81		0		0		81		0		0		0		0		0		0		0		0		0		0		0		0		0		81		0		0		0		0		0		0		81		0		0		0		0		0		0		0		0		0		0		0		0		0		81		0		0		0		0		0		0		0		0		0		0		0		0		0		0		0		0		0		0		0		0		0		0		0		81		0		0		0		81		0		
0		0		0		0		0		0		0		0		0		81		0		0		81		0		0		0		0		0		0		0		0		0		0		0		81		0		0		0		0		0		81		0		81		0		0		0		0		0		81		0		0		0		0		0		0		0		0		0		0		0		0		0		0		0		0		0		81		0		0		0		0		0		81		0		0		0		0		0		0		0		0		0		0		0		0		81		0		0		0		0		
0		0		0		81		0		0		0		0		81		0		0		0		0		0		0		0		0		0		0		0		0		0		81		0		0		0		0		0		0		0		0		81		0		0		81		0		0		0		0		0		0		0		0		0		0		0		0		0		81		0		0		0		0		0		0		0		0		0		81		0		0		81		0		0		0		0		0		0		81		0		0		0		0		0		0		0		0		0		0		0		
0		0		0		0		81		0		0		0		0		0		0		0		0		0		0		81		0		0		0		0		0		0		0		0		0		0		0		0		0		0		81		0		81		0		0		81		0		0		0		0		0		0		0		0		0		0		0		0		0		0		0		0		0		0		0		0		0		0		0		0		0		0		0		0		0		81		0		0		0		0		0		0		0		0		0		0		0		0		0		0		
0		0		0		0		0		0		0		0		0		0		0		0		0		0		0		0		0		0		0		0		0		81		0		0		0		0		0		0		0		0		0		0		0		81		0		81		0		0		0		0		0		0		81		0		0		0		0		0		0		0		0		0		0		0		0		0		0		0		0		0		0		0		0		0		0		0		0		0		81		0		0		0		0		0		0		0		0		81		0		0		
0		0		0		0		0		0		0		0		0		81		0		81		0		0		0		0		81		0		0		0		0		0		0		0		0		81		0		0		0		0		0		81		0		0		81		0		0		0		0		81		0		81		0		0		0		0		0		0		81		0		0		0		0		0		0		81		0		0		0		0		0		0		81		0		0		0		81		0		0		0		0		0		0		0		0		81		0		0		0		0		
0		0		0		0		0		0		81		81		0		0		0		0		0		0		0		0		0		0		0		0		0		0		0		0		0		0		81		0		0		0		0		0		81		81		0		81		0		0		0		0		0		0		81		0		0		0		0		0		81		81		0		0		0		0		0		81		0		81		0		0		0		0		0		0		0		0		0		0		0		0		0		0		0		0		81		0		0		0		81		0		
0		0		0		0		0		0		0		0		0		0		0		0		0		0		0		0		81		0		0		0		0		0		0		0		0		0		0		0		0		81		0		0		0		0		0		0		81		0		0		0		0		0		0		0		0		0		0		0		0		0		0		0		0		0		0		0		0		0		0		81		0		0		0		0		0		0		0		0		0		0		0		0		0		0		0		81		0		0		0		0		
0		0		0		0		81		0		0		0		81		0		0		0		0		0		0		0		0		0		0		0		0		0		0		0		81		0		0		0		0		0		0		0		0		0		0		0		0		81		0		0		81		0		0		0		0		0		0		81		0		0		0		81		0		81		0		0		0		0		0		81		0		0		0		0		0		0		0		0		0		0		0		0		0		0		0		0		0		0		0		0		
0		0		81		0		0		0		0		0		0		0		0		0		0		0		0		0		0		0		0		0		0		0		0		0		0		0		0		0		0		0		81		0		0		0		0		0		0		0		81		0		0		0		0		0		0		0		0		0		0		81		0		0		0		81		0		0		0		0		0		0		81		0		0		0		0		0		0		0		0		0		0		81		0		0		0		0		0		81		81		0		
0		0		0		0		0		0		0		0		0		0		0		0		0		0		0		81		0		0		0		0		0		0		0		0		0		0		0		0		0		0		0		0		0		0		81		0		0		0		0		81		0		0		0		81		0		0		0		0		0		0		0		0		0		0		0		0		0		0		0		0		0		0		0		0		0		0		0		0		0		0		0		0		0		81		0		0		0		0		0		0		
0		0		0		0		0		0		81		0		81		81		0		0		0		0		0		0		81		0		0		0		0		81		0		0		0		0		0		0		0		0		0		0		0		0		0		0		0		81		0		0		81		0		0		0		0		0		0		0		0		0		0		0		0		81		0		0		0		0		0		0		0		81		0		0		0		0		0		0		0		0		81		0		0		0		0		0		0		0		0		0		
0		0		0		0		0		0		0		0		0		0		0		0		0		81		0		0		0		0		0		0		81		0		0		0		0		0		0		0		0		0		0		0		0		0		81		0		0		0		0		0		0		81		0		0		0		0		0		81		0		0		0		0		0		0		0		0		0		81		0		0		0		0		0		0		0		0		0		0		0		0		0		0		0		0		0		0		0		0		0		0		
0		0		0		0		81		0		0		0		81		0		0		0		0		0		0		0		0		81		0		0		0		0		0		0		0		0		0		0		0		0		0		0		0		81		0		81		0		0		0		0		0		0		81		0		0		0		0		81		0		0		0		0		0		0		81		0		0		81		0		81		81		0		0		0		0		0		0		0		0		0		0		0		0		0		0		0		0		0		81		0		
0		0		0		0		0		0		0		0		0		0		0		0		0		0		0		0		0		0		0		81		0		81		0		0		81		0		0		0		81		0		0		0		0		0		0		0		0		0		0		81		0		0		0		81		0		0		0		81		0		0		0		0		0		0		0		0		0		0		81		0		0		0		0		0		0		0		0		0		0		0		0		0		0		0		0		0		0		0		0		81		
81		0		0		0		0		0		0		0		0		0		0		0		0		0		0		0		0		0		0		0		0		0		0		0		0		0		0		0		0		0		0		0		0		0		0		0		0		0		0		0		0		0		0		0		81		0		0		0		0		0		0		0		0		0		0		81		81		0		81		81		0		0		0		0		0		81		0		0		0		0		0		0		0		0		0		0		81		0		81		0		
0		0		0		0		0		0		0		0		0		81		0		0		0		81		0		0		0		0		0		0		0		0		0		0		0		0		0		0		0		0		0		0		0		0		0		0		0		0		0		0		0		0		0		0		0		81		0		0		0		0		0		0		0		0		0		81		0		81		0		0		0		0		0		0		0		0		0		0		0		0		0		0		0		0		0		0		0		0		0		0		
0		0		0		0		0		81		0		0		81		0		0		0		0		0		0		0		0		0		0		0		0		0		0		0		0		0		0		81		0		0		0		0		0		0		0		0		0		0		0		0		0		0		0		0		0		0		81		0		0		0		0		0		0		0		0		0		0		0		0		0		81		81		0		0		0		0		0		0		0		0		0		0		0		0		0		0		0		0		81		0		
0		81		0		0		0		0		81		0		0		0		0		0		0		0		0		0		0		0		0		0		0		0		0		0		0		0		0		0		0		0		0		0		0		0		0		0		0		81		0		0		0		81		81		81		0		0		0		81		0		0		0		0		0		0		0		0		0		0		0		0		0		0		0		0		0		81		0		0		0		81		81		0		0		0		81		0		0		0		81		0		
0		0		81		81		0		0		0		0		0		0		0		0		0		0		0		0		0		0		81		0		0		0		0		81		81		0		0		0		81		0		0		81		0		0		81		81		0		0		0		0		0		0		0		0		0		0		0		0		81		0		0		0		0		0		0		0		0		0		0		0		0		0		0		0		0		0		0		0		0		0		0		81		0		0		0		0		0		0		0		0		
0		0		0		0		0		0		0		0		0		0		0		0		0		0		0		0		0		81		0		0		0		0		0		0		81		0		0		0		0		0		0		0		0		0		0		81		0		0		81		0		0		0		0		0		0		0		0		0		0		81		0		0		0		0		0		0		0		0		0		0		0		81		81		0		0		0		0		0		0		0		0		0		0		0		0		0		81		0		0		0		
0		81		0		0		0		0		0		0		0		0		0		81		0		0		0		0		0		81		0		0		0		0		0		0		0		0		0		81		0		81		0		0		0		0		0		0		0		0		0		0		0		0		0		0		0		0		0		0		0		0		81		0		0		81		0		0		0		0		0		0		0		0		0		0		0		0		0		0		0		0		0		0		81		0		0		0		0		0		0		0		
0		0		81		0		81		0		0		81		81		0		81		0		0		0		0		0		0		0		0		81		0		0		0		0		0		0		81		0		0		0		0		0		0		0		0		0		0		81		0		0		0		0		0		0		0		0		0		0		0		0		0		81		0		81		0		0		0		0		0		0		0		0		81		0		0		0		0		0		0		0		0		0		0		81		0		81		0		0		0		0		
0		0		0		0		0		81		0		81		0		0		0		81		0		0		0		0		0		0		0		0		0		0		0		0		0		0		0		0		0		0		0		0		0		0		0		0		0		0		0		0		0		0		0		0		0		0		0		0		0		0		0		0		81		0		0		0		81		0		81		0		0		81		0		0		0		81		0		0		0		0		0		0		0		81		0		0		0		0		0		0		
0		0		0		0		0		0		0		0		0		0		0		0		0		81		0		0		0		0		0		0		0		81		0		0		0		0		0		0		81		0		0		0		0		0		0		0		0		81		81		0		81		0		0		0		0		0		0		0		0		0		81		81		0		81		0		0		0		0		0		0		0		0		0		0		0		0		0		81		0		0		0		0		81		0		81		0		0		0		0		0		
0		0		0		0		0		0		0		0		0		81		0		0		0		0		0		0		0		0		81		0		0		0		0		81		0		0		0		0		81		0		0		0		0		0		0		0		0		0		0		0		0		0		81		0		0		0		0		0		0		0		0		0		0		0		81		0		0		0		0		0		0		0		81		0		0		0		0		0		0		0		0		0		0		0		0		0		0		0		0		0		
0		0		0		0		0		0		0		0		81		0		0		0		0		0		0		0		0		0		0		0		0		81		0		0		0		0		0		0		0		0		0		0		0		0		81		81		0		0		0		0		0		0		0		0		81		81		0		0		0		0		0		0		0		0		0		81		0		81		0		0		81		0		0		0		0		0		0		0		0		0		0		0		0		0		0		0		0		0		0		0		
0		0		0		0		81		81		0		0		0		0		0		0		0		0		0		0		0		0		0		0		0		0		0		0		0		0		0		0		0		0		81		0		0		0		0		0		0		0		0		0		0		0		0		0		81		0		0		0		0		0		0		0		81		0		0		0		81		0		0		81		0		0		0		0		0		0		81		0		0		81		0		0		0		0		0		0		0		0		0		0		
0		0		0		0		81		0		0		0		0		0		0		0		0		81		0		0		0		0		0		0		0		0		0		0		0		81		0		0		0		0		0		0		0		0		0		81		0		0		0		0		0		81		81		0		0		81		0		0		0		0		0		0		0		0		0		81		0		81		0		0		0		81		81		0		0		0		81		0		81		0		0		0		0		0		0		81		0		0		0		81		
0		81		0		0		0		0		0		0		0		0		0		81		0		0		81		0		0		0		0		0		0		0		0		0		81		0		81		0		0		0		0		81		0		0		0		0		0		0		0		0		0		0		0		81		81		0		0		0		0		0		0		0		81		0		0		0		0		0		81		0		0		0		0		0		0		81		0		0		0		0		0		0		0		0		0		0		0		0		0		0		
0		0		0		0		81		0		0		0		0		0		0		0		0		0		0		0		0		0		0		0		0		0		0		0		0		81		0		0		0		0		0		0		0		0		0		0		81		81		0		0		0		0		81		0		81		0		0		0		0		0		0		0		0		0		0		0		81		0		0		81		0		81		0		0		0		0		0		0		0		81		0		0		0		0		81		81		0		0		81		0		
0		0		0		0		0		0		0		0		0		0		81		0		0		0		81		0		0		0		0		0		0		0		81		0		0		0		0		0		0		0		0		0		0		0		0		0		0		0		81		0		0		0		81		0		0		0		81		0		0		0		0		0		0		0		0		81		0		0		0		0		81		0		0		0		0		0		81		0		0		0		0		81		0		0		0		0		0		0		0		0		
0		0		0		0		0		0		0		0		0		0		0		0		81		0		0		0		0		0		0		81		0		0		0		0		0		0		81		0		0		0		0		81		0		0		0		0		0		0		0		0		81		0		0		0		0		0		81		0		0		81		0		0		81		0		0		0		0		81		0		81		0		81		0		0		0		0		0		0		0		0		81		0		0		0		0		0		0		0		0		0		
0		0		0		0		81		0		0		0		0		0		0		0		0		0		0		0		0		0		81		0		0		0		0		0		0		0		0		0		81		0		81		0		0		0		81		0		0		0		0		0		0		0		0		0		0		0		0		0		0		81		0		81		0		0		81		0		0		81		0		0		0		0		81		0		0		0		0		0		0		0		0		0		0		0		0		0		81		0		0		0		
0		81		0		0		0		0		0		0		81		0		0		81		0		0		0		0		81		81		0		0		0		0		0		0		0		0		0		0		0		0		0		0		0		0		0		0		0		0		0		0		0		0		0		0		0		0		0		0		0		0		0		0		0		0		0		0		0		0		0		0		0		0		0		81		0		0		81		0		0		0		0		0		0		0		0		0		0		0		0		81		
0		0		0		0		0		0		0		0		0		81		0		0		81		0		0		0		0		0		0		0		0		0		0		0		0		0		0		0		0		0		0		0		0		0		0		0		0		0		0		0		0		0		0		0		0		0		0		0		0		0		0		0		0		0		0		0		0		0		0		0		0		0		0		0		81		0		0		0		0		0		0		0		0		0		0		0		0		0		0		0		
0		0		0		0		0		0		81		81		0		81		0		0		0		0		0		0		0		0		0		0		0		0		0		0		0		0		0		0		0		0		0		0		81		0		0		0		0		0		0		0		0		0		0		0		81		0		0		81		0		0		0		0		81		0		0		0		0		0		81		0		0		0		0		0		0		81		0		81		81		0		0		0		81		0		0		0		0		0		0		0		
0		0		0		81		0		0		0		0		0		81		0		0		0		0		0		0		0		0		0		0		0		0		81		0		0		0		81		0		0		0		0		0		0		0		81		0		0		0		0		0		0		0		0		0		0		0		0		0		0		0		0		0		0		0		0		0		81		81		0		0		81		0		0		81		0		0		81		0		0		0		0		0		0		0		0		0		0		0		0		0		
0		0		0		0		81		0		0		0		0		0		0		0		0		0		0		0		0		0		0		0		0		0		0		0		0		0		0		0		0		0		0		0		0		0		0		0		0		0		0		0		0		0		0		0		0		0		0		0		0		0		0		0		0		81		0		0		0		0		0		0		0		0		0		0		0		81		0		81		0		0		0		0		0		0		0		0		0		0		0		0		
0		0		0		0		0		0		0		0		0		0		0		81		0		0		0		0		0		0		0		0		0		81		0		0		0		0		0		0		81		0		0		81		0		81		0		0		0		0		0		0		0		0		0		0		0		0		0		0		0		0		0		0		0		0		0		0		0		81		0		0		0		0		0		0		0		81		0		0		81		0		0		0		0		0		0		0		0		0		0		0		
0		0		0		0		0		0		0		0		0		0		0		0		0		81		0		0		0		0		0		0		0		81		0		0		0		0		0		0		81		0		0		0		0		0		0		0		0		0		0		0		0		0		0		0		0		0		0		81		0		0		0		0		0		0		0		0		81		0		0		81		0		0		0		0		0		0		0		0		0		81		0		0		0		0		0		0		0		0		0		0		
0		0		0		0		0		0		0		81		0		0		0		0		0		0		0		0		0		0		0		0		0		0		0		0		0		0		0		0		0		0		0		0		0		0		0		0		0		0		0		0		81		0		0		0		0		0		0		81		0		0		0		0		0		0		0		0		0		0		0		0		0		81		0		0		0		0		0		0		0		0		81		0		0		0		0		0		0		0		0		0		
0		0		81		0		0		0		0		0		0		81		0		0		0		0		0		0		0		81		0		0		0		81		0		0		0		0		0		0		0		0		0		0		0		0		0		0		0		0		81		0		0		0		0		0		0		0		0		0		81		0		0		0		0		0		0		0		0		0		0		0		81		0		0		0		0		0		0		0		0		0		0		81		81		0		0		0		0		81		0		0		
0		0		0		0		0		81		0		0		81		81		0		0		0		0		0		0		0		0		0		81		0		0		0		0		0		0		0		0		0		0		0		0		0		0		0		0		0		0		0		0		0		0		0		0		0		0		0		0		0		0		81		0		0		81		0		0		0		0		0		0		0		0		0		0		0		81		0		0		0		0		0		81		81		0		0		0		0		0		0		0		
0		0		0		0		0		81		0		0		0		0		0		0		0		0		0		0		0		0		0		0		81		0		0		0		0		0		0		0		0		0		0		0		0		0		0		0		0		0		0		81		0		0		0		0		0		0		0		0		0		0		0		81		81		0		0		0		0		0		0		0		0		0		0		0		0		0		0		0		0		0		0		0		0		81		0		0		0		0		0		0		
0		81		0		0		0		0		0		0		0		0		0		0		0		0		0		81		0		0		0		0		81		0		0		0		0		0		0		0		0		81		0		0		0		0		0		81		0		0		0		0		0		0		0		0		0		0		0		81		0		0		0		0		0		81		0		0		0		0		0		81		0		0		0		0		0		0		0		0		0		0		0		0		0		0		81		0		0		0		0		0		
0		0		0		0		81		0		0		0		0		0		81		0		0		0		0		0		0		0		0		0		0		0		0		0		0		0		0		0		0		0		81		0		0		0		81		0		81		0		0		0		0		0		0		0		0		0		0		0		0		0		0		81		0		0		0		0		0		81		0		81		0		0		0		0		0		0		0		0		0		0		0		0		0		0		0		81		0		81		0		0		
0		0		81		81		0		0		0		81		0		0		0		0		0		0		0		0		0		0		0		0		0		0		0		0		0		0		0		0		0		0		0		0		0		0		0		0		0		0		0		0		0		0		0		0		81		0		0		0		0		81		0		0		0		0		0		0		0		0		0		0		0		0		81		0		0		0		0		0		0		0		0		0		0		0		0		0		81		0		0		0		
0		0		0		0		0		0		0		0		0		0		0		0		0		0		0		81		0		0		0		81		0		0		0		0		0		0		0		0		0		0		0		0		0		81		0		0		0		0		81		0		0		0		0		0		0		0		0		0		0		0		0		0		0		0		0		0		0		0		0		0		0		0		0		0		0		0		0		0		0		0		0		81		0		0		0		81		0		81		0		81		
0		0		0		0		0		0		0		0		0		0		0		0		0		0		0		0		0		0		81		0		0		0		0		0		0		0		0		0		0		81		0		0		0		0		0		81		0		0		81		0		0		0		81		0		81		0		81		81		0		0		0		0		0		0		0		0		0		0		0		81		0		0		0		0		0		0		0		0		0		0		0		0		0		0		0		0		0		0		81		0		
0		0		0		0		0		0		0		0		0		0		0		0		0		0		0		0		0		0		81		0		0		0		0		0		0		0		0		0		0		0		0		0		0		0		0		0		0		0		0		0		0		0		0		81		0		0		0		0		0		0		0		0		0		0		0		0		0		81		0		0		0		0		0		81		0		0		0		0		0		0		0		0		0		0		0		0		0		81		0		81		
NDC Pairs
< 1		3 >
< 1		10 >
< 1		16 >
< 1		45 >
< 2		22 >
< 2		30 >
< 2		48 >
< 2		51 >
< 2		59 >
< 2		64 >
< 2		75 >
< 3		6 >
< 3		19 >
< 3		22 >
< 3		24 >
< 3		27 >
< 3		39 >
< 3		49 >
< 3		52 >
< 3		72 >
< 3		77 >
< 4		8 >
< 4		22 >
< 4		32 >
< 4		49 >
< 4		67 >
< 4		77 >
< 5		11 >
< 5		33 >
< 5		38 >
< 5		43 >
< 5		52 >
< 5		57 >
< 5		58 >
< 5		60 >
< 5		63 >
< 5		68 >
< 5		76 >
< 6		13 >
< 6		20 >
< 6		47 >
< 6		53 >
< 6		57 >
< 6		73 >
< 6		74 >
< 7		11 >
< 7		23 >
< 7		36 >
< 7		41 >
< 7		48 >
< 7		66 >
< 8		16 >
< 8		30 >
< 8		36 >
< 8		52 >
< 8		53 >
< 8		66 >
< 8		71 >
< 8		77 >
< 9		10 >
< 9		17 >
< 9		21 >
< 9		32 >
< 9		38 >
< 9		41 >
< 9		43 >
< 9		47 >
< 9		52 >
< 9		56 >
< 9		64 >
< 9		73 >
< 10		31 >
< 10		35 >
< 10		41 >
< 10		46 >
< 10		55 >
< 10		65 >
< 10		66 >
< 10		67 >
< 10		72 >
< 10		73 >
< 11		13 >
< 11		23 >
< 11		52 >
< 11		61 >
< 11		76 >
< 12		23 >
< 12		24 >
< 12		35 >
< 12		51 >
< 12		53 >
< 12		59 >
< 12		64 >
< 12		69 >
< 13		26 >
< 13		30 >
< 13		31 >
< 13		62 >
< 13		65 >
< 14		42 >
< 14		46 >
< 14		54 >
< 14		58 >
< 14		70 >
< 15		17 >
< 15		59 >
< 15		61 >
< 16		30 >
< 16		33 >
< 16		40 >
< 16		75 >
< 16		78 >
< 17		20 >
< 17		26 >
< 17		35 >
< 17		37 >
< 17		41 >
< 17		64 >
< 18		20 >
< 18		24 >
< 18		43 >
< 18		50 >
< 18		51 >
< 18		64 >
< 18		72 >
< 19		49 >
< 19		55 >
< 19		63 >
< 19		79 >
< 19		80 >
< 20		44 >
< 20		52 >
< 20		62 >
< 20		73 >
< 20		78 >
< 21		42 >
< 21		74 >
< 21		75 >
< 22		25 >
< 22		34 >
< 22		41 >
< 22		44 >
< 22		54 >
< 22		56 >
< 22		69 >
< 22		70 >
< 22		72 >
< 23		25 >
< 23		26 >
< 23		28 >
< 23		32 >
< 23		61 >
< 23		67 >
< 24		49 >
< 24		55 >
< 25		28 >
< 25		31 >
< 25		38 >
< 25		44 >
< 25		49 >
< 25		50 >
< 25		59 >
< 26		35 >
< 26		58 >
< 26		60 >
< 27		28 >
< 27		36 >
< 27		52 >
< 27		59 >
< 27		62 >
< 27		67 >
< 28		47 >
< 28		51 >
< 29		44 >
< 29		49 >
< 29		54 >
< 29		55 >
< 29		63 >
< 29		69 >
< 29		70 >
< 30		37 >
< 30		51 >
< 30		75 >
< 30		79 >
< 31		33 >
< 31		39 >
< 31		57 >
< 31		63 >
< 31		76 >
< 32		35 >
< 32		49 >
< 32		59 >
< 32		62 >
< 32		69 >
< 33		36 >
< 33		66 >
< 34		36 >
< 34		43 >
< 34		69 >
< 34		78 >
< 35		40 >
< 35		42 >
< 35		49 >
< 35		56 >
< 35		63 >
< 35		67 >
< 35		76 >
< 36		43 >
< 36		49 >
< 36		50 >
< 36		56 >
< 36		58 >
< 36		75 >
< 36		79 >
< 37		60 >
< 37		76 >
< 38		41 >
< 38		48 >
< 38		52 >
< 38		54 >
< 38		60 >
< 39		50 >
< 39		54 >
< 39		61 >
< 39		72 >
< 39		78 >
< 39		79 >
< 40		44 >
< 40		74 >
< 41		54 >
< 41		62 >
< 41		71 >
< 42		48 >
< 42		58 >
< 43		48 >
< 43		55 >
< 43		58 >
< 43		60 >
< 43		61 >
< 43		79 >
< 44		48 >
< 44		59 >
< 44		80 >
< 45		56 >
< 45		57 >
< 45		59 >
< 45		60 >
< 45		66 >
< 45		77 >
< 45		79 >
< 46		56 >
< 46		58 >
< 47		61 >
< 47		62 >
< 47		79 >
< 48		66 >
< 48		70 >
< 48		71 >
< 48		75 >
< 48		79 >
< 49		72 >
< 50		62 >
< 50		63 >
< 50		77 >
< 51		54 >
< 51		73 >
< 52		54 >
< 52		63 >
< 52		74 >
< 52		76 >
< 53		57 >
< 53		59 >
< 53		62 >
< 53		66 >
< 53		74 >
< 54		68 >
< 54		73 >
< 54		75 >
< 55		63 >
< 56		58 >
< 56		61 >
< 57		60 >
< 57		67 >
< 57		70 >
< 58		62 >
< 58		63 >
< 58		67 >
< 58		69 >
< 58		76 >
< 58		80 >
< 59		66 >
< 60		62 >
< 60		70 >
< 60		75 >
< 60		76 >
< 60		79 >
< 61		67 >
< 61		72 >
< 62		71 >
< 63		77 >
< 64		67 >
< 64		80 >
< 66		68 >
< 66		69 >
< 66		73 >
< 72		73 >
< 72		78 >
< 76		78 >
< 78		80 >
