nNodes= 40
nPairs= 75  
Weight
4
3
4
3
2
3
3
2
2
4
3
2
2
4
2
3
3
4
3
3
4
3
4
4
3
4
2
2
2
2
4
4
3
2
4
3
4
3
3
3
Cost
41		0		0		0		0		0		0		0		0		0		0		0		0		0		0		0		0		0		0		0		0		0		0		0		0		0		41		0		0		0		0		0		0		0		41		0		0		0		0		0		
0		41		0		0		0		0		0		0		0		0		0		0		0		0		0		0		0		0		0		0		0		0		0		0		0		0		41		0		0		0		0		0		0		0		0		0		0		0		0		0		
0		0		41		0		0		0		0		41		0		41		0		0		0		0		0		0		0		0		0		0		41		0		0		41		0		0		0		0		0		0		0		0		0		0		0		0		0		0		41		41		
0		0		0		41		0		41		0		0		0		0		0		41		0		0		0		0		0		0		0		0		0		0		0		0		0		0		0		0		0		0		0		0		0		0		0		0		0		0		0		0		
0		0		0		0		41		0		0		41		0		0		0		0		0		0		41		0		0		0		0		0		0		0		0		0		41		0		0		0		0		0		0		0		0		0		0		0		0		0		0		0		
0		0		0		41		0		41		0		41		0		0		0		0		0		0		0		0		0		0		0		0		0		0		0		0		0		0		0		0		41		0		0		0		0		0		0		0		0		41		0		0		
0		0		0		0		0		0		41		0		0		0		0		0		0		0		0		0		0		0		0		0		0		0		41		0		41		0		0		0		0		0		0		0		41		0		0		0		0		0		0		0		
0		0		41		0		41		41		0		41		0		0		41		0		0		0		0		0		41		0		0		0		0		0		0		0		0		0		0		0		0		0		0		0		41		0		0		41		0		0		0		0		
0		0		0		0		0		0		0		0		41		0		0		0		0		41		0		0		0		41		0		0		0		0		0		41		0		0		0		0		0		0		0		0		0		0		0		0		0		0		0		41		
0		0		41		0		0		0		0		0		0		41		41		41		0		0		0		0		0		0		0		41		41		0		0		0		41		0		0		0		0		0		41		0		0		0		0		0		0		0		0		0		
0		0		0		0		0		0		0		41		0		41		41		0		0		0		0		0		0		0		0		0		0		0		0		0		0		0		41		0		0		0		0		0		41		0		0		0		0		41		0		0		
0		0		0		41		0		0		0		0		0		41		0		41		0		0		0		0		41		41		0		0		0		0		0		41		0		0		0		0		0		0		0		0		0		0		41		0		0		41		0		0		
0		0		0		0		0		0		0		0		0		0		0		0		41		0		0		0		41		0		0		0		0		0		0		0		0		0		0		0		41		0		0		0		0		0		0		0		0		0		0		0		
0		0		0		0		0		0		0		0		41		0		0		0		0		41		0		0		0		0		0		0		0		0		0		0		0		0		0		0		0		41		0		0		0		0		0		0		0		0		0		0		
0		0		0		0		41		0		0		0		0		0		0		0		0		0		41		0		0		0		0		0		0		0		0		0		0		0		41		0		0		0		0		0		0		0		0		0		0		0		0		0		
0		0		0		0		0		0		0		0		0		0		0		0		0		0		0		41		0		0		0		0		0		0		0		0		0		0		0		0		0		0		0		0		41		0		0		0		0		0		0		0		
0		0		0		0		0		0		0		41		0		0		0		41		41		0		0		0		41		0		0		0		0		0		0		0		0		0		0		0		0		0		0		41		0		0		0		0		41		0		0		0		
0		0		0		0		0		0		0		0		41		0		0		41		0		0		0		0		0		41		0		0		0		0		0		0		0		41		0		0		0		0		0		0		41		0		0		0		0		0		0		0		
0		0		0		0		0		0		0		0		0		0		0		0		0		0		0		0		0		0		41		0		0		0		0		0		0		0		0		0		0		0		0		0		0		0		0		0		0		0		0		0		
0		0		0		0		0		0		0		0		0		41		0		0		0		0		0		0		0		0		0		41		0		0		0		0		0		0		0		0		0		0		0		0		0		0		0		0		0		0		0		0		
0		0		41		0		0		0		0		0		0		41		0		0		0		0		0		0		0		0		0		0		41		0		41		0		0		0		0		0		0		41		0		0		0		0		0		0		0		41		0		0		
0		0		0		0		0		0		0		0		0		0		0		0		0		0		0		0		0		0		0		0		0		41		0		0		0		0		0		0		0		0		0		0		0		0		0		41		0		0		0		0		
0		0		0		0		0		0		41		0		0		0		0		0		0		0		0		0		0		0		0		0		41		0		41		0		0		0		0		0		0		0		0		41		0		0		0		0		0		0		0		0		
0		0		41		0		0		0		0		0		41		0		0		41		0		0		0		0		0		0		0		0		0		0		0		41		0		41		0		0		41		41		0		0		0		41		41		0		0		0		0		0		
0		0		0		0		41		0		41		0		0		41		0		0		0		0		0		0		0		0		0		0		0		0		0		0		41		0		0		0		0		0		0		0		0		0		0		41		0		0		0		0		
0		0		0		0		0		0		0		0		0		0		0		0		0		0		0		0		0		41		0		0		0		0		0		41		0		41		41		0		0		0		41		0		0		0		0		0		0		0		0		0		
41		41		0		0		0		0		0		0		0		0		41		0		0		0		41		0		0		0		0		0		0		0		0		0		0		41		41		0		0		0		0		0		0		0		0		41		0		0		0		0		
0		0		0		0		0		0		0		0		0		0		0		0		0		0		0		0		0		0		0		0		0		0		0		0		0		0		0		41		0		0		41		0		0		0		0		0		0		0		41		0		
0		0		0		0		0		41		0		0		0		0		0		0		41		0		0		0		0		0		0		0		0		0		0		41		0		0		0		0		41		0		0		0		0		0		41		0		0		41		0		0		
0		0		0		0		0		0		0		0		0		0		0		0		0		41		0		0		0		0		0		0		41		0		0		41		0		0		0		0		0		41		41		0		0		0		0		0		0		0		0		0		
0		0		0		0		0		0		0		0		0		41		0		0		0		0		0		0		0		0		0		0		0		0		0		0		0		41		0		41		0		41		41		0		0		0		0		0		0		0		0		0		
0		0		0		0		0		0		0		0		0		0		0		0		0		0		0		0		41		0		0		0		0		0		41		0		0		0		0		0		0		0		0		41		0		0		0		0		0		0		0		41		
0		0		0		0		0		0		41		41		0		0		41		0		0		0		0		41		0		41		0		0		0		0		0		0		0		0		0		0		0		0		0		0		41		0		0		0		0		0		0		0		
0		0		0		0		0		0		0		0		0		0		0		0		0		0		0		0		0		0		0		0		0		0		0		41		0		0		0		0		0		0		0		0		0		41		0		0		0		0		0		0		
41		0		0		0		0		0		0		0		0		0		0		41		0		0		0		0		0		0		0		0		0		0		0		41		0		0		0		0		41		0		0		0		0		0		41		0		0		0		41		0		
0		0		0		0		0		0		0		41		0		0		0		0		0		0		0		0		0		0		0		0		0		41		0		0		41		0		41		0		0		0		0		0		0		0		0		41		41		0		0		41		
0		0		0		0		0		0		0		0		0		0		0		0		0		0		0		0		41		0		0		0		0		0		0		0		0		0		0		0		0		0		0		0		0		0		0		41		41		0		0		0		
0		0		0		0		0		41		0		0		0		0		41		41		0		0		0		0		0		0		0		0		41		0		0		0		0		0		0		0		41		0		0		0		0		0		0		0		0		41		0		0		
0		0		41		0		0		0		0		0		0		0		0		0		0		0		0		0		0		0		0		0		0		0		0		0		0		0		0		41		0		0		0		0		0		0		41		0		0		0		41		41		
0		0		41		0		0		0		0		0		41		0		0		0		0		0		0		0		0		0		0		0		0		0		0		0		0		0		0		0		0		0		0		41		0		0		0		41		0		0		41		41		
NDC Pairs
< 1		27 >
< 1		35 >
< 2		27 >
< 3		8 >
< 3		10 >
< 3		21 >
< 3		24 >
< 3		39 >
< 3		40 >
< 4		6 >
< 4		12 >
< 5		8 >
< 5		15 >
< 5		25 >
< 6		8 >
< 6		29 >
< 6		38 >
< 7		23 >
< 7		25 >
< 7		33 >
< 8		11 >
< 8		17 >
< 8		33 >
< 8		36 >
< 9		14 >
< 9		18 >
< 9		24 >
< 9		40 >
< 10		11 >
< 10		12 >
< 10		20 >
< 10		21 >
< 10		25 >
< 10		31 >
< 11		27 >
< 11		33 >
< 11		38 >
< 12		17 >
< 12		18 >
< 12		24 >
< 12		35 >
< 12		38 >
< 13		17 >
< 13		29 >
< 14		30 >
< 15		27 >
< 16		33 >
< 17		32 >
< 17		37 >
< 18		26 >
< 18		33 >
< 21		23 >
< 21		30 >
< 21		38 >
< 22		36 >
< 23		32 >
< 24		26 >
< 24		29 >
< 24		30 >
< 24		34 >
< 24		35 >
< 25		36 >
< 26		27 >
< 26		31 >
< 27		36 >
< 28		31 >
< 28		39 >
< 29		35 >
< 29		38 >
< 30		31 >
< 32		40 >
< 35		39 >
< 36		37 >
< 36		40 >
< 39		40 >
