nNodes= 100
nPairs= 2426  
Weight
3
2
4
4
4
2
3
4
4
3
3
4
4
3
4
3
3
2
4
4
2
2
2
3
3
4
3
3
3
3
4
3
4
4
3
4
4
4
4
2
4
4
4
2
4
3
2
2
2
3
3
3
4
3
4
3
2
3
3
2
4
4
4
2
3
2
4
4
3
4
4
4
3
2
2
4
3
4
3
3
4
4
2
2
3
4
4
3
2
3
4
3
3
4
4
3
3
2
3
3
Cost
101		101		101		0		101		0		0		101		0		101		101		101		0		0		101		0		101		0		101		0		0		101		0		101		0		101		101		0		0		0		101		101		0		101		101		101		0		0		0		0		101		0		101		0		0		101		0		0		0		0		101		0		101		0		0		0		0		101		0		101		0		101		0		0		101		101		101		0		101		101		101		101		101		0		101		101		101		101		0		101		0		101		0		0		0		0		0		101		101		0		0		0		101		0		101		101		0		0		0		0		
101		101		0		101		0		101		101		0		101		0		101		0		0		101		101		0		101		101		0		101		101		0		0		0		0		0		101		0		101		101		0		0		0		101		101		101		0		101		0		101		101		101		0		101		0		101		101		101		101		101		0		0		0		0		101		101		0		101		101		0		0		101		101		101		0		0		101		0		101		0		101		0		0		101		101		0		0		0		101		101		0		0		0		101		101		0		0		0		101		0		101		0		101		0		0		0		0		101		101		0		
101		0		101		101		0		0		101		0		0		101		0		101		0		0		101		0		0		0		0		101		101		101		0		101		101		101		0		0		0		0		101		0		0		0		101		101		101		101		101		101		0		0		0		0		0		0		101		101		0		101		101		101		0		101		0		101		101		0		101		101		101		101		101		0		101		0		0		0		101		0		0		101		101		101		101		0		101		0		101		0		0		0		101		0		101		0		0		101		101		101		101		101		101		0		101		0		0		101		101		0		
0		101		101		101		101		0		0		0		0		0		0		0		101		101		101		101		101		101		101		101		0		0		101		101		0		0		101		101		0		0		0		101		0		0		0		0		0		101		101		0		0		0		101		0		101		0		101		101		101		0		101		101		0		0		101		0		101		101		101		101		101		101		0		101		0		0		0		0		101		0		0		101		0		101		0		0		0		101		0		101		0		0		101		0		101		101		101		101		101		0		0		101		101		0		101		101		0		101		0		101		
101		0		0		101		101		0		0		0		101		101		101		0		101		101		101		0		101		0		0		0		101		0		101		0		101		101		101		0		0		0		101		0		0		0		0		101		0		101		0		0		0		101		0		101		0		101		101		0		0		101		0		101		101		0		101		0		0		0		0		101		101		0		0		0		0		0		0		0		101		101		0		101		0		0		0		0		0		101		0		0		101		101		0		101		0		0		0		101		0		101		0		0		0		101		101		101		101		0		101		0		
0		101		0		0		0		101		101		0		0		0		0		0		0		0		0		0		0		0		0		0		101		0		0		101		101		101		0		101		101		0		0		0		0		101		0		101		101		0		101		101		101		0		101		0		101		101		101		101		101		0		0		101		101		0		101		101		101		0		0		0		101		0		101		101		0		101		0		0		0		0		101		0		0		0		101		0		101		0		0		101		101		0		0		0		101		0		0		101		0		101		0		0		0		101		101		101		101		0		101		101		
0		101		101		0		0		101		101		101		101		101		101		0		101		0		101		0		101		0		101		101		0		101		101		101		101		101		0		101		0		0		0		0		0		0		101		0		0		0		0		101		101		101		0		101		101		101		0		0		101		0		0		101		101		0		0		101		101		0		101		0		0		101		101		0		0		0		101		101		101		0		0		101		0		101		101		0		0		0		0		101		101		0		101		0		0		0		101		0		101		101		101		101		101		101		101		0		0		0		101		101		
101		0		0		0		0		0		101		101		0		0		0		101		0		101		0		101		0		101		0		0		0		0		101		0		101		101		101		101		0		0		101		0		0		0		101		101		101		101		101		101		0		101		0		101		0		0		0		101		101		0		0		0		0		0		0		0		101		101		101		0		0		101		0		101		101		101		0		0		101		0		101		0		0		0		101		101		101		0		101		0		0		101		101		101		0		101		101		101		0		0		101		0		101		101		0		101		0		101		0		0		
0		101		0		0		101		0		101		0		101		101		0		101		0		101		101		0		0		0		101		101		0		0		101		101		0		0		101		0		0		0		101		101		101		0		101		0		101		0		101		101		0		101		0		0		101		0		0		0		0		101		0		101		0		101		101		101		101		101		0		0		0		0		101		0		0		0		101		101		101		0		0		101		0		101		101		101		0		101		101		101		101		101		0		0		101		101		101		101		0		0		101		101		0		0		101		0		101		0		0		101		
101		0		101		0		101		0		101		0		101		101		0		0		101		101		0		0		101		101		0		0		0		101		0		0		0		0		0		0		0		101		0		101		101		0		101		0		0		101		0		101		101		101		0		0		101		101		0		101		101		0		101		0		101		101		0		101		0		101		101		101		0		0		101		101		101		101		101		0		101		101		101		0		101		101		101		101		101		0		0		0		101		101		101		0		101		0		101		0		101		101		101		101		101		101		101		0		101		0		0		101		
101		101		0		0		101		0		101		0		0		0		101		0		101		101		101		0		101		0		101		101		101		101		0		101		0		101		101		0		0		101		101		0		0		0		0		0		101		101		101		101		0		0		101		0		0		101		0		0		0		0		101		0		101		0		101		101		101		0		0		0		101		0		0		0		101		101		101		0		0		101		101		0		0		101		101		0		101		101		101		101		0		0		101		0		0		101		0		0		0		0		101		0		0		101		101		0		0		101		0		0		
101		0		101		0		0		0		0		101		101		0		0		101		101		0		0		0		0		0		0		101		0		0		101		0		101		101		0		0		0		101		101		0		101		0		0		101		101		0		0		0		0		101		101		101		0		0		101		101		101		101		101		101		0		0		0		101		101		0		0		0		101		0		101		0		0		101		0		101		101		0		101		101		101		0		101		0		0		101		101		0		101		0		0		0		101		0		0		0		0		101		101		0		0		0		0		0		101		101		101		101		
0		0		0		101		101		0		101		0		0		101		101		101		101		0		0		0		0		0		101		0		0		0		0		101		101		0		0		101		101		101		0		101		101		101		101		101		101		101		101		101		0		101		101		101		0		0		101		101		101		101		101		101		101		101		101		101		0		101		0		101		101		0		101		0		0		101		0		0		101		101		0		0		0		101		101		101		0		101		0		101		0		0		101		0		0		101		101		0		101		0		0		0		0		101		101		101		101		0		0		101		
0		101		0		101		101		0		0		101		101		101		101		0		0		101		101		101		0		101		0		0		101		101		0		101		101		101		101		101		101		0		101		101		0		101		0		0		101		101		0		0		0		101		101		101		101		0		0		0		101		101		101		0		101		0		0		0		101		0		0		0		101		0		0		0		101		0		0		0		0		101		101		101		101		0		0		0		0		0		101		101		0		0		0		0		0		0		101		101		0		0		101		0		0		101		101		0		0		0		0		0		
101		101		101		101		101		0		101		0		101		0		101		0		0		101		101		101		0		0		101		101		0		0		0		101		101		101		101		101		101		0		101		0		0		101		101		0		0		0		0		101		0		0		0		0		101		0		0		0		0		0		101		0		0		101		0		101		0		101		101		0		101		101		0		101		0		0		0		101		101		0		101		0		0		101		0		0		0		0		0		101		101		0		101		101		101		0		101		101		0		0		0		0		101		0		0		0		101		0		101		101		
0		0		0		101		0		0		0		101		0		0		0		0		0		101		101		101		101		101		0		0		101		0		101		101		101		101		101		101		0		0		0		0		101		0		0		101		101		0		101		101		0		0		101		0		0		101		101		0		101		101		101		0		101		0		0		0		101		0		0		101		101		101		0		0		101		101		0		0		101		0		101		101		0		101		101		101		101		0		101		0		0		101		101		101		101		101		0		0		0		0		0		0		0		0		0		0		101		0		101		0		
101		101		0		101		101		0		101		0		0		101		101		0		0		0		0		101		101		0		101		0		101		101		101		0		0		0		0		0		101		0		0		101		101		0		101		0		101		0		101		101		0		101		0		101		0		101		101		0		101		101		101		101		0		101		0		0		101		0		101		0		0		101		0		0		101		101		0		101		0		101		101		0		0		0		101		0		0		101		0		101		101		101		0		101		101		101		0		0		0		101		0		0		101		0		101		0		101		0		101		0		
0		101		0		101		0		0		0		101		0		101		0		0		0		101		0		101		0		101		101		0		101		101		101		0		0		0		0		101		0		101		0		0		101		101		0		101		101		101		0		0		0		0		101		101		0		101		101		0		0		101		101		0		101		0		0		101		0		101		0		101		101		0		0		0		101		101		0		0		101		0		101		0		101		0		101		0		0		0		101		0		101		0		0		101		101		101		101		0		101		0		0		101		0		0		0		0		101		0		101		101		
101		0		0		101		0		0		101		0		101		0		101		0		101		0		101		0		101		101		101		0		101		0		0		101		0		101		101		0		101		101		0		101		0		0		101		0		0		101		0		101		101		101		101		0		101		0		0		0		0		101		101		101		101		101		101		101		101		0		0		0		0		0		0		101		0		101		0		0		0		101		101		0		0		101		101		101		0		0		0		0		0		0		0		101		101		101		101		0		0		0		101		0		0		101		0		0		101		101		101		0		
0		101		101		101		0		0		101		0		101		0		101		101		0		0		101		0		0		0		0		101		101		101		0		0		0		101		101		101		101		0		0		101		101		0		0		0		0		101		0		101		0		101		101		0		101		101		101		0		0		0		101		101		101		101		101		0		0		0		0		0		0		0		0		0		0		0		0		101		101		101		0		101		0		101		101		0		101		0		0		101		101		0		0		101		0		0		101		0		0		101		0		0		0		101		101		101		0		101		0		101		
0		101		101		0		101		101		0		0		0		0		101		0		0		101		0		101		101		101		101		101		101		101		101		0		0		0		0		0		0		0		0		101		0		101		0		101		101		0		101		0		0		101		0		101		101		0		101		101		0		101		101		0		0		101		101		0		101		0		101		0		101		0		101		101		101		0		101		101		101		0		101		101		0		101		101		0		0		0		0		101		0		0		0		0		0		101		101		0		0		101		101		101		0		101		101		101		0		101		101		101		
101		0		101		0		0		0		101		0		0		101		101		0		0		101		0		0		101		101		0		101		101		101		0		0		0		101		101		0		101		101		101		101		101		0		101		0		0		0		0		101		101		101		0		0		0		0		0		0		0		0		101		101		0		0		101		101		0		0		0		0		101		101		101		0		101		101		101		0		0		0		0		0		0		101		101		101		0		101		0		0		101		101		0		101		101		101		0		0		101		101		0		0		0		0		101		101		0		0		0		0		
0		0		0		101		101		0		101		101		101		0		0		101		0		0		0		101		101		101		0		0		101		0		101		101		0		101		0		0		0		101		101		101		101		101		0		101		101		0		0		101		0		101		0		101		0		0		0		101		101		101		101		101		0		0		0		101		101		0		0		0		101		0		101		0		101		0		101		0		0		101		0		101		101		101		101		0		101		101		0		0		0		0		0		101		101		101		101		0		101		0		101		101		0		0		0		0		101		0		101		101		
101		0		101		101		0		101		101		0		101		0		101		0		101		101		101		101		0		0		101		0		0		0		101		101		0		101		0		0		101		101		101		0		101		0		0		101		101		0		0		101		0		0		101		0		0		101		0		101		0		0		101		101		0		101		101		0		101		0		0		101		101		0		101		0		101		0		0		101		0		101		0		101		0		0		101		0		101		0		0		101		0		101		0		101		101		101		0		0		0		101		0		0		101		101		101		0		0		0		101		101		
0		0		101		0		101		101		101		101		0		0		0		101		101		101		101		101		0		0		0		0		0		0		0		0		101		0		0		101		101		101		101		101		101		101		0		0		0		101		101		0		101		101		0		101		0		0		101		101		101		0		0		0		0		0		101		101		0		101		0		101		0		0		0		101		0		101		0		101		0		101		0		101		0		0		0		0		101		101		0		101		101		101		0		101		0		101		0		0		0		101		0		0		101		101		101		101		101		101		101		0		
101		0		101		0		101		101		101		101		0		0		101		101		0		101		101		101		0		0		101		101		0		101		101		101		0		101		0		101		0		101		0		0		101		101		0		0		101		101		0		101		0		101		101		0		101		101		101		101		0		101		0		101		0		0		101		0		0		0		101		101		0		0		101		0		101		101		0		0		101		0		101		101		101		101		101		0		0		101		101		101		101		0		0		101		0		0		101		101		101		0		101		0		0		101		0		101		0		101		101		0		
101		101		0		101		101		0		0		101		101		0		101		0		0		101		101		101		0		0		101		101		0		101		0		0		0		0		101		101		0		101		101		101		0		0		101		101		0		0		101		0		101		101		0		0		0		0		101		101		101		0		0		101		101		101		0		101		0		101		101		101		101		101		0		0		0		101		101		101		0		0		101		0		101		101		101		0		101		101		101		101		0		101		0		0		0		0		0		0		101		0		0		101		101		101		101		101		101		101		101		0		
0		0		0		101		0		101		101		101		0		0		0		0		101		101		101		101		0		101		0		101		0		0		0		0		101		101		101		101		101		101		0		0		0		101		0		0		0		101		101		0		101		0		0		101		0		0		101		101		101		101		101		0		101		101		101		0		101		0		101		0		101		0		101		101		0		0		101		101		0		0		101		101		0		101		0		0		0		101		101		101		101		0		0		101		0		101		0		0		101		0		101		101		101		101		0		101		101		0		101		0		
0		101		0		0		0		101		0		0		0		0		0		0		101		101		101		0		101		0		101		101		0		101		0		101		101		0		0		101		101		101		101		101		0		101		101		0		0		101		0		0		0		101		101		0		0		0		101		0		101		0		101		0		0		101		101		0		101		0		101		0		101		0		0		101		0		101		101		101		101		101		101		0		0		101		0		101		101		101		0		0		0		101		101		101		0		0		0		101		101		0		101		0		0		0		101		101		0		0		0		0		
0		101		0		0		0		0		0		0		0		101		101		101		101		0		0		0		0		101		101		0		0		101		101		101		101		101		101		101		101		101		101		101		0		101		0		101		101		101		0		0		101		0		101		0		101		101		0		0		0		0		101		0		0		101		0		0		0		0		0		0		0		101		101		101		0		101		101		0		101		101		0		0		101		0		0		101		101		0		101		101		0		101		0		101		101		101		101		101		101		0		0		0		0		0		101		101		0		0		0		0		
101		0		101		0		101		0		0		101		101		0		101		101		0		101		101		0		0		0		0		0		0		101		101		101		101		0		101		0		101		101		101		0		0		0		0		101		0		101		0		0		0		0		0		0		0		0		0		101		101		101		0		0		0		0		101		0		0		101		101		0		101		0		0		0		101		101		101		0		101		0		101		0		101		101		101		101		101		0		101		101		101		0		0		101		0		101		101		0		101		0		101		101		101		0		101		101		0		0		0		0		
101		0		0		101		0		0		0		0		101		101		0		0		101		101		0		0		101		0		101		101		101		101		101		0		101		0		101		0		101		101		0		101		101		0		0		101		0		101		101		101		101		101		101		101		0		0		0		101		0		0		101		101		0		0		101		0		0		0		0		0		101		0		0		101		101		0		101		101		0		0		101		101		101		101		0		101		0		0		101		101		101		101		101		101		101		101		101		0		0		0		101		0		101		101		0		0		0		0		101		0		
0		0		0		0		0		0		0		0		101		101		0		101		101		0		0		101		101		101		0		101		0		101		101		101		101		101		0		0		0		0		0		101		101		101		101		0		0		101		0		0		101		101		101		0		0		101		101		0		0		0		101		0		0		0		101		0		101		0		101		0		101		101		101		101		0		101		0		0		0		0		101		101		0		101		0		0		0		101		0		0		101		101		0		101		0		0		101		0		101		0		0		0		0		0		101		101		101		101		101		0		
101		101		0		0		0		101		0		0		0		0		0		0		101		101		101		0		0		101		0		0		101		0		101		0		101		101		0		101		101		101		0		0		101		101		0		0		0		101		101		0		0		101		101		0		101		101		101		0		0		101		101		101		101		101		0		0		101		101		0		0		0		101		0		0		101		101		101		101		101		0		101		101		101		101		0		101		101		101		0		101		0		0		101		101		101		0		0		101		0		0		0		101		101		0		101		0		101		0		101		0		
101		101		101		0		0		0		101		101		101		101		0		0		101		0		101		0		101		0		101		0		0		101		0		0		0		0		101		0		101		0		0		0		101		0		101		101		0		0		0		0		0		0		101		101		101		101		101		101		101		101		0		0		0		0		101		0		0		101		0		101		0		0		0		0		101		101		101		0		101		0		101		0		0		0		0		0		101		101		101		0		101		101		101		101		0		0		0		0		101		101		101		101		0		0		0		0		0		101		0		0		
101		101		101		0		101		101		0		101		0		0		0		101		101		0		0		101		0		101		0		0		101		0		101		101		0		0		101		0		0		101		101		101		0		0		101		101		0		101		101		0		0		0		0		0		0		0		0		0		0		101		0		0		0		101		0		101		101		101		0		0		0		0		0		101		101		0		101		0		101		0		101		0		0		101		101		101		0		101		0		0		101		0		0		101		0		0		0		0		0		0		0		0		101		0		101		0		101		0		0		101		
0		0		101		0		0		101		0		101		101		0		101		101		101		101		0		101		101		101		0		0		101		0		101		101		0		101		0		0		0		101		0		0		0		0		0		0		101		101		0		101		0		0		0		0		101		101		0		0		0		0		101		101		0		101		0		0		0		0		0		101		101		0		101		0		0		101		0		0		101		101		0		0		101		101		0		0		0		0		0		0		0		0		0		0		101		0		101		101		101		101		0		0		0		0		101		101		0		101		101		0		
0		101		101		101		101		0		0		101		0		101		101		0		101		101		0		0		0		101		101		101		0		0		0		0		101		101		0		101		101		101		101		101		101		101		0		101		101		101		0		101		101		101		101		0		0		0		101		101		101		0		0		0		0		0		101		0		101		101		101		101		0		0		101		101		0		0		0		101		101		0		0		101		101		0		101		101		0		101		101		101		0		101		101		101		101		0		101		101		0		0		0		0		101		0		0		101		0		101		101		0		
0		0		101		101		0		101		0		101		101		0		101		0		101		0		0		101		101		0		0		0		101		0		0		0		101		0		101		101		0		0		0		101		0		101		0		101		0		0		101		0		0		101		0		0		101		0		101		0		0		0		101		0		0		0		0		0		101		101		101		101		101		0		101		101		101		0		101		101		101		101		101		0		0		101		101		101		101		101		0		0		0		0		0		0		0		0		0		101		101		101		0		101		101		101		101		0		0		0		0		0		
0		101		101		0		0		101		101		101		101		101		101		0		101		0		101		101		101		0		101		101		0		101		101		101		0		101		0		0		0		0		0		101		0		0		0		0		101		101		0		101		101		0		0		101		101		0		0		0		0		101		101		101		101		0		0		101		101		0		101		101		0		0		0		101		101		0		101		101		0		0		0		0		101		0		0		0		101		0		0		0		0		101		101		0		101		0		101		0		0		101		0		0		0		101		101		0		101		101		0		0		
101		101		0		0		0		101		101		0		0		101		0		0		0		0		0		0		0		0		101		0		0		101		0		0		101		0		101		101		0		101		0		101		101		0		0		0		0		101		0		101		101		101		0		101		0		101		0		101		101		0		101		101		0		101		101		101		0		0		101		101		0		0		0		0		0		0		0		0		0		0		0		0		0		0		0		101		101		101		101		101		101		101		0		0		101		0		0		0		0		101		0		101		101		101		0		101		101		101		101		101		
0		101		0		0		101		0		101		101		101		101		0		101		101		101		0		0		101		0		101		101		101		101		101		0		101		101		101		0		101		0		0		101		101		101		0		0		0		101		101		0		101		101		0		0		0		0		101		0		101		0		0		0		101		0		0		101		0		0		101		0		101		101		101		0		0		101		0		0		101		0		101		0		0		0		0		101		0		101		0		101		101		101		101		101		0		0		101		0		101		0		0		0		0		0		101		0		101		0		0		0		
101		0		0		101		0		101		0		0		0		0		101		101		101		101		0		101		0		101		101		101		0		0		0		101		0		101		0		0		101		101		0		101		101		101		101		0		0		101		0		0		0		0		101		0		0		0		0		0		0		101		0		0		0		101		0		0		101		101		0		101		101		101		0		0		0		101		101		0		0		101		0		0		0		0		101		101		101		101		101		0		0		101		0		101		0		101		101		0		0		0		0		0		0		0		101		0		0		101		0		101		
0		101		0		0		101		0		101		101		0		0		0		101		101		101		0		0		101		101		0		0		101		0		101		0		101		0		0		101		0		0		0		101		0		0		101		0		0		0		0		101		101		0		0		101		101		0		101		101		101		101		101		0		101		0		101		101		101		0		101		101		0		101		0		101		0		101		0		0		101		101		0		101		101		101		0		101		0		0		101		0		101		0		101		0		0		0		101		101		101		101		0		101		0		0		101		0		101		0		0		101		
0		0		0		101		0		101		101		0		101		101		0		0		0		101		101		0		0		0		101		101		101		0		0		0		0		101		0		0		0		101		0		0		0		101		101		0		101		0		101		101		0		0		0		101		101		0		0		101		0		101		101		101		101		0		101		0		0		101		0		0		101		101		101		101		101		0		101		0		0		101		101		0		0		101		101		0		0		0		101		101		101		0		101		0		0		101		101		101		101		101		0		101		0		101		0		0		101		101		0		0		
101		101		0		0		101		101		101		0		0		101		101		0		0		0		0		101		101		101		0		101		0		0		0		101		0		101		0		0		0		101		0		0		101		101		101		0		101		0		0		0		101		0		0		0		0		101		101		101		0		0		0		0		101		0		0		0		101		0		0		101		0		0		101		101		101		101		101		0		101		0		101		0		101		0		0		0		101		101		101		101		0		0		0		101		101		0		0		101		0		0		0		101		0		101		101		101		101		0		101		0		
0		101		101		101		101		101		0		0		0		0		0		101		101		0		0		101		101		101		0		101		101		0		0		0		101		101		101		101		101		0		0		0		101		101		101		0		0		101		101		0		0		101		0		101		0		101		101		0		0		0		101		101		0		101		0		0		101		0		0		101		101		101		101		0		101		0		101		0		101		101		0		0		0		101		0		0		101		0		101		101		0		0		0		101		101		101		101		0		0		0		0		101		0		0		101		101		101		101		0		101		
0		101		101		101		0		101		0		101		0		101		0		101		101		0		0		0		0		0		0		0		101		0		101		101		101		101		101		101		0		0		101		101		0		0		101		0		0		101		0		0		101		0		0		101		101		101		0		101		101		101		101		0		0		101		0		0		0		101		0		101		0		101		0		0		0		0		0		0		101		0		0		101		0		0		101		101		101		0		0		101		0		101		0		0		0		101		0		0		101		0		0		0		101		0		101		101		101		101		101		101		
0		101		0		101		0		101		101		101		0		101		0		101		101		101		0		101		101		0		0		0		0		0		101		0		101		0		101		101		101		0		101		0		0		0		101		0		0		101		0		0		101		101		0		101		0		0		0		101		101		0		0		101		101		101		101		0		0		0		0		101		0		0		101		101		101		101		0		101		0		0		0		101		101		101		101		0		101		101		101		101		0		101		101		0		101		0		101		0		0		0		0		0		101		0		101		0		0		0		0		101		
0		101		101		0		101		0		0		0		101		0		0		101		101		101		0		101		101		101		101		0		101		0		101		0		0		101		0		101		0		0		101		0		0		101		101		101		0		0		0		101		0		0		101		101		101		0		0		101		0		101		101		101		0		0		0		101		0		101		0		0		101		101		101		101		0		0		101		101		101		0		101		101		101		101		0		0		0		101		101		101		101		101		0		0		0		101		0		101		0		0		0		0		0		0		0		0		101		0		101		101		
101		0		101		101		0		0		0		0		0		101		101		101		101		101		101		101		101		101		101		101		101		101		101		101		0		0		0		101		101		101		0		101		101		101		0		0		101		0		101		101		101		0		0		101		101		0		101		101		0		101		101		101		0		0		101		0		101		0		101		101		0		0		101		101		101		101		0		0		0		101		0		101		0		0		0		101		0		101		101		0		0		0		0		101		101		0		0		0		0		101		0		101		0		0		101		0		0		0		0		101		
0		0		101		101		101		101		101		0		101		0		0		101		101		0		0		0		101		0		101		101		0		101		101		101		0		101		101		0		0		0		0		101		0		101		0		0		101		0		0		101		101		0		0		0		101		0		101		0		101		101		101		101		101		101		101		101		0		0		0		101		0		0		0		101		0		101		101		101		101		101		101		101		0		101		101		0		0		101		101		101		0		0		0		0		101		0		101		101		101		101		0		101		0		101		101		0		101		0		0		0		
101		0		0		0		101		101		101		0		0		101		101		0		101		101		0		101		0		101		101		101		0		0		0		0		0		0		101		101		0		0		0		0		0		101		0		0		0		0		0		101		0		101		0		101		101		101		0		0		101		0		0		101		101		101		101		0		101		101		0		0		101		101		101		0		101		101		0		101		0		0		0		0		101		0		101		0		101		0		0		101		0		101		101		0		101		0		101		101		0		101		101		101		101		101		0		101		0		101		101		101		
0		0		101		0		0		0		0		0		101		101		0		0		101		0		101		0		101		0		101		101		101		0		0		101		0		0		101		101		101		101		0		0		0		101		0		101		101		0		0		0		101		0		101		0		0		0		101		101		101		0		0		101		101		101		0		0		101		0		101		101		0		0		101		0		101		101		0		101		101		0		101		0		101		0		101		101		0		0		101		101		0		101		101		0		101		0		0		0		0		0		101		0		101		101		0		0		101		101		101		0		
0		101		0		101		101		101		0		0		101		0		101		0		101		0		0		0		0		0		101		101		101		101		0		101		101		101		0		101		101		0		101		101		101		0		101		0		0		101		0		0		101		0		0		101		101		0		0		0		101		0		101		101		101		0		101		101		0		101		101		0		0		101		101		101		101		0		0		0		101		101		0		0		0		0		0		0		101		101		0		101		101		0		101		101		101		0		101		0		0		101		101		0		0		101		101		101		101		101		0		0		
0		101		101		0		0		101		101		0		101		101		101		101		101		0		101		0		0		101		101		0		0		101		101		0		101		0		101		0		0		0		0		0		0		0		0		101		0		0		0		101		101		101		0		101		0		0		0		0		0		101		0		101		0		0		101		101		0		0		0		101		101		0		101		0		101		101		0		0		101		0		101		0		101		101		101		0		101		0		101		101		0		101		101		101		0		0		101		0		0		101		0		0		0		101		0		0		101		101		101		0		
0		0		101		101		0		101		101		101		101		0		101		101		0		101		0		101		101		0		101		0		101		0		101		101		0		0		0		101		101		0		0		0		101		101		0		101		0		101		101		101		0		0		101		101		0		101		101		0		0		0		101		0		101		101		0		0		101		0		0		0		0		0		101		101		101		101		101		101		101		101		101		101		0		0		101		0		0		0		101		101		101		0		101		101		101		0		0		101		101		101		0		101		0		101		0		101		0		101		0		0		
101		101		0		101		0		0		0		101		101		101		0		0		101		0		101		0		0		101		0		0		0		0		0		0		101		0		101		0		0		0		101		0		0		101		101		101		0		101		101		0		0		0		101		0		101		0		0		101		0		101		0		0		101		0		101		0		0		101		101		101		101		101		101		101		0		0		0		101		0		0		0		101		0		101		101		0		0		101		101		101		101		0		0		0		101		101		101		0		101		0		0		101		0		101		101		101		101		101		0		0		
0		101		101		101		0		0		101		101		0		101		0		0		0		0		101		0		101		0		0		0		101		0		0		0		0		101		101		101		101		0		101		0		101		0		0		0		0		101		101		101		101		101		0		101		0		0		0		0		0		0		101		0		0		101		101		0		0		101		101		0		101		0		101		0		0		101		101		0		101		101		101		101		101		101		101		101		101		101		101		0		101		0		101		101		101		0		0		101		101		0		0		101		0		101		101		0		0		0		101		101		
101		0		101		101		101		0		0		0		0		101		0		0		101		0		0		101		0		101		0		0		0		0		0		101		101		101		101		0		0		0		0		0		0		0		101		0		101		101		101		101		101		0		101		101		0		101		101		101		101		0		101		101		0		101		0		101		0		101		0		101		101		0		0		101		101		101		101		101		101		0		101		101		101		0		0		0		101		0		0		101		0		101		0		101		0		0		101		101		101		0		101		0		0		0		101		101		0		101		101		101		
0		0		101		101		101		101		0		0		0		0		101		101		101		101		101		101		0		101		0		0		101		101		101		101		0		0		101		101		101		0		101		101		101		0		0		0		101		0		101		0		0		101		101		0		101		0		101		0		0		101		0		0		101		0		0		101		0		101		101		101		101		0		101		101		0		0		0		0		0		0		101		0		101		0		101		0		101		101		0		0		101		0		101		101		0		0		101		0		101		101		101		0		0		0		101		101		0		101		101		101		
101		101		101		101		0		0		101		101		0		0		0		0		0		0		101		101		101		0		0		0		0		101		0		0		0		0		101		0		0		101		0		0		101		101		0		0		0		0		0		0		0		101		101		101		101		0		101		101		0		101		0		0		101		0		101		0		0		101		0		0		0		101		0		101		101		101		0		101		101		0		0		0		0		0		0		0		0		0		0		0		101		0		0		101		101		101		0		0		0		0		101		0		0		101		101		0		101		101		0		0		
0		101		101		0		0		101		101		0		101		101		0		101		101		0		0		0		0		0		0		0		101		101		101		101		0		101		0		101		0		101		0		0		101		0		0		0		101		101		101		0		0		101		0		0		101		101		101		0		101		101		101		0		101		101		101		101		101		101		101		0		101		0		101		101		0		0		0		101		101		0		101		101		101		101		0		101		101		0		101		101		0		0		0		0		101		0		0		0		0		101		0		101		101		101		0		0		101		101		0		0		
0		101		0		101		0		101		0		101		0		101		0		0		0		0		101		0		0		0		101		0		101		0		0		0		101		0		0		101		101		101		0		101		101		0		0		101		0		101		101		101		0		0		0		101		101		101		0		0		101		101		101		101		0		0		101		0		101		101		0		101		101		101		101		101		0		101		0		101		0		0		101		0		0		101		0		101		101		101		0		101		0		0		101		101		0		101		101		101		0		101		101		101		0		101		0		0		101		101		101		0		
101		0		101		0		0		0		0		101		0		101		101		0		0		101		0		101		101		101		0		0		101		101		101		101		0		101		0		0		0		0		101		101		0		101		101		101		0		0		101		101		0		0		0		0		101		101		101		0		101		0		101		0		101		101		101		101		101		0		0		101		0		101		0		0		101		0		101		0		101		0		0		101		0		0		0		101		0		0		0		101		0		0		101		0		101		101		101		101		0		0		101		101		0		101		0		0		0		101		0		101		
101		0		0		0		0		101		0		101		0		101		101		101		101		0		0		101		101		101		101		0		0		101		0		0		101		101		101		0		101		101		101		0		101		101		101		0		101		0		0		0		0		101		101		101		0		101		0		0		101		0		101		101		101		101		0		101		101		0		101		101		0		101		0		101		0		101		101		0		101		0		0		0		101		101		0		101		101		0		101		101		101		0		101		0		101		0		101		0		101		101		101		101		0		101		0		0		0		101		0		101		
101		101		0		0		0		0		101		0		101		101		101		0		0		0		0		0		0		0		0		0		101		101		101		0		0		0		101		101		101		101		101		101		0		101		101		101		0		0		101		101		0		0		101		0		101		101		101		0		0		101		0		101		0		0		0		0		101		0		101		101		0		0		0		0		101		101		101		101		101		0		101		101		101		0		101		101		101		0		101		101		0		0		101		101		0		0		0		0		0		0		0		0		101		101		0		0		0		101		0		101		
0		0		0		0		0		0		101		0		101		0		0		101		0		0		101		0		101		0		0		101		101		0		0		101		101		0		101		101		101		0		0		101		0		101		0		0		0		101		101		101		0		0		0		0		0		0		0		0		101		101		0		101		101		101		0		0		101		101		0		101		0		101		101		101		0		0		101		101		101		101		0		0		0		101		101		0		0		101		101		0		101		101		0		0		0		101		101		0		0		101		0		101		101		0		0		101		101		101		0		0		
101		101		101		101		101		0		101		101		101		101		0		101		101		0		101		101		0		101		0		101		101		0		0		0		0		101		0		0		101		101		101		0		0		101		101		101		101		101		101		0		0		101		0		101		0		101		101		101		0		101		0		101		0		101		101		101		101		0		101		101		0		101		101		0		101		101		101		101		101		0		101		0		0		101		101		101		0		0		0		0		0		101		101		101		101		0		0		101		0		0		101		0		101		101		101		101		0		0		101		0		
101		0		0		0		101		0		0		0		0		101		101		0		101		101		0		0		101		0		101		101		0		0		101		101		101		0		0		0		101		101		0		0		0		0		0		0		101		0		101		0		0		0		101		101		101		0		101		0		0		0		101		101		0		0		101		0		101		0		101		0		0		0		0		0		0		0		0		101		0		101		0		0		101		0		101		101		0		101		101		0		0		101		0		0		0		101		101		101		0		0		101		101		0		101		0		0		101		101		101		0		
101		101		0		0		0		101		0		101		0		101		101		101		0		101		101		101		101		101		101		0		101		0		0		0		0		101		101		101		101		0		101		101		101		101		101		101		0		0		101		0		0		101		0		0		101		101		0		0		0		101		0		101		0		101		0		101		101		0		101		101		101		0		101		101		0		0		101		0		101		0		101		101		101		101		101		0		0		101		0		0		0		101		101		101		101		0		0		0		101		0		0		0		101		101		101		0		101		0		0		0		
101		0		101		101		101		0		101		0		101		0		0		101		0		101		0		101		0		0		0		101		101		0		101		101		101		101		0		101		0		0		0		101		101		101		0		0		0		101		0		0		0		0		0		101		0		0		0		101		101		101		101		101		0		0		0		0		101		101		101		101		0		0		101		0		101		0		101		0		0		0		101		101		101		101		0		101		0		101		101		0		101		101		101		101		0		101		101		101		0		101		0		0		101		0		0		101		101		101		0		101		
101		0		101		0		0		0		0		0		0		101		0		101		0		101		0		0		0		101		0		0		0		0		101		0		0		101		101		0		0		101		101		101		0		101		0		0		101		101		0		101		0		0		0		101		0		101		0		0		101		101		0		0		101		101		0		101		0		0		101		101		101		0		101		0		0		101		101		0		0		101		101		101		101		0		0		0		0		0		0		101		101		0		0		101		101		101		101		101		101		101		101		101		101		0		101		101		0		101		0		0		
0		101		101		101		0		0		101		0		101		101		101		0		101		0		101		101		0		0		101		101		101		101		101		0		0		101		101		101		101		0		101		101		101		101		0		101		101		0		101		0		0		0		0		101		101		0		101		0		101		101		0		101		0		0		0		101		0		101		101		0		0		0		101		101		0		101		0		101		101		0		101		101		0		101		101		0		0		101		0		0		0		0		101		101		101		101		101		0		0		101		0		101		0		0		101		0		0		0		0		0		
101		101		101		0		0		101		101		101		101		101		101		101		101		0		0		101		101		101		101		101		101		101		101		101		0		101		101		0		0		0		101		0		0		0		0		101		0		101		101		0		0		0		101		0		101		0		0		101		101		0		0		101		101		101		0		101		101		101		101		0		101		0		0		0		0		0		101		101		101		101		101		0		0		101		101		101		101		0		101		101		101		101		101		101		0		101		101		101		101		0		101		101		0		0		0		0		0		101		0		0		
101		0		0		0		0		0		0		101		101		101		0		0		101		0		0		101		0		0		101		0		0		101		0		0		0		0		0		0		101		101		101		101		0		101		0		101		0		101		101		0		101		101		101		101		0		0		0		101		0		0		101		0		0		101		0		0		0		0		101		0		0		0		101		101		101		101		101		0		101		101		0		101		0		0		101		101		0		0		0		101		101		101		0		0		0		0		0		101		0		101		0		101		101		101		101		101		0		0		0		101		
101		0		101		0		0		101		0		101		0		101		101		0		0		0		0		101		0		0		0		101		0		0		101		101		101		0		101		0		101		101		101		0		0		101		101		0		0		0		101		101		101		0		101		0		0		101		101		101		101		0		0		0		101		0		101		101		0		0		101		101		101		0		101		101		0		101		101		0		0		0		0		0		0		0		101		0		101		0		0		0		0		0		101		101		0		0		0		0		0		101		0		0		101		101		101		0		101		101		0		0		
101		0		0		101		101		0		0		0		101		0		101		101		101		0		0		0		101		0		0		0		0		101		101		0		101		101		101		101		101		0		0		0		101		101		101		101		0		101		101		0		101		101		101		0		0		101		0		0		101		101		101		101		0		0		101		0		0		101		101		0		101		0		0		101		0		0		0		101		0		101		101		101		0		101		0		0		0		101		101		101		0		0		0		101		0		101		0		0		0		101		0		0		0		101		101		101		0		101		0		101		
0		101		101		0		0		0		0		101		101		0		101		101		0		101		0		101		0		101		0		0		0		0		0		0		0		101		101		101		0		101		101		101		0		0		101		0		0		101		0		0		101		0		101		101		101		101		101		0		101		101		101		101		0		101		0		101		101		101		101		0		0		0		101		0		0		101		101		101		0		101		0		101		0		0		101		0		0		101		101		101		0		0		101		0		0		0		101		0		0		0		101		101		101		101		0		101		0		101		0		0		
101		101		0		101		0		101		101		0		101		0		101		0		101		101		101		0		101		0		0		101		101		0		0		101		101		101		101		101		0		101		101		101		0		101		0		0		0		101		0		0		101		101		0		0		101		101		101		101		101		101		0		101		101		101		101		101		101		101		0		101		0		0		101		101		101		101		101		0		0		0		0		0		101		0		101		101		0		101		101		101		101		0		101		101		0		101		0		0		101		0		0		0		0		0		0		0		0		101		101		0		
0		0		0		0		101		101		101		0		101		101		0		101		0		0		101		0		101		101		0		101		0		101		0		0		101		101		0		101		0		0		101		101		101		0		101		101		0		0		0		0		101		101		0		101		101		0		0		0		0		101		0		0		0		0		101		0		101		101		101		0		101		101		0		0		0		101		0		101		0		0		0		101		101		0		101		101		0		0		0		101		101		0		101		101		101		101		0		101		101		101		101		0		0		0		101		101		101		0		101		0		
101		0		0		0		101		0		0		101		101		101		0		0		0		0		0		101		101		0		0		0		0		101		0		101		101		0		101		0		101		101		0		101		101		0		101		0		0		101		0		101		101		101		101		0		0		0		0		101		101		101		0		0		101		101		0		101		0		0		0		101		0		0		0		0		0		0		0		101		101		101		101		101		0		0		101		101		0		0		0		0		0		101		0		101		0		0		0		101		101		101		0		0		0		0		101		0		101		101		101		101		
0		0		101		101		0		0		101		101		0		101		101		0		101		0		101		101		0		0		0		0		0		0		0		0		0		0		0		0		101		0		0		101		0		101		101		0		0		101		0		101		0		101		0		101		101		0		0		0		101		0		0		0		101		101		101		101		101		0		101		0		101		0		0		101		101		101		101		0		101		0		101		101		0		101		101		0		101		0		101		101		101		0		101		101		101		0		101		101		101		0		0		101		101		0		0		0		101		0		0		101		
0		101		0		0		101		0		0		101		0		0		0		0		0		0		101		101		101		101		101		101		0		101		101		101		101		101		0		101		101		101		101		101		101		101		101		101		0		101		0		0		0		101		101		0		0		101		101		0		0		0		101		0		0		0		101		101		101		0		101		101		101		101		0		101		0		0		101		0		101		0		101		101		101		101		101		0		101		101		0		101		101		101		101		101		0		0		101		0		101		0		0		0		101		101		0		101		0		101		101		101		
0		101		101		101		0		101		0		0		101		101		0		101		0		0		101		101		101		101		101		0		0		101		101		101		0		0		0		0		0		101		0		101		0		101		0		0		101		101		0		101		101		0		0		0		0		101		101		0		101		0		101		101		101		101		101		0		101		101		101		0		0		101		101		0		101		101		0		0		101		0		101		0		101		101		0		0		0		0		0		0		101		0		101		0		101		101		0		0		101		101		101		101		101		101		0		0		0		0		0		101		
0		0		0		101		0		0		0		101		101		0		101		0		101		0		0		101		101		101		101		0		101		101		101		101		101		0		0		101		0		101		101		101		0		0		0		0		0		0		0		0		0		0		101		0		101		0		101		101		0		101		0		0		0		0		0		0		0		101		0		0		0		101		0		101		101		0		0		101		0		101		0		101		101		101		101		0		0		101		0		101		101		0		0		0		101		101		101		101		0		0		0		0		0		0		101		101		101		0		0		0		
0		0		0		101		0		0		101		101		101		101		0		0		101		101		101		0		0		101		101		101		101		0		101		0		0		101		0		0		0		101		101		101		101		0		0		0		101		101		0		101		0		101		101		101		101		0		101		0		101		0		0		101		101		0		101		101		0		101		0		101		101		0		0		101		101		101		0		101		0		101		0		101		101		101		101		0		0		0		101		0		0		0		101		101		0		101		101		101		101		0		101		0		0		101		101		0		101		101		101		0		
101		0		101		101		101		101		0		101		101		0		0		0		0		101		101		0		0		0		0		0		0		0		0		0		0		101		0		0		101		101		0		0		0		101		0		0		101		101		101		0		0		0		0		101		101		101		0		0		0		101		0		101		101		0		0		0		101		0		101		101		0		0		0		101		101		0		0		0		101		101		0		101		101		0		101		101		0		0		0		0		101		101		101		0		0		101		101		101		0		101		0		0		101		101		0		101		101		0		0		0		
101		101		101		101		0		0		101		0		0		101		0		0		101		0		0		0		0		101		0		0		0		101		101		0		0		101		101		101		101		101		101		0		101		0		101		0		101		0		101		0		0		101		0		101		101		0		0		101		0		0		0		101		0		0		0		0		101		101		101		101		101		0		0		0		0		101		0		0		0		0		101		0		101		0		101		0		0		0		0		101		101		101		101		101		101		0		101		0		101		101		0		101		101		101		0		101		101		0		0		101		
0		0		101		0		101		101		101		0		0		101		0		101		0		0		0		0		101		0		0		101		101		101		0		101		101		0		0		0		0		0		0		0		0		0		101		0		101		0		101		101		101		0		0		101		101		0		0		0		0		0		101		101		101		0		101		101		101		0		0		0		101		0		101		101		0		101		0		101		0		0		0		101		101		101		0		101		101		101		0		0		101		101		0		0		101		0		0		101		101		101		101		101		101		101		101		0		0		101		101		0		
0		101		101		0		0		0		101		101		101		101		101		101		0		101		0		0		0		0		101		0		101		0		101		0		0		101		0		101		101		0		101		101		0		0		101		0		0		0		0		0		0		0		0		0		0		0		0		0		0		0		0		0		101		101		101		0		0		0		0		101		101		101		0		101		101		101		0		0		101		101		0		0		101		0		101		0		0		0		101		0		101		0		0		0		101		0		101		0		0		101		101		0		101		0		101		0		0		0		0		101		
0		0		101		101		0		0		101		0		101		101		0		0		0		0		0		0		0		101		0		0		101		0		101		0		0		0		101		101		0		0		101		0		0		101		101		0		0		0		101		0		101		0		0		101		101		101		101		0		0		0		101		101		101		0		0		0		101		101		101		0		0		0		101		101		101		101		0		101		0		101		0		0		101		101		101		101		0		0		101		0		0		0		101		0		101		0		0		0		101		101		0		101		0		0		0		101		0		101		0		101		
101		101		101		101		0		0		101		101		0		101		0		0		0		0		101		0		101		0		0		0		0		0		0		101		101		0		101		101		0		0		101		101		0		101		0		101		0		101		101		0		101		0		0		0		0		0		0		101		101		0		0		0		101		101		0		0		0		0		0		0		0		0		101		0		0		0		101		101		101		0		101		101		101		0		0		101		101		0		101		0		0		0		101		101		101		0		0		101		101		101		101		0		101		101		101		0		101		0		101		0		
0		0		0		0		101		101		101		101		0		101		101		0		101		101		0		0		0		0		101		101		101		0		0		101		101		101		101		101		0		0		0		101		0		0		0		0		0		0		101		101		101		0		0		0		101		101		0		0		0		0		0		101		101		101		101		101		101		101		101		0		0		101		101		101		101		101		101		0		101		101		101		0		0		0		0		101		101		101		101		0		0		0		0		101		101		0		101		101		101		101		0		0		101		101		0		0		101		101		101		101		
101		0		101		101		101		101		101		0		101		101		101		0		101		101		0		0		101		0		0		101		101		101		0		101		101		0		101		0		101		101		101		0		101		101		0		101		101		0		101		101		0		101		101		101		0		101		101		101		101		0		101		101		0		0		101		0		0		101		101		101		101		101		0		0		0		0		0		0		101		0		101		0		101		101		0		101		101		101		0		0		101		101		0		0		0		101		101		0		0		101		101		0		101		0		101		0		0		101		0		101		
101		0		0		101		101		101		0		101		0		0		0		0		101		0		0		0		0		0		0		101		101		101		0		0		101		101		101		101		101		101		101		0		101		0		0		0		101		101		0		0		101		0		0		0		0		101		101		101		0		0		0		0		101		0		101		0		101		101		0		101		101		0		0		0		0		0		0		101		101		0		0		101		101		0		0		101		0		101		101		0		101		0		0		101		0		101		0		101		101		0		0		101		0		0		0		101		101		0		101		0		
0		0		0		0		101		101		0		0		101		101		0		101		101		0		101		101		101		101		101		0		0		0		101		0		101		0		101		101		0		0		0		0		101		101		0		101		0		0		0		101		101		101		0		101		101		101		101		101		0		101		0		101		0		101		101		101		0		101		0		0		0		101		101		101		0		0		0		101		0		101		101		101		0		0		0		0		101		0		0		0		101		101		101		0		0		101		101		101		101		0		0		0		101		101		0		101		101		0		0		0		
0		101		101		101		0		0		0		101		0		0		101		101		0		0		0		0		0		0		101		101		101		0		0		0		101		101		101		0		0		0		0		0		101		0		101		0		101		101		0		101		101		0		101		0		101		0		101		101		0		0		0		0		101		101		101		101		101		101		0		101		101		101		101		101		101		101		101		101		0		101		0		101		101		0		101		0		101		101		101		101		0		101		0		101		0		0		101		0		0		101		0		101		0		101		101		0		0		101		0		0		
0		101		101		0		101		101		101		0		0		0		0		101		0		0		101		101		101		101		101		0		101		0		101		101		101		101		101		101		0		0		0		101		101		101		0		0		101		101		0		0		101		0		0		0		0		101		0		101		0		101		0		0		101		101		0		101		0		0		101		101		101		0		0		101		0		0		0		0		101		101		0		0		0		0		0		0		0		0		0		101		101		101		0		101		0		0		101		0		0		101		0		0		101		101		0		101		0		0		101		101		
0		0		0		101		0		101		101		0		101		101		0		101		101		0		101		0		0		101		0		101		101		0		101		101		0		0		0		0		0		0		0		0		0		0		0		101		0		0		0		0		101		0		101		101		0		0		101		101		101		101		101		0		101		0		0		0		0		0		101		101		101		0		0		0		101		101		101		0		0		0		0		101		0		0		0		101		0		101		0		0		0		101		101		101		101		0		0		0		101		0		101		101		0		101		101		0		0		0		101		101		
NDC Pairs
< 1		2 >
< 1		3 >
< 1		5 >
< 1		8 >
< 1		10 >
< 1		11 >
< 1		12 >
< 1		15 >
< 1		17 >
< 1		19 >
< 1		22 >
< 1		24 >
< 1		26 >
< 1		27 >
< 1		31 >
< 1		32 >
< 1		34 >
< 1		35 >
< 1		36 >
< 1		41 >
< 1		43 >
< 1		46 >
< 1		51 >
< 1		53 >
< 1		58 >
< 1		60 >
< 1		62 >
< 1		65 >
< 1		66 >
< 1		67 >
< 1		69 >
< 1		70 >
< 1		71 >
< 1		72 >
< 1		73 >
< 1		75 >
< 1		76 >
< 1		77 >
< 1		78 >
< 1		80 >
< 1		82 >
< 1		88 >
< 1		89 >
< 1		93 >
< 1		95 >
< 1		96 >
< 2		4 >
< 2		6 >
< 2		7 >
< 2		9 >
< 2		11 >
< 2		14 >
< 2		15 >
< 2		17 >
< 2		18 >
< 2		20 >
< 2		21 >
< 2		27 >
< 2		29 >
< 2		30 >
< 2		34 >
< 2		35 >
< 2		36 >
< 2		38 >
< 2		40 >
< 2		41 >
< 2		42 >
< 2		44 >
< 2		46 >
< 2		47 >
< 2		48 >
< 2		49 >
< 2		50 >
< 2		55 >
< 2		56 >
< 2		58 >
< 2		59 >
< 2		62 >
< 2		63 >
< 2		64 >
< 2		67 >
< 2		69 >
< 2		71 >
< 2		74 >
< 2		75 >
< 2		79 >
< 2		80 >
< 2		84 >
< 2		85 >
< 2		89 >
< 2		91 >
< 2		93 >
< 2		98 >
< 2		99 >
< 3		4 >
< 3		7 >
< 3		10 >
< 3		12 >
< 3		15 >
< 3		20 >
< 3		21 >
< 3		22 >
< 3		24 >
< 3		25 >
< 3		26 >
< 3		31 >
< 3		35 >
< 3		36 >
< 3		37 >
< 3		38 >
< 3		39 >
< 3		40 >
< 3		47 >
< 3		48 >
< 3		50 >
< 3		51 >
< 3		52 >
< 3		54 >
< 3		56 >
< 3		57 >
< 3		59 >
< 3		60 >
< 3		61 >
< 3		62 >
< 3		63 >
< 3		65 >
< 3		69 >
< 3		72 >
< 3		73 >
< 3		74 >
< 3		75 >
< 3		77 >
< 3		79 >
< 3		83 >
< 3		85 >
< 3		88 >
< 3		89 >
< 3		90 >
< 3		91 >
< 3		92 >
< 3		93 >
< 3		95 >
< 3		98 >
< 3		99 >
< 4		5 >
< 4		13 >
< 4		14 >
< 4		15 >
< 4		16 >
< 4		17 >
< 4		18 >
< 4		19 >
< 4		20 >
< 4		23 >
< 4		24 >
< 4		27 >
< 4		28 >
< 4		32 >
< 4		38 >
< 4		39 >
< 4		43 >
< 4		45 >
< 4		47 >
< 4		48 >
< 4		49 >
< 4		51 >
< 4		52 >
< 4		55 >
< 4		57 >
< 4		58 >
< 4		59 >
< 4		60 >
< 4		61 >
< 4		62 >
< 4		64 >
< 4		69 >
< 4		72 >
< 4		74 >
< 4		78 >
< 4		80 >
< 4		83 >
< 4		85 >
< 4		86 >
< 4		87 >
< 4		88 >
< 4		89 >
< 4		92 >
< 4		93 >
< 4		95 >
< 4		96 >
< 4		98 >
< 4		100 >
< 5		9 >
< 5		10 >
< 5		11 >
< 5		13 >
< 5		14 >
< 5		15 >
< 5		17 >
< 5		21 >
< 5		23 >
< 5		25 >
< 5		26 >
< 5		27 >
< 5		31 >
< 5		36 >
< 5		38 >
< 5		42 >
< 5		44 >
< 5		46 >
< 5		47 >
< 5		50 >
< 5		52 >
< 5		53 >
< 5		55 >
< 5		60 >
< 5		61 >
< 5		69 >
< 5		70 >
< 5		72 >
< 5		78 >
< 5		81 >
< 5		82 >
< 5		84 >
< 5		88 >
< 5		90 >
< 5		94 >
< 5		95 >
< 5		96 >
< 5		97 >
< 5		99 >
< 6		7 >
< 6		21 >
< 6		24 >
< 6		25 >
< 6		26 >
< 6		28 >
< 6		29 >
< 6		34 >
< 6		36 >
< 6		37 >
< 6		39 >
< 6		40 >
< 6		41 >
< 6		43 >
< 6		45 >
< 6		46 >
< 6		47 >
< 6		48 >
< 6		49 >
< 6		52 >
< 6		53 >
< 6		55 >
< 6		56 >
< 6		57 >
< 6		61 >
< 6		63 >
< 6		64 >
< 6		66 >
< 6		71 >
< 6		75 >
< 6		77 >
< 6		80 >
< 6		81 >
< 6		85 >
< 6		88 >
< 6		90 >
< 6		94 >
< 6		95 >
< 6		96 >
< 6		97 >
< 6		99 >
< 6		100 >
< 7		8 >
< 7		9 >
< 7		10 >
< 7		11 >
< 7		13 >
< 7		15 >
< 7		17 >
< 7		19 >
< 7		20 >
< 7		22 >
< 7		23 >
< 7		24 >
< 7		25 >
< 7		26 >
< 7		28 >
< 7		35 >
< 7		40 >
< 7		41 >
< 7		42 >
< 7		44 >
< 7		45 >
< 7		46 >
< 7		49 >
< 7		52 >
< 7		53 >
< 7		56 >
< 7		57 >
< 7		59 >
< 7		62 >
< 7		63 >
< 7		67 >
< 7		68 >
< 7		69 >
< 7		72 >
< 7		74 >
< 7		75 >
< 7		80 >
< 7		81 >
< 7		83 >
< 7		87 >
< 7		89 >
< 7		90 >
< 7		91 >
< 7		92 >
< 7		93 >
< 7		94 >
< 7		95 >
< 7		99 >
< 7		100 >
< 8		12 >
< 8		14 >
< 8		16 >
< 8		18 >
< 8		23 >
< 8		25 >
< 8		26 >
< 8		27 >
< 8		28 >
< 8		31 >
< 8		35 >
< 8		36 >
< 8		37 >
< 8		38 >
< 8		39 >
< 8		40 >
< 8		42 >
< 8		44 >
< 8		48 >
< 8		49 >
< 8		57 >
< 8		58 >
< 8		59 >
< 8		62 >
< 8		64 >
< 8		65 >
< 8		66 >
< 8		69 >
< 8		71 >
< 8		75 >
< 8		76 >
< 8		77 >
< 8		79 >
< 8		82 >
< 8		83 >
< 8		84 >
< 8		86 >
< 8		87 >
< 8		88 >
< 8		91 >
< 8		93 >
< 8		94 >
< 8		96 >
< 8		98 >
< 9		10 >
< 9		12 >
< 9		14 >
< 9		15 >
< 9		19 >
< 9		20 >
< 9		23 >
< 9		24 >
< 9		27 >
< 9		31 >
< 9		32 >
< 9		33 >
< 9		35 >
< 9		37 >
< 9		39 >
< 9		40 >
< 9		42 >
< 9		45 >
< 9		50 >
< 9		52 >
< 9		54 >
< 9		55 >
< 9		56 >
< 9		57 >
< 9		58 >
< 9		63 >
< 9		67 >
< 9		68 >
< 9		69 >
< 9		72 >
< 9		74 >
< 9		75 >
< 9		76 >
< 9		78 >
< 9		79 >
< 9		80 >
< 9		81 >
< 9		82 >
< 9		85 >
< 9		86 >
< 9		87 >
< 9		88 >
< 9		91 >
< 9		92 >
< 9		95 >
< 9		97 >
< 9		100 >
< 10		13 >
< 10		14 >
< 10		17 >
< 10		18 >
< 10		22 >
< 10		30 >
< 10		32 >
< 10		33 >
< 10		35 >
< 10		38 >
< 10		40 >
< 10		41 >
< 10		42 >
< 10		45 >
< 10		46 >
< 10		48 >
< 10		49 >
< 10		51 >
< 10		53 >
< 10		54 >
< 10		56 >
< 10		58 >
< 10		59 >
< 10		60 >
< 10		63 >
< 10		64 >
< 10		65 >
< 10		66 >
< 10		67 >
< 10		69 >
< 10		70 >
< 10		71 >
< 10		73 >
< 10		74 >
< 10		75 >
< 10		76 >
< 10		77 >
< 10		81 >
< 10		82 >
< 10		83 >
< 10		85 >
< 10		87 >
< 10		89 >
< 10		90 >
< 10		91 >
< 10		92 >
< 10		93 >
< 10		94 >
< 10		95 >
< 10		97 >
< 10		100 >
< 11		13 >
< 11		14 >
< 11		15 >
< 11		17 >
< 11		19 >
< 11		20 >
< 11		21 >
< 11		22 >
< 11		24 >
< 11		26 >
< 11		27 >
< 11		30 >
< 11		31 >
< 11		37 >
< 11		38 >
< 11		39 >
< 11		40 >
< 11		43 >
< 11		46 >
< 11		51 >
< 11		53 >
< 11		55 >
< 11		56 >
< 11		57 >
< 11		61 >
< 11		65 >
< 11		66 >
< 11		67 >
< 11		70 >
< 11		71 >
< 11		74 >
< 11		75 >
< 11		77 >
< 11		78 >
< 11		79 >
< 11		80 >
< 11		83 >
< 11		86 >
< 11		91 >
< 11		94 >
< 11		95 >
< 11		98 >
< 12		13 >
< 12		20 >
< 12		23 >
< 12		25 >
< 12		26 >
< 12		30 >
< 12		31 >
< 12		33 >
< 12		36 >
< 12		37 >
< 12		42 >
< 12		43 >
< 12		44 >
< 12		47 >
< 12		48 >
< 12		49 >
< 12		50 >
< 12		51 >
< 12		52 >
< 12		56 >
< 12		57 >
< 12		61 >
< 12		63 >
< 12		66 >
< 12		68 >
< 12		69 >
< 12		71 >
< 12		72 >
< 12		73 >
< 12		75 >
< 12		78 >
< 12		79 >
< 12		81 >
< 12		85 >
< 12		90 >
< 12		91 >
< 12		97 >
< 12		98 >
< 12		99 >
< 12		100 >
< 13		19 >
< 13		24 >
< 13		25 >
< 13		28 >
< 13		29 >
< 13		30 >
< 13		32 >
< 13		33 >
< 13		34 >
< 13		35 >
< 13		36 >
< 13		37 >
< 13		38 >
< 13		39 >
< 13		40 >
< 13		42 >
< 13		43 >
< 13		44 >
< 13		47 >
< 13		48 >
< 13		49 >
< 13		50 >
< 13		51 >
< 13		52 >
< 13		53 >
< 13		54 >
< 13		55 >
< 13		56 >
< 13		58 >
< 13		60 >
< 13		61 >
< 13		63 >
< 13		66 >
< 13		69 >
< 13		70 >
< 13		74 >
< 13		75 >
< 13		76 >
< 13		78 >
< 13		80 >
< 13		83 >
< 13		86 >
< 13		87 >
< 13		89 >
< 13		94 >
< 13		95 >
< 13		96 >
< 13		97 >
< 13		100 >
< 14		15 >
< 14		16 >
< 14		18 >
< 14		21 >
< 14		22 >
< 14		24 >
< 14		25 >
< 14		26 >
< 14		27 >
< 14		28 >
< 14		29 >
< 14		31 >
< 14		32 >
< 14		34 >
< 14		37 >
< 14		38 >
< 14		42 >
< 14		43 >
< 14		44 >
< 14		45 >
< 14		49 >
< 14		50 >
< 14		51 >
< 14		53 >
< 14		57 >
< 14		61 >
< 14		65 >
< 14		70 >
< 14		71 >
< 14		72 >
< 14		73 >
< 14		79 >
< 14		80 >
< 14		87 >
< 14		88 >
< 14		91 >
< 14		94 >
< 14		95 >
< 15		16 >
< 15		19 >
< 15		20 >
< 15		24 >
< 15		25 >
< 15		26 >
< 15		27 >
< 15		28 >
< 15		29 >
< 15		31 >
< 15		34 >
< 15		35 >
< 15		40 >
< 15		45 >
< 15		51 >
< 15		54 >
< 15		56 >
< 15		58 >
< 15		59 >
< 15		61 >
< 15		62 >
< 15		64 >
< 15		68 >
< 15		69 >
< 15		71 >
< 15		74 >
< 15		80 >
< 15		81 >
< 15		83 >
< 15		84 >
< 15		85 >
< 15		87 >
< 15		88 >
< 15		93 >
< 15		97 >
< 15		99 >
< 15		100 >
< 16		17 >
< 16		18 >
< 16		21 >
< 16		23 >
< 16		24 >
< 16		25 >
< 16		26 >
< 16		27 >
< 16		28 >
< 16		33 >
< 16		36 >
< 16		37 >
< 16		39 >
< 16		40 >
< 16		43 >
< 16		46 >
< 16		47 >
< 16		49 >
< 16		50 >
< 16		51 >
< 16		53 >
< 16		57 >
< 16		60 >
< 16		61 >
< 16		62 >
< 16		65 >
< 16		66 >
< 16		69 >
< 16		71 >
< 16		72 >
< 16		74 >
< 16		75 >
< 16		76 >
< 16		77 >
< 16		79 >
< 16		82 >
< 16		83 >
< 16		84 >
< 16		85 >
< 16		86 >
< 16		97 >
< 16		99 >
< 17		19 >
< 17		21 >
< 17		22 >
< 17		23 >
< 17		29 >
< 17		32 >
< 17		33 >
< 17		35 >
< 17		37 >
< 17		39 >
< 17		40 >
< 17		42 >
< 17		44 >
< 17		46 >
< 17		47 >
< 17		49 >
< 17		50 >
< 17		51 >
< 17		52 >
< 17		54 >
< 17		57 >
< 17		59 >
< 17		62 >
< 17		65 >
< 17		66 >
< 17		68 >
< 17		70 >
< 17		71 >
< 17		75 >
< 17		78 >
< 17		80 >
< 17		81 >
< 17		82 >
< 17		84 >
< 17		85 >
< 17		86 >
< 17		90 >
< 17		93 >
< 17		95 >
< 17		97 >
< 17		99 >
< 18		19 >
< 18		21 >
< 18		22 >
< 18		23 >
< 18		28 >
< 18		30 >
< 18		33 >
< 18		34 >
< 18		36 >
< 18		37 >
< 18		38 >
< 18		43 >
< 18		44 >
< 18		46 >
< 18		47 >
< 18		50 >
< 18		51 >
< 18		53 >
< 18		56 >
< 18		58 >
< 18		60 >
< 18		61 >
< 18		65 >
< 18		66 >
< 18		69 >
< 18		71 >
< 18		73 >
< 18		75 >
< 18		79 >
< 18		81 >
< 18		84 >
< 18		85 >
< 18		86 >
< 18		87 >
< 18		89 >
< 18		92 >
< 18		97 >
< 18		99 >
< 18		100 >
< 19		21 >
< 19		24 >
< 19		26 >
< 19		27 >
< 19		29 >
< 19		30 >
< 19		32 >
< 19		35 >
< 19		38 >
< 19		40 >
< 19		41 >
< 19		42 >
< 19		43 >
< 19		45 >
< 19		50 >
< 19		51 >
< 19		52 >
< 19		53 >
< 19		54 >
< 19		55 >
< 19		56 >
< 19		57 >
< 19		64 >
< 19		66 >
< 19		70 >
< 19		71 >
< 19		74 >
< 19		75 >
< 19		76 >
< 19		84 >
< 19		85 >
< 19		86 >
< 19		87 >
< 19		91 >
< 19		94 >
< 19		97 >
< 19		98 >
< 19		99 >
< 20		21 >
< 20		22 >
< 20		26 >
< 20		27 >
< 20		28 >
< 20		29 >
< 20		32 >
< 20		33 >
< 20		38 >
< 20		40 >
< 20		42 >
< 20		43 >
< 20		45 >
< 20		46 >
< 20		47 >
< 20		51 >
< 20		52 >
< 20		53 >
< 20		54 >
< 20		55 >
< 20		68 >
< 20		69 >
< 20		70 >
< 20		72 >
< 20		74 >
< 20		75 >
< 20		77 >
< 20		80 >
< 20		81 >
< 20		84 >
< 20		87 >
< 20		90 >
< 20		94 >
< 20		95 >
< 20		96 >
< 20		98 >
< 20		100 >
< 21		22 >
< 21		23 >
< 21		32 >
< 21		34 >
< 21		36 >
< 21		37 >
< 21		39 >
< 21		42 >
< 21		44 >
< 21		45 >
< 21		47 >
< 21		48 >
< 21		50 >
< 21		51 >
< 21		54 >
< 21		55 >
< 21		57 >
< 21		59 >
< 21		61 >
< 21		63 >
< 21		64 >
< 21		65 >
< 21		67 >
< 21		68 >
< 21		69 >
< 21		71 >
< 21		72 >
< 21		74 >
< 21		75 >
< 21		80 >
< 21		86 >
< 21		87 >
< 21		90 >
< 21		91 >
< 21		92 >
< 21		94 >
< 21		95 >
< 21		96 >
< 21		98 >
< 21		99 >
< 21		100 >
< 22		26 >
< 22		27 >
< 22		29 >
< 22		30 >
< 22		31 >
< 22		32 >
< 22		33 >
< 22		35 >
< 22		40 >
< 22		41 >
< 22		42 >
< 22		51 >
< 22		52 >
< 22		55 >
< 22		56 >
< 22		61 >
< 22		62 >
< 22		63 >
< 22		65 >
< 22		66 >
< 22		67 >
< 22		74 >
< 22		75 >
< 22		76 >
< 22		78 >
< 22		81 >
< 22		82 >
< 22		84 >
< 22		85 >
< 22		86 >
< 22		89 >
< 22		90 >
< 22		95 >
< 22		96 >
< 23		24 >
< 23		26 >
< 23		30 >
< 23		31 >
< 23		32 >
< 23		33 >
< 23		34 >
< 23		36 >
< 23		37 >
< 23		40 >
< 23		42 >
< 23		44 >
< 23		48 >
< 23		49 >
< 23		50 >
< 23		51 >
< 23		52 >
< 23		56 >
< 23		57 >
< 23		61 >
< 23		63 >
< 23		65 >
< 23		67 >
< 23		70 >
< 23		72 >
< 23		73 >
< 23		74 >
< 23		75 >
< 23		77 >
< 23		78 >
< 23		84 >
< 23		85 >
< 23		86 >
< 23		87 >
< 23		89 >
< 23		91 >
< 23		92 >
< 23		97 >
< 23		99 >
< 23		100 >
< 24		26 >
< 24		29 >
< 24		30 >
< 24		31 >
< 24		33 >
< 24		36 >
< 24		37 >
< 24		40 >
< 24		43 >
< 24		46 >
< 24		48 >
< 24		51 >
< 24		52 >
< 24		54 >
< 24		55 >
< 24		57 >
< 24		60 >
< 24		61 >
< 24		63 >
< 24		65 >
< 24		68 >
< 24		70 >
< 24		72 >
< 24		75 >
< 24		77 >
< 24		80 >
< 24		82 >
< 24		84 >
< 24		85 >
< 24		86 >
< 24		90 >
< 24		93 >
< 24		94 >
< 24		95 >
< 24		99 >
< 24		100 >
< 25		28 >
< 25		29 >
< 25		30 >
< 25		31 >
< 25		32 >
< 25		33 >
< 25		34 >
< 25		38 >
< 25		39 >
< 25		41 >
< 25		42 >
< 25		44 >
< 25		47 >
< 25		48 >
< 25		49 >
< 25		55 >
< 25		56 >
< 25		58 >
< 25		60 >
< 25		64 >
< 25		66 >
< 25		68 >
< 25		70 >
< 25		72 >
< 25		77 >
< 25		78 >
< 25		80 >
< 25		81 >
< 25		82 >
< 25		84 >
< 25		86 >
< 25		90 >
< 25		93 >
< 25		94 >
< 25		95 >
< 25		96 >
< 25		97 >
< 25		98 >
< 25		99 >
< 26		28 >
< 26		30 >
< 26		33 >
< 26		34 >
< 26		37 >
< 26		38 >
< 26		40 >
< 26		42 >
< 26		43 >
< 26		45 >
< 26		46 >
< 26		47 >
< 26		48 >
< 26		50 >
< 26		52 >
< 26		55 >
< 26		59 >
< 26		60 >
< 26		63 >
< 26		65 >
< 26		66 >
< 26		69 >
< 26		71 >
< 26		72 >
< 26		73 >
< 26		74 >
< 26		75 >
< 26		78 >
< 26		79 >
< 26		80 >
< 26		81 >
< 26		84 >
< 26		87 >
< 26		88 >
< 26		89 >
< 26		91 >
< 26		94 >
< 26		96 >
< 26		98 >
< 26		99 >
< 27		28 >
< 27		30 >
< 27		31 >
< 27		32 >
< 27		35 >
< 27		36 >
< 27		39 >
< 27		41 >
< 27		42 >
< 27		47 >
< 27		48 >
< 27		49 >
< 27		52 >
< 27		53 >
< 27		54 >
< 27		56 >
< 27		58 >
< 27		59 >
< 27		60 >
< 27		61 >
< 27		62 >
< 27		66 >
< 27		67 >
< 27		68 >
< 27		71 >
< 27		73 >
< 27		74 >
< 27		75 >
< 27		77 >
< 27		78 >
< 27		79 >
< 27		80 >
< 27		82 >
< 27		89 >
< 27		92 >
< 27		93 >
< 27		94 >
< 27		95 >
< 27		96 >
< 27		97 >
< 27		98 >
< 27		99 >
< 28		29 >
< 28		30 >
< 28		34 >
< 28		38 >
< 28		39 >
< 28		41 >
< 28		44 >
< 28		47 >
< 28		48 >
< 28		49 >
< 28		50 >
< 28		51 >
< 28		53 >
< 28		54 >
< 28		55 >
< 28		57 >
< 28		59 >
< 28		61 >
< 28		63 >
< 28		64 >
< 28		67 >
< 28		68 >
< 28		71 >
< 28		72 >
< 28		74 >
< 28		78 >
< 28		79 >
< 28		80 >
< 28		81 >
< 28		84 >
< 28		86 >
< 28		89 >
< 28		91 >
< 28		92 >
< 28		93 >
< 28		94 >
< 28		96 >
< 28		97 >
< 28		99 >
< 29		30 >
< 29		31 >
< 29		32 >
< 29		34 >
< 29		35 >
< 29		38 >
< 29		42 >
< 29		43 >
< 29		47 >
< 29		49 >
< 29		51 >
< 29		54 >
< 29		55 >
< 29		57 >
< 29		59 >
< 29		61 >
< 29		64 >
< 29		66 >
< 29		67 >
< 29		68 >
< 29		69 >
< 29		70 >
< 29		71 >
< 29		74 >
< 29		76 >
< 29		77 >
< 29		78 >
< 29		82 >
< 29		83 >
< 29		84 >
< 29		88 >
< 29		89 >
< 29		91 >
< 29		95 >
< 29		96 >
< 30		31 >
< 30		32 >
< 30		34 >
< 30		36 >
< 30		37 >
< 30		38 >
< 30		41 >
< 30		43 >
< 30		45 >
< 30		46 >
< 30		51 >
< 30		54 >
< 30		62 >
< 30		63 >
< 30		64 >
< 30		66 >
< 30		67 >
< 30		69 >
< 30		70 >
< 30		73 >
< 30		76 >
< 30		77 >
< 30		79 >
< 30		80 >
< 30		82 >
< 30		84 >
< 30		85 >
< 30		86 >
< 30		87 >
< 30		88 >
< 30		89 >
< 30		95 >
< 30		96 >
< 31		36 >
< 31		38 >
< 31		48 >
< 31		49 >
< 31		50 >
< 31		55 >
< 31		58 >
< 31		59 >
< 31		61 >
< 31		65 >
< 31		66 >
< 31		67 >
< 31		69 >
< 31		71 >
< 31		73 >
< 31		74 >
< 31		75 >
< 31		76 >
< 31		77 >
< 31		79 >
< 31		80 >
< 31		81 >
< 31		84 >
< 31		86 >
< 31		87 >
< 31		89 >
< 31		91 >
< 31		92 >
< 31		93 >
< 31		95 >
< 31		96 >
< 32		33 >
< 32		36 >
< 32		38 >
< 32		39 >
< 32		40 >
< 32		41 >
< 32		42 >
< 32		43 >
< 32		44 >
< 32		48 >
< 32		51 >
< 32		52 >
< 32		55 >
< 32		61 >
< 32		64 >
< 32		65 >
< 32		67 >
< 32		68 >
< 32		71 >
< 32		72 >
< 32		73 >
< 32		74 >
< 32		76 >
< 32		79 >
< 32		80 >
< 32		81 >
< 32		82 >
< 32		83 >
< 32		84 >
< 32		85 >
< 32		86 >
< 32		87 >
< 32		91 >
< 32		93 >
< 32		94 >
< 32		99 >
< 33		34 >
< 33		35 >
< 33		38 >
< 33		41 >
< 33		42 >
< 33		43 >
< 33		46 >
< 33		47 >
< 33		51 >
< 33		55 >
< 33		57 >
< 33		59 >
< 33		61 >
< 33		62 >
< 33		63 >
< 33		64 >
< 33		66 >
< 33		71 >
< 33		72 >
< 33		74 >
< 33		78 >
< 33		81 >
< 33		82 >
< 33		84 >
< 33		87 >
< 33		89 >
< 33		95 >
< 33		96 >
< 33		97 >
< 33		98 >
< 33		99 >
< 34		38 >
< 34		39 >
< 34		42 >
< 34		43 >
< 34		45 >
< 34		46 >
< 34		47 >
< 34		50 >
< 34		51 >
< 34		52 >
< 34		53 >
< 34		54 >
< 34		57 >
< 34		58 >
< 34		62 >
< 34		65 >
< 34		66 >
< 34		67 >
< 34		68 >
< 34		69 >
< 34		71 >
< 34		72 >
< 34		73 >
< 34		74 >
< 34		76 >
< 34		77 >
< 34		78 >
< 34		80 >
< 34		83 >
< 34		84 >
< 34		85 >
< 34		88 >
< 34		92 >
< 34		93 >
< 34		95 >
< 34		97 >
< 34		99 >
< 35		36 >
< 35		43 >
< 35		44 >
< 35		45 >
< 35		46 >
< 35		47 >
< 35		48 >
< 35		49 >
< 35		50 >
< 35		55 >
< 35		58 >
< 35		60 >
< 35		65 >
< 35		66 >
< 35		67 >
< 35		69 >
< 35		71 >
< 35		77 >
< 35		78 >
< 35		79 >
< 35		81 >
< 35		82 >
< 35		83 >
< 35		84 >
< 35		89 >
< 35		90 >
< 35		91 >
< 35		92 >
< 35		98 >
< 36		38 >
< 36		39 >
< 36		50 >
< 36		54 >
< 36		56 >
< 36		57 >
< 36		58 >
< 36		64 >
< 36		65 >
< 36		67 >
< 36		69 >
< 36		71 >
< 36		74 >
< 36		75 >
< 36		76 >
< 36		78 >
< 36		81 >
< 36		84 >
< 36		93 >
< 36		95 >
< 36		97 >
< 36		100 >
< 37		38 >
< 37		40 >
< 37		45 >
< 37		46 >
< 37		51 >
< 37		52 >
< 37		54 >
< 37		60 >
< 37		61 >
< 37		63 >
< 37		66 >
< 37		69 >
< 37		70 >
< 37		73 >
< 37		74 >
< 37		85 >
< 37		87 >
< 37		88 >
< 37		89 >
< 37		90 >
< 37		95 >
< 37		96 >
< 37		98 >
< 37		99 >
< 38		40 >
< 38		41 >
< 38		42 >
< 38		43 >
< 38		47 >
< 38		48 >
< 38		49 >
< 38		55 >
< 38		57 >
< 38		58 >
< 38		59 >
< 38		60 >
< 38		63 >
< 38		64 >
< 38		68 >
< 38		69 >
< 38		72 >
< 38		73 >
< 38		75 >
< 38		76 >
< 38		78 >
< 38		79 >
< 38		80 >
< 38		82 >
< 38		83 >
< 38		84 >
< 38		85 >
< 38		87 >
< 38		88 >
< 38		93 >
< 38		96 >
< 38		98 >
< 38		99 >
< 39		42 >
< 39		45 >
< 39		47 >
< 39		51 >
< 39		57 >
< 39		58 >
< 39		59 >
< 39		60 >
< 39		61 >
< 39		63 >
< 39		64 >
< 39		65 >
< 39		67 >
< 39		68 >
< 39		69 >
< 39		70 >
< 39		71 >
< 39		74 >
< 39		75 >
< 39		76 >
< 39		77 >
< 39		78 >
< 39		88 >
< 39		89 >
< 39		90 >
< 39		92 >
< 39		93 >
< 39		94 >
< 39		95 >
< 40		41 >
< 40		44 >
< 40		45 >
< 40		50 >
< 40		51 >
< 40		52 >
< 40		53 >
< 40		56 >
< 40		57 >
< 40		59 >
< 40		60 >
< 40		64 >
< 40		65 >
< 40		67 >
< 40		68 >
< 40		73 >
< 40		77 >
< 40		82 >
< 40		83 >
< 40		85 >
< 40		87 >
< 40		90 >
< 40		94 >
< 40		95 >
< 40		97 >
< 40		98 >
< 41		42 >
< 41		44 >
< 41		46 >
< 41		48 >
< 41		49 >
< 41		51 >
< 41		52 >
< 41		54 >
< 41		55 >
< 41		56 >
< 41		59 >
< 41		60 >
< 41		76 >
< 41		77 >
< 41		78 >
< 41		79 >
< 41		80 >
< 41		81 >
< 41		82 >
< 41		85 >
< 41		90 >
< 41		92 >
< 41		93 >
< 41		94 >
< 41		96 >
< 41		97 >
< 41		98 >
< 41		99 >
< 41		100 >
< 42		47 >
< 42		49 >
< 42		53 >
< 42		56 >
< 42		59 >
< 42		61 >
< 42		62 >
< 42		63 >
< 42		66 >
< 42		69 >
< 42		71 >
< 42		76 >
< 42		78 >
< 42		80 >
< 42		81 >
< 42		82 >
< 42		83 >
< 42		84 >
< 42		87 >
< 42		89 >
< 42		95 >
< 42		97 >
< 43		50 >
< 43		54 >
< 43		57 >
< 43		58 >
< 43		60 >
< 43		61 >
< 43		62 >
< 43		66 >
< 43		67 >
< 43		70 >
< 43		75 >
< 43		76 >
< 43		77 >
< 43		78 >
< 43		79 >
< 43		82 >
< 43		84 >
< 43		86 >
< 43		87 >
< 43		95 >
< 43		98 >
< 43		100 >
< 44		45 >
< 44		47 >
< 44		48 >
< 44		49 >
< 44		50 >
< 44		51 >
< 44		53 >
< 44		55 >
< 44		56 >
< 44		57 >
< 44		59 >
< 44		60 >
< 44		62 >
< 44		64 >
< 44		66 >
< 44		69 >
< 44		70 >
< 44		72 >
< 44		73 >
< 44		74 >
< 44		76 >
< 44		79 >
< 44		81 >
< 44		83 >
< 44		87 >
< 44		88 >
< 44		89 >
< 44		90 >
< 44		92 >
< 44		95 >
< 44		97 >
< 44		100 >
< 45		48 >
< 45		50 >
< 45		51 >
< 45		52 >
< 45		53 >
< 45		55 >
< 45		58 >
< 45		61 >
< 45		62 >
< 45		63 >
< 45		64 >
< 45		65 >
< 45		67 >
< 45		70 >
< 45		71 >
< 45		74 >
< 45		75 >
< 45		79 >
< 45		80 >
< 45		81 >
< 45		83 >
< 45		86 >
< 45		87 >
< 45		88 >
< 45		89 >
< 45		90 >
< 45		92 >
< 45		94 >
< 45		97 >
< 45		98 >
< 46		47 >
< 46		48 >
< 46		53 >
< 46		57 >
< 46		60 >
< 46		63 >
< 46		64 >
< 46		65 >
< 46		66 >
< 46		67 >
< 46		69 >
< 46		71 >
< 46		73 >
< 46		77 >
< 46		78 >
< 46		79 >
< 46		80 >
< 46		84 >
< 46		85 >
< 46		88 >
< 46		92 >
< 46		94 >
< 46		95 >
< 46		96 >
< 46		97 >
< 46		99 >
< 47		51 >
< 47		52 >
< 47		54 >
< 47		57 >
< 47		60 >
< 47		61 >
< 47		62 >
< 47		63 >
< 47		65 >
< 47		67 >
< 47		69 >
< 47		70 >
< 47		74 >
< 47		77 >
< 47		79 >
< 47		80 >
< 47		84 >
< 47		85 >
< 47		86 >
< 47		87 >
< 47		92 >
< 47		95 >
< 47		96 >
< 47		97 >
< 47		98 >
< 47		100 >
< 48		49 >
< 48		50 >
< 48		51 >
< 48		54 >
< 48		58 >
< 48		60 >
< 48		62 >
< 48		69 >
< 48		72 >
< 48		75 >
< 48		76 >
< 48		77 >
< 48		80 >
< 48		82 >
< 48		86 >
< 48		89 >
< 48		93 >
< 48		95 >
< 48		96 >
< 48		97 >
< 48		98 >
< 48		99 >
< 48		100 >
< 49		52 >
< 49		53 >
< 49		54 >
< 49		55 >
< 49		60 >
< 49		63 >
< 49		64 >
< 49		65 >
< 49		66 >
< 49		68 >
< 49		72 >
< 49		73 >
< 49		74 >
< 49		75 >
< 49		77 >
< 49		78 >
< 49		79 >
< 49		80 >
< 49		82 >
< 49		83 >
< 49		85 >
< 49		87 >
< 49		93 >
< 49		95 >
< 49		100 >
< 50		51 >
< 50		52 >
< 50		56 >
< 50		58 >
< 50		61 >
< 50		62 >
< 50		63 >
< 50		64 >
< 50		67 >
< 50		68 >
< 50		69 >
< 50		71 >
< 50		72 >
< 50		73 >
< 50		74 >
< 50		78 >
< 50		79 >
< 50		80 >
< 50		81 >
< 50		82 >
< 50		86 >
< 50		88 >
< 50		97 >
< 50		99 >
< 50		100 >
< 51		52 >
< 51		55 >
< 51		57 >
< 51		59 >
< 51		60 >
< 51		63 >
< 51		64 >
< 51		65 >
< 51		66 >
< 51		70 >
< 51		72 >
< 51		76 >
< 51		78 >
< 51		79 >
< 51		84 >
< 51		85 >
< 51		90 >
< 51		92 >
< 51		95 >
< 51		100 >
< 52		53 >
< 52		54 >
< 52		55 >
< 52		56 >
< 52		60 >
< 52		64 >
< 52		66 >
< 52		67 >
< 52		68 >
< 52		69 >
< 52		70 >
< 52		71 >
< 52		72 >
< 52		74 >
< 52		75 >
< 52		78 >
< 52		79 >
< 52		80 >
< 52		85 >
< 52		87 >
< 52		88 >
< 52		89 >
< 52		90 >
< 52		92 >
< 52		94 >
< 52		95 >
< 52		97 >
< 53		54 >
< 53		55 >
< 53		57 >
< 53		58 >
< 53		61 >
< 53		62 >
< 53		63 >
< 53		65 >
< 53		66 >
< 53		68 >
< 53		73 >
< 53		75 >
< 53		77 >
< 53		80 >
< 53		82 >
< 53		83 >
< 53		85 >
< 53		87 >
< 53		88 >
< 53		90 >
< 53		91 >
< 53		92 >
< 53		93 >
< 53		94 >
< 53		96 >
< 53		98 >
< 53		99 >
< 53		100 >
< 54		57 >
< 54		59 >
< 54		60 >
< 54		63 >
< 54		65 >
< 54		66 >
< 54		68 >
< 54		69 >
< 54		71 >
< 54		73 >
< 54		75 >
< 54		76 >
< 54		79 >
< 54		80 >
< 54		82 >
< 54		83 >
< 54		85 >
< 54		91 >
< 54		93 >
< 54		94 >
< 54		97 >
< 54		98 >
< 54		99 >
< 55		56 >
< 55		58 >
< 55		59 >
< 55		62 >
< 55		63 >
< 55		64 >
< 55		65 >
< 55		69 >
< 55		70 >
< 55		77 >
< 55		78 >
< 55		80 >
< 55		81 >
< 55		83 >
< 55		84 >
< 55		85 >
< 55		87 >
< 55		90 >
< 55		91 >
< 55		94 >
< 55		95 >
< 55		96 >
< 55		97 >
< 55		98 >
< 56		60 >
< 56		61 >
< 56		63 >
< 56		65 >
< 56		66 >
< 56		69 >
< 56		71 >
< 56		73 >
< 56		74 >
< 56		75 >
< 56		77 >
< 56		79 >
< 56		80 >
< 56		82 >
< 56		83 >
< 56		84 >
< 56		87 >
< 56		90 >
< 56		94 >
< 56		97 >
< 56		98 >
< 56		99 >
< 57		63 >
< 57		64 >
< 57		65 >
< 57		66 >
< 57		67 >
< 57		68 >
< 57		69 >
< 57		70 >
< 57		71 >
< 57		72 >
< 57		75 >
< 57		79 >
< 57		80 >
< 57		81 >
< 57		83 >
< 57		84 >
< 57		85 >
< 57		88 >
< 57		89 >
< 57		90 >
< 57		92 >
< 57		94 >
< 57		96 >
< 57		98 >
< 58		59 >
< 58		60 >
< 58		61 >
< 58		62 >
< 58		63 >
< 58		64 >
< 58		68 >
< 58		72 >
< 58		74 >
< 58		75 >
< 58		78 >
< 58		79 >
< 58		80 >
< 58		81 >
< 58		85 >
< 58		86 >
< 58		87 >
< 58		89 >
< 58		92 >
< 58		94 >
< 58		95 >
< 58		96 >
< 58		97 >
< 58		98 >
< 59		61 >
< 59		63 >
< 59		66 >
< 59		67 >
< 59		69 >
< 59		70 >
< 59		71 >
< 59		72 >
< 59		73 >
< 59		74 >
< 59		75 >
< 59		76 >
< 59		77 >
< 59		78 >
< 59		79 >
< 59		81 >
< 59		83 >
< 59		84 >
< 59		85 >
< 59		88 >
< 59		89 >
< 59		92 >
< 59		94 >
< 59		95 >
< 59		99 >
< 59		100 >
< 60		61 >
< 60		64 >
< 60		65 >
< 60		66 >
< 60		67 >
< 60		68 >
< 60		69 >
< 60		71 >
< 60		72 >
< 60		73 >
< 60		77 >
< 60		80 >
< 60		82 >
< 60		84 >
< 60		87 >
< 60		88 >
< 60		89 >
< 60		91 >
< 60		95 >
< 60		96 >
< 60		98 >
< 60		99 >
< 60		100 >
< 61		63 >
< 61		64 >
< 61		71 >
< 61		73 >
< 61		75 >
< 61		77 >
< 61		78 >
< 61		81 >
< 61		83 >
< 61		84 >
< 61		87 >
< 61		89 >
< 61		90 >
< 61		91 >
< 61		95 >
< 61		96 >
< 61		98 >
< 61		99 >
< 61		100 >
< 62		64 >
< 62		65 >
< 62		66 >
< 62		68 >
< 62		69 >
< 62		81 >
< 62		84 >
< 62		85 >
< 62		86 >
< 62		91 >
< 62		94 >
< 62		95 >
< 62		97 >
< 62		98 >
< 63		64 >
< 63		68 >
< 63		69 >
< 63		71 >
< 63		72 >
< 63		73 >
< 63		74 >
< 63		76 >
< 63		77 >
< 63		79 >
< 63		80 >
< 63		85 >
< 63		90 >
< 63		92 >
< 63		93 >
< 63		94 >
< 63		97 >
< 63		98 >
< 64		66 >
< 64		68 >
< 64		71 >
< 64		74 >
< 64		76 >
< 64		77 >
< 64		78 >
< 64		80 >
< 64		83 >
< 64		84 >
< 64		86 >
< 64		87 >
< 64		88 >
< 64		90 >
< 64		91 >
< 64		92 >
< 64		94 >
< 64		97 >
< 64		98 >
< 64		99 >
< 65		67 >
< 65		69 >
< 65		72 >
< 65		76 >
< 65		80 >
< 65		83 >
< 65		85 >
< 65		86 >
< 65		87 >
< 65		88 >
< 65		91 >
< 65		92 >
< 65		94 >
< 65		98 >
< 65		100 >
< 66		67 >
< 66		69 >
< 66		73 >
< 66		74 >
< 66		76 >
< 66		77 >
< 66		79 >
< 66		80 >
< 66		81 >
< 66		83 >
< 66		85 >
< 66		87 >
< 66		89 >
< 66		90 >
< 66		91 >
< 66		92 >
< 66		94 >
< 66		98 >
< 66		100 >
< 67		68 >
< 67		69 >
< 67		71 >
< 67		72 >
< 67		73 >
< 67		75 >
< 67		76 >
< 67		77 >
< 67		79 >
< 67		80 >
< 67		83 >
< 67		84 >
< 67		93 >
< 67		94 >
< 67		98 >
< 67		100 >
< 68		69 >
< 68		70 >
< 68		74 >
< 68		75 >
< 68		78 >
< 68		79 >
< 68		81 >
< 68		82 >
< 68		86 >
< 68		87 >
< 68		90 >
< 68		92 >
< 68		93 >
< 68		96 >
< 68		97 >
< 68		98 >
< 69		71 >
< 69		74 >
< 69		75 >
< 69		76 >
< 69		82 >
< 69		83 >
< 69		84 >
< 69		85 >
< 69		88 >
< 69		91 >
< 69		93 >
< 69		94 >
< 69		95 >
< 69		96 >
< 69		99 >
< 70		73 >
< 70		75 >
< 70		76 >
< 70		78 >
< 70		79 >
< 70		82 >
< 70		86 >
< 70		87 >
< 70		88 >
< 70		91 >
< 70		92 >
< 70		94 >
< 70		97 >
< 70		98 >
< 70		99 >
< 71		72 >
< 71		73 >
< 71		74 >
< 71		75 >
< 71		78 >
< 71		82 >
< 71		83 >
< 71		84 >
< 71		85 >
< 71		89 >
< 71		93 >
< 71		94 >
< 71		95 >
< 71		97 >
< 72		73 >
< 72		74 >
< 72		76 >
< 72		78 >
< 72		79 >
< 72		81 >
< 72		82 >
< 72		83 >
< 72		84 >
< 72		86 >
< 72		87 >
< 72		88 >
< 72		90 >
< 72		93 >
< 72		96 >
< 72		97 >
< 72		98 >
< 72		100 >
< 73		80 >
< 73		81 >
< 73		84 >
< 73		85 >
< 73		86 >
< 73		87 >
< 73		88 >
< 73		89 >
< 73		90 >
< 73		91 >
< 73		92 >
< 73		93 >
< 73		95 >
< 73		96 >
< 73		98 >
< 74		75 >
< 74		78 >
< 74		83 >
< 74		84 >
< 74		85 >
< 74		86 >
< 74		87 >
< 74		90 >
< 74		92 >
< 74		95 >
< 75		76 >
< 75		77 >
< 75		79 >
< 75		80 >
< 75		81 >
< 75		82 >
< 75		83 >
< 75		84 >
< 75		86 >
< 75		87 >
< 75		88 >
< 75		89 >
< 75		91 >
< 75		92 >
< 75		98 >
< 76		80 >
< 76		81 >
< 76		82 >
< 76		88 >
< 76		90 >
< 76		92 >
< 76		93 >
< 76		94 >
< 76		95 >
< 76		96 >
< 76		100 >
< 77		83 >
< 77		84 >
< 77		90 >
< 77		93 >
< 77		94 >
< 77		95 >
< 77		97 >
< 77		98 >
< 78		79 >
< 78		80 >
< 78		84 >
< 78		86 >
< 78		90 >
< 78		94 >
< 78		95 >
< 78		96 >
< 78		98 >
< 78		100 >
< 79		80 >
< 79		83 >
< 79		87 >
< 79		91 >
< 79		92 >
< 79		93 >
< 79		94 >
< 79		96 >
< 79		98 >
< 80		81 >
< 80		83 >
< 80		84 >
< 80		86 >
< 80		89 >
< 80		98 >
< 80		99 >
< 81		83 >
< 81		84 >
< 81		85 >
< 81		86 >
< 81		88 >
< 81		89 >
< 81		90 >
< 81		91 >
< 81		95 >
< 81		96 >
< 81		97 >
< 81		99 >
< 82		84 >
< 82		88 >
< 82		89 >
< 82		90 >
< 82		95 >
< 82		97 >
< 82		98 >
< 82		99 >
< 82		100 >
< 83		84 >
< 83		85 >
< 83		87 >
< 83		88 >
< 83		89 >
< 83		92 >
< 83		93 >
< 83		97 >
< 83		100 >
< 84		87 >
< 84		89 >
< 84		93 >
< 84		94 >
< 84		96 >
< 84		98 >
< 84		99 >
< 84		100 >
< 85		86 >
< 85		89 >
< 85		90 >
< 85		91 >
< 85		92 >
< 85		93 >
< 85		94 >
< 85		100 >
< 86		87 >
< 86		88 >
< 86		95 >
< 86		96 >
< 86		97 >
< 87		88 >
< 87		89 >
< 87		91 >
< 87		94 >
< 87		95 >
< 87		97 >
< 87		98 >
< 87		99 >
< 88		90 >
< 88		93 >
< 88		94 >
< 88		96 >
< 88		97 >
< 89		90 >
< 89		92 >
< 89		93 >
< 89		94 >
< 89		96 >
< 89		97 >
< 89		100 >
< 90		91 >
< 90		92 >
< 90		93 >
< 90		94 >
< 90		95 >
< 90		98 >
< 90		99 >
< 91		93 >
< 91		95 >
< 91		100 >
< 92		96 >
< 92		98 >
< 92		100 >
< 93		94 >
< 93		95 >
< 93		97 >
< 93		99 >
< 94		97 >
< 94		98 >
< 94		99 >
< 94		100 >
< 95		98 >
< 95		100 >
< 96		97 >
< 96		99 >
< 99		100 >
