nNodes= 40
nPairs= 223  
Weight
3
2
4
3
4
3
4
2
2
4
4
3
3
2
4
2
3
3
4
4
4
2
4
3
2
4
4
3
4
4
2
3
4
4
4
3
2
3
3
4
Cost
41		0		0		41		0		41		41		41		41		41		0		0		41		41		41		0		0		0		0		41		0		0		0		0		0		0		0		0		0		0		0		0		0		41		0		0		0		0		41		0		
0		41		0		41		0		41		0		41		41		0		41		0		0		0		0		0		0		0		0		0		0		0		0		41		0		0		0		0		41		41		0		41		0		0		41		41		0		0		0		0		
0		0		41		41		0		0		41		0		0		41		41		0		0		0		41		0		0		0		0		0		0		0		0		0		0		0		0		41		0		0		41		0		0		0		0		0		0		0		0		0		
41		41		41		41		0		41		0		0		41		41		0		0		0		0		0		41		0		0		0		0		41		0		0		0		0		41		0		0		41		41		41		0		0		0		41		0		0		0		0		0		
0		0		0		0		41		0		0		0		0		0		41		0		0		41		41		0		0		0		0		0		0		0		41		0		41		41		0		0		0		0		0		0		0		0		0		41		0		41		0		0		
41		41		0		41		0		41		0		0		0		41		41		0		0		0		0		41		0		0		41		0		0		0		0		0		41		0		41		41		0		0		0		0		0		0		0		41		0		41		0		41		
41		0		41		0		0		0		41		0		0		41		0		0		0		41		0		41		41		0		0		41		0		41		0		0		41		0		0		0		0		0		41		0		41		0		0		0		0		41		41		0		
41		41		0		0		0		0		0		41		0		0		0		0		41		0		0		41		41		0		0		0		0		0		0		41		41		0		0		0		41		0		41		0		0		0		41		0		0		41		41		41		
41		41		0		41		0		0		0		0		41		41		0		0		0		41		41		0		0		0		0		0		41		0		0		0		41		0		41		41		0		41		0		0		0		0		0		0		41		0		0		0		
41		0		41		41		0		41		41		0		41		41		0		41		41		0		0		0		41		41		0		41		0		0		0		41		41		0		0		0		0		0		0		0		0		41		41		0		0		0		0		0		
0		41		41		0		41		41		0		0		0		0		41		0		0		0		0		0		0		0		41		0		41		0		0		0		0		0		41		0		41		0		0		0		0		0		0		41		41		0		0		41		
0		0		0		0		0		0		0		0		0		41		0		41		0		0		0		0		0		0		41		0		0		0		0		0		0		0		41		0		0		0		0		0		0		41		0		41		0		41		0		0		
41		0		0		0		0		0		0		41		0		41		0		0		41		41		0		0		0		41		41		0		0		0		0		41		41		0		0		0		41		0		0		0		0		41		0		41		0		0		0		0		
41		0		0		0		41		0		41		0		41		0		0		0		41		41		41		41		41		41		41		41		0		0		41		0		41		0		41		41		0		0		41		41		41		41		0		41		41		0		41		0		
41		0		41		0		41		0		0		0		41		0		0		0		0		41		41		0		0		0		0		0		0		41		0		0		0		41		0		0		0		0		41		0		41		41		0		0		41		41		41		0		
0		0		0		41		0		41		41		41		0		0		0		0		0		41		0		41		0		0		41		0		0		0		0		0		0		41		41		41		0		41		0		0		41		0		41		0		0		0		0		41		
0		0		0		0		0		0		41		41		0		41		0		0		0		41		0		0		41		0		0		41		41		0		41		0		0		41		0		41		0		0		0		0		41		0		41		0		0		0		0		0		
0		0		0		0		0		0		0		0		0		41		0		0		41		41		0		0		0		41		0		41		0		0		0		0		0		0		0		41		0		41		0		0		41		0		0		0		0		0		0		0		
0		0		0		0		0		41		0		0		0		0		41		41		41		41		0		41		0		0		41		0		0		0		41		0		0		41		41		0		0		41		0		0		41		0		0		0		0		0		41		0		
41		0		0		0		0		0		41		0		0		41		0		0		0		41		0		0		41		41		0		41		0		0		0		0		41		0		0		0		0		0		41		0		0		0		41		0		41		0		0		0		
0		0		0		41		0		0		0		0		41		0		41		0		0		0		0		0		41		0		0		0		41		0		41		0		41		0		0		0		41		0		0		0		0		0		0		41		41		41		0		41		
0		0		0		0		0		0		41		0		0		0		0		0		0		0		41		0		0		0		0		0		0		41		0		41		0		0		0		41		41		0		41		0		0		0		0		0		0		41		41		0		
0		0		0		0		41		0		0		0		0		0		0		0		0		41		0		0		41		0		41		0		41		0		41		41		0		41		0		0		41		41		0		41		0		41		0		0		0		0		0		41		
0		41		0		0		0		0		0		41		0		41		0		0		41		0		0		0		0		0		0		0		0		41		41		41		0		41		0		0		0		0		0		41		0		0		41		0		0		41		0		0		
0		0		0		0		41		41		41		41		41		41		0		0		41		41		0		0		0		0		0		41		41		0		0		0		41		0		0		0		0		0		0		41		0		41		0		0		41		0		41		0		
0		0		0		41		41		0		0		0		0		0		0		0		0		0		41		41		41		0		41		0		0		0		41		41		0		41		0		0		0		0		0		0		0		0		0		0		0		0		0		0		
0		0		0		0		0		41		0		0		41		0		41		41		0		41		0		41		0		0		41		0		0		0		0		0		0		0		41		0		0		0		0		0		0		0		0		0		41		41		0		41		
0		0		41		0		0		41		0		0		41		0		0		0		0		41		0		41		41		41		0		0		0		41		0		0		0		0		0		41		41		0		0		41		0		41		0		0		0		0		41		0		
0		41		0		41		0		0		0		41		0		0		41		0		41		0		0		0		0		0		0		0		41		41		41		0		0		0		0		41		41		0		0		0		0		0		41		41		41		0		0		0		
0		41		0		41		0		0		0		0		41		0		0		0		0		0		0		41		0		41		41		0		0		0		41		0		0		0		0		0		0		41		0		0		41		0		0		41		0		0		0		41		
0		0		41		41		0		0		41		41		0		0		0		0		0		41		41		0		0		0		0		41		0		41		0		0		0		0		0		0		0		0		41		0		41		0		0		0		0		0		0		0		
0		41		0		0		0		0		0		0		0		0		0		0		0		41		0		0		0		0		0		0		0		0		41		41		41		0		0		41		0		0		0		41		0		0		41		0		0		0		41		41		
0		0		0		0		0		0		41		0		0		0		0		0		0		41		41		41		41		41		41		0		0		0		0		0		0		0		0		0		0		41		41		0		41		0		0		0		41		0		0		0		
41		0		0		0		0		0		0		0		0		41		0		41		41		41		41		0		0		0		0		0		0		0		41		0		41		0		0		41		0		0		0		0		0		41		0		0		0		0		0		0		
0		41		0		41		0		0		0		41		0		41		0		0		0		0		0		41		41		0		0		41		0		0		0		41		0		0		0		0		41		0		0		41		0		0		41		41		0		0		0		0		
0		41		0		0		41		41		0		0		0		0		41		41		41		41		0		0		0		0		0		0		41		0		0		0		0		0		0		0		41		41		0		0		0		0		41		41		0		0		0		0		
0		0		0		0		0		0		0		0		41		0		41		0		0		41		41		0		0		0		0		41		41		0		0		0		41		0		41		0		41		0		0		0		41		0		0		0		41		41		0		41		
0		0		0		0		41		41		41		41		0		0		0		41		0		0		41		0		0		0		0		0		41		41		0		41		0		0		41		0		0		0		0		0		0		0		0		0		41		41		41		0		
41		0		0		0		0		0		41		41		0		0		0		0		0		41		41		0		0		0		41		0		0		41		0		0		41		0		0		41		0		0		0		41		0		0		0		0		0		41		41		41		
0		0		0		0		0		41		0		41		0		0		41		0		0		0		0		41		0		0		0		0		41		0		41		0		0		0		41		0		0		41		0		41		0		0		0		0		41		0		41		41		
NDC Pairs
< 1		4 >
< 1		6 >
< 1		7 >
< 1		8 >
< 1		9 >
< 1		10 >
< 1		13 >
< 1		14 >
< 1		15 >
< 1		20 >
< 1		34 >
< 1		39 >
< 2		4 >
< 2		6 >
< 2		8 >
< 2		9 >
< 2		11 >
< 2		24 >
< 2		29 >
< 2		30 >
< 2		32 >
< 2		35 >
< 2		36 >
< 3		4 >
< 3		7 >
< 3		10 >
< 3		11 >
< 3		15 >
< 3		28 >
< 3		31 >
< 4		6 >
< 4		9 >
< 4		10 >
< 4		16 >
< 4		21 >
< 4		26 >
< 4		29 >
< 4		30 >
< 4		31 >
< 4		35 >
< 5		11 >
< 5		14 >
< 5		15 >
< 5		23 >
< 5		25 >
< 5		26 >
< 5		36 >
< 5		38 >
< 6		10 >
< 6		11 >
< 6		16 >
< 6		19 >
< 6		25 >
< 6		27 >
< 6		28 >
< 6		36 >
< 6		38 >
< 6		40 >
< 7		10 >
< 7		14 >
< 7		16 >
< 7		17 >
< 7		20 >
< 7		22 >
< 7		25 >
< 7		31 >
< 7		33 >
< 7		38 >
< 7		39 >
< 8		13 >
< 8		16 >
< 8		17 >
< 8		24 >
< 8		25 >
< 8		29 >
< 8		31 >
< 8		35 >
< 8		38 >
< 8		39 >
< 8		40 >
< 9		10 >
< 9		14 >
< 9		15 >
< 9		21 >
< 9		25 >
< 9		27 >
< 9		28 >
< 9		30 >
< 9		37 >
< 10		12 >
< 10		13 >
< 10		17 >
< 10		18 >
< 10		20 >
< 10		24 >
< 10		25 >
< 10		34 >
< 10		35 >
< 11		19 >
< 11		21 >
< 11		27 >
< 11		29 >
< 11		36 >
< 11		37 >
< 11		40 >
< 12		19 >
< 12		27 >
< 12		34 >
< 12		36 >
< 12		38 >
< 13		14 >
< 13		18 >
< 13		19 >
< 13		24 >
< 13		25 >
< 13		29 >
< 13		34 >
< 13		36 >
< 14		15 >
< 14		16 >
< 14		17 >
< 14		18 >
< 14		19 >
< 14		20 >
< 14		23 >
< 14		25 >
< 14		27 >
< 14		28 >
< 14		31 >
< 14		32 >
< 14		33 >
< 14		34 >
< 14		36 >
< 14		37 >
< 14		39 >
< 15		22 >
< 15		26 >
< 15		31 >
< 15		33 >
< 15		34 >
< 15		37 >
< 15		38 >
< 15		39 >
< 16		19 >
< 16		26 >
< 16		27 >
< 16		28 >
< 16		30 >
< 16		33 >
< 16		35 >
< 16		40 >
< 17		20 >
< 17		21 >
< 17		23 >
< 17		26 >
< 17		28 >
< 17		33 >
< 17		35 >
< 18		20 >
< 18		28 >
< 18		30 >
< 18		33 >
< 19		23 >
< 19		26 >
< 19		27 >
< 19		30 >
< 19		33 >
< 19		39 >
< 20		25 >
< 20		31 >
< 20		35 >
< 20		37 >
< 21		23 >
< 21		25 >
< 21		29 >
< 21		36 >
< 21		37 >
< 21		38 >
< 21		40 >
< 22		24 >
< 22		28 >
< 22		29 >
< 22		31 >
< 22		38 >
< 22		39 >
< 23		24 >
< 23		26 >
< 23		29 >
< 23		30 >
< 23		32 >
< 23		34 >
< 23		40 >
< 24		26 >
< 24		32 >
< 24		35 >
< 24		38 >
< 25		32 >
< 25		34 >
< 25		37 >
< 25		39 >
< 27		37 >
< 27		38 >
< 27		40 >
< 28		29 >
< 28		32 >
< 28		34 >
< 28		39 >
< 29		35 >
< 29		36 >
< 29		37 >
< 30		33 >
< 30		36 >
< 30		40 >
< 31		33 >
< 32		35 >
< 32		39 >
< 32		40 >
< 33		37 >
< 35		36 >
< 37		38 >
< 37		40 >
< 38		39 >
< 39		40 >
